#scan	iMeasureCycle=1	iMux=0	time=0.031	N=401	LocalTime=19/04/2023 22:25:40
#VGate(V)	IGate(A)	time(s)	VDrain(V)	IDrain(A)	time(s)
-2E-07	-1.564E-10	0.033874	0.1	1.07398E-05	0.033874
-0.1000004	-2.154E-10	0.058758	0.0999998	9.9827E-06	0.058758
-0.2000004	-2.639E-10	0.083342	0.0999999	9.2353E-06	0.083342
-0.3	-1.787E-10	0.110676	0.0999999	8.50257E-06	0.110676
-0.4	-1.087E-10	0.135191	0.0999998	7.77509E-06	0.135191
-0.5	-8.55E-11	0.159704	0.0999998	7.06084E-06	0.159704
-0.6	-7.34E-11	0.184221	0.0999998	6.36205E-06	0.184221
-0.7	-6.69E-11	0.208727	0.0999998	5.68038E-06	0.208727
-0.8	-6.25E-11	0.233233	0.1	5.01951E-06	0.233233
-0.9	-5.97E-11	0.25773	0.0999998	4.3843E-06	0.25773
-1	-5.76E-11	0.282255	0.0999997	3.77632E-06	0.282255
-1.1	-5.61E-11	0.306778	0.0999999	3.20173E-06	0.306778
-1.2	-5.55E-11	0.331304	0.0999999	2.66562E-06	0.331304
-1.3	-5.49E-11	0.355847	0.1	2.17177E-06	0.355847
-1.4	-5.4E-11	0.380461	0.0999999	1.72634E-06	0.380461
-1.5	-5.42E-11	0.405021	0.0999998	1.33158E-06	0.405021
-1.6	-5.44E-11	0.429534	0.0999999	9.9174E-07	0.429534
-1.7	-5.06E-11	0.456833	0.0999995	7.09037E-07	0.456833
-1.8	-5.42E-11	0.481354	0.0999996	4.79659E-07	0.481354
-1.9	-5.4E-11	0.505855	0.0999996	3.04483E-07	0.505855
-2	-5.4E-11	0.530369	0.0999997	1.78561E-07	0.530369
-2.1	-5.46E-11	0.554872	0.0999998	9.4976E-08	0.554872
-2.2	-4.68E-11	0.609337	0.099997	4.60429E-08	0.609337
-2.3	-6.72E-11	0.632618	0.1000045	1.88131E-08	0.632618
-2.4	-6.85E-11	0.655833	0.100002	6.6044E-09	0.655833
-2.5	-6.93E-11	0.679046	0.1000007	1.969E-09	0.679046
-2.6	-6.79E-11	0.702385	0.1000004	4.896E-10	0.702385
-2.7	-7.01E-11	0.725589	0.1000002	9.6E-11	0.725589
-2.8	-7.03E-11	0.748853	0.1000002	9.4E-12	0.748853
-2.9	-7.14E-11	0.772067	0.1000001	-5.3E-12	0.772067
-3	-6.97E-11	0.795366	0.1000001	-8.3E-12	0.795366
-3.1	-7.2E-11	0.818566	0.1000001	-8.3E-12	0.818566
-3.2	-7.17E-11	0.841806	0.1000001	-8E-12	0.841806
-3.3	-7.09E-11	0.865097	0.1000002	-8.3E-12	0.865097
-3.4	-7.06E-11	0.888462	0.1000001	-8E-12	0.888462
-3.5	-7.24E-11	0.911684	0.1000003	-8.2E-12	0.911684
-3.6	-7.3E-11	0.934908	0.1000002	-8.1E-12	0.934908
-3.7	-7.41E-11	0.958113	0.1000001	-7.8E-12	0.958113
-3.8	-7.17E-11	0.981441	0.1000002	-8E-12	0.981441
-3.9	-7.47E-11	1.004636	0.1000002	-7.8E-12	1.004636
-4	-7.44E-11	1.027861	0.1000003	-8.2E-12	1.027861
-4.1	-7.47E-11	1.051069	0.1000003	-7.9E-12	1.051069
-4.2	-5.35E-11	1.100775	0.1	-9.9E-12	1.100775
-4.3	-7.35E-11	1.124025	0.1000001	-7.8E-12	1.124025
-4.4	-7.39E-11	1.147248	0.1000001	-7.5E-12	1.147248
-4.5	-7.31E-11	1.170531	0.1000003	-7.9E-12	1.170531
-4.6	-7.3E-11	1.193889	0.1000002	-7.8E-12	1.193889
-4.7	-7.57E-11	1.217103	0.1000002	-7.4E-12	1.217103
-4.8	-7.43E-11	1.240392	0.1000002	-7.6E-12	1.240392
-4.9	-7.48E-11	1.263672	0.1	-7.6E-12	1.263672
-5	-7.64E-11	1.286879	0.1000001	-7.5E-12	1.286879
-5.1	-7.71E-11	1.310107	0.1000001	-7.4E-12	1.310107
-5.2	-7.54E-11	1.333405	0.1000001	-7.7E-12	1.333405
-5.3	-7.58E-11	1.35668	0.1000001	-7.3E-12	1.35668
-5.4	-7.68E-11	1.379997	0.1000002	-7.2E-12	1.379997
-5.5	-7.81E-11	1.403217	0.1000001	-7.4E-12	1.403217
-5.6	-7.61E-11	1.426564	0.1000002	-7.4E-12	1.426564
-5.7	-7.68E-11	1.449834	0.1000002	-7.3E-12	1.449834
-5.8	-7.86E-11	1.473071	0.1000002	-7.4E-12	1.473071
-5.9	-7.89E-11	1.496293	0.1000001	-7E-12	1.496293
-6	-7.66E-11	1.519596	0.1000002	-7.3E-12	1.519596
-6.1	-7.71E-11	1.542872	0.1000001	-7.1E-12	1.542872
-6.2	-5.7E-11	1.599219	0.0999999	-8.9E-12	1.599219
-6.3	-7.7E-11	1.622452	0.1000002	-7.1E-12	1.622452
-6.4	-7.82E-11	1.645667	0.1000001	-7.1E-12	1.645667
-6.5	-7.64E-11	1.668961	0.1000001	-7.2E-12	1.668961
-6.6	-7.89E-11	1.692227	0.1000001	-7.2E-12	1.692227
-6.7	-7.98E-11	1.715445	0.1000001	-7.4E-12	1.715445
-6.8	-8.02E-11	1.738663	0.1000002	-7.4E-12	1.738663
-6.9	-7.84E-11	1.762007	0.1000001	-7.5E-12	1.762007
-7	-7.84E-11	1.78531	0.1000001	-7E-12	1.78531
-7.1	-8.04E-11	1.808545	0.1000002	-7.1E-12	1.808545
-7.2	-8.07E-11	1.831782	0.1000002	-7.3E-12	1.831782
-7.3	-7.89E-11	1.855168	0.1	-6.9E-12	1.855168
-7.4	-8.12E-11	1.878468	0.1000003	-7E-12	1.878468
-7.5	-8.08E-11	1.901698	0.1000003	-7.1E-12	1.901698
-7.6	-8.01E-11	1.924993	0.1000003	-7.4E-12	1.924993
-7.7	-7.94E-11	1.948275	0.1000002	-7.2E-12	1.948275
-7.8	-8.23E-11	1.971484	0.1000002	-7.2E-12	1.971484
-7.9	-8.22E-11	1.994709	0.1000001	-7.1E-12	1.994709
-8	-8.06E-11	2.017991	0.1000002	-7.1E-12	2.017991
-8.1	-8.11E-11	2.041281	0.1000002	-7E-12	2.041281
-8.2	-6.09E-11	2.101001	0.0999999	-8.4E-12	2.101001
-8.3	-7.89E-11	2.124317	0.1000002	-6.7E-12	2.124317
-8.4	-8.17E-11	2.147529	0.1	-6.7E-12	2.147529
-8.5	-8.16E-11	2.170749	0.0999999	-7.5E-12	2.170749
-8.6	-8.19E-11	2.193998	0.1	-7.5E-12	2.193998
-8.7	-8E-11	2.217283	0.1000001	-7.1E-12	2.217283
-8.8	-8.05E-11	2.240567	0.1000001	-7.3E-12	2.240567
-8.9	-8.32E-11	2.263774	0.1000002	-7E-12	2.263774
-9	-8.37E-11	2.286984	0.1	-6.6E-12	2.286984
-9.1	-8.12E-11	2.310301	0.1000001	-6.6E-12	2.310301
-9.2	-8.15E-11	2.33359	0.1000001	-7.1E-12	2.33359
-9.3	-8.35E-11	2.356799	0.1	-7.3E-12	2.356799
-9.4	-8.19E-11	2.38026	0.1	-7.5E-12	2.38026
-9.5	-8.17E-11	2.403565	0.1000001	-7.4E-12	2.403565
-9.6	-8.44E-11	2.426834	0.1000003	-7.2E-12	2.426834
-9.7	-8.25E-11	2.450123	0.1000001	-7.2E-12	2.450123
-9.8	-8.26E-11	2.473405	0.1	-7.3E-12	2.473405
-9.9	-8.4E-11	2.496626	0.1000003	-7E-12	2.496626
-10	-8.42E-11	2.519839	0.1000001	-6.7E-12	2.519839
-9.90001	-4.16E-11	2.543041	0.0999998	-1.06E-11	2.543041
-9.80001	-5.7E-11	2.602107	0.0999999	-8.5E-12	2.602107
-9.70001	-3.81E-11	2.625459	0.0999997	-1.01E-11	2.625459
-9.60001	-3.55E-11	2.648755	0.0999996	-1.04E-11	2.648755
-9.50001	-3.18E-11	2.671952	0.0999997	-1.06E-11	2.671952
-9.40001	-3.18E-11	2.695244	0.0999998	-1.05E-11	2.695244
-9.30001	-3.18E-11	2.718536	0.0999997	-1.01E-11	2.718536
-9.20001	-3.13E-11	2.741834	0.0999998	-1.04E-11	2.741834
-9.10001	-2.87E-11	2.765104	0.0999998	-1.07E-11	2.765104
-9.00001	-2.75E-11	2.788321	0.0999996	-1.09E-11	2.788321
-8.90001	-2.9E-11	2.811612	0.0999998	-1.05E-11	2.811612
-8.80001	-2.8E-11	2.83491	0.0999996	-1.02E-11	2.83491
-8.70001	-2.59E-11	2.858117	0.0999998	-1.05E-11	2.858117
-8.60001	-2.47E-11	2.881414	0.0999997	-1.06E-11	2.881414
-8.50001	-2.59E-11	2.904713	0.0999998	-1.06E-11	2.904713
-8.40001	-2.37E-11	2.927929	0.0999996	-1.05E-11	2.927929
-8.30001	-2.31E-11	2.951138	0.0999999	-1.04E-11	2.951138
-8.20001	-2.48E-11	2.974427	0.0999996	-1.07E-11	2.974427
-8.10001	-2.42E-11	2.997726	0.0999998	-1.03E-11	2.997726
-8.00001	-2.38E-11	3.021006	0.0999997	-1.04E-11	3.021006
-7.90001	-2.12E-11	3.04421	0.0999997	-1.11E-11	3.04421
-7.80001	-4.19E-11	3.103779	0.0999999	-9.2E-12	3.103779
-7.70001	-2.16E-11	3.12701	0.0999996	-1.05E-11	3.12701
-7.60001	-2.17E-11	3.150238	0.0999998	-1.06E-11	3.150238
-7.50001	-2.03E-11	3.173452	0.0999998	-1.09E-11	3.173452
-7.40001	-1.97E-11	3.196717	0.0999997	-1.08E-11	3.196717
-7.30001	-2.13E-11	3.220004	0.0999998	-1.07E-11	3.220004
-7.2	-1.9E-11	3.243204	0.0999998	-1.09E-11	3.243204
-7.10001	-2.03E-11	3.266496	0.0999998	-1.09E-11	3.266496
-7.00001	-2E-11	3.289856	0.0999995	-1.1E-11	3.289856
-6.90001	-1.96E-11	3.31314	0.0999997	-1.04E-11	3.31314
-6.80001	-1.73E-11	3.33635	0.0999994	-1.06E-11	3.33635
-6.70001	-1.65E-11	3.359558	0.0999996	-1.07E-11	3.359558
-6.60001	-1.82E-11	3.382938	0.0999995	-1.07E-11	3.382938
-6.50001	-1.76E-11	3.406243	0.0999998	-1.11E-11	3.406243
-6.40001	-1.62E-11	3.42945	0.0999996	-1.12E-11	3.42945
-6.30001	-1.75E-11	3.452802	0.0999998	-1.1E-11	3.452802
-6.20001	-1.68E-11	3.476103	0.0999997	-1.08E-11	3.476103
-6.10001	-1.52E-11	3.499325	0.0999997	-1.12E-11	3.499325
-6.00001	-1.49E-11	3.522558	0.0999997	-1.07E-11	3.522558
-5.90001	-1.62E-11	3.545849	0.0999997	-1.1E-11	3.545849
-5.80001	-3.46E-11	3.600631	0.1	-9.2E-12	3.600631
-5.70001	-1.48E-11	3.623862	0.0999996	-1.12E-11	3.623862
-5.60001	-1.53E-11	3.647146	0.0999998	-1.11E-11	3.647146
-5.50001	-1.33E-11	3.670368	0.0999997	-1.12E-11	3.670368
-5.40001	-1.24E-11	3.69374	0.0999996	-1.12E-11	3.69374
-5.30001	-1.22E-11	3.716963	0.0999999	-1.14E-11	3.716963
-5.20001	-1.13E-11	3.74018	0.0999998	-1.12E-11	3.74018
-5.1	-1.26E-11	3.763478	0.0999997	-1.06E-11	3.763478
-5.00001	-1.03E-11	3.78675	0.0999996	-1.13E-11	3.78675
-4.90001	-9.8E-12	3.809978	0.0999996	-1.11E-11	3.809978
-4.80001	-1.09E-11	3.833266	0.0999996	-1.07E-11	3.833266
-4.7	-9.7E-12	3.856502	0.0999997	-1.12E-11	3.856502
-4.60001	-9E-12	3.879802	0.0999999	-1.12E-11	3.879802
-4.50001	-8.4E-12	3.90302	0.0999995	-1.16E-11	3.90302
-4.40001	-9.4E-12	3.926317	0.0999997	-1.1E-11	3.926317
-4.3	-9.3E-12	3.949604	0.0999997	-1.12E-11	3.949604
-4.20001	-7.4E-12	3.972808	0.0999998	-1.14E-11	3.972808
-4.10001	-7.2E-12	3.996053	0.0999997	-1.13E-11	3.996053
-4.00001	-7.9E-12	4.019348	0.0999996	-1.15E-11	4.019348
-3.90001	-7.4E-12	4.042627	0.0999995	-1.16E-11	4.042627
-3.80001	-5.3E-12	4.065847	0.0999996	-1.16E-11	4.065847
-3.70001	-2.56E-11	4.106866	0.1000001	-9.7E-12	4.106866
-3.60001	-5.3E-12	4.130126	0.0999997	-1.19E-11	4.130126
-3.50001	-4.5E-12	4.153337	0.0999997	-1.2E-11	4.153337
-3.40001	-5.5E-12	4.176627	0.0999997	-1.2E-11	4.176627
-3.30001	-3.3E-12	4.199986	0.0999999	-1.2E-11	4.199986
-3.20001	-2.9E-12	4.223199	0.0999997	-1.25E-11	4.223199
-3.10001	-3.9E-12	4.246502	0.0999997	-1.17E-11	4.246502
-3.00001	-3E-12	4.269787	0.0999998	-1.14E-11	4.269787
-2.90001	-1E-13	4.293006	0.0999997	-4.9E-12	4.293006
-2.80001	2E-13	4.316231	0.0999998	3.45E-11	4.316231
-2.70001	-1E-12	4.339529	0.0999999	2.284E-10	4.339529
-2.60001	2E-13	4.362799	0.1000003	9.93E-10	4.362799
-2.50001	2.2E-12	4.386109	0.1000008	3.5452E-09	4.386109
-2.40001	3.2E-12	4.409327	0.1000017	1.06626E-08	4.409327
-2.30001	3.1E-12	4.432612	0.1000032	2.74504E-08	4.432612
-2.20001	3.2E-12	4.455964	0.100004	6.14153E-08	4.455964
-2.1	-1.56E-11	4.497257	0.1000001	1.1949E-07	4.497257
-2	-1.01E-11	4.521767	0.1000005	2.16562E-07	4.521767
-1.900001	-8.9E-12	4.546278	0.1000007	3.56464E-07	4.546278
-1.800001	-1.59E-11	4.610721	0.1000002	5.37155E-07	4.610721
-1.7	-9.9E-12	4.635316	0.1000007	7.83206E-07	4.635316
-1.600001	-1.29E-11	4.669942	0.1000001	1.07763E-06	4.669942
-1.5	-7.4E-12	4.696418	0.1000001	1.43211E-06	4.696418
-1.4	-6.2E-12	4.720964	0.1	1.83765E-06	4.720964
-1.3	-4.3E-12	4.745519	0.1	2.29287E-06	4.745519
-1.200001	-2.8E-12	4.770026	0.1000002	2.79342E-06	4.770026
-1.100001	-2.1E-12	4.794625	0.1000001	3.33489E-06	4.794625
-1	-6E-13	4.819183	0.1000004	3.91213E-06	4.819183
-0.9	8E-13	4.843697	0.0999999	4.52171E-06	4.843697
-0.800001	2.1E-12	4.868197	0.1	5.15844E-06	4.868197
-0.700001	3.4E-12	4.892797	0.1	5.81775E-06	4.892797
-0.6	4.9E-12	4.917299	0.1000002	6.49845E-06	4.917299
-0.500001	6.1E-12	4.941853	0.1000001	7.19535E-06	4.941853
-0.400001	7.8E-12	4.966349	0.0999999	7.90612E-06	4.966349
-0.300001	9.1E-12	4.990874	0.1000003	8.62934E-06	4.990874
-0.2	7.7E-12	5.01728	0.1	9.36278E-06	5.01728
-0.0999996	1.23E-11	5.041794	0.1000001	1.010672E-05	5.041794
-1E-07	5.4E-12	5.117209	0.1	1.08381E-05	5.117209
0.1000003	1.31E-11	5.141741	0.1	1.16002E-05	5.141741
0.2000002	1.61E-11	5.166234	0.1000001	1.23667E-05	5.166234
0.299999	1.78E-11	5.19097	0.1000001	1.31381E-05	5.19097
0.4	2.05E-11	5.215529	0.0999998	1.39153E-05	5.215529
0.5	2.24E-11	5.240058	0.1000001	1.46986E-05	5.240058
0.599999	2.43E-11	5.264625	0.1000001	1.5487E-05	5.264625
0.7	2.63E-11	5.289138	0.1000001	1.62803E-05	5.289138
0.799999	2.9E-11	5.313646	0.1000004	1.70772E-05	5.313646
0.9	3.06E-11	5.338166	0.1000001	1.78786E-05	5.338166
1	3.27E-11	5.362669	0.1000001	1.86821E-05	5.362669
1.1	3.43E-11	5.387272	0.1	1.94892E-05	5.387272
1.2	3.59E-11	5.411775	0.1	2.02984E-05	5.411775
1.299999	3.74E-11	5.43629	0.1000002	2.11086E-05	5.43629
1.4	3.86E-11	5.460852	0.1000001	2.19205E-05	5.460852
1.5	3.98E-11	5.485365	0.1	2.27349E-05	5.485365
1.599999	4.09E-11	5.509862	0.1000001	2.35501E-05	5.509862
1.699999	4.18E-11	5.534414	0.0999998	2.43656E-05	5.534414
1.8	4.29E-11	5.558921	0.0999998	2.51823E-05	5.558921
1.899999	3.6E-11	5.61505	0.0999998	2.59886E-05	5.61505
1.999999	4.16E-11	5.639599	0.1000001	2.6811E-05	5.639599
2.1	4.31E-11	5.664138	0.1000002	2.76327E-05	5.664138
2.19999	4.38E-11	5.688875	0.0999998	2.84483E-05	5.688875
2.29999	4.44E-11	5.713516	0.1	2.92698E-05	5.713516
2.39999	4.57E-11	5.738044	0.1	3.00913E-05	5.738044
2.49999	4.59E-11	5.76259	0.1000002	3.09139E-05	5.76259
2.59999	4.67E-11	5.787154	0.1	3.17366E-05	5.787154
2.69999	4.72E-11	5.811662	0.1000001	3.25603E-05	5.811662
2.79999	4.73E-11	5.836171	0.1000002	3.3385E-05	5.836171
2.89999	4.77E-11	5.860719	0.1	3.42095E-05	5.860719
2.99999	4.84E-11	5.88532	0.1	3.50356E-05	5.88532
3.09999	4.88E-11	5.909824	0.1000001	3.58617E-05	5.909824
3.19999	4.94E-11	5.934357	0.1000001	3.66889E-05	5.934357
3.29999	4.91E-11	5.958889	0.0999999	3.75166E-05	5.958889
3.39999	4.99E-11	5.983411	0.1	3.83448E-05	5.983411
3.49999	5.03E-11	6.008008	0.1	3.91738E-05	6.008008
3.59999	5.04E-11	6.032529	0.1000002	4.00036E-05	6.032529
3.69999	5.1E-11	6.057068	0.0999999	4.08343E-05	6.057068
3.79999	4.43E-11	6.113914	0.1	4.16541E-05	6.113914
3.89999	4.96E-11	6.138479	0.1000001	4.24902E-05	6.138479
3.99999	5.05E-11	6.162998	0.1000002	4.33251E-05	6.162998
4.09999	5.1E-11	6.187498	0.1	4.41596E-05	6.187498
4.19999	5.13E-11	6.21207	0.1000002	4.49941E-05	6.21207
4.29999	5.13E-11	6.236684	0.1000002	4.58293E-05	6.236684
4.39999	5.17E-11	6.261198	0.0999997	4.66658E-05	6.261198
4.49999	5.21E-11	6.285758	0.0999999	4.75026E-05	6.285758
4.59999	5.3E-11	6.310261	0.0999999	4.83401E-05	6.310261
4.69999	5.32E-11	6.334823	0.1	4.91784E-05	6.334823
4.79999	5.35E-11	6.359328	0.0999998	5.00175E-05	6.359328
4.89999	5.33E-11	6.38387	0.1000003	5.08574E-05	6.38387
4.99999	5.39E-11	6.408369	0.1000001	5.1698E-05	6.408369
5.09999	5.37E-11	6.432922	0.0999999	5.25399E-05	6.432922
5.19999	5.4E-11	6.4575	0.1	5.33824E-05	6.4575
5.29999	5.42E-11	6.48203	0.1	5.42262E-05	6.48203
5.39999	5.48E-11	6.506532	0.1000002	5.50706E-05	6.506532
5.49999	5.4E-11	6.531086	0.0999999	5.59153E-05	6.531086
5.59999	5.45E-11	6.555601	0.0999999	5.67621E-05	6.555601
5.69999	4.87E-11	6.611524	0.1000001	5.75991E-05	6.611524
5.79999	5.34E-11	6.636054	0.1	5.84503E-05	6.636054
5.89999	5.41E-11	6.66061	0.0999999	5.93015E-05	6.66061
5.99999	5.39E-11	6.685174	0.1000002	6.01512E-05	6.685174
6.09999	5.46E-11	6.70974	0.1	6.10033E-05	6.70974
6.19999	5.5E-11	6.734271	0.1	6.18559E-05	6.734271
6.29999	5.59E-11	6.758767	0.1	6.27096E-05	6.758767
6.39999	5.57E-11	6.783332	0.0999999	6.35631E-05	6.783332
6.49999	5.57E-11	6.807908	0.1000001	6.44179E-05	6.807908
6.59999	5.6E-11	6.832441	0.0999999	6.52728E-05	6.832441
6.69999	5.55E-11	6.856953	0.0999999	6.61305E-05	6.856953
6.79999	5.66E-11	6.881471	0.1	6.69877E-05	6.881471
6.89999	5.65E-11	6.906056	0.0999999	6.78455E-05	6.906056
6.99999	5.68E-11	6.930663	0.1000001	6.87054E-05	6.930663
7.09999	5.7E-11	6.955195	0.1000002	6.95668E-05	6.955195
7.19999	5.68E-11	6.979876	0.1	7.04277E-05	6.979876
7.29999	5.76E-11	7.004423	0.1000002	7.12904E-05	7.004423
7.39999	5.81E-11	7.028896	0.1000002	7.21529E-05	7.028896
7.49999	5.76E-11	7.053455	0.1	7.30183E-05	7.053455
7.59999	4.98E-11	7.115289	0.1	7.38711E-05	7.115289
7.69999	5.57E-11	7.139923	0.1000001	7.47404E-05	7.139923
7.79999	5.62E-11	7.164443	0.0999999	7.56104E-05	7.164443
7.89999	5.68E-11	7.188942	0.1000002	7.64807E-05	7.188942
7.99999	5.68E-11	7.213531	0.1000003	7.73501E-05	7.213531
8.09999	5.71E-11	7.238045	0.1000002	7.82214E-05	7.238045
8.19999	5.76E-11	7.262581	0.1	7.90933E-05	7.262581
8.29999	5.81E-11	7.287087	0.0999999	7.99662E-05	7.287087
8.39999	5.8E-11	7.311615	0.1000002	8.08402E-05	7.311615
8.49999	5.88E-11	7.336131	0.1000002	8.17138E-05	7.336131
8.59999	5.82E-11	7.360665	0.1	8.25887E-05	7.360665
8.69999	5.78E-11	7.385383	0.0999998	8.34663E-05	7.385383
8.79999	5.84E-11	7.409905	0.0999998	8.43445E-05	7.409905
8.89999	5.92E-11	7.434416	0.1	8.52227E-05	7.434416
8.99999	5.92E-11	7.459016	0.1	8.61041E-05	7.459016
9.09999	5.95E-11	7.483538	0.1000003	8.69828E-05	7.483538
9.19999	5.88E-11	7.508086	0.1000001	8.78651E-05	7.508086
9.29999	5.88E-11	7.532598	0.1000001	8.87439E-05	7.532598
9.39999	5.97E-11	7.557148	0.0999999	8.96311E-05	7.557148
9.49999	5.28E-11	7.61833	0.1000002	9.05121E-05	7.61833
9.59999	5.75E-11	7.642904	0.1000002	9.14007E-05	7.642904
9.69999	5.84E-11	7.667439	0.1	9.22893E-05	7.667439
9.79999	5.86E-11	7.69196	0.1000001	9.31782E-05	7.69196
9.89999	5.88E-11	7.716527	0.1000001	9.40698E-05	7.716527
9.99999	5.92E-11	7.741077	0.1000001	9.49595E-05	7.741077
9.9	4.63E-11	7.765598	0.1	9.40549E-05	7.765598
9.8	4.3E-11	7.790181	0.1000002	9.31553E-05	7.790181
9.7	4.08E-11	7.814726	0.0999998	9.2259E-05	7.814726
9.6	3.89E-11	7.839276	0.0999998	9.13635E-05	7.839276
9.5	3.7E-11	7.863761	0.1000001	9.04699E-05	7.863761
9.4	3.65E-11	7.888347	0.0999999	8.95783E-05	7.888347
9.3	3.52E-11	7.912864	0.1	8.86873E-05	7.912864
9.2	3.43E-11	7.937445	0.0999998	8.77969E-05	7.937445
9.1	3.29E-11	7.961961	0.0999999	8.69079E-05	7.961961
9	3.28E-11	7.986481	0.0999998	8.60209E-05	7.986481
8.9	3.19E-11	8.011015	0.1	8.51379E-05	8.011015
8.8	3.18E-11	8.035525	0.1	8.42508E-05	8.035525
8.7	3.06E-11	8.060042	0.1000002	8.33648E-05	8.060042
8.6	3.61E-11	8.120123	0.0999999	8.24827E-05	8.120123
8.5	3.07E-11	8.144728	0.1000001	8.15992E-05	8.144728
8.4	2.94E-11	8.169254	0.0999999	8.0716E-05	8.169254
8.3	2.93E-11	8.19377	0.0999998	7.98344E-05	8.19377
8.2	2.9E-11	8.21839	0.0999999	7.89535E-05	8.21839
8.1	2.79E-11	8.242903	0.1	7.80757E-05	8.242903
8	2.74E-11	8.267428	0.1000001	7.7197E-05	8.267428
7.9	2.72E-11	8.291948	0.1	7.6321E-05	8.291948
7.8	2.62E-11	8.316498	0.0999998	7.54448E-05	8.316498
7.7	2.58E-11	8.341008	0.1000001	7.45697E-05	8.341008
7.6	2.55E-11	8.365564	0.1000001	7.36961E-05	8.365564
7.5	2.49E-11	8.390125	0.0999998	7.2823E-05	8.390125
7.4	2.48E-11	8.414653	0.0999999	7.1951E-05	8.414653
7.3	2.44E-11	8.43916	0.0999999	7.10807E-05	8.43916
7.2	2.41E-11	8.463771	0.1000001	7.021E-05	8.463771
7.1	2.38E-11	8.488284	0.1000001	6.93404E-05	8.488284
7	2.39E-11	8.512854	0.0999997	6.8473E-05	8.512854
6.9	2.31E-11	8.537363	0.1000001	6.76052E-05	8.537363
6.8	2.29E-11	8.561968	0.0999998	6.6739E-05	8.561968
6.7	2.87E-11	8.621561	0.0999998	6.58806E-05	8.621561
6.6	2.39E-11	8.646156	0.1	6.50137E-05	8.646156
6.5	2.29E-11	8.670698	0.0999999	6.415E-05	8.670698
6.4	2.24E-11	8.695251	0.0999995	6.3288E-05	8.695251
6.3	2.19E-11	8.719828	0.1	6.24253E-05	8.719828
6.2	2.11E-11	8.744363	0.1	6.15634E-05	8.744363
6.1	2.06E-11	8.768904	0.1	6.07036E-05	8.768904
6	1.99E-11	8.793575	0.0999999	5.98446E-05	8.793575
5.9	1.95E-11	8.818116	0.1	5.89867E-05	8.818116
5.8	1.9E-11	8.842627	0.1	5.81282E-05	8.842627
5.7	1.87E-11	8.867174	0.0999998	5.72726E-05	8.867174
5.6	1.84E-11	8.891734	0.1000001	5.64164E-05	8.891734
5.5	1.76E-11	8.916246	0.1	5.55614E-05	8.916246
5.4	1.7E-11	8.940796	0.1	5.47071E-05	8.940796
5.3	1.7E-11	8.965411	0.1000001	5.38549E-05	8.965411
5.2	1.66E-11	8.989935	0.0999998	5.30026E-05	8.989935
5.1	1.6E-11	9.014451	0.0999999	5.21507E-05	9.014451
5	1.51E-11	9.038987	0.1	5.13009E-05	9.038987
4.9	1.54E-11	9.063533	0.1000001	5.04516E-05	9.063533
4.8	2.16E-11	9.123185	0.0999999	4.96083E-05	9.123185
4.7	1.59E-11	9.147758	0.1000002	4.87597E-05	9.147758
4.6	1.54E-11	9.172308	0.1	4.79119E-05	9.172308
4.5	1.45E-11	9.196822	0.1	4.70657E-05	9.196822
4.4	1.33E-11	9.221418	0.1000001	4.62205E-05	9.221418
4.3	1.34E-11	9.245923	0.1000001	4.53759E-05	9.245923
4.2	1.26E-11	9.270461	0.0999998	4.45324E-05	9.270461
4.1	1.22E-11	9.294956	0.1000001	4.3689E-05	9.294956
4	1.14E-11	9.319467	0.0999999	4.28472E-05	9.319467
3.9	1.06E-11	9.343975	0.1	4.20064E-05	9.343975
3.8	1.06E-11	9.368503	0.1	4.11655E-05	9.368503
3.7	9.9E-12	9.393057	0.0999998	4.03256E-05	9.393057
3.6	9.5E-12	9.41762	0.0999999	3.94865E-05	9.41762
3.5	9E-12	9.442133	0.0999997	3.86485E-05	9.442133
3.4	8.1E-12	9.466885	0.0999999	3.78123E-05	9.466885
3.3	7.6E-12	9.491412	0.0999999	3.69765E-05	9.491412
3.2	6.5E-12	9.515908	0.1000001	3.61416E-05	9.515908
3.1	6E-12	9.540428	0.1	3.53066E-05	9.540428
3	5.3E-12	9.564944	0.1000001	3.44729E-05	9.564944
2.9	1.07E-11	9.620162	0.0999997	3.36455E-05	9.620162
2.8	5.7E-12	9.644719	0.1000001	3.28134E-05	9.644719
2.7	4.5E-12	9.669232	0.0999999	3.19827E-05	9.669232
2.6	3.2E-12	9.693763	0.1	3.11532E-05	9.693763
2.5	2.6E-12	9.718361	0.0999999	3.03243E-05	9.718361
2.4	1.1E-12	9.742903	0.1000002	2.94962E-05	9.742903
2.3	6E-13	9.767461	0.1	2.86695E-05	9.767461
2.2	-1E-12	9.792	0.0999999	2.78436E-05	9.792
2.099999	2E-12	9.81848	0.1	2.70249E-05	9.81848
2	-2.2E-12	9.84301	0.1000002	2.62019E-05	9.84301
1.9	-3.3E-12	9.867644	0.0999999	2.538E-05	9.867644
1.8	-3.5E-12	9.892356	0.0999999	2.45605E-05	9.892356
1.7	-5.7E-12	9.916885	0.0999997	2.37418E-05	9.916885
1.6	-7.1E-12	9.941377	0.1000001	2.29246E-05	9.941377
1.5	-8.2E-12	9.965903	0.1000001	2.21094E-05	9.965903
1.4	-9.2E-12	9.990413	0.0999998	2.12967E-05	9.990413
1.3	-1.08E-11	10.014926	0.0999999	2.0486E-05	10.014926
1.2	-1.2E-11	10.039458	0.0999999	1.96779E-05	10.039458
1.1	-1.43E-11	10.064069	0.1	1.88731E-05	10.064069
1	-8.4E-12	10.12624	0.0999999	1.80775E-05	10.12624
0.9	-1.47E-11	10.150809	0.1000002	1.72781E-05	10.150809
0.8	-1.73E-11	10.175454	0.0999999	1.64845E-05	10.175454
0.7	-1.98E-11	10.199965	0.1	1.56965E-05	10.199965
0.6	-2.21E-11	10.224562	0.0999999	1.49139E-05	10.224562
0.5	-2.37E-11	10.249083	0.0999999	1.41376E-05	10.249083
0.4	-2.59E-11	10.273588	0.1	1.3368E-05	10.273588
0.3	-2.83E-11	10.298137	0.1	1.26053E-05	10.298137
0.1999998	-2.74E-11	10.32455	0.1000001	1.18505E-05	10.32455
0.0999996	-3.33E-11	10.349048	0.1000002	1.11006E-05	10.349048
-4E-07	-3.58E-11	10.373542	0.1	1.0358E-05	10.373542
#scan	iMeasureCycle=2	iMux=0	time=279.709	N=401	LocalTime=19/04/2023 22:30:19
#VGate(V)	IGate(A)	time(s)	VDrain(V)	IDrain(A)	time(s)
-3E-07	-1.44E-11	279.71664	0.0999998	1.0541E-05	279.71664
-0.1000003	-2.24E-11	279.741514	0.1000001	9.7914E-06	279.741514
-0.2	-2.34E-11	279.767101	0.1	9.0511E-06	279.767101
-0.299999	-2.6E-11	279.794511	0.0999998	8.32575E-06	279.794511
-0.4	-3.19E-11	279.819076	0.0999998	7.60641E-06	279.819076
-0.5	-3.51E-11	279.843572	0.1	6.90091E-06	279.843572
-0.6	-3.67E-11	279.868104	0.0999999	6.21152E-06	279.868104
-0.7	-3.87E-11	279.892599	0.0999997	5.53959E-06	279.892599
-0.8	-4.05E-11	279.917147	0.0999999	4.88944E-06	279.917147
-0.9	-4.24E-11	279.94165	0.0999998	4.26355E-06	279.94165
-1	-4.34E-11	279.966187	0.0999998	3.66685E-06	279.966187
-1.1	-4.45E-11	279.990729	0.0999999	3.10329E-06	279.990729
-1.2	-4.56E-11	280.015275	0.1	2.57853E-06	280.015275
-1.3	-4.63E-11	280.039782	0.0999999	2.09592E-06	280.039782
-1.4	-4.76E-11	280.064381	0.0999999	1.66076E-06	280.064381
-1.5	-4.83E-11	280.088948	0.0999998	1.27644E-06	280.088948
-1.6	-4.92E-11	280.113471	0.0999998	9.4617E-07	280.113471
-1.699999	-4.6E-11	280.140785	0.0999996	6.71871E-07	280.140785
-1.8	-5.04E-11	280.165292	0.0999995	4.51191E-07	280.165292
-1.9	-5.09E-11	280.189831	0.0999998	2.83683E-07	280.189831
-2	-5.16E-11	280.214357	0.0999998	1.64438E-07	280.214357
-2.099999	-4.27E-11	280.289768	0.0999972	8.90988E-08	280.289768
-2.2	-6.42E-11	280.313281	0.1000108	4.07762E-08	280.313281
-2.3	-6.55E-11	280.33649	0.1000046	1.64498E-08	280.33649
-2.4	-6.67E-11	280.359699	0.1000017	5.6486E-09	280.359699
-2.5	-6.59E-11	280.383037	0.1000004	1.6353E-09	280.383037
-2.6	-6.68E-11	280.406345	0.1000002	3.927E-10	280.406345
-2.7	-6.91E-11	280.429538	0.1000001	7.12E-11	280.429538
-2.8	-6.95E-11	280.452742	0.1000002	5.6E-12	280.452742
-2.9	-6.85E-11	280.476028	0.1	-5.8E-12	280.476028
-3	-6.75E-11	280.499397	0.0999999	-7.2E-12	280.499397
-3.1	-7.11E-11	280.522626	0.1000003	-7.2E-12	280.522626
-3.2	-7.14E-11	280.545856	0.1000001	-6.8E-12	280.545856
-3.3	-6.99E-11	280.569153	0.1000001	-7.1E-12	280.569153
-3.4	-7.17E-11	280.592433	0.1000002	-7.3E-12	280.592433
-3.5	-7.28E-11	280.615665	0.1000001	-7.3E-12	280.615665
-3.6	-7.12E-11	280.638955	0.1000002	-6.8E-12	280.638955
-3.7	-7.2E-11	280.662238	0.1000001	-7.3E-12	280.662238
-3.8	-7.19E-11	280.685519	0.1000003	-7E-12	280.685519
-3.9	-7.43E-11	280.708875	0.1000001	-7.1E-12	280.708875
-4	-7.28E-11	280.732229	0.1000002	-7.1E-12	280.732229
-4.1	-5.34E-11	280.782738	0.1000001	-8.8E-12	280.782738
-4.2	-7.23E-11	280.806233	0.1000001	-7.1E-12	280.806233
-4.3	-7.23E-11	280.829522	0.1000002	-7.4E-12	280.829522
-4.4	-7.41E-11	280.85273	0.1000003	-7.3E-12	280.85273
-4.5	-7.47E-11	280.875989	0.1000002	-6.9E-12	280.875989
-4.6	-7.31E-11	280.899296	0.1000002	-6.8E-12	280.899296
-4.7	-7.35E-11	280.922587	0.1000001	-6.6E-12	280.922587
-4.8	-7.58E-11	280.945791	0.1	-6.6E-12	280.945791
-4.9	-7.62E-11	280.968999	0.1000001	-6.8E-12	280.968999
-5	-7.51E-11	280.992308	0.1000001	-6.8E-12	280.992308
-5.1	-7.46E-11	281.015627	0.1000001	-7.4E-12	281.015627
-5.2	-7.71E-11	281.038843	0.1000001	-6.9E-12	281.038843
-5.3	-7.75E-11	281.06209	0.1000002	-7E-12	281.06209
-5.4	-7.56E-11	281.085381	0.1000002	-7.1E-12	281.085381
-5.5	-7.49E-11	281.108723	0.1000001	-7.1E-12	281.108723
-5.6	-7.82E-11	281.131929	0.1000001	-6.7E-12	281.131929
-5.7	-7.67E-11	281.155217	0.1000001	-6.8E-12	281.155217
-5.8	-7.66E-11	281.178495	0.1000002	-6.8E-12	281.178495
-5.9	-7.82E-11	281.201724	0.1	-6.3E-12	281.201724
-6	-7.9E-11	281.224945	0.1	-6.7E-12	281.224945
-6.1	-5.8E-11	281.28144	0.0999999	-8.3E-12	281.28144
-6.2	-7.55E-11	281.304823	0.1000002	-6.7E-12	281.304823
-6.3	-7.77E-11	281.328049	0.1000001	-6.9E-12	281.328049
-6.4	-7.68E-11	281.351341	0.1000001	-6.4E-12	281.351341
-6.5	-7.75E-11	281.374682	0.1000001	-6.8E-12	281.374682
-6.6	-7.61E-11	281.398084	0.1000002	-6.9E-12	281.398084
-6.7	-7.99E-11	281.421306	0.1000001	-6.4E-12	281.421306
-6.8	-7.84E-11	281.444603	0.1000002	-6.4E-12	281.444603
-6.9	-7.83E-11	281.467877	0.1000002	-6.2E-12	281.467877
-7	-8.01E-11	281.491311	0.1000001	-6.5E-12	281.491311
-7.1	-7.86E-11	281.514612	0.1000002	-6.4E-12	281.514612
-7.2	-7.9E-11	281.537886	0.1000001	-6.3E-12	281.537886
-7.3	-8.08E-11	281.561102	0.1000002	-6.2E-12	281.561102
-7.4	-8.15E-11	281.584313	0.1000003	-6.7E-12	281.584313
-7.5	-8.16E-11	281.607519	0.1000001	-6.5E-12	281.607519
-7.6	-8E-11	281.630821	0.1000002	-6.4E-12	281.630821
-7.7	-8.15E-11	281.654027	0.1000002	-6.3E-12	281.654027
-7.8	-8E-11	281.677324	0.1	-6.7E-12	281.677324
-7.9	-8.01E-11	281.700608	0.1000002	-6.3E-12	281.700608
-8	-8.05E-11	281.723957	0.1000003	-6.3E-12	281.723957
-8.1	-6.2E-11	281.77857	0.0999999	-8E-12	281.77857
-8.2	-7.91E-11	281.801949	0.1000002	-6.4E-12	281.801949
-8.3	-7.93E-11	281.82525	0.1	-6.7E-12	281.82525
-8.4	-8.24E-11	281.848464	0.1000002	-6.2E-12	281.848464
-8.5	-8.25E-11	281.871734	0.1000002	-6.2E-12	281.871734
-8.6	-8.07E-11	281.895033	0.1000001	-6.5E-12	281.895033
-8.7	-8.2E-11	281.918252	0.1000002	-6.5E-12	281.918252
-8.8	-8.31E-11	281.941469	0.1000002	-6.3E-12	281.941469
-8.9	-8.24E-11	281.964716	0.1000003	-6.6E-12	281.964716
-9	-8.13E-11	281.988004	0.1000001	-6.6E-12	281.988004
-9.1	-8.13E-11	282.011324	0.1	-6.7E-12	282.011324
-9.2	-8.34E-11	282.034549	0.1000001	-6.4E-12	282.034549
-9.3	-8.23E-11	282.057881	0.1000001	-6.8E-12	282.057881
-9.4	-8.19E-11	282.081171	0.1000002	-6.6E-12	282.081171
-9.5	-8.36E-11	282.104394	0.1	-6.6E-12	282.104394
-9.6	-8.44E-11	282.127619	0.1000002	-6.6E-12	282.127619
-9.7	-8.4E-11	282.150843	0.0999999	-6.6E-12	282.150843
-9.8	-8.29E-11	282.174134	0.1000002	-6.3E-12	282.174134
-9.9	-8.5E-11	282.197334	0.1000002	-6.4E-12	282.197334
-10	-8.41E-11	282.2206	0.1000002	-6.4E-12	282.2206
-9.90001	-4.19E-11	282.243801	0.0999997	-9.6E-12	282.243801
-9.80001	-5.72E-11	282.284899	0.1	-8.1E-12	282.284899
-9.70001	-3.65E-11	282.308214	0.0999997	-9.8E-12	282.308214
-9.60001	-3.56E-11	282.331509	0.0999996	-1.02E-11	282.331509
-9.50001	-3.24E-11	282.35472	0.0999996	-1.02E-11	282.35472
-9.40001	-3.15E-11	282.377979	0.0999997	-1.01E-11	282.377979
-9.30001	-3.22E-11	282.401331	0.0999995	-1E-11	282.401331
-9.20001	-3.16E-11	282.42464	0.0999998	-1.03E-11	282.42464
-9.10001	-2.87E-11	282.447847	0.0999996	-1E-11	282.447847
-9.00001	-2.77E-11	282.471049	0.0999997	-9.8E-12	282.471049
-8.90001	-2.89E-11	282.494357	0.0999997	-1E-11	282.494357
-8.80001	-2.84E-11	282.51765	0.0999998	-9.8E-12	282.51765
-8.70001	-2.61E-11	282.540869	0.0999998	-1E-11	282.540869
-8.60001	-2.47E-11	282.564078	0.0999997	-1.03E-11	282.564078
-8.50001	-2.56E-11	282.587363	0.0999997	-1E-11	282.587363
-8.40001	-2.63E-11	282.61071	0.0999999	-1.01E-11	282.61071
-8.30001	-2.33E-11	282.633931	0.0999996	-1.04E-11	282.633931
-8.20001	-2.46E-11	282.657221	0.0999997	-1.03E-11	282.657221
-8.10001	-2.37E-11	282.680499	0.0999996	-1.06E-11	282.680499
-8.00001	-2.28E-11	282.703743	0.0999998	-1.04E-11	282.703743
-7.90001	-2.14E-11	282.727013	0.0999998	-1.05E-11	282.727013
-7.80001	-4.15E-11	282.786026	0.0999998	-8.6E-12	282.786026
-7.70001	-2.15E-11	282.809327	0.0999999	-1.04E-11	282.809327
-7.6	-2.27E-11	282.832636	0.0999996	-1.07E-11	282.832636
-7.50001	-2.21E-11	282.855923	0.0999997	-1.06E-11	282.855923
-7.40001	-2.02E-11	282.879192	0.0999999	-1.07E-11	282.879192
-7.30001	-1.91E-11	282.902407	0.0999997	-1.05E-11	282.902407
-7.2	-2.04E-11	282.92571	0.0999997	-1.05E-11	282.92571
-7.10001	-1.86E-11	282.948932	0.0999997	-1.08E-11	282.948932
-7.00001	-1.8E-11	282.972144	0.1	-1.07E-11	282.972144
-6.90001	-1.76E-11	282.995384	0.0999997	-1.11E-11	282.995384
-6.80001	-1.91E-11	283.018682	0.0999999	-1.08E-11	283.018682
-6.70001	-1.86E-11	283.041979	0.0999996	-1.08E-11	283.041979
-6.60001	-1.68E-11	283.065266	0.0999996	-1.08E-11	283.065266
-6.50001	-1.61E-11	283.088505	0.0999997	-1.1E-11	283.088505
-6.40001	-1.69E-11	283.111784	0.0999997	-1.09E-11	283.111784
-6.30001	-1.52E-11	283.135004	0.0999996	-1.09E-11	283.135004
-6.20001	-1.51E-11	283.158212	0.0999998	-1.09E-11	283.158212
-6.10001	-1.48E-11	283.181428	0.0999996	-1.1E-11	283.181428
-6.00001	-1.57E-11	283.204713	0.0999997	-1.05E-11	283.204713
-5.90001	-1.54E-11	283.228016	0.0999996	-1.13E-11	283.228016
-5.80001	-3.47E-11	283.28754	0.1	-9.3E-12	283.28754
-5.70001	-1.64E-11	283.310917	0.0999995	-1.08E-11	283.310917
-5.60001	-1.61E-11	283.334222	0.0999999	-1.09E-11	283.334222
-5.50001	-1.32E-11	283.357434	0.0999998	-1.13E-11	283.357434
-5.40001	-1.24E-11	283.380712	0.0999995	-1.1E-11	283.380712
-5.30001	-1.37E-11	283.404059	0.0999998	-1.14E-11	283.404059
-5.20001	-1.14E-11	283.427283	0.0999997	-1.13E-11	283.427283
-5.1	-1.07E-11	283.450502	0.0999996	-1.07E-11	283.450502
-5.00001	-1.06E-11	283.473705	0.0999998	-1.15E-11	283.473705
-4.90001	-1.18E-11	283.497013	0.0999998	-1.12E-11	283.497013
-4.80001	-1.25E-11	283.520351	0.0999996	-1.11E-11	283.520351
-4.7	-8.9E-12	283.543569	0.0999997	-1.14E-11	283.543569
-4.60001	-1.06E-11	283.566863	0.0999998	-1.16E-11	283.566863
-4.50001	-1.04E-11	283.590145	0.0999998	-1.11E-11	283.590145
-4.40001	-8.9E-12	283.613371	0.0999996	-1.16E-11	283.613371
-4.3	-7.4E-12	283.636594	0.0999997	-1.18E-11	283.636594
-4.20001	-7.3E-12	283.659807	0.0999998	-1.19E-11	283.659807
-4.10001	-8.1E-12	283.683092	0.0999999	-1.17E-11	283.683092
-4.00001	-5.9E-12	283.706291	0.0999997	-1.17E-11	283.706291
-3.90001	-5.5E-12	283.729557	0.0999998	-1.19E-11	283.729557
-3.80001	-2.7E-11	283.788811	0.0999998	-9.8E-12	283.788811
-3.70001	-6.4E-12	283.8121	0.0999997	-1.21E-11	283.8121
-3.60001	-7.1E-12	283.835409	0.0999997	-1.21E-11	283.835409
-3.50001	-4.7E-12	283.85862	0.0999997	-1.2E-11	283.85862
-3.40001	-3.9E-12	283.881887	0.0999997	-1.19E-11	283.881887
-3.30001	-3.2E-12	283.905105	0.0999997	-1.24E-11	283.905105
-3.20001	-4.1E-12	283.928405	0.0999997	-1.23E-11	283.928405
-3.10001	-1.9E-12	283.951613	0.0999996	-1.25E-11	283.951613
-3.00001	-1.1E-12	283.974817	0.0999997	-1.2E-11	283.974817
-2.90001	-5E-13	283.998048	0.0999998	-7.3E-12	283.998048
-2.80001	-1.2E-12	284.021339	0.0999998	2.29E-11	284.021339
-2.70001	6E-13	284.04459	0.0999997	1.784E-10	284.04459
-2.60001	1.9E-12	284.067864	0.1000001	8.122E-10	284.067864
-2.50001	2.9E-12	284.091077	0.1000007	2.9778E-09	284.091077
-2.40001	1.2E-12	284.114365	0.1000016	9.2068E-09	284.114365
-2.30001	1.6E-12	284.137673	0.1000035	2.42427E-08	284.137673
-2.20001	4.8E-12	284.160877	0.1000018	5.53076E-08	284.160877
-2.1	-1.59E-11	284.20218	0.1	1.09031E-07	284.20218
-2.000001	-1.07E-11	284.226703	0.1000002	2.00361E-07	284.226703
-1.900001	-1.6E-11	284.27525	0.1000003	3.28774E-07	284.27525
-1.800001	-1.03E-11	284.299818	0.1000006	5.12747E-07	284.299818
-1.7	-9.5E-12	284.32454	0.100001	7.47205E-07	284.32454
-1.6	-7.6E-12	284.349121	0.100001	1.035935E-06	284.349121
-1.500001	-1.16E-11	284.384966	0.0999999	1.37229E-06	284.384966
-1.4	-5.7E-12	284.409546	0.1000001	1.76929E-06	284.409546
-1.3	-4.4E-12	284.434147	0.1	2.2144E-06	284.434147
-1.2	-2.7E-12	284.458655	0.1000001	2.70405E-06	284.458655
-1.100001	-2.2E-12	284.483174	0.1	3.2345E-06	284.483174
-1	-6E-13	284.507697	0.1	3.80129E-06	284.507697
-0.9	4E-13	284.532215	0.1	4.39977E-06	284.532215
-0.8	2.1E-12	284.556731	0.1000002	5.02631E-06	284.556731
-0.700001	3E-12	284.581279	0.0999999	5.67591E-06	284.581279
-0.6	4.1E-12	284.605778	0.1000001	6.34638E-06	284.605778
-0.500001	5.5E-12	284.630288	0.1	7.0343E-06	284.630288
-0.4	7.3E-12	284.654794	0.1000001	7.73712E-06	284.654794
-0.3	8.9E-12	284.679341	0.1000002	8.45206E-06	284.679341
-0.1999999	7.2E-12	284.705833	0.1000002	9.17843E-06	284.705833
-0.0999995	1.21E-11	284.730405	0.1000001	9.91433E-06	284.730405
-2E-07	5.1E-12	284.804301	0.1	1.06409E-05	284.804301
0.1000003	1.27E-11	284.828837	0.1	1.13959E-05	284.828837
0.2000002	1.53E-11	284.853371	0.1	1.21567E-05	284.853371
0.299999	1.48E-11	284.879732	0.1000002	1.29207E-05	284.879732
0.4	2.01E-11	284.904258	0.1	1.36935E-05	284.904258
0.5	2.21E-11	284.928763	0.1000001	1.44723E-05	284.928763
0.6	2.41E-11	284.953364	0.0999999	1.52568E-05	284.953364
0.699999	2.6E-11	284.977882	0.1	1.60477E-05	284.977882
0.799999	2.82E-11	285.002395	0.0999999	1.68427E-05	285.002395
0.9	3E-11	285.026906	0.1000001	1.76427E-05	285.026906
0.999999	3.14E-11	285.051425	0.0999999	1.84469E-05	285.051425
1.1	3.34E-11	285.076021	0.1	1.92543E-05	285.076021
1.2	3.52E-11	285.100511	0.1000001	2.00642E-05	285.100511
1.3	3.72E-11	285.12501	0.1000001	2.08773E-05	285.12501
1.399999	3.84E-11	285.149562	0.1000001	2.16921E-05	285.149562
1.5	3.95E-11	285.174097	0.1	2.25093E-05	285.174097
1.599999	4.05E-11	285.198588	0.1	2.33278E-05	285.198588
1.699999	4.12E-11	285.223119	0.1000001	2.41477E-05	285.223119
1.8	4.25E-11	285.247633	0.1000003	2.49694E-05	285.247633
1.899999	3.66E-11	285.297333	0.1000002	2.57856E-05	285.297333
2	4.22E-11	285.321945	0.1000002	2.66111E-05	285.321945
2.099999	4.29E-11	285.346479	0.1000001	2.74369E-05	285.346479
2.19999	4.39E-11	285.371207	0.0999999	2.82568E-05	285.371207
2.29999	4.48E-11	285.395778	0.1	2.90837E-05	285.395778
2.39999	4.53E-11	285.42033	0.1	2.99107E-05	285.42033
2.49999	4.62E-11	285.444964	0.0999999	3.07393E-05	285.444964
2.59999	4.64E-11	285.469478	0.0999998	3.15669E-05	285.469478
2.69999	4.71E-11	285.493982	0.1	3.23947E-05	285.493982
2.79999	4.77E-11	285.518516	0.1	3.32244E-05	285.518516
2.89999	4.83E-11	285.543043	0.1000003	3.40536E-05	285.543043
2.99999	4.86E-11	285.567576	0.1	3.48828E-05	285.567576
3.09999	4.87E-11	285.592094	0.1000001	3.57126E-05	285.592094
3.19999	4.92E-11	285.616587	0.1000002	3.65441E-05	285.616587
3.29999	4.96E-11	285.64111	0.1	3.73753E-05	285.64111
3.39999	4.98E-11	285.665619	0.1000002	3.82063E-05	285.665619
3.49999	4.97E-11	285.690151	0.0999997	3.90385E-05	285.690151
3.59999	5.02E-11	285.71464	0.1000001	3.98711E-05	285.71464
3.69999	5.01E-11	285.739216	0.0999999	4.07045E-05	285.739216
3.79999	4.39E-11	285.796364	0.1000001	4.15272E-05	285.796364
3.89999	4.92E-11	285.820955	0.1000002	4.23646E-05	285.820955
3.99999	4.96E-11	285.845576	0.0999999	4.32002E-05	285.845576
4.09999	5.03E-11	285.870125	0.1	4.4036E-05	285.870125
4.19999	5.08E-11	285.894712	0.1	4.48725E-05	285.894712
4.29999	5.12E-11	285.919219	0.1000001	4.57098E-05	285.919219
4.39999	5.14E-11	285.943745	0.0999998	4.65473E-05	285.943745
4.49999	5.18E-11	285.968261	0.1000001	4.73847E-05	285.968261
4.59999	5.2E-11	285.99278	0.1	4.82236E-05	285.99278
4.69999	5.26E-11	286.017305	0.1000002	4.90632E-05	286.017305
4.79999	5.22E-11	286.041854	0.1	4.99031E-05	286.041854
4.89999	5.32E-11	286.066406	0.1	5.07443E-05	286.066406
4.99999	5.34E-11	286.090954	0.1	5.15864E-05	286.090954
5.09999	5.38E-11	286.115458	0.1	5.24292E-05	286.115458
5.19999	5.4E-11	286.139981	0.1	5.32723E-05	286.139981
5.29999	5.4E-11	286.164497	0.0999999	5.41162E-05	286.164497
5.39999	5.44E-11	286.188993	0.1	5.49611E-05	286.188993
5.49999	5.45E-11	286.213494	0.1000001	5.5807E-05	286.213494
5.59999	5.44E-11	286.238032	0.0999999	5.66537E-05	286.238032
5.69999	4.74E-11	286.301313	0.1	5.74878E-05	286.301313
5.79999	5.3E-11	286.325927	0.1	5.83412E-05	286.325927
5.89999	5.38E-11	286.350525	0.1000001	5.91924E-05	286.350525
5.99999	5.41E-11	286.375065	0.1000001	6.00436E-05	286.375065
6.09999	5.11E-11	286.401323	0.0999998	6.08952E-05	286.401323
6.19999	5.44E-11	286.425847	0.1000001	6.17482E-05	286.425847
6.29999	5.46E-11	286.450369	0.1000001	6.26022E-05	286.450369
6.39999	5.52E-11	286.474876	0.1	6.34565E-05	286.474876
6.49999	5.5E-11	286.499389	0.1	6.43118E-05	286.499389
6.59999	5.58E-11	286.523914	0.1000003	6.51677E-05	286.523914
6.69999	5.57E-11	286.548423	0.1000001	6.60253E-05	286.548423
6.79999	5.64E-11	286.572938	0.1000001	6.68834E-05	286.572938
6.89999	5.67E-11	286.597434	0.0999999	6.77419E-05	286.597434
6.99999	5.58E-11	286.62198	0.1000001	6.86022E-05	286.62198
7.09999	5.65E-11	286.646518	0.1000003	6.94625E-05	286.646518
7.19999	5.68E-11	286.671082	0.1000001	7.03246E-05	286.671082
7.29999	5.67E-11	286.69559	0.1000002	7.1187E-05	286.69559
7.39999	5.75E-11	286.720205	0.1	7.20504E-05	286.720205
7.49999	5.72E-11	286.744765	0.1	7.29155E-05	286.744765
7.59999	5.11E-11	286.799874	0.1	7.37733E-05	286.799874
7.69999	5.58E-11	286.824489	0.1000001	7.46427E-05	286.824489
7.79999	5.58E-11	286.849016	0.1000002	7.55111E-05	286.849016
7.89999	5.67E-11	286.873547	0.0999998	7.63802E-05	286.873547
7.99999	5.67E-11	286.898106	0.1	7.72514E-05	286.898106
8.09999	5.72E-11	286.922633	0.1000004	7.8122E-05	286.922633
8.19999	5.77E-11	286.947141	0.1000001	7.8994E-05	286.947141
8.29999	5.74E-11	286.971756	0.0999999	7.98675E-05	286.971756
8.39999	5.83E-11	286.996259	0.1000002	8.07425E-05	286.996259
8.49999	5.85E-11	287.020829	0.0999999	8.1616E-05	287.020829
8.59999	5.85E-11	287.045361	0.1	8.24913E-05	287.045361
8.69999	5.86E-11	287.069937	0.1	8.33681E-05	287.069937
8.79999	5.85E-11	287.094464	0.1000002	8.4247E-05	287.094464
8.89999	5.86E-11	287.118975	0.1	8.51254E-05	287.118975
8.99999	5.86E-11	287.143502	0.1000004	8.60046E-05	287.143502
9.09999	5.92E-11	287.168016	0.1000001	8.68859E-05	287.168016
9.19999	5.92E-11	287.19256	0.1	8.77693E-05	287.19256
9.29999	5.94E-11	287.217056	0.1	8.86486E-05	287.217056
9.39999	5.92E-11	287.241588	0.1	8.95351E-05	287.241588
9.49999	5.33E-11	287.296974	0.1	9.04153E-05	287.296974
9.59999	5.8E-11	287.321569	0.1000001	9.13055E-05	287.321569
9.69999	5.88E-11	287.346087	0.1	9.21948E-05	287.346087
9.79999	5.88E-11	287.370642	0.0999999	9.30829E-05	287.370642
9.89999	5.94E-11	287.395212	0.1	9.39734E-05	287.395212
9.99999	5.9E-11	287.419836	0.1	9.48645E-05	287.419836
9.9	4.62E-11	287.444352	0.0999998	9.39588E-05	287.444352
9.8	4.25E-11	287.468882	0.1000001	9.30594E-05	287.468882
9.7	4.08E-11	287.493409	0.0999998	9.21625E-05	287.493409
9.6	3.88E-11	287.517957	0.1000001	9.1267E-05	287.517957
9.5	3.72E-11	287.542531	0.0999997	9.03748E-05	287.542531
9.4	3.63E-11	287.567078	0.0999998	8.94814E-05	287.567078
9.3	3.48E-11	287.591571	0.1000002	8.85926E-05	287.591571
9.2	3.44E-11	287.616112	0.0999999	8.77016E-05	287.616112
9.1	3.32E-11	287.64067	0.1	8.68124E-05	287.64067
9	3.22E-11	287.665249	0.0999997	8.59251E-05	287.665249
8.9	3.11E-11	287.689772	0.0999997	8.50435E-05	287.689772
8.8	3.1E-11	287.714314	0.1	8.41562E-05	287.714314
8.7	3.07E-11	287.738892	0.1	8.32696E-05	287.738892
8.6	3.65E-11	287.796879	0.1	8.239E-05	287.796879
8.5	3.08E-11	287.821544	0.1000002	8.15036E-05	287.821544
8.4	3.01E-11	287.846062	0.1	8.06206E-05	287.846062
8.3	3E-11	287.870701	0.0999999	7.97405E-05	287.870701
8.2	2.88E-11	287.895288	0.1000001	7.88595E-05	287.895288
8.1	2.82E-11	287.91979	0.0999999	7.79797E-05	287.91979
8	2.77E-11	287.94431	0.1	7.71008E-05	287.94431
7.9	2.67E-11	287.968814	0.0999999	7.62247E-05	287.968814
7.8	2.67E-11	287.993371	0.1000001	7.53491E-05	287.993371
7.7	2.59E-11	288.017896	0.1000001	7.44733E-05	288.017896
7.6	2.56E-11	288.042422	0.0999998	7.35996E-05	288.042422
7.5	2.59E-11	288.067183	0.0999998	7.2728E-05	288.067183
7.4	2.46E-11	288.091704	0.0999999	7.18554E-05	288.091704
7.3	2.45E-11	288.116261	0.0999999	7.09849E-05	288.116261
7.2	2.43E-11	288.140844	0.0999997	7.01158E-05	288.140844
7.1	2.33E-11	288.16537	0.1000001	6.92449E-05	288.16537
7	2.36E-11	288.189924	0.1000001	6.83765E-05	288.189924
6.9	2.3E-11	288.214444	0.0999999	6.75083E-05	288.214444
6.8	2.22E-11	288.23898	0.1	6.66433E-05	288.23898
6.7	2.9E-11	288.29789	0.1000001	6.57835E-05	288.29789
6.6	2.39E-11	288.322529	0.1000002	6.49184E-05	288.322529
6.5	2.26E-11	288.347067	0.0999998	6.40532E-05	288.347067
6.4	2.2E-11	288.371587	0.1	6.31901E-05	288.371587
6.3	2.07E-11	288.39616	0.0999999	6.2328E-05	288.39616
6.2	2.05E-11	288.420732	0.0999999	6.14666E-05	288.420732
6.1	2.06E-11	288.445264	0.1000001	6.0606E-05	288.445264
6	2.02E-11	288.469776	0.1000001	5.97457E-05	288.469776
5.9	1.95E-11	288.494282	0.1	5.88879E-05	288.494282
5.8	1.91E-11	288.518861	0.1	5.80315E-05	288.518861
5.7	1.84E-11	288.543374	0.0999998	5.71746E-05	288.543374
5.6	1.83E-11	288.567917	0.1	5.63186E-05	288.567917
5.5	1.75E-11	288.592506	0.1	5.54633E-05	288.592506
5.4	1.68E-11	288.617014	0.1000001	5.46096E-05	288.617014
5.3	1.66E-11	288.641516	0.0999997	5.37569E-05	288.641516
5.2	1.67E-11	288.666058	0.0999997	5.29042E-05	288.666058
5.1	1.62E-11	288.690576	0.0999997	5.20532E-05	288.690576
5	1.56E-11	288.715121	0.0999999	5.12027E-05	288.715121
4.9	1.54E-11	288.739703	0.1000001	5.03528E-05	288.739703
4.8	2.09E-11	288.788242	0.0999999	4.95079E-05	288.788242
4.7	1.55E-11	288.812818	0.1	4.86598E-05	288.812818
4.6	1.48E-11	288.837432	0.0999997	4.78123E-05	288.837432
4.5	1.4E-11	288.861966	0.0999999	4.69659E-05	288.861966
4.4	1.33E-11	288.886475	0.1000001	4.61206E-05	288.886475
4.3	1.26E-11	288.911059	0.1	4.5276E-05	288.911059
4.2	1.22E-11	288.935562	0.0999999	4.44321E-05	288.935562
4.1	1.15E-11	288.960087	0.1	4.35884E-05	288.960087
4	1.07E-11	288.984605	0.1	4.27475E-05	288.984605
3.9	1.15E-11	289.009382	0.0999998	4.19059E-05	289.009382
3.8	1.02E-11	289.033927	0.0999999	4.10655E-05	289.033927
3.7	9.6E-12	289.058436	0.0999999	4.02264E-05	289.058436
3.6	9.1E-12	289.083088	0.0999998	3.93885E-05	289.083088
3.5	8.5E-12	289.107629	0.0999999	3.85507E-05	289.107629
3.4	7.7E-12	289.132161	0.0999999	3.77143E-05	289.132161
3.3	6.8E-12	289.156664	0.0999999	3.6878E-05	289.156664
3.2	6.6E-12	289.181269	0.0999999	3.60428E-05	289.181269
3.1	5.4E-12	289.205779	0.1	3.52082E-05	289.205779
3	5.1E-12	289.230331	0.0999999	3.43751E-05	289.230331
2.9	4.1E-12	289.254848	0.0999998	3.35429E-05	289.254848
2.8	1.01E-11	289.307919	0.0999997	3.2717E-05	289.307919
2.7	4.4E-12	289.332543	0.1	3.18857E-05	289.332543
2.6	3.4E-12	289.357054	0.0999999	3.1055E-05	289.357054
2.5	2.3E-12	289.381601	0.1	3.02258E-05	289.381601
2.4	1.3E-12	289.406191	0.1	2.93993E-05	289.406191
2.3	-2E-13	289.430725	0.0999999	2.85725E-05	289.430725
2.2	-9E-13	289.455275	0.0999999	2.77474E-05	289.455275
2.099999	1.7E-12	289.481703	0.1000001	2.69289E-05	289.481703
2	-2.5E-12	289.506239	0.0999999	2.61062E-05	289.506239
1.9	-3.9E-12	289.5308	0.0999999	2.52853E-05	289.5308
1.8	-4.5E-12	289.555341	0.0999999	2.44654E-05	289.555341
1.7	-6E-12	289.579844	0.0999999	2.36475E-05	289.579844
1.6	-7.3E-12	289.604395	0.1000002	2.28313E-05	289.604395
1.5	-8.3E-12	289.628905	0.1000001	2.2016E-05	289.628905
1.4	-1.01E-11	289.653412	0.0999998	2.12038E-05	289.653412
1.3	-1.12E-11	289.677907	0.0999999	2.03936E-05	289.677907
1.2	-1.27E-11	289.702403	0.1	1.95858E-05	289.702403
1.1	-1.42E-11	289.726953	0.1000001	1.87812E-05	289.726953
1	-1.55E-11	289.751565	0.1	1.79803E-05	289.751565
0.9	-1.08E-11	289.809033	0.0999998	1.71889E-05	289.809033
0.8	-1.72E-11	289.833629	0.0999998	1.63955E-05	289.833629
0.7	-1.95E-11	289.858179	0.0999998	1.56072E-05	289.858179
0.6	-2.25E-11	289.882688	0.1	1.48254E-05	289.882688
0.5	-2.45E-11	289.907313	0.1000001	1.40505E-05	289.907313
0.4	-2.67E-11	289.931823	0.0999999	1.32815E-05	289.931823
0.3	-2.85E-11	289.956363	0.0999997	1.25199E-05	289.956363
0.2	-2.76E-11	289.982761	0.0999998	1.17652E-05	289.982761
0.0999996	-3.34E-11	290.007248	0.1000001	1.10161E-05	290.007248
-5E-07	-3.57E-11	290.031764	0.0999999	1.02747E-05	290.031764
#scan	iMeasureCycle=3	iMux=0	time=319.803	N=401	LocalTime=19/04/2023 22:30:59
#VGate(V)	IGate(A)	time(s)	VDrain(V)	IDrain(A)	time(s)
-2E-07	-1.47E-11	319.810689	0.0999999	1.04548E-05	319.810689
-0.1000003	-2.24E-11	319.83557	0.0999999	9.7072E-06	319.83557
-0.2000001	-2.25E-11	319.864005	0.1	8.97396E-06	319.864005
-0.3	-2.91E-11	319.888794	0.0999999	8.24507E-06	319.888794
-0.4	-3.21E-11	319.91331	0.0999999	7.52964E-06	319.91331
-0.5	-3.51E-11	319.937826	0.0999998	6.82703E-06	319.937826
-0.6	-3.65E-11	319.962428	0.1000001	6.14054E-06	319.962428
-0.7	-3.88E-11	319.98705	0.1000002	5.47276E-06	319.98705
-0.8	-4.06E-11	320.011566	0.0999999	4.82614E-06	320.011566
-0.9	-4.19E-11	320.036084	0.0999999	4.20438E-06	320.036084
-1	-4.34E-11	320.060614	0.1000001	3.6121E-06	320.060614
-1.1	-4.43E-11	320.085145	0.0999999	3.05271E-06	320.085145
-1.2	-4.52E-11	320.109695	0.0999999	2.53247E-06	320.109695
-1.3	-4.62E-11	320.134243	0.0999999	2.05502E-06	320.134243
-1.4	-4.77E-11	320.158803	0.0999999	1.62474E-06	320.158803
-1.5	-4.84E-11	320.183345	0.0999999	1.24534E-06	320.183345
-1.6	-4.9E-11	320.207897	0.0999999	9.1998E-07	320.207897
-1.7	-4.59E-11	320.2354	0.0999995	6.51022E-07	320.2354
-1.8	-5.05E-11	320.259902	0.0999994	4.34876E-07	320.259902
-1.9	-5.06E-11	320.28442	0.0999996	2.71617E-07	320.28442
-2	-5.15E-11	320.308926	0.0999998	1.56215E-07	320.308926
-2.099999	-4.3E-11	320.384386	0.0999978	8.38993E-08	320.384386
-2.2	-6.41E-11	320.407971	0.1000092	3.79616E-08	320.407971
-2.3	-6.42E-11	320.431261	0.1000033	1.50721E-08	320.431261
-2.4	-6.67E-11	320.454466	0.100002	5.1004E-09	320.454466
-2.5	-6.76E-11	320.477801	0.1000008	1.4575E-09	320.477801
-2.6	-6.81E-11	320.501049	0.1000004	3.438E-10	320.501049
-2.7	-6.91E-11	320.524275	0.1000002	6.19E-11	320.524275
-2.8	-6.77E-11	320.547556	0.1000004	3.4E-12	320.547556
-2.9	-7.01E-11	320.570794	0.1000004	-6.1E-12	320.570794
-3	-7.01E-11	320.594011	0.1000002	-7.6E-12	320.594011
-3.1	-6.91E-11	320.617307	0.1000004	-7.9E-12	320.617307
-3.2	-6.99E-11	320.640585	0.1000001	-7.5E-12	320.640585
-3.3	-7.23E-11	320.663786	0.1000003	-7.4E-12	320.663786
-3.4	-7.24E-11	320.687007	0.1000002	-7.5E-12	320.687007
-3.5	-7.07E-11	320.71031	0.1000001	-7.9E-12	320.71031
-3.6	-7.13E-11	320.733694	0.1000002	-7.6E-12	320.733694
-3.7	-7.36E-11	320.756903	0.1000002	-7.2E-12	320.756903
-3.8	-7.2E-11	320.780279	0.1000002	-7.7E-12	320.780279
-3.9	-7.41E-11	320.803489	0.1000005	-7.2E-12	320.803489
-4	-7.44E-11	320.826744	0.1000002	-7.6E-12	320.826744
-4.1	-5.3E-11	320.87722	0.1000001	-9.2E-12	320.87722
-4.2	-7.14E-11	320.90059	0.1000002	-7.5E-12	320.90059
-4.3	-7.18E-11	320.923877	0.1000001	-7.2E-12	320.923877
-4.4	-7.48E-11	320.947096	0.1000001	-7.2E-12	320.947096
-4.5	-7.5E-11	320.970366	0.1000003	-6.9E-12	320.970366
-4.6	-7.38E-11	320.993662	0.1000003	-7.4E-12	320.993662
-4.7	-7.35E-11	321.016964	0.1000004	-7.5E-12	321.016964
-4.8	-7.63E-11	321.040166	0.1000002	-6.9E-12	321.040166
-4.9	-7.61E-11	321.063399	0.1000002	-7.2E-12	321.063399
-5	-7.52E-11	321.086686	0.1000002	-7.7E-12	321.086686
-5.1	-7.46E-11	321.109985	0.1000002	-7.5E-12	321.109985
-5.2	-7.69E-11	321.133187	0.1000001	-7.4E-12	321.133187
-5.3	-7.69E-11	321.156449	0.1000003	-7.5E-12	321.156449
-5.4	-7.59E-11	321.17974	0.1000003	-7.3E-12	321.17974
-5.5	-7.6E-11	321.203037	0.1000002	-7.1E-12	321.203037
-5.6	-7.79E-11	321.226329	0.1000003	-6.7E-12	321.226329
-5.7	-7.66E-11	321.24962	0.1000004	-7.2E-12	321.24962
-5.8	-7.71E-11	321.272894	0.1000003	-6.8E-12	321.272894
-5.9	-7.9E-11	321.296088	0.1000002	-7E-12	321.296088
-6	-7.94E-11	321.319311	0.1000002	-7.4E-12	321.319311
-6.1	-5.85E-11	321.371599	0.1000001	-8.7E-12	321.371599
-6.2	-7.62E-11	321.394975	0.1000002	-7.1E-12	321.394975
-6.3	-7.62E-11	321.418289	0.1000002	-7.3E-12	321.418289
-6.4	-7.87E-11	321.441502	0.1000004	-7.4E-12	321.441502
-6.5	-7.91E-11	321.464774	0.1000001	-7.1E-12	321.464774
-6.6	-7.8E-11	321.488184	0.1000002	-6.9E-12	321.488184
-6.7	-7.96E-11	321.5114	0.1000002	-7.2E-12	321.5114
-6.8	-7.97E-11	321.534611	0.1000004	-6.8E-12	321.534611
-6.9	-8E-11	321.557825	0.1000003	-7.3E-12	321.557825
-7	-7.87E-11	321.581132	0.1	-7.4E-12	321.581132
-7.1	-8.05E-11	321.604366	0.1000002	-7.3E-12	321.604366
-7.2	-8.09E-11	321.627583	0.1000002	-6.7E-12	321.627583
-7.3	-8.07E-11	321.650783	0.1000002	-6.5E-12	321.650783
-7.4	-7.99E-11	321.67407	0.1000003	-6.8E-12	321.67407
-7.5	-7.94E-11	321.697374	0.1000002	-6.4E-12	321.697374
-7.6	-8.19E-11	321.720586	0.1000003	-6.3E-12	321.720586
-7.7	-8.18E-11	321.743809	0.1000002	-6.8E-12	321.743809
-7.8	-8.03E-11	321.767094	0.1000003	-7.1E-12	321.767094
-7.9	-8.03E-11	321.790385	0.1000003	-7.3E-12	321.790385
-8	-8.21E-11	321.81366	0.1000002	-6.7E-12	321.81366
-8.1	-8.27E-11	321.836882	0.1000002	-6.8E-12	321.836882
-8.2	-6.34E-11	321.873092	0.1	-8.1E-12	321.873092
-8.3	-8.02E-11	321.896471	0.1000002	-6.7E-12	321.896471
-8.4	-8.16E-11	321.919703	0.1000003	-6.8E-12	321.919703
-8.5	-8.24E-11	321.942929	0.1000003	-6.6E-12	321.942929
-8.6	-8.15E-11	321.966277	0.1	-6.9E-12	321.966277
-8.7	-8.15E-11	321.989554	0.1000002	-6.6E-12	321.989554
-8.8	-8.31E-11	322.012877	0.1000003	-6.6E-12	322.012877
-8.9	-8.18E-11	322.036181	0.1000001	-6.4E-12	322.036181
-9	-8.19E-11	322.059465	0.1000002	-6.8E-12	322.059465
-9.1	-8.39E-11	322.082702	0.1000002	-6.3E-12	322.082702
-9.2	-8.33E-11	322.105956	0.1000002	-6.8E-12	322.105956
-9.3	-8.39E-11	322.129171	0.1000003	-6.6E-12	322.129171
-9.4	-8.23E-11	322.152521	0.1000002	-6.4E-12	322.152521
-9.5	-8.37E-11	322.175731	0.1000002	-6.1E-12	322.175731
-9.6	-8.48E-11	322.198948	0.1000003	-6.1E-12	322.198948
-9.7	-8.5E-11	322.222164	0.1000004	-6.3E-12	322.222164
-9.8	-8.32E-11	322.245458	0.1000002	-6.8E-12	322.245458
-9.9	-8.29E-11	322.268757	0.1000003	-6.5E-12	322.268757
-10	-8.55E-11	322.291966	0.1000003	-6E-12	322.291966
-9.90001	-4.29E-11	322.315182	0.0999999	-1E-11	322.315182
-9.80001	-4.1E-11	322.338468	0.0999998	-9.8E-12	322.338468
-9.70001	-5.56E-11	322.378815	0.1000002	-8.6E-12	322.378815
-9.60001	-3.48E-11	322.402136	0.0999998	-1.01E-11	322.402136
-9.50001	-3.36E-11	322.425372	0.0999998	-1.04E-11	322.425372
-9.40001	-3.32E-11	322.44866	0.0999998	-1.01E-11	322.44866
-9.30001	-3.28E-11	322.472013	0.0999998	-1.01E-11	322.472013
-9.20001	-2.99E-11	322.495279	0.1	-1.04E-11	322.495279
-9.10001	-2.88E-11	322.518495	0.0999999	-1E-11	322.518495
-9.00001	-2.94E-11	322.541781	0.0999999	-1E-11	322.541781
-8.90001	-2.72E-11	322.565013	0.0999998	-1.02E-11	322.565013
-8.80001	-2.65E-11	322.588228	0.0999999	-1.03E-11	322.588228
-8.70001	-2.67E-11	322.61148	0.1000001	-1.03E-11	322.61148
-8.60001	-2.68E-11	322.63478	0.0999999	-9.8E-12	322.63478
-8.50001	-2.63E-11	322.658059	0.0999999	-9.9E-12	322.658059
-8.40001	-2.44E-11	322.681256	0.1	-1.06E-11	322.681256
-8.30001	-2.35E-11	322.704474	0.0999996	-1.06E-11	322.704474
-8.20001	-2.46E-11	322.727854	0.0999998	-1E-11	322.727854
-8.10001	-2.25E-11	322.751058	0.0999998	-1.06E-11	322.751058
-8	-2.23E-11	322.774266	0.0999998	-1.07E-11	322.774266
-7.90001	-2.16E-11	322.797493	0.0999998	-1.06E-11	322.797493
-7.80001	-2.36E-11	322.820868	0.1	-1.05E-11	322.820868
-7.70001	-4.18E-11	322.880142	0.1000001	-8.7E-12	322.880142
-7.6	-2.19E-11	322.90354	0.0999999	-1.07E-11	322.90354
-7.50001	-2.1E-11	322.926774	0.0999999	-1.08E-11	322.926774
-7.40001	-1.99E-11	322.949998	0.0999998	-1.07E-11	322.949998
-7.30001	-2.12E-11	322.973353	0.0999998	-1.04E-11	322.973353
-7.2	-1.98E-11	322.996591	0.0999997	-1.07E-11	322.996591
-7.10001	-1.93E-11	323.019841	0.0999998	-1.08E-11	323.019841
-7.00001	-2.07E-11	323.043173	0.0999999	-1.07E-11	323.043173
-6.90001	-1.79E-11	323.066407	0.1	-1.11E-11	323.066407
-6.80001	-1.75E-11	323.089627	0.0999997	-1.08E-11	323.089627
-6.70001	-1.69E-11	323.112845	0.0999996	-1.08E-11	323.112845
-6.60001	-1.81E-11	323.136143	0.1	-1.07E-11	323.136143
-6.50001	-1.59E-11	323.15942	0.0999998	-1.12E-11	323.15942
-6.40001	-1.59E-11	323.182634	0.0999998	-1.14E-11	323.182634
-6.30001	-1.54E-11	323.205939	0.0999999	-1.1E-11	323.205939
-6.20001	-1.64E-11	323.229234	0.0999998	-1.1E-11	323.229234
-6.10001	-1.48E-11	323.252428	0.0999998	-1.14E-11	323.252428
-6.00001	-1.43E-11	323.275632	0.0999998	-1.16E-11	323.275632
-5.90001	-1.43E-11	323.298839	0.0999997	-1.12E-11	323.298839
-5.80001	-1.52E-11	323.322135	0.1	-1.1E-11	323.322135
-5.70001	-3.39E-11	323.377442	0.1	-9.4E-12	323.377442
-5.60001	-1.49E-11	323.400755	0.0999999	-1.18E-11	323.400755
-5.50001	-1.41E-11	323.423987	0.0999999	-1.15E-11	323.423987
-5.40001	-1.47E-11	323.447283	0.0999997	-1.16E-11	323.447283
-5.30001	-1.45E-11	323.47064	0.0999999	-1.16E-11	323.47064
-5.20001	-1.28E-11	323.493916	0.0999999	-1.13E-11	323.493916
-5.1	-1.2E-11	323.517161	0.0999998	-1.18E-11	323.517161
-5.00001	-1.3E-11	323.54045	0.0999999	-1.21E-11	323.54045
-4.90001	-1.63E-11	323.563937	0.1	-1.12E-11	323.563937
-4.80001	-1.2E-11	323.587233	0.0999999	-1.15E-11	323.587233
-4.7	-1.12E-11	323.610605	0.1	-1.16E-11	323.610605
-4.60001	-9E-12	323.633828	0.0999999	-1.16E-11	323.633828
-4.50001	-8.8E-12	323.657036	0.0999997	-1.12E-11	323.657036
-4.40001	-9.8E-12	323.680325	0.0999998	-1.17E-11	323.680325
-4.3	-9.4E-12	323.703599	0.0999998	-1.17E-11	323.703599
-4.20001	-7.3E-12	323.72683	0.0999998	-1.15E-11	323.72683
-4.10001	-6.9E-12	323.750051	0.0999999	-1.16E-11	323.750051
-4.00001	-8.1E-12	323.773348	0.0999999	-1.19E-11	323.773348
-3.90001	-7.4E-12	323.796628	0.0999997	-1.17E-11	323.796628
-3.80001	-4.9E-12	323.819902	0.0999999	-1.21E-11	323.819902
-3.70001	-4.8E-12	323.843146	0.0999999	-1.2E-11	323.843146
-3.60001	-2.46E-11	323.883792	0.1000002	-1.01E-11	323.883792
-3.50001	-4.5E-12	323.907104	0.0999998	-1.24E-11	323.907104
-3.40001	-3.8E-12	323.930327	0.0999999	-1.21E-11	323.930327
-3.30001	-4.9E-12	323.953613	0.0999998	-1.18E-11	323.953613
-3.20001	-4.3E-12	323.976971	0.0999999	-1.24E-11	323.976971
-3.10001	-1.6E-12	324.00018	0.0999999	-1.22E-11	324.00018
-3.00001	-2.8E-12	324.02347	0.0999998	-1.17E-11	324.02347
-2.90001	-2E-12	324.046757	0.1000001	-7.9E-12	324.046757
-2.80001	-1.7E-12	324.070075	0.0999999	1.87E-11	324.070075
-2.70001	5E-13	324.093284	0.0999998	1.552E-10	324.093284
-2.60001	1.8E-12	324.116489	0.1	7.246E-10	324.116489
-2.50001	0	324.139774	0.1000007	2.6849E-09	324.139774
-2.40001	3.1E-12	324.163039	0.1000014	8.3888E-09	324.163039
-2.30001	3.8E-12	324.186255	0.1000028	2.23805E-08	324.186255
-2.20001	4.7E-12	324.209466	0.1000025	5.16134E-08	324.209466
-2.1	-1.6E-11	324.250836	0.1000001	1.03121E-07	324.250836
-2	-1.04E-11	324.275355	0.1000005	1.91111E-07	324.275355
-1.900001	-9.2E-12	324.29986	0.1000007	3.20433E-07	324.29986
-1.800001	-8.5E-12	324.324394	0.1000008	4.9779E-07	324.324394
-1.700001	-1.46E-11	324.38881	0.1000005	7.1901E-07	324.38881
-1.6	-8.5E-12	324.413333	0.1000008	1.005142E-06	324.413333
-1.500001	-1.24E-11	324.447917	0.0999999	1.33895E-06	324.447917
-1.4	-6.6E-12	324.472545	0.1	1.73141E-06	324.472545
-1.3	-4.8E-12	324.4971	0.1000002	2.17136E-06	324.4971
-1.200001	-3.6E-12	324.521722	0.1	2.65625E-06	324.521722
-1.100001	-2.9E-12	324.546275	0.1000002	3.1825E-06	324.546275
-1	-1.4E-12	324.571054	0.1000002	3.74487E-06	324.571054
-0.9	1E-13	324.595578	0.0999998	4.33925E-06	324.595578
-0.8	1.7E-12	324.62003	0.1000001	4.96203E-06	324.62003
-0.7	2.7E-12	324.64456	0.1	5.60845E-06	324.64456
-0.6	4.4E-12	324.669062	0.1000002	6.27588E-06	324.669062
-0.500001	5.9E-12	324.693577	0.1000001	6.96069E-06	324.693577
-0.400001	7.1E-12	324.718246	0.1000001	7.66044E-06	324.718246
-0.3	8.5E-12	324.742814	0.1000002	8.37317E-06	324.742814
-0.1999999	6.9E-12	324.769221	0.1	9.09735E-06	324.769221
-0.0999999	1.23E-11	324.793728	0.1	9.83151E-06	324.793728
-1E-07	8.8E-12	324.828433	0.1	1.05642E-05	324.828433
0.1	8.6E-12	324.890377	0.1	1.13072E-05	324.890377
0.2000002	1.55E-11	324.91495	0.0999999	1.20669E-05	324.91495
0.299999	1.79E-11	324.939747	0.1000001	1.28311E-05	324.939747
0.4	2.02E-11	324.964253	0.1	1.36013E-05	324.964253
0.5	2.22E-11	324.988834	0.0999999	1.43778E-05	324.988834
0.599999	2.41E-11	325.013345	0.0999999	1.5161E-05	325.013345
0.7	2.6E-11	325.037864	0.0999999	1.59506E-05	325.037864
0.799999	2.8E-11	325.062394	0.1000001	1.67452E-05	325.062394
0.9	3E-11	325.086946	0.1	1.75437E-05	325.086946
0.999999	3.17E-11	325.111459	0.1000001	1.83465E-05	325.111459
1.1	3.31E-11	325.135989	0.1000001	1.91534E-05	325.135989
1.2	3.53E-11	325.160551	0.1000001	1.99621E-05	325.160551
1.299999	3.67E-11	325.185076	0.1	2.07743E-05	325.185076
1.4	3.76E-11	325.209617	0.0999999	2.15884E-05	325.209617
1.499999	3.89E-11	325.23416	0.1	2.24053E-05	325.23416
1.6	4.05E-11	325.258675	0.1000001	2.32234E-05	325.258675
1.699999	4.12E-11	325.283191	0.1	2.40434E-05	325.283191
1.8	4.26E-11	325.307683	0.1	2.48647E-05	325.307683
1.9	4.35E-11	325.332205	0.1000002	2.56869E-05	325.332205
1.999999	3.62E-11	325.39183	0.1000001	2.65031E-05	325.39183
2.1	4.16E-11	325.416406	0.1	2.73299E-05	325.416406
2.19999	4.28E-11	325.441122	0.0999998	2.81514E-05	325.441122
2.29999	4.39E-11	325.465662	0.1	2.89787E-05	325.465662
2.39999	4.5E-11	325.490251	0.1000002	2.98069E-05	325.490251
2.49999	4.5E-11	325.514769	0.1000002	3.06349E-05	325.514769
2.59999	4.58E-11	325.539294	0.0999999	3.14648E-05	325.539294
2.69999	4.63E-11	325.5638	0.1	3.2295E-05	325.5638
2.79999	4.73E-11	325.58834	0.1000002	3.31249E-05	325.58834
2.89999	4.77E-11	325.612825	0.1000001	3.39549E-05	325.612825
2.99999	4.79E-11	325.63735	0.0999999	3.47859E-05	325.63735
3.09999	4.85E-11	325.661859	0.1	3.56182E-05	325.661859
3.19999	4.87E-11	325.686368	0.1	3.64511E-05	325.686368
3.29999	4.9E-11	325.710873	0.1000003	3.72838E-05	325.710873
3.39999	4.91E-11	325.735387	0.1000001	3.81169E-05	325.735387
3.49999	4.97E-11	325.759898	0.1	3.89505E-05	325.759898
3.59999	4.98E-11	325.78444	0.0999999	3.97851E-05	325.78444
3.69999	5.02E-11	325.808987	0.1	4.06193E-05	325.808987
3.79999	5.09E-11	325.833599	0.1000002	4.14535E-05	325.833599
3.89999	4.46E-11	325.886504	0.1000001	4.22809E-05	325.886504
3.99999	4.98E-11	325.911115	0.1000002	4.31194E-05	325.911115
4.09999	5.05E-11	325.935638	0.0999999	4.39568E-05	325.935638
4.19999	5.06E-11	325.960165	0.0999999	4.47944E-05	325.960165
4.29999	5.11E-11	325.984738	0.1000003	4.5632E-05	325.984738
4.39999	5.14E-11	326.009254	0.1000002	4.64699E-05	326.009254
4.49999	5.18E-11	326.033751	0.0999999	4.73095E-05	326.033751
4.59999	5.22E-11	326.058279	0.1000002	4.81498E-05	326.058279
4.69999	5.21E-11	326.082842	0.1000001	4.89893E-05	326.082842
4.79999	5.23E-11	326.107341	0.1000001	4.98299E-05	326.107341
4.89999	5.25E-11	326.131888	0.1000002	5.06714E-05	326.131888
4.99999	5.2E-11	326.156648	0.1000003	5.15131E-05	326.156648
5.09999	5.31E-11	326.181197	0.1000001	5.23556E-05	326.181197
5.19999	5.35E-11	326.205699	0.0999998	5.31999E-05	326.205699
5.29999	5.31E-11	326.230392	0.1000003	5.40447E-05	326.230392
5.39999	5.4E-11	326.254968	0.0999998	5.4889E-05	326.254968
5.49999	5.37E-11	326.279502	0.1000002	5.57359E-05	326.279502
5.59999	5.43E-11	326.304051	0.1000002	5.6583E-05	326.304051
5.69999	5.44E-11	326.328585	0.1	5.74302E-05	326.328585
5.79999	4.65E-11	326.390368	0.1000001	5.82659E-05	326.390368
5.89999	5.22E-11	326.41498	0.0999999	5.91201E-05	326.41498
5.99999	5.31E-11	326.439576	0.1	5.99734E-05	326.439576
6.09999	5.43E-11	326.464077	0.0999999	6.08253E-05	326.464077
6.19999	5.43E-11	326.488643	0.0999999	6.16794E-05	326.488643
6.29999	5.46E-11	326.51324	0.1000001	6.25331E-05	326.51324
6.39999	5.52E-11	326.537776	0.0999998	6.33882E-05	326.537776
6.49999	5.54E-11	326.562299	0.1	6.42433E-05	326.562299
6.59999	5.55E-11	326.586838	0.1000001	6.50992E-05	326.586838
6.69999	5.55E-11	326.611354	0.0999999	6.59574E-05	326.611354
6.79999	5.6E-11	326.63589	0.1000002	6.68155E-05	326.63589
6.89999	5.58E-11	326.660429	0.0999998	6.76733E-05	326.660429
6.99999	5.64E-11	326.684945	0.1	6.85344E-05	326.684945
7.09999	5.7E-11	326.709465	0.0999999	6.93957E-05	326.709465
7.19999	5.7E-11	326.734062	0.1000001	7.0258E-05	326.734062
7.29999	5.68E-11	326.758595	0.1000001	7.11205E-05	326.758595
7.39999	5.65E-11	326.78313	0.1	7.19844E-05	326.78313
7.49999	5.66E-11	326.807665	0.1	7.28489E-05	326.807665
7.59999	5.71E-11	326.832227	0.1	7.37151E-05	326.832227
7.69999	5.1E-11	326.889876	0.0999999	7.45729E-05	326.889876
7.79999	5.6E-11	326.914476	0.0999999	7.54433E-05	326.914476
7.89999	5.62E-11	326.939014	0.1000001	7.6314E-05	326.939014
7.99999	5.69E-11	326.963529	0.1000002	7.71838E-05	326.963529
8.09999	5.71E-11	326.988094	0.1	7.80555E-05	326.988094
8.19999	5.71E-11	327.012633	0.1000002	7.89287E-05	327.012633
8.29999	5.73E-11	327.037141	0.1000002	7.98015E-05	327.037141
8.39999	5.75E-11	327.061649	0.1000002	8.0675E-05	327.061649
8.49999	5.84E-11	327.086187	0.0999999	8.15497E-05	327.086187
8.59999	5.84E-11	327.110685	0.1000001	8.24252E-05	327.110685
8.69999	5.85E-11	327.135191	0.1	8.33023E-05	327.135191
8.79999	5.8E-11	327.15985	0.0999999	8.41795E-05	327.15985
8.89999	5.87E-11	327.184372	0.0999998	8.50584E-05	327.184372
8.99999	5.8E-11	327.208918	0.1	8.59393E-05	327.208918
9.09999	5.86E-11	327.23345	0.1000002	8.68191E-05	327.23345
9.19999	5.87E-11	327.258006	0.1000003	8.77027E-05	327.258006
9.29999	5.88E-11	327.282554	0.1000001	8.85832E-05	327.282554
9.39999	5.84E-11	327.307078	0.1000002	8.9469E-05	327.307078
9.49999	5.88E-11	327.331612	0.0999999	9.03559E-05	327.331612
9.59999	5.17E-11	327.393559	0.1	9.12342E-05	327.393559
9.69999	5.7E-11	327.418203	0.1	9.2127E-05	327.418203
9.79999	5.81E-11	327.44271	0.1	9.30157E-05	327.44271
9.89999	5.85E-11	327.467353	0.1000002	9.39066E-05	327.467353
9.99999	5.89E-11	327.491927	0.0999999	9.47993E-05	327.491927
9.9	4.55E-11	327.516502	0.1000001	9.38944E-05	327.516502
9.8	4.25E-11	327.541047	0.0999999	9.29942E-05	327.541047
9.7	4.01E-11	327.565553	0.0999998	9.2097E-05	327.565553
9.6	3.85E-11	327.590092	0.1	9.12022E-05	327.590092
9.5	3.75E-11	327.614612	0.1000001	9.03108E-05	327.614612
9.4	3.64E-11	327.63912	0.1000002	8.9417E-05	327.63912
9.3	3.48E-11	327.663669	0.1000001	8.85263E-05	327.663669
9.2	3.39E-11	327.688179	0.1	8.76377E-05	327.688179
9.1	3.31E-11	327.712713	0.0999999	8.67486E-05	327.712713
9	3.22E-11	327.737243	0.0999999	8.58606E-05	327.737243
8.9	3.15E-11	327.761761	0.1000001	8.49776E-05	327.761761
8.8	3.13E-11	327.786298	0.0999998	8.40911E-05	327.786298
8.7	3.05E-11	327.810814	0.0999999	8.32062E-05	327.810814
8.6	3.02E-11	327.835388	0.1	8.23205E-05	327.835388
8.5	3.53E-11	327.897002	0.1000001	8.14399E-05	327.897002
8.4	2.98E-11	327.921612	0.1000001	8.0556E-05	327.921612
8.3	2.88E-11	327.946125	0.1000002	7.96749E-05	327.946125
8.2	2.82E-11	327.970679	0.1000001	7.87932E-05	327.970679
8.1	2.79E-11	327.995248	0.0999999	7.79136E-05	327.995248
8	2.76E-11	328.019796	0.0999997	7.70358E-05	328.019796
7.9	2.7E-11	328.044334	0.0999999	7.61596E-05	328.044334
7.8	2.64E-11	328.068887	0.1000002	7.52826E-05	328.068887
7.7	2.57E-11	328.093369	0.1	7.44073E-05	328.093369
7.6	2.53E-11	328.117936	0.0999998	7.35342E-05	328.117936
7.5	2.43E-11	328.142425	0.1000001	7.26614E-05	328.142425
7.4	2.45E-11	328.166997	0.0999998	7.17884E-05	328.166997
7.3	2.41E-11	328.191531	0.1	7.09175E-05	328.191531
7.2	2.43E-11	328.21604	0.1	7.00477E-05	328.21604
7.1	2.38E-11	328.240558	0.1	6.91781E-05	328.240558
7	2.31E-11	328.265116	0.0999999	6.83098E-05	328.265116
6.9	2.32E-11	328.289626	0.0999998	6.74418E-05	328.289626
6.8	2.22E-11	328.314131	0.0999998	6.65765E-05	328.314131
6.7	2.18E-11	328.338636	0.1	6.57106E-05	328.338636
6.6	2.75E-11	328.394519	0.0999999	6.48507E-05	328.394519
6.5	2.29E-11	328.419169	0.0999998	6.39863E-05	328.419169
6.4	2.17E-11	328.443687	0.1	6.31236E-05	328.443687
6.3	2.18E-11	328.468269	0.0999998	6.22604E-05	328.468269
6.2	2.09E-11	328.492847	0.1000001	6.13992E-05	328.492847
6.1	2.07E-11	328.517414	0.0999998	6.05392E-05	328.517414
6	1.97E-11	328.541919	0.1000002	5.96794E-05	328.541919
5.9	1.99E-11	328.566464	0.1	5.8821E-05	328.566464
5.8	1.97E-11	328.591017	0.1000001	5.79632E-05	328.591017
5.7	1.9E-11	328.615522	0.1	5.71074E-05	328.615522
5.6	1.86E-11	328.640037	0.0999998	5.62513E-05	328.640037
5.5	1.78E-11	328.664545	0.0999997	5.53954E-05	328.664545
5.4	1.74E-11	328.689103	0.0999996	5.45419E-05	328.689103
5.3	1.71E-11	328.713618	0.1	5.3689E-05	328.713618
5.2	1.69E-11	328.738227	0.1000001	5.28365E-05	328.738227
5.1	1.61E-11	328.762759	0.0999997	5.19849E-05	328.762759
5	1.56E-11	328.787291	0.1	5.11348E-05	328.787291
4.9	1.55E-11	328.811824	0.0999999	5.02849E-05	328.811824
4.8	1.5E-11	328.83645	0.1000001	4.94368E-05	328.83645
4.7	2.17E-11	328.898685	0.0999999	4.85951E-05	328.898685
4.6	1.62E-11	328.923349	0.0999999	4.77473E-05	328.923349
4.5	1.46E-11	328.947886	0.0999999	4.69009E-05	328.947886
4.4	1.44E-11	328.972419	0.1	4.60554E-05	328.972419
4.3	1.37E-11	328.996997	0.1	4.52106E-05	328.996997
4.2	1.31E-11	329.021565	0.0999999	4.43673E-05	329.021565
4.1	1.21E-11	329.046077	0.1000001	4.35236E-05	329.046077
4	1.16E-11	329.070696	0.0999999	4.26816E-05	329.070696
3.9	1.09E-11	329.095235	0.0999998	4.18405E-05	329.095235
3.8	1.08E-11	329.119771	0.1000001	4.10007E-05	329.119771
3.7	9.8E-12	329.144271	0.0999998	4.01608E-05	329.144271
3.6	9.5E-12	329.168882	0.1000001	3.93219E-05	329.168882
3.5	8.8E-12	329.193394	0.1000001	3.84841E-05	329.193394
3.4	8.3E-12	329.217949	0.1	3.76477E-05	329.217949
3.3	7.6E-12	329.242455	0.0999999	3.6812E-05	329.242455
3.2	6.9E-12	329.266956	0.0999998	3.59765E-05	329.266956
3.1	6.3E-12	329.291497	0.0999999	3.51421E-05	329.291497
3	5.4E-12	329.316013	0.1000001	3.43091E-05	329.316013
2.9	4.7E-12	329.340549	0.1000001	3.34767E-05	329.340549
2.8	1.08E-11	329.397676	0.0999999	3.26507E-05	329.397676
2.7	5E-12	329.422308	0.0999999	3.18198E-05	329.422308
2.6	3.8E-12	329.446847	0.1	3.099E-05	329.446847
2.5	2.6E-12	329.471362	0.1	3.01615E-05	329.471362
2.4	1.5E-12	329.49595	0.1	2.93336E-05	329.49595
2.3	4E-13	329.52051	0.0999998	2.85071E-05	329.52051
2.2	-6E-13	329.545039	0.0999999	2.76823E-05	329.545039
2.099999	2E-12	329.571496	0.1	2.68635E-05	329.571496
2	-2.4E-12	329.596053	0.1000002	2.60405E-05	329.596053
1.9	-3.5E-12	329.620595	0.1000002	2.52196E-05	329.620595
1.8	-4.5E-12	329.645122	0.1	2.43996E-05	329.645122
1.7	-5.5E-12	329.669627	0.1	2.35812E-05	329.669627
1.6	-6.6E-12	329.694171	0.1	2.27658E-05	329.694171
1.5	-8E-12	329.718672	0.1	2.1951E-05	329.718672
1.4	-9.5E-12	329.743203	0.0999998	2.11384E-05	329.743203
1.3	-1.13E-11	329.767701	0.0999997	2.03288E-05	329.767701
1.2	-1.24E-11	329.792311	0.1000001	1.95216E-05	329.792311
1.1	-1.37E-11	329.816851	0.0999998	1.87174E-05	329.816851
1	-1.56E-11	329.84142	0.1	1.79162E-05	329.84142
0.9	-1.02E-11	329.903301	0.0999999	1.71256E-05	329.903301
0.8	-1.7E-11	329.927894	0.0999999	1.63326E-05	329.927894
0.7	-1.92E-11	329.952456	0.0999998	1.55446E-05	329.952456
0.6	-2.17E-11	329.976968	0.0999997	1.47637E-05	329.976968
0.5	-2.4E-11	330.001547	0.1000001	1.39882E-05	330.001547
0.4	-2.65E-11	330.026048	0.0999999	1.32198E-05	330.026048
0.3	-2.9E-11	330.050566	0.0999999	1.24581E-05	330.050566
0.1999999	-2.8E-11	330.076963	0.1000002	1.17052E-05	330.076963
0.0999996	-3.33E-11	330.101497	0.0999999	1.09572E-05	330.101497
-4E-07	-3.58E-11	330.125985	0.0999998	1.02163E-05	330.125985
