#scan	iMeasureCycle=1	iMux=0	time=0.031	N=401	LocalTime=20/04/2023 05:49:42
#VGate(V)	IGate(A)	time(s)	VDrain(V)	IDrain(A)	time(s)
-2E-07	-1.511E-10	0.033901	0.1	2.05311E-05	0.033901
-0.1000005	-2.097E-10	0.058791	0.1000001	1.97037E-05	0.058791
-0.2000006	-2.587E-10	0.083287	0.0999999	1.88812E-05	0.083287
-0.300001	-1.902E-10	0.108121	0.1	1.80638E-05	0.108121
-0.4	-1.089E-10	0.132633	0.1000001	1.72491E-05	0.132633
-0.5	-8.37E-11	0.1572	0.1	1.64384E-05	0.1572
-0.6	-7.06E-11	0.181771	0.0999997	1.56323E-05	0.181771
-0.7	-6.39E-11	0.206276	0.0999998	1.48304E-05	0.206276
-0.8	-5.93E-11	0.230804	0.1	1.40337E-05	0.230804
-0.9	-5.61E-11	0.255318	0.1	1.32424E-05	0.255318
-1	-5.39E-11	0.279854	0.0999997	1.24577E-05	0.279854
-1.1	-5.3E-11	0.304367	0.0999998	1.16807E-05	0.304367
-1.2	-5.18E-11	0.328894	0.1000001	1.09106E-05	0.328894
-1.3	-5.15E-11	0.353409	0.1	1.01511E-05	0.353409
-1.4	-5.06E-11	0.377952	0.0999998	9.4014E-06	0.377952
-1.5	-4.67E-11	0.405043	0.1	8.66836E-06	0.405043
-1.6	-5E-11	0.429547	0.0999997	7.9456E-06	0.429547
-1.7	-5E-11	0.454128	0.0999998	7.2393E-06	0.454128
-1.8	-5.09E-11	0.478634	0.0999999	6.55128E-06	0.478634
-1.9	-5.08E-11	0.503206	0.1	5.88451E-06	0.503206
-2	-5.09E-11	0.527715	0.0999997	5.24195E-06	0.527715
-2.1	-5.03E-11	0.552283	0.0999998	4.62701E-06	0.552283
-2.2	-4.41E-11	0.600203	0.0999999	4.04548E-06	0.600203
-2.3	-4.93E-11	0.624797	0.1000001	3.49169E-06	0.624797
-2.4	-5E-11	0.649334	0.0999997	2.97566E-06	0.649334
-2.5	-5.07E-11	0.673856	0.0999999	2.49946E-06	0.673856
-2.6	-5.12E-11	0.698446	0.0999999	2.06466E-06	0.698446
-2.7	-5.14E-11	0.722953	0.0999999	1.67335E-06	0.722953
-2.8	-5.17E-11	0.747514	0.0999999	1.32605E-06	0.747514
-2.9	-5.22E-11	0.772043	0.0999999	1.02369E-06	0.772043
-3	-4.87E-11	0.799386	0.0999996	7.66709E-07	0.799386
-3.1	-5.3E-11	0.823944	0.0999996	5.52106E-07	0.823944
-3.2	-5.33E-11	0.848463	0.0999998	3.80161E-07	0.848463
-3.3	-5.41E-11	0.873012	0.0999998	2.47716E-07	0.873012
-3.4	-5.38E-11	0.897542	0.0999998	1.51064E-07	0.897542
-3.5	-4.85E-11	0.935206	0.0999951	8.60472E-08	0.935206
-3.6	-6.81E-11	0.958439	0.1000091	4.40659E-08	0.958439
-3.7	-6.95E-11	0.981647	0.1000044	2.04035E-08	0.981647
-3.8	-6.68E-11	1.004985	0.1000015	8.4425E-09	1.004985
-3.9	-6.87E-11	1.028263	0.1000009	3.1114E-09	1.028263
-4	-7.13E-11	1.051501	0.1000003	1.0184E-09	1.051501
-4.1	-4.97E-11	1.099794	0.0999998	2.967E-10	1.099794
-4.2	-7.01E-11	1.123086	0.1000002	6.72E-11	1.123086
-4.3	-6.91E-11	1.146386	0.1000002	9E-12	1.146386
-4.4	-6.91E-11	1.169732	0.1000004	-2.4E-12	1.169732
-4.5	-7.22E-11	1.192994	0.1000004	-3.5E-12	1.192994
-4.6	-7.04E-11	1.21629	0.1000002	-3.9E-12	1.21629
-4.7	-7.05E-11	1.239567	0.1000001	-3.7E-12	1.239567
-4.8	-7.21E-11	1.262786	0.1000002	-3.9E-12	1.262786
-4.9	-7.32E-11	1.286	0.1000001	-3.9E-12	1.286
-5	-7.17E-11	1.309296	0.1000001	-4E-12	1.309296
-5.1	-7.31E-11	1.332509	0.1000001	-4.1E-12	1.332509
-5.2	-7.35E-11	1.355727	0.1	-3.8E-12	1.355727
-5.3	-7.42E-11	1.378954	0.1	-3.8E-12	1.378954
-5.4	-7.43E-11	1.40217	0.1000003	-3.6E-12	1.40217
-5.5	-7.32E-11	1.425459	0.1000003	-3.8E-12	1.425459
-5.6	-7.3E-11	1.448744	0.1000002	-4E-12	1.448744
-5.7	-7.36E-11	1.472035	0.1	-4.1E-12	1.472035
-5.8	-7.54E-11	1.495301	0.1000002	-3.7E-12	1.495301
-5.9	-7.37E-11	1.518596	0.1000003	-3.8E-12	1.518596
-6	-7.53E-11	1.541836	0.1000001	-3.8E-12	1.541836
-6.1	-5.48E-11	1.598735	0.0999998	-5.5E-12	1.598735
-6.2	-7.47E-11	1.622036	0.1000002	-3.7E-12	1.622036
-6.3	-7.47E-11	1.645262	0.1000003	-3.8E-12	1.645262
-6.4	-7.56E-11	1.668474	0.1000001	-3.9E-12	1.668474
-6.5	-7.44E-11	1.691818	0.1000002	-3.7E-12	1.691818
-6.6	-7.45E-11	1.715102	0.1	-4E-12	1.715102
-6.7	-7.65E-11	1.73831	0.1000002	-3.8E-12	1.73831
-6.8	-7.65E-11	1.761518	0.1000001	-3.8E-12	1.761518
-6.9	-7.53E-11	1.784816	0.1	-3.9E-12	1.784816
-7	-7.69E-11	1.808034	0.1000001	-3.7E-12	1.808034
-7.1	-7.77E-11	1.831305	0.1000001	-3.6E-12	1.831305
-7.2	-7.74E-11	1.85452	0.1000002	-3.5E-12	1.85452
-7.3	-7.61E-11	1.877822	0.1	-3.7E-12	1.877822
-7.4	-7.62E-11	1.901111	0.0999999	-3.9E-12	1.901111
-7.5	-7.66E-11	1.924392	0.1	-3.8E-12	1.924392
-7.6	-7.6E-11	1.947715	0.1000002	-3.8E-12	1.947715
-7.7	-7.67E-11	1.970996	0.1000001	-3.4E-12	1.970996
-7.8	-7.92E-11	1.994224	0.1000003	-3.5E-12	1.994224
-7.9	-7.91E-11	2.017444	0.1000002	-3.4E-12	2.017444
-8	-7.8E-11	2.040754	0.1000002	-3.7E-12	2.040754
-8.1	-5.81E-11	2.100118	0.0999998	-5.5E-12	2.100118
-8.2	-7.75E-11	2.12344	0.1000002	-3.7E-12	2.12344
-8.3	-7.78E-11	2.146668	0.1000001	-3.2E-12	2.146668
-8.4	-7.67E-11	2.170002	0.1000002	-3.5E-12	2.170002
-8.5	-7.7E-11	2.193361	0.1000001	-3.6E-12	2.193361
-8.6	-7.87E-11	2.216579	0.1000001	-2.9E-12	2.216579
-8.7	-7.92E-11	2.239795	0.1000002	-3.4E-12	2.239795
-8.8	-7.79E-11	2.263082	0.1000001	-3.8E-12	2.263082
-8.9	-7.79E-11	2.286386	0.1000001	-3.8E-12	2.286386
-9	-8.02E-11	2.309585	0.1000003	-2.9E-12	2.309585
-9.1	-7.97E-11	2.332831	0.1000002	-3E-12	2.332831
-9.2	-7.82E-11	2.35611	0.1000003	-3.4E-12	2.35611
-9.3	-7.83E-11	2.379412	0.1000002	-3.3E-12	2.379412
-9.4	-8E-11	2.402637	0.1000001	-3.3E-12	2.402637
-9.5	-8.03E-11	2.425853	0.1000001	-3.5E-12	2.425853
-9.6	-7.93E-11	2.449137	0.1	-3.4E-12	2.449137
-9.7	-8.08E-11	2.472431	0.1000003	-3.8E-12	2.472431
-9.8	-8.08E-11	2.495706	0.1000001	-3.8E-12	2.495706
-9.9	-7.95E-11	2.519005	0.1000002	-4E-12	2.519005
-10	-7.92E-11	2.542319	0.1000004	-3.5E-12	2.542319
-9.90001	-5.6E-11	2.601722	0.0999997	-5.1E-12	2.601722
-9.80001	-3.43E-11	2.625021	0.0999994	-6.7E-12	2.625021
-9.70001	-3.5E-11	2.648355	0.0999997	-6.3E-12	2.648355
-9.60001	-3.35E-11	2.671701	0.0999997	-6.4E-12	2.671701
-9.50001	-2.92E-11	2.694961	0.0999998	-6.9E-12	2.694961
-9.40001	-2.8E-11	2.718175	0.0999997	-7E-12	2.718175
-9.30001	-2.84E-11	2.741463	0.0999998	-7.1E-12	2.741463
-9.20001	-2.75E-11	2.764756	0.0999999	-6.8E-12	2.764756
-9.10001	-2.51E-11	2.787969	0.0999998	-6.9E-12	2.787969
-9.00001	-2.48E-11	2.811178	0.0999998	-7.2E-12	2.811178
-8.90001	-2.54E-11	2.83452	0.0999998	-7.1E-12	2.83452
-8.80001	-2.29E-11	2.857731	0.0999998	-7.3E-12	2.857731
-8.70001	-2.29E-11	2.880968	0.0999998	-7.3E-12	2.880968
-8.60001	-2.19E-11	2.904185	0.0999996	-7.2E-12	2.904185
-8.50001	-2.29E-11	2.927479	0.0999996	-7.1E-12	2.927479
-8.40001	-2.29E-11	2.950767	0.0999998	-7E-12	2.950767
-8.30001	-2.05E-11	2.973972	0.0999996	-7.3E-12	2.973972
-8.20001	-1.96E-11	2.997188	0.0999997	-7.5E-12	2.997188
-8.10001	-1.95E-11	3.020409	0.0999997	-7.2E-12	3.020409
-8	-2.05E-11	3.043721	0.0999998	-7.2E-12	3.043721
-7.90001	-3.95E-11	3.10339	0.0999997	-5.4E-12	3.10339
-7.80001	-1.9E-11	3.126693	0.0999996	-7E-12	3.126693
-7.70001	-2.04E-11	3.149988	0.0999998	-7.1E-12	3.149988
-7.6	-1.76E-11	3.173261	0.0999997	-7.2E-12	3.173261
-7.50001	-1.69E-11	3.196516	0.0999998	-7.5E-12	3.196516
-7.40001	-1.84E-11	3.21982	0.0999998	-7.6E-12	3.21982
-7.30001	-1.8E-11	3.243105	0.0999997	-7.2E-12	3.243105
-7.2	-1.62E-11	3.266322	0.0999997	-7.3E-12	3.266322
-7.10001	-1.52E-11	3.289537	0.0999996	-7.1E-12	3.289537
-7.00001	-1.64E-11	3.31283	0.0999998	-7.1E-12	3.31283
-6.90001	-1.65E-11	3.336117	0.0999996	-7.1E-12	3.336117
-6.80001	-1.44E-11	3.359323	0.0999997	-7.4E-12	3.359323
-6.70001	-1.42E-11	3.382542	0.0999995	-7.2E-12	3.382542
-6.60001	-1.54E-11	3.405838	0.0999997	-7.1E-12	3.405838
-6.50001	-1.52E-11	3.429136	0.0999998	-7.1E-12	3.429136
-6.40001	-1.27E-11	3.452351	0.0999995	-7.4E-12	3.452351
-6.30001	-1.34E-11	3.475594	0.0999996	-7.6E-12	3.475594
-6.20001	-1.37E-11	3.498927	0.0999998	-7.6E-12	3.498927
-6.10001	-1.35E-11	3.522213	0.0999998	-7.4E-12	3.522213
-6.00001	-1.21E-11	3.545474	0.0999997	-7.4E-12	3.545474
-5.90001	-3.26E-11	3.604694	0.0999999	-5.9E-12	3.604694
-5.80001	-1.42E-11	3.628071	0.0999996	-7.5E-12	3.628071
-5.70001	-1.3E-11	3.651368	0.0999997	-7.7E-12	3.651368
-5.60001	-1.06E-11	3.674576	0.0999998	-7.7E-12	3.674576
-5.50001	-1.1E-11	3.697854	0.0999999	-7.5E-12	3.697854
-5.40001	-1.19E-11	3.721151	0.0999998	-7.5E-12	3.721151
-5.30001	-1.13E-11	3.744434	0.0999996	-6.9E-12	3.744434
-5.20001	-9.1E-12	3.767628	0.0999998	-7.5E-12	3.767628
-5.1	-8.7E-12	3.790847	0.0999997	-7.6E-12	3.790847
-5.00001	-9.7E-12	3.814142	0.0999997	-7.7E-12	3.814142
-4.90001	-9.7E-12	3.837489	0.0999998	-7.7E-12	3.837489
-4.80001	-7.8E-12	3.860692	0.0999996	-8.1E-12	3.860692
-4.7	-8.4E-12	3.883987	0.0999996	-8.6E-12	3.883987
-4.60001	-8.5E-12	3.907325	0.0999997	-7.9E-12	3.907325
-4.50001	-5.4E-12	3.930517	0.0999997	-7.3E-12	3.930517
-4.40001	-5.2E-12	3.95373	0.0999997	-2.6E-12	3.95373
-4.3	-6.4E-12	3.977015	0.0999999	2.43E-11	3.977015
-4.20001	-7.2E-12	4.000341	0.0999998	1.37E-10	4.000341
-4.10001	-4.3E-12	4.023572	0.1	5.303E-10	4.023572
-4.00001	-3.5E-12	4.046803	0.1	1.7142E-09	4.046803
-3.90001	-2.44E-11	4.106168	0.1000004	4.7121E-09	4.106168
-3.80001	-4.3E-12	4.129461	0.1000004	1.22643E-08	4.129461
-3.70001	-5.4E-12	4.152757	0.1000013	2.79541E-08	4.152757
-3.60001	-2.8E-12	4.176029	0.0999993	5.71577E-08	4.176029
-3.50001	-2.3E-11	4.224089	0.0999999	1.03683E-07	4.224089
-3.40001	-1.77E-11	4.248622	0.1000003	1.79481E-07	4.248622
-3.30001	-1.66E-11	4.273136	0.1000003	2.86188E-07	4.273136
-3.20001	-1.6E-11	4.297634	0.1000006	4.29175E-07	4.297634
-3.10001	-1.51E-11	4.322142	0.1000006	6.11821E-07	4.322142
-3.00001	-1.46E-11	4.346643	0.1000008	8.36238E-07	4.346643
-2.90001	-1.9E-11	4.381197	0.0999999	1.09996E-06	4.381197
-2.80001	-1.39E-11	4.405719	0.1000001	1.41337E-06	4.405719
-2.70001	-1.27E-11	4.430243	0.1	1.76987E-06	4.430243
-2.60001	-1.22E-11	4.454743	0.1000002	2.16965E-06	4.454743
-2.50001	-1.14E-11	4.479279	0.1000001	2.61157E-06	4.479279
-2.40001	-1.04E-11	4.503857	0.1000002	3.09404E-06	4.503857
-2.30001	-9.8E-12	4.528383	0.1	3.61469E-06	4.528383
-2.20001	-9E-12	4.55296	0.1000002	4.17011E-06	4.55296
-2.1	-1.54E-11	4.613639	0.1000002	4.74975E-06	4.613639
-2.000001	-9.4E-12	4.638272	0.0999999	5.37198E-06	4.638272
-1.9	-8.1E-12	4.662792	0.0999998	6.01774E-06	4.662792
-1.800001	-6.8E-12	4.68732	0.1	6.68669E-06	4.68732
-1.7	-5.9E-12	4.711865	0.1000001	7.37553E-06	4.711865
-1.6	-4.9E-12	4.736378	0.1000001	8.08205E-06	4.736378
-1.5	-3.5E-12	4.760877	0.0999999	8.80456E-06	4.760877
-1.4	-2.6E-12	4.785406	0.0999999	9.54056E-06	4.785406
-1.3	-1.3E-12	4.809877	0.1000001	1.028869E-05	4.809877
-1.200001	-5.6E-12	4.844516	0.1000003	1.10404E-05	4.844516
-1.100001	1E-13	4.869021	0.1	1.18099E-05	4.869021
-1	1.5E-12	4.893532	0.0999999	1.25856E-05	4.893532
-0.9	3.2E-12	4.918037	0.1	1.33685E-05	4.918037
-0.8	4.5E-12	4.942586	0.0999999	1.41576E-05	4.942586
-0.700001	6.1E-12	4.967092	0.1000002	1.49519E-05	4.967092
-0.6	7.5E-12	4.991616	0.0999999	1.57513E-05	4.991616
-0.500001	8.9E-12	5.016131	0.0999998	1.65546E-05	5.016131
-0.400001	9.6E-12	5.040885	0.0999999	1.73624E-05	5.040885
-0.3	1.2E-11	5.065407	0.1	1.81739E-05	5.065407
-0.1999999	7.5E-12	5.112459	0.0999999	1.89849E-05	5.112459
-0.0999998	1.33E-11	5.137083	0.1	1.98052E-05	5.137083
3E-07	1.57E-11	5.161605	0.1	2.06295E-05	5.161605
0.1000004	1.8E-11	5.186199	0.0999999	2.14574E-05	5.186199
0.2000004	2.02E-11	5.210733	0.1000001	2.22902E-05	5.210733
0.299999	2.19E-11	5.235453	0.0999999	2.31273E-05	5.235453
0.399999	2.41E-11	5.259956	0.1000001	2.39685E-05	5.259956
0.5	2.59E-11	5.28445	0.1	2.48134E-05	5.28445
0.599999	2.75E-11	5.308978	0.1000001	2.56606E-05	5.308978
0.7	2.99E-11	5.333513	0.1000001	2.65117E-05	5.333513
0.799999	3.16E-11	5.358063	0.1	2.73637E-05	5.358063
0.9	3.35E-11	5.382564	0.1	2.82174E-05	5.382564
0.999999	3.51E-11	5.407101	0.1000002	2.9073E-05	5.407101
1.1	3.68E-11	5.431617	0.1000002	2.99292E-05	5.431617
1.2	3.86E-11	5.456141	0.1000001	3.07872E-05	5.456141
1.3	3.97E-11	5.480639	0.1000001	3.16452E-05	5.480639
1.4	4.11E-11	5.505222	0.1000002	3.25037E-05	5.505222
1.5	4.27E-11	5.52974	0.1000001	3.33638E-05	5.52974
1.6	4.35E-11	5.554266	0.0999999	3.42246E-05	5.554266
1.699999	3.72E-11	5.612336	0.1000001	3.50748E-05	5.612336
1.8	4.25E-11	5.636935	0.1000001	3.59404E-05	5.636935
1.899999	4.39E-11	5.661477	0.1000002	3.68045E-05	5.661477
2	4.52E-11	5.685975	0.1	3.7668E-05	5.685975
2.099999	4.57E-11	5.71055	0.1000002	3.85325E-05	5.71055
2.19999	4.66E-11	5.735264	0.1000003	3.9395E-05	5.735264
2.29999	4.75E-11	5.759793	0.1	4.02589E-05	5.759793
2.39999	4.78E-11	5.784309	0.1000001	4.11241E-05	5.784309
2.49999	4.82E-11	5.808897	0.0999999	4.19901E-05	5.808897
2.59999	4.87E-11	5.833438	0.1000002	4.28569E-05	5.833438
2.69999	4.96E-11	5.857947	0.1000001	4.37246E-05	5.857947
2.79999	5.02E-11	5.882493	0.1000003	4.45914E-05	5.882493
2.89999	5.03E-11	5.907005	0.1000001	4.54599E-05	5.907005
2.99999	5.09E-11	5.931539	0.1000002	4.63287E-05	5.931539
3.09999	5.16E-11	5.95604	0.1000001	4.71975E-05	5.95604
3.19999	5.17E-11	5.980589	0.1	4.80674E-05	5.980589
3.29999	5.26E-11	6.005092	0.1000001	4.89379E-05	6.005092
3.39999	5.27E-11	6.029645	0.1000003	4.98088E-05	6.029645
3.49999	5.24E-11	6.054177	0.1000001	5.06805E-05	6.054177
3.59999	4.54E-11	6.113702	0.0999999	5.15423E-05	6.113702
3.69999	5.09E-11	6.138293	0.0999998	5.24181E-05	6.138293
3.79999	5.17E-11	6.162842	0.0999999	5.32938E-05	6.162842
3.89999	5.24E-11	6.187411	0.1000001	5.41692E-05	6.187411
3.99999	5.31E-11	6.212007	0.1000003	5.50454E-05	6.212007
4.09999	5.37E-11	6.236522	0.1000002	5.59218E-05	6.236522
4.19999	5.39E-11	6.261068	0.1000001	5.67979E-05	6.261068
4.29999	5.43E-11	6.285566	0.1	5.7676E-05	6.285566
4.39999	5.41E-11	6.310085	0.1	5.8554E-05	6.310085
4.49999	5.39E-11	6.334644	0.1000002	5.94327E-05	6.334644
4.59999	5.45E-11	6.359145	0.1	6.03118E-05	6.359145
4.69999	5.49E-11	6.383649	0.1	6.1193E-05	6.383649
4.79999	5.53E-11	6.408152	0.1000001	6.20739E-05	6.408152
4.89999	5.57E-11	6.432682	0.1000001	6.29555E-05	6.432682
4.99999	5.56E-11	6.457197	0.1000001	6.38383E-05	6.457197
5.09999	5.55E-11	6.481695	0.1	6.47222E-05	6.481695
5.19999	5.55E-11	6.506296	0.0999998	6.5606E-05	6.506296
5.29999	5.57E-11	6.530911	0.1000001	6.64905E-05	6.530911
5.39999	5.6E-11	6.555443	0.0999999	6.7376E-05	6.555443
5.49999	4.95E-11	6.615088	0.0999998	6.82521E-05	6.615088
5.59999	5.47E-11	6.639646	0.0999998	6.91431E-05	6.639646
5.69999	5.55E-11	6.664164	0.1000001	7.00325E-05	6.664164
5.79999	5.58E-11	6.688702	0.1	7.09225E-05	6.688702
5.89999	5.63E-11	6.713277	0.1	7.18134E-05	6.713277
5.99999	5.65E-11	6.737794	0.1000001	7.27041E-05	6.737794
6.09999	5.66E-11	6.762352	0.1	7.35955E-05	6.762352
6.19999	5.73E-11	6.786864	0.1000001	7.44872E-05	6.786864
6.29999	5.75E-11	6.811426	0.0999998	7.53804E-05	6.811426
6.39999	5.74E-11	6.835939	0.0999999	7.62762E-05	6.835939
6.49999	5.74E-11	6.86048	0.0999999	7.71687E-05	6.86048
6.59999	5.78E-11	6.884994	0.0999999	7.80652E-05	6.884994
6.69999	5.82E-11	6.909515	0.0999997	7.89615E-05	6.909515
6.79999	5.85E-11	6.934027	0.1	7.98591E-05	6.934027
6.89999	5.81E-11	6.958551	0.1000003	8.07575E-05	6.958551
6.99999	5.84E-11	6.983093	0.1000001	8.16546E-05	6.983093
7.09999	5.82E-11	7.007606	0.1	8.25542E-05	7.007606
7.19999	5.83E-11	7.032134	0.1	8.34565E-05	7.032134
7.29999	5.91E-11	7.056677	0.1000002	8.43584E-05	7.056677
7.39999	5.22E-11	7.117114	0.1	8.52508E-05	7.117114
7.49999	5.69E-11	7.141727	0.1000003	8.61582E-05	7.141727
7.59999	5.81E-11	7.166241	0.1000001	8.70632E-05	7.166241
7.69999	5.85E-11	7.190852	0.1	8.79704E-05	7.190852
7.79999	5.81E-11	7.215426	0.1000001	8.88758E-05	7.215426
7.89999	5.92E-11	7.239953	0.1	8.97831E-05	7.239953
7.99999	5.91E-11	7.264462	0.1	9.06903E-05	7.264462
8.09999	5.91E-11	7.288983	0.0999999	9.16006E-05	7.288983
8.19999	5.96E-11	7.313481	0.1	9.2508E-05	7.313481
8.29999	5.93E-11	7.338012	0.1000002	9.34186E-05	7.338012
8.39999	5.97E-11	7.362598	0.1	9.43302E-05	7.362598
8.49999	5.97E-11	7.387107	0.0999998	9.52433E-05	7.387107
8.59999	6.01E-11	7.411666	0.1000001	9.61558E-05	7.411666
8.69999	6.06E-11	7.436273	0.1000001	9.7069E-05	7.436273
8.79999	6.01E-11	7.460802	0.0999999	9.79843E-05	7.460802
8.89999	6.04E-11	7.485323	0.1000002	9.89007E-05	7.485323
8.99999	6.08E-11	7.509908	0.1	9.98168E-05	7.509908
9.09999	6.11E-11	7.534419	0.1000001	0.0001007352	7.534419
9.19999	6.09E-11	7.558983	0.1000002	0.0001016546	7.558983
9.29999	5.51E-11	7.613903	0.1000002	0.0001025631	7.613903
9.39999	5.94E-11	7.638486	0.1000001	0.0001034882	7.638486
9.49999	5.98E-11	7.66301	0.1000002	0.0001044121	7.66301
9.59999	5.66E-11	7.692611	0.1	0.000105304	7.692611
9.69999	6.05E-11	7.717234	0.1000001	0.00010623	7.717234
9.79999	6.08E-11	7.741747	0.1000001	0.000107155	7.741747
9.89999	6.08E-11	7.76628	0.1000001	0.000108081	7.76628
9.99999	6.1E-11	7.790809	0.1	0.000109008	7.790809
9.9	4.82E-11	7.815342	0.0999999	0.000108069	7.815342
9.8	4.51E-11	7.839896	0.0999998	0.000107133	7.839896
9.7	4.33E-11	7.864439	0.1000001	0.0001062	7.864439
9.6	4.13E-11	7.888938	0.1000004	0.000105269	7.888938
9.5	3.99E-11	7.913468	0.0999999	0.00010434	7.913468
9.4	3.84E-11	7.937965	0.1000001	0.000103412	7.937965
9.3	3.76E-11	7.96251	0.1000001	0.000102485	7.96251
9.2	3.62E-11	7.987016	0.0999999	0.00010156	7.987016
9.1	3.61E-11	8.011529	0.1	0.000100637	8.011529
9	3.54E-11	8.036055	0.1	9.9712E-05	8.036055
8.9	3.42E-11	8.060589	0.1	9.8794E-05	8.060589
8.8	3.99E-11	8.122372	0.1	9.7872E-05	8.122372
8.7	3.46E-11	8.147027	0.0999999	9.6948E-05	8.147027
8.6	3.39E-11	8.171617	0.1	9.6026E-05	8.171617
8.5	3.26E-11	8.196132	0.1	9.5105E-05	8.196132
8.4	3.17E-11	8.220695	0.0999999	9.4186E-05	8.220695
8.3	3.15E-11	8.245223	0.1000001	9.3266E-05	8.245223
8.2	3.13E-11	8.269756	0.1	9.2349E-05	8.269756
8.1	3.05E-11	8.294272	0.0999998	9.1431E-05	8.294272
8	3.03E-11	8.318798	0.1	9.0513E-05	8.318798
7.9	2.95E-11	8.343308	0.1000001	8.96E-05	8.343308
7.8	3.26E-11	8.37121	0.0999998	8.87169E-05	8.37121
7.7	2.92E-11	8.39576	0.0999999	8.78039E-05	8.39576
7.6	2.87E-11	8.420292	0.1000001	8.68918E-05	8.420292
7.5	2.81E-11	8.444838	0.0999999	8.59799E-05	8.444838
7.4	2.72E-11	8.469355	0.1	8.507E-05	8.469355
7.3	2.7E-11	8.4939	0.0999998	8.41613E-05	8.4939
7.2	2.64E-11	8.518461	0.1	8.32527E-05	8.518461
7.1	2.61E-11	8.543008	0.1	8.23436E-05	8.543008
7	2.57E-11	8.567551	0.0999999	8.14368E-05	8.567551
6.9	3.13E-11	8.624095	0.1000002	8.05376E-05	8.624095
6.8	2.62E-11	8.648668	0.0999998	7.96309E-05	8.648668
6.7	2.57E-11	8.673231	0.1	7.8725E-05	8.673231
6.6	2.5E-11	8.697735	0.0999999	7.78206E-05	8.697735
6.5	2.43E-11	8.722326	0.0999998	7.69169E-05	8.722326
6.4	2.43E-11	8.746869	0.0999997	7.6013E-05	8.746869
6.3	2.4E-11	8.771437	0.0999999	7.51115E-05	8.771437
6.2	2.34E-11	8.79598	0.0999997	7.42107E-05	8.79598
6.1	2.28E-11	8.820491	0.0999998	7.33111E-05	8.820491
6	2.23E-11	8.845104	0.0999999	7.24114E-05	8.845104
5.9	2.2E-11	8.869611	0.1000001	7.15127E-05	8.869611
5.8	2.13E-11	8.894134	0.0999998	7.06157E-05	8.894134
5.7	2.07E-11	8.918631	0.1000001	6.97189E-05	8.918631
5.6	2.08E-11	8.943232	0.1000002	6.88216E-05	8.943232
5.5	2.03E-11	8.967737	0.1000002	6.79256E-05	8.967737
5.4	1.98E-11	8.992261	0.0999998	6.70311E-05	8.992261
5.3	1.94E-11	9.016778	0.0999998	6.61369E-05	9.016778
5.2	1.9E-11	9.04133	0.1	6.52437E-05	9.04133
5.1	1.92E-11	9.065867	0.1000001	6.43505E-05	9.065867
5	2.49E-11	9.122812	0.0999998	6.34651E-05	9.122812
4.9	2E-11	9.147441	0.0999999	6.25729E-05	9.147441
4.8	1.85E-11	9.171995	0.0999998	6.16812E-05	9.171995
4.7	1.76E-11	9.196587	0.0999997	6.07913E-05	9.196587
4.6	1.73E-11	9.221153	0.1000003	5.99032E-05	9.221153
4.5	1.71E-11	9.245682	0.0999999	5.90141E-05	9.245682
4.4	1.64E-11	9.270198	0.0999999	5.81269E-05	9.270198
4.3	1.57E-11	9.294724	0.0999999	5.7241E-05	9.294724
4.2	1.48E-11	9.319232	0.0999997	5.63546E-05	9.319232
4.1	1.47E-11	9.343834	0.1000001	5.54693E-05	9.343834
4	1.41E-11	9.368349	0.1000001	5.45849E-05	9.368349
3.9	1.37E-11	9.3929	0.1000001	5.37022E-05	9.3929
3.8	1.25E-11	9.417397	0.1000001	5.28193E-05	9.417397
3.7	1.24E-11	9.441904	0.0999998	5.19373E-05	9.441904
3.6	1.18E-11	9.466434	0.1000001	5.1056E-05	9.466434
3.5	1.09E-11	9.49094	0.1	5.0176E-05	9.49094
3.4	1.1E-11	9.515508	0.1	4.92958E-05	9.515508
3.3	9.7E-12	9.540027	0.0999998	4.8417E-05	9.540027
3.2	9.4E-12	9.564567	0.0999999	4.7539E-05	9.564567
3.1	1.55E-11	9.62509	0.1	4.66671E-05	9.62509
3	9.8E-12	9.649672	0.0999998	4.57893E-05	9.649672
2.9	8.8E-12	9.674241	0.1000002	4.49127E-05	9.674241
2.8	7.7E-12	9.698739	0.0999998	4.40378E-05	9.698739
2.7	6.6E-12	9.723313	0.1	4.31631E-05	9.723313
2.6	5.5E-12	9.747819	0.1	4.22898E-05	9.747819
2.5	4.8E-12	9.772335	0.1	4.14168E-05	9.772335
2.4	3.9E-12	9.796868	0.1	4.05445E-05	9.796868
2.3	3.4E-12	9.821408	0.1	3.96738E-05	9.821408
2.2	2.5E-12	9.846009	0.0999998	3.88043E-05	9.846009
2.099999	4.2E-12	9.872445	0.1	3.79369E-05	9.872445
2	0	9.896948	0.0999998	3.70682E-05	9.896948
1.9	-8E-13	9.921453	0.1	3.62015E-05	9.921453
1.8	-2.2E-12	9.945954	0.1000002	3.5335E-05	9.945954
1.7	-2.9E-12	9.970478	0.1000001	3.44698E-05	9.970478
1.6	-4.2E-12	9.994973	0.1000001	3.36062E-05	9.994973
1.5	-5.6E-12	10.019492	0.1000002	3.27443E-05	10.019492
1.4	-6.8E-12	10.043998	0.1	3.18827E-05	10.043998
1.3	-8.3E-12	10.068634	0.1	3.10226E-05	10.068634
1.2	-3.1E-12	10.12607	0.0999999	3.01693E-05	10.12607
1.1	-9.1E-12	10.150709	0.1	2.9312E-05	10.150709
1	-1.14E-11	10.175227	0.0999999	2.84575E-05	10.175227
0.9	-1.32E-11	10.199798	0.1	2.76054E-05	10.199798
0.8	-1.5E-11	10.224364	0.1000001	2.6755E-05	10.224364
0.7	-1.72E-11	10.248882	0.1000001	2.59079E-05	10.248882
0.6	-1.93E-11	10.273427	0.1000001	2.50645E-05	10.273427
0.5	-2.11E-11	10.297933	0.0999999	2.42249E-05	10.297933
0.4	-2.34E-11	10.322454	0.0999999	2.33889E-05	10.322454
0.3	-2.57E-11	10.346953	0.0999999	2.2558E-05	10.346953
0.1999998	-2.47E-11	10.373351	0.0999999	2.1733E-05	10.373351
0.0999995	-3E-11	10.397879	0.0999999	2.09117E-05	10.397879
-5E-07	-3.25E-11	10.422376	0.0999999	2.00958E-05	10.422376
#scan	iMeasureCycle=2	iMux=0	time=279.767	N=401	LocalTime=20/04/2023 05:54:22
#VGate(V)	IGate(A)	time(s)	VDrain(V)	IDrain(A)	time(s)
-1E-07	-1.1E-11	279.774469	0.0999998	2.03088E-05	279.774469
-0.1000004	-1.84E-11	279.799351	0.0999999	1.9486E-05	279.799351
-0.2000001	-2.04E-11	279.825022	0.0999999	1.86685E-05	279.825022
-0.3	-2.59E-11	279.849779	0.1000001	1.78542E-05	279.849779
-0.4	-2.86E-11	279.874332	0.1000002	1.70451E-05	279.874332
-0.5	-3.16E-11	279.898842	0.0999999	1.62392E-05	279.898842
-0.6	-3.32E-11	279.923403	0.1000001	1.54371E-05	279.923403
-0.7	-3.49E-11	279.947937	0.1	1.46404E-05	279.947937
-0.8	-3.69E-11	279.972462	0.1000001	1.38486E-05	279.972462
-0.9	-3.88E-11	279.997044	0.1	1.30632E-05	279.997044
-1	-3.97E-11	280.021575	0.1	1.22842E-05	280.021575
-1.1	-4.07E-11	280.046097	0.1000001	1.15126E-05	280.046097
-1.2	-4.24E-11	280.070705	0.1	1.07493E-05	280.070705
-1.3	-4.32E-11	280.095221	0.1	9.996E-06	280.095221
-1.4	-4.41E-11	280.119752	0.0999997	9.2541E-06	280.119752
-1.5	-4.13E-11	280.147149	0.1000001	8.52792E-06	280.147149
-1.6	-4.55E-11	280.171666	0.0999999	7.81276E-06	280.171666
-1.7	-4.6E-11	280.196163	0.0999998	7.11356E-06	280.196163
-1.8	-4.68E-11	280.220676	0.0999999	6.43379E-06	280.220676
-1.9	-4.77E-11	280.245217	0.1	5.77514E-06	280.245217
-2	-4.8E-11	280.269771	0.1	5.1415E-06	280.269771
-2.1	-4.86E-11	280.294285	0.0999999	4.53365E-06	280.294285
-2.2	-4.35E-11	280.335983	0.1	3.95781E-06	280.335983
-2.3	-4.82E-11	280.360509	0.0999998	3.41287E-06	280.360509
-2.4	-4.93E-11	280.385048	0.0999999	2.90542E-06	280.385048
-2.5	-4.99E-11	280.409648	0.0999999	2.43677E-06	280.409648
-2.6	-5.06E-11	280.43428	0.1	2.00908E-06	280.43428
-2.7	-5.12E-11	280.458782	0.1	1.62489E-06	280.458782
-2.8	-5.16E-11	280.483296	0.1	1.28402E-06	280.483296
-2.9	-5.21E-11	280.507907	0.1	9.8754E-07	280.507907
-3	-4.84E-11	280.535207	0.0999997	7.36816E-07	280.535207
-3.1	-5.25E-11	280.55975	0.0999996	5.27848E-07	280.55975
-3.2	-5.32E-11	280.584252	0.0999997	3.60973E-07	280.584252
-3.3	-5.37E-11	280.608757	0.0999998	2.33533E-07	280.608757
-3.4	-5.34E-11	280.633254	0.0999998	1.41159E-07	280.633254
-3.5	-4.87E-11	280.67093	0.0999962	7.95648E-08	280.67093
-3.6	-6.85E-11	280.694147	0.1000082	4.02145E-08	280.694147
-3.7	-6.95E-11	280.717349	0.1000048	1.83887E-08	280.717349
-3.8	-6.95E-11	280.740611	0.1000022	7.5007E-09	280.740611
-3.9	-6.85E-11	280.763909	0.1000008	2.7172E-09	280.763909
-4	-7.05E-11	280.78711	0.1000005	8.622E-10	280.78711
-4.1	-4.92E-11	280.840481	0.0999999	2.475E-10	280.840481
-4.2	-6.91E-11	280.863699	0.1000002	5.23E-11	280.863699
-4.3	-6.8E-11	280.887003	0.1	5.3E-12	280.887003
-4.4	-6.51E-11	280.91049	0.1000002	-3.4E-12	280.91049
-4.5	-6.96E-11	280.933838	0.1000001	-4E-12	280.933838
-4.6	-6.99E-11	280.957139	0.1000002	-4E-12	280.957139
-4.7	-7.12E-11	280.980362	0.1000002	-4.3E-12	280.980362
-4.8	-7.28E-11	281.003658	0.1000002	-4.3E-12	281.003658
-4.9	-7.15E-11	281.026952	0.1000001	-4E-12	281.026952
-5	-7.13E-11	281.050245	0.1000001	-4.3E-12	281.050245
-5.1	-7.31E-11	281.073531	0.1000002	-4.3E-12	281.073531
-5.2	-7.34E-11	281.096748	0.1000001	-4.2E-12	281.096748
-5.3	-7.25E-11	281.120034	0.1	-4.3E-12	281.120034
-5.4	-7.18E-11	281.143323	0.1000001	-4.5E-12	281.143323
-5.5	-7.53E-11	281.166542	0.1000002	-4.2E-12	281.166542
-5.6	-7.32E-11	281.189833	0.1000001	-4.4E-12	281.189833
-5.7	-7.34E-11	281.213112	0.0999999	-4.2E-12	281.213112
-5.8	-7.55E-11	281.236323	0.1000001	-4E-12	281.236323
-5.9	-7.37E-11	281.259625	0.1000001	-4.4E-12	281.259625
-6	-7.38E-11	281.28292	0.1000001	-4.4E-12	281.28292
-6.1	-5.4E-11	281.338982	0.0999999	-5.7E-12	281.338982
-6.2	-7.23E-11	281.362294	0.1000001	-4E-12	281.362294
-6.3	-7.33E-11	281.38559	0.1000002	-3.9E-12	281.38559
-6.4	-7.54E-11	281.408866	0.1	-4.1E-12	281.408866
-6.5	-7.3E-11	281.432243	0.0999999	-4.4E-12	281.432243
-6.6	-7.45E-11	281.45555	0.1000001	-4E-12	281.45555
-6.7	-7.6E-11	281.478845	0.1000002	-3.6E-12	281.478845
-6.8	-7.6E-11	281.502144	0.1000002	-3.6E-12	281.502144
-6.9	-7.51E-11	281.525435	0.1000001	-4.1E-12	281.525435
-7	-7.61E-11	281.548757	0.1	-4.2E-12	281.548757
-7.1	-7.72E-11	281.57198	0.1000001	-4.2E-12	281.57198
-7.2	-7.54E-11	281.595272	0.1000001	-4E-12	281.595272
-7.3	-7.59E-11	281.618562	0.1000001	-3.7E-12	281.618562
-7.4	-7.74E-11	281.641784	0.1	-3.8E-12	281.641784
-7.5	-7.81E-11	281.665004	0.1000002	-3.8E-12	281.665004
-7.6	-7.69E-11	281.688297	0.1000001	-3.9E-12	281.688297
-7.7	-7.68E-11	281.711571	0.1000002	-3.8E-12	281.711571
-7.8	-7.86E-11	281.734867	0.1	-3.7E-12	281.734867
-7.9	-7.87E-11	281.758095	0.1000002	-3.5E-12	281.758095
-8	-7.71E-11	281.781382	0.1000001	-4E-12	281.781382
-8.1	-5.79E-11	281.836241	0.1	-5.4E-12	281.836241
-8.2	-7.61E-11	281.859551	0.1	-3.8E-12	281.859551
-8.3	-7.55E-11	281.882907	0.1000002	-4E-12	281.882907
-8.4	-7.87E-11	281.906107	0.1000002	-3.5E-12	281.906107
-8.5	-7.86E-11	281.929361	0.1000001	-3.4E-12	281.929361
-8.6	-7.69E-11	281.952738	0.1000001	-3.6E-12	281.952738
-8.7	-7.87E-11	281.975957	0.1000002	-3.6E-12	281.975957
-8.8	-7.9E-11	281.999256	0.1000001	-3.5E-12	281.999256
-8.9	-7.7E-11	282.022587	0.1	-4E-12	282.022587
-9	-7.77E-11	282.045863	0.1000001	-3.5E-12	282.045863
-9.1	-7.97E-11	282.069134	0.0999999	-3.7E-12	282.069134
-9.2	-8E-11	282.092357	0.1000002	-3.3E-12	282.092357
-9.3	-7.9E-11	282.115646	0.1000002	-3.8E-12	282.115646
-9.4	-7.9E-11	282.138944	0.1000002	-3.9E-12	282.138944
-9.5	-8E-11	282.162172	0.1000001	-3.8E-12	282.162172
-9.6	-8.04E-11	282.185383	0.1000002	-3.7E-12	282.185383
-9.7	-7.96E-11	282.208669	0.1000001	-3.5E-12	282.208669
-9.8	-7.97E-11	282.231949	0.1000001	-3.6E-12	282.231949
-9.9	-8.17E-11	282.255262	0.1000002	-3.6E-12	282.255262
-10	-8.18E-11	282.278465	0.1000002	-3.6E-12	282.278465
-9.90001	-4.09E-11	282.301767	0.0999995	-6.9E-12	282.301767
-9.80001	-5.45E-11	282.342104	0.1000001	-5.4E-12	282.342104
-9.70001	-3.37E-11	282.365352	0.0999998	-7.3E-12	282.365352
-9.60001	-3.15E-11	282.388571	0.0999996	-7.2E-12	282.388571
-9.50001	-3.14E-11	282.411909	0.0999996	-6.9E-12	282.411909
-9.40001	-2.99E-11	282.435251	0.0999998	-7.2E-12	282.435251
-9.30001	-2.71E-11	282.45852	0.0999997	-7.3E-12	282.45852
-9.20001	-2.67E-11	282.481746	0.0999996	-7.2E-12	282.481746
-9.10001	-2.73E-11	282.505126	0.0999997	-7.1E-12	282.505126
-9.00001	-2.46E-11	282.528331	0.0999996	-7.2E-12	282.528331
-8.90001	-2.45E-11	282.551545	0.0999997	-7.7E-12	282.551545
-8.80001	-2.33E-11	282.574772	0.0999997	-7.7E-12	282.574772
-8.70001	-2.46E-11	282.598059	0.0999998	-7.5E-12	282.598059
-8.60001	-2.38E-11	282.621336	0.0999996	-7.6E-12	282.621336
-8.50001	-2.16E-11	282.644544	0.0999999	-7.5E-12	282.644544
-8.40001	-2.13E-11	282.667764	0.0999996	-7.8E-12	282.667764
-8.30001	-2.21E-11	282.691061	0.0999996	-7E-12	282.691061
-8.20001	-2.13E-11	282.714344	0.0999997	-7.1E-12	282.714344
-8.10001	-1.99E-11	282.737607	0.0999998	-7.5E-12	282.737607
-8	-1.97E-11	282.760912	0.0999996	-7.5E-12	282.760912
-7.90001	-2.08E-11	282.784212	0.0999997	-7.5E-12	282.784212
-7.80001	-3.88E-11	282.843676	0.0999997	-5.8E-12	282.843676
-7.70001	-1.95E-11	282.866924	0.0999998	-7.8E-12	282.866924
-7.6	-1.83E-11	282.890153	0.0999998	-7.6E-12	282.890153
-7.50001	-1.97E-11	282.913447	0.0999995	-7.4E-12	282.913447
-7.40001	-1.76E-11	282.936708	0.0999999	-7.4E-12	282.936708
-7.30001	-1.71E-11	282.959926	0.0999997	-8.1E-12	282.959926
-7.2	-1.81E-11	282.983233	0.0999998	-7.7E-12	282.983233
-7.10001	-1.75E-11	283.006608	0.0999998	-7.9E-12	283.006608
-7.00001	-1.73E-11	283.029894	0.1	-7.7E-12	283.029894
-6.90001	-1.51E-11	283.053096	0.0999997	-8E-12	283.053096
-6.80001	-1.61E-11	283.076433	0.0999996	-7.6E-12	283.076433
-6.70001	-1.62E-11	283.099725	0.0999997	-7.7E-12	283.099725
-6.60001	-1.36E-11	283.122922	0.0999995	-7.9E-12	283.122922
-6.50001	-1.52E-11	283.146213	0.0999996	-7.2E-12	283.146213
-6.40001	-1.42E-11	283.169502	0.0999999	-7.7E-12	283.169502
-6.30001	-1.28E-11	283.192727	0.0999996	-7.8E-12	283.192727
-6.20001	-1.41E-11	283.216021	0.1	-7.9E-12	283.216021
-6.10001	-1.16E-11	283.239216	0.0999999	-8.2E-12	283.239216
-6.00001	-1.29E-11	283.262493	0.0999998	-7.9E-12	283.262493
-5.90001	-1.31E-11	283.285799	0.0999999	-7.4E-12	283.285799
-5.80001	-3.23E-11	283.345082	0.0999998	-6.3E-12	283.345082
-5.70001	-1.21E-11	283.368315	0.0999994	-8.1E-12	283.368315
-5.60001	-1.29E-11	283.391611	0.0999997	-7.9E-12	283.391611
-5.50001	-1.1E-11	283.414909	0.0999996	-8E-12	283.414909
-5.40001	-1.03E-11	283.438188	0.0999998	-8E-12	283.438188
-5.30001	-9.8E-12	283.461406	0.0999998	-8.1E-12	283.461406
-5.20001	-1.05E-11	283.484708	0.1	-7.6E-12	283.484708
-5.1	-1.02E-11	283.508088	0.0999998	-7.9E-12	283.508088
-5.00001	-8.1E-12	283.531303	0.0999997	-8.2E-12	283.531303
-4.90001	-9.1E-12	283.554598	0.0999998	-8.2E-12	283.554598
-4.80001	-8.8E-12	283.577882	0.0999998	-7.8E-12	283.577882
-4.7	-6.6E-12	283.601087	0.0999998	-8.6E-12	283.601087
-4.60001	-5.8E-12	283.624308	0.0999998	-8.7E-12	283.624308
-4.50001	-7.2E-12	283.647605	0.0999997	-7.6E-12	283.647605
-4.40001	-6.9E-12	283.671014	0.0999998	-3.7E-12	283.671014
-4.3	-6.9E-12	283.694313	0.0999998	1.81E-11	283.694313
-4.20001	-4.1E-12	283.71751	0.0999997	1.121E-10	283.71751
-4.10001	-5.7E-12	283.740846	0.0999999	4.473E-10	283.740846
-4.00001	-5.2E-12	283.764133	0.1000001	1.4827E-09	283.764133
-3.90001	-2.3E-12	283.787351	0.1000001	4.2776E-09	283.787351
-3.80001	-2.38E-11	283.846489	0.1000011	1.06497E-08	283.846489
-3.70001	-3.4E-12	283.869712	0.0999997	2.51064E-08	283.869712
-3.60001	-4.2E-12	283.893004	0.1000002	5.22768E-08	283.893004
-3.50001	-3.5E-12	283.91628	0.099997	9.83118E-08	283.91628
-3.40001	-2.17E-11	283.955801	0.1	1.67044E-07	283.955801
-3.30001	-1.68E-11	283.980342	0.1000004	2.70117E-07	283.980342
-3.20001	-1.54E-11	284.004947	0.1000006	4.08007E-07	284.004947
-3.10001	-1.5E-11	284.029464	0.1000005	5.85175E-07	284.029464
-3.00001	-1.36E-11	284.05397	0.1000007	8.03696E-07	284.05397
-2.90001	-1.84E-11	284.088587	0.1000001	1.06158E-06	284.088587
-2.80001	-1.34E-11	284.113097	0.0999999	1.36874E-06	284.113097
-2.70001	-1.29E-11	284.137621	0.1000002	1.71859E-06	284.137621
-2.60001	-1.19E-11	284.162131	0.1000001	2.11102E-06	284.162131
-2.50001	-1.12E-11	284.186675	0.1000002	2.54555E-06	284.186675
-2.40001	-1.06E-11	284.211191	0.1000001	3.02025E-06	284.211191
-2.30001	-9.5E-12	284.235715	0.0999999	3.53306E-06	284.235715
-2.20001	-8.8E-12	284.26022	0.1000001	4.08118E-06	284.26022
-2.1	-1.15E-11	284.286726	0.1	4.6626E-06	284.286726
-2.000001	-1.51E-11	284.3504	0.0999999	5.26097E-06	284.3504
-1.9	-9.7E-12	284.374978	0.1000001	5.90141E-06	284.374978
-1.800001	-7.9E-12	284.399528	0.0999999	6.56309E-06	284.399528
-1.7	-7.3E-12	284.424556	0.1	7.24507E-06	284.424556
-1.6	-5.3E-12	284.44911	0.1000001	7.94516E-06	284.44911
-1.5	-4.1E-12	284.473651	0.1000001	8.66054E-06	284.473651
-1.400001	-2.8E-12	284.498197	0.0999999	9.38986E-06	284.498197
-1.3	-1.9E-12	284.52283	0.0999999	1.013164E-05	284.52283
-1.200001	-5.9E-12	284.557417	0.1000001	1.08766E-05	284.557417
-1.100001	0	284.582019	0.1000001	1.16393E-05	284.582019
-1	1.2E-12	284.606577	0.1000001	1.24104E-05	284.606577
-0.9	2.8E-12	284.6311	0.1000001	1.31875E-05	284.6311
-0.8	4E-12	284.655636	0.1	1.39718E-05	284.655636
-0.7	5.6E-12	284.680165	0.1	1.47612E-05	284.680165
-0.6	7E-12	284.704699	0.1	1.55549E-05	284.704699
-0.500001	8.6E-12	284.72922	0.1000002	1.63541E-05	284.72922
-0.400001	1.04E-11	284.753791	0.1000002	1.71575E-05	284.753791
-0.3	1.15E-11	284.778348	0.1000002	1.79644E-05	284.778348
-0.2	9.9E-12	284.804778	0.1000002	1.87743E-05	284.804778
-0.1	8.5E-12	284.851006	0.0999999	1.95846E-05	284.851006
4E-07	1.53E-11	284.875513	0.1	2.04056E-05	284.875513
0.1000005	1.74E-11	284.900043	0.0999999	2.123E-05	284.900043
0.2000005	1.98E-11	284.92455	0.1	2.20589E-05	284.92455
0.299999	2.15E-11	284.949299	0.1	2.28929E-05	284.949299
0.4	2.33E-11	284.973846	0.1000001	2.37314E-05	284.973846
0.5	2.53E-11	284.998364	0.1000002	2.45738E-05	284.998364
0.6	2.74E-11	285.022996	0.1	2.54197E-05	285.022996
0.7	2.99E-11	285.047504	0.1000001	2.62688E-05	285.047504
0.799999	3.03E-11	285.072246	0.1	2.7122E-05	285.072246
0.9	3.26E-11	285.09681	0.1000001	2.79763E-05	285.09681
0.999999	3.49E-11	285.121316	0.1	2.88332E-05	285.121316
1.1	3.63E-11	285.145886	0.1	2.96922E-05	285.145886
1.2	3.84E-11	285.170386	0.1	3.05525E-05	285.170386
1.3	3.93E-11	285.194899	0.0999999	3.14146E-05	285.194899
1.4	4.11E-11	285.219407	0.0999998	3.22776E-05	285.219407
1.5	4.24E-11	285.243945	0.1000001	3.31424E-05	285.243945
1.6	4.32E-11	285.268443	0.0999998	3.40081E-05	285.268443
1.699999	4.42E-11	285.29295	0.1	3.48738E-05	285.29295
1.799999	3.74E-11	285.356365	0.0999999	3.57331E-05	285.356365
1.899999	4.26E-11	285.380965	0.0999999	3.66035E-05	285.380965
1.999999	4.41E-11	285.405611	0.1000001	3.74726E-05	285.405611
2.099999	4.57E-11	285.430193	0.1	3.83423E-05	285.430193
2.19999	4.34E-11	285.456274	0.1000001	3.92099E-05	285.456274
2.29999	4.69E-11	285.480783	0.1	4.00805E-05	285.480783
2.39999	4.69E-11	285.505546	0.1000002	4.09509E-05	285.505546
2.49999	4.85E-11	285.530077	0.0999999	4.18224E-05	285.530077
2.59999	4.92E-11	285.554587	0.1	4.26948E-05	285.554587
2.69999	4.95E-11	285.579103	0.1	4.35659E-05	285.579103
2.79999	5E-11	285.603613	0.0999999	4.44379E-05	285.603613
2.89999	5.01E-11	285.628142	0.1000001	4.53095E-05	285.628142
2.99999	5.13E-11	285.652654	0.1000001	4.6183E-05	285.652654
3.09999	5.11E-11	285.677182	0.0999999	4.70551E-05	285.677182
3.19999	5.15E-11	285.701705	0.0999999	4.79284E-05	285.701705
3.29999	5.23E-11	285.726304	0.1000001	4.88017E-05	285.726304
3.39999	5.2E-11	285.750862	0.1000002	4.9676E-05	285.750862
3.49999	5.25E-11	285.77539	0.0999999	5.05496E-05	285.77539
3.59999	5.27E-11	285.799895	0.1000001	5.14241E-05	285.799895
3.69999	4.61E-11	285.854875	0.0999998	5.22904E-05	285.854875
3.79999	5.16E-11	285.879407	0.1000001	5.31696E-05	285.879407
3.89999	5.2E-11	285.903923	0.1000001	5.40471E-05	285.903923
3.99999	5.2E-11	285.928708	0.1000002	5.49237E-05	285.928708
4.09999	5.3E-11	285.953271	0.1000001	5.5802E-05	285.953271
4.19999	5.36E-11	285.977777	0.1	5.6682E-05	285.977777
4.29999	5.39E-11	286.002285	0.1000001	5.75597E-05	286.002285
4.39999	5.43E-11	286.026886	0.0999998	5.84379E-05	286.026886
4.49999	5.47E-11	286.051387	0.1000001	5.93182E-05	286.051387
4.59999	5.47E-11	286.075933	0.1000004	6.01993E-05	286.075933
4.69999	5.52E-11	286.100455	0.1000001	6.108E-05	286.100455
4.79999	5.57E-11	286.124975	0.1	6.19621E-05	286.124975
4.89999	5.54E-11	286.149489	0.0999999	6.28454E-05	286.149489
4.99999	5.55E-11	286.17398	0.1000002	6.37285E-05	286.17398
5.09999	5.6E-11	286.198488	0.1000002	6.46127E-05	286.198488
5.19999	5.62E-11	286.222992	0.1	6.54965E-05	286.222992
5.29999	5.61E-11	286.247496	0.0999999	6.6382E-05	286.247496
5.39999	5.64E-11	286.272003	0.0999998	6.72687E-05	286.272003
5.49999	5.67E-11	286.296497	0.1000002	6.81555E-05	286.296497
5.59999	5.02E-11	286.356168	0.1	6.90336E-05	286.356168
5.69999	5.54E-11	286.380682	0.0999998	6.99254E-05	286.380682
5.79999	5.59E-11	286.405203	0.0999999	7.0817E-05	286.405203
5.89999	5.57E-11	286.430066	0.0999999	7.17078E-05	286.430066
5.99999	5.64E-11	286.454661	0.1	7.25989E-05	286.454661
6.09999	5.63E-11	286.479193	0.1000001	7.34905E-05	286.479193
6.19999	5.73E-11	286.503708	0.1	7.4384E-05	286.503708
6.29999	5.77E-11	286.528311	0.0999999	7.52784E-05	286.528311
6.39999	5.71E-11	286.552855	0.0999999	7.6172E-05	286.552855
6.49999	5.81E-11	286.577404	0.1000001	7.70672E-05	286.577404
6.59999	5.83E-11	286.601902	0.1000002	7.7964E-05	286.601902
6.69999	5.85E-11	286.626449	0.1000001	7.88607E-05	286.626449
6.79999	5.83E-11	286.651009	0.1000002	7.97576E-05	286.651009
6.89999	5.91E-11	286.675511	0.0999999	8.06558E-05	286.675511
6.99999	5.93E-11	286.70005	0.0999999	8.15553E-05	286.70005
7.09999	5.92E-11	286.724596	0.1	8.24561E-05	286.724596
7.19999	5.88E-11	286.749238	0.0999999	8.33562E-05	286.749238
7.29999	5.98E-11	286.773753	0.0999998	8.42571E-05	286.773753
7.39999	5.96E-11	286.798266	0.0999998	8.51598E-05	286.798266
7.49999	5.31E-11	286.857757	0.0999999	8.60543E-05	286.857757
7.59999	5.77E-11	286.88228	0.1	8.69633E-05	286.88228
7.69999	5.81E-11	286.906886	0.1000001	8.787E-05	286.906886
7.79999	5.87E-11	286.931682	0.1	8.87762E-05	286.931682
7.89999	5.89E-11	286.956251	0.1	8.96841E-05	286.956251
7.99999	5.94E-11	286.980771	0.1000002	9.0593E-05	286.980771
8.09999	5.93E-11	287.005327	0.1000003	9.15006E-05	287.005327
8.19999	5.98E-11	287.029923	0.1000001	9.24096E-05	287.029923
8.29999	5.93E-11	287.054455	0.1	9.33211E-05	287.054455
8.39999	5.92E-11	287.079004	0.0999999	9.42337E-05	287.079004
8.49999	6E-11	287.103536	0.1000002	9.51444E-05	287.103536
8.59999	5.97E-11	287.128065	0.1	9.60584E-05	287.128065
8.69999	6.06E-11	287.152599	0.1000001	9.6973E-05	287.152599
8.79999	6.04E-11	287.177115	0.1000001	9.78877E-05	287.177115
8.89999	6.03E-11	287.201629	0.1	9.88038E-05	287.201629
8.99999	6.1E-11	287.226152	0.0999999	9.972E-05	287.226152
9.09999	6.1E-11	287.250671	0.0999998	0.000100639	287.250671
9.19999	6.11E-11	287.27518	0.0999998	0.0001015575	287.27518
9.29999	6.11E-11	287.299712	0.0999999	0.0001024726	287.299712
9.39999	5.45E-11	287.359329	0.1000002	0.0001033904	287.359329
9.49999	6.03E-11	287.383856	0.1	0.0001043163	287.383856
9.59999	5.64E-11	287.413601	0.1000001	0.000105208	287.413601
9.69999	6.02E-11	287.438187	0.1000002	0.000106135	287.438187
9.79999	6.03E-11	287.46278	0.0999999	0.00010706	287.46278
9.89999	6.09E-11	287.487298	0.0999999	0.000107986	287.487298
9.99999	6.18E-11	287.511819	0.0999999	0.000108913	287.511819
9.9	4.86E-11	287.53638	0.1	0.000107972	287.53638
9.8	4.53E-11	287.560944	0.1	0.000107037	287.560944
9.7	4.32E-11	287.585456	0.0999999	0.000106105	287.585456
9.6	4.17E-11	287.609979	0.0999999	0.000105174	287.609979
9.5	4.04E-11	287.634532	0.1	0.000104245	287.634532
9.4	3.91E-11	287.659063	0.1	0.000103318	287.659063
9.3	3.73E-11	287.683571	0.1000001	0.00010239	287.683571
9.2	3.65E-11	287.708096	0.1000001	0.000101462	287.708096
9.1	3.58E-11	287.732631	0.1	0.00010054	287.732631
9	3.55E-11	287.757209	0.1	9.9617E-05	287.757209
8.9	3.47E-11	287.781751	0.0999999	9.8698E-05	287.781751
8.8	3.35E-11	287.806253	0.0999999	9.7775E-05	287.806253
8.7	3.92E-11	287.859367	0.1000001	9.6852E-05	287.859367
8.6	3.41E-11	287.883916	0.0999999	9.5931E-05	287.883916
8.5	3.28E-11	287.908451	0.1	9.5008E-05	287.908451
8.4	3.2E-11	287.932982	0.1000001	9.4089E-05	287.932982
8.3	3.16E-11	287.957558	0.1	9.3168E-05	287.957558
8.2	3.06E-11	287.982084	0.1000001	9.2252E-05	287.982084
8.1	3.01E-11	288.0066	0.1	9.1334E-05	288.0066
8	2.99E-11	288.031199	0.0999998	9.0418E-05	288.031199
7.9	2.95E-11	288.055753	0.1	8.9503E-05	288.055753
7.8	3.31E-11	288.083697	0.0999999	8.86218E-05	288.083697
7.7	2.86E-11	288.108236	0.0999999	8.77086E-05	288.108236
7.6	2.77E-11	288.132713	0.0999999	8.67961E-05	288.132713
7.5	2.78E-11	288.157256	0.1000001	8.5885E-05	288.157256
7.4	2.72E-11	288.181788	0.1	8.4974E-05	288.181788
7.3	2.67E-11	288.206295	0.0999998	8.40637E-05	288.206295
7.2	2.66E-11	288.230883	0.0999998	8.31549E-05	288.230883
7.1	2.64E-11	288.255411	0.1000001	8.22479E-05	288.255411
7	2.63E-11	288.27992	0.0999999	8.13402E-05	288.27992
6.9	2.58E-11	288.304476	0.1000001	8.04338E-05	288.304476
6.8	3.19E-11	288.365149	0.0999998	7.95357E-05	288.365149
6.7	2.68E-11	288.389686	0.0999999	7.86299E-05	288.389686
6.6	2.65E-11	288.414323	0.1000002	7.77254E-05	288.414323
6.5	2.52E-11	288.438945	0.1000001	7.68202E-05	288.438945
6.4	2.46E-11	288.463533	0.0999997	7.59178E-05	288.463533
6.3	2.41E-11	288.488081	0.1	7.50165E-05	288.488081
6.2	2.31E-11	288.512631	0.0999998	7.41156E-05	288.512631
6.1	2.29E-11	288.537199	0.1000001	7.32153E-05	288.537199
6	2.25E-11	288.561712	0.1000002	7.23153E-05	288.561712
5.9	2.19E-11	288.586216	0.1	7.14167E-05	288.586216
5.8	2.17E-11	288.61073	0.1000002	7.05183E-05	288.61073
5.7	2.14E-11	288.635245	0.1	6.96212E-05	288.635245
5.6	2.14E-11	288.659783	0.0999998	6.8724E-05	288.659783
5.5	2.07E-11	288.684295	0.0999998	6.7829E-05	288.684295
5.4	2.05E-11	288.70885	0.1	6.69335E-05	288.70885
5.3	1.98E-11	288.733419	0.1000001	6.60392E-05	288.733419
5.2	1.93E-11	288.758004	0.1	6.51459E-05	288.758004
5.1	1.91E-11	288.782535	0.0999999	6.42535E-05	288.782535
5	1.87E-11	288.807138	0.1	6.33619E-05	288.807138
4.9	2.48E-11	288.86466	0.0999998	6.24764E-05	288.86466
4.8	1.97E-11	288.889225	0.1000001	6.15849E-05	288.889225
4.7	1.9E-11	288.913769	0.1000001	6.06939E-05	288.913769
4.6	1.76E-11	288.938323	0.1	5.98045E-05	288.938323
4.5	1.67E-11	288.962914	0.0999999	5.89179E-05	288.962914
4.4	1.66E-11	288.987479	0.1000001	5.80302E-05	288.987479
4.3	1.59E-11	289.012028	0.1000001	5.71433E-05	289.012028
4.2	1.57E-11	289.036636	0.0999998	5.62564E-05	289.036636
4.1	1.55E-11	289.061152	0.0999999	5.53719E-05	289.061152
4	1.5E-11	289.085711	0.1000001	5.44877E-05	289.085711
3.9	1.4E-11	289.110229	0.0999999	5.36042E-05	289.110229
3.8	1.33E-11	289.134742	0.1000001	5.27219E-05	289.134742
3.7	1.29E-11	289.159303	0.0999999	5.18397E-05	289.159303
3.6	1.22E-11	289.183807	0.1	5.0958E-05	289.183807
3.5	1.11E-11	289.208313	0.1	5.00777E-05	289.208313
3.4	1.06E-11	289.23282	0.0999998	4.91982E-05	289.23282
3.3	1.02E-11	289.257345	0.1	4.83192E-05	289.257345
3.2	9.4E-12	289.281833	0.0999999	4.7441E-05	289.281833
3.1	8.9E-12	289.306349	0.0999997	4.65637E-05	289.306349
3	1.46E-11	289.366124	0.0999998	4.56917E-05	289.366124
2.9	9.3E-12	289.390736	0.1000001	4.48154E-05	289.390736
2.8	8E-12	289.415244	0.1000001	4.39404E-05	289.415244
2.7	7E-12	289.439833	0.1000002	4.30658E-05	289.439833
2.6	6E-12	289.464388	0.1000001	4.21926E-05	289.464388
2.5	5E-12	289.48891	0.0999998	4.13196E-05	289.48891
2.4	4.3E-12	289.513415	0.1000001	4.04483E-05	289.513415
2.3	3E-12	289.537992	0.1000001	3.95774E-05	289.537992
2.2	2.3E-12	289.562582	0.0999999	3.87061E-05	289.562582
2.099999	4.8E-12	289.588991	0.1	3.78402E-05	289.588991
2	5E-13	289.613501	0.1000001	3.69717E-05	289.613501
1.9	-1E-13	289.638054	0.1	3.61049E-05	289.638054
1.8	-2.1E-12	289.66256	0.1	3.52395E-05	289.66256
1.7	-2.6E-12	289.687109	0.0999998	3.43755E-05	289.687109
1.6	-4E-12	289.71162	0.0999999	3.35117E-05	289.71162
1.5	-5E-12	289.736162	0.0999998	3.26487E-05	289.736162
1.4	-6.6E-12	289.760746	0.0999999	3.1788E-05	289.760746
1.3	-8.4E-12	289.785252	0.1	3.09289E-05	289.785252
1.2	-9E-12	289.809783	0.0999998	3.00704E-05	289.809783
1.100001	-4.1E-12	289.866895	0.0999998	2.9219E-05	289.866895
1	-1.03E-11	289.891403	0.1	2.83639E-05	289.891403
0.9	-1.26E-11	289.915937	0.1000001	2.75113E-05	289.915937
0.8	-1.49E-11	289.940727	0.0999997	2.66618E-05	289.940727
0.7	-1.69E-11	289.965316	0.0999999	2.58159E-05	289.965316
0.6	-1.9E-11	289.98985	0.0999999	2.49729E-05	289.98985
0.5	-2.11E-11	290.014363	0.1	2.41333E-05	290.014363
0.4	-2.34E-11	290.038958	0.1	2.32979E-05	290.038958
0.3	-2.53E-11	290.063512	0.1	2.2468E-05	290.063512
0.1999999	-2.46E-11	290.089949	0.1	2.1642E-05	290.089949
0.0999994	-2.99E-11	290.114448	0.0999999	2.08216E-05	290.114448
-5E-07	-3.18E-11	290.138948	0.1000001	2.00062E-05	290.138948
#scan	iMeasureCycle=3	iMux=0	time=319.774	N=401	LocalTime=20/04/2023 05:55:02
#VGate(V)	IGate(A)	time(s)	VDrain(V)	IDrain(A)	time(s)
-1E-07	-1.13E-11	319.781447	0.1000001	2.02129E-05	319.781447
-0.1000004	-1.93E-11	319.806359	0.1	1.93913E-05	319.806359
-0.2000003	-2.02E-11	319.832419	0.0999999	1.85753E-05	319.832419
-0.3	-2.65E-11	319.857135	0.0999999	1.77624E-05	319.857135
-0.4	-2.93E-11	319.881633	0.1	1.6954E-05	319.881633
-0.5	-3.18E-11	319.906161	0.1	1.61498E-05	319.906161
-0.6	-3.4E-11	319.930683	0.0999999	1.53491E-05	319.930683
-0.7	-3.6E-11	319.955203	0.1	1.45539E-05	319.955203
-0.8	-3.74E-11	319.979749	0.1	1.37648E-05	319.979749
-0.9	-3.93E-11	320.004306	0.1	1.29807E-05	320.004306
-1	-4.05E-11	320.028819	0.1000001	1.22032E-05	320.028819
-1.1	-4.17E-11	320.053342	0.0999998	1.14339E-05	320.053342
-1.2	-4.25E-11	320.077931	0.1	1.06731E-05	320.077931
-1.3	-4.36E-11	320.102479	0.0999999	9.9222E-06	320.102479
-1.4	-4.47E-11	320.127013	0.0999998	9.1818E-06	320.127013
-1.5	-4.17E-11	320.154167	0.1	8.45852E-06	320.154167
-1.6	-4.6E-11	320.178683	0.0999999	7.74492E-06	320.178683
-1.7	-4.69E-11	320.203174	0.1	7.04909E-06	320.203174
-1.8	-4.74E-11	320.227695	0.0999999	6.3718E-06	320.227695
-1.9	-4.79E-11	320.252195	0.0999999	5.71695E-06	320.252195
-2	-4.86E-11	320.276695	0.0999998	5.08655E-06	320.276695
-2.1	-4.9E-11	320.3012	0.0999997	4.48283E-06	320.3012
-2.2	-4.3E-11	320.34812	0.0999998	3.91233E-06	320.34812
-2.3	-4.86E-11	320.372674	0.1	3.37054E-06	320.372674
-2.4	-4.95E-11	320.397183	0.0999999	2.86638E-06	320.397183
-2.5	-4.97E-11	320.421776	0.0999999	2.40095E-06	320.421776
-2.6	-5.06E-11	320.446351	0.0999998	1.97729E-06	320.446351
-2.7	-5.1E-11	320.470925	0.1	1.59651E-06	320.470925
-2.8	-5.17E-11	320.495453	0.1000001	1.2597E-06	320.495453
-2.9	-5.22E-11	320.520004	0.0999998	9.6706E-07	320.520004
-3	-4.86E-11	320.547346	0.0999997	7.19302E-07	320.547346
-3.1	-5.25E-11	320.571893	0.0999996	5.13604E-07	320.571893
-3.2	-5.34E-11	320.596435	0.0999998	3.49918E-07	320.596435
-3.3	-5.36E-11	320.62097	0.0999997	2.25159E-07	320.62097
-3.4	-5.42E-11	320.645523	0.0999998	1.35232E-07	320.645523
-3.5	-4.9E-11	320.683184	0.0999954	7.58287E-08	320.683184
-3.6	-6.73E-11	320.706481	0.1000068	3.8046E-08	320.706481
-3.7	-6.79E-11	320.729773	0.1000039	1.72587E-08	320.729773
-3.8	-7.04E-11	320.752979	0.1000021	6.9833E-09	320.752979
-3.9	-7.08E-11	320.776191	0.1000012	2.5283E-09	320.776191
-4	-6.72E-11	320.799556	0.1000002	8.081E-10	320.799556
-4.1	-4.98E-11	320.848436	0.1000002	2.339E-10	320.848436
-4.2	-6.8E-11	320.871739	0.1000004	4.95E-11	320.871739
-4.3	-6.89E-11	320.895031	0.1000003	5E-12	320.895031
-4.4	-7.12E-11	320.918248	0.1000004	-2.8E-12	320.918248
-4.5	-7.09E-11	320.941525	0.1000002	-4.1E-12	320.941525
-4.6	-6.99E-11	320.964824	0.1000003	-4.5E-12	320.964824
-4.7	-7.06E-11	320.988129	0.1000004	-4.3E-12	320.988129
-4.8	-7.28E-11	321.011335	0.1000003	-3.7E-12	321.011335
-4.9	-7.3E-11	321.034546	0.1000001	-4.1E-12	321.034546
-5	-7.18E-11	321.057837	0.1000002	-4.6E-12	321.057837
-5.1	-7.36E-11	321.081147	0.1000001	-4.3E-12	321.081147
-5.2	-7.36E-11	321.104363	0.1000003	-4.3E-12	321.104363
-5.3	-7.45E-11	321.127582	0.1000003	-4.1E-12	321.127582
-5.4	-7.28E-11	321.1509	0.1000003	-4.5E-12	321.1509
-5.5	-7.47E-11	321.174106	0.1000003	-4.2E-12	321.174106
-5.6	-7.52E-11	321.19732	0.1000002	-3.5E-12	321.19732
-5.7	-7.53E-11	321.220542	0.1000003	-4.1E-12	321.220542
-5.8	-7.43E-11	321.243829	0.1000002	-3.7E-12	321.243829
-5.9	-7.43E-11	321.267128	0.1000004	-4E-12	321.267128
-6	-7.58E-11	321.290326	0.1000002	-3.6E-12	321.290326
-6.1	-5.5E-11	321.342661	0.1000001	-5.6E-12	321.342661
-6.2	-7.26E-11	321.365976	0.1000002	-4.6E-12	321.365976
-6.3	-7.6E-11	321.389183	0.1000004	-4E-12	321.389183
-6.4	-7.52E-11	321.412427	0.1000003	-4.3E-12	321.412427
-6.5	-7.59E-11	321.435695	0.1000002	-3.9E-12	321.435695
-6.6	-7.46E-11	321.459008	0.1000002	-3.7E-12	321.459008
-6.7	-7.63E-11	321.482276	0.1000002	-3.6E-12	321.482276
-6.8	-7.56E-11	321.505537	0.1000004	-3.7E-12	321.505537
-6.9	-7.69E-11	321.528755	0.1000002	-3.8E-12	321.528755
-7	-7.59E-11	321.552055	0.1000002	-3.8E-12	321.552055
-7.1	-7.47E-11	321.575481	0.1000004	-3.6E-12	321.575481
-7.2	-7.79E-11	321.598702	0.1000004	-3.6E-12	321.598702
-7.3	-7.8E-11	321.621913	0.1000003	-3.5E-12	321.621913
-7.4	-7.62E-11	321.645215	0.1000002	-3.9E-12	321.645215
-7.5	-7.85E-11	321.668427	0.1000004	-3.6E-12	321.668427
-7.6	-7.89E-11	321.691639	0.1000004	-3.6E-12	321.691639
-7.7	-7.84E-11	321.714853	0.1000004	-3.5E-12	321.714853
-7.8	-7.73E-11	321.738228	0.1000002	-3.4E-12	321.738228
-7.9	-7.72E-11	321.76151	0.1000002	-3.7E-12	321.76151
-8	-7.96E-11	321.784715	0.1000004	-3.6E-12	321.784715
-8.1	-7.91E-11	321.807981	0.1000004	-3.2E-12	321.807981
-8.2	-5.92E-11	321.848413	0.1000003	-5.5E-12	321.848413
-8.3	-7.64E-11	321.871729	0.1000003	-3.6E-12	321.871729
-8.4	-7.85E-11	321.894951	0.1000003	-3.1E-12	321.894951
-8.5	-7.93E-11	321.918166	0.1000002	-3.4E-12	321.918166
-8.6	-8.04E-11	321.941418	0.1000002	-3.4E-12	321.941418
-8.7	-7.94E-11	321.964655	0.1000001	-3.4E-12	321.964655
-8.8	-7.96E-11	321.988102	0.1000002	-3.6E-12	321.988102
-8.9	-7.83E-11	322.011391	0.1000003	-3.8E-12	322.011391
-9	-7.84E-11	322.034676	0.1000005	-3.2E-12	322.034676
-9.1	-8.04E-11	322.057901	0.1	-3.3E-12	322.057901
-9.2	-8.05E-11	322.081202	0.1000003	-3.6E-12	322.081202
-9.3	-7.91E-11	322.104487	0.1000002	-3.7E-12	322.104487
-9.4	-7.9E-11	322.127795	0.1000001	-3.4E-12	322.127795
-9.5	-8.04E-11	322.151067	0.1000003	-3.3E-12	322.151067
-9.6	-8.12E-11	322.174277	0.1000003	-3.8E-12	322.174277
-9.7	-7.97E-11	322.197564	0.1000001	-3.7E-12	322.197564
-9.8	-7.91E-11	322.220888	0.1000003	-3.3E-12	322.220888
-9.9	-8.15E-11	322.244105	0.1000002	-3.1E-12	322.244105
-10	-8.18E-11	322.26732	0.1000003	-3E-12	322.26732
-9.90001	-4.11E-11	322.290618	0.0999999	-6.4E-12	322.290618
-9.80001	-5.39E-11	322.350254	0.0999999	-5.1E-12	322.350254
-9.70001	-3.3E-11	322.373491	0.0999998	-7E-12	322.373491
-9.60001	-3.29E-11	322.396782	0.0999998	-6.8E-12	322.396782
-9.50001	-3.13E-11	322.420072	0.0999998	-7E-12	322.420072
-9.40001	-2.87E-11	322.443406	0.0999997	-6.9E-12	322.443406
-9.30001	-2.75E-11	322.466634	0.0999999	-7.4E-12	322.466634
-9.20001	-2.81E-11	322.489972	0.0999996	-7E-12	322.489972
-9.10001	-2.7E-11	322.513215	0.0999997	-6.9E-12	322.513215
-9.00001	-2.56E-11	322.536438	0.0999998	-6.9E-12	322.536438
-8.90001	-2.62E-11	322.559731	0.0999999	-7.4E-12	322.559731
-8.80001	-2.34E-11	322.583029	0.0999996	-7.1E-12	322.583029
-8.70001	-2.29E-11	322.606262	0.0999998	-7.2E-12	322.606262
-8.60001	-2.38E-11	322.629567	0.0999999	-7.2E-12	322.629567
-8.50001	-2.33E-11	322.652852	0.0999998	-6.8E-12	322.652852
-8.40001	-2.34E-11	322.676148	0.0999998	-7.1E-12	322.676148
-8.30001	-2.09E-11	322.699356	0.0999998	-7.5E-12	322.699356
-8.20001	-2E-11	322.722576	0.0999999	-7.7E-12	322.722576
-8.10001	-1.99E-11	322.745806	0.0999999	-7.6E-12	322.745806
-8.00001	-1.92E-11	322.769019	0.0999998	-7.5E-12	322.769019
-7.90001	-1.93E-11	322.792243	0.0999998	-7.6E-12	322.792243
-7.80001	-3.93E-11	322.851685	0.1	-5.7E-12	322.851685
-7.70001	-1.95E-11	322.874915	0.0999995	-7.2E-12	322.874915
-7.6	-2.01E-11	322.898199	0.0999999	-7.1E-12	322.898199
-7.50001	-1.77E-11	322.921412	0.0999998	-7.2E-12	322.921412
-7.40001	-1.74E-11	322.944682	0.0999998	-7.5E-12	322.944682
-7.30001	-1.62E-11	322.967895	0.0999999	-7.7E-12	322.967895
-7.2	-1.84E-11	322.991205	0.0999999	-8E-12	322.991205
-7.10001	-1.6E-11	323.014421	0.0999999	-7.6E-12	323.014421
-7.00001	-1.59E-11	323.037635	0.0999998	-7.3E-12	323.037635
-6.90001	-1.48E-11	323.060848	0.0999999	-7.5E-12	323.060848
-6.80001	-1.49E-11	323.084146	0.0999998	-7.5E-12	323.084146
-6.70001	-1.61E-11	323.107449	0.0999997	-7.8E-12	323.107449
-6.60001	-1.45E-11	323.13067	0.0999999	-8E-12	323.13067
-6.50001	-1.39E-11	323.153928	0.0999998	-8.1E-12	323.153928
-6.40001	-1.48E-11	323.177225	0.0999999	-7.9E-12	323.177225
-6.30001	-1.52E-11	323.200523	0.0999999	-7.7E-12	323.200523
-6.20001	-1.27E-11	323.223725	0.0999998	-8.3E-12	323.223725
-6.10001	-1.25E-11	323.246937	0.0999997	-7.9E-12	323.246937
-6.00001	-1.38E-11	323.270229	0.0999998	-7.9E-12	323.270229
-5.90001	-1.34E-11	323.293518	0.0999997	-8.1E-12	323.293518
-5.80001	-3.26E-11	323.353078	0.1000001	-6.3E-12	323.353078
-5.70001	-1.39E-11	323.376393	0.0999997	-7.6E-12	323.376393
-5.60001	-1.31E-11	323.399687	0.1	-7.9E-12	323.399687
-5.50001	-1E-11	323.422879	0.0999998	-7.9E-12	323.422879
-5.40001	-1E-11	323.446158	0.0999998	-8.1E-12	323.446158
-5.30001	-1.11E-11	323.469454	0.0999999	-7.8E-12	323.469454
-5.20001	-1.11E-11	323.492799	0.0999999	-7.7E-12	323.492799
-5.1	-9.1E-12	323.516026	0.0999999	-8.2E-12	323.516026
-5.00001	-8.5E-12	323.539256	0.0999998	-8.2E-12	323.539256
-4.90001	-9.2E-12	323.562558	0.1	-8E-12	323.562558
-4.80001	-7.2E-12	323.585862	0.0999996	-7.9E-12	323.585862
-4.7	-8.8E-12	323.609158	0.1	-7.8E-12	323.609158
-4.60001	-7.9E-12	323.632441	0.0999999	-7.9E-12	323.632441
-4.50001	-7.2E-12	323.655714	0.0999999	-7.8E-12	323.655714
-4.40001	-5.1E-12	323.678939	0.0999998	-5.1E-12	323.678939
-4.3	-4.4E-12	323.702147	0.0999997	1.45E-11	323.702147
-4.20001	-5.8E-12	323.725436	0.0999998	1.01E-10	323.725436
-4.10001	-5.5E-12	323.74872	0.0999998	4.073E-10	323.74872
-4.00001	-3.5E-12	323.771939	0.1	1.3516E-09	323.771939
-3.90001	-2.7E-12	323.795153	0.1000004	3.9381E-09	323.795153
-3.80001	-2.39E-11	323.854271	0.100001	9.9101E-09	323.854271
-3.70001	-3.6E-12	323.877512	0.1	2.35994E-08	323.877512
-3.60001	-4.9E-12	323.900799	0.1000007	4.94291E-08	323.900799
-3.50001	-4E-12	323.92409	0.0999966	9.37112E-08	323.92409
-3.40001	-2.2E-11	323.963559	0.1000001	1.60173E-07	323.963559
-3.30001	-1.7E-11	323.988079	0.1000002	2.6053E-07	323.988079
-3.20001	-1.63E-11	324.012604	0.1000006	3.95536E-07	324.012604
-3.10001	-1.54E-11	324.037104	0.1000004	5.69349E-07	324.037104
-3.00001	-1.44E-11	324.061578	0.1000007	7.84558E-07	324.061578
-2.90001	-1.86E-11	324.096187	0.1000002	1.03872E-06	324.096187
-2.80001	-1.33E-11	324.120701	0.0999999	1.34209E-06	324.120701
-2.70001	-1.25E-11	324.145237	0.1000001	1.68826E-06	324.145237
-2.60001	-1.19E-11	324.169759	0.0999999	2.07732E-06	324.169759
-2.50001	-1.17E-11	324.194286	0.1000002	2.50827E-06	324.194286
-2.40001	-1.09E-11	324.218825	0.1	2.97966E-06	324.218825
-2.30001	-9.7E-12	324.24335	0.1	3.48893E-06	324.24335
-2.20001	-9.2E-12	324.267891	0.1	4.03266E-06	324.267891
-2.1	-1.16E-11	324.294324	0.1000003	4.61115E-06	324.294324
-2.000001	-1.49E-11	324.358253	0.0999999	5.205E-06	324.358253
-1.900001	-9E-12	324.382862	0.0999999	5.84284E-06	324.382862
-1.800001	-7.2E-12	324.407364	0.1	6.5026E-06	324.407364
-1.7	-6.1E-12	324.431889	0.0999999	7.18144E-06	324.431889
-1.6	-4.7E-12	324.456497	0.1000001	7.87804E-06	324.456497
-1.5	-4.2E-12	324.481078	0.1000004	8.5909E-06	324.481078
-1.400001	-2.8E-12	324.505609	0.1000002	9.31769E-06	324.505609
-1.3	-1.8E-12	324.530131	0.1000001	1.005744E-05	324.530131
-1.200001	-5.5E-12	324.564674	0.1000001	1.08013E-05	324.564674
-1.100001	-1E-13	324.589275	0.1000001	1.15619E-05	324.589275
-1	1.5E-12	324.613821	0.1	1.23304E-05	324.613821
-0.9	2.7E-12	324.63837	0.1000001	1.31061E-05	324.63837
-0.8	4.5E-12	324.6629	0.1	1.38879E-05	324.6629
-0.7	5.6E-12	324.687409	0.1	1.46762E-05	324.687409
-0.600001	7.2E-12	324.71192	0.1	1.54694E-05	324.71192
-0.500001	8.8E-12	324.736419	0.1000001	1.62674E-05	324.736419
-0.400001	1E-11	324.760946	0.0999999	1.7069E-05	324.760946
-0.3	1.15E-11	324.785572	0.1000002	1.78747E-05	324.785572
-0.2	9.7E-12	324.812003	0.1000001	1.86833E-05	324.812003
-0.1000001	8.6E-12	324.858734	0.1000001	1.94923E-05	324.858734
2E-07	1.46E-11	324.88333	0.1	2.03119E-05	324.88333
0.1000004	1.73E-11	324.907852	0.1	2.11346E-05	324.907852
0.2000003	1.99E-11	324.932375	0.1	2.19617E-05	324.932375
0.299999	2.15E-11	324.95715	0.1000001	2.27941E-05	324.95715
0.4	2.36E-11	324.981645	0.1000001	2.36309E-05	324.981645
0.5	2.55E-11	325.006183	0.1	2.44728E-05	325.006183
0.599999	2.72E-11	325.030687	0.1	2.53176E-05	325.030687
0.7	2.91E-11	325.055198	0.1000002	2.61663E-05	325.055198
0.799999	3.14E-11	325.079717	0.0999999	2.70179E-05	325.079717
0.9	3.29E-11	325.104323	0.1	2.78721E-05	325.104323
0.999999	3.47E-11	325.128851	0.1000001	2.87285E-05	325.128851
1.1	3.63E-11	325.153423	0.0999999	2.95868E-05	325.153423
1.2	3.79E-11	325.177935	0.1	3.04469E-05	325.177935
1.3	3.89E-11	325.202458	0.0999999	3.13086E-05	325.202458
1.4	4.05E-11	325.226965	0.1	3.21713E-05	325.226965
1.5	4.18E-11	325.25147	0.0999998	3.30353E-05	325.25147
1.6	4.29E-11	325.276002	0.1	3.39012E-05	325.276002
1.699999	4.42E-11	325.300545	0.1000001	3.47674E-05	325.300545
1.799999	3.8E-11	325.35598	0.1	3.56292E-05	325.35598
1.899999	4.32E-11	325.380514	0.1000001	3.64991E-05	325.380514
2	4.47E-11	325.405024	0.0999999	3.73682E-05	325.405024
2.1	4.56E-11	325.429546	0.1	3.82379E-05	325.429546
2.19999	4.61E-11	325.454302	0.0999998	3.91055E-05	325.454302
2.29999	4.69E-11	325.478848	0.1	3.99774E-05	325.478848
2.39999	4.8E-11	325.503389	0.1000001	4.08495E-05	325.503389
2.49999	4.82E-11	325.527915	0.1	4.17212E-05	325.527915
2.59999	4.85E-11	325.55242	0.1000001	4.25938E-05	325.55242
2.69999	4.88E-11	325.577008	0.1	4.34673E-05	325.577008
2.79999	4.97E-11	325.601656	0.0999999	4.43415E-05	325.601656
2.89999	5.05E-11	325.62616	0.0999999	4.52151E-05	325.62616
2.99999	5.08E-11	325.650688	0.0999999	4.60891E-05	325.650688
3.09999	5.11E-11	325.675188	0.1	4.69637E-05	325.675188
3.19999	5.13E-11	325.699711	0.1000001	4.7838E-05	325.699711
3.29999	5.19E-11	325.724213	0.0999998	4.87127E-05	325.724213
3.39999	5.16E-11	325.748758	0.0999999	4.95884E-05	325.748758
3.49999	5.24E-11	325.773275	0.1	5.04645E-05	325.773275
3.59999	5.21E-11	325.797837	0.1000004	5.13404E-05	325.797837
3.69999	4.49E-11	325.86004	0.1	5.22051E-05	325.86004
3.79999	5.07E-11	325.884599	0.0999999	5.30855E-05	325.884599
3.89999	5.2E-11	325.909123	0.0999999	5.39652E-05	325.909123
3.99999	5.17E-11	325.933631	0.0999999	5.48444E-05	325.933631
4.09999	5.23E-11	325.958212	0.1	5.57237E-05	325.958212
4.19999	5.29E-11	325.982701	0.1000001	5.66029E-05	325.982701
4.29999	5.32E-11	326.007247	0.0999998	5.7483E-05	326.007247
4.39999	5.38E-11	326.031764	0.1000004	5.83631E-05	326.031764
4.49999	5.41E-11	326.056298	0.1000001	5.92432E-05	326.056298
4.59999	5.42E-11	326.080803	0.1	6.01237E-05	326.080803
4.69999	5.44E-11	326.105401	0.1	6.10063E-05	326.105401
4.79999	5.45E-11	326.12995	0.1	6.18893E-05	326.12995
4.89999	5.54E-11	326.15452	0.1000001	6.27721E-05	326.15452
4.99999	5.45E-11	326.179063	0.0999999	6.36558E-05	326.179063
5.09999	5.5E-11	326.203582	0.0999999	6.45412E-05	326.203582
5.19999	5.55E-11	326.228077	0.1000002	6.54256E-05	326.228077
5.29999	5.56E-11	326.252578	0.1000002	6.63118E-05	326.252578
5.39999	5.59E-11	326.27707	0.0999999	6.71979E-05	326.27707
5.49999	5.55E-11	326.301668	0.0999999	6.8085E-05	326.301668
5.59999	4.95E-11	326.363643	0.1	6.89623E-05	326.363643
5.69999	5.47E-11	326.388169	0.1000002	6.98544E-05	326.388169
5.79999	5.5E-11	326.412711	0.0999999	7.0746E-05	326.412711
5.89999	5.56E-11	326.437205	0.1000001	7.16368E-05	326.437205
5.99999	5.56E-11	326.46182	0.1000002	7.25291E-05	326.46182
6.09999	5.65E-11	326.486416	0.1000002	7.3421E-05	326.486416
6.19999	5.68E-11	326.510995	0.0999999	7.43144E-05	326.510995
6.29999	5.7E-11	326.53555	0.0999999	7.52088E-05	326.53555
6.39999	5.71E-11	326.560062	0.1	7.61024E-05	326.560062
6.49999	5.69E-11	326.584609	0.0999999	7.69973E-05	326.584609
6.59999	5.71E-11	326.609188	0.1000002	7.78941E-05	326.609188
6.69999	5.73E-11	326.633715	0.1000002	7.8792E-05	326.633715
6.79999	5.78E-11	326.658212	0.1000003	7.96899E-05	326.658212
6.89999	5.81E-11	326.682769	0.0999999	8.05874E-05	326.682769
6.99999	5.78E-11	326.707317	0.1000001	8.14863E-05	326.707317
7.09999	5.83E-11	326.731862	0.1000003	8.23869E-05	326.731862
7.19999	5.88E-11	326.756366	0.1000003	8.32882E-05	326.756366
7.29999	5.85E-11	326.780907	0.0999999	8.41904E-05	326.780907
7.39999	5.91E-11	326.805414	0.0999998	8.50923E-05	326.805414
7.49999	5.24E-11	326.864905	0.0999999	8.59873E-05	326.864905
7.59999	5.74E-11	326.889419	0.0999998	8.68949E-05	326.889419
7.69999	5.77E-11	326.913952	0.1000001	8.78028E-05	326.913952
7.79999	5.82E-11	326.938452	0.1000001	8.8709E-05	326.938452
7.89999	5.82E-11	326.963058	0.1000002	8.96165E-05	326.963058
7.99999	5.94E-11	326.987579	0.0999999	9.05255E-05	326.987579
8.09999	5.95E-11	327.012137	0.1	9.14329E-05	327.012137
8.19999	5.94E-11	327.036674	0.1000001	9.2344E-05	327.036674
8.29999	5.9E-11	327.061246	0.1	9.32536E-05	327.061246
8.39999	5.95E-11	327.085786	0.0999999	9.41668E-05	327.085786
8.49999	5.95E-11	327.110422	0.1	9.50784E-05	327.110422
8.59999	5.98E-11	327.134942	0.0999999	9.59916E-05	327.134942
8.69999	5.98E-11	327.159559	0.1	9.6905E-05	327.159559
8.79999	6.01E-11	327.184094	0.1000001	9.78213E-05	327.184094
8.89999	6.03E-11	327.208622	0.1000001	9.87375E-05	327.208622
8.99999	5.98E-11	327.233148	0.0999998	9.96538E-05	327.233148
9.09999	6E-11	327.257684	0.1000001	0.0001005714	327.257684
9.19999	5.99E-11	327.282244	0.1000001	0.0001014913	327.282244
9.29999	6.04E-11	327.306764	0.0999999	0.0001024068	327.306764
9.39999	5.47E-11	327.366719	0.1000002	0.0001033254	327.366719
9.49999	5.97E-11	327.39124	0.1000001	0.0001042511	327.39124
9.59999	5.6E-11	327.420878	0.1	0.000105146	327.420878
9.69999	5.99E-11	327.445444	0.0999998	0.000106071	327.445444
9.79999	6.05E-11	327.470019	0.1	0.000106997	327.470019
9.89999	6.05E-11	327.494605	0.1000002	0.000107922	327.494605
9.99999	6.05E-11	327.519151	0.0999999	0.00010885	327.519151
9.9	4.77E-11	327.543672	0.0999999	0.000107908	327.543672
9.8	4.43E-11	327.568192	0.1000001	0.000106974	327.568192
9.7	4.3E-11	327.592779	0.1	0.000106041	327.592779
9.6	4.06E-11	327.617306	0.1	0.000105111	327.617306
9.5	3.97E-11	327.641851	0.1000001	0.000104181	327.641851
9.4	3.87E-11	327.66637	0.1	0.000103255	327.66637
9.3	3.72E-11	327.690874	0.1000001	0.000102326	327.690874
9.2	3.61E-11	327.715397	0.0999999	0.000101399	327.715397
9.1	3.54E-11	327.739899	0.0999999	0.000100472	327.739899
9	3.46E-11	327.764436	0.1	9.955E-05	327.764436
8.9	3.41E-11	327.788975	0.1	9.8634E-05	327.788975
8.8	3.34E-11	327.813486	0.0999999	9.7708E-05	327.813486
8.7	3.84E-11	327.866523	0.1	9.6787E-05	327.866523
8.6	3.36E-11	327.891097	0.0999999	9.5864E-05	327.891097
8.5	3.24E-11	327.915606	0.1	9.4944E-05	327.915606
8.4	3.14E-11	327.940132	0.1	9.4023E-05	327.940132
8.3	3.15E-11	327.96471	0.1	9.3102E-05	327.96471
8.2	3.1E-11	327.989226	0.1000001	9.2185E-05	327.989226
8.1	3.04E-11	328.013758	0.1	9.1268E-05	328.013758
8	2.96E-11	328.038288	0.0999999	9.0353E-05	328.038288
7.9	2.9E-11	328.062792	0.1000001	8.9438E-05	328.062792
7.8	3.23E-11	328.090652	0.0999999	8.85547E-05	328.090652
7.7	2.93E-11	328.115406	0.0999999	8.76412E-05	328.115406
7.6	2.82E-11	328.139949	0.1	8.67289E-05	328.139949
7.5	2.8E-11	328.164548	0.0999998	8.58191E-05	328.164548
7.4	2.74E-11	328.189077	0.1000001	8.49077E-05	328.189077
7.3	2.7E-11	328.213636	0.1	8.39974E-05	328.213636
7.2	2.69E-11	328.238188	0.1	8.30883E-05	328.238188
7.1	2.58E-11	328.262695	0.1	8.21807E-05	328.262695
7	2.48E-11	328.287223	0.1	8.12733E-05	328.287223
6.9	2.51E-11	328.311776	0.0999998	8.03665E-05	328.311776
6.8	3.19E-11	328.372536	0.1000001	7.94682E-05	328.372536
6.7	2.62E-11	328.397066	0.0999997	7.8562E-05	328.397066
6.6	2.55E-11	328.42168	0.1000001	7.76569E-05	328.42168
6.5	2.51E-11	328.44633	0.0999998	7.67532E-05	328.44633
6.4	2.39E-11	328.470909	0.1	7.58498E-05	328.470909
6.3	2.38E-11	328.495494	0.1000001	7.49483E-05	328.495494
6.2	2.31E-11	328.520029	0.0999999	7.40462E-05	328.520029
6.1	2.25E-11	328.54455	0.0999998	7.31467E-05	328.54455
6	2.26E-11	328.569093	0.1	7.22464E-05	328.569093
5.9	2.21E-11	328.593734	0.0999999	7.13483E-05	328.593734
5.8	2.13E-11	328.61826	0.1000001	7.0451E-05	328.61826
5.7	2.14E-11	328.642779	0.0999998	6.95525E-05	328.642779
5.6	2.12E-11	328.667313	0.1000001	6.86567E-05	328.667313
5.5	2.09E-11	328.691822	0.0999999	6.77613E-05	328.691822
5.4	1.98E-11	328.716375	0.1	6.68666E-05	328.716375
5.3	1.96E-11	328.740887	0.1	6.5972E-05	328.740887
5.2	1.9E-11	328.765396	0.0999999	6.5078E-05	328.765396
5.1	1.91E-11	328.789912	0.1000001	6.41864E-05	328.789912
5	1.77E-11	328.814411	0.1	6.32942E-05	328.814411
4.9	2.43E-11	328.871558	0.1	6.24083E-05	328.871558
4.8	1.89E-11	328.896079	0.0999998	6.1517E-05	328.896079
4.7	1.84E-11	328.920624	0.0999999	6.06264E-05	328.920624
4.6	1.75E-11	328.945141	0.0999998	5.97367E-05	328.945141
4.5	1.69E-11	328.969714	0.1	5.88497E-05	328.969714
4.4	1.64E-11	328.994259	0.0999998	5.79623E-05	328.994259
4.3	1.59E-11	329.018812	0.1	5.70749E-05	329.018812
4.2	1.54E-11	329.043359	0.0999999	5.61888E-05	329.043359
4.1	1.49E-11	329.067884	0.1	5.53037E-05	329.067884
4	1.37E-11	329.092395	0.1000001	5.44199E-05	329.092395
3.9	1.4E-11	329.117049	0.0999998	5.35361E-05	329.117049
3.8	1.26E-11	329.14158	0.1000001	5.26529E-05	329.14158
3.7	1.2E-11	329.166181	0.0999999	5.17713E-05	329.166181
3.6	1.18E-11	329.190715	0.0999998	5.08902E-05	329.190715
3.5	1.13E-11	329.215253	0.0999999	5.0009E-05	329.215253
3.4	1.06E-11	329.239798	0.1000001	4.91294E-05	329.239798
3.3	1E-11	329.264336	0.0999999	4.8251E-05	329.264336
3.2	9.7E-12	329.288868	0.1000001	4.73729E-05	329.288868
3.1	9.3E-12	329.313413	0.1000002	4.6495E-05	329.313413
3	1.44E-11	329.373254	0.1	4.56233E-05	329.373254
2.9	9.1E-12	329.397771	0.1000001	4.47471E-05	329.397771
2.8	7.6E-12	329.422394	0.0999998	4.38712E-05	329.422394
2.7	6.6E-12	329.446918	0.1000002	4.2997E-05	329.446918
2.6	5.5E-12	329.471515	0.0999999	4.21239E-05	329.471515
2.5	4.3E-12	329.496113	0.1	4.12515E-05	329.496113
2.4	3.9E-12	329.520665	0.0999999	4.03792E-05	329.520665
2.3	3E-12	329.545178	0.0999999	3.95086E-05	329.545178
2.2	2.2E-12	329.569729	0.1	3.86387E-05	329.569729
2.099999	4.3E-12	329.596227	0.1	3.77732E-05	329.596227
2	4E-13	329.620826	0.1000001	3.69049E-05	329.620826
1.9	-1.3E-12	329.645355	0.0999999	3.60379E-05	329.645355
1.8	-1.5E-12	329.669899	0.0999999	3.51722E-05	329.669899
1.7	-3.4E-12	329.694436	0.1000002	3.43073E-05	329.694436
1.6	-4.1E-12	329.718973	0.0999999	3.34445E-05	329.718973
1.5	-5E-12	329.74353	0.0999999	3.25815E-05	329.74353
1.4	-7E-12	329.768048	0.1000001	3.17209E-05	329.768048
1.3	-8.2E-12	329.792563	0.1	3.0862E-05	329.792563
1.2	-9.8E-12	329.817071	0.1	3.00039E-05	329.817071
1.1	-4.4E-12	329.874497	0.1000001	2.91526E-05	329.874497
1	-1.1E-11	329.899048	0.1	2.8298E-05	329.899048
0.9	-1.3E-11	329.923557	0.1	2.7446E-05	329.923557
0.8	-1.54E-11	329.948064	0.1	2.65966E-05	329.948064
0.7	-1.72E-11	329.97263	0.1	2.57508E-05	329.97263
0.6	-1.97E-11	329.997127	0.1	2.49085E-05	329.997127
0.5	-2.16E-11	330.021682	0.1	2.40698E-05	330.021682
0.4	-2.37E-11	330.046207	0.0999999	2.32342E-05	330.046207
0.3	-2.65E-11	330.070701	0.1000001	2.24043E-05	330.070701
0.1999999	-2.52E-11	330.097096	0.1	2.15794E-05	330.097096
0.0999996	-3.05E-11	330.121661	0.0999999	2.07591E-05	330.121661
-4E-07	-3.3E-11	330.146195	0.0999998	1.99435E-05	330.146195
