#scan	iMeasureCycle=1	iMux=0	time=0.022	N=401	LocalTime=20/04/2023 02:55:41
#VGate(V)	IGate(A)	time(s)	VDrain(V)	IDrain(A)	time(s)
0	-1.521E-10	0.024948	0.0999998	1.67824E-05	0.024948
-0.1000004	-2.105E-10	0.049836	0.1	1.59761E-05	0.049836
-0.2000004	-2.597E-10	0.074338	0.1	1.51757E-05	0.074338
-0.300001	-2E-10	0.099054	0.1	1.43798E-05	0.099054
-0.4	-1.108E-10	0.123606	0.0999999	1.35891E-05	0.123606
-0.5	-8.52E-11	0.148137	0.0999999	1.28034E-05	0.148137
-0.6	-7.23E-11	0.172698	0.0999998	1.20235E-05	0.172698
-0.7	-6.51E-11	0.19721	0.1	1.12512E-05	0.19721
-0.8	-6.02E-11	0.221742	0.1	1.04862E-05	0.221742
-0.9	-5.71E-11	0.246255	0.1000001	9.7309E-06	0.246255
-0.999999	-5.1E-11	0.273365	0.0999999	8.98968E-06	0.273365
-1.1	-5.36E-11	0.297868	0.0999999	8.25566E-06	0.297868
-1.2	-5.25E-11	0.322426	0.0999997	7.53596E-06	0.322426
-1.3	-5.2E-11	0.346987	0.0999999	6.83248E-06	0.346987
-1.4	-5.17E-11	0.371494	0.0999998	6.1473E-06	0.371494
-1.5	-5.14E-11	0.396024	0.0999998	5.48392E-06	0.396024
-1.6	-5.14E-11	0.420586	0.1	4.84471E-06	0.420586
-1.7	-5.15E-11	0.445094	0.0999997	4.23398E-06	0.445094
-1.8	-5.15E-11	0.469613	0.1	3.65494E-06	0.469613
-1.9	-5.16E-11	0.494117	0.0999999	3.11125E-06	0.494117
-2	-5.16E-11	0.518637	0.0999998	2.60714E-06	0.518637
-2.1	-5.22E-11	0.543163	0.1	2.14548E-06	0.543163
-2.2	-4.54E-11	0.591415	0.0999999	1.7323E-06	0.591415
-2.3	-5.05E-11	0.615944	0.0999999	1.36077E-06	0.615944
-2.4	-5.1E-11	0.640464	0.1	1.03962E-06	0.640464
-2.5	-4.74E-11	0.667902	0.0999997	7.68654E-07	0.667902
-2.6	-5.16E-11	0.692733	0.0999994	5.44644E-07	0.692733
-2.7	-5.2E-11	0.717242	0.0999995	3.67528E-07	0.717242
-2.8	-5.28E-11	0.741759	0.0999997	2.33557E-07	0.741759
-2.9	-5.27E-11	0.766307	0.0999998	1.38091E-07	0.766307
-3	-4.76E-11	0.803965	0.0999955	7.58752E-08	0.803965
-3.1	-6.77E-11	0.827175	0.1000086	3.68227E-08	0.827175
-3.2	-6.86E-11	0.850461	0.1000043	1.59034E-08	0.850461
-3.3	-6.88E-11	0.873679	0.1000019	6.0057E-09	0.873679
-3.4	-6.77E-11	0.89696	0.1000006	1.9612E-09	0.89696
-3.5	-6.97E-11	0.920161	0.1000005	5.656E-10	0.920161
-3.6	-7E-11	0.943375	0.1000003	1.455E-10	0.943375
-3.7	-6.94E-11	0.966664	0.1000004	3.1E-11	0.966664
-3.8	-7.12E-11	0.989903	0.1000004	1.8E-12	0.989903
-3.9	-7.13E-11	1.013136	0.1000003	-4.5E-12	1.013136
-4	-7.18E-11	1.036364	0.1000002	-4.8E-12	1.036364
-4.1	-5.09E-11	1.091583	0.1	-6.6E-12	1.091583
-4.2	-7.09E-11	1.114809	0.1000003	-5E-12	1.114809
-4.3	-6.96E-11	1.13811	0.1000004	-5.2E-12	1.13811
-4.4	-7.15E-11	1.161325	0.1000003	-5.2E-12	1.161325
-4.5	-7.23E-11	1.184593	0.1000003	-4.9E-12	1.184593
-4.6	-7.27E-11	1.207817	0.1000004	-5.2E-12	1.207817
-4.7	-7.19E-11	1.231107	0.1000002	-5.3E-12	1.231107
-4.8	-7.31E-11	1.254427	0.1000001	-5.5E-12	1.254427
-4.9	-7.38E-11	1.277644	0.1000001	-4.8E-12	1.277644
-5	-7.21E-11	1.300937	0.1000003	-5.5E-12	1.300937
-5.1	-7.42E-11	1.324164	0.1000002	-5.3E-12	1.324164
-5.2	-7.42E-11	1.347481	0.1000001	-4.9E-12	1.347481
-5.3	-7.52E-11	1.370698	0.1000003	-4.4E-12	1.370698
-5.4	-7.28E-11	1.393986	0.1	-4.9E-12	1.393986
-5.5	-7.34E-11	1.417273	0.1000004	-5E-12	1.417273
-5.6	-7.5E-11	1.440487	0.1000002	-4.9E-12	1.440487
-5.7	-7.6E-11	1.463702	0.1000001	-5E-12	1.463702
-5.8	-7.44E-11	1.486987	0.1000003	-4.9E-12	1.486987
-5.9	-7.41E-11	1.51027	0.1000003	-5.1E-12	1.51027
-6	-7.62E-11	1.533472	0.1000003	-4.7E-12	1.533472
-6.1	-5.5E-11	1.590259	0.1000001	-7.2E-12	1.590259
-6.2	-7.31E-11	1.613571	0.1000003	-5.3E-12	1.613571
-6.3	-7.54E-11	1.636788	0.1000003	-4.8E-12	1.636788
-6.4	-7.61E-11	1.660093	0.1000002	-4.9E-12	1.660093
-6.5	-7.41E-11	1.683472	0.1000005	-5.3E-12	1.683472
-6.6	-7.59E-11	1.70671	0.1000004	-4.9E-12	1.70671
-6.7	-7.7E-11	1.729934	0.1000003	-4.7E-12	1.729934
-6.8	-7.7E-11	1.753166	0.1000002	-4.7E-12	1.753166
-6.9	-7.59E-11	1.776452	0.1000003	-4.9E-12	1.776452
-7	-7.63E-11	1.799742	0.1000002	-4.8E-12	1.799742
-7.1	-7.83E-11	1.822953	0.1000003	-4.4E-12	1.822953
-7.2	-7.63E-11	1.846423	0.1000003	-4.3E-12	1.846423
-7.3	-7.63E-11	1.869732	0.1000003	-4.5E-12	1.869732
-7.4	-7.86E-11	1.892946	0.1000001	-4.5E-12	1.892946
-7.5	-7.86E-11	1.916159	0.1000002	-4.4E-12	1.916159
-7.6	-7.74E-11	1.939436	0.1000001	-5E-12	1.939436
-7.7	-7.73E-11	1.962754	0.1000003	-4.8E-12	1.962754
-7.8	-7.96E-11	1.985966	0.1000001	-4.3E-12	1.985966
-7.9	-7.8E-11	2.009339	0.1000002	-4.8E-12	2.009339
-8	-7.79E-11	2.032635	0.1	-4.3E-12	2.032635
-8.1	-5.88E-11	2.091843	0.1000001	-6E-12	2.091843
-8.2	-7.7E-11	2.115094	0.1000003	-4.5E-12	2.115094
-8.3	-7.88E-11	2.138311	0.1000001	-4.7E-12	2.138311
-8.4	-7.86E-11	2.161566	0.1000003	-5E-12	2.161566
-8.5	-8E-11	2.184836	0.1000003	-4.5E-12	2.184836
-8.6	-8.01E-11	2.208072	0.1000001	-4E-12	2.208072
-8.7	-8.03E-11	2.231285	0.1000001	-4.4E-12	2.231285
-8.8	-8.03E-11	2.254502	0.1000004	-4.3E-12	2.254502
-8.9	-7.88E-11	2.277798	0.1000001	-4.4E-12	2.277798
-9	-7.95E-11	2.301094	0.1000004	-4.5E-12	2.301094
-9.1	-8.12E-11	2.324305	0.1000003	-4.3E-12	2.324305
-9.2	-7.92E-11	2.347678	0.1000003	-4.7E-12	2.347678
-9.3	-7.92E-11	2.37098	0.1	-4.7E-12	2.37098
-9.4	-8.06E-11	2.394197	0.1	-4.5E-12	2.394197
-9.5	-8.12E-11	2.417407	0.1000003	-4.1E-12	2.417407
-9.6	-8.12E-11	2.44062	0.1000002	-4.6E-12	2.44062
-9.7	-7.99E-11	2.463926	0.1	-4.4E-12	2.463926
-9.8	-8.17E-11	2.487135	0.1000004	-4.4E-12	2.487135
-9.9	-8.21E-11	2.510341	0.0999999	-4E-12	2.510341
-10	-8.18E-11	2.533553	0.1	-4.3E-12	2.533553
-9.90001	-5.64E-11	2.589384	0.1	-5.2E-12	2.589384
-9.80001	-3.51E-11	2.612619	0.0999999	-7.9E-12	2.612619
-9.70001	-3.47E-11	2.635921	0.0999998	-7.7E-12	2.635921
-9.60001	-3.28E-11	2.659218	0.0999999	-8.1E-12	2.659218
-9.50001	-2.95E-11	2.682501	0.0999999	-8E-12	2.682501
-9.40001	-2.88E-11	2.705739	0.0999998	-7.7E-12	2.705739
-9.30001	-2.92E-11	2.72902	0.0999998	-8.1E-12	2.72902
-9.20001	-2.82E-11	2.752294	0.0999997	-8.2E-12	2.752294
-9.10001	-2.54E-11	2.775529	0.0999998	-8.2E-12	2.775529
-9.00001	-2.5E-11	2.798746	0.0999999	-8.1E-12	2.798746
-8.90001	-2.54E-11	2.822035	0.1	-8.1E-12	2.822035
-8.80001	-2.55E-11	2.845416	0.1	-8.7E-12	2.845416
-8.70001	-2.41E-11	2.868671	0.0999997	-8.4E-12	2.868671
-8.60001	-2.25E-11	2.891882	0.0999998	-8.4E-12	2.891882
-8.50001	-2.36E-11	2.91517	0.0999999	-8.2E-12	2.91517
-8.40001	-2.34E-11	2.93846	0.1	-8.1E-12	2.93846
-8.30001	-2.12E-11	2.96167	0.1	-8.2E-12	2.96167
-8.20001	-2.12E-11	2.984886	0.0999997	-8.1E-12	2.984886
-8.10001	-2.23E-11	3.008269	0.0999999	-7.8E-12	3.008269
-8.00001	-1.99E-11	3.031466	0.0999997	-8.3E-12	3.031466
-7.90001	-1.96E-11	3.054698	0.0999997	-8.6E-12	3.054698
-7.80001	-3.88E-11	3.095283	0.0999999	-6.8E-12	3.095283
-7.70001	-2.11E-11	3.118599	0.0999999	-8E-12	3.118599
-7.6	-1.85E-11	3.141829	0.0999999	-8.2E-12	3.141829
-7.50001	-1.82E-11	3.165052	0.0999997	-8.3E-12	3.165052
-7.40001	-1.99E-11	3.188397	0.1	-8.3E-12	3.188397
-7.30001	-1.89E-11	3.211721	0.0999998	-8.2E-12	3.211721
-7.2	-1.67E-11	3.234926	0.0999999	-8.4E-12	3.234926
-7.10001	-1.65E-11	3.258163	0.0999998	-8.4E-12	3.258163
-7.00001	-1.8E-11	3.281455	0.0999999	-8.4E-12	3.281455
-6.90001	-1.79E-11	3.30475	0.1	-8.4E-12	3.30475
-6.80001	-1.54E-11	3.327979	0.0999999	-8.7E-12	3.327979
-6.70001	-1.48E-11	3.351282	0.0999998	-8.7E-12	3.351282
-6.60001	-1.6E-11	3.374594	0.0999997	-8.7E-12	3.374594
-6.50001	-1.4E-11	3.39781	0.0999999	-9.1E-12	3.39781
-6.40001	-1.36E-11	3.421028	0.0999999	-8.7E-12	3.421028
-6.30001	-1.29E-11	3.44424	0.0999998	-8.8E-12	3.44424
-6.20001	-1.44E-11	3.467537	0.0999998	-8.4E-12	3.467537
-6.10001	-1.28E-11	3.490771	0.0999998	-9.2E-12	3.490771
-6.00001	-1.18E-11	3.513987	0.0999997	-8.4E-12	3.513987
-5.90001	-1.4E-11	3.537278	0.0999999	-8.6E-12	3.537278
-5.80001	-3.23E-11	3.596453	0.1	-7.2E-12	3.596453
-5.70001	-1.4E-11	3.619758	0.0999997	-9.2E-12	3.619758
-5.60001	-1.33E-11	3.643057	0.0999999	-8.8E-12	3.643057
-5.50001	-1.14E-11	3.666349	0.0999997	-8.9E-12	3.666349
-5.40001	-1.06E-11	3.689611	0.0999999	-9.1E-12	3.689611
-5.30001	-1.18E-11	3.71292	0.0999998	-9E-12	3.71292
-5.20001	-1.03E-11	3.736142	0.1	-9E-12	3.736142
-5.1	-1.11E-11	3.759431	0.0999999	-9.1E-12	3.759431
-5.00001	-1E-11	3.782722	0.0999997	-8.9E-12	3.782722
-4.90001	-9.6E-12	3.806014	0.0999997	-8.8E-12	3.806014
-4.80001	-7.8E-12	3.829223	0.0999998	-8.9E-12	3.829223
-4.7	-7.4E-12	3.852538	0.0999997	-9.2E-12	3.852538
-4.60001	-8.3E-12	3.875823	0.1	-9E-12	3.875823
-4.50001	-7.8E-12	3.899122	0.1000001	-9.1E-12	3.899122
-4.40001	-6E-12	3.922324	0.0999997	-9.4E-12	3.922324
-4.3	-5.9E-12	3.945538	0.0999998	-9.8E-12	3.945538
-4.20001	-6.7E-12	3.9689	0.0999997	-9.6E-12	3.9689
-4.10001	-4.5E-12	3.992115	0.0999997	-9.7E-12	3.992115
-4.00001	-4.1E-12	4.015427	0.0999998	-9.3E-12	4.015427
-3.90001	-5.1E-12	4.038729	0.0999998	-7E-12	4.038729
-3.80001	-2.44E-11	4.097835	0.1000001	8.5E-12	4.097835
-3.70001	-6.8E-12	4.121183	0.0999999	6.74E-11	4.121183
-3.60001	-3.3E-12	4.144394	0.1	2.89E-10	4.144394
-3.50001	-2E-12	4.167607	0.1	1.0443E-09	4.167607
-3.40001	-1.4E-12	4.190849	0.1000005	3.3237E-09	4.190849
-3.30001	-2.6E-12	4.214151	0.1000014	9.3058E-09	4.214151
-3.20001	-3.2E-12	4.237484	0.1000025	2.27587E-08	4.237484
-3.10001	-1E-13	4.260682	0.1000009	4.92154E-08	4.260682
-3.00001	-4E-13	4.283938	0.0999929	9.52906E-08	4.283938
-2.90001	-1.95E-11	4.323442	0.1000001	1.65366E-07	4.323442
-2.80001	-1.45E-11	4.348048	0.1000003	2.72805E-07	4.348048
-2.70001	-1.35E-11	4.372584	0.1000007	4.1862E-07	4.372584
-2.60001	-1.17E-11	4.397052	0.1000005	6.07329E-07	4.397052
-2.50001	-1.14E-11	4.421579	0.1000008	8.42166E-07	4.421579
-2.40001	-1.59E-11	4.456208	0.1	1.12026E-06	4.456208
-2.30001	-1.08E-11	4.480735	0.1	1.45307E-06	4.480735
-2.20001	-9.7E-12	4.505249	0.1	1.83233E-06	4.505249
-2.1	-1.23E-11	4.531664	0.1000003	2.25809E-06	4.531664
-2.000001	-8.3E-12	4.556169	0.1	2.72795E-06	4.556169
-1.900001	-1.38E-11	4.603586	0.1000001	3.23064E-06	4.603586
-1.800001	-7.5E-12	4.628128	0.1	3.78262E-06	4.628128
-1.7	-6.1E-12	4.652644	0.1000002	4.36703E-06	4.652644
-1.6	-5.4E-12	4.677248	0.1000002	4.98144E-06	4.677248
-1.5	-4.2E-12	4.701841	0.0999999	5.62197E-06	4.701841
-1.4	-3E-12	4.726389	0.1000002	6.28736E-06	4.726389
-1.3	-2.2E-12	4.750904	0.0999998	6.97254E-06	4.750904
-1.200001	-9E-13	4.775423	0.1	7.67563E-06	4.775423
-1.100001	6E-13	4.799926	0.1000003	8.39386E-06	4.799926
-1	1.8E-12	4.824449	0.0999999	9.12598E-06	4.824449
-0.9	2.5E-12	4.849064	0.1000002	9.86946E-06	4.849064
-0.800001	-9E-13	4.883794	0.1	1.06155E-05	4.883794
-0.700001	4.4E-12	4.908329	0.1000002	1.13792E-05	4.908329
-0.600001	6.2E-12	4.932866	0.1	1.21495E-05	4.932866
-0.500001	7.9E-12	4.957418	0.1	1.29264E-05	4.957418
-0.4	9.3E-12	4.98196	0.0999999	1.37096E-05	4.98196
-0.3	1.13E-11	5.006568	0.1000001	1.44967E-05	5.006568
-0.2000001	9.3E-12	5.032971	0.1000002	1.52888E-05	5.032971
-0.0999996	1.41E-11	5.057479	0.1000001	1.60867E-05	5.057479
0	9.8E-12	5.105394	0.1000001	1.6882E-05	5.105394
0.1000003	1.63E-11	5.130128	0.0999999	1.769E-05	5.130128
0.2000003	1.88E-11	5.154683	0.1000001	1.8502E-05	5.154683
0.299999	2.08E-11	5.179381	0.0999999	1.93177E-05	5.179381
0.4	2.31E-11	5.203938	0.0999999	2.01395E-05	5.203938
0.5	2.51E-11	5.228461	0.1000003	2.09651E-05	5.228461
0.599999	2.7E-11	5.252958	0.0999999	2.17939E-05	5.252958
0.7	2.88E-11	5.277501	0.1000002	2.26256E-05	5.277501
0.799999	3.07E-11	5.302049	0.1000001	2.34606E-05	5.302049
0.9	3.26E-11	5.326571	0.1000001	2.42974E-05	5.326571
0.999999	3.45E-11	5.351164	0.1	2.5136E-05	5.351164
1.1	3.57E-11	5.375712	0.1000002	2.59763E-05	5.375712
1.199999	3.79E-11	5.400217	0.1000001	2.6818E-05	5.400217
1.3	3.89E-11	5.424777	0.1000001	2.76608E-05	5.424777
1.399999	4.05E-11	5.449292	0.0999999	2.8505E-05	5.449292
1.499999	4.14E-11	5.473813	0.1000001	2.93494E-05	5.473813
1.599999	4.33E-11	5.498262	0.1000002	3.01946E-05	5.498262
1.699999	4.38E-11	5.522812	0.1000001	3.10407E-05	5.522812
1.8	4.46E-11	5.54734	0.1000001	3.18872E-05	5.54734
1.899999	3.82E-11	5.602205	0.1000002	3.27248E-05	5.602205
1.999999	4.36E-11	5.626751	0.1	3.35761E-05	5.626751
2.1	4.45E-11	5.651289	0.1	3.44258E-05	5.651289
2.19999	4.58E-11	5.676112	0.1000001	3.52731E-05	5.676112
2.29999	4.66E-11	5.700699	0.1000001	3.61229E-05	5.700699
2.39999	4.76E-11	5.725224	0.1	3.69741E-05	5.725224
2.49999	4.81E-11	5.749757	0.1000001	3.7826E-05	5.749757
2.59999	4.86E-11	5.774275	0.1000001	3.86777E-05	5.774275
2.69999	4.84E-11	5.798815	0.0999999	3.95303E-05	5.798815
2.79999	4.96E-11	5.823332	0.1000001	4.03831E-05	5.823332
2.89999	4.98E-11	5.847868	0.1	4.12366E-05	5.847868
2.99999	5.01E-11	5.872391	0.0999999	4.209E-05	5.872391
3.09999	5.08E-11	5.896917	0.1000003	4.29446E-05	5.896917
3.19999	5.09E-11	5.921459	0.1000001	4.37999E-05	5.921459
3.29999	5.14E-11	5.945988	0.1000002	4.46563E-05	5.945988
3.39999	5.2E-11	5.970477	0.1	4.5513E-05	5.970477
3.49999	5.2E-11	5.99499	0.1	4.63694E-05	5.99499
3.59999	5.21E-11	6.019577	0.1	4.72267E-05	6.019577
3.69999	5.24E-11	6.044099	0.0999999	4.80852E-05	6.044099
3.79999	4.53E-11	6.105178	0.1	4.89335E-05	6.105178
3.89999	5.02E-11	6.129722	0.1000001	4.97969E-05	6.129722
3.99999	5.16E-11	6.154269	0.1	5.06595E-05	6.154269
4.09999	5.22E-11	6.178777	0.1	5.15217E-05	6.178777
4.19999	5.27E-11	6.203358	0.0999999	5.23843E-05	6.203358
4.29999	5.3E-11	6.227885	0.1	5.32475E-05	6.227885
4.39999	5.31E-11	6.252397	0.1	5.41106E-05	6.252397
4.49999	5.37E-11	6.276899	0.0999998	5.49745E-05	6.276899
4.59999	5.4E-11	6.301426	0.1000002	5.58401E-05	6.301426
4.69999	5.42E-11	6.325943	0.1000001	5.6706E-05	6.325943
4.79999	5.47E-11	6.350586	0.1	5.75724E-05	6.350586
4.89999	5.51E-11	6.375095	0.1000002	5.84401E-05	6.375095
4.99999	5.48E-11	6.39962	0.0999999	5.93092E-05	6.39962
5.09999	5.54E-11	6.424138	0.1	6.01776E-05	6.424138
5.19999	5.57E-11	6.448665	0.1000002	6.10468E-05	6.448665
5.29999	5.59E-11	6.47317	0.1	6.1918E-05	6.47317
5.39999	5.63E-11	6.4978	0.1000001	6.279E-05	6.4978
5.49999	5.58E-11	6.522319	0.1000001	6.36611E-05	6.522319
5.59999	5.68E-11	6.54683	0.1000002	6.45344E-05	6.54683
5.69999	4.97E-11	6.60733	0.1000002	6.53974E-05	6.60733
5.79999	5.45E-11	6.631911	0.1	6.62761E-05	6.631911
5.89999	5.53E-11	6.656468	0.1000001	6.71531E-05	6.656468
5.99999	5.6E-11	6.681084	0.1000003	6.80306E-05	6.681084
6.09999	5.63E-11	6.705641	0.1	6.8909E-05	6.705641
6.19999	5.64E-11	6.730188	0.0999999	6.97875E-05	6.730188
6.29999	5.69E-11	6.754728	0.1000002	7.06676E-05	6.754728
6.39999	5.73E-11	6.779258	0.1	7.1547E-05	6.779258
6.49999	5.77E-11	6.803767	0.1000001	7.24279E-05	6.803767
6.59999	5.74E-11	6.828291	0.1000002	7.33109E-05	6.828291
6.69999	5.74E-11	6.852894	0.1000001	7.41927E-05	6.852894
6.79999	5.83E-11	6.877411	0.1000002	7.50757E-05	6.877411
6.89999	5.8E-11	6.902057	0.0999999	7.59604E-05	6.902057
6.99999	5.82E-11	6.926677	0.1000004	7.68457E-05	6.926677
7.09999	5.81E-11	6.95121	0.0999999	7.7733E-05	6.95121
7.19999	5.89E-11	6.975725	0.0999999	7.86194E-05	6.975725
7.29999	5.84E-11	7.000297	0.1000004	7.95067E-05	7.000297
7.39999	5.82E-11	7.024861	0.0999999	8.03965E-05	7.024861
7.49999	5.89E-11	7.049409	0.1	8.1286E-05	7.049409
7.59999	5.25E-11	7.108473	0.0999997	8.21672E-05	7.108473
7.69999	5.71E-11	7.133007	0.1000003	8.30608E-05	7.133007
7.79999	5.81E-11	7.157516	0.1000002	8.39551E-05	7.157516
7.89999	5.84E-11	7.182069	0.1000001	8.48487E-05	7.182069
7.99999	5.88E-11	7.206641	0.1	8.57453E-05	7.206641
8.09999	5.9E-11	7.231183	0.1	8.66409E-05	7.231183
8.19999	5.93E-11	7.255702	0.1	8.75377E-05	7.255702
8.29999	5.95E-11	7.280214	0.0999998	8.84343E-05	7.280214
8.39999	5.93E-11	7.304757	0.1	8.93336E-05	7.304757
8.49999	5.9E-11	7.329328	0.1000001	9.02318E-05	7.329328
8.59999	5.96E-11	7.35394	0.1000001	9.11327E-05	7.35394
8.69999	5.99E-11	7.378461	0.0999998	9.20321E-05	7.378461
8.79999	6.01E-11	7.402969	0.1000001	9.29346E-05	7.402969
8.89999	6.01E-11	7.427503	0.1000002	9.38372E-05	7.427503
8.99999	6.07E-11	7.452025	0.1000003	9.47411E-05	7.452025
9.09999	6.06E-11	7.476641	0.0999998	9.56459E-05	7.476641
9.19999	6.02E-11	7.501228	0.1	9.65516E-05	7.501228
9.29999	6.09E-11	7.525757	0.1000002	9.74538E-05	7.525757
9.39999	6.09E-11	7.550274	0.1000003	9.8365E-05	7.550274
9.49999	5.45E-11	7.609894	0.1	9.92704E-05	7.609894
9.59999	5.96E-11	7.634457	0.0999999	0.0001001844	7.634457
9.69999	6E-11	7.659105	0.1	0.0001010981	7.659105
9.79999	6.01E-11	7.683726	0.0999998	0.0001020111	7.683726
9.89999	6.11E-11	7.708252	0.1000001	0.0001029244	7.708252
9.99999	6.01E-11	7.732819	0.1	0.0001038385	7.732819
9.9	4.73E-11	7.757326	0.1000002	0.0001029112	7.757326
9.8	4.42E-11	7.781853	0.0999998	0.0001019881	7.781853
9.7	4.2E-11	7.806361	0.1	0.0001010674	7.806361
9.6	4.06E-11	7.83091	0.0999999	0.000100149	7.83091
9.5	3.95E-11	7.855522	0.0999999	9.92327E-05	7.855522
9.4	3.81E-11	7.88006	0.0999999	9.83168E-05	7.88006
9.3	3.65E-11	7.904601	0.1000001	9.74023E-05	7.904601
9.2	3.59E-11	7.929116	0.0999999	9.64888E-05	7.929116
9.1	3.48E-11	7.953633	0.0999999	9.55772E-05	7.953633
9	3.44E-11	7.978145	0.1	9.46658E-05	7.978145
8.9	3.38E-11	8.002683	0.1000001	9.37602E-05	8.002683
8.8	3.26E-11	8.027368	0.0999999	9.28493E-05	8.027368
8.7	3.29E-11	8.051929	0.0999998	9.19398E-05	8.051929
8.6	3.77E-11	8.111556	0.0999999	9.10341E-05	8.111556
8.5	3.21E-11	8.136098	0.0999997	9.01248E-05	8.136098
8.4	3.17E-11	8.160611	0.0999998	8.92162E-05	8.160611
8.3	3.09E-11	8.185143	0.1000001	8.83105E-05	8.185143
8.2	3.03E-11	8.209699	0.1000001	8.74066E-05	8.209699
8.1	2.98E-11	8.234256	0.1	8.65014E-05	8.234256
8	2.96E-11	8.258769	0.1	8.55984E-05	8.258769
7.9	2.93E-11	8.283288	0.0999998	8.4696E-05	8.283288
7.8	2.8E-11	8.307792	0.1	8.3796E-05	8.307792
7.7	2.8E-11	8.332323	0.0999999	8.28963E-05	8.332323
7.6	2.8E-11	8.356949	0.0999997	8.19973E-05	8.356949
7.5	2.76E-11	8.381518	0.1	8.10993E-05	8.381518
7.4	2.66E-11	8.406027	0.0999999	8.02035E-05	8.406027
7.3	2.66E-11	8.430586	0.1000002	7.93061E-05	8.430586
7.2	2.6E-11	8.455102	0.1	7.84114E-05	8.455102
7.1	2.6E-11	8.479614	0.1	7.7517E-05	8.479614
7	2.55E-11	8.504128	0.1000001	7.66236E-05	8.504128
6.9	2.49E-11	8.528637	0.1000001	7.57305E-05	8.528637
6.8	2.48E-11	8.553147	0.1000001	7.48385E-05	8.553147
6.7	3.06E-11	8.6129	0.1	7.39538E-05	8.6129
6.6	2.51E-11	8.637467	0.0999997	7.30627E-05	8.637467
6.5	2.44E-11	8.661984	0.1	7.21733E-05	8.661984
6.4	2.37E-11	8.686597	0.1	7.12833E-05	8.686597
6.3	2.35E-11	8.711162	0.0999998	7.03953E-05	8.711162
6.2	2.28E-11	8.735844	0.1000001	6.95075E-05	8.735844
6.1	2.23E-11	8.760379	0.1	6.86216E-05	8.760379
6	2.19E-11	8.784895	0.0999998	6.77359E-05	8.784895
5.9	2.16E-11	8.809397	0.1	6.68508E-05	8.809397
5.8	2.13E-11	8.833977	0.1	6.59673E-05	8.833977
5.7	2.05E-11	8.858538	0.1000001	6.50844E-05	8.858538
5.6	2.03E-11	8.883045	0.1000003	6.42016E-05	8.883045
5.5	1.96E-11	8.907546	0.0999999	6.33202E-05	8.907546
5.4	1.97E-11	8.932094	0.0999998	6.24396E-05	8.932094
5.3	1.92E-11	8.95659	0.0999999	6.15599E-05	8.95659
5.2	1.86E-11	8.981139	0.1000001	6.06798E-05	8.981139
5.1	1.86E-11	9.005658	0.1000001	5.9801E-05	9.005658
5	1.8E-11	9.030241	0.1	5.89235E-05	9.030241
4.9	1.76E-11	9.054772	0.0999999	5.80474E-05	9.054772
4.8	2.34E-11	9.114851	0.1000002	5.71773E-05	9.114851
4.7	1.81E-11	9.139481	0.1000001	5.63006E-05	9.139481
4.6	1.74E-11	9.164049	0.0999999	5.54254E-05	9.164049
4.5	1.68E-11	9.188563	0.0999998	5.45523E-05	9.188563
4.4	1.73E-11	9.213375	0.1000002	5.3679E-05	9.213375
4.3	1.58E-11	9.237915	0.0999999	5.28064E-05	9.237915
4.2	1.55E-11	9.262432	0.0999999	5.19343E-05	9.262432
4.1	1.43E-11	9.286943	0.0999998	5.10645E-05	9.286943
4	1.39E-11	9.311488	0.0999997	5.01951E-05	9.311488
3.9	1.35E-11	9.33602	0.1	4.93253E-05	9.33602
3.8	1.26E-11	9.360718	0.0999999	4.8457E-05	9.360718
3.7	1.2E-11	9.385245	0.1	4.75899E-05	9.385245
3.6	1.1E-11	9.409762	0.1	4.67232E-05	9.409762
3.5	1.1E-11	9.434316	0.1000001	4.58577E-05	9.434316
3.4	1.04E-11	9.45886	0.1	4.49934E-05	9.45886
3.3	1E-11	9.483412	0.1	4.4129E-05	9.483412
3.2	8.9E-12	9.507948	0.0999998	4.3266E-05	9.507948
3.1	8.3E-12	9.532461	0.0999998	4.24029E-05	9.532461
3	7.3E-12	9.55696	0.1	4.15408E-05	9.55696
2.9	1.32E-11	9.615898	0.0999999	4.0685E-05	9.615898
2.8	7.8E-12	9.640433	0.0999999	3.98234E-05	9.640433
2.7	6.5E-12	9.664952	0.1000002	3.89635E-05	9.664952
2.6	5.6E-12	9.689592	0.0999999	3.81046E-05	9.689592
2.5	4.6E-12	9.714143	0.1000001	3.7247E-05	9.714143
2.4	3.9E-12	9.738699	0.0999998	3.63897E-05	9.738699
2.3	2.7E-12	9.763212	0.0999998	3.55341E-05	9.763212
2.2	1.6E-12	9.787742	0.1	3.46784E-05	9.787742
2.099999	4.3E-12	9.814153	0.0999999	3.38279E-05	9.814153
2	4E-13	9.838684	0.0999998	3.29746E-05	9.838684
1.9	-1.3E-12	9.863276	0.0999998	3.21231E-05	9.863276
1.8	-2E-12	9.887835	0.0999999	3.12728E-05	9.887835
1.7	-3.4E-12	9.912346	0.0999998	3.04231E-05	9.912346
1.6	-4.7E-12	9.936863	0.1	2.95752E-05	9.936863
1.5	-6.1E-12	9.961369	0.0999999	2.87281E-05	9.961369
1.4	-6.9E-12	9.985918	0.0999998	2.78823E-05	9.985918
1.3	-8.6E-12	10.010451	0.0999999	2.70384E-05	10.010451
1.2	-9.7E-12	10.035169	0.0999999	2.61975E-05	10.035169
1.1	-1.09E-11	10.059715	0.1000003	2.53581E-05	10.059715
1	-6.1E-12	10.117603	0.1	2.4526E-05	10.117603
0.9	-1.27E-11	10.142153	0.1000002	2.369E-05	10.142153
0.8	-1.48E-11	10.166664	0.1	2.2858E-05	10.166664
0.7	-1.75E-11	10.191187	0.0999998	2.20297E-05	10.191187
0.6	-1.94E-11	10.215762	0.0999998	2.12052E-05	10.215762
0.5	-2.16E-11	10.240316	0.1	2.0386E-05	10.240316
0.4	-2.42E-11	10.264848	0.1000001	1.95705E-05	10.264848
0.3	-2.61E-11	10.28935	0.1	1.87612E-05	10.28935
0.1999999	-2.5E-11	10.315746	0.1000001	1.79578E-05	10.315746
0.0999995	-3.03E-11	10.340299	0.1000001	1.71581E-05	10.340299
-6E-07	-3.32E-11	10.364868	0.0999998	1.63648E-05	10.364868
#scan	iMeasureCycle=2	iMux=0	time=279.782	N=401	LocalTime=20/04/2023 03:00:21
#VGate(V)	IGate(A)	time(s)	VDrain(V)	IDrain(A)	time(s)
-1E-07	-1.17E-11	279.789587	0.1	1.6568E-05	279.789587
-0.1000003	-1.97E-11	279.814464	0.0999999	1.57666E-05	279.814464
-0.2000001	-2.1E-11	279.840173	0.0999998	1.49714E-05	279.840173
-0.3	-2.72E-11	279.864888	0.0999999	1.41803E-05	279.864888
-0.4	-3E-11	279.889413	0.0999998	1.33943E-05	279.889413
-0.5	-3.23E-11	279.913945	0.1	1.26147E-05	279.913945
-0.6	-3.46E-11	279.938498	0.0999999	1.18411E-05	279.938498
-0.7	-3.66E-11	279.963011	0.0999998	1.10745E-05	279.963011
-0.8	-3.78E-11	279.987544	0.1000001	1.03163E-05	279.987544
-0.9	-4E-11	280.012141	0.0999999	9.5679E-06	280.012141
-1	-3.72E-11	280.039257	0.1	8.8339E-06	280.039257
-1.1	-4.23E-11	280.063767	0.1	8.10718E-06	280.063767
-1.2	-4.33E-11	280.088287	0.0999999	7.39539E-06	280.088287
-1.3	-4.45E-11	280.112816	0.0999997	6.70022E-06	280.112816
-1.4	-4.55E-11	280.137333	0.1	6.02328E-06	280.137333
-1.5	-4.6E-11	280.16187	0.0999997	5.3684E-06	280.16187
-1.6	-4.7E-11	280.186395	0.0999997	4.73825E-06	280.186395
-1.7	-4.76E-11	280.210911	0.1	4.13654E-06	280.210911
-1.8	-4.82E-11	280.235454	0.0999998	3.56701E-06	280.235454
-1.9	-4.89E-11	280.259989	0.0999999	3.03235E-06	280.259989
-2	-4.99E-11	280.284514	0.0999999	2.53699E-06	280.284514
-2.1	-5.06E-11	280.309053	0.0999999	2.08399E-06	280.309053
-2.2	-4.41E-11	280.356916	0.1	1.67813E-06	280.356916
-2.3	-4.97E-11	280.381433	0.0999999	1.3148E-06	280.381433
-2.4	-5.02E-11	280.40601	0.1	1.00072E-06	280.40601
-2.5	-4.7E-11	280.433337	0.0999994	7.3706E-07	280.433337
-2.6	-5.12E-11	280.457906	0.0999996	5.19486E-07	280.457906
-2.7	-5.18E-11	280.482486	0.0999996	3.48123E-07	280.482486
-2.8	-5.27E-11	280.507023	0.0999996	2.19521E-07	280.507023
-2.9	-5.31E-11	280.531539	0.0999998	1.28444E-07	280.531539
-3	-4.78E-11	280.569222	0.0999955	6.9591E-08	280.569222
-3.1	-6.61E-11	280.592504	0.100006	3.33489E-08	280.592504
-3.2	-6.72E-11	280.615787	0.1000032	1.41771E-08	280.615787
-3.3	-6.96E-11	280.639008	0.1000017	5.2579E-09	280.639008
-3.4	-6.96E-11	280.662218	0.1000007	1.6992E-09	280.662218
-3.5	-6.89E-11	280.685572	0.1000004	4.963E-10	280.685572
-3.6	-6.88E-11	280.70886	0.1000001	1.308E-10	280.70886
-3.7	-7.13E-11	280.732071	0.1000003	2.8E-11	280.732071
-3.8	-6.98E-11	280.755367	0.1000002	7E-13	280.755367
-3.9	-7.03E-11	280.778641	0.1000001	-4.5E-12	280.778641
-4	-7.03E-11	280.801939	0.1	-5.1E-12	280.801939
-4.1	-5.03E-11	280.856799	0.1	-6.6E-12	280.856799
-4.2	-6.91E-11	280.880114	0.1000001	-4.9E-12	280.880114
-4.3	-7.19E-11	280.903323	0.1	-5.1E-12	280.903323
-4.4	-7.23E-11	280.926539	0.1000001	-5.3E-12	280.926539
-4.5	-7.11E-11	280.949879	0.1	-5.1E-12	280.949879
-4.6	-7.09E-11	280.973173	0.1	-5.5E-12	280.973173
-4.7	-7.36E-11	280.996384	0.1000001	-5.3E-12	280.996384
-4.8	-7.35E-11	281.019687	0.1000001	-5.1E-12	281.019687
-4.9	-7.22E-11	281.04298	0.1000001	-5.4E-12	281.04298
-5	-7.42E-11	281.066194	0.1000001	-5E-12	281.066194
-5.1	-7.45E-11	281.089414	0.1000003	-4.8E-12	281.089414
-5.2	-7.44E-11	281.112626	0.1000003	-5E-12	281.112626
-5.3	-7.28E-11	281.135922	0.1	-5.4E-12	281.135922
-5.4	-7.3E-11	281.159228	0.1000002	-5.2E-12	281.159228
-5.5	-7.17E-11	281.182646	0.1000002	-5.3E-12	281.182646
-5.6	-7.34E-11	281.205945	0.1	-5.3E-12	281.205945
-5.7	-7.35E-11	281.229251	0.1000001	-5.2E-12	281.229251
-5.8	-7.65E-11	281.252469	0.1000003	-5.4E-12	281.252469
-5.9	-7.66E-11	281.275681	0.1	-5.1E-12	281.275681
-6	-7.55E-11	281.298967	0.1000001	-5E-12	281.298967
-6.1	-5.58E-11	281.355661	0.0999999	-6.6E-12	281.355661
-6.2	-7.55E-11	281.3789	0.1000001	-4.8E-12	281.3789
-6.3	-7.47E-11	281.402188	0.1000001	-5E-12	281.402188
-6.4	-7.48E-11	281.425473	0.1000002	-4.9E-12	281.425473
-6.5	-7.66E-11	281.448748	0.1000002	-4.7E-12	281.448748
-6.6	-7.73E-11	281.471965	0.1	-5E-12	281.471965
-6.7	-7.51E-11	281.495296	0.1000002	-4.9E-12	281.495296
-6.8	-7.74E-11	281.518622	0.1000001	-4.7E-12	281.518622
-6.9	-7.79E-11	281.541846	0.1	-4.7E-12	281.541846
-7	-7.74E-11	281.565092	0.1000002	-4.6E-12	281.565092
-7.1	-7.64E-11	281.588381	0.1000001	-4.6E-12	281.588381
-7.2	-7.9E-11	281.61158	0.1000002	-4.5E-12	281.61158
-7.3	-7.85E-11	281.6348	0.1000001	-4.5E-12	281.6348
-7.4	-7.91E-11	281.658014	0.1000002	-4.5E-12	281.658014
-7.5	-7.68E-11	281.681402	0.1000002	-4.5E-12	281.681402
-7.6	-7.92E-11	281.704634	0.1	-4.7E-12	281.704634
-7.7	-7.98E-11	281.727847	0.1000002	-4.5E-12	281.727847
-7.8	-7.94E-11	281.751062	0.1000001	-4.3E-12	281.751062
-7.9	-7.87E-11	281.774359	0.1	-4.5E-12	281.774359
-8	-7.85E-11	281.797643	0.1	-4.7E-12	281.797643
-8.1	-5.88E-11	281.856706	0.0999999	-6.6E-12	281.856706
-8.2	-7.87E-11	281.880004	0.1000001	-4.5E-12	281.880004
-8.3	-7.9E-11	281.903236	0.1000001	-4.3E-12	281.903236
-8.4	-7.81E-11	281.926527	0.1000001	-4.7E-12	281.926527
-8.5	-7.82E-11	281.949868	0.1000002	-5E-12	281.949868
-8.6	-8.11E-11	281.973089	0.1000003	-4E-12	281.973089
-8.7	-8.06E-11	281.996306	0.1000002	-4.2E-12	281.996306
-8.8	-7.9E-11	282.019677	0.1000001	-4.4E-12	282.019677
-8.9	-8.07E-11	282.042885	0.1000001	-4.4E-12	282.042885
-9	-8.11E-11	282.066111	0.1000001	-4.6E-12	282.066111
-9.1	-8.11E-11	282.089331	0.1000002	-4.3E-12	282.089331
-9.2	-7.99E-11	282.112614	0.1000001	-4.4E-12	282.112614
-9.3	-7.93E-11	282.135902	0.1	-4.9E-12	282.135902
-9.4	-8.14E-11	282.159221	0.1000002	-4.1E-12	282.159221
-9.5	-8.23E-11	282.182446	0.1	-4E-12	282.182446
-9.6	-8.16E-11	282.205698	0.1000001	-4E-12	282.205698
-9.7	-8.24E-11	282.228915	0.1	-4.7E-12	282.228915
-9.8	-8.24E-11	282.252136	0.1	-4.2E-12	282.252136
-9.9	-8.22E-11	282.275358	0.1000003	-4.1E-12	282.275358
-10	-8.11E-11	282.298644	0.1000001	-4.8E-12	282.298644
-9.90001	-5.68E-11	282.366047	0.1000001	-6.5E-12	282.366047
-9.80001	-3.55E-11	282.389331	0.0999996	-7.7E-12	282.389331
-9.70001	-3.37E-11	282.412554	0.0999998	-7.9E-12	282.412554
-9.60001	-3.17E-11	282.435762	0.0999997	-8E-12	282.435762
-9.50001	-2.99E-11	282.459041	0.0999996	-8.1E-12	282.459041
-9.40001	-2.86E-11	282.482266	0.0999998	-8.7E-12	282.482266
-9.30001	-2.8E-11	282.505483	0.0999997	-8.5E-12	282.505483
-9.20001	-2.88E-11	282.528774	0.0999997	-8.2E-12	282.528774
-9.10001	-2.8E-11	282.552065	0.0999996	-8.3E-12	282.552065
-9.00001	-2.78E-11	282.575353	0.0999998	-8.1E-12	282.575353
-8.90001	-2.56E-11	282.598569	0.0999998	-8.6E-12	282.598569
-8.80001	-2.45E-11	282.621776	0.0999996	-8E-12	282.621776
-8.70001	-2.55E-11	282.645056	0.0999996	-8.1E-12	282.645056
-8.60001	-2.49E-11	282.668357	0.0999997	-8.4E-12	282.668357
-8.50001	-2.23E-11	282.691594	0.0999997	-8.4E-12	282.691594
-8.40001	-2.38E-11	282.714976	0.0999997	-8.6E-12	282.714976
-8.30001	-2.33E-11	282.738256	0.0999999	-8.7E-12	282.738256
-8.20001	-2.09E-11	282.761477	0.0999997	-8.5E-12	282.761477
-8.10001	-2.05E-11	282.784702	0.0999998	-8.3E-12	282.784702
-8.00001	-2.2E-11	282.808004	0.0999997	-8.6E-12	282.808004
-7.90001	-4.03E-11	282.859927	0.1	-6.7E-12	282.859927
-7.80001	-2.23E-11	282.883306	0.0999997	-8.1E-12	282.883306
-7.70001	-2.13E-11	282.906606	0.0999998	-8.5E-12	282.906606
-7.6	-1.86E-11	282.929804	0.0999998	-8.8E-12	282.929804
-7.50001	-1.84E-11	282.953075	0.0999997	-8.9E-12	282.953075
-7.40001	-1.98E-11	282.976379	0.0999996	-8.5E-12	282.976379
-7.30001	-1.97E-11	282.999677	0.0999997	-8.5E-12	282.999677
-7.2	-1.72E-11	283.022885	0.0999996	-8.6E-12	283.022885
-7.10001	-1.6E-11	283.04618	0.0999994	-9.2E-12	283.04618
-7.00001	-1.78E-11	283.069574	0.0999998	-8.9E-12	283.069574
-6.90001	-1.61E-11	283.092789	0.0999998	-8.8E-12	283.092789
-6.80001	-1.55E-11	283.116003	0.0999998	-8.7E-12	283.116003
-6.70001	-1.69E-11	283.139301	0.0999997	-8.5E-12	283.139301
-6.60001	-1.64E-11	283.162578	0.0999996	-8.3E-12	283.162578
-6.50001	-1.51E-11	283.185805	0.0999997	-8.6E-12	283.185805
-6.40001	-1.59E-11	283.209116	0.0999998	-8.6E-12	283.209116
-6.30001	-1.54E-11	283.232385	0.0999999	-8.9E-12	283.232385
-6.20001	-1.51E-11	283.255672	0.0999997	-8.7E-12	283.255672
-6.10001	-1.28E-11	283.278921	0.0999997	-8.5E-12	283.278921
-6.00001	-1.2E-11	283.302134	0.1	-9E-12	283.302134
-5.90001	-3.29E-11	283.361156	0.1	-7.3E-12	283.361156
-5.80001	-1.3E-11	283.384428	0.0999997	-9E-12	283.384428
-5.70001	-1.4E-11	283.407726	0.0999996	-9.1E-12	283.407726
-5.60001	-1.35E-11	283.431005	0.0999998	-9E-12	283.431005
-5.50001	-1.12E-11	283.454276	0.0999996	-9.2E-12	283.454276
-5.40001	-1.07E-11	283.477494	0.0999998	-9.5E-12	283.477494
-5.30001	-1.16E-11	283.500788	0.0999998	-9.1E-12	283.500788
-5.20001	-1.01E-11	283.524109	0.0999997	-9.3E-12	283.524109
-5.1	-9.4E-12	283.547333	0.0999995	-9.1E-12	283.547333
-5.00001	-1.03E-11	283.570635	0.0999997	-9E-12	283.570635
-4.90001	-9.7E-12	283.593928	0.0999996	-9.1E-12	283.593928
-4.80001	-7.5E-12	283.617141	0.0999996	-9.3E-12	283.617141
-4.7	-6.8E-12	283.640348	0.0999997	-9.4E-12	283.640348
-4.60001	-7.4E-12	283.663588	0.0999998	-9.7E-12	283.663588
-4.50001	-8.1E-12	283.686887	0.0999999	-9.4E-12	283.686887
-4.40001	-6.2E-12	283.710209	0.0999996	-9.2E-12	283.710209
-4.3	-4.9E-12	283.733423	0.0999998	-9.3E-12	283.733423
-4.20001	-6.5E-12	283.75671	0.0999996	-9.3E-12	283.75671
-4.10001	-4.4E-12	283.779941	0.0999997	-9.6E-12	283.779941
-4.00001	-3.8E-12	283.80317	0.0999996	-9.4E-12	283.80317
-3.90001	-2.46E-11	283.863081	0.0999999	-5.8E-12	283.863081
-3.80001	-5.2E-12	283.886391	0.0999998	4.8E-12	283.886391
-3.70001	-3.9E-12	283.909616	0.0999998	5.57E-11	283.909616
-3.60001	-2.8E-12	283.932823	0.0999997	2.457E-10	283.932823
-3.50001	-4.6E-12	283.956198	0.1	8.88E-10	283.956198
-3.40001	-1.3E-12	283.979492	0.1000004	2.8841E-09	283.979492
-3.30001	-8E-13	284.002713	0.1000008	8.209E-09	284.002713
-3.20001	-1.9E-12	284.026007	0.1000021	2.03631E-08	284.026007
-3.10001	-1.4E-12	284.049379	0.1000019	4.4719E-08	284.049379
-3.00001	0	284.072623	0.099998	8.77878E-08	284.072623
-2.90001	-1.92E-11	284.112112	0.1000001	1.54135E-07	284.112112
-2.80001	-1.42E-11	284.136628	0.1000004	2.56799E-07	284.136628
-2.70001	-1.29E-11	284.161131	0.1000006	3.96973E-07	284.161131
-2.60001	-1.2E-11	284.18565	0.1000006	5.79642E-07	284.18565
-2.50001	-1.16E-11	284.210177	0.1000007	8.08254E-07	284.210177
-2.40001	-1.6E-11	284.244712	0.1000001	1.07927E-06	284.244712
-2.30001	-1.11E-11	284.269338	0.1000001	1.40449E-06	284.269338
-2.20001	-9.9E-12	284.293864	0.1	1.77545E-06	284.293864
-2.1	-1.25E-11	284.320275	0.1000001	2.19306E-06	284.320275
-2.000001	-1.45E-11	284.368411	0.1000004	2.64691E-06	284.368411
-1.9	-9.1E-12	284.393017	0.1	3.1524E-06	284.393017
-1.800001	-7.9E-12	284.417526	0.1000003	3.69373E-06	284.417526
-1.7	-6.4E-12	284.44205	0.1	4.26783E-06	284.44205
-1.6	-5.4E-12	284.466643	0.1000001	4.8726E-06	284.466643
-1.5	-4E-12	284.491186	0.1000002	5.50518E-06	284.491186
-1.4	-3.5E-12	284.515692	0.1000002	6.16129E-06	284.515692
-1.300001	-2.4E-12	284.540212	0.1000001	6.83848E-06	284.540212
-1.2	-1.3E-12	284.564736	0.1000001	7.53362E-06	284.564736
-1.100001	0	284.589277	0.1000001	8.24383E-06	284.589277
-1	1.2E-12	284.613784	0.1000001	8.96898E-06	284.613784
-0.9	2.7E-12	284.638309	0.1000001	9.70518E-06	284.638309
-0.8	4.2E-12	284.662812	0.1000001	1.045227E-05	284.662812
-0.700001	4E-13	284.69748	0.0999998	1.12004E-05	284.69748
-0.6	6.1E-12	284.722096	0.1000001	1.19658E-05	284.722096
-0.500001	7.7E-12	284.746628	0.1000002	1.27372E-05	284.746628
-0.4	9E-12	284.771237	0.1000001	1.35141E-05	284.771237
-0.3	1.08E-11	284.79576	0.1	1.42965E-05	284.79576
-0.2	8.8E-12	284.822208	0.1	1.50842E-05	284.822208
-0.1	8.3E-12	284.866957	0.1000001	1.58725E-05	284.866957
2E-07	1.47E-11	284.891556	0.1000003	1.6671E-05	284.891556
0.1000003	1.71E-11	284.916044	0.1	1.74724E-05	284.916044
0.2000003	1.87E-11	284.940591	0.1	1.82787E-05	284.940591
0.299999	2.11E-11	284.965335	0.1000001	1.90902E-05	284.965335
0.4	2.3E-11	284.98985	0.1	1.9908E-05	284.98985
0.5	2.51E-11	285.014347	0.1	2.07292E-05	285.014347
0.599999	2.68E-11	285.038846	0.1	2.15564E-05	285.038846
0.7	2.85E-11	285.063458	0.1000001	2.23871E-05	285.063458
0.799999	3.04E-11	285.087966	0.0999999	2.32213E-05	285.087966
0.9	3.21E-11	285.112492	0.1000002	2.40586E-05	285.112492
0.999999	3.39E-11	285.137028	0.0999999	2.48983E-05	285.137028
1.1	3.58E-11	285.161534	0.1	2.57402E-05	285.161534
1.2	3.74E-11	285.186089	0.1	2.65844E-05	285.186089
1.3	3.88E-11	285.210638	0.1	2.743E-05	285.210638
1.4	4E-11	285.235138	0.1	2.82772E-05	285.235138
1.5	4.12E-11	285.259654	0.0999999	2.9126E-05	285.259654
1.599999	4.26E-11	285.284181	0.1000001	2.99761E-05	285.284181
1.699999	4.33E-11	285.308703	0.1000001	3.08271E-05	285.308703
1.799999	3.72E-11	285.368604	0.1000001	3.16721E-05	285.368604
1.9	4.24E-11	285.393227	0.1	3.25266E-05	285.393227
2	4.39E-11	285.417728	0.1	3.33807E-05	285.417728
2.099999	4.53E-11	285.442233	0.1	3.42352E-05	285.442233
2.19999	4.57E-11	285.466999	0.0999999	3.50866E-05	285.466999
2.29999	4.64E-11	285.491503	0.1	3.59429E-05	285.491503
2.39999	4.66E-11	285.516157	0.1000002	3.67993E-05	285.516157
2.49999	4.79E-11	285.540656	0.0999999	3.76551E-05	285.540656
2.59999	4.84E-11	285.565174	0.1000001	3.85115E-05	285.565174
2.69999	4.85E-11	285.5897	0.0999999	3.93689E-05	285.5897
2.79999	4.92E-11	285.614273	0.1000001	4.02269E-05	285.614273
2.89999	4.96E-11	285.63881	0.1	4.10847E-05	285.63881
2.99999	4.99E-11	285.663318	0.1000001	4.19427E-05	285.663318
3.09999	4.99E-11	285.68782	0.1000002	4.28013E-05	285.68782
3.19999	5.09E-11	285.712348	0.0999999	4.36598E-05	285.712348
3.29999	5.12E-11	285.736856	0.1000001	4.45181E-05	285.736856
3.39999	5.14E-11	285.761366	0.1000002	4.53774E-05	285.761366
3.49999	5.17E-11	285.785983	0.1	4.62375E-05	285.785983
3.59999	5.2E-11	285.810545	0.1000002	4.7098E-05	285.810545
3.69999	4.54E-11	285.870083	0.1000002	4.79476E-05	285.870083
3.79999	5.05E-11	285.894689	0.0999999	4.88123E-05	285.894689
3.89999	5.04E-11	285.919218	0.1	4.96752E-05	285.919218
3.99999	5.15E-11	285.943727	0.1	5.0539E-05	285.943727
4.09999	5.18E-11	285.96839	0.1	5.14021E-05	285.96839
4.19999	5.23E-11	285.99294	0.1000001	5.22659E-05	285.99294
4.29999	5.26E-11	286.017498	0.1000001	5.31298E-05	286.017498
4.39999	5.33E-11	286.042037	0.0999998	5.39955E-05	286.042037
4.49999	5.39E-11	286.066673	0.0999999	5.48616E-05	286.066673
4.59999	5.44E-11	286.091198	0.1000001	5.5727E-05	286.091198
4.69999	5.42E-11	286.115758	0.1000001	5.65938E-05	286.115758
4.79999	5.43E-11	286.140277	0.1000002	5.74614E-05	286.140277
4.89999	5.5E-11	286.164781	0.1000001	5.83291E-05	286.164781
4.99999	5.52E-11	286.189296	0.1000004	5.91977E-05	286.189296
5.09999	5.53E-11	286.213855	0.1000002	6.00676E-05	286.213855
5.19999	5.52E-11	286.23838	0.1	6.09392E-05	286.23838
5.29999	5.53E-11	286.262911	0.1	6.18101E-05	286.262911
5.39999	5.52E-11	286.287521	0.1000001	6.26826E-05	286.287521
5.49999	5.52E-11	286.312039	0.0999999	6.35539E-05	286.312039
5.59999	4.93E-11	286.372181	0.0999999	6.44174E-05	286.372181
5.69999	5.42E-11	286.396774	0.0999998	6.52955E-05	286.396774
5.79999	5.55E-11	286.421315	0.1000001	6.61723E-05	286.421315
5.89999	5.61E-11	286.445855	0.1000002	6.70491E-05	286.445855
5.99999	5.54E-11	286.470427	0.0999999	6.79266E-05	286.470427
6.09999	5.57E-11	286.494975	0.0999999	6.88062E-05	286.494975
6.19999	5.63E-11	286.519488	0.0999999	6.96839E-05	286.519488
6.29999	5.68E-11	286.544015	0.1	7.05646E-05	286.544015
6.39999	5.68E-11	286.568542	0.1000001	7.1444E-05	286.568542
6.49999	5.73E-11	286.593088	0.1000002	7.23256E-05	286.593088
6.59999	5.77E-11	286.6176	0.1000001	7.32075E-05	286.6176
6.69999	5.77E-11	286.642112	0.1000002	7.40903E-05	286.642112
6.79999	5.71E-11	286.666628	0.1000002	7.49739E-05	286.666628
6.89999	5.77E-11	286.691129	0.1000002	7.58592E-05	286.691129
6.99999	5.8E-11	286.715719	0.0999999	7.67441E-05	286.715719
7.09999	5.77E-11	286.740237	0.1000002	7.76302E-05	286.740237
7.19999	5.79E-11	286.764751	0.1	7.85187E-05	286.764751
7.29999	5.8E-11	286.789268	0.1000002	7.94081E-05	286.789268
7.39999	5.81E-11	286.813818	0.1000002	8.0296E-05	286.813818
7.49999	5.23E-11	286.87346	0.1	8.11763E-05	286.87346
7.59999	5.67E-11	286.898153	0.1000002	8.2069E-05	286.898153
7.69999	5.8E-11	286.922671	0.1000001	8.29628E-05	286.922671
7.79999	5.83E-11	286.947187	0.0999999	8.38583E-05	286.947187
7.89999	5.85E-11	286.971779	0.1	8.47519E-05	286.971779
7.99999	5.88E-11	286.996317	0.1000002	8.56464E-05	286.996317
8.09999	5.89E-11	287.020847	0.0999999	8.6542E-05	287.020847
8.19999	5.88E-11	287.045393	0.1000001	8.7441E-05	287.045393
8.29999	5.94E-11	287.070001	0.1	8.83367E-05	287.070001
8.39999	5.94E-11	287.094513	0.0999998	8.92345E-05	287.094513
8.49999	5.96E-11	287.119058	0.0999998	9.01339E-05	287.119058
8.59999	5.95E-11	287.143584	0.1000003	9.10345E-05	287.143584
8.69999	5.96E-11	287.168105	0.1000002	9.19343E-05	287.168105
8.79999	5.98E-11	287.192626	0.1	9.28362E-05	287.192626
8.89999	6.04E-11	287.217219	0.1000001	9.37401E-05	287.217219
8.99999	6.07E-11	287.241762	0.1	9.46447E-05	287.241762
9.09999	6.06E-11	287.266311	0.1000003	9.55497E-05	287.266311
9.19999	6.05E-11	287.290817	0.1	9.64547E-05	287.290817
9.29999	6.06E-11	287.315346	0.1000001	9.7357E-05	287.315346
9.39999	5.41E-11	287.375329	0.1	9.82626E-05	287.375329
9.49999	5.85E-11	287.399989	0.1000004	9.91764E-05	287.399989
9.59999	5.9E-11	287.424567	0.1	0.0001000882	287.424567
9.69999	5.98E-11	287.449077	0.1000001	0.0001010008	287.449077
9.79999	6.01E-11	287.473672	0.0999999	0.0001019148	287.473672
9.89999	6.02E-11	287.498195	0.1000002	0.000102829	287.498195
9.99999	6.01E-11	287.522851	0.1	0.0001037416	287.522851
9.9	4.75E-11	287.547362	0.0999998	0.0001028128	287.547362
9.8	4.41E-11	287.571899	0.1000002	0.0001018915	287.571899
9.7	4.18E-11	287.596432	0.0999999	0.0001009719	287.596432
9.6	4.03E-11	287.62097	0.1000001	0.0001000531	287.62097
9.5	3.88E-11	287.645501	0.1	9.91359E-05	287.645501
9.4	3.82E-11	287.670003	0.0999995	9.82197E-05	287.670003
9.3	3.67E-11	287.69452	0.1	9.73062E-05	287.69452
9.2	3.58E-11	287.719106	0.0999999	9.63932E-05	287.719106
9.1	3.5E-11	287.743623	0.1	9.54807E-05	287.743623
9	3.42E-11	287.768176	0.0999998	9.45695E-05	287.768176
8.9	3.4E-11	287.792731	0.0999999	9.36636E-05	287.792731
8.8	3.29E-11	287.817242	0.0999997	9.27517E-05	287.817242
8.7	3.79E-11	287.876688	0.1	9.18449E-05	287.876688
8.6	3.25E-11	287.901299	0.1	9.09346E-05	287.901299
8.5	3.18E-11	287.925857	0.0999999	9.00267E-05	287.925857
8.4	3.12E-11	287.950374	0.1	8.91206E-05	287.950374
8.3	3.01E-11	287.974954	0.0999999	8.82146E-05	287.974954
8.2	2.99E-11	287.999485	0.1000001	8.73087E-05	287.999485
8.1	2.96E-11	288.024106	0.1	8.64049E-05	288.024106
8	2.91E-11	288.048621	0.1	8.55019E-05	288.048621
7.9	2.84E-11	288.073267	0.0999997	8.45991E-05	288.073267
7.8	2.82E-11	288.097777	0.0999999	8.36984E-05	288.097777
7.7	2.77E-11	288.122331	0.0999999	8.27987E-05	288.122331
7.6	2.78E-11	288.146847	0.0999999	8.19006E-05	288.146847
7.5	2.77E-11	288.171399	0.0999999	8.10024E-05	288.171399
7.4	2.67E-11	288.195929	0.1	8.01052E-05	288.195929
7.3	2.61E-11	288.220481	0.0999999	7.92093E-05	288.220481
7.2	2.52E-11	288.245071	0.1000001	7.83145E-05	288.245071
7.1	2.54E-11	288.269612	0.0999998	7.74191E-05	288.269612
7	2.44E-11	288.294116	0.1	7.65254E-05	288.294116
6.9	2.42E-11	288.318624	0.0999999	7.56324E-05	288.318624
6.8	3.1E-11	288.378311	0.0999999	7.47474E-05	288.378311
6.7	2.55E-11	288.402962	0.0999998	7.38553E-05	288.402962
6.6	2.48E-11	288.427507	0.1000001	7.29645E-05	288.427507
6.5	2.41E-11	288.452052	0.1000001	7.20741E-05	288.452052
6.4	2.32E-11	288.476629	0.0999998	7.11863E-05	288.476629
6.3	2.28E-11	288.501135	0.0999997	7.02986E-05	288.501135
6.2	2.29E-11	288.525742	0.1000001	6.94103E-05	288.525742
6.1	2.21E-11	288.550304	0.1	6.85245E-05	288.550304
6	2.2E-11	288.574866	0.0999999	6.76385E-05	288.574866
5.9	2.13E-11	288.599368	0.1000001	6.67536E-05	288.599368
5.8	2.11E-11	288.623887	0.1000001	6.58687E-05	288.623887
5.7	2.03E-11	288.648406	0.0999999	6.49856E-05	288.648406
5.6	1.99E-11	288.672915	0.0999998	6.41029E-05	288.672915
5.5	1.95E-11	288.697527	0.1	6.32217E-05	288.697527
5.4	1.91E-11	288.722042	0.1	6.23406E-05	288.722042
5.3	1.88E-11	288.746578	0.0999998	6.14604E-05	288.746578
5.2	1.86E-11	288.771088	0.0999998	6.0581E-05	288.771088
5.1	1.83E-11	288.795632	0.1000002	5.97028E-05	288.795632
5	1.75E-11	288.820162	0.1	5.8825E-05	288.820162
4.9	2.39E-11	288.879274	0.1000002	5.79543E-05	288.879274
4.8	1.84E-11	288.90388	0.1	5.70772E-05	288.90388
4.7	1.79E-11	288.9284	0.0999997	5.62009E-05	288.9284
4.6	1.67E-11	288.952931	0.0999999	5.53266E-05	288.952931
4.5	1.63E-11	288.977504	0.0999997	5.44523E-05	288.977504
4.4	1.57E-11	289.002032	0.1000001	5.35795E-05	289.002032
4.3	1.53E-11	289.026552	0.1	5.27071E-05	289.026552
4.2	1.46E-11	289.051129	0.1	5.18358E-05	289.051129
4.1	1.42E-11	289.075755	0.0999999	5.09658E-05	289.075755
4	1.36E-11	289.100293	0.1	5.00965E-05	289.100293
3.9	1.3E-11	289.124828	0.1000001	4.92269E-05	289.124828
3.8	1.22E-11	289.14937	0.0999998	4.83591E-05	289.14937
3.7	1.21E-11	289.173859	0.1	4.74912E-05	289.173859
3.6	1.12E-11	289.198367	0.0999998	4.66248E-05	289.198367
3.5	1.08E-11	289.222981	0.0999998	4.57587E-05	289.222981
3.4	1.04E-11	289.247485	0.0999999	4.48938E-05	289.247485
3.3	9.1E-12	289.271989	0.0999999	4.40295E-05	289.271989
3.2	8.4E-12	289.296499	0.1	4.31658E-05	289.296499
3.1	8.1E-12	289.321009	0.0999999	4.23042E-05	289.321009
3	1.39E-11	289.3816	0.1000001	4.1447E-05	289.3816
2.9	8.5E-12	289.40619	0.1000001	4.05862E-05	289.40619
2.8	7.2E-12	289.430718	0.0999999	3.97254E-05	289.430718
2.7	6.1E-12	289.455234	0.0999998	3.88657E-05	289.455234
2.6	5.2E-12	289.479829	0.0999999	3.8007E-05	289.479829
2.5	4.4E-12	289.504358	0.1	3.71495E-05	289.504358
2.4	3.3E-12	289.528954	0.1000001	3.62924E-05	289.528954
2.3	2.6E-12	289.553489	0.0999999	3.54355E-05	289.553489
2.2	1.2E-12	289.577993	0.0999997	3.4581E-05	289.577993
2.099999	4E-12	289.604408	0.1000002	3.37315E-05	289.604408
2	-3E-13	289.628949	0.0999998	3.28788E-05	289.628949
1.9	-1.8E-12	289.653484	0.1000001	3.20271E-05	289.653484
1.8	-2.8E-12	289.677983	0.1000001	3.11769E-05	289.677983
1.7	-3.8E-12	289.702501	0.1000001	3.03271E-05	289.702501
1.6	-5.2E-12	289.72709	0.1000001	2.94792E-05	289.72709
1.5	-6.5E-12	289.751617	0.1	2.86327E-05	289.751617
1.4	-7.5E-12	289.776147	0.0999999	2.77876E-05	289.776147
1.3	-8.8E-12	289.800698	0.0999999	2.69447E-05	289.800698
1.2	-1.04E-11	289.825244	0.0999998	2.61026E-05	289.825244
1.1	-5.6E-12	289.882454	0.0999998	2.52686E-05	289.882454
1	-1.17E-11	289.90707	0.1000001	2.44305E-05	289.90707
0.9	-1.43E-11	289.931587	0.1	2.35961E-05	289.931587
0.8	-1.6E-11	289.956114	0.0999999	2.27643E-05	289.956114
0.7	-1.81E-11	289.980675	0.1	2.19364E-05	289.980675
0.6	-2.03E-11	290.005187	0.1	2.11123E-05	290.005187
0.5	-2.19E-11	290.029727	0.0999999	2.02935E-05	290.029727
0.4	-2.45E-11	290.05424	0.0999998	1.94795E-05	290.05424
0.3	-2.67E-11	290.078839	0.0999998	1.86709E-05	290.078839
0.1999998	-2.55E-11	290.105241	0.1	1.78682E-05	290.105241
0.0999996	-3.09E-11	290.129781	0.1	1.70697E-05	290.129781
-4E-07	-3.34E-11	290.154285	0.0999999	1.62766E-05	290.154285
#scan	iMeasureCycle=3	iMux=0	time=319.808	N=401	LocalTime=20/04/2023 03:01:01
#VGate(V)	IGate(A)	time(s)	VDrain(V)	IDrain(A)	time(s)
0	-1.19E-11	319.815698	0.1000001	1.64753E-05	319.815698
-0.1000004	-1.98E-11	319.84059	0.1	1.56755E-05	319.84059
-0.2000001	-2.11E-11	319.86622	0.0999999	1.48812E-05	319.86622
-0.3	-2.67E-11	319.890933	0.0999999	1.40916E-05	319.890933
-0.4	-2.96E-11	319.915461	0.1	1.33076E-05	319.915461
-0.5	-3.22E-11	319.939966	0.0999998	1.25295E-05	319.939966
-0.6	-3.45E-11	319.964773	0.1000001	1.1758E-05	319.964773
-0.7	-3.61E-11	319.989286	0.0999999	1.09936E-05	319.989286
-0.8	-3.81E-11	320.013796	0.1000001	1.02375E-05	320.013796
-0.9	-3.93E-11	320.038304	0.0999999	9.4915E-06	320.038304
-0.999999	-3.7E-11	320.065419	0.0999999	8.75991E-06	320.065419
-1.1	-4.19E-11	320.089926	0.1	8.03627E-06	320.089926
-1.2	-4.3E-11	320.114477	0.1000001	7.32716E-06	320.114477
-1.3	-4.38E-11	320.138992	0.0999998	6.63468E-06	320.138992
-1.4	-4.45E-11	320.163602	0.0999998	5.96082E-06	320.163602
-1.5	-4.56E-11	320.188115	0.0999999	5.3092E-06	320.188115
-1.6	-4.63E-11	320.212642	0.0999996	4.68322E-06	320.212642
-1.7	-4.71E-11	320.237148	0.1	4.08528E-06	320.237148
-1.8	-4.8E-11	320.261697	0.1	3.51908E-06	320.261697
-1.9	-4.82E-11	320.286219	0.1	2.98869E-06	320.286219
-2	-4.88E-11	320.310808	0.1000002	2.49725E-06	320.310808
-2.1	-4.97E-11	320.335323	0.0999999	2.04811E-06	320.335323
-2.2	-4.41E-11	320.37835	0.1	1.64526E-06	320.37835
-2.3	-4.93E-11	320.402896	0.0999999	1.2868E-06	320.402896
-2.4	-5.01E-11	320.42737	0.0999998	9.7737E-07	320.42737
-2.5	-4.73E-11	320.454779	0.0999996	7.17558E-07	320.454779
-2.6	-5.1E-11	320.479311	0.0999997	5.04122E-07	320.479311
-2.7	-5.18E-11	320.503819	0.0999997	3.36292E-07	320.503819
-2.8	-5.31E-11	320.528322	0.0999998	2.10803E-07	320.528322
-2.9	-5.31E-11	320.552828	0.1	1.22469E-07	320.552828
-3	-4.79E-11	320.590493	0.0999958	6.59534E-08	320.590493
-3.1	-6.61E-11	320.613779	0.1000056	3.13301E-08	320.613779
-3.2	-6.88E-11	320.636986	0.1000032	1.31565E-08	320.636986
-3.3	-6.96E-11	320.660199	0.1000018	4.8318E-09	320.660199
-3.4	-6.98E-11	320.683411	0.1000006	1.5467E-09	320.683411
-3.5	-6.86E-11	320.706702	0.1000003	4.416E-10	320.706702
-3.6	-7.03E-11	320.729913	0.1000001	1.133E-10	320.729913
-3.7	-7.08E-11	320.753152	0.1000002	2.23E-11	320.753152
-3.8	-7.1E-11	320.776378	0.1000002	-3E-13	320.776378
-3.9	-6.99E-11	320.799672	0.1000001	-4.6E-12	320.799672
-4	-7.02E-11	320.823053	0.1000002	-5E-12	320.823053
-4.1	-5E-11	320.882452	0.0999998	-7.1E-12	320.882452
-4.2	-7.04E-11	320.905679	0.1000003	-5.4E-12	320.905679
-4.3	-6.95E-11	320.928979	0.1000001	-5.1E-12	320.928979
-4.4	-7.17E-11	320.952284	0.1000001	-5.3E-12	320.952284
-4.5	-7.2E-11	320.975557	0.1000001	-5.1E-12	320.975557
-4.6	-7.27E-11	320.998772	0.1000001	-5.1E-12	320.998772
-4.7	-7.12E-11	321.022072	0.1000002	-5.1E-12	321.022072
-4.8	-7.13E-11	321.045364	0.1000003	-5.3E-12	321.045364
-4.9	-7.36E-11	321.068574	0.1000001	-5E-12	321.068574
-5	-7.41E-11	321.091789	0.1000002	-4.8E-12	321.091789
-5.1	-7.24E-11	321.115082	0.1000001	-5.2E-12	321.115082
-5.2	-7.46E-11	321.138299	0.1000002	-5E-12	321.138299
-5.3	-7.46E-11	321.161608	0.1000001	-4.8E-12	321.161608
-5.4	-7.33E-11	321.184904	0.1000002	-5.3E-12	321.184904
-5.5	-7.36E-11	321.208188	0.1000002	-5.3E-12	321.208188
-5.6	-7.58E-11	321.231401	0.1000002	-4.9E-12	321.231401
-5.7	-7.54E-11	321.254648	0.1	-4.7E-12	321.254648
-5.8	-7.64E-11	321.27786	0.1000001	-4.4E-12	321.27786
-5.9	-7.47E-11	321.301152	0.1000002	-4.7E-12	321.301152
-6	-7.62E-11	321.32445	0.1000001	-4.9E-12	321.32445
-6.1	-5.51E-11	321.381164	0.0999998	-6.2E-12	321.381164
-6.2	-7.35E-11	321.404464	0.1000001	-4.6E-12	321.404464
-6.3	-7.55E-11	321.42769	0.1000001	-4.7E-12	321.42769
-6.4	-7.54E-11	321.450953	0.1000003	-4.5E-12	321.450953
-6.5	-7.48E-11	321.474296	0.1000002	-4.9E-12	321.474296
-6.6	-7.66E-11	321.497614	0.1000001	-4.7E-12	321.497614
-6.7	-7.7E-11	321.52092	0.1	-4.7E-12	321.52092
-6.8	-7.78E-11	321.544146	0.1000002	-4.9E-12	321.544146
-6.9	-7.63E-11	321.567437	0.1000001	-5E-12	321.567437
-7	-7.78E-11	321.590646	0.1000001	-4.3E-12	321.590646
-7.1	-7.81E-11	321.613859	0.1000002	-4.4E-12	321.613859
-7.2	-7.83E-11	321.637075	0.1000002	-4.5E-12	321.637075
-7.3	-7.71E-11	321.660367	0.1000001	-4.4E-12	321.660367
-7.4	-7.66E-11	321.683656	0.1000001	-4.5E-12	321.683656
-7.5	-7.89E-11	321.706863	0.1000002	-4.6E-12	321.706863
-7.6	-7.93E-11	321.730075	0.1000003	-4.6E-12	321.730075
-7.7	-7.73E-11	321.753357	0.1000001	-4.6E-12	321.753357
-7.8	-7.79E-11	321.776665	0.1	-4.6E-12	321.776665
-7.9	-7.89E-11	321.799898	0.1000001	-4.2E-12	321.799898
-8	-7.93E-11	321.823196	0.1000002	-4.7E-12	321.823196
-8.1	-5.78E-11	321.88284	0.0999999	-6.4E-12	321.88284
-8.2	-7.8E-11	321.906085	0.1	-4.8E-12	321.906085
-8.3	-7.81E-11	321.929303	0.1000001	-4.5E-12	321.929303
-8.4	-7.87E-11	321.95256	0.1000002	-4.5E-12	321.95256
-8.5	-7.77E-11	321.9759	0.1	-4.7E-12	321.9759
-8.6	-7.97E-11	321.999118	0.1000001	-3.9E-12	321.999118
-8.7	-7.84E-11	322.022409	0.1000001	-4.3E-12	322.022409
-8.8	-7.88E-11	322.045776	0.1000003	-4.1E-12	322.045776
-8.9	-8.07E-11	322.068985	0.1000002	-4.2E-12	322.068985
-9	-7.9E-11	322.092281	0.1000002	-4.3E-12	322.092281
-9.1	-8.08E-11	322.115483	0.1	-4.5E-12	322.115483
-9.2	-8E-11	322.13877	0.0999999	-4.5E-12	322.13877
-9.3	-8.09E-11	322.162089	0.1000002	-4.4E-12	322.162089
-9.4	-8.16E-11	322.18531	0.1000002	-4E-12	322.18531
-9.5	-8.15E-11	322.208521	0.1000002	-4.2E-12	322.208521
-9.6	-7.99E-11	322.231818	0.1000001	-4.7E-12	322.231818
-9.7	-8.19E-11	322.255038	0.1000001	-4E-12	322.255038
-9.8	-8.25E-11	322.278269	0.1000003	-4.1E-12	322.278269
-9.9	-8.24E-11	322.301479	0.1000002	-3.9E-12	322.301479
-10	-8.09E-11	322.324763	0.1000001	-4.5E-12	322.324763
-9.90001	-5.63E-11	322.384488	0.0999998	-5.9E-12	322.384488
-9.80001	-3.5E-11	322.407719	0.0999997	-7.8E-12	322.407719
-9.70001	-3.5E-11	322.431005	0.0999996	-7.7E-12	322.431005
-9.60001	-3.19E-11	322.454258	0.0999997	-7.5E-12	322.454258
-9.50001	-2.97E-11	322.477514	0.0999994	-8.2E-12	322.477514
-9.40001	-2.9E-11	322.500816	0.0999998	-8.1E-12	322.500816
-9.30001	-2.98E-11	322.524106	0.0999997	-7.6E-12	322.524106
-9.20001	-2.74E-11	322.547321	0.0999998	-7.8E-12	322.547321
-9.10001	-2.63E-11	322.570548	0.0999996	-7.9E-12	322.570548
-9.00001	-2.54E-11	322.593763	0.0999997	-7.9E-12	322.593763
-8.90001	-2.61E-11	322.617052	0.0999997	-7.5E-12	322.617052
-8.80001	-2.56E-11	322.64034	0.0999996	-7.5E-12	322.64034
-8.70001	-2.32E-11	322.66355	0.0999996	-8.2E-12	322.66355
-8.60001	-2.32E-11	322.686799	0.0999998	-7.6E-12	322.686799
-8.50001	-2.38E-11	322.710076	0.0999996	-8.3E-12	322.710076
-8.40001	-2.36E-11	322.73337	0.0999998	-7.9E-12	322.73337
-8.30001	-2.27E-11	322.75666	0.0999997	-8.1E-12	322.75666
-8.20001	-2.06E-11	322.779882	0.0999996	-8.1E-12	322.779882
-8.10001	-2.18E-11	322.80318	0.0999999	-7.9E-12	322.80318
-8.00001	-2.02E-11	322.826503	0.0999997	-8.2E-12	322.826503
-7.90001	-4.02E-11	322.885614	0.0999999	-6.6E-12	322.885614
-7.80001	-1.99E-11	322.908854	0.0999996	-8E-12	322.908854
-7.70001	-1.89E-11	322.93207	0.0999997	-8.3E-12	322.93207
-7.6	-1.86E-11	322.95538	0.0999998	-8.3E-12	322.95538
-7.50001	-1.84E-11	322.978652	0.0999995	-8.4E-12	322.978652
-7.40001	-1.74E-11	323.001867	0.0999998	-7.9E-12	323.001867
-7.30001	-1.69E-11	323.025078	0.0999998	-8.2E-12	323.025078
-7.2	-1.85E-11	323.048372	0.0999997	-8.4E-12	323.048372
-7.10001	-1.83E-11	323.071673	0.0999996	-8.1E-12	323.071673
-7.00001	-1.63E-11	323.094876	0.0999997	-8.6E-12	323.094876
-6.90001	-1.59E-11	323.118088	0.0999998	-9.1E-12	323.118088
-6.80001	-1.55E-11	323.141321	0.0999996	-8.6E-12	323.141321
-6.70001	-1.62E-11	323.164705	0.0999996	-8.9E-12	323.164705
-6.60001	-1.44E-11	323.187918	0.0999997	-9.2E-12	323.187918
-6.50001	-1.35E-11	323.211128	0.0999998	-8.8E-12	323.211128
-6.40001	-1.47E-11	323.234425	0.0999999	-8.3E-12	323.234425
-6.30001	-1.44E-11	323.257722	0.0999998	-8.5E-12	323.257722
-6.20001	-1.25E-11	323.280971	0.0999995	-8.8E-12	323.280971
-6.10001	-1.26E-11	323.304177	0.0999998	-9.1E-12	323.304177
-6.00001	-1.32E-11	323.327457	0.0999998	-8.8E-12	323.327457
-5.90001	-3.26E-11	323.387058	0.0999998	-7.2E-12	323.387058
-5.80001	-1.31E-11	323.410293	0.0999997	-9E-12	323.410293
-5.70001	-1.17E-11	323.433506	0.0999996	-8.9E-12	323.433506
-5.60001	-1.18E-11	323.456736	0.0999996	-9E-12	323.456736
-5.50001	-1.04E-11	323.480011	0.0999997	-9.3E-12	323.480011
-5.40001	-1.01E-11	323.503319	0.0999997	-9.2E-12	323.503319
-5.30001	-1.12E-11	323.526689	0.0999997	-9.2E-12	323.526689
-5.20001	-1.09E-11	323.549987	0.0999998	-9E-12	323.549987
-5.1	-8.6E-12	323.573212	0.0999997	-8.9E-12	323.573212
-5.00001	-8.7E-12	323.596442	0.0999997	-9.4E-12	323.596442
-4.90001	-9.7E-12	323.619734	0.0999997	-9E-12	323.619734
-4.80001	-9.6E-12	323.643018	0.0999997	-9.3E-12	323.643018
-4.7	-7.3E-12	323.666231	0.0999997	-9.2E-12	323.666231
-4.60001	-6.8E-12	323.689434	0.0999995	-9.5E-12	323.689434
-4.50001	-8E-12	323.712713	0.0999997	-9.6E-12	323.712713
-4.40001	-7.1E-12	323.735982	0.0999998	-9.7E-12	323.735982
-4.3	-5.2E-12	323.759194	0.0999997	-9.7E-12	323.759194
-4.20001	-4.6E-12	323.782439	0.0999997	-9.9E-12	323.782439
-4.10001	-6E-12	323.805733	0.0999995	-9.3E-12	323.805733
-4.00001	-5.7E-12	323.82912	0.0999997	-9.1E-12	323.82912
-3.90001	-2.46E-11	323.888961	0.1	-5.9E-12	323.888961
-3.80001	-6.2E-12	323.912282	0.0999997	3E-12	323.912282
-3.70001	-3.6E-12	323.935483	0.0999998	4.97E-11	323.935483
-3.60001	-3.2E-12	323.958737	0.0999997	2.195E-10	323.958737
-3.50001	-3.5E-12	323.982071	0.0999999	8.028E-10	323.982071
-3.40001	-3.3E-12	324.005368	0.1000003	2.617E-09	324.005368
-3.30001	-6E-13	324.028567	0.1000011	7.5547E-09	324.028567
-3.20001	-2E-13	324.051786	0.1000015	1.90168E-08	324.051786
-3.10001	-8E-13	324.075069	0.1000015	4.21027E-08	324.075069
-3.00001	-6E-13	324.098355	0.0999995	8.33882E-08	324.098355
-2.90001	-1.92E-11	324.137779	0.1	1.47605E-07	324.137779
-2.80001	-1.37E-11	324.162369	0.1000004	2.47233E-07	324.162369
-2.70001	-1.29E-11	324.186888	0.1000005	3.84078E-07	324.186888
-2.60001	-1.19E-11	324.211389	0.1000004	5.63244E-07	324.211389
-2.50001	-1.07E-11	324.235897	0.1000006	7.87594E-07	324.235897
-2.40001	-1.55E-11	324.270441	0.0999999	1.05457E-06	324.270441
-2.30001	-1.04E-11	324.294944	0.1000001	1.37622E-06	324.294944
-2.20001	-9.1E-12	324.319465	0.1	1.74371E-06	324.319465
-2.099999	-1.2E-11	324.345883	0.1000001	2.1572E-06	324.345883
-2.000001	-1.44E-11	324.3942	0.1000002	2.60631E-06	324.3942
-1.9	-8.3E-12	324.418721	0.1	3.1081E-06	324.418721
-1.800001	-7E-12	324.443235	0.1000002	3.64487E-06	324.443235
-1.7	-6E-12	324.467871	0.1	4.2159E-06	324.467871
-1.6	-5.3E-12	324.492545	0.1	4.81717E-06	324.492545
-1.5	-3.8E-12	324.517062	0.1000001	5.44585E-06	324.517062
-1.4	-2.7E-12	324.54159	0.1000001	6.09855E-06	324.54159
-1.3	-1.7E-12	324.566142	0.1000001	6.77249E-06	324.566142
-1.200001	-6E-13	324.590653	0.1	7.46472E-06	324.590653
-1.100001	4E-13	324.615191	0.1	8.17249E-06	324.615191
-1	1.9E-12	324.639682	0.1000001	8.89486E-06	324.639682
-0.9	2.9E-12	324.664219	0.1	9.62911E-06	324.664219
-0.8	4.3E-12	324.688724	0.1000002	1.037426E-05	324.688724
-0.700001	1E-13	324.723327	0.0999999	1.11203E-05	324.723327
-0.6	5.9E-12	324.74784	0.0999999	1.18836E-05	324.74784
-0.500001	7.8E-12	324.772427	0.0999997	1.26533E-05	324.772427
-0.400001	9.5E-12	324.796975	0.0999999	1.34292E-05	324.796975
-0.3	1.15E-11	324.821487	0.1000001	1.42103E-05	324.821487
-0.1999998	9.4E-12	324.84797	0.0999999	1.49955E-05	324.84797
-0.1000002	8.7E-12	324.893235	0.1000001	1.5781E-05	324.893235
4E-07	1.5E-11	324.917733	0.0999999	1.65777E-05	324.917733
0.1000004	1.72E-11	324.942216	0.1000002	1.7379E-05	324.942216
0.2000002	1.93E-11	324.966797	0.0999998	1.81845E-05	324.966797
0.299999	2.12E-11	324.991596	0.1000001	1.89953E-05	324.991596
0.4	2.33E-11	325.016101	0.1000001	1.9811E-05	325.016101
0.5	2.46E-11	325.040666	0.1000001	2.0632E-05	325.040666
0.599999	2.67E-11	325.065241	0.1000001	2.1458E-05	325.065241
0.7	2.89E-11	325.089786	0.1	2.22873E-05	325.089786
0.8	3.06E-11	325.114292	0.1000002	2.312E-05	325.114292
0.899999	3.24E-11	325.138818	0.1	2.39563E-05	325.138818
0.999999	3.41E-11	325.163434	0.1000001	2.47956E-05	325.163434
1.1	3.57E-11	325.187946	0.1000002	2.56368E-05	325.187946
1.2	3.75E-11	325.212475	0.0999999	2.64801E-05	325.212475
1.3	3.93E-11	325.236969	0.1000001	2.7325E-05	325.236969
1.4	4.02E-11	325.261492	0.0999999	2.81719E-05	325.261492
1.5	4.18E-11	325.286016	0.0999999	2.90207E-05	325.286016
1.599999	4.26E-11	325.31054	0.1000001	2.98701E-05	325.31054
1.7	4.39E-11	325.335037	0.1	3.07208E-05	325.335037
1.799999	3.74E-11	325.394752	0.1000002	3.15663E-05	325.394752
1.9	4.35E-11	325.419278	0.1000002	3.2421E-05	325.419278
2	4.47E-11	325.443799	0.0999999	3.32754E-05	325.443799
2.099999	4.54E-11	325.468391	0.1000001	3.413E-05	325.468391
2.19999	4.65E-11	325.493107	0.1	3.49823E-05	325.493107
2.29999	4.71E-11	325.517615	0.1	3.58394E-05	325.517615
2.39999	4.77E-11	325.542212	0.1	3.66969E-05	325.542212
2.49999	4.86E-11	325.566718	0.0999999	3.7554E-05	325.566718
2.59999	4.89E-11	325.591235	0.0999998	3.84119E-05	325.591235
2.69999	4.94E-11	325.615737	0.0999999	3.927E-05	325.615737
2.79999	5.01E-11	325.640263	0.1000001	4.01287E-05	325.640263
2.89999	5.1E-11	325.664762	0.1000002	4.09879E-05	325.664762
2.99999	5.07E-11	325.689306	0.1000002	4.18474E-05	325.689306
3.09999	5.1E-11	325.713811	0.0999999	4.27082E-05	325.713811
3.19999	5.14E-11	325.738308	0.1	4.35689E-05	325.738308
3.29999	5.19E-11	325.762804	0.1000003	4.44289E-05	325.762804
3.39999	5.23E-11	325.787422	0.0999998	4.529E-05	325.787422
3.49999	5.23E-11	325.81197	0.0999999	4.61519E-05	325.81197
3.59999	5.24E-11	325.836602	0.0999999	4.70129E-05	325.836602
3.69999	4.58E-11	325.89631	0.1	4.78665E-05	325.89631
3.79999	5.1E-11	325.920813	0.0999999	4.8731E-05	325.920813
3.89999	5.17E-11	325.945337	0.1000002	4.95959E-05	325.945337
3.99999	5.26E-11	325.969944	0.0999999	5.04596E-05	325.969944
4.09999	5.3E-11	325.994558	0.1000001	5.13242E-05	325.994558
4.19999	5.35E-11	326.019077	0.1000001	5.2189E-05	326.019077
4.29999	5.37E-11	326.043586	0.1000002	5.3054E-05	326.043586
4.39999	5.4E-11	326.068102	0.1000002	5.39198E-05	326.068102
4.49999	5.47E-11	326.092613	0.1000003	5.47858E-05	326.092613
4.59999	5.44E-11	326.117145	0.0999998	5.56521E-05	326.117145
4.69999	5.45E-11	326.14166	0.0999997	5.65202E-05	326.14166
4.79999	5.51E-11	326.166283	0.1	5.73884E-05	326.166283
4.89999	5.49E-11	326.190895	0.1	5.82557E-05	326.190895
4.99999	5.55E-11	326.215414	0.1000001	5.91259E-05	326.215414
5.09999	5.59E-11	326.23992	0.1	5.99962E-05	326.23992
5.19999	5.59E-11	326.264436	0.0999999	6.08671E-05	326.264436
5.29999	5.58E-11	326.288975	0.0999999	6.17392E-05	326.288975
5.39999	5.59E-11	326.313532	0.0999998	6.26116E-05	326.313532
5.49999	5.64E-11	326.338039	0.1	6.34844E-05	326.338039
5.59999	5.02E-11	326.398059	0.0999999	6.43474E-05	326.398059
5.69999	5.52E-11	326.422568	0.0999998	6.52262E-05	326.422568
5.79999	5.54E-11	326.447072	0.1	6.61024E-05	326.447072
5.89999	5.58E-11	326.471683	0.1	6.698E-05	326.471683
5.99999	5.66E-11	326.496208	0.1000002	6.78578E-05	326.496208
6.09999	5.66E-11	326.520725	0.1000002	6.87362E-05	326.520725
6.19999	5.73E-11	326.54523	0.1000002	6.96162E-05	326.54523
6.29999	5.74E-11	326.569758	0.0999999	7.0495E-05	326.569758
6.39999	5.76E-11	326.594283	0.0999999	7.13756E-05	326.594283
6.49999	5.73E-11	326.618811	0.0999999	7.2258E-05	326.618811
6.59999	5.83E-11	326.64333	0.1000001	7.31397E-05	326.64333
6.69999	5.78E-11	326.667861	0.1	7.40241E-05	326.667861
6.79999	5.84E-11	326.692392	0.1	7.49079E-05	326.692392
6.89999	5.85E-11	326.716932	0.1	7.5792E-05	326.716932
6.99999	5.87E-11	326.74148	0.1	7.66781E-05	326.74148
7.09999	5.83E-11	326.766022	0.0999999	7.75638E-05	326.766022
7.19999	5.87E-11	326.79055	0.1000002	7.84518E-05	326.79055
7.29999	5.86E-11	326.815157	0.1000001	7.93416E-05	326.815157
7.39999	5.9E-11	326.839764	0.1000001	8.02298E-05	326.839764
7.49999	5.26E-11	326.89926	0.0999999	8.11113E-05	326.89926
7.59999	5.76E-11	326.92381	0.0999998	8.20044E-05	326.92381
7.69999	5.77E-11	326.948379	0.1000001	8.28971E-05	326.948379
7.79999	5.81E-11	326.972981	0.1000001	8.37908E-05	326.972981
7.89999	5.83E-11	326.997547	0.1	8.46858E-05	326.997547
7.99999	5.92E-11	327.022101	0.0999998	8.55811E-05	327.022101
8.09999	5.94E-11	327.046611	0.1	8.64765E-05	327.046611
8.19999	5.93E-11	327.07116	0.0999998	8.73734E-05	327.07116
8.29999	5.98E-11	327.095672	0.1	8.82709E-05	327.095672
8.39999	5.99E-11	327.120197	0.1000001	8.91692E-05	327.120197
8.49999	6.01E-11	327.144698	0.0999999	9.00682E-05	327.144698
8.59999	5.97E-11	327.169322	0.0999998	9.09691E-05	327.169322
8.69999	6.01E-11	327.193864	0.1000003	9.18701E-05	327.193864
8.79999	6.07E-11	327.218396	0.0999998	9.27716E-05	327.218396
8.89999	6.04E-11	327.24292	0.0999999	9.36743E-05	327.24292
8.99999	5.99E-11	327.267488	0.1000002	9.45797E-05	327.267488
9.09999	6.07E-11	327.292034	0.1000002	9.54839E-05	327.292034
9.19999	6.05E-11	327.316586	0.1000002	9.63895E-05	327.316586
9.29999	6.11E-11	327.341099	0.1000001	9.72933E-05	327.341099
9.39999	5.49E-11	327.396539	0.1000003	9.81999E-05	327.396539
9.49999	6E-11	327.421085	0.1	9.91126E-05	327.421085
9.59999	6.03E-11	327.44561	0.1000001	0.0001000244	327.44561
9.69999	6.11E-11	327.470116	0.1000003	0.0001009373	327.470116
9.79999	6.08E-11	327.494685	0.1000001	0.0001018515	327.494685
9.89999	6.1E-11	327.519309	0.1000002	0.0001027639	327.519309
9.99999	6.11E-11	327.544016	0.1000004	0.000103678	327.544016
9.9	4.78E-11	327.568581	0.0999999	0.0001027494	327.568581
9.8	4.48E-11	327.593128	0.1000002	0.0001018277	327.593128
9.7	4.32E-11	327.617657	0.0999999	0.000100906	327.617657
9.6	4.14E-11	327.642173	0.0999999	9.99882E-05	327.642173
9.5	4.02E-11	327.666689	0.1	9.90713E-05	327.666689
9.4	3.82E-11	327.691196	0.0999997	9.81562E-05	327.691196
9.3	3.76E-11	327.715764	0.1000001	9.72408E-05	327.715764
9.2	3.65E-11	327.740266	0.1000001	9.63273E-05	327.740266
9.1	3.57E-11	327.764822	0.1000001	9.54153E-05	327.764822
9	3.56E-11	327.789361	0.0999997	9.45057E-05	327.789361
8.9	3.45E-11	327.813911	0.0999999	9.35992E-05	327.813911
8.8	3.31E-11	327.838522	0.1000001	9.2688E-05	327.838522
8.7	3.95E-11	327.896268	0.0999999	9.17806E-05	327.896268
8.6	3.37E-11	327.920829	0.0999999	9.08705E-05	327.920829
8.5	3.27E-11	327.945359	0.1000002	8.99619E-05	327.945359
8.4	3.19E-11	327.969865	0.1000001	8.9055E-05	327.969865
8.3	3.09E-11	327.994423	0.1000001	8.81492E-05	327.994423
8.2	3.1E-11	328.018945	0.1000002	8.72438E-05	328.018945
8.1	3E-11	328.043451	0.1000001	8.63395E-05	328.043451
8	2.9E-11	328.067961	0.1000001	8.54371E-05	328.067961
7.9	2.88E-11	328.092503	0.1	8.45347E-05	328.092503
7.8	2.87E-11	328.11704	0.1	8.36339E-05	328.11704
7.7	2.82E-11	328.141582	0.1000001	8.27342E-05	328.141582
7.6	2.81E-11	328.166191	0.0999997	8.1836E-05	328.166191
7.5	2.73E-11	328.190742	0.0999998	8.09371E-05	328.190742
7.4	2.72E-11	328.21532	0.1000002	8.00394E-05	328.21532
7.3	2.67E-11	328.239842	0.0999997	7.91433E-05	328.239842
7.2	2.63E-11	328.264409	0.0999998	7.82487E-05	328.264409
7.1	2.65E-11	328.288937	0.1000001	7.73536E-05	328.288937
7	2.58E-11	328.313468	0.0999998	7.646E-05	328.313468
6.9	2.5E-11	328.337974	0.0999998	7.55677E-05	328.337974
6.8	3.1E-11	328.386646	0.0999998	7.46804E-05	328.386646
6.7	2.59E-11	328.411235	0.0999997	7.37879E-05	328.411235
6.6	2.5E-11	328.435753	0.0999999	7.2897E-05	328.435753
6.5	2.43E-11	328.460271	0.0999998	7.20078E-05	328.460271
6.4	2.74E-11	328.487292	0.0999998	7.1118E-05	328.487292
6.3	2.35E-11	328.511906	0.0999999	7.02311E-05	328.511906
6.2	2.3E-11	328.536473	0.0999999	6.93442E-05	328.536473
6.1	2.3E-11	328.560985	0.1	6.84565E-05	328.560985
6	2.21E-11	328.585523	0.1000002	6.75703E-05	328.585523
5.9	2.15E-11	328.610072	0.1	6.66863E-05	328.610072
5.8	2.09E-11	328.634598	0.1000001	6.58019E-05	328.634598
5.7	2.08E-11	328.659134	0.1	6.49192E-05	328.659134
5.6	2.04E-11	328.683649	0.1	6.40368E-05	328.683649
5.5	1.98E-11	328.708168	0.1000001	6.31556E-05	328.708168
5.4	1.94E-11	328.732696	0.1	6.22745E-05	328.732696
5.3	1.98E-11	328.757637	0.1000002	6.13933E-05	328.757637
5.2	1.92E-11	328.78216	0.0999999	6.05137E-05	328.78216
5.1	1.85E-11	328.806683	0.1	5.96364E-05	328.806683
5	1.84E-11	328.831204	0.0999999	5.87586E-05	328.831204
4.9	1.77E-11	328.855834	0.1	5.78815E-05	328.855834
4.8	2.37E-11	328.906037	0.1000001	5.70105E-05	328.906037
4.7	1.82E-11	328.930555	0.1	5.61343E-05	328.930555
4.6	1.76E-11	328.955087	0.0999999	5.52591E-05	328.955087
4.5	1.72E-11	328.979697	0.1	5.43861E-05	328.979697
4.4	1.64E-11	329.004354	0.1	5.35123E-05	329.004354
4.3	1.55E-11	329.028895	0.0999998	5.26404E-05	329.028895
4.2	1.47E-11	329.053439	0.1	5.17693E-05	329.053439
4.1	1.41E-11	329.077963	0.0999998	5.08994E-05	329.077963
4	1.37E-11	329.10247	0.0999998	5.00284E-05	329.10247
3.9	1.35E-11	329.127038	0.1	4.91596E-05	329.127038
3.8	1.28E-11	329.151527	0.0999999	4.82919E-05	329.151527
3.7	1.23E-11	329.176144	0.1000001	4.74248E-05	329.176144
3.6	1.12E-11	329.200654	0.0999999	4.65581E-05	329.200654
3.5	1.12E-11	329.225189	0.0999998	4.56925E-05	329.225189
3.4	1.06E-11	329.249707	0.0999999	4.48278E-05	329.249707
3.3	9.7E-12	329.27425	0.1	4.39643E-05	329.27425
3.2	9.2E-12	329.298803	0.1000002	4.31006E-05	329.298803
3.1	8.5E-12	329.323363	0.0999999	4.22377E-05	329.323363
3	7.8E-12	329.347871	0.0999998	4.13758E-05	329.347871
2.9	1.38E-11	329.406906	0.1	4.05198E-05	329.406906
2.8	8.6E-12	329.43145	0.0999999	3.96588E-05	329.43145
2.7	7.3E-12	329.455997	0.0999999	3.87995E-05	329.455997
2.6	6.4E-12	329.480645	0.1000002	3.79408E-05	329.480645
2.5	5.1E-12	329.505236	0.1000001	3.70832E-05	329.505236
2.4	3.8E-12	329.529776	0.0999998	3.62268E-05	329.529776
2.3	3.3E-12	329.554333	0.0999998	3.53706E-05	329.554333
2.2	2E-12	329.578842	0.0999998	3.45153E-05	329.578842
2.099999	4.6E-12	329.605246	0.1	3.36653E-05	329.605246
2	1E-13	329.629771	0.1000002	3.2813E-05	329.629771
1.9	-9E-13	329.654288	0.1	3.19612E-05	329.654288
1.8	-1.9E-12	329.678793	0.1000001	3.1111E-05	329.678793
1.7	-2.9E-12	329.703306	0.0999999	3.02622E-05	329.703306
1.6	-4.2E-12	329.727829	0.0999999	2.94147E-05	329.727829
1.5	-5.3E-12	329.75233	0.1000002	2.85677E-05	329.75233
1.4	-6.8E-12	329.776869	0.0999998	2.77226E-05	329.776869
1.3	-8E-12	329.801431	0.0999999	2.68802E-05	329.801431
1.2	-9.6E-12	329.825977	0.1	2.60385E-05	329.825977
1.1	-1.15E-11	329.850591	0.0999999	2.51998E-05	329.850591
1	-6.4E-12	329.908447	0.0999999	2.43684E-05	329.908447
0.9	-1.21E-11	329.932996	0.1	2.35326E-05	329.932996
0.8	-1.46E-11	329.957498	0.1000001	2.27013E-05	329.957498
0.7	-1.71E-11	329.9821	0.0999998	2.18738E-05	329.9821
0.6	-1.92E-11	330.006659	0.0999999	2.1051E-05	330.006659
0.5	-2.17E-11	330.03121	0.0999997	2.02316E-05	330.03121
0.4	-2.39E-11	330.055714	0.0999998	1.94176E-05	330.055714
0.3	-2.61E-11	330.08021	0.0999999	1.86098E-05	330.08021
0.1999998	-2.5E-11	330.106608	0.0999999	1.78074E-05	330.106608
0.0999995	-3.03E-11	330.131174	0.1	1.7009E-05	330.131174
-6E-07	-3.3E-11	330.155675	0.1	1.62162E-05	330.155675
