#scan	iMeasureCycle=1	iMux=0	time=0.023	N=401	LocalTime=20/04/2023 09:31:43
#VGate(V)	IGate(A)	time(s)	VDrain(V)	IDrain(A)	time(s)
-3E-07	-1.514E-10	0.025981	0.1	2.51794E-05	0.025981
-0.1000005	-2.099E-10	0.050901	0.0999998	2.43298E-05	0.050901
-0.2000003	-2.586E-10	0.075433	0.1000002	2.34855E-05	0.075433
-0.300001	-1.981E-10	0.100176	0.0999999	2.26447E-05	0.100176
-0.4	-1.102E-10	0.124806	0.0999999	2.18075E-05	0.124806
-0.5	-8.48E-11	0.14934	0.0999999	2.09733E-05	0.14934
-0.6	-7.23E-11	0.173857	0.0999999	2.0142E-05	0.173857
-0.7	-6.51E-11	0.198352	0.0999998	1.93145E-05	0.198352
-0.8	-6E-11	0.222876	0.0999999	1.84899E-05	0.222876
-0.9	-5.69E-11	0.247399	0.0999999	1.76688E-05	0.247399
-1	-5.53E-11	0.271922	0.1000001	1.68518E-05	0.271922
-1.1	-5.37E-11	0.29644	0.1	1.604E-05	0.29644
-1.2	-5.28E-11	0.32096	0.1	1.52329E-05	0.32096
-1.3	-5.15E-11	0.345551	0.0999999	1.44306E-05	0.345551
-1.4	-5.16E-11	0.370087	0.1	1.36353E-05	0.370087
-1.5	-5.14E-11	0.394604	0.0999998	1.28468E-05	0.394604
-1.6	-5.14E-11	0.419131	0.0999997	1.20661E-05	0.419131
-1.7	-5.1E-11	0.443663	0.1000001	1.12948E-05	0.443663
-1.8	-5.14E-11	0.468206	0.0999998	1.05338E-05	0.468206
-1.9	-5.16E-11	0.492752	0.0999999	9.7839E-06	0.492752
-2	-5.13E-11	0.51728	0.1000001	9.0468E-06	0.51728
-2.1	-4.8E-11	0.544424	0.0999999	8.32905E-06	0.544424
-2.2	-4.48E-11	0.592682	0.1	7.62487E-06	0.592682
-2.3	-5.02E-11	0.61722	0.1000001	6.93799E-06	0.61722
-2.4	-5.12E-11	0.641695	0.1	6.2729E-06	0.641695
-2.5	-5.17E-11	0.666223	0.1000001	5.63244E-06	0.666223
-2.6	-5.21E-11	0.690814	0.0999999	5.01854E-06	0.690814
-2.7	-5.29E-11	0.715339	0.1000001	4.43418E-06	0.715339
-2.8	-5.29E-11	0.739864	0.1	3.88069E-06	0.739864
-2.9	-5.37E-11	0.764395	0.0999998	3.36232E-06	0.764395
-3	-5.38E-11	0.788919	0.0999999	2.87906E-06	0.788919
-3.1	-5.37E-11	0.813451	0.0999999	2.43351E-06	0.813451
-3.2	-5.35E-11	0.838169	0.1000001	2.02558E-06	0.838169
-3.3	-5.44E-11	0.862698	0.0999998	1.65756E-06	0.862698
-3.4	-5.51E-11	0.887243	0.1	1.32967E-06	0.887243
-3.5	-5.49E-11	0.911759	0.0999999	1.04203E-06	0.911759
-3.6	-5.16E-11	0.939105	0.0999998	7.95125E-07	0.939105
-3.7	-5.56E-11	0.96366	0.0999995	5.86297E-07	0.96366
-3.8	-5.57E-11	0.988169	0.0999997	4.1584E-07	0.988169
-3.9	-5.59E-11	1.0128	0.0999997	2.81618E-07	1.0128
-4	-5.61E-11	1.037313	0.0999998	1.8026E-07	1.037313
-4.1	-5.02E-11	1.091455	0.1000001	1.09512E-07	1.091455
-4.2	-5.02E-11	1.129124	0.0999963	6.12445E-08	1.129124
-4.3	-6.82E-11	1.152415	0.1000062	3.09653E-08	1.152415
-4.4	-6.89E-11	1.176457	0.1000028	1.42168E-08	1.176457
-4.5	-6.93E-11	1.199746	0.1000012	5.8463E-09	1.199746
-4.6	-7.19E-11	1.222949	0.1000008	2.134E-09	1.222949
-4.7	-7.27E-11	1.246163	0.1000003	6.758E-10	1.246163
-4.8	-7.11E-11	1.269448	0.1000001	1.789E-10	1.269448
-4.9	-7.15E-11	1.292736	0.1000002	3.44E-11	1.292736
-5	-7.21E-11	1.316008	0.1000001	1.8E-12	1.316008
-5.1	-7.35E-11	1.339252	0.1000002	-3.7E-12	1.339252
-5.2	-7.29E-11	1.362557	0.1000001	-5.2E-12	1.362557
-5.3	-7.43E-11	1.385767	0.1	-4.5E-12	1.385767
-5.4	-7.46E-11	1.408973	0.1	-4.4E-12	1.408973
-5.5	-7.42E-11	1.432213	0.1000002	-4.4E-12	1.432213
-5.6	-7.33E-11	1.455528	0.1	-4.5E-12	1.455528
-5.7	-7.35E-11	1.478809	0.1000001	-4.7E-12	1.478809
-5.8	-7.55E-11	1.502019	0.1000003	-4.2E-12	1.502019
-5.9	-7.56E-11	1.525231	0.1000001	-4.3E-12	1.525231
-6	-7.36E-11	1.548528	0.1000001	-4.4E-12	1.548528
-6.1	-5.49E-11	1.594494	0.0999999	-5.9E-12	1.594494
-6.2	-7.28E-11	1.617793	0.1	-4.2E-12	1.617793
-6.3	-7.51E-11	1.641025	0.1000001	-4.3E-12	1.641025
-6.4	-7.62E-11	1.664244	0.1000001	-4.3E-12	1.664244
-6.5	-7.67E-11	1.687515	0.1000001	-4.4E-12	1.687515
-6.6	-7.53E-11	1.710808	0.0999999	-4.3E-12	1.710808
-6.7	-7.49E-11	1.734102	0.1	-4.3E-12	1.734102
-6.8	-7.71E-11	1.757326	0.1000002	-4.3E-12	1.757326
-6.9	-7.57E-11	1.780626	0.1000001	-4.6E-12	1.780626
-7	-7.59E-11	1.803911	0.1000001	-4.6E-12	1.803911
-7.1	-7.81E-11	1.827127	0.1000001	-4.2E-12	1.827127
-7.2	-7.77E-11	1.85043	0.1000001	-4.4E-12	1.85043
-7.3	-7.67E-11	1.873735	0.1000003	-4.3E-12	1.873735
-7.4	-7.66E-11	1.897014	0.1000001	-4.4E-12	1.897014
-7.5	-7.8E-11	1.920217	0.1000001	-3.9E-12	1.920217
-7.6	-7.87E-11	1.943443	0.1000001	-4E-12	1.943443
-7.7	-7.85E-11	1.966691	0.1000002	-4.1E-12	1.966691
-7.8	-7.72E-11	1.989994	0.1000001	-3.9E-12	1.989994
-7.9	-7.97E-11	2.013301	0.1000002	-4E-12	2.013301
-8	-7.96E-11	2.036513	0.1000002	-4.1E-12	2.036513
-8.1	-5.83E-11	2.093121	0.0999999	-5.7E-12	2.093121
-8.2	-7.78E-11	2.116364	0.1000001	-3.8E-12	2.116364
-8.3	-7.83E-11	2.139591	0.1000001	-3.9E-12	2.139591
-8.4	-7.9E-11	2.16281	0.1000001	-4E-12	2.16281
-8.5	-7.73E-11	2.186146	0.1000003	-4.2E-12	2.186146
-8.6	-7.75E-11	2.209442	0.1000001	-3.8E-12	2.209442
-8.7	-7.95E-11	2.232648	0.1000002	-3.8E-12	2.232648
-8.8	-7.83E-11	2.255941	0.1000002	-3.8E-12	2.255941
-8.9	-7.82E-11	2.279225	0.1000001	-3.8E-12	2.279225
-9	-7.85E-11	2.302508	0.1000001	-4.1E-12	2.302508
-9.1	-8.11E-11	2.325723	0.1000002	-4.1E-12	2.325723
-9.2	-8.06E-11	2.348998	0.1	-4E-12	2.348998
-9.3	-7.94E-11	2.372294	0.1000002	-3.9E-12	2.372294
-9.4	-8.08E-11	2.395504	0.1000001	-3.5E-12	2.395504
-9.5	-8.17E-11	2.418716	0.1000002	-3.2E-12	2.418716
-9.6	-7.95E-11	2.442005	0.1000002	-3.8E-12	2.442005
-9.7	-8.11E-11	2.465263	0.1000001	-3.7E-12	2.465263
-9.8	-8.14E-11	2.488484	0.1000001	-3.6E-12	2.488484
-9.9	-8.16E-11	2.511701	0.1000003	-3.8E-12	2.511701
-10	-8.2E-11	2.534916	0.1000001	-3.8E-12	2.534916
-9.90001	-5.61E-11	2.594635	0.0999999	-5.7E-12	2.594635
-9.80001	-3.47E-11	2.617879	0.0999997	-7.6E-12	2.617879
-9.70001	-3.25E-11	2.641094	0.0999997	-7.7E-12	2.641094
-9.60001	-3.3E-11	2.664475	0.0999997	-6.9E-12	2.664475
-9.50001	-3.12E-11	2.687821	0.0999996	-7.3E-12	2.687821
-9.40001	-2.85E-11	2.711027	0.0999997	-7.4E-12	2.711027
-9.30001	-2.72E-11	2.734245	0.0999998	-7.2E-12	2.734245
-9.20001	-2.75E-11	2.757541	0.0999996	-7E-12	2.757541
-9.10001	-2.76E-11	2.780837	0.0999999	-7.7E-12	2.780837
-9.00001	-2.42E-11	2.804043	0.0999996	-7.1E-12	2.804043
-8.90001	-2.4E-11	2.827256	0.0999996	-7.1E-12	2.827256
-8.80001	-2.59E-11	2.850669	0.0999999	-7.2E-12	2.850669
-8.70001	-2.24E-11	2.87388	0.0999997	-7.6E-12	2.87388
-8.60001	-2.37E-11	2.897175	0.0999997	-7.5E-12	2.897175
-8.50001	-2.36E-11	2.920457	0.0999996	-7.8E-12	2.920457
-8.4	-2.29E-11	2.943724	0.0999996	-7.7E-12	2.943724
-8.30001	-2.27E-11	2.967059	0.0999997	-7.6E-12	2.967059
-8.20001	-2.02E-11	2.99027	0.0999997	-7.5E-12	2.99027
-8.10001	-2.14E-11	3.01365	0.0999998	-7.2E-12	3.01365
-8.00001	-2.14E-11	3.036934	0.0999998	-7.6E-12	3.036934
-7.90001	-4.03E-11	3.09631	0.1	-5.7E-12	3.09631
-7.80001	-2.06E-11	3.119547	0.0999998	-7.6E-12	3.119547
-7.70001	-2.14E-11	3.142839	0.0999997	-7.8E-12	3.142839
-7.6	-2.08E-11	3.166145	0.0999995	-7.7E-12	3.166145
-7.50001	-1.78E-11	3.189414	0.0999997	-7.8E-12	3.189414
-7.40001	-1.71E-11	3.21263	0.0999997	-8E-12	3.21263
-7.30001	-1.87E-11	3.235912	0.0999997	-8E-12	3.235912
-7.2	-1.89E-11	3.259208	0.0999996	-7.8E-12	3.259208
-7.10001	-1.79E-11	3.282503	0.0999998	-7.7E-12	3.282503
-7.00001	-1.59E-11	3.305703	0.0999998	-8E-12	3.305703
-6.90001	-1.69E-11	3.328992	0.0999995	-8.2E-12	3.328992
-6.80001	-1.55E-11	3.352261	0.0999998	-8.3E-12	3.352261
-6.70001	-1.47E-11	3.375483	0.0999996	-8.4E-12	3.375483
-6.60001	-1.59E-11	3.398776	0.0999997	-8.1E-12	3.398776
-6.50001	-1.53E-11	3.422054	0.0999997	-8E-12	3.422054
-6.40001	-1.34E-11	3.445263	0.0999998	-7.9E-12	3.445263
-6.30001	-1.25E-11	3.4685	0.0999997	-8.1E-12	3.4685
-6.20001	-1.25E-11	3.491708	0.0999996	-8.7E-12	3.491708
-6.10001	-1.35E-11	3.514997	0.0999997	-8.1E-12	3.514997
-6.00001	-1.38E-11	3.538284	0.0999997	-8.2E-12	3.538284
-5.90001	-3.31E-11	3.597881	0.0999999	-6.6E-12	3.597881
-5.80001	-1.47E-11	3.621179	0.0999998	-8.3E-12	3.621179
-5.70001	-1.36E-11	3.644479	0.0999999	-7.9E-12	3.644479
-5.60001	-1.13E-11	3.667687	0.0999996	-8.4E-12	3.667687
-5.50001	-1.06E-11	3.690945	0.0999998	-8.6E-12	3.690945
-5.40001	-1.19E-11	3.714238	0.0999996	-8.4E-12	3.714238
-5.30001	-1.15E-11	3.737522	0.0999998	-8E-12	3.737522
-5.20001	-9.2E-12	3.760746	0.0999996	-8E-12	3.760746
-5.1	-8.7E-12	3.783969	0.0999995	-6.2E-12	3.783969
-5.00001	-1E-11	3.807259	0.0999997	8.4E-12	3.807259
-4.90001	-9.6E-12	3.830544	0.0999998	7.58E-11	3.830544
-4.80001	-7.2E-12	3.85385	0.0999999	3.306E-10	3.85385
-4.7	-8.3E-12	3.877216	0.1	1.1282E-09	3.877216
-4.60001	-7.6E-12	3.900482	0.1000002	3.29E-09	3.900482
-4.50001	-6E-12	3.923684	0.1000003	8.4429E-09	3.923684
-4.40001	-5.5E-12	3.946892	0.1000003	1.93204E-08	3.946892
-4.3	-4.6E-12	3.970117	0.1	3.98296E-08	3.970117
-4.20001	-6.3E-12	3.993412	0.0999972	7.49082E-08	3.993412
-4.10001	-2.51E-11	4.032964	0.1000001	1.28073E-07	4.032964
-4.00001	-1.98E-11	4.057474	0.1000004	2.09021E-07	4.057474
-3.90001	-2.53E-11	4.103231	0.1000001	3.1637E-07	4.103231
-3.80001	-1.98E-11	4.127756	0.1000003	4.61226E-07	4.127756
-3.70001	-1.88E-11	4.152297	0.1000004	6.41483E-07	4.152297
-3.60001	-1.85E-11	4.176808	0.1000007	8.58834E-07	4.176808
-3.50001	-2.27E-11	4.211444	0.1000001	1.11207E-06	4.211444
-3.40001	-1.7E-11	4.235942	0.1000001	1.41007E-06	4.235942
-3.30001	-1.63E-11	4.260453	0.1000001	1.74576E-06	4.260453
-3.20001	-1.56E-11	4.284996	0.1000001	2.12147E-06	4.284996
-3.10001	-1.48E-11	4.309542	0.1	2.53544E-06	4.309542
-3.00001	-1.41E-11	4.334042	0.1000002	2.98765E-06	4.334042
-2.90001	-1.4E-11	4.358619	0.1000001	3.47639E-06	4.358619
-2.80001	-1.31E-11	4.383155	0.1000001	4.00025E-06	4.383155
-2.70001	-1.22E-11	4.407666	0.1000001	4.5574E-06	4.407666
-2.60001	-1.17E-11	4.432189	0.1	5.14561E-06	4.432189
-2.50001	-1.1E-11	4.45669	0.1000001	5.76207E-06	4.45669
-2.40001	-1.08E-11	4.481336	0.0999999	6.40409E-06	4.481336
-2.30001	-9.7E-12	4.50585	0.1000001	7.06943E-06	4.50585
-2.20001	-9.2E-12	4.530409	0.1	7.7556E-06	4.530409
-2.1	-1.15E-11	4.556939	0.1000001	8.46332E-06	4.556939
-2.000001	-1.37E-11	4.602253	0.1	9.17982E-06	4.602253
-1.900001	-7.9E-12	4.626767	0.0999998	9.9186E-06	4.626767
-1.800001	-1.19E-11	4.661332	0.1000002	1.06619E-05	4.661332
-1.700001	-9.2E-12	4.687135	0.0999999	1.14239E-05	4.687135
-1.6	-5.4E-12	4.711668	0.1	1.21953E-05	4.711668
-1.5	-3.9E-12	4.736185	0.1000001	1.29749E-05	4.736185
-1.4	-3E-12	4.760709	0.1000001	1.37627E-05	4.760709
-1.3	-2.2E-12	4.785236	0.1	1.45568E-05	4.785236
-1.2	-4E-13	4.809784	0.0999999	1.53568E-05	4.809784
-1.100001	5E-13	4.834276	0.1000001	1.6162E-05	4.834276
-1	1.6E-12	4.858904	0.1000001	1.6972E-05	4.858904
-0.9	3.2E-12	4.883421	0.1	1.77876E-05	4.883421
-0.8	3.9E-12	4.907953	0.1000003	1.86062E-05	4.907953
-0.7	5.6E-12	4.93247	0.1000001	1.94283E-05	4.93247
-0.6	6.8E-12	4.956989	0.1000002	2.02538E-05	4.956989
-0.500001	8.2E-12	4.981571	0.1	2.10831E-05	4.981571
-0.4	9.7E-12	5.006097	0.1	2.1915E-05	5.006097
-0.3	1.14E-11	5.030685	0.1	2.27496E-05	5.030685
-0.2	9.3E-12	5.057126	0.1000001	2.35873E-05	5.057126
-0.1	9.1E-12	5.099628	0.0999998	2.44259E-05	5.099628
3E-07	1.52E-11	5.124145	0.1000001	2.52731E-05	5.124145
0.1000004	1.77E-11	5.148625	0.1000002	2.61242E-05	5.148625
0.2000002	1.96E-11	5.173134	0.1	2.69794E-05	5.173134
0.299999	2.21E-11	5.197894	0.1000002	2.78384E-05	5.197894
0.4	2.36E-11	5.222435	0.1000002	2.87006E-05	5.222435
0.5	2.53E-11	5.246944	0.1	2.95665E-05	5.246944
0.6	2.72E-11	5.271453	0.1000001	3.04348E-05	5.271453
0.699999	2.94E-11	5.295963	0.0999999	3.13044E-05	5.295963
0.799999	3.11E-11	5.320482	0.1	3.21756E-05	5.320482
0.899999	3.29E-11	5.345013	0.1000002	3.30477E-05	5.345013
0.999999	3.5E-11	5.369579	0.1000001	3.39204E-05	5.369579
1.1	3.63E-11	5.394087	0.0999999	3.47946E-05	5.394087
1.199999	3.76E-11	5.418596	0.0999999	3.56699E-05	5.418596
1.3	3.95E-11	5.443128	0.1000002	3.65454E-05	5.443128
1.4	4.05E-11	5.467846	0.1	3.74206E-05	5.467846
1.5	4.11E-11	5.492457	0.1	3.82983E-05	5.492457
1.599999	4.27E-11	5.516991	0.0999999	3.91765E-05	5.516991
1.699999	4.37E-11	5.541497	0.1000003	4.00543E-05	5.541497
1.799999	3.63E-11	5.603688	0.0999999	4.09184E-05	5.603688
1.9	4.25E-11	5.628239	0.1000002	4.18028E-05	5.628239
2	4.41E-11	5.652758	0.0999999	4.26853E-05	5.652758
2.099999	4.51E-11	5.677256	0.1000003	4.35669E-05	5.677256
2.19999	4.56E-11	5.702059	0.1	4.44447E-05	5.702059
2.29999	4.64E-11	5.726602	0.1000002	4.53277E-05	5.726602
2.39999	4.76E-11	5.751128	0.1	4.62105E-05	5.751128
2.49999	4.81E-11	5.775651	0.1	4.70934E-05	5.775651
2.59999	4.88E-11	5.800163	0.1000001	4.79766E-05	5.800163
2.69999	4.88E-11	5.824679	0.1000001	4.88604E-05	5.824679
2.79999	4.91E-11	5.849208	0.1	4.97447E-05	5.849208
2.89999	4.97E-11	5.87384	0.1	5.06301E-05	5.87384
2.99999	5.06E-11	5.898293	0.1000002	5.15143E-05	5.898293
3.09999	5.07E-11	5.922848	0.1000003	5.24001E-05	5.922848
3.19999	5.12E-11	5.947343	0.0999999	5.32869E-05	5.947343
3.29999	5.19E-11	5.971897	0.0999999	5.41745E-05	5.971897
3.39999	5.18E-11	5.996408	0.0999998	5.50625E-05	5.996408
3.49999	5.22E-11	6.020966	0.1	5.59512E-05	6.020966
3.59999	5.26E-11	6.045477	0.1	5.68402E-05	6.045477
3.69999	4.56E-11	6.107022	0.1	5.77191E-05	6.107022
3.79999	5.13E-11	6.131536	0.1000002	5.86126E-05	6.131536
3.89999	5.19E-11	6.156061	0.1000001	5.95057E-05	6.156061
3.99999	5.22E-11	6.180564	0.1000002	6.03989E-05	6.180564
4.09999	5.27E-11	6.20514	0.0999998	6.12921E-05	6.20514
4.19999	5.33E-11	6.229687	0.1	6.21852E-05	6.229687
4.29999	5.34E-11	6.254224	0.1000003	6.30795E-05	6.254224
4.39999	5.36E-11	6.278763	0.0999999	6.39748E-05	6.278763
4.49999	5.33E-11	6.303323	0.1000002	6.48705E-05	6.303323
4.59999	5.36E-11	6.327836	0.1000002	6.5766E-05	6.327836
4.69999	5.41E-11	6.352343	0.1000002	6.6662E-05	6.352343
4.79999	5.5E-11	6.376936	0.1	6.756E-05	6.376936
4.89999	5.5E-11	6.401493	0.1000002	6.84586E-05	6.401493
4.99999	5.57E-11	6.42602	0.0999998	6.9357E-05	6.42602
5.09999	5.59E-11	6.450535	0.0999998	7.02564E-05	6.450535
5.19999	5.62E-11	6.47509	0.0999999	7.11575E-05	6.47509
5.29999	5.69E-11	6.499592	0.1000001	7.20585E-05	6.499592
5.39999	5.6E-11	6.524155	0.1	7.29601E-05	6.524155
5.49999	5.68E-11	6.54865	0.1	7.38628E-05	6.54865
5.59999	4.98E-11	6.604468	0.1	7.47579E-05	6.604468
5.69999	5.45E-11	6.628981	0.0999999	7.56652E-05	6.628981
5.79999	5.53E-11	6.653492	0.1000001	7.65709E-05	6.653492
5.89999	5.53E-11	6.678015	0.1000002	7.74772E-05	6.678015
5.99999	5.6E-11	6.702624	0.1	7.83855E-05	6.702624
6.09999	5.65E-11	6.727141	0.0999998	7.92934E-05	6.727141
6.19999	5.62E-11	6.751705	0.1000001	8.02008E-05	6.751705
6.29999	5.73E-11	6.77621	0.1	8.11097E-05	6.77621
6.39999	5.71E-11	6.800733	0.1000002	8.20197E-05	6.800733
6.49999	5.73E-11	6.825248	0.1000002	8.29305E-05	6.825248
6.59999	5.73E-11	6.849793	0.1000002	8.38409E-05	6.849793
6.69999	5.73E-11	6.874388	0.1000002	8.47533E-05	6.874388
6.79999	5.77E-11	6.898948	0.1000003	8.56676E-05	6.898948
6.89999	5.79E-11	6.923473	0.0999998	8.65806E-05	6.923473
6.99999	5.83E-11	6.947978	0.1000001	8.74958E-05	6.947978
7.09999	5.79E-11	6.972526	0.1000002	8.84126E-05	6.972526
7.19999	5.86E-11	6.997034	0.1000003	8.9328E-05	6.997034
7.29999	5.79E-11	7.021661	0.1000003	9.02452E-05	7.021661
7.39999	5.86E-11	7.046199	0.0999998	9.1163E-05	7.046199
7.49999	5.14E-11	7.108206	0.1	9.207E-05	7.108206
7.59999	5.66E-11	7.132775	0.1000001	9.2992E-05	7.132775
7.69999	5.78E-11	7.157276	0.1000001	9.39144E-05	7.157276
7.79999	5.79E-11	7.181814	0.1000003	9.48372E-05	7.181814
7.89999	5.83E-11	7.206379	0.0999999	9.57601E-05	7.206379
7.99999	5.83E-11	7.230905	0.0999999	9.66839E-05	7.230905
8.09999	5.92E-11	7.255423	0.1000002	9.7608E-05	7.255423
8.19999	5.9E-11	7.279958	0.1	9.85323E-05	7.279958
8.29999	5.93E-11	7.304487	0.1000001	9.9459E-05	7.304487
8.39999	5.94E-11	7.329027	0.1	0.0001003866	7.329027
8.49999	5.99E-11	7.353522	0.1000002	0.0001013132	7.353522
8.59999	5.96E-11	7.378107	0.1000002	0.000102241	7.378107
8.69999	6.01E-11	7.402716	0.0999999	0.0001031701	7.402716
8.79999	6.02E-11	7.427244	0.1000002	0.0001041003	7.427244
8.89999	5.61E-11	7.456842	0.1	0.000104997	7.456842
8.99999	6E-11	7.48138	0.1000001	0.000105928	7.48138
9.09999	6.03E-11	7.505908	0.1	0.00010686	7.505908
9.19999	6.08E-11	7.530466	0.0999999	0.000107794	7.530466
9.29999	6.07E-11	7.555012	0.0999998	0.000108727	7.555012
9.39999	5.44E-11	7.610372	0.1	0.00010966	7.610372
9.49999	5.97E-11	7.634892	0.1000001	0.000110599	7.634892
9.59999	5.98E-11	7.659446	0.0999999	0.000111537	7.659446
9.69999	6.04E-11	7.683965	0.1	0.000112477	7.683965
9.79999	6.1E-11	7.708538	0.1000001	0.000113416	7.708538
9.89999	6.09E-11	7.733083	0.0999998	0.000114357	7.733083
9.99999	6.09E-11	7.757652	0.1	0.000115298	7.757652
9.9	4.83E-11	7.782156	0.1	0.000114343	7.782156
9.8	4.5E-11	7.806694	0.0999999	0.000113395	7.806694
9.7	4.33E-11	7.831231	0.0999999	0.000112446	7.831231
9.6	4.12E-11	7.855746	0.1	0.000111502	7.855746
9.5	3.98E-11	7.880351	0.1	0.000110558	7.880351
9.4	3.89E-11	7.904881	0.1000001	0.000109615	7.904881
9.3	3.76E-11	7.929407	0.1	0.000108675	7.929407
9.2	3.7E-11	7.95394	0.1	0.000107736	7.95394
9.1	3.58E-11	7.978507	0.0999999	0.000106796	7.978507
9	3.49E-11	8.003019	0.1	0.000105857	8.003019
8.9	3.39E-11	8.027594	0.1	0.000104924	8.027594
8.8	3.37E-11	8.052137	0.1	0.000103987	8.052137
8.7	3.97E-11	8.129793	0.1000001	0.000103054	8.129793
8.6	3.4E-11	8.154339	0.1	0.000102114	8.154339
8.5	3.3E-11	8.178909	0.0999999	0.000101177	8.178909
8.4	3.23E-11	8.203512	0.1000002	0.000100245	8.203512
8.3	3.08E-11	8.228053	0.0999998	9.931E-05	8.228053
8.2	3.06E-11	8.252597	0.0999998	9.8376E-05	8.252597
8.1	2.95E-11	8.277152	0.1000001	9.7446E-05	8.277152
8	2.94E-11	8.301684	0.1	9.6515E-05	8.301684
7.9	2.87E-11	8.326211	0.1	9.5583E-05	8.326211
7.8	2.84E-11	8.350717	0.0999999	9.4653E-05	8.350717
7.7	2.83E-11	8.375334	0.1	9.3724E-05	8.375334
7.6	2.77E-11	8.399858	0.1	9.2799E-05	8.399858
7.5	2.68E-11	8.424413	0.0999999	9.1871E-05	8.424413
7.4	2.74E-11	8.448975	0.1000001	9.0946E-05	8.448975
7.3	2.68E-11	8.473562	0.0999999	9.0021E-05	8.473562
7.2	3.03E-11	8.501459	0.1	8.91291E-05	8.501459
7.1	2.59E-11	8.525998	0.0999997	8.82061E-05	8.525998
7	2.53E-11	8.550516	0.0999999	8.72839E-05	8.550516
6.9	3.17E-11	8.616283	0.1	8.63685E-05	8.616283
6.8	2.66E-11	8.640849	0.0999998	8.5447E-05	8.640849
6.7	2.56E-11	8.66538	0.1000001	8.45257E-05	8.66538
6.6	2.51E-11	8.689922	0.0999999	8.36041E-05	8.689922
6.5	2.46E-11	8.71451	0.0999999	8.26853E-05	8.71451
6.4	2.41E-11	8.739051	0.1	8.17677E-05	8.739051
6.3	2.37E-11	8.763566	0.0999999	8.08492E-05	8.763566
6.2	2.34E-11	8.788077	0.1	7.99332E-05	8.788077
6.1	2.27E-11	8.812602	0.0999998	7.9016E-05	8.812602
6	2.25E-11	8.837157	0.0999998	7.81012E-05	8.837157
5.9	2.18E-11	8.861721	0.1000002	7.71868E-05	8.861721
5.8	2.12E-11	8.886252	0.0999997	7.62721E-05	8.886252
5.7	2.07E-11	8.910803	0.1000001	7.53591E-05	8.910803
5.6	2.05E-11	8.935339	0.1000002	7.44476E-05	8.935339
5.5	2.02E-11	8.959852	0.1	7.35357E-05	8.959852
5.4	1.95E-11	8.984408	0.0999999	7.2625E-05	8.984408
5.3	1.93E-11	9.008929	0.0999998	7.17141E-05	9.008929
5.2	1.93E-11	9.033561	0.0999998	7.08048E-05	9.033561
5.1	1.88E-11	9.058112	0.0999999	6.98955E-05	9.058112
5	2.4E-11	9.11229	0.1000002	6.8993E-05	9.11229
4.9	1.92E-11	9.136853	0.1000001	6.80844E-05	9.136853
4.8	1.82E-11	9.16137	0.1	6.71782E-05	9.16137
4.7	1.78E-11	9.185894	0.1000001	6.62717E-05	9.185894
4.6	1.73E-11	9.210491	0.1000001	6.53661E-05	9.210491
4.5	1.69E-11	9.235022	0.0999999	6.44612E-05	9.235022
4.4	1.61E-11	9.259544	0.0999999	6.35575E-05	9.259544
4.3	1.52E-11	9.284078	0.1000002	6.26539E-05	9.284078
4.2	1.49E-11	9.308595	0.0999999	6.17511E-05	9.308595
4.1	1.43E-11	9.333127	0.0999999	6.08495E-05	9.333127
4	1.34E-11	9.357614	0.0999999	5.99489E-05	9.357614
3.9	1.33E-11	9.382225	0.0999998	5.90481E-05	9.382225
3.8	1.27E-11	9.406721	0.0999999	5.81495E-05	9.406721
3.7	1.2E-11	9.431239	0.1	5.72508E-05	9.431239
3.6	1.14E-11	9.455748	0.1000001	5.63536E-05	9.455748
3.5	1.09E-11	9.48028	0.0999998	5.5456E-05	9.48028
3.4	1.01E-11	9.504774	0.0999999	5.45591E-05	9.504774
3.3	9.6E-12	9.529325	0.0999999	5.36632E-05	9.529325
3.2	9.4E-12	9.553874	0.0999999	5.27693E-05	9.553874
3.1	1.59E-11	9.611991	0.1	5.18789E-05	9.611991
3	1E-11	9.636574	0.0999999	5.0985E-05	9.636574
2.9	8.7E-12	9.661101	0.1000001	5.00924E-05	9.661101
2.8	7.7E-12	9.685649	0.1000001	4.91996E-05	9.685649
2.7	6.4E-12	9.710229	0.0999998	4.83084E-05	9.710229
2.6	5.7E-12	9.734751	0.1	4.74181E-05	9.734751
2.5	4.7E-12	9.759298	0.1000002	4.65286E-05	9.759298
2.4	4.1E-12	9.78379	0.0999998	4.56394E-05	9.78379
2.3	3.2E-12	9.808353	0.0999999	4.47508E-05	9.808353
2.2	1.9E-12	9.832872	0.0999999	4.38637E-05	9.832872
2.099999	3.9E-12	9.859285	0.1000001	4.29806E-05	9.859285
2	1E-13	9.883913	0.1	4.2095E-05	9.883913
1.9	-9E-13	9.908465	0.1	4.12111E-05	9.908465
1.8	-2E-12	9.932957	0.0999998	4.03277E-05	9.932957
1.7	-3.2E-12	9.957485	0.1000001	3.94446E-05	9.957485
1.6	-4.5E-12	9.98204	0.1000001	3.85633E-05	9.98204
1.5	-6E-12	10.00657	0.0999995	3.76826E-05	10.00657
1.4	-6.1E-12	10.031328	0.0999999	3.68039E-05	10.031328
1.3	-8.2E-12	10.055857	0.1000002	3.59262E-05	10.055857
1.2	-2.3E-12	10.118302	0.0999998	3.50559E-05	10.118302
1.1	-8.3E-12	10.142966	0.0999998	3.41801E-05	10.142966
1	-1.11E-11	10.167484	0.0999998	3.3306E-05	10.167484
0.9	-1.29E-11	10.192008	0.1	3.24336E-05	10.192008
0.8	-1.48E-11	10.216605	0.1	3.15646E-05	10.216605
0.7	-1.67E-11	10.241146	0.0999999	3.06977E-05	10.241146
0.6	-1.9E-11	10.265654	0.0999998	2.98333E-05	10.265654
0.5	-2.19E-11	10.29016	0.1	2.89719E-05	10.29016
0.4	-2.36E-11	10.314661	0.0999999	2.81147E-05	10.314661
0.3	-2.55E-11	10.339181	0.0999998	2.72612E-05	10.339181
0.1999998	-2.45E-11	10.365844	0.1000001	2.64123E-05	10.365844
0.0999997	-3.02E-11	10.390347	0.1	2.55676E-05	10.390347
-4E-07	-3.26E-11	10.414876	0.0999999	2.47271E-05	10.414876
#scan	iMeasureCycle=2	iMux=0	time=279.856	N=401	LocalTime=20/04/2023 09:36:23
#VGate(V)	IGate(A)	time(s)	VDrain(V)	IDrain(A)	time(s)
1E-07	-1.21E-11	279.863484	0.1	2.49518E-05	279.863484
-0.1000005	-1.97E-11	279.888398	0.0999997	2.41067E-05	279.888398
-0.2000001	-2.09E-11	279.91427	0.0999999	2.32653E-05	279.91427
-0.3	-2.71E-11	279.938987	0.0999999	2.24282E-05	279.938987
-0.4	-2.96E-11	279.96353	0.0999998	2.15949E-05	279.96353
-0.5	-3.2E-11	279.988167	0.0999999	2.07645E-05	279.988167
-0.6	-3.44E-11	280.0127	0.1000001	1.99371E-05	280.0127
-0.7	-3.64E-11	280.037192	0.1	1.91135E-05	280.037192
-0.8	-3.79E-11	280.061737	0.0999999	1.82933E-05	280.061737
-0.9	-3.92E-11	280.086247	0.0999999	1.74772E-05	280.086247
-1	-4.04E-11	280.110813	0.0999997	1.66646E-05	280.110813
-1.1	-4.18E-11	280.135364	0.0999998	1.58571E-05	280.135364
-1.2	-4.29E-11	280.159879	0.1	1.5055E-05	280.159879
-1.3	-4.34E-11	280.184422	0.1	1.42579E-05	280.184422
-1.4	-4.5E-11	280.209005	0.0999999	1.34674E-05	280.209005
-1.5	-4.57E-11	280.233536	0.1	1.26844E-05	280.233536
-1.6	-4.64E-11	280.25804	0.1	1.19093E-05	280.25804
-1.7	-4.7E-11	280.282588	0.1	1.11438E-05	280.282588
-1.8	-4.77E-11	280.30722	0.0999999	1.03891E-05	280.30722
-1.9	-4.85E-11	280.331765	0.0999999	9.6458E-06	280.331765
-2	-4.51E-11	280.358907	0.1	8.91995E-06	280.358907
-2.1	-4.88E-11	280.383445	0.0999998	8.20451E-06	280.383445
-2.2	-4.35E-11	280.429817	0.0999997	7.50716E-06	280.429817
-2.3	-4.86E-11	280.454352	0.1000001	6.82691E-06	280.454352
-2.4	-4.95E-11	280.478885	0.0999999	6.16863E-06	280.478885
-2.5	-5E-11	280.503456	0.1	5.53568E-06	280.503456
-2.6	-5.1E-11	280.528038	0.1000001	4.92955E-06	280.528038
-2.7	-5.2E-11	280.552542	0.1	4.35213E-06	280.552542
-2.8	-5.2E-11	280.577146	0.0999998	3.80609E-06	280.577146
-2.9	-5.26E-11	280.601684	0.0999999	3.29358E-06	280.601684
-3	-5.29E-11	280.626254	0.1	2.81665E-06	280.626254
-3.1	-5.4E-11	280.650837	0.1000001	2.37704E-06	280.650837
-3.2	-5.4E-11	280.675363	0.0999999	1.97555E-06	280.675363
-3.3	-5.44E-11	280.699984	0.0999999	1.61343E-06	280.699984
-3.4	-5.46E-11	280.724493	0.0999999	1.29129E-06	280.724493
-3.5	-5.47E-11	280.749002	0.1	1.00872E-06	280.749002
-3.6	-5.14E-11	280.776343	0.0999995	7.66809E-07	280.776343
-3.7	-5.5E-11	280.800938	0.0999997	5.63144E-07	280.800938
-3.8	-5.53E-11	280.825569	0.0999996	3.9722E-07	280.825569
-3.9	-5.62E-11	280.850098	0.0999998	2.67073E-07	280.850098
-4	-5.65E-11	280.874625	0.0999998	1.69736E-07	280.874625
-4.1	-5.08E-11	280.924211	0.0999997	1.01947E-07	280.924211
-4.2	-5.02E-11	280.961878	0.0999966	5.64736E-08	280.961878
-4.3	-6.8E-11	280.985259	0.1000057	2.82004E-08	280.985259
-4.4	-6.81E-11	281.008611	0.1000024	1.27563E-08	281.008611
-4.5	-7.19E-11	281.031865	0.1000018	5.1867E-09	281.031865
-4.6	-7.07E-11	281.055145	0.1000005	1.8651E-09	281.055145
-4.7	-7.08E-11	281.078423	0.1000001	5.794E-10	281.078423
-4.8	-7.31E-11	281.101636	0.1000002	1.512E-10	281.101636
-4.9	-7.18E-11	281.124928	0.1000001	2.85E-11	281.124928
-5	-7.23E-11	281.14821	0.1000003	1.2E-12	281.14821
-5.1	-7.2E-11	281.171498	0.1000001	-3.5E-12	281.171498
-5.2	-7.42E-11	281.194707	0.1000001	-4E-12	281.194707
-5.3	-7.34E-11	281.218081	0.1000002	-4.2E-12	281.218081
-5.4	-7.39E-11	281.241363	0.1000003	-4.2E-12	281.241363
-5.5	-7.32E-11	281.264647	0.1000002	-4.7E-12	281.264647
-5.6	-7.56E-11	281.28786	0.1000002	-4.1E-12	281.28786
-5.7	-7.54E-11	281.311195	0.1000003	-4E-12	281.311195
-5.8	-7.4E-11	281.334514	0.1000002	-4.7E-12	281.334514
-5.9	-7.61E-11	281.357725	0.1000001	-4E-12	281.357725
-6	-7.68E-11	281.380946	0.1000003	-4.1E-12	281.380946
-6.1	-5.57E-11	281.432119	0.0999998	-6.3E-12	281.432119
-6.2	-7.34E-11	281.455422	0.1	-4E-12	281.455422
-6.3	-7.43E-11	281.478696	0.1000003	-4.4E-12	281.478696
-6.4	-7.59E-11	281.501911	0.1000002	-4.4E-12	281.501911
-6.5	-7.69E-11	281.525169	0.1000002	-4.3E-12	281.525169
-6.6	-7.46E-11	281.548495	0.1	-4.5E-12	281.548495
-6.7	-7.56E-11	281.571778	0.1000002	-4.2E-12	281.571778
-6.8	-7.74E-11	281.594984	0.1000001	-3.3E-12	281.594984
-6.9	-7.75E-11	281.618201	0.1000004	-3.3E-12	281.618201
-7	-7.61E-11	281.641501	0.1	-4.1E-12	281.641501
-7.1	-7.85E-11	281.664808	0.1000002	-3.8E-12	281.664808
-7.2	-7.9E-11	281.688031	0.1000002	-3.8E-12	281.688031
-7.3	-7.88E-11	281.711248	0.1000002	-3.9E-12	281.711248
-7.4	-7.75E-11	281.73454	0.1000001	-3.9E-12	281.73454
-7.5	-7.74E-11	281.757814	0.1000001	-3.8E-12	281.757814
-7.6	-7.94E-11	281.781031	0.1000004	-3.8E-12	281.781031
-7.7	-7.92E-11	281.80425	0.1000002	-3.9E-12	281.80425
-7.8	-7.74E-11	281.827624	0.1000001	-3.9E-12	281.827624
-7.9	-7.76E-11	281.850921	0.1	-3.8E-12	281.850921
-8	-7.97E-11	281.874122	0.1000002	-4E-12	281.874122
-8.1	-5.92E-11	281.930325	0.0999999	-6.1E-12	281.930325
-8.2	-7.83E-11	281.953574	0.1	-4.3E-12	281.953574
-8.3	-7.71E-11	281.976866	0.0999999	-4.4E-12	281.976866
-8.4	-7.9E-11	282.000181	0.1	-4E-12	282.000181
-8.5	-7.91E-11	282.023443	0.1000003	-3.9E-12	282.023443
-8.6	-8E-11	282.046741	0.1000002	-4.2E-12	282.046741
-8.7	-7.83E-11	282.070035	0.1000001	-4.2E-12	282.070035
-8.8	-8.06E-11	282.093233	0.1000001	-4E-12	282.093233
-8.9	-8E-11	282.116472	0.1000003	-3.8E-12	282.116472
-9	-7.94E-11	282.13978	0.1	-4.1E-12	282.13978
-9.1	-7.91E-11	282.163055	0.1000002	-4E-12	282.163055
-9.2	-8.11E-11	282.186256	0.1000003	-3.3E-12	282.186256
-9.3	-8.1E-11	282.209465	0.1000002	-3.5E-12	282.209465
-9.4	-8.21E-11	282.232672	0.1	-3.4E-12	282.232672
-9.5	-8E-11	282.255956	0.1	-3.5E-12	282.255956
-9.6	-8.03E-11	282.279247	0.1000002	-3.6E-12	282.279247
-9.7	-8.19E-11	282.302457	0.1000002	-3.5E-12	282.302457
-9.8	-8.19E-11	282.325745	0.1000002	-3.5E-12	282.325745
-9.9	-8.04E-11	282.349042	0.0999999	-3.7E-12	282.349042
-10	-8.03E-11	282.372327	0.1000001	-3.8E-12	282.372327
-9.90001	-5.67E-11	282.431946	0.0999999	-5.3E-12	282.431946
-9.80001	-3.58E-11	282.455188	0.0999995	-7E-12	282.455188
-9.70001	-3.55E-11	282.478503	0.0999997	-7E-12	282.478503
-9.60001	-3.17E-11	282.501802	0.0999997	-7.2E-12	282.501802
-9.50001	-3.01E-11	282.525058	0.0999998	-7.6E-12	282.525058
-9.40001	-3.07E-11	282.548351	0.0999999	-7.6E-12	282.548351
-9.30001	-2.95E-11	282.571626	0.0999996	-7.2E-12	282.571626
-9.20001	-2.7E-11	282.594837	0.0999998	-7.6E-12	282.594837
-9.10001	-2.54E-11	282.61805	0.0999995	-7.7E-12	282.61805
-9.00001	-2.68E-11	282.641335	0.0999997	-7.7E-12	282.641335
-8.90001	-2.49E-11	282.664641	0.0999997	-7.4E-12	282.664641
-8.80001	-2.37E-11	282.687857	0.0999997	-7.7E-12	282.687857
-8.70001	-2.49E-11	282.711148	0.0999997	-7.8E-12	282.711148
-8.60001	-2.42E-11	282.734526	0.0999997	-7.6E-12	282.734526
-8.50001	-2.21E-11	282.757748	0.0999997	-8.1E-12	282.757748
-8.40001	-2.3E-11	282.781032	0.0999997	-7.9E-12	282.781032
-8.30001	-2.25E-11	282.804321	0.0999999	-8.1E-12	282.804321
-8.20001	-2.26E-11	282.827696	0.0999996	-7.7E-12	282.827696
-8.10001	-2.08E-11	282.850941	0.0999996	-7.9E-12	282.850941
-8.00001	-1.96E-11	282.874149	0.0999999	-7.9E-12	282.874149
-7.90001	-4.01E-11	282.933178	0.0999998	-6.3E-12	282.933178
-7.80001	-2.02E-11	282.956419	0.0999998	-7.8E-12	282.956419
-7.70001	-2.01E-11	282.979654	0.0999996	-7.6E-12	282.979654
-7.6	-1.9E-11	283.002961	0.0999997	-7.9E-12	283.002961
-7.50001	-1.84E-11	283.026224	0.0999996	-8.1E-12	283.026224
-7.40001	-1.99E-11	283.049558	0.0999999	-8E-12	283.049558
-7.30001	-1.93E-11	283.072839	0.0999997	-7.5E-12	283.072839
-7.2	-1.65E-11	283.096047	0.0999996	-8.1E-12	283.096047
-7.10001	-1.65E-11	283.119289	0.0999998	-8.2E-12	283.119289
-7.00001	-1.82E-11	283.142711	0.0999998	-7.7E-12	283.142711
-6.90001	-1.76E-11	283.166009	0.0999997	-8.1E-12	283.166009
-6.80001	-1.54E-11	283.189243	0.0999996	-8.1E-12	283.189243
-6.70001	-1.68E-11	283.212536	0.0999994	-8E-12	283.212536
-6.60001	-1.62E-11	283.235831	0.0999997	-8.2E-12	283.235831
-6.50001	-1.36E-11	283.259028	0.0999997	-8.4E-12	283.259028
-6.40001	-1.4E-11	283.28226	0.0999996	-8.3E-12	283.28226
-6.30001	-1.51E-11	283.305553	0.0999998	-8.4E-12	283.305553
-6.20001	-1.5E-11	283.328929	0.0999998	-8.4E-12	283.328929
-6.10001	-1.32E-11	283.352163	0.0999997	-8.3E-12	283.352163
-6.00001	-1.2E-11	283.37537	0.0999997	-7.9E-12	283.37537
-5.90001	-3.25E-11	283.434826	0.0999997	-6.6E-12	283.434826
-5.80001	-1.48E-11	283.458141	0.0999999	-8.1E-12	283.458141
-5.70001	-1.28E-11	283.481374	0.0999998	-8.5E-12	283.481374
-5.60001	-1.15E-11	283.504592	0.0999996	-8.6E-12	283.504592
-5.50001	-1.07E-11	283.527847	0.0999995	-9E-12	283.527847
-5.40001	-1.19E-11	283.551141	0.0999998	-8.5E-12	283.551141
-5.30001	-9.6E-12	283.574334	0.0999998	-8.7E-12	283.574334
-5.20001	-9.1E-12	283.597549	0.0999996	-8.4E-12	283.597549
-5.1	-9E-12	283.620764	0.0999997	-6.6E-12	283.620764
-5.00001	-8.4E-12	283.644064	0.0999997	4.8E-12	283.644064
-4.90001	-7.6E-12	283.667352	0.0999998	6.09E-11	283.667352
-4.80001	-7.5E-12	283.690573	0.0999995	2.778E-10	283.690573
-4.7	-6.7E-12	283.713793	0.0999998	9.691E-10	283.713793
-4.60001	-7.9E-12	283.737083	0.1000001	2.8905E-09	283.737083
-4.50001	-7.9E-12	283.760378	0.1000007	7.5211E-09	283.760378
-4.40001	-6.2E-12	283.783588	0.1000002	1.74259E-08	283.783588
-4.3	-6.2E-12	283.806836	0.1000005	3.64656E-08	283.806836
-4.20001	-7.3E-12	283.830198	0.0999985	6.92936E-08	283.830198
-4.10001	-2.53E-11	283.869707	0.1000001	1.19595E-07	283.869707
-4.00001	-1.95E-11	283.894211	0.1000004	1.96821E-07	283.894211
-3.90001	-2.53E-11	283.940516	0.1	3.00191E-07	283.940516
-3.80001	-2.01E-11	283.965083	0.1000005	4.40639E-07	283.965083
-3.70001	-1.86E-11	283.989679	0.1000004	6.15699E-07	283.989679
-3.60001	-1.8E-11	284.014189	0.1000004	8.28513E-07	284.014189
-3.50001	-2.31E-11	284.048763	0.1000001	1.07606E-06	284.048763
-3.40001	-1.83E-11	284.07331	0.1000002	1.36816E-06	284.07331
-3.30001	-1.68E-11	284.097821	0.1	1.69863E-06	284.097821
-3.20001	-1.62E-11	284.122373	0.1000001	2.06816E-06	284.122373
-3.10001	-1.6E-11	284.147041	0.1000002	2.47626E-06	284.147041
-3.00001	-1.49E-11	284.171574	0.1	2.92202E-06	284.171574
-2.90001	-1.42E-11	284.1961	0.1000001	3.4041E-06	284.1961
-2.80001	-1.33E-11	284.220605	0.1000001	3.92201E-06	284.220605
-2.70001	-1.27E-11	284.245164	0.1	4.47243E-06	284.245164
-2.60001	-1.19E-11	284.269666	0.1000002	5.0526E-06	284.269666
-2.50001	-1.13E-11	284.29419	0.1	5.66192E-06	284.29419
-2.40001	-1.13E-11	284.318946	0.1000001	6.29733E-06	284.318946
-2.30001	-1.03E-11	284.34347	0.1000003	6.95564E-06	284.34347
-2.20001	-9.3E-12	284.368039	0.1000001	7.63516E-06	284.368039
-2.1	-1.21E-11	284.394456	0.1000001	8.3349E-06	284.394456
-2.000001	-1.4E-11	284.439367	0.0999999	9.04508E-06	284.439367
-1.9	-8.6E-12	284.463897	0.1000002	9.7769E-06	284.463897
-1.800001	-1.23E-11	284.498598	0.1000002	1.05143E-05	284.498598
-1.7	-7E-12	284.525431	0.1000001	1.12703E-05	284.525431
-1.6	-5.6E-12	284.549965	0.1	1.20363E-05	284.549965
-1.5	-4.3E-12	284.574493	0.1000001	1.28102E-05	284.574493
-1.400001	-3.1E-12	284.599011	0.1000003	1.3592E-05	284.599011
-1.3	-2.5E-12	284.62354	0.0999999	1.43813E-05	284.62354
-1.200001	-1.3E-12	284.648056	0.1000001	1.51766E-05	284.648056
-1.100001	-3E-13	284.672669	0.1	1.59779E-05	284.672669
-1	1.3E-12	284.69718	0.0999999	1.67839E-05	284.69718
-0.9	2.7E-12	284.721707	0.1	1.75943E-05	284.721707
-0.8	3.7E-12	284.746224	0.1	1.84083E-05	284.746224
-0.7	5.1E-12	284.77076	0.1	1.92261E-05	284.77076
-0.6	6.3E-12	284.795301	0.0999999	2.0048E-05	284.795301
-0.5	7.9E-12	284.819937	0.0999999	2.08724E-05	284.819937
-0.4	9.3E-12	284.844545	0.0999999	2.17004E-05	284.844545
-0.3	1.11E-11	284.869053	0.1	2.25316E-05	284.869053
-0.1999999	9.1E-12	284.895445	0.1	2.33658E-05	284.895445
-0.1000001	8.2E-12	284.940736	0.1	2.42E-05	284.940736
3E-07	1.5E-11	284.965246	0.1000002	2.50438E-05	284.965246
0.1000003	1.69E-11	284.989767	0.1	2.58916E-05	284.989767
0.2000002	1.92E-11	285.014297	0.1000002	2.6744E-05	285.014297
0.299999	2.13E-11	285.039051	0.0999999	2.76E-05	285.039051
0.4	2.32E-11	285.063592	0.1	2.84599E-05	285.063592
0.5	2.54E-11	285.088105	0.1000001	2.93232E-05	285.088105
0.6	2.74E-11	285.112605	0.1000001	3.01902E-05	285.112605
0.7	2.87E-11	285.137148	0.1000002	3.10603E-05	285.137148
0.799999	3.09E-11	285.161765	0.1	3.19322E-05	285.161765
0.9	3.27E-11	285.186281	0.1	3.28061E-05	285.186281
0.999999	3.42E-11	285.210776	0.0999999	3.36819E-05	285.210776
1.1	3.64E-11	285.23529	0.0999999	3.45592E-05	285.23529
1.2	3.75E-11	285.259796	0.0999998	3.54381E-05	285.259796
1.3	3.93E-11	285.284319	0.0999999	3.63184E-05	285.284319
1.4	4.05E-11	285.308829	0.1	3.71994E-05	285.308829
1.499999	4.16E-11	285.333421	0.1	3.80816E-05	285.333421
1.599999	4.28E-11	285.357937	0.1	3.89638E-05	285.357937
1.699999	4.37E-11	285.382444	0.1	3.98473E-05	285.382444
1.799999	3.75E-11	285.438281	0.0999999	4.07267E-05	285.438281
1.899999	4.36E-11	285.462771	0.1000002	4.16123E-05	285.462771
2	4.45E-11	285.487302	0.0999998	4.24979E-05	285.487302
2.1	4.53E-11	285.511841	0.1	4.33849E-05	285.511841
2.19999	4.6E-11	285.536637	0.1000001	4.42688E-05	285.536637
2.29999	4.73E-11	285.561154	0.1	4.51558E-05	285.561154
2.39999	4.76E-11	285.585677	0.1000001	4.60425E-05	285.585677
2.49999	4.81E-11	285.610179	0.0999999	4.69298E-05	285.610179
2.59999	4.9E-11	285.634707	0.1	4.7818E-05	285.634707
2.69999	4.97E-11	285.65932	0.1000001	4.87063E-05	285.65932
2.79999	4.99E-11	285.683844	0.1000001	4.95942E-05	285.683844
2.89999	5.05E-11	285.708354	0.0999999	5.04826E-05	285.708354
2.99999	5.1E-11	285.732857	0.0999999	5.13717E-05	285.732857
3.09999	5.1E-11	285.757379	0.1000002	5.2261E-05	285.757379
3.19999	5.14E-11	285.781894	0.0999999	5.31505E-05	285.781894
3.29999	5.2E-11	285.806397	0.0999999	5.40402E-05	285.806397
3.39999	5.17E-11	285.831006	0.1000002	5.49309E-05	285.831006
3.49999	5.2E-11	285.855612	0.1	5.58216E-05	285.855612
3.59999	5.23E-11	285.880136	0.0999999	5.67123E-05	285.880136
3.69999	4.46E-11	285.942185	0.1000001	5.7591E-05	285.942185
3.79999	5.06E-11	285.966729	0.1000002	5.8488E-05	285.966729
3.89999	5.13E-11	285.991205	0.0999999	5.93828E-05	285.991205
3.99999	5.23E-11	286.015714	0.1000001	6.02774E-05	286.015714
4.09999	5.28E-11	286.040292	0.1000001	6.1172E-05	286.040292
4.19999	5.26E-11	286.064824	0.0999999	6.20679E-05	286.064824
4.29999	5.34E-11	286.089361	0.1000002	6.29625E-05	286.089361
4.39999	5.35E-11	286.113885	0.1000001	6.38588E-05	286.113885
4.49999	5.41E-11	286.138419	0.1000001	6.47559E-05	286.138419
4.59999	5.42E-11	286.162945	0.1000002	6.5653E-05	286.162945
4.69999	5.45E-11	286.187459	0.1000001	6.65502E-05	286.187459
4.79999	5.46E-11	286.211981	0.1	6.74483E-05	286.211981
4.89999	5.44E-11	286.236523	0.1	6.83473E-05	286.236523
4.99999	5.5E-11	286.26105	0.1	6.92479E-05	286.26105
5.09999	5.5E-11	286.285551	0.0999999	7.01476E-05	286.285551
5.19999	5.55E-11	286.310079	0.1000001	7.10479E-05	286.310079
5.29999	5.56E-11	286.334708	0.0999999	7.19499E-05	286.334708
5.39999	5.56E-11	286.359272	0.1000003	7.28532E-05	286.359272
5.49999	5.62E-11	286.383785	0.1000001	7.37559E-05	286.383785
5.59999	4.96E-11	286.445716	0.1000001	7.46487E-05	286.445716
5.69999	5.43E-11	286.470258	0.0999998	7.55567E-05	286.470258
5.79999	5.47E-11	286.494861	0.1000002	7.64646E-05	286.494861
5.89999	5.51E-11	286.519425	0.1000001	7.73711E-05	286.519425
5.99999	5.58E-11	286.544014	0.1000002	7.82788E-05	286.544014
6.09999	5.6E-11	286.568581	0.0999998	7.91868E-05	286.568581
6.19999	5.65E-11	286.593095	0.0999999	8.00961E-05	286.593095
6.29999	5.67E-11	286.617626	0.1000002	8.10057E-05	286.617626
6.39999	5.71E-11	286.642133	0.1	8.1915E-05	286.642133
6.49999	5.64E-11	286.66675	0.0999999	8.28261E-05	286.66675
6.59999	5.78E-11	286.691265	0.0999999	8.37397E-05	286.691265
6.69999	5.79E-11	286.71578	0.1000001	8.46517E-05	286.71578
6.79999	5.77E-11	286.740285	0.1	8.55651E-05	286.740285
6.89999	5.71E-11	286.764922	0.0999999	8.64783E-05	286.764922
6.99999	5.82E-11	286.789466	0.0999999	8.73942E-05	286.789466
7.09999	5.83E-11	286.813989	0.1000002	8.83106E-05	286.813989
7.19999	5.81E-11	286.838607	0.0999999	8.9226E-05	286.838607
7.29999	5.83E-11	286.863135	0.1000001	9.01441E-05	286.863135
7.39999	5.82E-11	286.887664	0.1000001	9.10621E-05	286.887664
7.49999	5.21E-11	286.942867	0.1	9.19731E-05	286.942867
7.59999	5.72E-11	286.967495	0.1	9.28941E-05	286.967495
7.69999	5.73E-11	286.992037	0.1000001	9.38169E-05	286.992037
7.79999	5.83E-11	287.016678	0.1000002	9.47391E-05	287.016678
7.89999	5.89E-11	287.041265	0.1000002	9.56619E-05	287.041265
7.99999	5.84E-11	287.065807	0.1000001	9.65849E-05	287.065807
8.09999	5.87E-11	287.090351	0.0999998	9.75099E-05	287.090351
8.19999	5.91E-11	287.114887	0.1000003	9.84345E-05	287.114887
8.29999	5.94E-11	287.1394	0.1000001	9.93601E-05	287.1394
8.39999	5.9E-11	287.163918	0.1	0.0001002869	287.163918
8.49999	5.98E-11	287.188442	0.0999998	0.0001012159	287.188442
8.59999	5.94E-11	287.212975	0.1	0.0001021432	287.212975
8.69999	6E-11	287.237488	0.1	0.0001030719	287.237488
8.79999	5.94E-11	287.262046	0.1	0.000104001	287.262046
8.89999	5.92E-11	287.286562	0.0999998	0.000104933	287.286562
8.99999	5.58E-11	287.316121	0.1	0.000105828	287.316121
9.09999	5.95E-11	287.340748	0.0999999	0.000106762	287.340748
9.19999	5.97E-11	287.365266	0.1	0.000107694	287.365266
9.29999	6.02E-11	287.389774	0.0999999	0.000108624	287.389774
9.39999	5.43E-11	287.451592	0.1	0.00010956	287.451592
9.49999	5.92E-11	287.476124	0.1	0.000110503	287.476124
9.59999	6E-11	287.500652	0.1	0.00011144	287.500652
9.69999	5.99E-11	287.525201	0.1000001	0.000112378	287.525201
9.79999	6.02E-11	287.54977	0.0999999	0.00011332	287.54977
9.89999	6E-11	287.574409	0.1000001	0.000114261	287.574409
9.99999	6.1E-11	287.598922	0.1000001	0.000115202	287.598922
9.9	4.81E-11	287.623471	0.1	0.000114246	287.623471
9.8	4.49E-11	287.648012	0.0999999	0.000113298	287.648012
9.7	4.31E-11	287.672729	0.1	0.000112351	287.672729
9.6	4.11E-11	287.697284	0.0999999	0.000111406	287.697284
9.5	3.95E-11	287.72181	0.1	0.000110463	287.72181
9.4	3.82E-11	287.746321	0.1	0.000109519	287.746321
9.3	3.72E-11	287.770877	0.0999999	0.000108578	287.770877
9.2	3.61E-11	287.795421	0.1	0.000107638	287.795421
9.1	3.49E-11	287.81994	0.1	0.000106699	287.81994
9	3.47E-11	287.844572	0.1000001	0.000105762	287.844572
8.9	3.32E-11	287.869106	0.0999999	0.000104829	287.869106
8.8	3.33E-11	287.893646	0.0999999	0.000103889	287.893646
8.7	3.83E-11	287.946112	0.1	0.000102953	287.946112
8.6	3.3E-11	287.970672	0.1	0.000102013	287.970672
8.5	3.25E-11	287.99529	0.0999999	0.00010108	287.99529
8.4	3.1E-11	288.019843	0.0999999	0.000100144	288.019843
8.3	3.05E-11	288.044438	0.0999999	9.921E-05	288.044438
8.2	3.05E-11	288.069009	0.0999999	9.8277E-05	288.069009
8.1	3E-11	288.093615	0.0999999	9.7346E-05	288.093615
8	2.97E-11	288.118126	0.1	9.6415E-05	288.118126
7.9	2.88E-11	288.142677	0.1	9.5484E-05	288.142677
7.8	2.87E-11	288.167276	0.0999999	9.4554E-05	288.167276
7.7	2.82E-11	288.191827	0.1	9.3628E-05	288.191827
7.6	2.71E-11	288.216343	0.0999998	9.2701E-05	288.216343
7.5	2.72E-11	288.240868	0.1000001	9.1773E-05	288.240868
7.4	2.71E-11	288.26541	0.1	9.0847E-05	288.26541
7.3	2.68E-11	288.29	0.1	8.9924E-05	288.29
7.2	2.96E-11	288.317862	0.0999997	8.90303E-05	288.317862
7.1	2.57E-11	288.342481	0.0999996	8.81093E-05	288.342481
7	2.55E-11	288.367011	0.1000001	8.7186E-05	288.367011
6.9	2.52E-11	288.391529	0.1	8.62618E-05	288.391529
6.8	3.13E-11	288.45478	0.0999998	8.53481E-05	288.45478
6.7	2.63E-11	288.47934	0.1000001	8.4427E-05	288.47934
6.6	2.52E-11	288.503959	0.0999997	8.35065E-05	288.503959
6.5	2.46E-11	288.52851	0.0999998	8.2586E-05	288.52851
6.4	2.35E-11	288.553088	0.1	8.1668E-05	288.553088
6.3	2.34E-11	288.577636	0.1000003	8.07514E-05	288.577636
6.2	2.31E-11	288.602178	0.1000001	7.98343E-05	288.602178
6.1	2.25E-11	288.62669	0.1000001	7.89172E-05	288.62669
6	2.17E-11	288.651204	0.0999999	7.80017E-05	288.651204
5.9	2.14E-11	288.675805	0.0999999	7.70868E-05	288.675805
5.8	2.16E-11	288.700442	0.1	7.6173E-05	288.700442
5.7	2.11E-11	288.724972	0.0999997	7.52596E-05	288.724972
5.6	2.09E-11	288.749525	0.1	7.43466E-05	288.749525
5.5	1.97E-11	288.774076	0.1000001	7.34356E-05	288.774076
5.4	1.98E-11	288.798696	0.0999997	7.25246E-05	288.798696
5.3	1.95E-11	288.823234	0.1000001	7.1614E-05	288.823234
5.2	1.87E-11	288.847841	0.0999997	7.07051E-05	288.847841
5.1	1.8E-11	288.872348	0.0999998	6.97961E-05	288.872348
5	1.75E-11	288.89687	0.1	6.88873E-05	288.89687
4.9	2.35E-11	288.949126	0.1	6.79838E-05	288.949126
4.8	1.85E-11	288.97365	0.0999997	6.70764E-05	288.97365
4.7	1.83E-11	288.998265	0.0999999	6.6171E-05	288.998265
4.6	1.73E-11	289.022806	0.1000001	6.52656E-05	289.022806
4.5	1.64E-11	289.047413	0.1000001	6.43614E-05	289.047413
4.4	1.61E-11	289.071972	0.0999998	6.3457E-05	289.071972
4.3	1.51E-11	289.096497	0.0999999	6.2554E-05	289.096497
4.2	1.49E-11	289.12104	0.0999998	6.16511E-05	289.12104
4.1	1.43E-11	289.145652	0.1000002	6.07495E-05	289.145652
4	1.39E-11	289.17016	0.1000001	5.98482E-05	289.17016
3.9	1.29E-11	289.194684	0.0999999	5.8948E-05	289.194684
3.8	1.24E-11	289.219216	0.1	5.80485E-05	289.219216
3.7	1.17E-11	289.243713	0.0999999	5.71494E-05	289.243713
3.6	1.1E-11	289.268218	0.0999999	5.62515E-05	289.268218
3.5	9.9E-12	289.292863	0.0999998	5.53546E-05	289.292863
3.4	9.4E-12	289.317408	0.0999998	5.44587E-05	289.317408
3.3	9.1E-12	289.34201	0.0999999	5.3563E-05	289.34201
3.2	8.7E-12	289.366512	0.1000001	5.26683E-05	289.366512
3.1	8E-12	289.391041	0.0999999	5.17741E-05	289.391041
3	1.53E-11	289.453889	0.1	5.08862E-05	289.453889
2.9	9.2E-12	289.47845	0.0999998	4.99925E-05	289.47845
2.8	7.6E-12	289.502954	0.0999998	4.91006E-05	289.502954
2.7	6.9E-12	289.527484	0.1000001	4.82099E-05	289.527484
2.6	5.5E-12	289.552057	0.0999999	4.73188E-05	289.552057
2.5	4.4E-12	289.576573	0.0999998	4.64284E-05	289.576573
2.4	4E-12	289.601119	0.0999999	4.55393E-05	289.601119
2.3	2.9E-12	289.625648	0.1	4.46521E-05	289.625648
2.2	1.7E-12	289.650152	0.0999999	4.37649E-05	289.650152
2.099999	4.2E-12	289.676675	0.0999999	4.28818E-05	289.676675
2	0	289.701206	0.0999998	4.19967E-05	289.701206
1.9	-1E-12	289.725757	0.1000001	4.11118E-05	289.725757
1.8	-2.2E-12	289.750259	0.1	4.02281E-05	289.750259
1.7	-3.6E-12	289.774766	0.1000002	3.93465E-05	289.774766
1.6	-4.6E-12	289.799343	0.0999997	3.84646E-05	289.799343
1.5	-5.7E-12	289.823869	0.1	3.75845E-05	289.823869
1.4	-7E-12	289.848486	0.0999998	3.67061E-05	289.848486
1.3	-8.6E-12	289.872996	0.0999999	3.58284E-05	289.872996
1.2	-1E-11	289.89753	0.1000001	3.49518E-05	289.89753
1.100001	-5E-12	289.956492	0.0999999	3.40822E-05	289.956492
1	-1.12E-11	289.98104	0.0999997	3.32089E-05	289.98104
0.9	-1.32E-11	290.005692	0.1000001	3.23368E-05	290.005692
0.8	-1.55E-11	290.030222	0.0999999	3.14672E-05	290.030222
0.7	-1.74E-11	290.054795	0.0999998	3.0601E-05	290.054795
0.6	-1.99E-11	290.079302	0.1000003	2.97375E-05	290.079302
0.5	-2.2E-11	290.103825	0.1	2.88765E-05	290.103825
0.4	-2.4E-11	290.128358	0.1	2.80186E-05	290.128358
0.3	-2.64E-11	290.152887	0.0999998	2.71654E-05	290.152887
0.1999999	-2.53E-11	290.179307	0.1000001	2.63176E-05	290.179307
0.0999996	-3.09E-11	290.203838	0.0999999	2.54729E-05	290.203838
-4E-07	-3.34E-11	290.228325	0.1	2.46333E-05	290.228325
#scan	iMeasureCycle=3	iMux=0	time=319.946	N=401	LocalTime=20/04/2023 09:37:03
#VGate(V)	IGate(A)	time(s)	VDrain(V)	IDrain(A)	time(s)
-3E-07	-1.22E-11	319.953545	0.0999999	2.48527E-05	319.953545
-0.1000003	-2.03E-11	319.978406	0.0999999	2.4008E-05	319.978406
-0.2000001	-2.1E-11	320.004039	0.1	2.31686E-05	320.004039
-0.3	-2.67E-11	320.028809	0.0999999	2.23318E-05	320.028809
-0.4	-3E-11	320.053316	0.1000001	2.14998E-05	320.053316
-0.5	-3.24E-11	320.077898	0.0999998	2.06712E-05	320.077898
-0.6	-3.48E-11	320.102411	0.0999997	1.9845E-05	320.102411
-0.7	-3.67E-11	320.126922	0.0999998	1.90227E-05	320.126922
-0.8	-3.82E-11	320.15147	0.1	1.82034E-05	320.15147
-0.9	-3.97E-11	320.176014	0.1	1.73886E-05	320.176014
-1	-4.15E-11	320.200526	0.1	1.65781E-05	320.200526
-1.1	-4.22E-11	320.225073	0.1	1.57715E-05	320.225073
-1.2	-4.37E-11	320.249582	0.1000001	1.49704E-05	320.249582
-1.3	-4.44E-11	320.274085	0.1	1.41752E-05	320.274085
-1.4	-4.53E-11	320.298594	0.0999999	1.33869E-05	320.298594
-1.5	-4.65E-11	320.323129	0.1	1.26057E-05	320.323129
-1.6	-4.66E-11	320.347692	0.0999998	1.18334E-05	320.347692
-1.7	-4.77E-11	320.372241	0.0999998	1.10698E-05	320.372241
-1.8	-4.77E-11	320.396944	0.0999999	1.03166E-05	320.396944
-1.9	-4.88E-11	320.421465	0.0999998	9.5758E-06	320.421465
-2	-4.55E-11	320.448614	0.1	8.85252E-06	320.448614
-2.1	-5.03E-11	320.473124	0.1	8.13921E-06	320.473124
-2.2	-4.47E-11	320.515739	0.1	7.44401E-06	320.515739
-2.3	-4.96E-11	320.540297	0.0999999	6.76731E-06	320.540297
-2.4	-5.07E-11	320.564855	0.0999998	6.11277E-06	320.564855
-2.5	-5.14E-11	320.589456	0.1000001	5.48279E-06	320.589456
-2.6	-5.16E-11	320.614021	0.0999998	4.8795E-06	320.614021
-2.7	-5.25E-11	320.638534	0.0999998	4.30506E-06	320.638534
-2.8	-5.27E-11	320.663051	0.1000001	3.76221E-06	320.663051
-2.9	-5.35E-11	320.687515	0.0999999	3.25326E-06	320.687515
-3	-5.38E-11	320.712056	0.0999999	2.77986E-06	320.712056
-3.1	-5.43E-11	320.736649	0.0999999	2.34338E-06	320.736649
-3.2	-5.43E-11	320.761182	0.1	1.94551E-06	320.761182
-3.3	-5.46E-11	320.785697	0.1000001	1.5865E-06	320.785697
-3.4	-5.47E-11	320.810228	0.1000001	1.26759E-06	320.810228
-3.5	-5.53E-11	320.834742	0.1	9.8814E-07	320.834742
-3.6	-5.19E-11	320.862061	0.0999997	7.49822E-07	320.862061
-3.7	-5.55E-11	320.886571	0.0999998	5.48524E-07	320.886571
-3.8	-5.63E-11	320.911148	0.0999996	3.85397E-07	320.911148
-3.9	-5.66E-11	320.93566	0.0999997	2.58345E-07	320.93566
-4	-5.71E-11	320.960179	0.0999998	1.63321E-07	320.960179
-4.1	-5.05E-11	321.018572	0.0999998	9.794E-08	321.018572
-4.2	-5.03E-11	321.056242	0.0999977	5.37819E-08	321.056242
-4.3	-7E-11	321.079546	0.1000056	2.66504E-08	321.079546
-4.4	-6.95E-11	321.104362	0.1000027	1.19767E-08	321.104362
-4.5	-7.18E-11	321.12758	0.1000018	4.8293E-09	321.12758
-4.6	-7.26E-11	321.150788	0.1000008	1.7271E-09	321.150788
-4.7	-7.3E-11	321.174002	0.1000004	5.3E-10	321.174002
-4.8	-7.14E-11	321.197293	0.1000002	1.349E-10	321.197293
-4.9	-7.19E-11	321.220596	0.1000001	2.43E-11	321.220596
-5	-7.45E-11	321.243792	0.1000001	7E-13	321.243792
-5.1	-7.44E-11	321.267014	0.1	-4.2E-12	321.267014
-5.2	-7.32E-11	321.2903	0.1000002	-4.4E-12	321.2903
-5.3	-7.27E-11	321.313599	0.1000003	-4.7E-12	321.313599
-5.4	-7.47E-11	321.336879	0.1000001	-4.6E-12	321.336879
-5.5	-7.49E-11	321.360102	0.1000002	-4.6E-12	321.360102
-5.6	-7.37E-11	321.383383	0.1000002	-4.2E-12	321.383383
-5.7	-7.51E-11	321.406698	0.1000001	-4.3E-12	321.406698
-5.8	-7.59E-11	321.429922	0.1000002	-4.2E-12	321.429922
-5.9	-7.44E-11	321.453221	0.1000001	-4E-12	321.453221
-6	-7.46E-11	321.476509	0.1000001	-3.9E-12	321.476509
-6.1	-5.56E-11	321.521703	0.0999998	-5.5E-12	321.521703
-6.2	-7.52E-11	321.544944	0.1000002	-4E-12	321.544944
-6.3	-7.6E-11	321.56817	0.1000002	-4.6E-12	321.56817
-6.4	-7.63E-11	321.591389	0.1000002	-4E-12	321.591389
-6.5	-7.47E-11	321.614731	0.1	-3.7E-12	321.614731
-6.6	-7.45E-11	321.638013	0.0999999	-4.3E-12	321.638013
-6.7	-7.75E-11	321.661211	0.1000002	-4E-12	321.661211
-6.8	-7.75E-11	321.684417	0.1000001	-4E-12	321.684417
-6.9	-7.59E-11	321.707803	0.1000002	-3.9E-12	321.707803
-7	-7.69E-11	321.731125	0.1000002	-3.8E-12	321.731125
-7.1	-7.78E-11	321.754346	0.1	-3.7E-12	321.754346
-7.2	-7.65E-11	321.777641	0.1000001	-4E-12	321.777641
-7.3	-7.65E-11	321.801025	0.1000001	-3.7E-12	321.801025
-7.4	-7.85E-11	321.824241	0.1000002	-3.5E-12	321.824241
-7.5	-7.94E-11	321.847445	0.1000002	-3.2E-12	321.847445
-7.6	-7.69E-11	321.870735	0.1000002	-4.3E-12	321.870735
-7.7	-7.67E-11	321.894028	0.1	-4.1E-12	321.894028
-7.8	-7.89E-11	321.917337	0.1000002	-3.8E-12	321.917337
-7.9	-7.71E-11	321.940635	0.1000002	-3.8E-12	321.940635
-8	-7.77E-11	321.96392	0.1000001	-3.8E-12	321.96392
-8.1	-5.86E-11	322.016054	0.0999999	-5.1E-12	322.016054
-8.2	-7.63E-11	322.039439	0.1000003	-4.2E-12	322.039439
-8.3	-7.81E-11	322.062702	0.1000002	-3.6E-12	322.062702
-8.4	-7.75E-11	322.086002	0.1000002	-3.8E-12	322.086002
-8.5	-7.8E-11	322.109346	0.1000001	-4E-12	322.109346
-8.6	-8.03E-11	322.132564	0.1	-3.7E-12	322.132564
-8.7	-7.88E-11	322.155848	0.1000001	-3.6E-12	322.155848
-8.8	-7.81E-11	322.179141	0.0999999	-3.7E-12	322.179141
-8.9	-7.86E-11	322.202425	0.1000001	-3.6E-12	322.202425
-9	-8.1E-11	322.225656	0.1000002	-3.5E-12	322.225656
-9.1	-7.95E-11	322.248943	0.1000001	-3.7E-12	322.248943
-9.2	-7.92E-11	322.272226	0.1000003	-3.5E-12	322.272226
-9.3	-8.17E-11	322.295423	0.1	-3.8E-12	322.295423
-9.4	-8.17E-11	322.31865	0.1	-3.4E-12	322.31865
-9.5	-8E-11	322.341945	0.0999998	-3.7E-12	322.341945
-9.6	-8.01E-11	322.365237	0.1000001	-3.9E-12	322.365237
-9.7	-8.25E-11	322.388433	0.1000001	-3.6E-12	322.388433
-9.8	-8.11E-11	322.411762	0.1000002	-3.8E-12	322.411762
-9.9	-8.22E-11	322.434976	0.1000002	-3.6E-12	322.434976
-10	-8.1E-11	322.458267	0.1000002	-3.8E-12	322.458267
-9.90001	-4.09E-11	322.481492	0.0999997	-7.4E-12	322.481492
-9.80001	-5.48E-11	322.518033	0.0999999	-5.4E-12	322.518033
-9.70001	-3.51E-11	322.541307	0.0999999	-7.5E-12	322.541307
-9.60001	-3.36E-11	322.564609	0.0999998	-7.2E-12	322.564609
-9.50001	-3.06E-11	322.587824	0.0999997	-7.1E-12	322.587824
-9.40001	-2.94E-11	322.61109	0.0999997	-7.2E-12	322.61109
-9.30001	-3E-11	322.634384	0.0999995	-6.8E-12	322.634384
-9.20001	-2.92E-11	322.657666	0.0999997	-7.3E-12	322.657666
-9.10001	-2.65E-11	322.680871	0.0999996	-7.4E-12	322.680871
-9.00001	-2.72E-11	322.704159	0.0999998	-7.2E-12	322.704159
-8.90001	-2.62E-11	322.72745	0.0999997	-7.4E-12	322.72745
-8.80001	-2.4E-11	322.750761	0.0999995	-7.3E-12	322.750761
-8.70001	-2.3E-11	322.773976	0.0999997	-7.7E-12	322.773976
-8.60001	-2.27E-11	322.797185	0.0999996	-7.3E-12	322.797185
-8.50001	-2.43E-11	322.820476	0.0999996	-7.7E-12	322.820476
-8.40001	-2.38E-11	322.843772	0.0999996	-7.7E-12	322.843772
-8.30001	-2.3E-11	322.867059	0.0999997	-7.6E-12	322.867059
-8.20001	-2.02E-11	322.890272	0.0999999	-7.7E-12	322.890272
-8.10001	-2.18E-11	322.913639	0.0999998	-7.6E-12	322.913639
-8	-1.98E-11	322.936854	0.0999997	-8E-12	322.936854
-7.90001	-1.97E-11	322.960072	0.0999997	-7.7E-12	322.960072
-7.80001	-1.96E-11	322.983296	0.0999996	-7.6E-12	322.983296
-7.70001	-3.86E-11	323.024071	0.0999998	-5.6E-12	323.024071
-7.6	-1.92E-11	323.047313	0.0999999	-7.9E-12	323.047313
-7.50001	-1.83E-11	323.070619	0.0999996	-7.9E-12	323.070619
-7.40001	-2.01E-11	323.09395	0.0999999	-7.4E-12	323.09395
-7.30001	-1.78E-11	323.117225	0.0999996	-7.7E-12	323.117225
-7.2	-1.89E-11	323.14052	0.0999997	-7.7E-12	323.14052
-7.10001	-1.8E-11	323.163813	0.0999998	-7.9E-12	323.163813
-7.00001	-1.78E-11	323.187111	0.0999997	-7.7E-12	323.187111
-6.90001	-1.55E-11	323.210317	0.0999996	-7.8E-12	323.210317
-6.80001	-1.54E-11	323.233532	0.0999997	-8.1E-12	323.233532
-6.70001	-1.67E-11	323.256818	0.0999995	-7.7E-12	323.256818
-6.60001	-1.59E-11	323.280105	0.0999996	-7.7E-12	323.280105
-6.50001	-1.55E-11	323.303384	0.0999996	-7.8E-12	323.303384
-6.40001	-1.38E-11	323.326604	0.0999998	-8.1E-12	323.326604
-6.30001	-1.51E-11	323.349892	0.0999998	-7.6E-12	323.349892
-6.20001	-1.47E-11	323.373188	0.0999997	-7.7E-12	323.373188
-6.10001	-1.22E-11	323.39639	0.0999998	-8.1E-12	323.39639
-6.00001	-1.21E-11	323.419676	0.0999997	-8.4E-12	323.419676
-5.90001	-1.33E-11	323.442975	0.0999998	-8.2E-12	323.442975
-5.80001	-1.29E-11	323.466255	0.0999995	-8E-12	323.466255
-5.70001	-3.2E-11	323.524934	0.1	-6.5E-12	323.524934
-5.60001	-1.42E-11	323.548248	0.0999996	-8.6E-12	323.548248
-5.50001	-1.16E-11	323.571462	0.0999997	-8.5E-12	323.571462
-5.40001	-1.09E-11	323.594678	0.0999998	-8.7E-12	323.594678
-5.30001	-1.09E-11	323.617965	0.0999997	-8.5E-12	323.617965
-5.20001	-1.12E-11	323.641269	0.1	-7.7E-12	323.641269
-5.1	-8.9E-12	323.664565	0.0999997	-6.5E-12	323.664565
-5.00001	-8.5E-12	323.687773	0.0999997	3.4E-12	323.687773
-4.90001	-9.9E-12	323.71107	0.0999998	5.34E-11	323.71107
-4.80001	-7.5E-12	323.734307	0.0999999	2.495E-10	323.734307
-4.7	-7E-12	323.757544	0.0999998	8.847E-10	323.757544
-4.60001	-6.4E-12	323.780765	0.1	2.6696E-09	323.780765
-4.50001	-6.3E-12	323.803979	0.1000001	7.01E-09	323.803979
-4.40001	-7.4E-12	323.827273	0.1000006	1.63802E-08	323.827273
-4.3	-7.3E-12	323.850567	0.1000007	3.44557E-08	323.850567
-4.20001	-4.9E-12	323.873779	0.0999967	6.60745E-08	323.873779
-4.10001	-2.48E-11	323.913516	0.1000001	1.14707E-07	323.913516
-4.00001	-2.04E-11	323.938135	0.1000003	1.89901E-07	323.938135
-3.90001	-1.93E-11	323.962648	0.1000004	2.93381E-07	323.962648
-3.80001	-2.5E-11	324.011218	0.1000001	4.25718E-07	324.011218
-3.70001	-1.94E-11	324.035791	0.1000007	5.9912E-07	324.035791
-3.60001	-1.88E-11	324.060329	0.1000005	8.09153E-07	324.060329
-3.50001	-2.27E-11	324.094939	0.1000001	1.05439E-06	324.094939
-3.40001	-1.74E-11	324.119505	0.1000001	1.34319E-06	324.119505
-3.30001	-1.67E-11	324.144029	0.1000001	1.67037E-06	324.144029
-3.20001	-1.56E-11	324.168536	0.1000002	2.0369E-06	324.168536
-3.10001	-1.52E-11	324.193085	0.1	2.44198E-06	324.193085
-3.00001	-1.46E-11	324.217603	0.1000002	2.88447E-06	324.217603
-2.90001	-1.41E-11	324.242242	0.1000002	3.36349E-06	324.242242
-2.80001	-1.34E-11	324.266743	0.0999999	3.87746E-06	324.266743
-2.70001	-1.28E-11	324.291263	0.1000001	4.42458E-06	324.291263
-2.60001	-1.18E-11	324.315767	0.1000002	5.00218E-06	324.315767
-2.50001	-1.15E-11	324.340345	0.1	5.60878E-06	324.340345
-2.40001	-1.06E-11	324.36486	0.1000001	6.2404E-06	324.36486
-2.30001	-1.02E-11	324.389432	0.1000002	6.8962E-06	324.389432
-2.20001	-8.9E-12	324.414027	0.1000002	7.57293E-06	324.414027
-2.1	-1.24E-11	324.440574	0.1	8.27087E-06	324.440574
-2.000001	-7.6E-12	324.465085	0.1	8.98398E-06	324.465085
-1.900001	-1.5E-11	324.52758	0.1	9.70107E-06	324.52758
-1.800001	-8.9E-12	324.552169	0.1000001	1.044559E-05	324.552169
-1.700001	-1.25E-11	324.586779	0.1	1.11928E-05	324.586779
-1.600001	-9.6E-12	324.612991	0.0999999	1.19575E-05	324.612991
-1.5	-5.6E-12	324.637564	0.1	1.27305E-05	324.637564
-1.400001	-3.9E-12	324.662079	0.1000002	1.35109E-05	324.662079
-1.3	-2.6E-12	324.686601	0.0999999	1.42988E-05	324.686601
-1.2	-1.5E-12	324.711117	0.0999999	1.50929E-05	324.711117
-1.100001	-5E-13	324.735735	0.1000001	1.58927E-05	324.735735
-1	1E-12	324.760261	0.0999999	1.66976E-05	324.760261
-0.9	2E-12	324.784825	0.0999999	1.75062E-05	324.784825
-0.8	3.3E-12	324.809336	0.1000001	1.832E-05	324.809336
-0.7	4.9E-12	324.833854	0.1	1.9137E-05	324.833854
-0.6	6.7E-12	324.858378	0.1	1.99574E-05	324.858378
-0.500001	7.8E-12	324.882891	0.1	2.07819E-05	324.882891
-0.4	9.5E-12	324.907376	0.1000001	2.16083E-05	324.907376
-0.300001	1.03E-11	324.931972	0.1	2.24377E-05	324.931972
-0.1999999	9.2E-12	324.958398	0.1	2.32709E-05	324.958398
-0.0999997	1.42E-11	324.982917	0.1000001	2.41078E-05	324.982917
-2E-07	9.5E-12	325.033872	0.1	2.49447E-05	325.033872
0.1000004	1.57E-11	325.058404	0.1	2.57925E-05	325.058404
0.2000002	1.82E-11	325.082983	0.0999999	2.66434E-05	325.082983
0.299999	2.04E-11	325.107716	0.1000002	2.74988E-05	325.107716
0.4	2.22E-11	325.132288	0.1	2.83582E-05	325.132288
0.5	2.46E-11	325.156807	0.0999999	2.92213E-05	325.156807
0.599999	2.62E-11	325.181355	0.0999999	3.00874E-05	325.181355
0.7	2.87E-11	325.205932	0.1000001	3.09564E-05	325.205932
0.799999	2.98E-11	325.230437	0.1	3.18276E-05	325.230437
0.899999	3.2E-11	325.254965	0.1000001	3.27011E-05	325.254965
0.999999	3.43E-11	325.279474	0.1000002	3.35765E-05	325.279474
1.1	3.61E-11	325.303986	0.1	3.44536E-05	325.303986
1.2	3.72E-11	325.328531	0.1000001	3.53322E-05	325.328531
1.3	3.88E-11	325.353037	0.1	3.62116E-05	325.353037
1.399999	4E-11	325.377561	0.1	3.70922E-05	325.377561
1.5	4.17E-11	325.402096	0.1000001	3.79739E-05	325.402096
1.599999	4.24E-11	325.426709	0.1	3.88569E-05	325.426709
1.699999	4.29E-11	325.451217	0.1000001	3.97411E-05	325.451217
1.8	4.45E-11	325.475726	0.1000001	4.06253E-05	325.475726
1.899999	3.8E-11	325.530879	0.1	4.15055E-05	325.530879
2	4.38E-11	325.555406	0.1	4.23929E-05	325.555406
2.099999	4.52E-11	325.579911	0.1000002	4.32799E-05	325.579911
2.19999	4.53E-11	325.604626	0.1	4.41641E-05	325.604626
2.29999	4.68E-11	325.62919	0.1	4.50524E-05	325.62919
2.39999	4.69E-11	325.6538	0.1000001	4.59413E-05	325.6538
2.49999	4.76E-11	325.678317	0.1000003	4.68304E-05	325.678317
2.59999	4.83E-11	325.702849	0.0999998	4.77186E-05	325.702849
2.69999	4.85E-11	325.727352	0.1	4.86097E-05	325.727352
2.79999	4.92E-11	325.751953	0.1	4.94997E-05	325.751953
2.89999	4.98E-11	325.776496	0.0999999	5.03896E-05	325.776496
2.99999	4.96E-11	325.801019	0.1	5.12803E-05	325.801019
3.09999	5.04E-11	325.825526	0.0999999	5.21707E-05	325.825526
3.19999	5.14E-11	325.850033	0.0999999	5.30628E-05	325.850033
3.29999	5.09E-11	325.874561	0.1000001	5.39539E-05	325.874561
3.39999	5.19E-11	325.899098	0.0999998	5.48459E-05	325.899098
3.49999	5.17E-11	325.923694	0.0999998	5.57381E-05	325.923694
3.59999	5.25E-11	325.948237	0.1	5.66313E-05	325.948237
3.69999	5.25E-11	325.972779	0.1000001	5.75236E-05	325.972779
3.79999	4.62E-11	326.029864	0.1000001	5.84085E-05	326.029864
3.89999	5.1E-11	326.054391	0.0999999	5.93052E-05	326.054391
3.99999	5.14E-11	326.079049	0.1000003	6.02E-05	326.079049
4.09999	5.24E-11	326.103583	0.1	6.10958E-05	326.103583
4.19999	5.33E-11	326.128157	0.1000002	6.19918E-05	326.128157
4.29999	5.33E-11	326.152704	0.1000002	6.28885E-05	326.152704
4.39999	5.36E-11	326.177226	0.1000001	6.37842E-05	326.177226
4.49999	5.37E-11	326.201726	0.1000003	6.46811E-05	326.201726
4.59999	5.41E-11	326.226282	0.1000002	6.55781E-05	326.226282
4.69999	5.42E-11	326.250803	0.1000001	6.64765E-05	326.250803
4.79999	5.46E-11	326.275344	0.1000002	6.73752E-05	326.275344
4.89999	5.47E-11	326.29987	0.1000001	6.82749E-05	326.29987
4.99999	5.49E-11	326.324401	0.1000001	6.91747E-05	326.324401
5.09999	5.5E-11	326.348952	0.1000001	7.00764E-05	326.348952
5.19999	5.54E-11	326.373472	0.1000002	7.09772E-05	326.373472
5.29999	5.56E-11	326.398021	0.1000002	7.18787E-05	326.398021
5.39999	5.56E-11	326.422631	0.1	7.27822E-05	326.422631
5.49999	5.61E-11	326.447146	0.1	7.36861E-05	326.447146
5.59999	5.58E-11	326.4717	0.1	7.45891E-05	326.4717
5.69999	4.9E-11	326.534016	0.1	7.54806E-05	326.534016
5.79999	5.38E-11	326.55859	0.0999998	7.63922E-05	326.55859
5.89999	5.5E-11	326.583109	0.0999999	7.73004E-05	326.583109
5.99999	5.56E-11	326.60763	0.1000001	7.82086E-05	326.60763
6.09999	5.62E-11	326.632193	0.1000001	7.91178E-05	326.632193
6.19999	5.62E-11	326.656759	0.0999999	8.00278E-05	326.656759
6.29999	5.72E-11	326.681271	0.0999999	8.09375E-05	326.681271
6.39999	5.67E-11	326.705833	0.1000001	8.1848E-05	326.705833
6.49999	5.74E-11	326.730341	0.1	8.27581E-05	326.730341
6.59999	5.78E-11	326.75493	0.0999997	8.36708E-05	326.75493
6.69999	5.75E-11	326.779434	0.0999999	8.45834E-05	326.779434
6.79999	5.74E-11	326.803976	0.1000001	8.54967E-05	326.803976
6.89999	5.83E-11	326.828475	0.1	8.64113E-05	326.828475
6.99999	5.79E-11	326.853071	0.1000001	8.73279E-05	326.853071
7.09999	5.85E-11	326.877579	0.1000001	8.8244E-05	326.877579
7.19999	5.85E-11	326.902116	0.1	8.91604E-05	326.902116
7.29999	5.88E-11	326.926741	0.0999999	9.00772E-05	326.926741
7.39999	5.87E-11	326.951261	0.0999998	9.09953E-05	326.951261
7.49999	5.85E-11	326.975794	0.1000003	9.19142E-05	326.975794
7.59999	5.21E-11	327.037418	0.1000003	9.28245E-05	327.037418
7.69999	5.68E-11	327.061992	0.1000001	9.37476E-05	327.061992
7.79999	5.78E-11	327.08661	0.1000001	9.46718E-05	327.08661
7.89999	5.86E-11	327.111143	0.1000001	9.55946E-05	327.111143
7.99999	5.8E-11	327.135706	0.1000001	9.65185E-05	327.135706
8.09999	5.86E-11	327.160332	0.1000001	9.74423E-05	327.160332
8.19999	5.91E-11	327.184843	0.1000001	9.83681E-05	327.184843
8.29999	5.92E-11	327.209368	0.1000002	9.9294E-05	327.209368
8.39999	5.95E-11	327.233878	0.1000001	0.0001002221	327.233878
8.49999	5.91E-11	327.258448	0.0999999	0.0001011494	327.258448
8.59999	6.01E-11	327.28297	0.1000001	0.0001020787	327.28297
8.69999	6.02E-11	327.307493	0.1000002	0.0001030074	327.307493
8.79999	6.02E-11	327.332002	0.1000002	0.0001039369	327.332002
8.89999	5.99E-11	327.356553	0.1000003	0.0001048668	327.356553
8.99999	5.67E-11	327.386147	0.1	0.000105765	327.386147
9.09999	5.94E-11	327.410829	0.1000001	0.000106697	327.410829
9.19999	5.99E-11	327.435453	0.1	0.00010763	327.435453
9.29999	6.07E-11	327.459978	0.0999999	0.000108561	327.459978
9.39999	6.06E-11	327.48455	0.1	0.000109498	327.48455
9.49999	5.42E-11	327.541624	0.0999998	0.000110433	327.541624
9.59999	5.92E-11	327.566151	0.1	0.000111375	327.566151
9.69999	6E-11	327.590678	0.0999998	0.000112315	327.590678
9.79999	6.02E-11	327.615201	0.1000001	0.000113257	327.615201
9.89999	6E-11	327.63987	0.1	0.000114198	327.63987
9.99999	6.09E-11	327.664372	0.1	0.000115139	327.664372
9.9	4.71E-11	327.6889	0.1	0.000114184	327.6889
9.8	4.48E-11	327.713447	0.0999999	0.000113236	327.713447
9.7	4.27E-11	327.737956	0.0999998	0.000112287	327.737956
9.6	4.06E-11	327.762562	0.0999998	0.000111342	327.762562
9.5	3.91E-11	327.787089	0.1	0.000110398	327.787089
9.4	3.84E-11	327.811649	0.0999999	0.000109454	327.811649
9.3	3.69E-11	327.836166	0.0999998	0.000108515	327.836166
9.2	3.63E-11	327.860713	0.0999999	0.000107574	327.860713
9.1	3.51E-11	327.885223	0.1000001	0.000106634	327.885223
9	3.51E-11	327.909775	0.0999999	0.000105697	327.909775
8.9	3.39E-11	327.93437	0.1	0.000104762	327.93437
8.8	3.36E-11	327.958906	0.1000001	0.000103823	327.958906
8.7	3.29E-11	327.983432	0.1	0.000102886	327.983432
8.6	3.75E-11	328.036504	0.1000001	0.00010195	328.036504
8.5	3.27E-11	328.061034	0.0999999	0.000101015	328.061034
8.4	3.17E-11	328.085663	0.1	0.000100077	328.085663
8.3	3.17E-11	328.110231	0.0999998	9.9143E-05	328.110231
8.2	3.07E-11	328.134811	0.1	9.8212E-05	328.134811
8.1	3.07E-11	328.159349	0.1	9.7279E-05	328.159349
8	2.94E-11	328.183864	0.0999998	9.6348E-05	328.183864
7.9	2.87E-11	328.2084	0.0999998	9.5418E-05	328.2084
7.8	2.86E-11	328.232921	0.1000001	9.4488E-05	328.232921
7.7	2.79E-11	328.257465	0.0999999	9.3559E-05	328.257465
7.6	2.73E-11	328.281975	0.0999999	9.263E-05	328.281975
7.5	2.71E-11	328.306494	0.0999999	9.1704E-05	328.306494
7.4	2.69E-11	328.331008	0.1000001	9.078E-05	328.331008
7.3	2.69E-11	328.355533	0.0999999	8.9856E-05	328.355533
7.2	2.98E-11	328.38335	0.1	8.89633E-05	328.38335
7.1	2.58E-11	328.407932	0.0999998	8.80413E-05	328.407932
7	2.54E-11	328.432542	0.1000002	8.71171E-05	328.432542
6.9	2.49E-11	328.457032	0.0999999	8.61946E-05	328.457032
6.8	2.5E-11	328.481553	0.0999999	8.52732E-05	328.481553
6.7	3.12E-11	328.545132	0.0999999	8.43613E-05	328.545132
6.6	2.58E-11	328.569686	0.0999998	8.34396E-05	328.569686
6.5	2.48E-11	328.594231	0.0999997	8.25199E-05	328.594231
6.4	2.45E-11	328.61877	0.1	8.16022E-05	328.61877
6.3	2.36E-11	328.643331	0.0999998	8.06835E-05	328.643331
6.2	2.28E-11	328.667865	0.0999999	7.97672E-05	328.667865
6.1	2.24E-11	328.692391	0.0999998	7.88508E-05	328.692391
6	2.21E-11	328.716898	0.1	7.79364E-05	328.716898
5.9	2.11E-11	328.741414	0.1	7.7021E-05	328.741414
5.8	2.12E-11	328.766023	0.0999999	7.61058E-05	328.766023
5.7	2.07E-11	328.790545	0.1	7.51923E-05	328.790545
5.6	2.02E-11	328.815102	0.1000001	7.42812E-05	328.815102
5.5	2.01E-11	328.839597	0.0999998	7.33687E-05	328.839597
5.4	1.91E-11	328.864107	0.0999998	7.24569E-05	328.864107
5.3	1.91E-11	328.888621	0.0999998	7.15466E-05	328.888621
5.2	1.92E-11	328.91317	0.0999999	7.06378E-05	328.91317
5.1	1.85E-11	328.937823	0.1000001	6.9728E-05	328.937823
5	1.81E-11	328.962332	0.1000002	6.88199E-05	328.962332
4.9	1.78E-11	328.986887	0.1000001	6.7912E-05	328.986887
4.8	2.33E-11	329.043857	0.1000002	6.70111E-05	329.043857
4.7	1.82E-11	329.068356	0.1000001	6.61038E-05	329.068356
4.6	1.73E-11	329.092951	0.1000001	6.51985E-05	329.092951
4.5	1.65E-11	329.117454	0.0999999	6.42945E-05	329.117454
4.4	1.58E-11	329.142035	0.1	6.33903E-05	329.142035
4.3	1.53E-11	329.166582	0.1	6.24862E-05	329.166582
4.2	1.49E-11	329.191107	0.0999997	6.15841E-05	329.191107
4.1	1.45E-11	329.215653	0.0999999	6.06823E-05	329.215653
4	1.38E-11	329.240216	0.0999998	5.97813E-05	329.240216
3.9	1.31E-11	329.264754	0.0999998	5.8881E-05	329.264754
3.8	1.28E-11	329.289305	0.0999998	5.7982E-05	329.289305
3.7	1.17E-11	329.31391	0.1	5.70832E-05	329.31391
3.6	1.14E-11	329.338427	0.1000001	5.61846E-05	329.338427
3.5	1.09E-11	329.362933	0.1	5.52875E-05	329.362933
3.4	1.02E-11	329.387448	0.0999999	5.43915E-05	329.387448
3.3	9.7E-12	329.411961	0.1	5.34959E-05	329.411961
3.2	8.9E-12	329.436564	0.1	5.26009E-05	329.436564
3.1	8E-12	329.461112	0.1000001	5.17063E-05	329.461112
3	7.6E-12	329.485701	0.1000001	5.08128E-05	329.485701
2.9	1.29E-11	329.541492	0.0999998	4.99249E-05	329.541492
2.8	7.5E-12	329.566041	0.0999999	4.90325E-05	329.566041
2.7	6.3E-12	329.590584	0.0999999	4.81414E-05	329.590584
2.6	5.2E-12	329.615096	0.0999998	4.72505E-05	329.615096
2.5	4.7E-12	329.639687	0.0999998	4.63603E-05	329.639687
2.4	3.6E-12	329.66423	0.1000002	4.54716E-05	329.66423
2.3	3.1E-12	329.688779	0.1000001	4.45841E-05	329.688779
2.2	1.6E-12	329.713293	0.1000001	4.36971E-05	329.713293
2.099999	3.9E-12	329.739709	0.1	4.28137E-05	329.739709
2	-3E-13	329.764329	0.1000001	4.19288E-05	329.764329
1.9	-1.3E-12	329.788938	0.1	4.10449E-05	329.788938
1.8	-2.3E-12	329.813489	0.0999999	4.01615E-05	329.813489
1.7	-3.7E-12	329.838017	0.1	3.92796E-05	329.838017
1.6	-4.5E-12	329.862537	0.0999999	3.83987E-05	329.862537
1.5	-5.9E-12	329.887009	0.0999999	3.75192E-05	329.887009
1.4	-6.8E-12	329.911567	0.0999997	3.66398E-05	329.911567
1.3	-8.4E-12	329.936165	0.0999998	3.57629E-05	329.936165
1.2	-1.03E-11	329.960692	0.1000001	3.48866E-05	329.960692
1.1	-1.15E-11	329.985312	0.0999999	3.40124E-05	329.985312
1	-6.1E-12	330.046847	0.0999998	3.31442E-05	330.046847
0.9	-1.32E-11	330.071362	0.0999999	3.22723E-05	330.071362
0.8	-1.52E-11	330.095976	0.1	3.14034E-05	330.095976
0.7	-1.74E-11	330.120488	0.1	3.05367E-05	330.120488
0.6	-1.95E-11	330.145073	0.1	2.96734E-05	330.145073
0.5	-2.19E-11	330.169576	0.1	2.88125E-05	330.169576
0.4	-2.41E-11	330.194105	0.0999999	2.7956E-05	330.194105
0.3	-2.65E-11	330.218611	0.1	2.71027E-05	330.218611
0.1999997	-2.57E-11	330.245022	0.0999999	2.62543E-05	330.245022
0.0999995	-3.11E-11	330.26956	0.1000001	2.54099E-05	330.26956
-3E-07	-3.34E-11	330.294152	0.1000001	2.45703E-05	330.294152
