#scan	iMeasureCycle=1	iMux=0	time=0.021	N=401	LocalTime=19/04/2023 14:31:37
#VGate(V)	IGate(A)	time(s)	VDrain(V)	IDrain(A)	time(s)
-1E-07	-1.629E-10	0.023921	0.1	1.36773E-06	0.023921
-0.1000005	-2.216E-10	0.0488	0.0999999	9.8578E-07	0.0488
-0.2000001	-2.652E-10	0.076086	0.0999995	6.69773E-07	0.076086
-0.300001	-1.866E-10	0.100788	0.0999995	4.19356E-07	0.100788
-0.4	-1.117E-10	0.125307	0.0999995	2.379E-07	0.125307
-0.5	-8.81E-11	0.149831	0.0999997	1.19321E-07	0.149831
-0.6	-6.32E-11	0.187734	0.0999951	5.27343E-08	0.187734
-0.700001	-7.89E-11	0.210952	0.1000044	1.91296E-08	0.210952
-0.800001	-7.71E-11	0.23425	0.100002	5.9407E-09	0.23425
-0.900001	-7.34E-11	0.257541	0.1000008	1.5924E-09	0.257541
-1.000001	-7.22E-11	0.280811	0.1000004	3.655E-10	0.280811
-1.100001	-6.93E-11	0.304184	0.1000003	6.61E-11	0.304184
-1.200001	-7.02E-11	0.327464	0.1000003	2.7E-12	0.327464
-1.300001	-7.04E-11	0.350744	0.1000002	-7.5E-12	0.350744
-1.400001	-7.16E-11	0.373948	0.1000003	-8.7E-12	0.373948
-1.500001	-7.2E-11	0.397171	0.1000003	-8.6E-12	0.397171
-1.600001	-7.17E-11	0.420382	0.1000003	-8.2E-12	0.420382
-1.7	-7E-11	0.44367	0.1000003	-8.4E-12	0.44367
-1.800001	-6.97E-11	0.466958	0.1000005	-8E-12	0.466958
-1.900001	-7.11E-11	0.490182	0.1000002	-7.7E-12	0.490182
-2.000001	-7.2E-11	0.513397	0.1000006	-7.9E-12	0.513397
-2.100001	-7.05E-11	0.536679	0.1000001	-7.6E-12	0.536679
-2.2	-4.94E-11	0.591452	0.1	-9.5E-12	0.591452
-2.3	-6.97E-11	0.614692	0.1000002	-7.5E-12	0.614692
-2.4	-6.92E-11	0.637977	0.1000002	-7.5E-12	0.637977
-2.5	-7.12E-11	0.661186	0.1000001	-7.6E-12	0.661186
-2.6	-7.19E-11	0.684449	0.1000002	-7.7E-12	0.684449
-2.7	-7.25E-11	0.707668	0.1000003	-7.2E-12	0.707668
-2.8	-7.32E-11	0.730897	0.1000003	-7.3E-12	0.730897
-2.9	-7.13E-11	0.754209	0.1	-7.8E-12	0.754209
-3	-7.41E-11	0.777412	0.1000001	-7.2E-12	0.777412
-3.1	-7.41E-11	0.800638	0.1000002	-7.7E-12	0.800638
-3.2	-7.3E-11	0.823926	0.1000001	-7.5E-12	0.823926
-3.3	-7.32E-11	0.847212	0.1000001	-7.3E-12	0.847212
-3.4	-7.52E-11	0.870408	0.1000002	-7.1E-12	0.870408
-3.5	-7.34E-11	0.893698	0.1000005	-7.5E-12	0.893698
-3.6	-7.38E-11	0.917036	0.1000003	-7.3E-12	0.917036
-3.7	-7.56E-11	0.940357	0.1000002	-7.4E-12	0.940357
-3.8	-7.62E-11	0.963574	0.1000002	-6.8E-12	0.963574
-3.9	-7.45E-11	0.986858	0.1000002	-7.2E-12	0.986858
-4	-7.67E-11	1.01008	0.1000003	-7E-12	1.01008
-4.1	-7.6E-11	1.033317	0.1000003	-6.9E-12	1.033317
-4.2	-5.6E-11	1.086858	0.1000001	-8.4E-12	1.086858
-4.3	-7.41E-11	1.110164	0.1000005	-6.8E-12	1.110164
-4.4	-7.48E-11	1.133457	0.1000003	-7.1E-12	1.133457
-4.5	-7.73E-11	1.156665	0.1000002	-6.6E-12	1.156665
-4.6	-7.76E-11	1.179918	0.1000002	-6.5E-12	1.179918
-4.7	-7.58E-11	1.203217	0.1000002	-6.9E-12	1.203217
-4.8	-7.81E-11	1.226445	0.1000005	-6.9E-12	1.226445
-4.9	-7.88E-11	1.249719	0.1000001	-6.9E-12	1.249719
-5	-7.92E-11	1.27293	0.1000004	-7E-12	1.27293
-5.1	-7.77E-11	1.296224	0.1000001	-7.1E-12	1.296224
-5.2	-7.91E-11	1.319454	0.1000001	-6.9E-12	1.319454
-5.3	-8.01E-11	1.342657	0.1000003	-6.9E-12	1.342657
-5.4	-8.03E-11	1.365865	0.1000002	-6.9E-12	1.365865
-5.5	-7.85E-11	1.389158	0.1000004	-7E-12	1.389158
-5.6	-8.03E-11	1.412366	0.1000004	-6.4E-12	1.412366
-5.7	-8E-11	1.435599	0.1000002	-6.4E-12	1.435599
-5.8	-8.03E-11	1.458831	0.1000002	-6.7E-12	1.458831
-5.9	-7.93E-11	1.482122	0.1000002	-6.9E-12	1.482122
-6	-7.96E-11	1.505412	0.1000002	-6.8E-12	1.505412
-6.1	-8.16E-11	1.528636	0.1000003	-6.6E-12	1.528636
-6.2	-6.07E-11	1.584123	0.1	-7.9E-12	1.584123
-6.3	-7.81E-11	1.607441	0.1000003	-6.5E-12	1.607441
-6.4	-8.1E-11	1.630663	0.1000002	-6.4E-12	1.630663
-6.5	-8.1E-11	1.653883	0.1000002	-6E-12	1.653883
-6.6	-7.9E-11	1.677492	0.1000002	-6.5E-12	1.677492
-6.7	-8.16E-11	1.700704	0.1000003	-6.3E-12	1.700704
-6.8	-8.2E-11	1.723933	0.1	-7E-12	1.723933
-6.9	-8.22E-11	1.747215	0.1000002	-6.7E-12	1.747215
-7	-8.09E-11	1.770512	0.1000001	-6.5E-12	1.770512
-7.1	-8.31E-11	1.793716	0.1000004	-6.6E-12	1.793716
-7.2	-8.34E-11	1.816941	0.1	-6.2E-12	1.816941
-7.3	-8.36E-11	1.840153	0.1000002	-6.3E-12	1.840153
-7.4	-8.21E-11	1.863445	0.1000002	-6.4E-12	1.863445
-7.5	-8.21E-11	1.886734	0.1000002	-6.3E-12	1.886734
-7.6	-8.41E-11	1.909946	0.1000002	-5.8E-12	1.909946
-7.7	-8.39E-11	1.933209	0.1000002	-6.1E-12	1.933209
-7.8	-8.21E-11	1.956498	0.1000002	-6.1E-12	1.956498
-7.9	-8.43E-11	1.979708	0.1000002	-6.1E-12	1.979708
-8	-8.4E-11	2.002921	0.1000003	-5.9E-12	2.002921
-8.1	-8.48E-11	2.026139	0.1000001	-6.4E-12	2.026139
-8.2	-8.33E-11	2.04942	0.1000002	-6.1E-12	2.04942
-8.3	-6.47E-11	2.089576	0.1000001	-8.1E-12	2.089576
-8.4	-8.2E-11	2.112909	0.1000002	-6.2E-12	2.112909
-8.5	-8.48E-11	2.136145	0.1000002	-6E-12	2.136145
-8.6	-8.5E-11	2.159351	0.1000002	-6.3E-12	2.159351
-8.7	-8.32E-11	2.182681	0.1000003	-6.5E-12	2.182681
-8.8	-8.32E-11	2.20598	0.1000002	-6.7E-12	2.20598
-8.9	-8.58E-11	2.22921	0.1000002	-6.1E-12	2.22921
-9	-8.58E-11	2.252511	0.1000003	-6.2E-12	2.252511
-9.1	-8.4E-11	2.275807	0.1000002	-6.5E-12	2.275807
-9.2	-8.62E-11	2.299006	0.1000003	-6E-12	2.299006
-9.3	-8.57E-11	2.322237	0.1000002	-6.1E-12	2.322237
-9.4	-8.42E-11	2.345538	0.1000003	-6.2E-12	2.345538
-9.5	-8.54E-11	2.368822	0.1000003	-6E-12	2.368822
-9.6	-8.66E-11	2.39203	0.1000003	-5.7E-12	2.39203
-9.7	-8.65E-11	2.415266	0.1000002	-5.9E-12	2.415266
-9.8	-8.49E-11	2.438567	0.1000002	-6.1E-12	2.438567
-9.9	-8.58E-11	2.461847	0.1000003	-6.3E-12	2.461847
-10	-8.63E-11	2.485087	0.1000003	-6E-12	2.485087
-9.90001	-4.6E-11	2.508373	0.0999999	-9.5E-12	2.508373
-9.80001	-4.24E-11	2.531659	0.0999998	-9.8E-12	2.531659
-9.70001	-5.79E-11	2.591116	0.1000002	-7.9E-12	2.591116
-9.60001	-3.75E-11	2.614483	0.0999999	-9.9E-12	2.614483
-9.50001	-3.56E-11	2.637698	0.0999998	-1.03E-11	2.637698
-9.40001	-3.65E-11	2.660987	0.0999998	-9.7E-12	2.660987
-9.30001	-3.31E-11	2.684241	0.1	-1.03E-11	2.684241
-9.20001	-3.19E-11	2.707453	0.0999999	-9.8E-12	2.707453
-9.10001	-3.11E-11	2.730665	0.0999998	-1E-11	2.730665
-9.00001	-3.18E-11	2.754038	0.0999999	-1E-11	2.754038
-8.90001	-2.98E-11	2.777245	0.0999998	-1.01E-11	2.777245
-8.80001	-2.9E-11	2.800454	0.0999995	-9.6E-12	2.800454
-8.70001	-2.83E-11	2.823681	0.0999999	-9.7E-12	2.823681
-8.60001	-2.94E-11	2.846964	0.1000001	-1E-11	2.846964
-8.50001	-2.73E-11	2.870182	0.0999997	-9.8E-12	2.870182
-8.40001	-2.67E-11	2.893423	0.0999997	-1.04E-11	2.893423
-8.30001	-2.6E-11	2.916638	0.1	-1.04E-11	2.916638
-8.20001	-2.56E-11	2.939911	0.0999998	-1.03E-11	2.939911
-8.10001	-2.65E-11	2.963223	0.0999999	-9.7E-12	2.963223
-8	-2.41E-11	2.986427	0.0999999	-1.03E-11	2.986427
-7.90001	-2.38E-11	3.009646	0.0999998	-1.01E-11	3.009646
-7.80001	-2.55E-11	3.033026	0.0999997	-1.02E-11	3.033026
-7.70001	-4.37E-11	3.092403	0.1	-8.8E-12	3.092403
-7.6	-2.41E-11	3.115632	0.0999998	-9.9E-12	3.115632
-7.50001	-2.38E-11	3.138865	0.0999998	-1E-11	3.138865
-7.40001	-2.44E-11	3.162155	0.0999999	-9.7E-12	3.162155
-7.30001	-2.38E-11	3.185499	0.0999999	-9.7E-12	3.185499
-7.2	-2.21E-11	3.208719	0.1	-1.03E-11	3.208719
-7.10001	-2.11E-11	3.231925	0.0999999	-1.04E-11	3.231925
-7.00001	-2.33E-11	3.255348	0.0999998	-1.06E-11	3.255348
-6.90001	-2.04E-11	3.278634	0.0999998	-1.05E-11	3.278634
-6.80001	-2.03E-11	3.301868	0.1	-1.1E-11	3.301868
-6.70001	-2.11E-11	3.325163	0.0999998	-1.04E-11	3.325163
-6.60001	-2.08E-11	3.348467	0.0999998	-1.04E-11	3.348467
-6.50001	-1.87E-11	3.371677	0.0999999	-1.08E-11	3.371677
-6.40001	-1.84E-11	3.394886	0.0999998	-1.08E-11	3.394886
-6.30001	-1.95E-11	3.418184	0.0999996	-1.03E-11	3.418184
-6.20001	-1.93E-11	3.441491	0.0999999	-1.03E-11	3.441491
-6.10001	-1.74E-11	3.464694	0.0999998	-1.09E-11	3.464694
-6.00001	-1.69E-11	3.48791	0.0999996	-1.08E-11	3.48791
-5.90001	-1.82E-11	3.511191	0.0999998	-1.07E-11	3.511191
-5.80001	-1.62E-11	3.534411	0.1	-1.07E-11	3.534411
-5.70001	-3.63E-11	3.583095	0.1	-9.1E-12	3.583095
-5.60001	-1.68E-11	3.615633	0.0999997	-1.06E-11	3.615633
-5.50001	-1.87E-11	3.638954	0.1	-1.07E-11	3.638954
-5.40001	-1.59E-11	3.662202	0.0999998	-1.1E-11	3.662202
-5.30001	-1.64E-11	3.685517	0.0999999	-1.08E-11	3.685517
-5.20001	-1.39E-11	3.708782	0.0999998	-1.15E-11	3.708782
-5.1	-1.36E-11	3.732002	0.0999999	-1.09E-11	3.732002
-5.00001	-1.28E-11	3.755293	0.0999998	-1.11E-11	3.755293
-4.90001	-1.41E-11	3.778581	0.0999998	-1.09E-11	3.778581
-4.80001	-1.22E-11	3.801785	0.0999998	-1.13E-11	3.801785
-4.7	-1.21E-11	3.825031	0.0999998	-1.12E-11	3.825031
-4.60001	-1.12E-11	3.848252	0.0999997	-1.17E-11	3.848252
-4.50001	-1.24E-11	3.871538	0.1	-1.17E-11	3.871538
-4.40001	-1.26E-11	3.894825	0.0999998	-1.14E-11	3.894825
-4.3	-9.7E-12	3.918028	0.1000001	-1.15E-11	3.918028
-4.20001	-1.14E-11	3.941459	0.1	-1.14E-11	3.941459
-4.10001	-1.04E-11	3.964744	0.1	-1.13E-11	3.964744
-4.00001	-8E-12	3.987951	0.0999998	-1.19E-11	3.987951
-3.90001	-8.1E-12	4.011164	0.1	-1.17E-11	4.011164
-3.80001	-9E-12	4.034464	0.0999999	-1.1E-11	4.034464
-3.70001	-2.82E-11	4.082456	0.0999999	-9.8E-12	4.082456
-3.60001	-9.9E-12	4.105814	0.0999998	-1.13E-11	4.105814
-3.50001	-7.8E-12	4.129136	0.0999997	-1.17E-11	4.129136
-3.40001	-6.7E-12	4.152355	0.0999998	-1.19E-11	4.152355
-3.30001	-7.1E-12	4.175649	0.0999998	-1.19E-11	4.175649
-3.20001	-6.7E-12	4.198981	0.0999996	-1.16E-11	4.198981
-3.10001	-4.3E-12	4.222204	0.0999999	-1.2E-11	4.222204
-3.00001	-3.7E-12	4.245587	0.0999998	-1.19E-11	4.245587
-2.90001	-4.8E-12	4.268938	0.0999998	-1.18E-11	4.268938
-2.80001	-2.5E-12	4.292157	0.0999999	-1.21E-11	4.292157
-2.70001	-1.3E-12	4.315366	0.0999999	-1.22E-11	4.315366
-2.60001	-2.4E-12	4.338655	0.0999998	-1.22E-11	4.338655
-2.50001	-1.9E-12	4.361946	0.0999997	-1.26E-11	4.361946
-2.40001	1E-13	4.385166	0.0999997	-1.23E-11	4.385166
-2.30001	1.3E-12	4.408381	0.0999997	-1.28E-11	4.408381
-2.20001	2.1E-12	4.431606	0.0999997	-1.29E-11	4.431606
-2.099999	-1.42E-11	4.456796	0.1000001	-1.15E-11	4.456796
-2	1.5E-12	4.480087	0.0999999	-1.25E-11	4.480087
-1.9	4.2E-12	4.503284	0.0999998	-1.28E-11	4.503284
-1.8	3.1E-12	4.526577	0.1	-1.3E-11	4.526577
-1.699999	4.5E-12	4.549864	0.0999998	-1.27E-11	4.549864
-1.600001	-1.44E-11	4.598027	0.1000002	-1.14E-11	4.598027
-1.5	5.8E-12	4.621311	0.0999998	-1.3E-11	4.621311
-1.4	4.8E-12	4.644654	0.1	-1.2E-11	4.644654
-1.3	7.3E-12	4.667937	0.0999999	-7.8E-12	4.667937
-1.2	8.9E-12	4.691258	0.1000001	2.02E-11	4.691258
-1.1	1.21E-11	4.714461	0.0999999	1.654E-10	4.714461
-1	1.31E-11	4.737682	0.1000002	7.728E-10	4.737682
-0.9	1.29E-11	4.76104	0.1000011	2.9989E-09	4.76104
-0.8	1.39E-11	4.784327	0.100004	1.0094E-08	4.784327
-0.7	1.55E-11	4.807668	0.1000078	2.92182E-08	4.807668
-0.599999	1.67E-11	4.830952	0.1000101	7.22322E-08	4.830952
-0.500001	-1.3E-12	4.870452	0.1000002	1.49682E-07	4.870452
-0.4	5.3E-12	4.894958	0.1000007	2.85035E-07	4.894958
-0.3	6.8E-12	4.91948	0.1000008	4.8095E-07	4.91948
-0.1999998	5.1E-12	4.946021	0.1000009	7.40231E-07	4.946021
-0.1000003	5E-12	4.980535	0.1	1.05951E-06	4.980535
4E-07	1.12E-11	5.005015	0.1	1.44536E-06	5.005015
0.1000003	1.33E-11	5.0295	0.1	1.88014E-06	5.0295
0.2000002	1.56E-11	5.053993	0.1	2.35856E-06	5.053993
0.299999	1.11E-11	5.106272	0.0999998	2.86074E-06	5.106272
0.4	1.81E-11	5.130796	0.1000002	3.40909E-06	5.130796
0.5	2.05E-11	5.155309	0.1000003	3.97765E-06	5.155309
0.6	2.26E-11	5.179822	0.1000002	4.5651E-06	5.179822
0.7	2.46E-11	5.204376	0.1000001	5.16902E-06	5.204376
0.799999	2.65E-11	5.228924	0.1	5.78755E-06	5.228924
0.9	2.84E-11	5.253507	0.1000002	6.4199E-06	5.253507
0.999999	3.04E-11	5.27808	0.1	7.06353E-06	5.27808
1.1	3.22E-11	5.30258	0.1000002	7.71694E-06	5.30258
1.2	3.37E-11	5.327098	0.1000001	8.37916E-06	5.327098
1.3	3.52E-11	5.351609	0.1	9.04875E-06	5.351609
1.4	3.64E-11	5.376132	0.1000001	9.72428E-06	5.376132
1.5	3.8E-11	5.400631	0.1000001	1.040521E-05	5.400631
1.599999	3.38E-11	5.435248	0.1000002	1.10797E-05	5.435248
1.699999	3.93E-11	5.459845	0.1000001	1.17715E-05	5.459845
1.8	4.02E-11	5.484348	0.1000002	1.2465E-05	5.484348
1.899999	4.12E-11	5.508847	0.1000003	1.31613E-05	5.508847
1.999999	4.16E-11	5.533354	0.1000002	1.38596E-05	5.533354
2.1	4.27E-11	5.557862	0.1	1.45605E-05	5.557862
2.19999	3.75E-11	5.6008	0.1	1.52528E-05	5.6008
2.29999	4.25E-11	5.625347	0.1000001	1.59601E-05	5.625347
2.39999	4.35E-11	5.649862	0.1	1.6668E-05	5.649862
2.49999	4.42E-11	5.674388	0.1000002	1.73772E-05	5.674388
2.59999	4.5E-11	5.698947	0.1000001	1.80881E-05	5.698947
2.69999	4.57E-11	5.723522	0.1000001	1.87998E-05	5.723522
2.79999	4.61E-11	5.748122	0.1	1.95137E-05	5.748122
2.89999	4.66E-11	5.772664	0.1	2.02286E-05	5.772664
2.99999	4.72E-11	5.797168	0.1000002	2.09451E-05	5.797168
3.09999	4.74E-11	5.821663	0.1000002	2.16634E-05	5.821663
3.19999	4.79E-11	5.846163	0.1000002	2.23832E-05	5.846163
3.29999	4.84E-11	5.870667	0.1000001	2.31044E-05	5.870667
3.39999	4.82E-11	5.895176	0.1	2.38274E-05	5.895176
3.49999	4.88E-11	5.919682	0.1000001	2.45514E-05	5.919682
3.59999	4.88E-11	5.944284	0.1	2.52769E-05	5.944284
3.69999	4.95E-11	5.968792	0.0999998	2.60043E-05	5.968792
3.79999	5.01E-11	5.993305	0.1000002	2.67322E-05	5.993305
3.89999	5E-11	6.017807	0.1000002	2.74622E-05	6.017807
3.99999	5.01E-11	6.042343	0.1	2.81942E-05	6.042343
4.09999	4.42E-11	6.099424	0.1000001	2.89158E-05	6.099424
4.19999	4.87E-11	6.123949	0.1	2.96534E-05	6.123949
4.29999	4.95E-11	6.1485	0.1000002	3.03907E-05	6.1485
4.39999	5.01E-11	6.173016	0.1000002	3.11285E-05	6.173016
4.49999	4.98E-11	6.197596	0.1000001	3.18677E-05	6.197596
4.59999	5.04E-11	6.222134	0.1000001	3.26079E-05	6.222134
4.69999	5.06E-11	6.246732	0.0999999	3.33497E-05	6.246732
4.79999	5.15E-11	6.271222	0.1000002	3.40931E-05	6.271222
4.89999	5.15E-11	6.295765	0.1	3.48373E-05	6.295765
4.99999	5.15E-11	6.320303	0.1000003	3.55836E-05	6.320303
5.09999	5.24E-11	6.344838	0.0999999	3.63315E-05	6.344838
5.19999	5.27E-11	6.369418	0.1000002	3.70799E-05	6.369418
5.29999	5.24E-11	6.393923	0.1000002	3.78305E-05	6.393923
5.39999	5.28E-11	6.418576	0.1000001	3.85815E-05	6.418576
5.49999	5.32E-11	6.443119	0.1	3.93349E-05	6.443119
5.59999	5.33E-11	6.467658	0.0999999	4.00901E-05	6.467658
5.69999	5.33E-11	6.492189	0.1000001	4.08457E-05	6.492189
5.79999	5.35E-11	6.516735	0.1	4.16032E-05	6.516735
5.89999	5.42E-11	6.541241	0.0999999	4.23624E-05	6.541241
5.99999	4.59E-11	6.603284	0.1000001	4.31079E-05	6.603284
6.09999	5.14E-11	6.627878	0.0999999	4.38735E-05	6.627878
6.19999	5.3E-11	6.652395	0.1	4.46386E-05	6.652395
6.29999	5.3E-11	6.676928	0.1000002	4.54053E-05	6.676928
6.39999	5.36E-11	6.701484	0.1000002	4.61719E-05	6.701484
6.49999	5.36E-11	6.726045	0.1	4.69392E-05	6.726045
6.59999	5.43E-11	6.750644	0.1	4.77087E-05	6.750644
6.69999	5.41E-11	6.775204	0.0999999	4.84793E-05	6.775204
6.79999	5.45E-11	6.799747	0.1000002	4.92516E-05	6.799747
6.89999	5.52E-11	6.824249	0.1000001	5.0025E-05	6.824249
6.99999	5.45E-11	6.848753	0.0999999	5.07993E-05	6.848753
7.09999	5.46E-11	6.873281	0.1000001	5.1576E-05	6.873281
7.19999	5.5E-11	6.897819	0.0999998	5.23528E-05	6.897819
7.29999	5.53E-11	6.922359	0.1000002	5.31319E-05	6.922359
7.39999	5.53E-11	6.947037	0.1000001	5.39124E-05	6.947037
7.49999	5.6E-11	6.971563	0.0999999	5.46947E-05	6.971563
7.59999	5.62E-11	6.996118	0.1	5.54779E-05	6.996118
7.69999	5.62E-11	7.020636	0.1000001	5.62621E-05	7.020636
7.79999	5.59E-11	7.04517	0.1	5.70483E-05	7.04517
7.89999	4.98E-11	7.106828	0.1	5.78249E-05	7.106828
7.99999	5.43E-11	7.131359	0.1000003	5.86168E-05	7.131359
8.09999	5.49E-11	7.155875	0.1000002	5.9408E-05	7.155875
8.19999	5.52E-11	7.180413	0.1	6.02003E-05	7.180413
8.29999	5.58E-11	7.205	0.1	6.0995E-05	7.205
8.39999	5.57E-11	7.22952	0.1	6.17899E-05	7.22952
8.49999	5.63E-11	7.254121	0.0999999	6.25873E-05	7.254121
8.59999	5.58E-11	7.278793	0.0999999	6.33852E-05	7.278793
8.69999	5.68E-11	7.303324	0.1000001	6.41836E-05	7.303324
8.79999	5.67E-11	7.327834	0.1000001	6.49838E-05	7.327834
8.89999	5.7E-11	7.352354	0.1	6.57852E-05	7.352354
8.99999	5.69E-11	7.37687	0.0999999	6.65897E-05	7.37687
9.09999	5.73E-11	7.401429	0.0999998	6.73943E-05	7.401429
9.19999	5.75E-11	7.425943	0.1	6.81995E-05	7.425943
9.29999	5.82E-11	7.4505	0.1000001	6.90041E-05	7.4505
9.39999	5.78E-11	7.475051	0.0999999	6.98159E-05	7.475051
9.49999	5.82E-11	7.499579	0.1000002	7.0627E-05	7.499579
9.59999	5.82E-11	7.52409	0.1000002	7.1439E-05	7.52409
9.69999	5.81E-11	7.548598	0.1	7.22526E-05	7.548598
9.79999	5.21E-11	7.603853	0.1	7.30607E-05	7.603853
9.89999	5.71E-11	7.628398	0.1	7.38797E-05	7.628398
9.99999	5.79E-11	7.652922	0.1000002	7.46977E-05	7.652922
9.9	4.46E-11	7.677435	0.0999998	7.38647E-05	7.677435
9.8	4.14E-11	7.702004	0.1000001	7.30377E-05	7.702004
9.7	3.89E-11	7.726514	0.1	7.22122E-05	7.726514
9.6	3.72E-11	7.751075	0.1000001	7.13903E-05	7.751075
9.5	3.62E-11	7.77562	0.0999999	7.05706E-05	7.77562
9.4	3.47E-11	7.800138	0.1	6.9751E-05	7.800138
9.3	3.4E-11	7.824668	0.1000001	6.89337E-05	7.824668
9.2	3.33E-11	7.849212	0.1000003	6.81183E-05	7.849212
9.1	3.2E-11	7.873733	0.1	6.73042E-05	7.873733
9	3.07E-11	7.89824	0.0999999	6.64925E-05	7.89824
8.9	3E-11	7.922744	0.0999996	6.56844E-05	7.922744
8.8	2.95E-11	7.947328	0.1000001	6.4873E-05	7.947328
8.7	2.9E-11	7.971847	0.0999998	6.40643E-05	7.971847
8.6	2.81E-11	7.996363	0.1000001	6.32565E-05	7.996363
8.5	2.79E-11	8.020904	0.1000001	6.24503E-05	8.020904
8.4	2.71E-11	8.045391	0.1	6.16451E-05	8.045391
8.30001	3.43E-11	8.10397	0.1	6.08469E-05	8.10397
8.2	2.83E-11	8.128528	0.0999998	6.00436E-05	8.128528
8.1	2.73E-11	8.153049	0.0999997	5.9243E-05	8.153049
8	2.62E-11	8.177566	0.0999999	5.84438E-05	8.177566
7.9	2.55E-11	8.202163	0.0999999	5.76468E-05	8.202163
7.8	2.49E-11	8.226662	0.1	5.68504E-05	8.226662
7.7	2.48E-11	8.251232	0.0999999	5.60572E-05	8.251232
7.6	2.43E-11	8.275804	0.0999999	5.52638E-05	8.275804
7.5	2.4E-11	8.300325	0.1000001	5.44717E-05	8.300325
7.4	2.32E-11	8.324834	0.0999999	5.36817E-05	8.324834
7.3	2.3E-11	8.349342	0.0999999	5.28935E-05	8.349342
7.2	2.24E-11	8.373863	0.0999999	5.21067E-05	8.373863
7.1	2.18E-11	8.398388	0.0999998	5.13204E-05	8.398388
7	2.17E-11	8.422932	0.0999998	5.05352E-05	8.422932
6.9	2.12E-11	8.447456	0.1	4.97535E-05	8.447456
6.8	2.07E-11	8.471971	0.0999999	4.89714E-05	8.471971
6.7	2.03E-11	8.496485	0.1	4.81911E-05	8.496485
6.6	1.99E-11	8.521047	0.1	4.74123E-05	8.521047
6.5	1.96E-11	8.545554	0.1	4.66355E-05	8.545554
6.4	2.69E-11	8.60479	0.1	4.58653E-05	8.60479
6.3	2.15E-11	8.629427	0.1000002	4.50896E-05	8.629427
6.2	1.95E-11	8.653953	0.0999999	4.43157E-05	8.653953
6.1	1.94E-11	8.678473	0.0999999	4.35429E-05	8.678473
6	1.89E-11	8.70304	0.0999998	4.27732E-05	8.70304
5.9	1.86E-11	8.727588	0.0999999	4.20037E-05	8.727588
5.8	1.8E-11	8.752088	0.1000001	4.12358E-05	8.752088
5.7	1.71E-11	8.776644	0.1000001	4.04698E-05	8.776644
5.6	1.65E-11	8.801167	0.1000001	3.97049E-05	8.801167
5.5	1.6E-11	8.82571	0.1	3.89412E-05	8.82571
5.4	1.61E-11	8.85027	0.1000001	3.81789E-05	8.85027
5.3	1.58E-11	8.874787	0.1000003	3.74187E-05	8.874787
5.2	1.48E-11	8.89933	0.1	3.66598E-05	8.89933
5.1	1.43E-11	8.92383	0.0999998	3.59019E-05	8.92383
5	1.38E-11	8.948467	0.0999999	3.51455E-05	8.948467
4.9	1.32E-11	8.97298	0.0999998	3.43905E-05	8.97298
4.8	1.29E-11	8.997587	0.0999998	3.36378E-05	8.997587
4.7	1.28E-11	9.022089	0.1000001	3.28863E-05	9.022089
4.6	1.21E-11	9.04661	0.0999998	3.21361E-05	9.04661
4.5	1.86E-11	9.094903	0.1	3.13919E-05	9.094903
4.4	1.33E-11	9.119529	0.0999999	3.06441E-05	9.119529
4.3	1.2E-11	9.144048	0.0999998	2.98975E-05	9.144048
4.2	1.11E-11	9.168569	0.0999999	2.91535E-05	9.168569
4.1	1.43E-11	9.195847	0.1	2.84109E-05	9.195847
4	9.7E-12	9.220361	0.0999998	2.76694E-05	9.220361
3.9	9.8E-12	9.24492	0.1	2.693E-05	9.24492
3.8	9E-12	9.269531	0.1000001	2.6192E-05	9.269531
3.7	8.5E-12	9.294092	0.0999998	2.54559E-05	9.294092
3.6	7.5E-12	9.318624	0.0999997	2.47212E-05	9.318624
3.5	6.5E-12	9.343124	0.0999998	2.39885E-05	9.343124
3.4	5.7E-12	9.367642	0.0999999	2.32573E-05	9.367642
3.3	5.4E-12	9.392145	0.1000001	2.25279E-05	9.392145
3.2	4.6E-12	9.416668	0.1	2.18002E-05	9.416668
3.1	3.9E-12	9.441158	0.1	2.10746E-05	9.441158
3	3.6E-12	9.465682	0.0999998	2.03504E-05	9.465682
2.9	2.5E-12	9.490226	0.0999998	1.9628E-05	9.490226
2.8	2.1E-12	9.514742	0.0999999	1.89082E-05	9.514742
2.7	1.2E-12	9.539245	0.1000001	1.81902E-05	9.539245
2.6	7E-13	9.563791	0.1	1.74744E-05	9.563791
2.5	6E-12	9.614463	0.1000001	1.67655E-05	9.614463
2.4	5E-13	9.638991	0.1	1.60529E-05	9.638991
2.3	-7E-13	9.663535	0.1	1.53433E-05	9.663535
2.2	-1.6E-12	9.68806	0.1000001	1.46366E-05	9.68806
2.099999	6E-13	9.714537	0.1	1.39363E-05	9.714537
2	-4.1E-12	9.739081	0.0999998	1.32357E-05	9.739081
1.9	-4.9E-12	9.763688	0.1	1.25384E-05	9.763688
1.8	-6.1E-12	9.788311	0.0999999	1.18448E-05	9.788311
1.7	-7.7E-12	9.812841	0.0999998	1.11553E-05	9.812841
1.6	-8.6E-12	9.837385	0.0999999	1.04697E-05	9.837385
1.5	-9.9E-12	9.861907	0.0999999	9.7903E-06	9.861907
1.4	-1.15E-11	9.886413	0.0999998	9.1162E-06	9.886413
1.3	-9.7E-12	9.913555	0.1000001	8.45364E-06	9.913555
1.2	-1.41E-11	9.938073	0.1	7.79353E-06	9.938073
1.1	-1.57E-11	9.96263	0.1000001	7.14358E-06	9.96263
1	-1.72E-11	9.987147	0.0999999	6.50392E-06	9.987147
0.9	-1.9E-11	10.011657	0.1000001	5.87663E-06	10.011657
0.8	-2.08E-11	10.03617	0.0999999	5.26388E-06	10.03617
0.7	-2.27E-11	10.060665	0.0999998	4.66601E-06	10.060665
0.6	-1.84E-11	10.11545	0.0999998	4.09193E-06	10.11545
0.5	-2.53E-11	10.139975	0.1000003	3.52809E-06	10.139975
0.4	-2.81E-11	10.164498	0.0999999	2.98894E-06	10.164498
0.3	-3.03E-11	10.189105	0.0999997	2.47784E-06	10.189105
0.1999998	-2.97E-11	10.215569	0.0999999	2.00162E-06	10.215569
0.0999997	-3.49E-11	10.240056	0.0999999	1.56266E-06	10.240056
-6E-07	-3.77E-11	10.264644	0.1000001	1.1709E-06	10.264644
#scan	iMeasureCycle=2	iMux=0	time=279.832	N=401	LocalTime=19/04/2023 14:36:17
#VGate(V)	IGate(A)	time(s)	VDrain(V)	IDrain(A)	time(s)
-2E-07	-1.59E-11	279.83947	0.0999998	1.27E-06	279.83947
-0.1000002	-2.43E-11	279.864422	0.0999999	9.0637E-07	279.864422
-0.2	-2.42E-11	279.892787	0.0999997	6.08329E-07	279.892787
-0.3	-3.14E-11	279.917499	0.0999995	3.74903E-07	279.917499
-0.4	-3.4E-11	279.941986	0.0999996	2.08405E-07	279.941986
-0.5	-3.7E-11	279.966491	0.0999997	1.02005E-07	279.966491
-0.6	-3.32E-11	280.004235	0.0999953	4.37489E-08	280.004235
-0.700001	-5.48E-11	280.02744	0.100004	1.53315E-08	280.02744
-0.800001	-5.7E-11	280.050705	0.1000017	4.6434E-09	280.050705
-0.900001	-5.85E-11	280.073913	0.1000008	1.2171E-09	280.073913
-1.000001	-5.84E-11	280.097185	0.1000004	2.723E-10	280.097185
-1.100001	-6.09E-11	280.120509	0.1000003	4.57E-11	280.120509
-1.200001	-6.09E-11	280.1438	0.1000002	-2E-13	280.1438
-1.300001	-6.23E-11	280.167072	0.1000003	-7.2E-12	280.167072
-1.400001	-6.3E-11	280.190363	0.1000003	-8.4E-12	280.190363
-1.500001	-6.55E-11	280.213576	0.1000001	-8.3E-12	280.213576
-1.600001	-6.62E-11	280.236789	0.1000004	-8.1E-12	280.236789
-1.700001	-6.51E-11	280.260066	0.1000003	-7.9E-12	280.260066
-1.800001	-6.61E-11	280.283342	0.1000002	-8.1E-12	280.283342
-1.900001	-6.8E-11	280.306583	0.1000003	-7.8E-12	280.306583
-2.000001	-6.89E-11	280.329803	0.1000003	-7.5E-12	280.329803
-2.100001	-6.73E-11	280.353174	0.1000002	-8.5E-12	280.353174
-2.2	-4.75E-11	280.406904	0.1000001	-9.6E-12	280.406904
-2.3	-6.74E-11	280.430134	0.1000002	-8.1E-12	280.430134
-2.4	-6.72E-11	280.453433	0.1000003	-8.1E-12	280.453433
-2.5	-6.97E-11	280.476644	0.1000002	-7.6E-12	280.476644
-2.6	-7.05E-11	280.499913	0.1000002	-7.7E-12	280.499913
-2.7	-7.15E-11	280.523141	0.1000003	-7.7E-12	280.523141
-2.8	-7.01E-11	280.546432	0.1000001	-7.7E-12	280.546432
-2.9	-7.03E-11	280.569711	0.1000002	-7.9E-12	280.569711
-3	-7.09E-11	280.593004	0.1000002	-7.7E-12	280.593004
-3.1	-7.31E-11	280.616214	0.1000002	-7.2E-12	280.616214
-3.2	-7.2E-11	280.639497	0.1000003	-7.5E-12	280.639497
-3.3	-7.39E-11	280.662698	0.1000002	-7.5E-12	280.662698
-3.4	-7.46E-11	280.685907	0.1000002	-7.2E-12	280.685907
-3.5	-7.45E-11	280.709117	0.1000003	-7.6E-12	280.709117
-3.6	-7.31E-11	280.732452	0.1000002	-7.5E-12	280.732452
-3.7	-7.53E-11	280.755666	0.1000002	-7.5E-12	280.755666
-3.8	-7.38E-11	280.77896	0.1000001	-7.3E-12	280.77896
-3.9	-7.6E-11	280.802186	0.1000002	-6.6E-12	280.802186
-4	-7.47E-11	280.825476	0.1000002	-7E-12	280.825476
-4.1	-7.56E-11	280.848791	0.1000003	-6.9E-12	280.848791
-4.2	-5.5E-11	280.902301	0.0999999	-8.8E-12	280.902301
-4.3	-7.35E-11	280.925607	0.1000002	-7.1E-12	280.925607
-4.4	-7.59E-11	280.948844	0.1000003	-7.1E-12	280.948844
-4.5	-7.66E-11	280.972061	0.1000001	-6.5E-12	280.972061
-4.6	-7.68E-11	280.995338	0.1000002	-6.8E-12	280.995338
-4.7	-7.59E-11	281.018623	0.1000002	-7.2E-12	281.018623
-4.8	-7.62E-11	281.041927	0.1000003	-6.7E-12	281.041927
-4.9	-7.88E-11	281.065199	0.1000001	-7E-12	281.065199
-5	-7.67E-11	281.088491	0.1000002	-7.4E-12	281.088491
-5.1	-7.7E-11	281.111781	0.1000003	-7.1E-12	281.111781
-5.2	-7.92E-11	281.135001	0.1000002	-6.8E-12	281.135001
-5.3	-7.96E-11	281.158218	0.1000004	-6.2E-12	281.158218
-5.4	-7.96E-11	281.181428	0.1000004	-5.9E-12	281.181428
-5.5	-7.79E-11	281.20472	0.1000002	-6.2E-12	281.20472
-5.6	-8.02E-11	281.227928	0.1000003	-6.8E-12	281.227928
-5.7	-8.01E-11	281.25115	0.1000002	-7.1E-12	281.25115
-5.8	-8.06E-11	281.274362	0.1000003	-7E-12	281.274362
-5.9	-7.93E-11	281.297662	0.1000003	-7.1E-12	281.297662
-6	-8.1E-11	281.320902	0.1000003	-7.1E-12	281.320902
-6.1	-8.09E-11	281.344146	0.1000003	-6.5E-12	281.344146
-6.2	-6.05E-11	281.399636	0.0999999	-8.5E-12	281.399636
-6.3	-7.8E-11	281.422943	0.1000003	-7.3E-12	281.422943
-6.4	-8.03E-11	281.44619	0.1000002	-7E-12	281.44619
-6.5	-8.02E-11	281.469448	0.1000002	-6.7E-12	281.469448
-6.6	-8.13E-11	281.492715	0.1000002	-6.6E-12	281.492715
-6.7	-7.99E-11	281.516002	0.1000003	-6.6E-12	281.516002
-6.8	-8.22E-11	281.539209	0.1000002	-6.7E-12	281.539209
-6.9	-8.18E-11	281.562427	0.1000002	-6.8E-12	281.562427
-7	-8.06E-11	281.585718	0.1000003	-7E-12	281.585718
-7.1	-8.12E-11	281.609004	0.1000003	-6.3E-12	281.609004
-7.2	-8.3E-11	281.632225	0.1000003	-6.4E-12	281.632225
-7.3	-8.15E-11	281.655521	0.1000002	-6.8E-12	281.655521
-7.4	-8.19E-11	281.678805	0.1000002	-6.7E-12	281.678805
-7.5	-8.16E-11	281.702091	0.1000003	-6.6E-12	281.702091
-7.6	-8.35E-11	281.725331	0.1000004	-6.4E-12	281.725331
-7.7	-8.41E-11	281.748558	0.1000004	-6.8E-12	281.748558
-7.8	-8.36E-11	281.771781	0.1000004	-6.4E-12	281.771781
-7.9	-8.27E-11	281.7951	0.1000002	-6.5E-12	281.7951
-8	-8.45E-11	281.818315	0.1000004	-6.1E-12	281.818315
-8.1	-8.48E-11	281.841536	0.1000003	-6.3E-12	281.841536
-8.2	-8.32E-11	281.864916	0.1000001	-6.7E-12	281.864916
-8.3	-6.42E-11	281.905134	0.1000001	-8.3E-12	281.905134
-8.4	-8.17E-11	281.928454	0.1000003	-6.6E-12	281.928454
-8.5	-8.46E-11	281.951683	0.1000002	-6.6E-12	281.951683
-8.6	-8.28E-11	281.97505	0.1000004	-6.4E-12	281.97505
-8.7	-8.28E-11	281.998406	0.1000002	-6.4E-12	281.998406
-8.8	-8.35E-11	282.021695	0.1000002	-6.2E-12	282.021695
-8.9	-8.57E-11	282.044908	0.1000004	-5.9E-12	282.044908
-9	-8.47E-11	282.068242	0.1000003	-6.3E-12	282.068242
-9.1	-8.65E-11	282.091451	0.1000002	-6.1E-12	282.091451
-9.2	-8.61E-11	282.114768	0.1000003	-6.1E-12	282.114768
-9.3	-8.43E-11	282.138072	0.1000002	-6.1E-12	282.138072
-9.4	-8.43E-11	282.161365	0.1000002	-5.9E-12	282.161365
-9.5	-8.66E-11	282.184585	0.1000003	-6.2E-12	282.184585
-9.6	-8.52E-11	282.207868	0.1000001	-6.2E-12	282.207868
-9.7	-8.55E-11	282.23116	0.1000003	-6E-12	282.23116
-9.8	-8.54E-11	282.254455	0.1000004	-6.1E-12	282.254455
-9.9	-8.79E-11	282.277664	0.1000002	-5.9E-12	282.277664
-10	-8.69E-11	282.300904	0.1000003	-6.6E-12	282.300904
-9.90001	-4.61E-11	282.324192	0.0999998	-9.4E-12	282.324192
-9.80001	-4.36E-11	282.347502	0.0999999	-9.4E-12	282.347502
-9.70001	-5.71E-11	282.406732	0.1	-7.9E-12	282.406732
-9.60001	-3.69E-11	282.430048	0.0999999	-9.7E-12	282.430048
-9.50001	-3.7E-11	282.453348	0.0999999	-9.3E-12	282.453348
-9.40001	-3.61E-11	282.476681	0.0999999	-9.8E-12	282.476681
-9.30001	-3.28E-11	282.499943	0.0999997	-9.9E-12	282.499943
-9.20001	-3.36E-11	282.523247	0.1	-9.7E-12	282.523247
-9.10001	-3.21E-11	282.546543	0.0999999	-9.6E-12	282.546543
-9.00001	-3.15E-11	282.569827	0.0999998	-9.6E-12	282.569827
-8.90001	-2.85E-11	282.593026	0.0999998	-9.9E-12	282.593026
-8.80001	-3.04E-11	282.616355	0.1	-9.5E-12	282.616355
-8.70001	-3.06E-11	282.639702	0.0999998	-9.7E-12	282.639702
-8.60001	-2.68E-11	282.662921	0.0999998	-1E-11	282.662921
-8.50001	-2.62E-11	282.686122	0.0999999	-9.8E-12	282.686122
-8.40001	-2.72E-11	282.709415	0.0999999	-9.9E-12	282.709415
-8.30001	-2.59E-11	282.732652	0.0999999	-1E-11	282.732652
-8.20001	-2.5E-11	282.755916	0.0999998	-1.04E-11	282.755916
-8.10001	-2.46E-11	282.779153	0.0999997	-1.05E-11	282.779153
-8.00001	-2.54E-11	282.802466	0.0999998	-1.01E-11	282.802466
-7.90001	-2.57E-11	282.825748	0.0999998	-1.01E-11	282.825748
-7.80001	-2.37E-11	282.84899	0.0999998	-9.9E-12	282.84899
-7.70001	-4.36E-11	282.908158	0.1000001	-8.5E-12	282.908158
-7.6	-2.39E-11	282.931398	0.0999997	-1.09E-11	282.931398
-7.50001	-2.46E-11	282.954701	0.0999999	-1.04E-11	282.954701
-7.40001	-2.39E-11	282.977985	0.1	-1E-11	282.977985
-7.30001	-2.12E-11	283.00124	0.0999997	-1.08E-11	283.00124
-7.2	-2.07E-11	283.02445	0.0999997	-1.06E-11	283.02445
-7.10001	-2.2E-11	283.047746	0.0999996	-1.05E-11	283.047746
-7.00001	-1.97E-11	283.070954	0.0999999	-1.05E-11	283.070954
-6.90001	-1.97E-11	283.094229	0.0999998	-1.08E-11	283.094229
-6.80001	-2.08E-11	283.117523	0.0999999	-1.05E-11	283.117523
-6.70001	-2.18E-11	283.140864	0.0999998	-1.08E-11	283.140864
-6.60001	-1.91E-11	283.164088	0.0999998	-1.06E-11	283.164088
-6.50001	-2.01E-11	283.187381	0.0999999	-1.07E-11	283.187381
-6.40001	-1.95E-11	283.210657	0.0999998	-1.04E-11	283.210657
-6.30001	-1.9E-11	283.233943	0.0999997	-1.06E-11	283.233943
-6.20001	-1.7E-11	283.257162	0.1	-1.1E-11	283.257162
-6.10001	-1.65E-11	283.280378	0.0999999	-1.09E-11	283.280378
-6.00001	-1.77E-11	283.303685	0.1	-1.05E-11	283.303685
-5.90001	-1.84E-11	283.327035	0.0999998	-1.04E-11	283.327035
-5.80001	-1.6E-11	283.350272	0.1000001	-1.12E-11	283.350272
-5.70001	-3.61E-11	283.409294	0.1	-9.2E-12	283.409294
-5.60001	-1.66E-11	283.432567	0.0999999	-1.11E-11	283.432567
-5.50001	-1.73E-11	283.455871	0.0999998	-1.09E-11	283.455871
-5.40001	-1.72E-11	283.479159	0.0999999	-1.12E-11	283.479159
-5.30001	-1.5E-11	283.502462	0.0999999	-1.12E-11	283.502462
-5.20001	-1.55E-11	283.525753	0.0999997	-1.12E-11	283.525753
-5.1	-1.5E-11	283.549046	0.0999998	-1.09E-11	283.549046
-5.00001	-1.26E-11	283.572252	0.1	-1.15E-11	283.572252
-4.90001	-1.2E-11	283.59546	0.0999998	-1.12E-11	283.59546
-4.80001	-1.18E-11	283.618671	0.0999999	-1.15E-11	283.618671
-4.7	-1.4E-11	283.641998	0.0999998	-1.08E-11	283.641998
-4.60001	-1.09E-11	283.665209	0.0999997	-1.14E-11	283.665209
-4.50001	-1.03E-11	283.688424	0.0999999	-1.19E-11	283.688424
-4.40001	-9.7E-12	283.711637	0.0999999	-1.2E-11	283.711637
-4.3	-1.1E-11	283.734927	0.0999998	-1.14E-11	283.734927
-4.20001	-9E-12	283.758282	0.0999998	-1.14E-11	283.758282
-4.10001	-8.1E-12	283.781495	0.0999997	-1.21E-11	283.781495
-4.00001	-8.5E-12	283.804757	0.0999997	-1.18E-11	283.804757
-3.90001	-9.3E-12	283.828052	0.1	-1.19E-11	283.828052
-3.80001	-7.7E-12	283.851286	0.0999996	-1.2E-11	283.851286
-3.70001	-2.81E-11	283.91067	0.1000001	-9.7E-12	283.91067
-3.60001	-1E-11	283.933983	0.0999999	-1.13E-11	283.933983
-3.50001	-8.5E-12	283.957282	0.0999999	-1.18E-11	283.957282
-3.40001	-7E-12	283.980536	0.0999998	-1.18E-11	283.980536
-3.30001	-5.2E-12	284.003805	0.1	-1.18E-11	284.003805
-3.20001	-6.1E-12	284.027094	0.0999998	-1.22E-11	284.027094
-3.10001	-5.7E-12	284.050374	0.0999999	-1.17E-11	284.050374
-3.00001	-3.6E-12	284.07359	0.0999996	-1.2E-11	284.07359
-2.90001	-2.7E-12	284.096854	0.0999997	-1.21E-11	284.096854
-2.80001	-3.9E-12	284.120142	0.0999999	-1.22E-11	284.120142
-2.70001	-2.6E-12	284.143423	0.0999998	-1.18E-11	284.143423
-2.60001	-9E-13	284.166642	0.0999997	-1.27E-11	284.166642
-2.50001	2E-13	284.189845	0.0999999	-1.22E-11	284.189845
-2.40001	-7E-13	284.213145	0.0999999	-1.23E-11	284.213145
-2.30001	0	284.236424	0.0999998	-1.25E-11	284.236424
-2.20001	2.5E-12	284.259636	0.0999998	-1.25E-11	284.259636
-2.099999	-1.38E-11	284.284771	0.1000001	-1.14E-11	284.284771
-2	2.1E-12	284.308075	0.0999998	-1.24E-11	284.308075
-1.9	1.8E-12	284.331388	0.0999998	-1.25E-11	284.331388
-1.8	3.8E-12	284.354668	0.1000002	-1.25E-11	284.354668
-1.700001	-1.53E-11	284.411938	0.1	-1.1E-11	284.411938
-1.599999	5.6E-12	284.435197	0.1	-1.28E-11	284.435197
-1.5	5E-12	284.458494	0.0999998	-1.29E-11	284.458494
-1.4	6.6E-12	284.481776	0.1	-1.27E-11	284.481776
-1.3	8.9E-12	284.505054	0.0999998	-9.8E-12	284.505054
-1.2	1.07E-11	284.528259	0.0999998	1.06E-11	284.528259
-1.1	1.02E-11	284.551541	0.1	1.169E-10	284.551541
-0.999999	1.34E-11	284.574747	0.1000002	5.838E-10	284.574747
-0.9	1.47E-11	284.597949	0.1000008	2.3376E-09	284.597949
-0.8	1.63E-11	284.621158	0.1000026	8.0632E-09	284.621158
-0.7	1.58E-11	284.64443	0.1000071	2.39827E-08	284.64443
-0.599999	1.67E-11	284.667793	0.1000097	6.09127E-08	284.667793
-0.500001	-6E-13	284.707192	0.1000002	1.29336E-07	284.707192
-0.400001	5.7E-12	284.731692	0.1000007	2.52084E-07	284.731692
-0.3	7.4E-12	284.756305	0.1000007	4.32709E-07	284.756305
-0.1999998	5.9E-12	284.782705	0.100001	6.75534E-07	284.782705
-0.0999997	1.01E-11	284.807262	0.100001	9.82597E-07	284.807262
-3E-07	7.3E-12	284.841721	0.0999999	1.34116E-06	284.841721
0.1000004	1.34E-11	284.86631	0.1000001	1.76038E-06	284.86631
0.2000001	8.8E-12	284.920375	0.1	2.21073E-06	284.920375
0.299999	1.61E-11	284.945079	0.1	2.71323E-06	284.945079
0.4	1.89E-11	284.969558	0.1	3.24433E-06	284.969558
0.5	2.06E-11	284.994065	0.1000001	3.80071E-06	284.994065
0.599999	2.29E-11	285.018656	0.0999999	4.37792E-06	285.018656
0.699999	2.49E-11	285.043147	0.1	4.97262E-06	285.043147
0.8	2.69E-11	285.06765	0.1	5.58356E-06	285.06765
0.9	2.91E-11	285.092204	0.1000001	6.2084E-06	285.092204
0.999999	3.04E-11	285.116735	0.1	6.84624E-06	285.116735
1.1	3.25E-11	285.14124	0.1000001	7.49542E-06	285.14124
1.199999	3.4E-11	285.165769	0.1	8.15432E-06	285.165769
1.3	3.57E-11	285.190321	0.1000002	8.82136E-06	285.190321
1.4	3.72E-11	285.214831	0.1000001	9.49501E-06	285.214831
1.5	3.84E-11	285.239349	0.1000001	1.017499E-05	285.239349
1.599999	3.4E-11	285.273983	0.1000001	1.08506E-05	285.273983
1.699999	3.84E-11	285.298742	0.1000001	1.15413E-05	285.298742
1.8	4.07E-11	285.323269	0.1	1.22352E-05	285.323269
1.9	4.2E-11	285.347756	0.1000001	1.29323E-05	285.347756
2	4.24E-11	285.372434	0.0999999	1.36333E-05	285.372434
2.099999	3.65E-11	285.419069	0.1000002	1.43289E-05	285.419069
2.19999	4.21E-11	285.4438	0.1	1.50344E-05	285.4438
2.29999	4.3E-11	285.468317	0.0999998	1.57437E-05	285.468317
2.39999	4.41E-11	285.492836	0.1	1.64547E-05	285.492836
2.49999	4.46E-11	285.517443	0.1	1.71684E-05	285.517443
2.59999	4.56E-11	285.54197	0.1000002	1.7883E-05	285.54197
2.69999	4.59E-11	285.566513	0.1000001	1.85995E-05	285.566513
2.79999	4.63E-11	285.591024	0.1	1.93178E-05	285.591024
2.89999	4.69E-11	285.615547	0.0999999	2.00377E-05	285.615547
2.99999	4.75E-11	285.640054	0.1	2.07591E-05	285.640054
3.09999	4.78E-11	285.664568	0.0999998	2.14823E-05	285.664568
3.19999	4.81E-11	285.689082	0.0999999	2.22065E-05	285.689082
3.29999	4.83E-11	285.713616	0.1000001	2.2932E-05	285.713616
3.39999	4.85E-11	285.738138	0.1	2.36596E-05	285.738138
3.49999	4.81E-11	285.762826	0.1	2.4388E-05	285.762826
3.59999	4.94E-11	285.787336	0.1000003	2.51175E-05	285.787336
3.69999	4.93E-11	285.811874	0.1	2.58476E-05	285.811874
3.79999	5E-11	285.836374	0.1000001	2.65806E-05	285.836374
3.89999	5E-11	285.860966	0.1000001	2.73135E-05	285.860966
3.99999	4.32E-11	285.917924	0.1000001	2.80376E-05	285.917924
4.09999	4.81E-11	285.942465	0.1000001	2.87764E-05	285.942465
4.19999	4.91E-11	285.96699	0.1	2.95141E-05	285.96699
4.29999	4.98E-11	285.991596	0.0999999	3.02529E-05	285.991596
4.39999	5.02E-11	286.016168	0.0999999	3.09929E-05	286.016168
4.49999	5.04E-11	286.040687	0.1	3.17339E-05	286.040687
4.59999	5.05E-11	286.065227	0.1000003	3.24765E-05	286.065227
4.69999	5.12E-11	286.089812	0.1	3.32194E-05	286.089812
4.79999	5.16E-11	286.114348	0.1	3.39646E-05	286.114348
4.89999	5.17E-11	286.138892	0.1000002	3.47105E-05	286.138892
4.99999	5.2E-11	286.163398	0.1000001	3.54575E-05	286.163398
5.09999	5.2E-11	286.187921	0.1000002	3.62066E-05	286.187921
5.19999	5.19E-11	286.212439	0.1000001	3.69564E-05	286.212439
5.29999	5.21E-11	286.237022	0.1	3.77081E-05	286.237022
5.39999	5.28E-11	286.261514	0.1000002	3.84606E-05	286.261514
5.49999	5.33E-11	286.286128	0.1	3.92139E-05	286.286128
5.59999	5.3E-11	286.310698	0.1000002	3.997E-05	286.310698
5.69999	5.36E-11	286.335221	0.1000003	4.07276E-05	286.335221
5.79999	5.29E-11	286.359838	0.1	4.14848E-05	286.359838
5.89999	4.76E-11	286.419638	0.1000001	4.22335E-05	286.419638
5.99999	5.23E-11	286.444215	0.1	4.29972E-05	286.444215
6.09999	5.28E-11	286.46873	0.0999999	4.37617E-05	286.46873
6.19999	5.32E-11	286.493281	0.1	4.45265E-05	286.493281
6.29999	5.33E-11	286.517883	0.0999999	4.52926E-05	286.517883
6.39999	5.41E-11	286.542437	0.0999999	4.60588E-05	286.542437
6.49999	5.41E-11	286.566975	0.1	4.68272E-05	286.566975
6.59999	5.47E-11	286.591532	0.1000002	4.7597E-05	286.591532
6.69999	5.51E-11	286.616032	0.1	4.83677E-05	286.616032
6.79999	5.52E-11	286.640552	0.1000001	4.91399E-05	286.640552
6.89999	5.5E-11	286.665079	0.1000001	4.99146E-05	286.665079
6.99999	5.55E-11	286.689607	0.1	5.06896E-05	286.689607
7.09999	5.54E-11	286.714143	0.1000001	5.14663E-05	286.714143
7.19999	5.56E-11	286.738683	0.1	5.22442E-05	286.738683
7.29999	5.6E-11	286.763252	0.1	5.30247E-05	286.763252
7.39999	5.61E-11	286.787849	0.1000002	5.3806E-05	286.787849
7.49999	5.65E-11	286.812384	0.1000002	5.45878E-05	286.812384
7.59999	5.61E-11	286.836922	0.1000001	5.53706E-05	286.836922
7.69999	5.6E-11	286.861539	0.1	5.61566E-05	286.861539
7.79999	5.06E-11	286.916782	0.1000002	5.69345E-05	286.916782
7.89999	5.57E-11	286.941299	0.1000003	5.77258E-05	286.941299
7.99999	5.59E-11	286.965855	0.1	5.85158E-05	286.965855
8.09999	5.61E-11	286.99042	0.1000001	5.93067E-05	286.99042
8.19999	5.68E-11	287.015011	0.1	6.00995E-05	287.015011
8.29999	5.71E-11	287.039519	0.1000001	6.08937E-05	287.039519
8.39999	5.74E-11	287.064033	0.1000001	6.16891E-05	287.064033
8.49999	5.69E-11	287.088541	0.1000001	6.24865E-05	287.088541
8.59999	5.7E-11	287.113135	0.1000001	6.32842E-05	287.113135
8.69999	5.76E-11	287.137645	0.1000001	6.40833E-05	287.137645
8.79999	5.81E-11	287.16219	0.1	6.48848E-05	287.16219
8.89999	5.81E-11	287.1867	0.1000002	6.56861E-05	287.1867
8.99999	5.81E-11	287.211216	0.1	6.64903E-05	287.211216
9.09999	5.84E-11	287.235722	0.1000001	6.72947E-05	287.235722
9.19999	5.83E-11	287.260241	0.1000001	6.8102E-05	287.260241
9.29999	5.83E-11	287.284743	0.1000001	6.89071E-05	287.284743
9.39999	5.89E-11	287.309311	0.1000003	6.97179E-05	287.309311
9.49999	5.89E-11	287.333836	0.1	7.05303E-05	287.333836
9.59999	5.9E-11	287.358346	0.1000002	7.13439E-05	287.358346
9.69999	5.06E-11	287.420464	0.0999999	7.21478E-05	287.420464
9.79999	5.67E-11	287.445071	0.0999999	7.29663E-05	287.445071
9.89999	5.75E-11	287.469576	0.1	7.37841E-05	287.469576
9.99999	5.77E-11	287.494104	0.0999999	7.46035E-05	287.494104
9.9	4.49E-11	287.518672	0.1	7.37699E-05	287.518672
9.8	4.15E-11	287.543192	0.1	7.29416E-05	287.543192
9.7	3.93E-11	287.567722	0.0999998	7.21176E-05	287.567722
9.6	3.74E-11	287.592251	0.0999999	7.1296E-05	287.592251
9.5	3.57E-11	287.616778	0.1000001	7.04754E-05	287.616778
9.4	3.49E-11	287.641318	0.0999999	6.96563E-05	287.641318
9.3	3.43E-11	287.665859	0.1	6.88403E-05	287.665859
9.2	3.35E-11	287.690434	0.0999999	6.80245E-05	287.690434
9.1	3.2E-11	287.714943	0.0999999	6.72101E-05	287.714943
9	3.16E-11	287.739484	0.1000001	6.63983E-05	287.739484
8.9	3.05E-11	287.764082	0.1	6.55902E-05	287.764082
8.8	3.05E-11	287.788691	0.0999999	6.47803E-05	287.788691
8.7	2.93E-11	287.813262	0.1000001	6.39702E-05	287.813262
8.6	2.92E-11	287.837801	0.0999999	6.31616E-05	287.837801
8.5	2.83E-11	287.862355	0.0999998	6.23557E-05	287.862355
8.4	3.5E-11	287.924325	0.1	6.15547E-05	287.924325
8.3	2.88E-11	287.948842	0.1	6.07498E-05	287.948842
8.2	2.75E-11	287.973359	0.1	5.99479E-05	287.973359
8.1	2.64E-11	287.997956	0.1	5.91475E-05	287.997956
8	2.64E-11	288.022526	0.0999999	5.83492E-05	288.022526
7.9	2.55E-11	288.047034	0.1000001	5.75515E-05	288.047034
7.8	2.49E-11	288.071561	0.0999999	5.6755E-05	288.071561
7.7	2.49E-11	288.096208	0.0999998	5.59613E-05	288.096208
7.6	2.46E-11	288.120796	0.0999999	5.51677E-05	288.120796
7.5	2.39E-11	288.145296	0.1	5.43764E-05	288.145296
7.4	2.38E-11	288.169834	0.0999999	5.35866E-05	288.169834
7.3	2.31E-11	288.194342	0.0999998	5.27989E-05	288.194342
7.2	2.28E-11	288.218862	0.0999998	5.2011E-05	288.218862
7.1	2.21E-11	288.243372	0.0999999	5.12245E-05	288.243372
7	2.16E-11	288.267873	0.0999999	5.04406E-05	288.267873
6.9	2.14E-11	288.292411	0.0999999	4.96581E-05	288.292411
6.8	2.11E-11	288.316949	0.1	4.88764E-05	288.316949
6.7	2.09E-11	288.341456	0.1	4.80963E-05	288.341456
6.6	2.1E-11	288.366136	0.1	4.73172E-05	288.366136
6.5	2.71E-11	288.425285	0.1	4.65444E-05	288.425285
6.4	2.16E-11	288.449861	0.1000001	4.57673E-05	288.449861
6.3	2.06E-11	288.474368	0.0999997	4.49925E-05	288.474368
6.2	2.03E-11	288.4989	0.1000001	4.42185E-05	288.4989
6.1	1.9E-11	288.52347	0.0999999	4.34464E-05	288.52347
6	1.9E-11	288.548005	0.0999999	4.2676E-05	288.548005
5.9	1.82E-11	288.572541	0.1	4.19066E-05	288.572541
5.8	1.76E-11	288.597159	0.1	4.11386E-05	288.597159
5.7	1.7E-11	288.621673	0.0999997	4.03721E-05	288.621673
5.6	1.69E-11	288.646194	0.1000001	3.96074E-05	288.646194
5.5	1.7E-11	288.670728	0.1	3.88434E-05	288.670728
5.4	1.63E-11	288.695231	0.1000002	3.80812E-05	288.695231
5.3	1.57E-11	288.719751	0.0999999	3.73211E-05	288.719751
5.2	1.51E-11	288.744255	0.1000001	3.65624E-05	288.744255
5.1	1.46E-11	288.768835	0.1	3.5805E-05	288.768835
5	1.45E-11	288.79336	0.0999999	3.50489E-05	288.79336
4.9	1.4E-11	288.817944	0.0999998	3.42946E-05	288.817944
4.8	1.34E-11	288.842445	0.1	3.35414E-05	288.842445
4.7	1.35E-11	288.867066	0.1	3.27899E-05	288.867066
4.6	1.9E-11	288.92269	0.1000001	3.20436E-05	288.92269
4.5	1.38E-11	288.947216	0.1	3.12943E-05	288.947216
4.4	1.28E-11	288.971743	0.0999999	3.05465E-05	288.971743
4.3	1.2E-11	288.996257	0.0999999	2.98004E-05	288.996257
4.2	1.17E-11	289.020829	0.1	2.90568E-05	289.020829
4.1	1.06E-11	289.045367	0.0999999	2.83143E-05	289.045367
4	9.9E-12	289.069879	0.0999999	2.75728E-05	289.069879
3.9	9.5E-12	289.094429	0.1000001	2.68334E-05	289.094429
3.8	8.7E-12	289.118986	0.1	2.60957E-05	289.118986
3.7	8.4E-12	289.143487	0.1	2.53599E-05	289.143487
3.6	7.3E-12	289.168009	0.1000001	2.46255E-05	289.168009
3.5	7.4E-12	289.192543	0.0999999	2.38925E-05	289.192543
3.4	6.8E-12	289.217161	0.1000001	2.31616E-05	289.217161
3.3	5.7E-12	289.241698	0.0999999	2.24325E-05	289.241698
3.2	5.2E-12	289.266216	0.0999998	2.17046E-05	289.266216
3.1	4.8E-12	289.290738	0.0999999	2.09793E-05	289.290738
3	4.2E-12	289.31533	0.0999997	2.02555E-05	289.31533
2.9	2.9E-12	289.339826	0.1	1.95338E-05	289.339826
2.8	2.6E-12	289.364392	0.0999998	1.88137E-05	289.364392
2.7	9.8E-12	289.426921	0.1	1.81023E-05	289.426921
2.6	3.4E-12	289.451546	0.1	1.73854E-05	289.451546
2.5	1.7E-12	289.476045	0.1000001	1.66712E-05	289.476045
2.4	1E-13	289.500564	0.1000001	1.59595E-05	289.500564
2.3	-1.2E-12	289.525122	0.1	1.52506E-05	289.525122
2.2	-1.9E-12	289.549668	0.1	1.45445E-05	289.549668
2.099999	5E-13	289.576091	0.0999999	1.38439E-05	289.576091
2	-3.8E-12	289.600601	0.0999999	1.31431E-05	289.600601
1.9	-4.6E-12	289.625141	0.1000002	1.24463E-05	289.625141
1.8	-6.3E-12	289.649672	0.1	1.1753E-05	289.649672
1.7	-7.5E-12	289.674184	0.0999999	1.10637E-05	289.674184
1.6	-8.9E-12	289.698708	0.0999997	1.03791E-05	289.698708
1.5	-9.8E-12	289.723213	0.1000001	9.6999E-06	289.723213
1.4	-1.13E-11	289.747746	0.0999999	9.0264E-06	289.747746
1.3	-8.8E-12	289.774885	0.0999999	8.36507E-06	289.774885
1.2	-1.38E-11	289.799386	0.0999997	7.70637E-06	289.799386
1.1	-1.51E-11	289.823997	0.1	7.05674E-06	289.823997
1	-1.72E-11	289.848538	0.0999999	6.41881E-06	289.848538
0.9	-1.89E-11	289.873203	0.1	5.79327E-06	289.873203
0.8	-1.4E-11	289.929688	0.1000002	5.18826E-06	289.929688
0.7	-2.07E-11	289.954202	0.1000001	4.59013E-06	289.954202
0.6	-2.34E-11	289.978712	0.0999999	4.01124E-06	289.978712
0.5	-2.56E-11	290.003337	0.1	3.45248E-06	290.003337
0.4	-2.78E-11	290.027922	0.1	2.9173E-06	290.027922
0.3	-3.07E-11	290.052431	0.0999999	2.41045E-06	290.052431
0.1999997	-2.98E-11	290.078883	0.0999999	1.9388E-06	290.078883
0.0999997	-3.52E-11	290.103449	0.0999998	1.50635E-06	290.103449
-5E-07	-3.77E-11	290.127964	0.1	1.12181E-06	290.127964
#scan	iMeasureCycle=3	iMux=0	time=319.837	N=401	LocalTime=19/04/2023 14:36:57
#VGate(V)	IGate(A)	time(s)	VDrain(V)	IDrain(A)	time(s)
-2E-07	-1.59E-11	319.844672	0.1000001	1.2208E-06	319.844672
-0.0999999	-2.03E-11	319.872336	0.0999994	8.66494E-07	319.872336
-0.2000004	-2.78E-11	319.898268	0.0999995	5.75145E-07	319.898268
-0.3	-3.08E-11	319.923078	0.0999995	3.50819E-07	319.923078
-0.4	-3.43E-11	319.947593	0.0999997	1.92441E-07	319.947593
-0.5	-3.67E-11	319.972087	0.0999996	9.2523E-08	319.972087
-0.6	-3.32E-11	320.009827	0.0999957	3.90413E-08	320.009827
-0.700001	-5.31E-11	320.033108	0.1000024	1.34383E-08	320.033108
-0.800001	-5.68E-11	320.056313	0.1000015	3.9864E-09	320.056313
-0.900001	-5.91E-11	320.079515	0.1000005	1.0244E-09	320.079515
-1	-5.98E-11	320.102722	0.1000003	2.229E-10	320.102722
-1.100001	-5.94E-11	320.12601	0.1000001	3.44E-11	320.12601
-1.200001	-6.07E-11	320.149289	0.1000001	-2.2E-12	320.149289
-1.300001	-6.36E-11	320.172489	0.1000002	-7.5E-12	320.172489
-1.400001	-6.46E-11	320.195711	0.1000001	-8.2E-12	320.195711
-1.500001	-6.5E-11	320.218938	0.1000001	-8.5E-12	320.218938
-1.600001	-6.46E-11	320.242213	0.1000002	-8.1E-12	320.242213
-1.700001	-6.62E-11	320.265425	0.1	-8.1E-12	320.265425
-1.800001	-6.74E-11	320.28871	0.1000001	-7.8E-12	320.28871
-1.900001	-6.67E-11	320.311995	0.1000003	-7.6E-12	320.311995
-2.000001	-6.65E-11	320.335292	0.1000001	-8E-12	320.335292
-2.100001	-6.91E-11	320.358511	0.1000002	-7.7E-12	320.358511
-2.2	-4.74E-11	320.412655	0.1	-9.4E-12	320.412655
-2.3	-6.77E-11	320.435926	0.1000002	-7.5E-12	320.435926
-2.4	-6.69E-11	320.459223	0.1000001	-7.9E-12	320.459223
-2.5	-6.79E-11	320.482509	0.1	-7.6E-12	320.482509
-2.6	-6.97E-11	320.505862	0.1	-7.4E-12	320.505862
-2.7	-7.08E-11	320.529124	0.1000001	-7.2E-12	320.529124
-2.8	-6.97E-11	320.552416	0.1000002	-7.7E-12	320.552416
-2.9	-7.08E-11	320.575685	0.1000001	-7.5E-12	320.575685
-3	-7.24E-11	320.598907	0.1	-7.4E-12	320.598907
-3.1	-7.12E-11	320.622218	0.1000001	-7.4E-12	320.622218
-3.2	-7.18E-11	320.645496	0.1000001	-7.7E-12	320.645496
-3.3	-7.34E-11	320.668699	0.1000002	-7.2E-12	320.668699
-3.4	-7.42E-11	320.691916	0.1000002	-7.5E-12	320.691916
-3.5	-7.47E-11	320.715134	0.1	-7.7E-12	320.715134
-3.6	-7.35E-11	320.738431	0.1000003	-7.4E-12	320.738431
-3.7	-7.5E-11	320.761626	0.1000002	-7.6E-12	320.761626
-3.8	-7.58E-11	320.784837	0.1000002	-7.2E-12	320.784837
-3.9	-7.36E-11	320.808218	0.1000002	-7.4E-12	320.808218
-4	-7.42E-11	320.831509	0.1000001	-6.9E-12	320.831509
-4.1	-7.58E-11	320.855005	0.1000002	-7E-12	320.855005
-4.2	-5.55E-11	320.90422	0.0999999	-8.9E-12	320.90422
-4.3	-7.48E-11	320.92747	0.1000001	-7.1E-12	320.92747
-4.4	-7.34E-11	320.950789	0.1000002	-7.3E-12	320.950789
-4.5	-7.61E-11	320.974002	0.1	-6.8E-12	320.974002
-4.6	-7.67E-11	320.997265	0.1000002	-7E-12	320.997265
-4.7	-7.45E-11	321.020597	0.1	-7.1E-12	321.020597
-4.8	-7.5E-11	321.04393	0.1000001	-6.9E-12	321.04393
-4.9	-7.69E-11	321.06718	0.1000003	-6.8E-12	321.06718
-5	-7.65E-11	321.090477	0.1000001	-7.1E-12	321.090477
-5.1	-7.59E-11	321.113826	0.1000001	-7.3E-12	321.113826
-5.2	-7.82E-11	321.137051	0.1000002	-7.4E-12	321.137051
-5.3	-7.91E-11	321.160261	0.1	-7.1E-12	321.160261
-5.4	-7.76E-11	321.183597	0.1000002	-7.1E-12	321.183597
-5.5	-7.91E-11	321.20684	0.1	-6.7E-12	321.20684
-5.6	-8E-11	321.230056	0.1000002	-6.7E-12	321.230056
-5.7	-7.99E-11	321.25327	0.1000001	-6.6E-12	321.25327
-5.8	-7.85E-11	321.27655	0.1000001	-7.3E-12	321.27655
-5.9	-8.05E-11	321.299853	0.1000002	-6.9E-12	321.299853
-6	-7.93E-11	321.323152	0.1	-7.1E-12	321.323152
-6.1	-7.83E-11	321.346465	0.1000001	-6.5E-12	321.346465
-6.2	-8.15E-11	321.369693	0.1000002	-6.5E-12	321.369693
-6.3	-6.22E-11	321.405442	0.0999998	-8.1E-12	321.405442
-6.4	-8.06E-11	321.428707	0.1000001	-6.2E-12	321.428707
-6.5	-7.96E-11	321.452015	0.1000001	-6.7E-12	321.452015
-6.6	-8.21E-11	321.475216	0.1000002	-6.4E-12	321.475216
-6.7	-8.2E-11	321.498488	0.1000002	-6.2E-12	321.498488
-6.8	-8.24E-11	321.521742	0.1000002	-6.7E-12	321.521742
-6.9	-8.08E-11	321.545036	0.1000001	-7E-12	321.545036
-7	-8.14E-11	321.568323	0.1000001	-6.8E-12	321.568323
-7.1	-8.33E-11	321.591533	0.1000001	-6.8E-12	321.591533
-7.2	-8.11E-11	321.614905	0.1000001	-6.4E-12	321.614905
-7.3	-8.32E-11	321.638111	0.1000001	-6.5E-12	321.638111
-7.4	-8.18E-11	321.661409	0.1000001	-6.4E-12	321.661409
-7.5	-8.37E-11	321.684608	0.1	-5.9E-12	321.684608
-7.6	-8.22E-11	321.707904	0.1000002	-6.6E-12	321.707904
-7.7	-8.42E-11	321.731124	0.1000001	-6.2E-12	321.731124
-7.8	-8.45E-11	321.754331	0.1000001	-6.3E-12	321.754331
-7.9	-8.41E-11	321.777546	0.1000002	-6.4E-12	321.777546
-8	-8.3E-11	321.800834	0.1000002	-6.9E-12	321.800834
-8.1	-8.32E-11	321.82414	0.1000001	-6.8E-12	321.82414
-8.2	-8.49E-11	321.847419	0.1	-6.4E-12	321.847419
-8.3	-8.35E-11	321.870731	0.1	-6.9E-12	321.870731
-8.4	-6.51E-11	321.911258	0.0999999	-8.3E-12	321.911258
-8.5	-8.41E-11	321.934566	0.1000002	-6.7E-12	321.934566
-8.6	-8.5E-11	321.957791	0.1000001	-6.6E-12	321.957791
-8.7	-8.34E-11	321.981084	0.1000001	-6.6E-12	321.981084
-8.8	-8.32E-11	322.004437	0.1	-6.6E-12	322.004437
-8.9	-8.57E-11	322.027664	0.1000002	-6.6E-12	322.027664
-9	-8.59E-11	322.050874	0.1000002	-6.3E-12	322.050874
-9.1	-8.53E-11	322.074106	0.1000003	-6.3E-12	322.074106
-9.2	-8.46E-11	322.097401	0.1	-6.2E-12	322.097401
-9.3	-8.57E-11	322.120623	0.1000003	-6.3E-12	322.120623
-9.4	-8.63E-11	322.143837	0.1	-5.8E-12	322.143837
-9.5	-8.43E-11	322.167125	0.1000002	-6.4E-12	322.167125
-9.6	-8.66E-11	322.190391	0.1000002	-6.3E-12	322.190391
-9.7	-8.71E-11	322.213613	0.1000001	-6E-12	322.213613
-9.8	-8.65E-11	322.236838	0.1000001	-6E-12	322.236838
-9.9	-8.54E-11	322.260131	0.1000001	-6.1E-12	322.260131
-10	-8.43E-11	322.283457	0.1000002	-6.2E-12	322.283457
-9.90001	-4.41E-11	322.306667	0.0999995	-9.9E-12	322.306667
-9.80001	-4.28E-11	322.329965	0.0999996	-9.5E-12	322.329965
-9.70001	-4.03E-11	322.353246	0.0999998	-9.4E-12	322.353246
-9.60001	-5.58E-11	322.412808	0.0999998	-8E-12	322.412808
-9.50001	-3.53E-11	322.436103	0.0999998	-9.6E-12	322.436103
-9.40001	-3.61E-11	322.459397	0.0999997	-9.3E-12	322.459397
-9.30001	-3.24E-11	322.482593	0.0999996	-1E-11	322.482593
-9.20001	-3.16E-11	322.505864	0.0999997	-9.8E-12	322.505864
-9.10001	-3.06E-11	322.529113	0.0999997	-9.7E-12	322.529113
-9.00001	-3.14E-11	322.552394	0.0999998	-9.8E-12	322.552394
-8.90001	-3.06E-11	322.575676	0.0999997	-9.4E-12	322.575676
-8.80001	-2.88E-11	322.598907	0.0999996	-9.6E-12	322.598907
-8.70001	-2.93E-11	322.622194	0.0999995	-9.4E-12	322.622194
-8.60001	-2.87E-11	322.64549	0.0999997	-9.6E-12	322.64549
-8.50001	-2.79E-11	322.668759	0.1	-9.7E-12	322.668759
-8.40001	-2.57E-11	322.691967	0.0999999	-9.9E-12	322.691967
-8.30001	-2.63E-11	322.715257	0.0999995	-9.9E-12	322.715257
-8.20001	-2.64E-11	322.738554	0.0999998	-9.7E-12	322.738554
-8.10001	-2.42E-11	322.761763	0.0999997	-1.05E-11	322.761763
-8.00001	-2.32E-11	322.784972	0.0999996	-1.03E-11	322.784972
-7.90001	-2.49E-11	322.808265	0.0999997	-1.04E-11	322.808265
-7.80001	-2.44E-11	322.831556	0.0999996	-1.03E-11	322.831556
-7.70001	-2.25E-11	322.854837	0.0999996	-1.05E-11	322.854837
-7.60001	-4.26E-11	322.913896	0.1000001	-8.4E-12	322.913896
-7.50001	-2.31E-11	322.937294	0.0999996	-1.09E-11	322.937294
-7.40001	-2.39E-11	322.96059	0.0999996	-1.05E-11	322.96059
-7.30001	-2.36E-11	322.983882	0.0999997	-1.04E-11	322.983882
-7.2	-2.16E-11	323.007162	0.0999999	-1.02E-11	323.007162
-7.10001	-2.08E-11	323.030387	0.0999998	-1.09E-11	323.030387
-7.00001	-2.18E-11	323.053682	0.0999997	-9.9E-12	323.053682
-6.90001	-1.98E-11	323.076903	0.0999994	-1.03E-11	323.076903
-6.80001	-1.89E-11	323.10011	0.0999998	-1.05E-11	323.10011
-6.70001	-1.86E-11	323.123323	0.0999996	-1.05E-11	323.123323
-6.60001	-2E-11	323.146623	0.0999998	-1.03E-11	323.146623
-6.50001	-1.85E-11	323.169867	0.0999997	-1.05E-11	323.169867
-6.40001	-1.72E-11	323.193137	0.0999996	-1.09E-11	323.193137
-6.30001	-1.68E-11	323.216353	0.0999997	-1.07E-11	323.216353
-6.20001	-1.81E-11	323.239653	0.0999998	-1.05E-11	323.239653
-6.10001	-1.78E-11	323.262946	0.0999996	-1.04E-11	323.262946
-6.00001	-1.79E-11	323.286226	0.0999998	-1.06E-11	323.286226
-5.90001	-1.51E-11	323.309422	0.0999998	-1.04E-11	323.309422
-5.80001	-1.64E-11	323.332742	0.0999998	-1.03E-11	323.332742
-5.70001	-1.48E-11	323.355942	0.0999998	-1.06E-11	323.355942
-5.60001	-3.53E-11	323.410976	0.0999999	-9.3E-12	323.410976
-5.50001	-1.59E-11	323.434444	0.0999997	-1.07E-11	323.434444
-5.40001	-1.77E-11	323.457787	0.0999997	-1.07E-11	323.457787
-5.30001	-1.61E-11	323.481084	0.0999998	-1.07E-11	323.481084
-5.20001	-1.38E-11	323.504357	0.0999999	-1.07E-11	323.504357
-5.1	-1.49E-11	323.527701	0.0999998	-1.06E-11	323.527701
-5.00001	-1.38E-11	323.55099	0.0999996	-1.08E-11	323.55099
-4.90001	-1.28E-11	323.574207	0.0999995	-1.14E-11	323.574207
-4.80001	-1.18E-11	323.597423	0.0999998	-1.11E-11	323.597423
-4.7	-1.32E-11	323.620715	0.0999997	-1.1E-11	323.620715
-4.60001	-1.27E-11	323.644006	0.0999999	-1.13E-11	323.644006
-4.50001	-1.26E-11	323.667304	0.0999996	-1.08E-11	323.667304
-4.40001	-1.01E-11	323.690522	0.0999998	-1.1E-11	323.690522
-4.3	-1.12E-11	323.713809	0.0999997	-1.12E-11	323.713809
-4.20001	-1.1E-11	323.737103	0.0999997	-1.12E-11	323.737103
-4.10001	-8.7E-12	323.760307	0.0999998	-1.15E-11	323.760307
-4.00001	-8.2E-12	323.783516	0.0999996	-1.1E-11	323.783516
-3.90001	-9.1E-12	323.806799	0.0999998	-1.12E-11	323.806799
-3.80001	-8.8E-12	323.83009	0.0999997	-1.14E-11	323.83009
-3.70001	-5.9E-12	323.853354	0.0999997	-1.17E-11	323.853354
-3.60001	-6.1E-12	323.876593	0.0999997	-1.16E-11	323.876593
-3.50001	-2.65E-11	323.917091	0.0999998	-9.8E-12	323.917091
-3.40001	-6.7E-12	323.940358	0.0999998	-1.14E-11	323.940358
-3.30001	-5.5E-12	323.963571	0.0999996	-1.17E-11	323.963571
-3.20001	-6E-12	323.986957	0.0999998	-1.13E-11	323.986957
-3.10001	-6E-12	324.010306	0.0999997	-1.2E-11	324.010306
-3.00001	-3.2E-12	324.033532	0.0999997	-1.22E-11	324.033532
-2.90001	-2.5E-12	324.056744	0.0999999	-1.18E-11	324.056744
-2.80001	-3.4E-12	324.080031	0.0999998	-1.21E-11	324.080031
-2.70001	-2.9E-12	324.103315	0.0999996	-1.25E-11	324.103315
-2.60001	-1.3E-12	324.126551	0.0999997	-1.25E-11	324.126551
-2.50001	2E-13	324.149772	0.0999997	-1.26E-11	324.149772
-2.40001	-1.1E-12	324.173059	0.0999997	-1.25E-11	324.173059
-2.30001	-5E-13	324.196416	0.0999996	-1.23E-11	324.196416
-2.20001	2.2E-12	324.219627	0.0999997	-1.24E-11	324.219627
-2.099999	-1.35E-11	324.244744	0.0999998	-1.09E-11	324.244744
-2	1.9E-12	324.268026	0.0999998	-1.22E-11	324.268026
-1.9	2.8E-12	324.291307	0.0999998	-1.28E-11	324.291307
-1.8	5.8E-12	324.31452	0.0999998	-1.27E-11	324.31452
-1.699999	6.1E-12	324.337747	0.0999998	-1.25E-11	324.337747
-1.6	3.7E-12	324.361119	0.0999999	-1.25E-11	324.361119
-1.500001	-1.36E-11	324.417981	0.1	-1.11E-11	324.417981
-1.4	5.5E-12	324.441345	0.0999996	-1.27E-11	324.441345
-1.3	7E-12	324.464642	0.0999996	-1.06E-11	324.464642
-1.2	1.05E-11	324.48785	0.0999996	5.9E-12	324.48785
-1.1	1.16E-11	324.511108	0.0999997	9.61E-11	324.511108
-0.999999	1.14E-11	324.534444	0.0999999	4.962E-10	324.534444
-0.9	1.41E-11	324.557662	0.1000006	2.0103E-09	324.557662
-0.8	1.55E-11	324.580873	0.1000023	7.0373E-09	324.580873
-0.7	1.72E-11	324.604067	0.1000051	2.12477E-08	324.604067
-0.599999	1.69E-11	324.627336	0.1000091	5.49948E-08	324.627336
-0.500001	-1.6E-12	324.666844	0.1000001	1.18644E-07	324.666844
-0.400001	5E-12	324.691332	0.1000005	2.34505E-07	324.691332
-0.3	6.8E-12	324.715836	0.1000008	4.074E-07	324.715836
-0.2	5.4E-12	324.742236	0.1000007	6.4188E-07	324.742236
-0.0999997	1.03E-11	324.76675	0.1000008	9.40848E-07	324.76675
0	7.1E-12	324.801299	0.1000001	1.29141E-06	324.801299
0.1000002	1.3E-11	324.825793	0.1000002	1.70338E-06	324.825793
0.2000002	1.41E-11	324.85046	0.0999998	2.15832E-06	324.85046
0.299999	1.76E-11	324.875191	0.1000002	2.65058E-06	324.875191
0.399999	1.29E-11	324.926424	0.0999999	3.16431E-06	324.926424
0.5	2E-11	324.950982	0.1	3.71878E-06	324.950982
0.6	2.2E-11	324.975499	0.1000001	4.29292E-06	324.975499
0.7	2.44E-11	324.999999	0.1000001	4.8852E-06	324.999999
0.799999	2.66E-11	325.024559	0.1000001	5.49347E-06	325.024559
0.899999	2.81E-11	325.049108	0.1000001	6.11611E-06	325.049108
0.999999	3.04E-11	325.073625	0.1	6.75174E-06	325.073625
1.1	3.2E-11	325.098166	0.1000002	7.39909E-06	325.098166
1.2	3.37E-11	325.122666	0.1000001	8.05613E-06	325.122666
1.3	3.52E-11	325.147216	0.1000001	8.72138E-06	325.147216
1.4	3.68E-11	325.171718	0.1000001	9.39376E-06	325.171718
1.5	3.8E-11	325.196299	0.1000001	1.007257E-05	325.196299
1.599999	3.4E-11	325.230927	0.1000001	1.07474E-05	325.230927
1.699999	3.91E-11	325.255493	0.1	1.14378E-05	325.255493
1.8	4.09E-11	325.279999	0.0999999	1.21311E-05	325.279999
1.899999	4.14E-11	325.304531	0.0999999	1.28281E-05	325.304531
2	4.25E-11	325.329053	0.0999999	1.35278E-05	325.329053
2.099999	4.33E-11	325.353625	0.1000001	1.42304E-05	325.353625
2.19999	4.33E-11	325.378366	0.1000002	1.49336E-05	325.378366
2.29999	3.81E-11	325.42094	0.0999999	1.56363E-05	325.42094
2.39999	4.3E-11	325.44555	0.1000001	1.63479E-05	325.44555
2.49999	4.39E-11	325.470085	0.1	1.70615E-05	325.470085
2.59999	4.47E-11	325.494605	0.1	1.77761E-05	325.494605
2.69999	4.51E-11	325.519224	0.1000001	1.8493E-05	325.519224
2.79999	4.57E-11	325.543777	0.1000001	1.92116E-05	325.543777
2.89999	4.68E-11	325.568311	0.1000001	1.99322E-05	325.568311
2.99999	4.7E-11	325.592853	0.1000002	2.06542E-05	325.592853
3.09999	4.75E-11	325.617353	0.0999998	2.13782E-05	325.617353
3.19999	4.82E-11	325.641845	0.0999999	2.21029E-05	325.641845
3.29999	4.87E-11	325.666392	0.1000001	2.283E-05	325.666392
3.39999	4.88E-11	325.690896	0.0999999	2.35586E-05	325.690896
3.49999	4.91E-11	325.715434	0.1	2.42884E-05	325.715434
3.59999	4.89E-11	325.740036	0.1	2.50188E-05	325.740036
3.69999	4.91E-11	325.764602	0.0999998	2.57509E-05	325.764602
3.79999	5.01E-11	325.789094	0.1000002	2.64848E-05	325.789094
3.89999	5.01E-11	325.813611	0.1000002	2.72199E-05	325.813611
3.99999	5.02E-11	325.838114	0.1	2.79557E-05	325.838114
4.09999	5.05E-11	325.862788	0.0999999	2.86926E-05	325.862788
4.19999	4.38E-11	325.92386	0.1	2.94211E-05	325.92386
4.29999	4.92E-11	325.948499	0.0999999	3.01633E-05	325.948499
4.39999	4.97E-11	325.973025	0.1000001	3.09053E-05	325.973025
4.49999	5.03E-11	325.997612	0.1	3.1648E-05	325.997612
4.59999	5.11E-11	326.022172	0.1000001	3.23918E-05	326.022172
4.69999	5.13E-11	326.046672	0.0999998	3.31364E-05	326.046672
4.79999	5.16E-11	326.071184	0.1	3.38823E-05	326.071184
4.89999	5.17E-11	326.095709	0.0999999	3.46289E-05	326.095709
4.99999	5.21E-11	326.120247	0.1	3.53774E-05	326.120247
5.09999	5.18E-11	326.144767	0.0999999	3.61271E-05	326.144767
5.19999	5.23E-11	326.169303	0.1000002	3.68778E-05	326.169303
5.29999	5.26E-11	326.193886	0.1000001	3.76292E-05	326.193886
5.39999	5.29E-11	326.218391	0.1000001	3.83824E-05	326.218391
5.49999	5.34E-11	326.242911	0.1	3.91377E-05	326.242911
5.59999	5.36E-11	326.267426	0.1000001	3.98935E-05	326.267426
5.69999	5.39E-11	326.29194	0.0999999	4.06511E-05	326.29194
5.79999	5.39E-11	326.316462	0.0999999	4.14097E-05	326.316462
5.89999	5.4E-11	326.340985	0.1000001	4.21699E-05	326.340985
5.99999	5.47E-11	326.365454	0.0999999	4.29308E-05	326.365454
6.09999	4.62E-11	326.432668	0.0999999	4.368E-05	326.432668
6.19999	5.17E-11	326.457279	0.1000002	4.44483E-05	326.457279
6.29999	5.27E-11	326.481795	0.1	4.52164E-05	326.481795
6.39999	5.34E-11	326.506329	0.0999998	4.59846E-05	326.506329
6.49999	5.34E-11	326.531414	0.1	4.67533E-05	326.531414
6.59999	5.4E-11	326.556002	0.0999999	4.75232E-05	326.556002
6.69999	5.46E-11	326.580531	0.1000001	4.82952E-05	326.580531
6.79999	5.51E-11	326.605062	0.1	4.90686E-05	326.605062
6.89999	5.51E-11	326.629582	0.1	4.9842E-05	326.629582
6.99999	5.51E-11	326.654127	0.1000003	5.06171E-05	326.654127
7.09999	5.53E-11	326.678664	0.1	5.13938E-05	326.678664
7.19999	5.56E-11	326.703205	0.0999999	5.21737E-05	326.703205
7.29999	5.57E-11	326.727737	0.0999998	5.2953E-05	326.727737
7.39999	5.58E-11	326.752295	0.1	5.37339E-05	326.752295
7.49999	5.64E-11	326.776811	0.0999999	5.45168E-05	326.776811
7.59999	5.63E-11	326.801325	0.1	5.53004E-05	326.801325
7.69999	5.67E-11	326.825832	0.0999999	5.60858E-05	326.825832
7.79999	5.64E-11	326.850349	0.0999999	5.68723E-05	326.850349
7.89999	5.66E-11	326.874919	0.1	5.766E-05	326.874919
7.99999	5.02E-11	326.927111	0.0999999	5.84418E-05	326.927111
8.09999	5.52E-11	326.951739	0.1000001	5.92355E-05	326.951739
8.19999	5.61E-11	326.976258	0.0999998	6.00295E-05	326.976258
8.29999	5.6E-11	327.000778	0.0999997	6.08233E-05	327.000778
8.39999	5.61E-11	327.025345	0.1000001	6.16187E-05	327.025345
8.49999	5.64E-11	327.049909	0.1	6.24163E-05	327.049909
8.59999	5.68E-11	327.074429	0.1000001	6.32147E-05	327.074429
8.69999	5.65E-11	327.098982	0.1000003	6.40144E-05	327.098982
8.79999	5.73E-11	327.123491	0.1000002	6.4816E-05	327.123491
8.89999	5.73E-11	327.148031	0.0999998	6.56179E-05	327.148031
8.99999	5.73E-11	327.17254	0.1	6.64214E-05	327.17254
9.09999	5.75E-11	327.197121	0.1000002	6.72258E-05	327.197121
9.19999	5.75E-11	327.221642	0.1000001	6.80334E-05	327.221642
9.29999	5.76E-11	327.246149	0.1000001	6.88394E-05	327.246149
9.39999	5.83E-11	327.270669	0.1000002	6.96501E-05	327.270669
9.49999	5.81E-11	327.295214	0.1	7.04621E-05	327.295214
9.59999	5.82E-11	327.319745	0.1000002	7.12767E-05	327.319745
9.69999	5.85E-11	327.344256	0.1000003	7.20905E-05	327.344256
9.79999	5.78E-11	327.369036	0.0999999	7.29054E-05	327.369036
9.89999	5.24E-11	327.428546	0.1	7.37147E-05	327.428546
9.99999	5.7E-11	327.453207	0.0999998	7.45352E-05	327.453207
9.9	4.41E-11	327.477739	0.1000001	7.37028E-05	327.477739
9.8	4.15E-11	327.502279	0.0999999	7.28753E-05	327.502279
9.7	3.93E-11	327.526862	0.1	7.20512E-05	327.526862
9.6	3.74E-11	327.551378	0.1000002	7.12281E-05	327.551378
9.5	3.58E-11	327.575906	0.0999997	7.04089E-05	327.575906
9.4	3.48E-11	327.600417	0.0999999	6.95893E-05	327.600417
9.3	3.36E-11	327.62492	0.1000001	6.87725E-05	327.62492
9.2	3.21E-11	327.649443	0.0999999	6.79571E-05	327.649443
9.1	3.16E-11	327.673992	0.1	6.71437E-05	327.673992
9	3.11E-11	327.698493	0.0999998	6.63312E-05	327.698493
8.9	3.06E-11	327.72302	0.1000001	6.55236E-05	327.72302
8.8	2.96E-11	327.747532	0.1	6.47128E-05	327.747532
8.7	2.96E-11	327.772154	0.0999997	6.3904E-05	327.772154
8.6	2.8E-11	327.796665	0.1	6.30956E-05	327.796665
8.5	2.77E-11	327.821179	0.0999998	6.2289E-05	327.821179
8.4	2.75E-11	327.84571	0.0999999	6.14846E-05	327.84571
8.3	2.78E-11	327.870603	0.1000001	6.06816E-05	327.870603
8.2	3.24E-11	327.929785	0.1	5.9883E-05	327.929785
8.1	2.76E-11	327.954397	0.0999999	5.90809E-05	327.954397
8	2.63E-11	327.978919	0.1	5.82822E-05	327.978919
7.9	2.61E-11	328.00355	0.0999999	5.74842E-05	328.00355
7.8	2.52E-11	328.028151	0.1	5.66891E-05	328.028151
7.7	2.52E-11	328.052671	0.1	5.58943E-05	328.052671
7.6	2.41E-11	328.077199	0.1	5.51011E-05	328.077199
7.5	2.36E-11	328.101714	0.1000001	5.43096E-05	328.101714
7.4	2.35E-11	328.126223	0.1000001	5.35192E-05	328.126223
7.3	2.26E-11	328.150729	0.0999999	5.27301E-05	328.150729
7.2	2.23E-11	328.175257	0.1000002	5.19427E-05	328.175257
7.1	2.17E-11	328.199832	0.0999999	5.11573E-05	328.199832
7	2.16E-11	328.224388	0.0999997	5.03729E-05	328.224388
6.9	2.17E-11	328.248904	0.0999997	4.95899E-05	328.248904
6.8	2.14E-11	328.273425	0.1	4.88084E-05	328.273425
6.7	2.06E-11	328.297938	0.0999998	4.8028E-05	328.297938
6.6	2.01E-11	328.322461	0.0999999	4.72492E-05	328.322461
6.5	1.93E-11	328.346968	0.0999999	4.64717E-05	328.346968
6.4	2.09E-11	328.371789	0.1	4.56949E-05	328.371789
6.3	2.6E-11	328.431579	0.1000001	4.49257E-05	328.431579
6.2	2.06E-11	328.456194	0.0999998	4.41514E-05	328.456194
6.1	1.95E-11	328.480734	0.0999999	4.33789E-05	328.480734
6	1.88E-11	328.505258	0.0999999	4.26078E-05	328.505258
5.9	1.81E-11	328.529838	0.1	4.18382E-05	328.529838
5.8	1.71E-11	328.554337	0.1000001	4.10702E-05	328.554337
5.7	1.66E-11	328.57887	0.1000001	4.03039E-05	328.57887
5.6	1.69E-11	328.603406	0.0999999	3.95387E-05	328.603406
5.5	1.63E-11	328.627925	0.1000001	3.87755E-05	328.627925
5.4	1.6E-11	328.65243	0.0999998	3.80139E-05	328.65243
5.3	1.52E-11	328.676965	0.0999999	3.72526E-05	328.676965
5.2	1.52E-11	328.701502	0.0999998	3.64931E-05	328.701502
5.1	1.43E-11	328.726036	0.1	3.57357E-05	328.726036
5	1.43E-11	328.750543	0.0999998	3.49802E-05	328.750543
4.9	1.41E-11	328.775106	0.1000001	3.42251E-05	328.775106
4.8	1.33E-11	328.799652	0.1	3.34722E-05	328.799652
4.7	1.34E-11	328.824195	0.0999999	3.27206E-05	328.824195
4.6	1.26E-11	328.848709	0.0999998	3.19708E-05	328.848709
4.5	1.23E-11	328.873441	0.1	3.12218E-05	328.873441
4.4	1.79E-11	328.928947	0.0999999	3.04791E-05	328.928947
4.3	1.27E-11	328.953549	0.1	2.97328E-05	328.953549
4.2	1.19E-11	328.978173	0.0999999	2.89882E-05	328.978173
4.1	1.09E-11	329.002687	0.1	2.82451E-05	329.002687
4	1.02E-11	329.027303	0.0999998	2.7504E-05	329.027303
3.9	9.6E-12	329.051823	0.0999999	2.67645E-05	329.051823
3.8	8.7E-12	329.076361	0.1000001	2.60266E-05	329.076361
3.7	8.3E-12	329.100914	0.0999999	2.52905E-05	329.100914
3.6	8E-12	329.125453	0.0999999	2.45561E-05	329.125453
3.5	6.6E-12	329.149963	0.1	2.38236E-05	329.149963
3.4	6E-12	329.17448	0.0999999	2.30925E-05	329.17448
3.3	5.3E-12	329.199022	0.1	2.23631E-05	329.199022
3.2	4.8E-12	329.223527	0.1000001	2.16357E-05	329.223527
3.1	4.3E-12	329.248061	0.1	2.09102E-05	329.248061
3	3.3E-12	329.272562	0.1	2.01862E-05	329.272562
2.9	2.8E-12	329.297091	0.1	1.94645E-05	329.297091
2.8	1.9E-12	329.321582	0.0999998	1.87446E-05	329.321582
2.7	1.2E-12	329.346077	0.0999999	1.80272E-05	329.346077
2.6	5E-13	329.37058	0.1	1.73113E-05	329.37058
2.5	7.5E-12	329.428947	0.1000001	1.66037E-05	329.428947
2.4	1.4E-12	329.453592	0.0999999	1.58911E-05	329.453592
2.3	0	329.478142	0.0999998	1.51818E-05	329.478142
2.2	-1.2E-12	329.502701	0.0999999	1.44755E-05	329.502701
2.099999	7E-13	329.529175	0.0999998	1.37748E-05	329.529175
2	-3.4E-12	329.553777	0.1	1.30745E-05	329.553777
1.9	-4.8E-12	329.578322	0.1000001	1.23777E-05	329.578322
1.8	-5.9E-12	329.602887	0.0999999	1.16848E-05	329.602887
1.699999	-7.4E-12	329.627406	0.1	1.09959E-05	329.627406
1.6	-8.8E-12	329.651914	0.1	1.03116E-05	329.651914
1.5	-9.9E-12	329.676434	0.0999998	9.6328E-06	329.676434
1.4	-7.8E-12	329.703486	0.1000001	8.9654E-06	329.703486
1.3	-1.27E-11	329.727986	0.0999998	8.29874E-06	329.727986
1.2	-1.42E-11	329.752498	0.0999999	7.64109E-06	329.752498
1.1	-1.54E-11	329.77704	0.1000001	6.99273E-06	329.77704
1	-1.7E-11	329.801576	0.1	6.35594E-06	329.801576
0.9	-1.87E-11	329.826085	0.1	5.73152E-06	329.826085
0.8	-2.08E-11	329.850624	0.0999998	5.12142E-06	329.850624
0.7	-2.29E-11	329.875169	0.0999999	4.52753E-06	329.875169
0.6	-1.79E-11	329.935977	0.0999998	3.9584E-06	329.935977
0.5	-2.5E-11	329.960572	0.1000001	3.39954E-06	329.960572
0.4	-2.78E-11	329.985088	0.0999998	2.86666E-06	329.985088
0.3	-3E-11	330.009675	0.0999999	2.36282E-06	330.009675
0.1999999	-2.95E-11	330.036135	0.0999999	1.89457E-06	330.036135
0.0999996	-3.51E-11	330.06064	0.0999998	1.46671E-06	330.06064
-5E-07	-3.81E-11	330.085108	0.0999998	1.08669E-06	330.085108
