#scan	iMeasureCycle=1	iMux=0	time=0.032	N=401	LocalTime=19/04/2023 21:07:39
#VGate(V)	IGate(A)	time(s)	VDrain(V)	IDrain(A)	time(s)
-2E-07	-1.588E-10	0.034965	0.1	8.98895E-06	0.034965
-0.1000002	-2.172E-10	0.059829	0.0999999	8.25374E-06	0.059829
-0.2000003	-2.668E-10	0.084351	0.0999997	7.53071E-06	0.084351
-0.300001	-1.968E-10	0.109085	0.0999997	6.8203E-06	0.109085
-0.4	-1.137E-10	0.133604	0.1	6.12509E-06	0.133604
-0.5	-8.88E-11	0.15813	0.0999999	5.44801E-06	0.15813
-0.6	-7.59E-11	0.182814	0.1	4.7919E-06	0.182814
-0.7	-6.86E-11	0.207387	0.0999996	4.16068E-06	0.207387
-0.8	-6.44E-11	0.231895	0.1	3.55848E-06	0.231895
-0.9	-6.15E-11	0.256424	0.1000001	2.99044E-06	0.256424
-1	-5.89E-11	0.280948	0.0999997	2.46248E-06	0.280948
-1.1	-5.78E-11	0.305508	0.0999998	1.97934E-06	0.305508
-1.2	-5.71E-11	0.330014	0.1000001	1.54674E-06	0.330014
-1.3	-5.65E-11	0.354534	0.1000001	1.16776E-06	0.354534
-1.4	-5.18E-11	0.381844	0.0999995	8.48071E-07	0.381844
-1.5	-5.5E-11	0.406435	0.0999995	5.84673E-07	0.406435
-1.6	-5.51E-11	0.430965	0.0999995	3.79407E-07	0.430965
-1.7	-5.52E-11	0.455484	0.0999998	2.28429E-07	0.455484
-1.8	-5.54E-11	0.480104	0.0999999	1.25379E-07	0.480104
-1.9	-4.87E-11	0.517864	0.099995	6.25102E-08	0.517864
-2.000001	-6.75E-11	0.54115	0.1000045	2.66515E-08	0.54115
-2.1	-4.75E-11	0.602669	0.0999984	1.02054E-08	0.602669
-2.2	-6.8E-11	0.62611	0.1000011	3.0811E-09	0.62611
-2.3	-6.73E-11	0.6494	0.1000005	7.824E-10	0.6494
-2.4	-6.78E-11	0.672677	0.1000002	1.587E-10	0.672677
-2.5	-7.02E-11	0.695938	0.1000002	2.17E-11	0.695938
-2.6	-7.11E-11	0.71917	0.1000003	-3.9E-12	0.71917
-2.7	-6.95E-11	0.742465	0.1000003	-7.8E-12	0.742465
-2.8	-7E-11	0.765748	0.1	-8.6E-12	0.765748
-2.9	-7.24E-11	0.788958	0.1000001	-8.2E-12	0.788958
-3	-7.32E-11	0.812184	0.1	-8.3E-12	0.812184
-3.1	-7.12E-11	0.835553	0.1000001	-8.4E-12	0.835553
-3.2	-7.15E-11	0.858842	0.1000001	-8.3E-12	0.858842
-3.3	-7.41E-11	0.88204	0.1000002	-8.2E-12	0.88204
-3.4	-7.46E-11	0.905256	0.1000002	-8E-12	0.905256
-3.5	-7.33E-11	0.928537	0.1000001	-8.1E-12	0.928537
-3.6	-7.52E-11	0.951847	0.1000002	-7.9E-12	0.951847
-3.7	-7.59E-11	0.975144	0.1000001	-7.8E-12	0.975144
-3.8	-7.57E-11	0.998378	0.1	-8E-12	0.998378
-3.9	-7.4E-11	1.021674	0.1000001	-8E-12	1.021674
-4	-7.63E-11	1.044871	0.1	-8E-12	1.044871
-4.1	-5.47E-11	1.098882	0.1000001	-9.6E-12	1.098882
-4.2	-7.45E-11	1.122123	0.1000004	-7.9E-12	1.122123
-4.3	-7.5E-11	1.145342	0.1000001	-7.8E-12	1.145342
-4.4	-7.62E-11	1.168638	0.1000001	-7.8E-12	1.168638
-4.5	-7.36E-11	1.192123	0.1000001	-8.2E-12	1.192123
-4.6	-7.71E-11	1.215366	0.1000001	-7.7E-12	1.215366
-4.7	-7.75E-11	1.238579	0.1000002	-8.2E-12	1.238579
-4.8	-7.6E-11	1.261862	0.1	-7.9E-12	1.261862
-4.9	-7.61E-11	1.28515	0.1	-8E-12	1.28515
-5	-7.8E-11	1.308479	0.1000001	-7.8E-12	1.308479
-5.1	-7.67E-11	1.331774	0.0999999	-8.2E-12	1.331774
-5.2	-7.73E-11	1.355063	0.1000002	-8.2E-12	1.355063
-5.3	-7.85E-11	1.378273	0.1000002	-7.6E-12	1.378273
-5.4	-7.87E-11	1.401499	0.1	-8E-12	1.401499
-5.5	-7.76E-11	1.424872	0.1000001	-8.1E-12	1.424872
-5.6	-7.8E-11	1.448162	0.1	-7.8E-12	1.448162
-5.7	-7.97E-11	1.47147	0.1	-7.8E-12	1.47147
-5.8	-7.84E-11	1.494851	0.1	-8E-12	1.494851
-5.9	-7.9E-11	1.51823	0.1000002	-7.7E-12	1.51823
-6	-8.09E-11	1.541443	0.1000001	-7.7E-12	1.541443
-6.1	-5.98E-11	1.600126	0.0999998	-9.7E-12	1.600126
-6.2	-7.74E-11	1.623438	0.1	-8.1E-12	1.623438
-6.3	-7.99E-11	1.646657	0.1000001	-8E-12	1.646657
-6.4	-8.01E-11	1.669871	0.1000002	-8E-12	1.669871
-6.5	-7.94E-11	1.693202	0.1000001	-7.8E-12	1.693202
-6.6	-7.91E-11	1.716519	0.1000001	-8E-12	1.716519
-6.7	-8.18E-11	1.739732	0.1000001	-7.4E-12	1.739732
-6.8	-8.17E-11	1.762943	0.1000002	-7.7E-12	1.762943
-6.9	-8.02E-11	1.78623	0.1000002	-7.9E-12	1.78623
-7	-7.9E-11	1.809582	0.1	-8E-12	1.809582
-7.1	-8.25E-11	1.832894	0.1000001	-7.6E-12	1.832894
-7.2	-8.12E-11	1.85619	0.1000001	-8E-12	1.85619
-7.3	-8.1E-11	1.879481	0.1000003	-7.8E-12	1.879481
-7.4	-8.31E-11	1.902707	0.0999999	-7.6E-12	1.902707
-7.5	-8.35E-11	1.925929	0.1000001	-7.1E-12	1.925929
-7.6	-8.23E-11	1.949217	0.1000001	-7.4E-12	1.949217
-7.7	-8.31E-11	1.972519	0.1	-7.6E-12	1.972519
-7.8	-8.21E-11	1.995813	0.1000001	-7.4E-12	1.995813
-7.9	-8.09E-11	2.01914	0.1	-7.4E-12	2.01914
-8	-8.21E-11	2.042417	0.1	-7.7E-12	2.042417
-8.1	-6.26E-11	2.101616	0.1	-9.3E-12	2.101616
-8.2	-8.18E-11	2.124853	0.1000002	-7.4E-12	2.124853
-8.3	-8.26E-11	2.148076	0.1000002	-7.4E-12	2.148076
-8.4	-8.14E-11	2.171457	0.1000002	-7.3E-12	2.171457
-8.5	-8.15E-11	2.194811	0.1000001	-7.6E-12	2.194811
-8.6	-8.41E-11	2.218054	0.1000001	-7.3E-12	2.218054
-8.7	-8.4E-11	2.241272	0.1000001	-7.5E-12	2.241272
-8.8	-8.29E-11	2.264548	0.1000002	-8E-12	2.264548
-8.9	-8.23E-11	2.28784	0.1000001	-7.9E-12	2.28784
-9	-8.48E-11	2.311063	0.1000002	-8.1E-12	2.311063
-9.1	-8.48E-11	2.334277	0.1000002	-7.8E-12	2.334277
-9.2	-8.31E-11	2.357566	0.1	-7.8E-12	2.357566
-9.3	-8.34E-11	2.380853	0.1000001	-7.5E-12	2.380853
-9.4	-8.6E-11	2.404228	0.1000002	-7.5E-12	2.404228
-9.5	-8.42E-11	2.427516	0.0999999	-7.4E-12	2.427516
-9.6	-8.45E-11	2.450793	0.1	-7.4E-12	2.450793
-9.7	-8.63E-11	2.474112	0.1000001	-7.1E-12	2.474112
-9.8	-8.54E-11	2.49735	0.1000002	-6.9E-12	2.49735
-9.9	-8.54E-11	2.520681	0.0999999	-7.3E-12	2.520681
-10	-8.68E-11	2.543897	0.1000001	-7.6E-12	2.543897
-9.90001	-6.09E-11	2.603111	0.0999998	-8.7E-12	2.603111
-9.80001	-3.91E-11	2.626356	0.0999995	-1.08E-11	2.626356
-9.70001	-3.76E-11	2.649606	0.0999997	-1.07E-11	2.649606
-9.60001	-3.71E-11	2.672896	0.0999998	-1.08E-11	2.672896
-9.50001	-3.42E-11	2.696164	0.0999998	-1.08E-11	2.696164
-9.40001	-3.33E-11	2.719438	0.0999996	-1.09E-11	2.719438
-9.30001	-3.16E-11	2.742656	0.0999999	-1.14E-11	2.742656
-9.20001	-3.23E-11	2.76594	0.0999998	-1.08E-11	2.76594
-9.10001	-3.12E-11	2.789217	0.0999998	-1.08E-11	2.789217
-9.00001	-2.87E-11	2.812444	0.0999996	-1.05E-11	2.812444
-8.90001	-2.78E-11	2.83575	0.0999995	-1.04E-11	2.83575
-8.80001	-2.91E-11	2.859041	0.0999997	-1.12E-11	2.859041
-8.70001	-2.7E-11	2.882251	0.0999996	-1.12E-11	2.882251
-8.60001	-2.61E-11	2.905459	0.0999996	-1.11E-11	2.905459
-8.50001	-2.61E-11	2.928681	0.0999996	-1.14E-11	2.928681
-8.40001	-2.75E-11	2.951976	0.0999997	-1.09E-11	2.951976
-8.30001	-2.52E-11	2.975287	0.0999997	-1.06E-11	2.975287
-8.20001	-2.47E-11	2.998505	0.0999996	-1.09E-11	2.998505
-8.10001	-2.6E-11	3.021795	0.0999997	-1.07E-11	3.021795
-8.00001	-2.49E-11	3.045083	0.0999997	-1.04E-11	3.045083
-7.90001	-4.38E-11	3.104325	0.1000001	-9.6E-12	3.104325
-7.80001	-2.43E-11	3.127582	0.0999998	-1.11E-11	3.127582
-7.70001	-2.25E-11	3.150805	0.0999997	-1.09E-11	3.150805
-7.6	-2.15E-11	3.174095	0.0999996	-1.14E-11	3.174095
-7.50001	-2.4E-11	3.197443	0.0999997	-1.1E-11	3.197443
-7.40001	-2.12E-11	3.220689	0.0999996	-1.12E-11	3.220689
-7.30001	-2.11E-11	3.243912	0.0999996	-1.12E-11	3.243912
-7.2	-2.24E-11	3.267202	0.0999997	-1.14E-11	3.267202
-7.10001	-2.23E-11	3.29049	0.0999997	-1.13E-11	3.29049
-7.00001	-1.96E-11	3.313793	0.0999996	-1.14E-11	3.313793
-6.90001	-1.94E-11	3.336993	0.0999996	-1.17E-11	3.336993
-6.80001	-2.05E-11	3.360281	0.0999995	-1.18E-11	3.360281
-6.70001	-2.04E-11	3.383564	0.0999997	-1.15E-11	3.383564
-6.60001	-1.79E-11	3.406767	0.0999996	-1.2E-11	3.406767
-6.50001	-1.73E-11	3.429995	0.0999996	-1.16E-11	3.429995
-6.40001	-1.87E-11	3.453281	0.0999998	-1.1E-11	3.453281
-6.30001	-1.67E-11	3.476591	0.0999996	-1.16E-11	3.476591
-6.20001	-1.63E-11	3.499817	0.0999997	-1.13E-11	3.499817
-6.10001	-1.62E-11	3.52308	0.0999997	-1.15E-11	3.52308
-6.00001	-1.73E-11	3.546364	0.0999997	-1.12E-11	3.546364
-5.90001	-3.59E-11	3.601486	0.1	-9.8E-12	3.601486
-5.80001	-1.78E-11	3.624797	0.0999995	-1.18E-11	3.624797
-5.70001	-1.54E-11	3.648021	0.0999997	-1.14E-11	3.648021
-5.60001	-1.51E-11	3.671237	0.0999997	-1.13E-11	3.671237
-5.50001	-1.66E-11	3.694586	0.0999998	-1.15E-11	3.694586
-5.40001	-1.43E-11	3.717841	0.0999998	-1.15E-11	3.717841
-5.30001	-1.35E-11	3.741168	0.0999996	-1.17E-11	3.741168
-5.20001	-1.46E-11	3.764469	0.0999997	-1.14E-11	3.764469
-5.1	-1.37E-11	3.787747	0.0999996	-1.19E-11	3.787747
-5.00001	-1.26E-11	3.810953	0.0999998	-1.21E-11	3.810953
-4.90001	-1.34E-11	3.834248	0.0999998	-1.23E-11	3.834248
-4.80001	-1.29E-11	3.857625	0.0999995	-1.18E-11	3.857625
-4.7	-1.28E-11	3.880919	0.0999998	-1.15E-11	3.880919
-4.60001	-1.07E-11	3.904124	0.0999997	-1.22E-11	3.904124
-4.50001	-1.16E-11	3.927421	0.0999997	-1.19E-11	3.927421
-4.40001	-1.14E-11	3.950707	0.0999996	-1.19E-11	3.950707
-4.3	-9.9E-12	3.973943	0.0999996	-1.21E-11	3.973943
-4.20001	-8.6E-12	3.997236	0.0999995	-1.24E-11	3.997236
-4.10001	-9.6E-12	4.020531	0.0999998	-1.22E-11	4.020531
-4.00001	-9.4E-12	4.043841	0.0999998	-1.23E-11	4.043841
-3.90001	-7.6E-12	4.06707	0.0999997	-1.22E-11	4.06707
-3.80001	-2.68E-11	4.103306	0.0999999	-1.04E-11	4.103306
-3.70001	-7E-12	4.126547	0.0999998	-1.23E-11	4.126547
-3.60001	-8.2E-12	4.14992	0.0999996	-1.25E-11	4.14992
-3.50001	-6E-12	4.173245	0.0999997	-1.24E-11	4.173245
-3.40001	-4.8E-12	4.196517	0.0999995	-1.25E-11	4.196517
-3.30001	-6E-12	4.219825	0.0999997	-1.23E-11	4.219825
-3.20001	-5.1E-12	4.243116	0.0999997	-1.27E-11	4.243116
-3.10001	-2.5E-12	4.266321	0.0999997	-1.26E-11	4.266321
-3.00001	-3E-12	4.289563	0.0999995	-1.27E-11	4.289563
-2.90001	-3.6E-12	4.312853	0.0999998	-1.28E-11	4.312853
-2.80001	-4.2E-12	4.336225	0.0999998	-1.22E-11	4.336225
-2.70001	-1.8E-12	4.359512	0.0999997	-1.06E-11	4.359512
-2.60001	4E-13	4.382712	0.0999997	1.1E-12	4.382712
-2.50001	-9E-13	4.406082	0.0999998	6.54E-11	4.406082
-2.40001	1.2E-12	4.429309	0.0999998	3.691E-10	4.429309
-2.30001	2.9E-12	4.45252	0.1000002	1.5419E-09	4.45252
-2.20001	3.2E-12	4.475733	0.1000009	5.3002E-09	4.475733
-2.1	-1.27E-11	4.500999	0.1000055	1.54146E-08	4.500999
-2	2.7E-12	4.524352	0.100004	3.84001E-08	4.524352
-1.9	5.8E-12	4.547571	0.0999956	8.29881E-08	4.547571
-1.800001	-1.74E-11	4.621299	0.1	1.53211E-07	4.621299
-1.7	-1.12E-11	4.645853	0.1000005	2.7206E-07	4.645853
-1.6	-9.4E-12	4.670359	0.1000005	4.38943E-07	4.670359
-1.500001	-1.06E-11	4.696005	0.1000006	6.59004E-07	4.696005
-1.4	-6.8E-12	4.720581	0.1000008	9.36411E-07	4.720581
-1.300001	-1.07E-11	4.755174	0.0999999	1.26504E-06	4.755174
-1.200001	-4.8E-12	4.779695	0.0999999	1.65735E-06	4.779695
-1.100001	-3.8E-12	4.804245	0.1000001	2.09993E-06	4.804245
-1	-2.1E-12	4.828787	0.0999999	2.58991E-06	4.828787
-0.9	-1E-12	4.853374	0.1000001	3.12343E-06	4.853374
-0.800001	3E-13	4.877929	0.1000001	3.69404E-06	4.877929
-0.700001	2E-12	4.902467	0.1000001	4.29768E-06	4.902467
-0.6	3.6E-12	4.927006	0.1000001	4.92867E-06	4.927006
-0.5	4.7E-12	4.951519	0.1	5.58432E-06	4.951519
-0.4	6.4E-12	4.976021	0.1000002	6.25942E-06	4.976021
-0.3	7.9E-12	5.000627	0.1000001	6.9518E-06	5.000627
-0.1999999	6.3E-12	5.027044	0.1	7.65752E-06	5.027044
-0.0999998	1.1E-11	5.051567	0.1	8.3761E-06	5.051567
-2E-07	7E-12	5.100281	0.0999999	9.09784E-06	5.100281
0.1	8.9E-12	5.137666	0.1	9.8342E-06	5.137666
0.2	1.04E-11	5.172397	0.1000001	1.05729E-05	5.172397
0.3	1.69E-11	5.197125	0.1	1.1328E-05	5.197125
0.4	1.94E-11	5.22171	0.0999999	1.20889E-05	5.22171
0.5	2.09E-11	5.246317	0.1000001	1.28559E-05	5.246317
0.6	2.34E-11	5.270818	0.1	1.36295E-05	5.270818
0.7	2.56E-11	5.295332	0.1	1.44079E-05	5.295332
0.799999	2.69E-11	5.319833	0.1	1.51908E-05	5.319833
0.9	2.9E-11	5.344366	0.1000003	1.59785E-05	5.344366
0.999999	3.08E-11	5.368895	0.0999999	1.67706E-05	5.368895
1.1	3.26E-11	5.393418	0.1	1.75646E-05	5.393418
1.2	3.47E-11	5.41792	0.0999999	1.83615E-05	5.41792
1.3	3.58E-11	5.442469	0.1	1.91617E-05	5.442469
1.4	3.71E-11	5.466975	0.1000001	1.99629E-05	5.466975
1.5	3.85E-11	5.491601	0.1000003	2.07654E-05	5.491601
1.599999	3.98E-11	5.516204	0.1	2.15698E-05	5.516204
1.699999	4.03E-11	5.540797	0.1000002	2.23756E-05	5.540797
1.8	4.16E-11	5.565311	0.1000003	2.31817E-05	5.565311
1.899999	3.55E-11	5.616135	0.1000002	2.39789E-05	5.616135
1.999999	4.1E-11	5.640744	0.1000002	2.47908E-05	5.640744
2.1	4.23E-11	5.665249	0.1000002	2.56011E-05	5.665249
2.19999	4.29E-11	5.689955	0.0999999	2.64069E-05	5.689955
2.29999	4.35E-11	5.714543	0.1	2.72183E-05	5.714543
2.39999	4.43E-11	5.739073	0.1	2.80304E-05	5.739073
2.49999	4.51E-11	5.763587	0.1000002	2.88426E-05	5.763587
2.59999	4.56E-11	5.788099	0.1000001	2.96557E-05	5.788099
2.69999	4.63E-11	5.812623	0.1000001	3.04703E-05	5.812623
2.79999	4.68E-11	5.837144	0.1000002	3.12849E-05	5.837144
2.89999	4.68E-11	5.861794	0.1	3.21001E-05	5.861794
2.99999	4.72E-11	5.886323	0.1000001	3.29161E-05	5.886323
3.09999	4.79E-11	5.910856	0.0999999	3.37327E-05	5.910856
3.19999	4.86E-11	5.93537	0.1000001	3.45487E-05	5.93537
3.29999	4.87E-11	5.959899	0.1000001	3.53672E-05	5.959899
3.39999	4.92E-11	5.984499	0.1	3.61857E-05	5.984499
3.49999	4.89E-11	6.009034	0.1000002	3.70057E-05	6.009034
3.59999	4.94E-11	6.033562	0.0999999	3.78262E-05	6.033562
3.69999	4.95E-11	6.058101	0.1000002	3.86464E-05	6.058101
3.79999	4.27E-11	6.115687	0.0999999	3.94563E-05	6.115687
3.89999	4.81E-11	6.140249	0.0999999	4.02837E-05	6.140249
3.99999	4.92E-11	6.164769	0.1000001	4.11086E-05	6.164769
4.09999	4.96E-11	6.189389	0.1000001	4.19346E-05	6.189389
4.19999	4.99E-11	6.213957	0.1	4.27605E-05	6.213957
4.29999	4.99E-11	6.238491	0.1000001	4.35867E-05	6.238491
4.39999	5.05E-11	6.263014	0.1	4.44133E-05	6.263014
4.49999	5.11E-11	6.287531	0.1	4.52414E-05	6.287531
4.59999	5.13E-11	6.312045	0.1	4.60693E-05	6.312045
4.69999	5.18E-11	6.336572	0.1	4.68982E-05	6.336572
4.79999	5.17E-11	6.36111	0.1000001	4.77284E-05	6.36111
4.89999	5.17E-11	6.385608	0.1000001	4.85595E-05	6.385608
4.99999	5.21E-11	6.410218	0.1000001	4.9391E-05	6.410218
5.09999	5.26E-11	6.434716	0.1000001	5.02234E-05	6.434716
5.19999	5.21E-11	6.459358	0.1000001	5.10576E-05	6.459358
5.29999	5.27E-11	6.48382	0.1000002	5.1892E-05	6.48382
5.39999	5.25E-11	6.508385	0.1000002	5.27272E-05	6.508385
5.49999	5.35E-11	6.532985	0.1000002	5.35632E-05	6.532985
5.59999	5.31E-11	6.557587	0.1	5.44005E-05	6.557587
5.69999	4.73E-11	6.616458	0.0999999	5.52276E-05	6.616458
5.79999	5.21E-11	6.64101	0.0999998	5.60704E-05	6.64101
5.89999	5.23E-11	6.665623	0.1000001	5.69123E-05	6.665623
5.99999	5.28E-11	6.690158	0.1	5.77541E-05	6.690158
6.09999	5.29E-11	6.714809	0.1000001	5.85965E-05	6.714809
6.19999	5.37E-11	6.739354	0.0999998	5.94396E-05	6.739354
6.29999	5.32E-11	6.763942	0.0999999	6.0284E-05	6.763942
6.39999	5.4E-11	6.788451	0.1000001	6.11285E-05	6.788451
6.49999	5.4E-11	6.812976	0.1	6.19758E-05	6.812976
6.59999	5.43E-11	6.837477	0.0999999	6.28235E-05	6.837477
6.69999	5.43E-11	6.862112	0.1	6.36716E-05	6.862112
6.79999	5.42E-11	6.886684	0.1	6.45208E-05	6.886684
6.89999	5.45E-11	6.911192	0.1	6.53701E-05	6.911192
6.99999	5.52E-11	6.935715	0.0999998	6.62216E-05	6.935715
7.09999	5.55E-11	6.960224	0.1	6.70734E-05	6.960224
7.19999	5.56E-11	6.984788	0.1	6.79261E-05	6.984788
7.29999	5.57E-11	7.009291	0.1	6.87804E-05	7.009291
7.39999	5.58E-11	7.033812	0.1000001	6.96369E-05	7.033812
7.49999	5.58E-11	7.058313	0.1000002	7.04922E-05	7.058313
7.59999	4.87E-11	7.118362	0.1000001	7.13395E-05	7.118362
7.69999	5.41E-11	7.142885	0.1000002	7.2201E-05	7.142885
7.79999	5.47E-11	7.167424	0.0999999	7.30616E-05	7.167424
7.89999	5.54E-11	7.19205	0.1	7.39226E-05	7.19205
7.99999	5.55E-11	7.216643	0.0999999	7.47847E-05	7.216643
8.09999	5.61E-11	7.241174	0.1000002	7.56466E-05	7.241174
8.19999	5.64E-11	7.265689	0.1	7.65096E-05	7.265689
8.29999	5.69E-11	7.290222	0.1000002	7.73749E-05	7.290222
8.39999	5.71E-11	7.314728	0.1000002	7.82402E-05	7.314728
8.49999	5.68E-11	7.33927	0.1	7.91076E-05	7.33927
8.59999	5.73E-11	7.363789	0.0999999	7.99743E-05	7.363789
8.69999	5.71E-11	7.38832	0.1000002	8.08432E-05	7.38832
8.79999	5.72E-11	7.412828	0.1000002	8.1713E-05	7.412828
8.89999	5.76E-11	7.43739	0.1000001	8.25823E-05	7.43739
8.99999	5.76E-11	7.461936	0.1000001	8.34547E-05	7.461936
9.09999	5.8E-11	7.486416	0.1000003	8.43282E-05	7.486416
9.19999	5.74E-11	7.510962	0.1000003	8.52015E-05	7.510962
9.29999	5.84E-11	7.535566	0.1000004	8.60733E-05	7.535566
9.39999	5.81E-11	7.56012	0.1000002	8.69524E-05	7.56012
9.49999	5.16E-11	7.615423	0.0999999	8.78257E-05	7.615423
9.59999	5.61E-11	7.639944	0.0999998	8.8708E-05	7.639944
9.69999	5.68E-11	7.664479	0.1	8.95891E-05	7.664479
9.79999	5.7E-11	7.68902	0.0999999	9.04707E-05	7.68902
9.89999	5.76E-11	7.713611	0.0999999	9.13528E-05	7.713611
9.99999	5.7E-11	7.738145	0.1000002	9.22358E-05	7.738145
9.9	4.4E-11	7.762698	0.1000001	9.13375E-05	7.762698
9.8	4.1E-11	7.787215	0.1	9.04464E-05	7.787215
9.7	3.93E-11	7.811741	0.0999998	8.95569E-05	7.811741
9.6	3.72E-11	7.836248	0.1	8.86686E-05	7.836248
9.5	3.63E-11	7.860898	0.0999996	8.77828E-05	7.860898
9.4	3.46E-11	7.885435	0.1000003	8.68996E-05	7.885435
9.3	3.35E-11	7.90994	0.1000002	8.60158E-05	7.90994
9.2	3.25E-11	7.934447	0.0999998	8.5133E-05	7.934447
9.1	3.2E-11	7.95898	0.1000001	8.42519E-05	7.95898
9	3.12E-11	7.983503	0.0999998	8.33731E-05	7.983503
8.9	3.05E-11	8.008101	0.0999998	8.24982E-05	8.008101
8.8	2.99E-11	8.032634	0.1	8.16191E-05	8.032634
8.7	2.93E-11	8.05714	0.0999997	8.07405E-05	8.05714
8.6	3.59E-11	8.119706	0.1	7.98694E-05	8.119706
8.5	3.04E-11	8.14428	0.1	7.89902E-05	8.14428
8.4	2.85E-11	8.168818	0.1000001	7.81143E-05	8.168818
8.3	2.76E-11	8.193414	0.1000001	7.72411E-05	8.193414
8.2	2.68E-11	8.218009	0.1000001	7.63697E-05	8.218009
8.1	2.62E-11	8.242546	0.1	7.54982E-05	8.242546
8	2.54E-11	8.267071	0.1000001	7.46276E-05	8.267071
7.9	2.48E-11	8.291587	0.0999999	7.37584E-05	8.291587
7.8	2.42E-11	8.31612	0.0999998	7.28915E-05	8.31612
7.7	2.43E-11	8.34066	0.1000001	7.20243E-05	8.34066
7.6	2.39E-11	8.3652	0.0999999	7.11595E-05	8.3652
7.5	2.36E-11	8.38973	0.1000001	7.02953E-05	8.38973
7.4	2.3E-11	8.414358	0.1	6.94309E-05	8.414358
7.3	2.25E-11	8.43891	0.0999998	6.85685E-05	8.43891
7.2	2.25E-11	8.463458	0.0999997	6.77064E-05	8.463458
7.1	2.22E-11	8.488077	0.1	6.68457E-05	8.488077
7	2.12E-11	8.512626	0.1000001	6.59861E-05	8.512626
6.9	2.16E-11	8.537296	0.0999999	6.51274E-05	8.537296
6.8	2.07E-11	8.561804	0.0999999	6.42693E-05	8.561804
6.7	2.73E-11	8.623193	0.1	6.34195E-05	8.623193
6.6	2.16E-11	8.647714	0.1	6.25628E-05	8.647714
6.5	2.09E-11	8.672273	0.1000001	6.17067E-05	8.672273
6.4	1.98E-11	8.696817	0.1000001	6.08517E-05	8.696817
6.3	1.99E-11	8.721415	0.1000001	5.99984E-05	8.721415
6.2	1.88E-11	8.745916	0.0999998	5.91455E-05	8.745916
6.1	1.86E-11	8.770521	0.1	5.82932E-05	8.770521
6	1.84E-11	8.795034	0.1	5.74428E-05	8.795034
5.9	1.82E-11	8.819606	0.1	5.6593E-05	8.819606
5.8	1.77E-11	8.844106	0.1	5.57448E-05	8.844106
5.7	1.75E-11	8.868751	0.1	5.48963E-05	8.868751
5.6	1.67E-11	8.893279	0.0999998	5.40497E-05	8.893279
5.5	1.61E-11	8.917793	0.1	5.3204E-05	8.917793
5.4	1.58E-11	8.942324	0.1	5.23591E-05	8.942324
5.3	1.52E-11	8.966854	0.1000001	5.15151E-05	8.966854
5.2	1.47E-11	8.991417	0.1	5.06709E-05	8.991417
5.1	1.49E-11	9.015933	0.0999998	4.98294E-05	9.015933
5	1.43E-11	9.040461	0.0999999	4.89883E-05	9.040461
4.9	1.37E-11	9.064977	0.0999999	4.81473E-05	9.064977
4.8	1.96E-11	9.120423	0.0999999	4.73125E-05	9.120423
4.7	1.44E-11	9.144952	0.1000002	4.64732E-05	9.144952
4.6	1.35E-11	9.169465	0.1	4.56341E-05	9.169465
4.5	1.27E-11	9.194114	0.1	4.47977E-05	9.194114
4.4	1.21E-11	9.218705	0.0999999	4.39612E-05	9.218705
4.3	1.17E-11	9.243227	0.1000001	4.31266E-05	9.243227
4.2	1.08E-11	9.267749	0.0999998	4.22915E-05	9.267749
4.1	1.07E-11	9.292255	0.1000001	4.14582E-05	9.292255
4	9.7E-12	9.316773	0.0999998	4.06257E-05	9.316773
3.9	8.9E-12	9.341272	0.1000001	3.97943E-05	9.341272
3.8	8.4E-12	9.365792	0.1000001	3.8963E-05	9.365792
3.7	8.1E-12	9.390299	0.1	3.81326E-05	9.390299
3.6	7.5E-12	9.414832	0.0999999	3.73031E-05	9.414832
3.5	6.9E-12	9.439365	0.0999999	3.64753E-05	9.439365
3.4	6.2E-12	9.463877	0.0999999	3.56479E-05	9.463877
3.3	5.6E-12	9.488372	0.1000001	3.48211E-05	9.488372
3.2	5E-12	9.512975	0.0999997	3.39959E-05	9.512975
3.1	4.5E-12	9.537581	0.0999998	3.31717E-05	9.537581
3	3.8E-12	9.562153	0.1	3.23479E-05	9.562153
2.9	1.09E-11	9.62494	0.1000001	3.15315E-05	9.62494
2.8	4.6E-12	9.64953	0.1	3.07083E-05	9.64953
2.7	2.9E-12	9.67403	0.0999998	2.98867E-05	9.67403
2.6	2E-12	9.698615	0.0999999	2.90661E-05	9.698615
2.5	1.1E-12	9.723196	0.1	2.82473E-05	9.723196
2.4	5E-13	9.747751	0.1	2.74304E-05	9.747751
2.3	-1.2E-12	9.772275	0.1	2.66132E-05	9.772275
2.2	-2.7E-12	9.796729	0.1	2.57977E-05	9.796729
2.099999	6E-13	9.823132	0.0999998	2.49898E-05	9.823132
2	-3.9E-12	9.847639	0.0999998	2.41767E-05	9.847639
1.9	-4.9E-12	9.87225	0.0999999	2.3366E-05	9.87225
1.8	-6.1E-12	9.896776	0.1	2.25558E-05	9.896776
1.7	-7.2E-12	9.92132	0.0999998	2.17486E-05	9.92132
1.6	-8.6E-12	9.945856	0.1	2.09422E-05	9.945856
1.5	-9.9E-12	9.970387	0.0999999	2.01381E-05	9.970387
1.4	-1.11E-11	9.994895	0.0999998	1.93366E-05	9.994895
1.3	-1.21E-11	10.019445	0.1	1.8538E-05	10.019445
1.2	-1.41E-11	10.043959	0.0999998	1.77419E-05	10.043959
1.1	-1.53E-11	10.068471	0.0999998	1.69492E-05	10.068471
1	-9.9E-12	10.127654	0.0999999	1.6167E-05	10.127654
0.9	-1.68E-11	10.152142	0.0999999	1.53813E-05	10.152142
0.8	-1.9E-11	10.176671	0.1	1.46021E-05	10.176671
0.7	-2.14E-11	10.201205	0.0999998	1.38285E-05	10.201205
0.6	-2.34E-11	10.225775	0.1000001	1.3061E-05	10.225775
0.5	-2.58E-11	10.250302	0.0999998	1.23023E-05	10.250302
0.4	-2.75E-11	10.274858	0.0999998	1.15498E-05	10.274858
0.3	-3.02E-11	10.299389	0.0999999	1.08053E-05	10.299389
0.1999999	-2.94E-11	10.325818	0.1	1.00687E-05	10.325818
0.0999996	-3.43E-11	10.350345	0.0999999	9.3392E-06	10.350345
0	-3.31E-11	10.37746	0.1	8.62468E-06	10.37746
#scan	iMeasureCycle=2	iMux=0	time=279.833	N=401	LocalTime=19/04/2023 21:12:19
#VGate(V)	IGate(A)	time(s)	VDrain(V)	IDrain(A)	time(s)
-1E-07	-1.57E-11	279.840624	0.1000001	8.79913E-06	279.840624
-0.1000003	-2.31E-11	279.865494	0.1000001	8.07202E-06	279.865494
-0.2000002	-2.48E-11	279.891258	0.0999997	7.35713E-06	279.891258
-0.3	-3.03E-11	279.915952	0.1	6.65556E-06	279.915952
-0.4	-3.34E-11	279.9405	0.0999999	5.96939E-06	279.9405
-0.5	-3.6E-11	279.965007	0.0999999	5.30301E-06	279.965007
-0.6	-3.83E-11	279.989536	0.0999999	4.65762E-06	279.989536
-0.7	-3.99E-11	280.014051	0.0999998	4.03775E-06	280.014051
-0.8	-4.21E-11	280.038664	0.1	3.44722E-06	280.038664
-0.9	-4.35E-11	280.063178	0.0999999	2.89135E-06	280.063178
-1	-4.47E-11	280.087687	0.1	2.37552E-06	280.087687
-1.1	-4.6E-11	280.112191	0.0999999	1.90402E-06	280.112191
-1.2	-4.67E-11	280.136711	0.1	1.48256E-06	280.136711
-1.3	-4.78E-11	280.161219	0.0999998	1.11498E-06	280.161219
-1.4	-4.5E-11	280.188524	0.0999996	8.05624E-07	280.188524
-1.5	-4.93E-11	280.213046	0.0999994	5.51647E-07	280.213046
-1.6	-5.04E-11	280.237662	0.0999995	3.54929E-07	280.237662
-1.7	-5.1E-11	280.262229	0.0999996	2.11588E-07	280.262229
-1.8	-5.2E-11	280.28675	0.0999999	1.14629E-07	280.28675
-1.9	-4.68E-11	280.324405	0.0999951	5.62255E-08	280.324405
-2.000001	-6.67E-11	280.347629	0.1000067	2.35386E-08	280.347629
-2.1	-4.55E-11	280.408363	0.0999991	8.8401E-09	280.408363
-2.2	-6.62E-11	280.431812	0.1000008	2.6191E-09	280.431812
-2.3	-6.78E-11	280.45503	0.1000005	6.527E-10	280.45503
-2.4	-6.85E-11	280.478248	0.1000003	1.295E-10	280.478248
-2.5	-6.8E-11	280.501601	0.1000002	1.61E-11	280.501601
-2.6	-6.91E-11	280.524851	0.1000001	-4.8E-12	280.524851
-2.7	-7.08E-11	280.548151	0.1000002	-8.2E-12	280.548151
-2.8	-6.94E-11	280.571519	0.1000001	-8.3E-12	280.571519
-2.9	-6.9E-11	280.594877	0.1	-8.7E-12	280.594877
-3	-7.26E-11	280.618083	0.1000001	-8.6E-12	280.618083
-3.1	-7.28E-11	280.641294	0.1000001	-8.4E-12	280.641294
-3.2	-7.14E-11	280.664593	0.1000001	-8.5E-12	280.664593
-3.3	-7.18E-11	280.687869	0.1	-8.4E-12	280.687869
-3.4	-7.33E-11	280.711099	0.1000002	-8.4E-12	280.711099
-3.5	-7.25E-11	280.734405	0.1000001	-8.3E-12	280.734405
-3.6	-7.27E-11	280.757695	0.1000001	-8.4E-12	280.757695
-3.7	-7.29E-11	280.781008	0.1	-8.3E-12	280.781008
-3.8	-7.54E-11	280.804208	0.1000002	-7.9E-12	280.804208
-3.9	-7.38E-11	280.827491	0.1000002	-7.9E-12	280.827491
-4	-7.38E-11	280.850859	0.1000001	-8.1E-12	280.850859
-4.1	-5.5E-11	280.904578	0.1000001	-9.8E-12	280.904578
-4.2	-7.28E-11	280.927888	0.1000001	-8.4E-12	280.927888
-4.3	-7.31E-11	280.951206	0.1	-8.2E-12	280.951206
-4.4	-7.63E-11	280.974424	0.1000002	-8E-12	280.974424
-4.5	-7.52E-11	280.997759	0.1	-8.4E-12	280.997759
-4.6	-7.51E-11	281.021043	0.1000001	-8.4E-12	281.021043
-4.7	-7.75E-11	281.044347	0.1000002	-7.8E-12	281.044347
-4.8	-7.81E-11	281.067567	0.1000001	-8.1E-12	281.067567
-4.9	-7.65E-11	281.090854	0.1000001	-8.4E-12	281.090854
-5	-7.65E-11	281.114138	0.1000002	-8E-12	281.114138
-5.1	-7.87E-11	281.137358	0.1000002	-7.8E-12	281.137358
-5.2	-7.88E-11	281.160567	0.1000002	-7.7E-12	281.160567
-5.3	-7.72E-11	281.183859	0.1000002	-7.7E-12	281.183859
-5.4	-7.72E-11	281.207147	0.1000001	-7.4E-12	281.207147
-5.5	-7.95E-11	281.230453	0.1000002	-7.8E-12	281.230453
-5.6	-7.97E-11	281.253666	0.1000001	-7.7E-12	281.253666
-5.7	-7.98E-11	281.276927	0.1000002	-7.7E-12	281.276927
-5.8	-8.05E-11	281.300138	0.1000001	-7.6E-12	281.300138
-5.9	-8.02E-11	281.323354	0.1000001	-7.7E-12	281.323354
-6	-8.06E-11	281.346585	0.1000001	-7.9E-12	281.346585
-6.1	-5.95E-11	281.40175	0.1000001	-9E-12	281.40175
-6.2	-7.71E-11	281.425119	0.1000001	-8.1E-12	281.425119
-6.3	-7.95E-11	281.448352	0.1000001	-7.7E-12	281.448352
-6.4	-8.1E-11	281.471578	0.1	-7.5E-12	281.471578
-6.5	-8.16E-11	281.494846	0.1000002	-7.4E-12	281.494846
-6.6	-7.92E-11	281.518138	0.1000001	-7.4E-12	281.518138
-6.7	-8.18E-11	281.541444	0.1	-7.9E-12	281.541444
-6.8	-8.17E-11	281.564741	0.1000004	-7.7E-12	281.564741
-6.9	-8.01E-11	281.588043	0.1	-7.6E-12	281.588043
-7	-8.06E-11	281.611332	0.1000001	-7.5E-12	281.611332
-7.1	-8.24E-11	281.634556	0.1000001	-7.4E-12	281.634556
-7.2	-8.28E-11	281.657775	0.1000001	-7.1E-12	281.657775
-7.3	-8.12E-11	281.681082	0.1000002	-7.6E-12	281.681082
-7.4	-8.21E-11	281.704354	0.1000002	-8E-12	281.704354
-7.5	-8.33E-11	281.727753	0.1000002	-7.5E-12	281.727753
-7.6	-8.21E-11	281.751047	0.1000001	-7.5E-12	281.751047
-7.7	-8.22E-11	281.774461	0.1000001	-7.2E-12	281.774461
-7.8	-8.44E-11	281.797676	0.1000002	-7.5E-12	281.797676
-7.9	-8.42E-11	281.820888	0.1	-7.1E-12	281.820888
-8	-8.24E-11	281.844178	0.1	-7.4E-12	281.844178
-8.1	-8.2E-11	281.867486	0.1000003	-7.5E-12	281.867486
-8.2	-6.43E-11	281.908139	0.0999999	-8.8E-12	281.908139
-8.3	-8.2E-11	281.931451	0.1	-7.6E-12	281.931451
-8.4	-8.18E-11	281.954757	0.1000002	-7.7E-12	281.954757
-8.5	-8.42E-11	281.977982	0.1000001	-7.2E-12	281.977982
-8.6	-8.24E-11	282.001331	0.1000001	-7.4E-12	282.001331
-8.7	-8.32E-11	282.024608	0.1000002	-7.5E-12	282.024608
-8.8	-8.5E-11	282.047908	0.1000002	-7.4E-12	282.047908
-8.9	-8.54E-11	282.07113	0.1000001	-7.4E-12	282.07113
-9	-8.36E-11	282.094433	0.1000001	-7.3E-12	282.094433
-9.1	-8.38E-11	282.117713	0.1000002	-7.4E-12	282.117713
-9.2	-8.56E-11	282.140932	0.1000001	-7E-12	282.140932
-9.3	-8.6E-11	282.164221	0.1	-6.8E-12	282.164221
-9.4	-8.41E-11	282.187516	0.1000001	-7.2E-12	282.187516
-9.5	-8.39E-11	282.210813	0.1000002	-7.6E-12	282.210813
-9.6	-8.66E-11	282.234117	0.1000001	-7E-12	282.234117
-9.7	-8.65E-11	282.257335	0.1000002	-7.6E-12	282.257335
-9.8	-8.44E-11	282.280649	0.1000001	-6.9E-12	282.280649
-9.9	-8.63E-11	282.303861	0.1000001	-6.9E-12	282.303861
-10	-8.7E-11	282.327086	0.1000001	-7E-12	282.327086
-9.90001	-4.56E-11	282.350378	0.0999997	-1E-11	282.350378
-9.80001	-5.86E-11	282.408944	0.0999999	-9E-12	282.408944
-9.70001	-3.81E-11	282.432185	0.0999998	-1.05E-11	282.432185
-9.60001	-3.57E-11	282.455393	0.0999997	-1.07E-11	282.455393
-9.50001	-3.59E-11	282.478691	0.0999999	-1.05E-11	282.478691
-9.40001	-3.46E-11	282.502039	0.0999996	-1.08E-11	282.502039
-9.30001	-3.19E-11	282.525245	0.0999998	-1.06E-11	282.525245
-9.20001	-3.07E-11	282.548518	0.0999995	-1.08E-11	282.548518
-9.10001	-3.13E-11	282.571883	0.0999996	-1.1E-11	282.571883
-9.00001	-3.02E-11	282.595179	0.0999997	-1.05E-11	282.595179
-8.90001	-2.82E-11	282.618393	0.0999996	-1.05E-11	282.618393
-8.80001	-2.93E-11	282.641684	0.0999997	-1.08E-11	282.641684
-8.70001	-2.88E-11	282.664971	0.0999997	-1.06E-11	282.664971
-8.60001	-2.62E-11	282.688174	0.0999999	-1.12E-11	282.688174
-8.50001	-2.61E-11	282.711394	0.0999997	-1.11E-11	282.711394
-8.40001	-2.55E-11	282.734608	0.0999997	-1.12E-11	282.734608
-8.30001	-2.67E-11	282.757893	0.0999996	-1.11E-11	282.757893
-8.20001	-2.6E-11	282.781212	0.0999998	-1.11E-11	282.781212
-8.10001	-2.3E-11	282.804427	0.0999995	-1.11E-11	282.804427
-8.00001	-2.33E-11	282.827633	0.0999996	-1.17E-11	282.827633
-7.90001	-2.44E-11	282.850927	0.0999998	-1.12E-11	282.850927
-7.80001	-4.38E-11	282.910581	0.1	-9.5E-12	282.910581
-7.70001	-2.4E-11	282.933798	0.0999997	-1.14E-11	282.933798
-7.6	-2.46E-11	282.957104	0.0999997	-1.12E-11	282.957104
-7.50001	-2.4E-11	282.980408	0.0999996	-1.12E-11	282.980408
-7.40001	-2.12E-11	283.003682	0.0999997	-1.12E-11	283.003682
-7.30001	-2.1E-11	283.026896	0.0999998	-1.13E-11	283.026896
-7.2	-2.22E-11	283.050267	0.0999997	-1.11E-11	283.050267
-7.10001	-2.05E-11	283.07348	0.0999996	-1.1E-11	283.07348
-7.00001	-1.97E-11	283.096709	0.0999999	-1.11E-11	283.096709
-6.90001	-2.15E-11	283.120005	0.0999997	-1.1E-11	283.120005
-6.80001	-2.1E-11	283.143295	0.0999998	-1.09E-11	283.143295
-6.70001	-1.9E-11	283.166501	0.0999996	-1.12E-11	283.166501
-6.60001	-1.86E-11	283.189719	0.0999997	-1.17E-11	283.189719
-6.50001	-1.83E-11	283.21293	0.0999997	-1.14E-11	283.21293
-6.40001	-1.91E-11	283.236221	0.0999996	-1.14E-11	283.236221
-6.30001	-1.72E-11	283.259528	0.0999997	-1.16E-11	283.259528
-6.20001	-1.63E-11	283.282771	0.0999997	-1.18E-11	283.282771
-6.10001	-1.83E-11	283.306074	0.0999997	-1.14E-11	283.306074
-6.00001	-1.78E-11	283.329352	0.0999996	-1.15E-11	283.329352
-5.90001	-1.61E-11	283.352559	0.0999998	-1.15E-11	283.352559
-5.80001	-3.62E-11	283.407825	0.0999999	-9.8E-12	283.407825
-5.70001	-1.66E-11	283.431118	0.0999999	-1.2E-11	283.431118
-5.60001	-1.74E-11	283.454412	0.0999997	-1.13E-11	283.454412
-5.50001	-1.69E-11	283.477696	0.0999998	-1.16E-11	283.477696
-5.40001	-1.38E-11	283.500972	0.0999998	-1.2E-11	283.500972
-5.30001	-1.3E-11	283.524188	0.0999997	-1.21E-11	283.524188
-5.20001	-1.45E-11	283.547527	0.0999999	-1.19E-11	283.547527
-5.1	-1.44E-11	283.57081	0.0999997	-1.18E-11	283.57081
-5.00001	-1.2E-11	283.594105	0.0999998	-1.21E-11	283.594105
-4.90001	-1.24E-11	283.617339	0.0999996	-1.22E-11	283.617339
-4.80001	-1.29E-11	283.64063	0.0999997	-1.22E-11	283.64063
-4.7	-1.11E-11	283.663842	0.0999997	-1.23E-11	283.663842
-4.60001	-1.03E-11	283.687066	0.0999999	-1.23E-11	283.687066
-4.50001	-9.6E-12	283.710268	0.0999997	-1.2E-11	283.710268
-4.40001	-1.08E-11	283.733564	0.0999997	-1.19E-11	283.733564
-4.3	-1.11E-11	283.756859	0.0999997	-1.18E-11	283.756859
-4.20001	-8.8E-12	283.780107	0.0999997	-1.22E-11	283.780107
-4.10001	-8.1E-12	283.803317	0.0999998	-1.23E-11	283.803317
-4.00001	-9.1E-12	283.826607	0.0999999	-1.23E-11	283.826607
-3.90001	-7.6E-12	283.849838	0.0999998	-1.21E-11	283.849838
-3.80001	-6.5E-12	283.873061	0.0999999	-1.26E-11	283.873061
-3.70001	-2.65E-11	283.914078	0.1000002	-1.05E-11	283.914078
-3.60001	-7.3E-12	283.937388	0.0999996	-1.23E-11	283.937388
-3.50001	-5.4E-12	283.960612	0.0999997	-1.28E-11	283.960612
-3.40001	-6.1E-12	283.983974	0.0999996	-1.28E-11	283.983974
-3.30001	-4.5E-12	284.007254	0.0999997	-1.27E-11	284.007254
-3.20001	-3.5E-12	284.030472	0.0999999	-1.3E-11	284.030472
-3.10001	-5.7E-12	284.05389	0.0999997	-1.25E-11	284.05389
-3.00001	-4E-12	284.077179	0.0999998	-1.27E-11	284.077179
-2.90001	-1.4E-12	284.100396	0.0999996	-1.28E-11	284.100396
-2.80001	-1.1E-12	284.12361	0.1	-1.27E-11	284.12361
-2.70001	-2E-12	284.146902	0.0999997	-1.12E-11	284.146902
-2.60001	-1.5E-12	284.170188	0.0999996	-1.8E-12	284.170188
-2.50001	1E-12	284.193398	0.0999997	5.02E-11	284.193398
-2.40001	1.7E-12	284.216616	0.0999998	2.976E-10	284.216616
-2.30001	-3E-13	284.239939	0.1000002	1.2817E-09	284.239939
-2.20001	2.9E-12	284.263247	0.1000011	4.5E-09	284.263247
-2.099999	-1.36E-11	284.288487	0.1000048	1.33911E-08	284.288487
-2	4.4E-12	284.311701	0.1000028	3.40171E-08	284.311701
-1.9	3.4E-12	284.334973	0.1000024	7.48278E-08	284.334973
-1.800001	-1.72E-11	284.399504	0.1	1.40834E-07	284.399504
-1.7	-1.09E-11	284.424079	0.1000003	2.53041E-07	284.424079
-1.6	-9.5E-12	284.448721	0.1000006	4.11837E-07	284.448721
-1.5	-7.8E-12	284.473244	0.1000006	6.23224E-07	284.473244
-1.400001	-9.8E-12	284.499754	0.1000005	8.89402E-07	284.499754
-1.300001	-1.06E-11	284.534318	0.1000001	1.20824E-06	284.534318
-1.200001	-5.1E-12	284.558914	0.1	1.58925E-06	284.558914
-1.100001	-4E-12	284.583503	0.1000001	2.0204E-06	284.583503
-1	-2.7E-12	284.608043	0.0999999	2.49924E-06	284.608043
-0.9	-1E-12	284.63258	0.1000004	3.02042E-06	284.63258
-0.8	2E-13	284.657114	0.1000001	3.5789E-06	284.657114
-0.7	1.8E-12	284.681609	0.1000002	4.17107E-06	284.681609
-0.6	3.3E-12	284.706217	0.1000001	4.79209E-06	284.706217
-0.500001	4.5E-12	284.730733	0.1	5.4364E-06	284.730733
-0.400001	5.8E-12	284.755274	0.1	6.10161E-06	284.755274
-0.3	7.9E-12	284.779827	0.1000001	6.78356E-06	284.779827
-0.1999998	6.2E-12	284.80626	0.1000002	7.48124E-06	284.80626
-0.0999997	1.09E-11	284.830773	0.1	8.19182E-06	284.830773
3E-07	1.27E-11	284.855269	0.0999999	8.9128E-06	284.855269
0.1	6.5E-12	284.922301	0.1000001	9.63068E-06	284.922301
0.2000002	1.36E-11	284.946882	0.1	1.037338E-05	284.946882
0.299999	1.13E-11	284.981727	0.1	1.11123E-05	284.981727
0.399999	1.79E-11	285.008087	0.1	1.18685E-05	285.008087
0.5	1.98E-11	285.032601	0.1000001	1.26311E-05	285.032601
0.599999	2.21E-11	285.057213	0.1000002	1.34002E-05	285.057213
0.7	2.42E-11	285.081709	0.1	1.41752E-05	285.081709
0.799999	2.62E-11	285.106241	0.1000001	1.49563E-05	285.106241
0.899999	2.87E-11	285.130745	0.1000003	1.57428E-05	285.130745
0.999999	3.05E-11	285.155258	0.1000002	1.65341E-05	285.155258
1.1	3.2E-11	285.179796	0.1000001	1.73291E-05	285.179796
1.2	3.31E-11	285.204316	0.1	1.81275E-05	285.204316
1.3	3.5E-11	285.228823	0.1000001	1.89284E-05	285.228823
1.399999	3.64E-11	285.253335	0.1	1.97314E-05	285.253335
1.5	3.78E-11	285.278241	0.0999999	2.05376E-05	285.278241
1.599999	3.88E-11	285.302784	0.1000001	2.13459E-05	285.302784
1.699999	3.97E-11	285.327318	0.1000001	2.21554E-05	285.327318
1.8	4.09E-11	285.351836	0.1000002	2.29661E-05	285.351836
1.899999	4.16E-11	285.376361	0.1	2.37778E-05	285.376361
1.999999	3.58E-11	285.422148	0.0999999	2.45849E-05	285.422148
2.099999	4.11E-11	285.446683	0.1000002	2.54016E-05	285.446683
2.19999	4.18E-11	285.471421	0.0999998	2.62121E-05	285.471421
2.29999	4.33E-11	285.495923	0.1	2.70288E-05	285.495923
2.39999	4.4E-11	285.520513	0.1	2.78464E-05	285.520513
2.49999	4.47E-11	285.545123	0.0999999	2.8664E-05	285.545123
2.59999	4.54E-11	285.569648	0.1	2.94825E-05	285.569648
2.69999	4.61E-11	285.59413	0.1	3.03009E-05	285.59413
2.79999	4.67E-11	285.618661	0.1000001	3.11208E-05	285.618661
2.89999	4.7E-11	285.643165	0.1000002	3.19404E-05	285.643165
2.99999	4.74E-11	285.667682	0.1000002	3.27599E-05	285.667682
3.09999	4.8E-11	285.692189	0.1000001	3.35806E-05	285.692189
3.19999	4.84E-11	285.716712	0.0999999	3.44017E-05	285.716712
3.29999	4.83E-11	285.741229	0.1000001	3.52235E-05	285.741229
3.39999	4.87E-11	285.765747	0.1	3.60456E-05	285.765747
3.49999	4.91E-11	285.790357	0.0999999	3.68675E-05	285.790357
3.59999	4.9E-11	285.814962	0.1000001	3.76909E-05	285.814962
3.69999	4.95E-11	285.839478	0.1000004	3.85146E-05	285.839478
3.79999	4.95E-11	285.864008	0.1000001	3.93376E-05	285.864008
3.89999	4.3E-11	285.921167	0.1000002	4.0153E-05	285.921167
3.99999	4.81E-11	285.945768	0.1000002	4.0981E-05	285.945768
4.09999	4.88E-11	285.970332	0.1000001	4.18082E-05	285.970332
4.19999	4.97E-11	285.994866	0.1	4.26358E-05	285.994866
4.29999	5E-11	286.019467	0.1000001	4.34639E-05	286.019467
4.39999	5.05E-11	286.044013	0.1000001	4.42921E-05	286.044013
4.49999	5.09E-11	286.068517	0.0999998	4.51206E-05	286.068517
4.59999	5.11E-11	286.093034	0.0999999	4.59502E-05	286.093034
4.69999	5.13E-11	286.117549	0.0999999	4.67806E-05	286.117549
4.79999	5.15E-11	286.142075	0.1	4.76112E-05	286.142075
4.89999	5.15E-11	286.166585	0.1000001	4.84421E-05	286.166585
4.99999	5.12E-11	286.191129	0.1	4.92755E-05	286.191129
5.09999	5.23E-11	286.215664	0.1000002	5.01087E-05	286.215664
5.19999	5.26E-11	286.240199	0.0999999	5.09428E-05	286.240199
5.29999	5.22E-11	286.264797	0.0999999	5.17779E-05	286.264797
5.39999	5.22E-11	286.289345	0.1000002	5.26141E-05	286.289345
5.49999	5.3E-11	286.313851	0.1000002	5.34509E-05	286.313851
5.59999	5.28E-11	286.338377	0.1	5.42883E-05	286.338377
5.69999	5.36E-11	286.362895	0.1000001	5.5127E-05	286.362895
5.79999	4.7E-11	286.418233	0.0999999	5.59575E-05	286.418233
5.89999	5.22E-11	286.442782	0.0999999	5.68011E-05	286.442782
5.99999	5.3E-11	286.467294	0.1	5.76431E-05	286.467294
6.09999	5.3E-11	286.491797	0.1000001	5.84872E-05	286.491797
6.19999	5.31E-11	286.516391	0.1000002	5.93318E-05	286.516391
6.29999	5.34E-11	286.540928	0.1	6.01765E-05	286.540928
6.39999	5.39E-11	286.565504	0.1000002	6.10221E-05	286.565504
6.49999	5.4E-11	286.590018	0.1000001	6.18681E-05	286.590018
6.59999	5.4E-11	286.61463	0.1	6.27167E-05	286.61463
6.69999	5.47E-11	286.639141	0.0999999	6.35651E-05	286.639141
6.79999	5.47E-11	286.663656	0.1	6.44141E-05	286.663656
6.89999	5.5E-11	286.688151	0.1000001	6.52644E-05	286.688151
6.99999	5.5E-11	286.712658	0.1	6.61163E-05	286.712658
7.09999	5.49E-11	286.737195	0.1000002	6.69683E-05	286.737195
7.19999	5.54E-11	286.761724	0.1000001	6.78219E-05	286.761724
7.29999	5.54E-11	286.78626	0.1000002	6.8677E-05	286.78626
7.39999	5.54E-11	286.810781	0.0999999	6.95326E-05	286.810781
7.49999	5.6E-11	286.835312	0.1	7.03881E-05	286.835312
7.59999	5.64E-11	286.859841	0.1000004	7.12452E-05	286.859841
7.69999	4.83E-11	286.92209	0.1	7.20919E-05	286.92209
7.79999	5.37E-11	286.94673	0.0999999	7.2955E-05	286.94673
7.89999	5.43E-11	286.971259	0.1000004	7.38173E-05	286.971259
7.99999	5.51E-11	286.995762	0.1000001	7.46789E-05	286.995762
8.09999	5.51E-11	287.02035	0.1	7.55427E-05	287.02035
8.19999	5.56E-11	287.04485	0.1000003	7.64077E-05	287.04485
8.29999	5.54E-11	287.069386	0.1	7.72715E-05	287.069386
8.39999	5.58E-11	287.093895	0.0999999	7.81378E-05	287.093895
8.49999	5.63E-11	287.118501	0.1000001	7.90053E-05	287.118501
8.59999	5.62E-11	287.143018	0.1000003	7.98732E-05	287.143018
8.69999	5.7E-11	287.16752	0.0999999	8.07412E-05	287.16752
8.79999	5.67E-11	287.192041	0.1	8.16107E-05	287.192041
8.89999	5.71E-11	287.216549	0.1	8.24821E-05	287.216549
8.99999	5.73E-11	287.24112	0.1000005	8.33546E-05	287.24112
9.09999	5.77E-11	287.265597	0.1000001	8.42273E-05	287.265597
9.19999	5.81E-11	287.290147	0.1	8.5102E-05	287.290147
9.29999	5.75E-11	287.314684	0.1	8.59743E-05	287.314684
9.39999	5.82E-11	287.339223	0.1000002	8.68537E-05	287.339223
9.49999	5.79E-11	287.363764	0.1	8.77333E-05	287.363764
9.59999	5.13E-11	287.425951	0.1	8.86063E-05	287.425951
9.69999	5.64E-11	287.450518	0.1	8.94891E-05	287.450518
9.79999	5.72E-11	287.47503	0.1000003	9.03705E-05	287.47503
9.89999	5.73E-11	287.499574	0.1	9.12538E-05	287.499574
9.99999	5.76E-11	287.524143	0.1	9.21367E-05	287.524143
9.9	4.47E-11	287.548711	0.1000001	9.12393E-05	287.548711
9.8	4.11E-11	287.573236	0.0999999	9.03481E-05	287.573236
9.7	3.95E-11	287.597912	0.0999997	8.94584E-05	287.597912
9.6	3.75E-11	287.622456	0.1	8.85705E-05	287.622456
9.5	3.64E-11	287.646969	0.1	8.76856E-05	287.646969
9.4	3.48E-11	287.671487	0.1000001	8.67998E-05	287.671487
9.3	3.33E-11	287.695991	0.1000003	8.59162E-05	287.695991
9.2	3.28E-11	287.720518	0.0999999	8.50336E-05	287.720518
9.1	3.16E-11	287.745048	0.0999999	8.41533E-05	287.745048
9	3.11E-11	287.76958	0.1000001	8.3274E-05	287.76958
8.9	3.06E-11	287.794107	0.0999998	8.23998E-05	287.794107
8.8	3.01E-11	287.818626	0.0999997	8.152E-05	287.818626
8.7	2.9E-11	287.843181	0.0999998	8.06433E-05	287.843181
8.6	2.87E-11	287.867706	0.0999999	7.97661E-05	287.867706
8.5	3.46E-11	287.927165	0.0999997	7.88936E-05	287.927165
8.4	2.9E-11	287.951761	0.1000001	7.80179E-05	287.951761
8.3	2.74E-11	287.97628	0.1	7.71435E-05	287.97628
8.2	2.7E-11	288.000849	0.0999999	7.62713E-05	288.000849
8.1	2.68E-11	288.025507	0.0999998	7.54005E-05	288.025507
8	2.61E-11	288.050068	0.0999999	7.45298E-05	288.050068
7.9	2.57E-11	288.07459	0.1	7.36603E-05	288.07459
7.8	2.49E-11	288.099114	0.0999999	7.27943E-05	288.099114
7.7	2.4E-11	288.123616	0.1000001	7.19264E-05	288.123616
7.6	2.38E-11	288.148134	0.1000002	7.10608E-05	288.148134
7.5	2.35E-11	288.172676	0.0999997	7.01966E-05	288.172676
7.4	2.29E-11	288.197178	0.0999999	6.93337E-05	288.197178
7.3	2.28E-11	288.22169	0.0999999	6.84709E-05	288.22169
7.2	2.29E-11	288.246254	0.0999998	6.76083E-05	288.246254
7.1	2.25E-11	288.270848	0.0999998	6.67478E-05	288.270848
7	2.2E-11	288.295425	0.1	6.5889E-05	288.295425
6.9	2.12E-11	288.319957	0.1	6.50295E-05	288.319957
6.8	2.11E-11	288.344456	0.1000001	6.41715E-05	288.344456
6.7	2.05E-11	288.368983	0.0999999	6.33144E-05	288.368983
6.6	2.6E-11	288.424244	0.0999999	6.24647E-05	288.424244
6.5	2.13E-11	288.44879	0.0999999	6.16072E-05	288.44879
6.4	2.05E-11	288.473316	0.1	6.07523E-05	288.473316
6.3	1.99E-11	288.497853	0.1	5.98987E-05	288.497853
6.2	1.98E-11	288.522449	0.0999999	5.90468E-05	288.522449
6.1	1.93E-11	288.546958	0.0999999	5.81942E-05	288.546958
6	1.87E-11	288.571617	0.0999999	5.73433E-05	288.571617
5.9	1.8E-11	288.59616	0.0999998	5.64944E-05	288.59616
5.8	1.76E-11	288.620783	0.1000003	5.56456E-05	288.620783
5.7	1.81E-11	288.645404	0.0999999	5.4798E-05	288.645404
5.6	1.75E-11	288.66994	0.0999998	5.39502E-05	288.66994
5.5	1.73E-11	288.694461	0.0999998	5.3105E-05	288.694461
5.4	1.62E-11	288.718978	0.0999998	5.22592E-05	288.718978
5.3	1.59E-11	288.743499	0.1	5.14156E-05	288.743499
5.2	1.53E-11	288.768018	0.0999999	5.05727E-05	288.768018
5.1	1.52E-11	288.792586	0.1	4.97304E-05	288.792586
5	1.43E-11	288.817125	0.0999998	4.88886E-05	288.817125
4.9	1.37E-11	288.841658	0.1	4.80486E-05	288.841658
4.8	1.37E-11	288.866168	0.1	4.72086E-05	288.866168
4.7	2.01E-11	288.92846	0.0999998	4.63773E-05	288.92846
4.6	1.49E-11	288.953239	0.1	4.55376E-05	288.953239
4.5	1.37E-11	288.977772	0.0999998	4.47002E-05	288.977772
4.4	1.27E-11	289.002273	0.0999999	4.38638E-05	289.002273
4.3	1.22E-11	289.026855	0.1	4.30281E-05	289.026855
4.2	1.16E-11	289.051477	0.0999998	4.21934E-05	289.051477
4.1	1.15E-11	289.076017	0.0999999	4.13594E-05	289.076017
4	1.04E-11	289.100551	0.0999999	4.0527E-05	289.100551
3.9	9.5E-12	289.12506	0.0999998	3.96953E-05	289.12506
3.8	8.7E-12	289.149586	0.0999999	3.88642E-05	289.149586
3.7	8.3E-12	289.174112	0.0999999	3.80349E-05	289.174112
3.6	8E-12	289.198616	0.0999999	3.72061E-05	289.198616
3.5	6.8E-12	289.22313	0.1	3.63776E-05	289.22313
3.4	5.7E-12	289.24763	0.0999998	3.55503E-05	289.24763
3.3	5.3E-12	289.272126	0.1000001	3.47236E-05	289.272126
3.2	5.3E-12	289.296698	0.0999998	3.38986E-05	289.296698
3.1	4.1E-12	289.321208	0.0999999	3.3074E-05	289.321208
3	3.4E-12	289.345719	0.1	3.22501E-05	289.345719
2.9	3.1E-12	289.370244	0.0999998	3.14275E-05	289.370244
2.8	9.5E-12	289.431706	0.1	3.0611E-05	289.431706
2.7	3.8E-12	289.456257	0.1000001	2.97894E-05	289.456257
2.6	2.7E-12	289.480795	0.0999999	2.89696E-05	289.480795
2.5	1.4E-12	289.50535	0.1	2.81508E-05	289.50535
2.4	1E-13	289.529912	0.1	2.7333E-05	289.529912
2.3	-4E-13	289.554499	0.0999999	2.65164E-05	289.554499
2.2	-2E-12	289.579057	0.0999999	2.57013E-05	289.579057
2.099999	4E-13	289.605438	0.0999999	2.48934E-05	289.605438
2	-4.2E-12	289.629961	0.0999997	2.40808E-05	289.629961
1.9	-5.1E-12	289.654513	0.1000002	2.32697E-05	289.654513
1.8	-6.1E-12	289.679033	0.0999997	2.24607E-05	289.679033
1.7	-7.1E-12	289.703547	0.0999998	2.16529E-05	289.703547
1.6	-8.2E-12	289.72806	0.0999998	2.08476E-05	289.72806
1.5	-9.5E-12	289.752557	0.1	2.00442E-05	289.752557
1.4	-1.07E-11	289.777114	0.1	1.92435E-05	289.777114
1.3	-1.21E-11	289.80165	0.0999999	1.84452E-05	289.80165
1.2	-1.4E-11	289.826161	0.1	1.76497E-05	289.826161
1.1	-1.58E-11	289.850675	0.1	1.68578E-05	289.850675
1	-1.7E-11	289.875234	0.0999997	1.60699E-05	289.875234
0.9	-1.2E-11	289.933322	0.0999997	1.5292E-05	289.933322
0.8	-1.87E-11	289.95794	0.1000001	1.45123E-05	289.95794
0.7	-2.12E-11	289.982453	0.1	1.37395E-05	289.982453
0.6	-2.29E-11	290.006994	0.0999999	1.29736E-05	290.006994
0.5	-2.59E-11	290.031603	0.1	1.22149E-05	290.031603
0.4	-2.84E-11	290.056163	0.1000002	1.14635E-05	290.056163
0.3	-3.06E-11	290.080695	0.0999999	1.072E-05	290.080695
0.1999999	-2.97E-11	290.107131	0.0999999	9.9852E-06	290.107131
0.0999997	-3.52E-11	290.131627	0.0999999	9.257E-06	290.131627
2E-07	-3.38E-11	290.158712	0.0999999	8.5433E-06	290.158712
#scan	iMeasureCycle=3	iMux=0	time=319.905	N=401	LocalTime=19/04/2023 21:12:59
#VGate(V)	IGate(A)	time(s)	VDrain(V)	IDrain(A)	time(s)
-1E-07	-1.57E-11	319.912473	0.0999999	8.71442E-06	319.912473
-0.1000003	-2.37E-11	319.937392	0.0999998	7.98978E-06	319.937392
-0.2000001	-2.52E-11	319.963172	0.0999998	7.27764E-06	319.963172
-0.3	-3.1E-11	319.987944	0.1	6.57914E-06	319.987944
-0.4	-3.4E-11	320.012477	0.0999999	5.89685E-06	320.012477
-0.5	-3.66E-11	320.036991	0.0999998	5.23334E-06	320.036991
-0.6	-3.88E-11	320.061488	0.0999999	4.59174E-06	320.061488
-0.7	-4.06E-11	320.086007	0.1000002	3.97611E-06	320.086007
-0.8	-4.23E-11	320.110605	0.0999999	3.39049E-06	320.110605
-0.9	-4.39E-11	320.135139	0.1000001	2.83939E-06	320.135139
-1	-4.57E-11	320.159644	0.1	2.32868E-06	320.159644
-1.1	-4.69E-11	320.184157	0.1	1.86235E-06	320.184157
-1.2	-4.77E-11	320.208669	0.0999999	1.44644E-06	320.208669
-1.3	-4.87E-11	320.233283	0.0999998	1.08446E-06	320.233283
-1.4	-4.59E-11	320.260592	0.0999995	7.80539E-07	320.260592
-1.5	-5.02E-11	320.285117	0.0999995	5.32079E-07	320.285117
-1.6	-5.16E-11	320.309602	0.0999996	3.40368E-07	320.309602
-1.7	-5.18E-11	320.334281	0.0999997	2.01185E-07	320.334281
-1.8	-5.26E-11	320.358797	0.0999997	1.07857E-07	320.358797
-1.9	-4.71E-11	320.396455	0.0999954	5.2426E-08	320.396455
-2.000001	-6.59E-11	320.419742	0.1000047	2.16476E-08	320.419742
-2.1	-4.63E-11	320.480147	0.0999994	7.992E-09	320.480147
-2.2	-6.71E-11	320.5036	0.1000012	2.3199E-09	320.5036
-2.3	-6.79E-11	320.526845	0.1000002	5.691E-10	320.526845
-2.4	-6.79E-11	320.550145	0.1000002	1.139E-10	320.550145
-2.5	-6.97E-11	320.573419	0.1000004	1.34E-11	320.573419
-2.6	-7.07E-11	320.596635	0.1000002	-4.9E-12	320.596635
-2.7	-7.14E-11	320.619931	0.1000002	-8E-12	320.619931
-2.8	-7.02E-11	320.643213	0.1000003	-8.4E-12	320.643213
-2.9	-7.23E-11	320.666508	0.1000003	-8.2E-12	320.666508
-3	-7.26E-11	320.689729	0.1000002	-8.1E-12	320.689729
-3.1	-7.29E-11	320.712943	0.1000004	-7.9E-12	320.712943
-3.2	-7.21E-11	320.736223	0.1000002	-8.2E-12	320.736223
-3.3	-7.21E-11	320.759511	0.1000004	-8.1E-12	320.759511
-3.4	-7.43E-11	320.782713	0.1	-7.9E-12	320.782713
-3.5	-7.52E-11	320.805917	0.1000002	-7.6E-12	320.805917
-3.6	-7.36E-11	320.829201	0.1000003	-7.7E-12	320.829201
-3.7	-7.57E-11	320.852521	0.1000004	-7.6E-12	320.852521
-3.8	-7.54E-11	320.875733	0.1000003	-7.7E-12	320.875733
-3.9	-7.61E-11	320.898938	0.1000003	-7.7E-12	320.898938
-4	-7.46E-11	320.922224	0.1000001	-8.2E-12	320.922224
-4.1	-5.5E-11	320.976357	0.1000001	-9.9E-12	320.976357
-4.2	-7.32E-11	320.99975	0.1000002	-8.7E-12	320.99975
-4.3	-7.54E-11	321.022983	0.1000001	-7.9E-12	321.022983
-4.4	-7.61E-11	321.046187	0.1000004	-7.8E-12	321.046187
-4.5	-7.54E-11	321.069534	0.1000003	-7.8E-12	321.069534
-4.6	-7.51E-11	321.092821	0.1000002	-8E-12	321.092821
-4.7	-7.74E-11	321.116127	0.1000004	-7.6E-12	321.116127
-4.8	-7.77E-11	321.139357	0.1000002	-7.9E-12	321.139357
-4.9	-7.61E-11	321.162658	0.1000001	-8E-12	321.162658
-5	-7.84E-11	321.185852	0.1000002	-7.5E-12	321.185852
-5.1	-7.86E-11	321.209067	0.1000003	-7.6E-12	321.209067
-5.2	-7.91E-11	321.232278	0.1000002	-7.6E-12	321.232278
-5.3	-7.74E-11	321.255573	0.1000003	-7.7E-12	321.255573
-5.4	-7.76E-11	321.278865	0.1000003	-7.7E-12	321.278865
-5.5	-7.97E-11	321.302073	0.1000003	-7.3E-12	321.302073
-5.6	-7.98E-11	321.325371	0.1000004	-7.3E-12	321.325371
-5.7	-8.06E-11	321.348627	0.1000003	-7.4E-12	321.348627
-5.8	-8.03E-11	321.371844	0.1000004	-7.6E-12	321.371844
-5.9	-8.07E-11	321.395061	0.1000003	-7.4E-12	321.395061
-6	-8.12E-11	321.418276	0.1000003	-7.4E-12	321.418276
-6.1	-5.97E-11	321.478085	0.1	-9E-12	321.478085
-6.2	-7.93E-11	321.501332	0.1000002	-7.3E-12	321.501332
-6.3	-8.01E-11	321.524555	0.1000002	-7.3E-12	321.524555
-6.4	-7.89E-11	321.547863	0.1000004	-7.3E-12	321.547863
-6.5	-8.07E-11	321.571139	0.1000004	-7.5E-12	321.571139
-6.6	-8.15E-11	321.594363	0.1000002	-7.5E-12	321.594363
-6.7	-8.17E-11	321.617666	0.1000003	-7.6E-12	321.617666
-6.8	-7.97E-11	321.640952	0.1000003	-7.7E-12	321.640952
-6.9	-8.2E-11	321.66426	0.1000004	-7.7E-12	321.66426
-7	-8.25E-11	321.687556	0.1000003	-7.3E-12	321.687556
-7.1	-8.1E-11	321.710847	0.1000003	-7.6E-12	321.710847
-7.2	-8.15E-11	321.734142	0.1000002	-7.6E-12	321.734142
-7.3	-8.35E-11	321.757363	0.1000001	-7.2E-12	321.757363
-7.4	-8.32E-11	321.7806	0.1000003	-7.3E-12	321.7806
-7.5	-8.24E-11	321.803885	0.1000002	-7.6E-12	321.803885
-7.6	-8.16E-11	321.827181	0.1000003	-7.7E-12	321.827181
-7.7	-8.4E-11	321.850423	0.1000003	-7.5E-12	321.850423
-7.8	-8.41E-11	321.873641	0.1000003	-6.9E-12	321.873641
-7.9	-8.29E-11	321.89693	0.1000004	-7.1E-12	321.89693
-8	-8.27E-11	321.920217	0.1000002	-7.1E-12	321.920217
-8.1	-6.36E-11	321.979421	0.1000002	-8.4E-12	321.979421
-8.2	-8.25E-11	322.002735	0.1000003	-6.8E-12	322.002735
-8.3	-8.37E-11	322.025967	0.1000003	-6.8E-12	322.025967
-8.4	-8.22E-11	322.049259	0.1000003	-6.5E-12	322.049259
-8.5	-8.43E-11	322.072531	0.1000001	-6.8E-12	322.072531
-8.6	-8.43E-11	322.095735	0.1000003	-6.3E-12	322.095735
-8.7	-8.49E-11	322.119029	0.1000001	-6.8E-12	322.119029
-8.8	-8.33E-11	322.142335	0.1000003	-7.2E-12	322.142335
-8.9	-8.5E-11	322.16554	0.1000002	-6.8E-12	322.16554
-9	-8.56E-11	322.188756	0.1000002	-7.1E-12	322.188756
-9.1	-8.55E-11	322.21197	0.1000002	-6.7E-12	322.21197
-9.2	-8.39E-11	322.235253	0.1000002	-7E-12	322.235253
-9.3	-8.51E-11	322.258492	0.1000003	-6.6E-12	322.258492
-9.4	-8.57E-11	322.281715	0.1000003	-6.4E-12	322.281715
-9.5	-8.6E-11	322.304928	0.1000002	-6.9E-12	322.304928
-9.6	-8.49E-11	322.328305	0.1000003	-7E-12	322.328305
-9.7	-8.42E-11	322.351657	0.1000003	-7E-12	322.351657
-9.8	-8.65E-11	322.374879	0.1000004	-6.7E-12	322.374879
-9.9	-8.66E-11	322.398094	0.1000002	-7.1E-12	322.398094
-10	-8.51E-11	322.421384	0.1000004	-7.3E-12	322.421384
-9.90001	-5.99E-11	322.472161	0.1000002	-9E-12	322.472161
-9.80001	-3.84E-11	322.495384	0.0999999	-1.04E-11	322.495384
-9.70001	-3.87E-11	322.518674	0.0999998	-1.07E-11	322.518674
-9.60001	-3.52E-11	322.541896	0.0999997	-1.07E-11	322.541896
-9.50001	-3.5E-11	322.567408	0.0999999	-1.06E-11	322.567408
-9.40001	-3.51E-11	322.590699	0.0999998	-1.05E-11	322.590699
-9.30001	-3.22E-11	322.614004	0.0999999	-1.08E-11	322.614004
-9.20001	-3.11E-11	322.637233	0.1	-1.06E-11	322.637233
-9.10001	-3.06E-11	322.660482	0.1	-1.12E-11	322.660482
-9.00001	-2.99E-11	322.683726	0.0999999	-1.07E-11	322.683726
-8.90001	-2.9E-11	322.707058	0.0999999	-1.04E-11	322.707058
-8.80001	-2.83E-11	322.730265	0.0999999	-1.07E-11	322.730265
-8.70001	-2.97E-11	322.753548	0.0999998	-1.05E-11	322.753548
-8.60001	-2.96E-11	322.776848	0.0999997	-1.05E-11	322.776848
-8.50001	-2.64E-11	322.800059	0.0999998	-1.1E-11	322.800059
-8.40001	-2.63E-11	322.823282	0.0999997	-1.09E-11	322.823282
-8.30001	-2.71E-11	322.84658	0.0999998	-1.06E-11	322.84658
-8.20001	-2.79E-11	322.869915	0.0999999	-1.04E-11	322.869915
-8.10001	-2.44E-11	322.893135	0.1	-1.08E-11	322.893135
-8	-2.38E-11	322.916344	0.0999999	-1.12E-11	322.916344
-7.90001	-2.53E-11	322.939633	0.0999999	-1.05E-11	322.939633
-7.80001	-4.35E-11	322.982162	0.1000001	-9E-12	322.982162
-7.70001	-2.31E-11	323.005451	0.0999999	-1.11E-11	323.005451
-7.6	-2.4E-11	323.028762	0.0999999	-1.1E-11	323.028762
-7.50001	-2.43E-11	323.05206	0.0999999	-1.12E-11	323.05206
-7.40001	-2.2E-11	323.075426	0.0999999	-1.14E-11	323.075426
-7.30001	-2.27E-11	323.098714	0.0999998	-1.1E-11	323.098714
-7.2	-2.26E-11	323.122101	0.0999999	-1.08E-11	323.122101
-7.10001	-2.24E-11	323.145399	0.0999999	-1.1E-11	323.145399
-7.00001	-2.02E-11	323.168629	0.0999997	-1.1E-11	323.168629
-6.90001	-2.09E-11	323.191927	0.0999999	-1.12E-11	323.191927
-6.80001	-2.05E-11	323.215201	0.0999998	-1.18E-11	323.215201
-6.70001	-1.89E-11	323.238405	0.0999998	-1.18E-11	323.238405
-6.60001	-1.88E-11	323.261645	0.0999999	-1.16E-11	323.261645
-6.50001	-1.95E-11	323.284938	0.0999999	-1.14E-11	323.284938
-6.40001	-1.94E-11	323.308222	0.1	-1.1E-11	323.308222
-6.30001	-1.73E-11	323.331517	0.0999999	-1.13E-11	323.331517
-6.20001	-1.67E-11	323.354778	0.0999998	-1.14E-11	323.354778
-6.10001	-1.8E-11	323.378076	0.1	-1.14E-11	323.378076
-6.00001	-1.7E-11	323.401289	0.0999998	-1.14E-11	323.401289
-5.90001	-1.57E-11	323.424507	0.0999999	-1.15E-11	323.424507
-5.80001	-3.63E-11	323.479437	0.1	-9.7E-12	323.479437
-5.70001	-1.65E-11	323.50267	0.0999997	-1.16E-11	323.50267
-5.60001	-1.55E-11	323.525889	0.0999999	-1.18E-11	323.525889
-5.50001	-1.65E-11	323.549175	0.1	-1.1E-11	323.549175
-5.40001	-1.47E-11	323.572443	0.0999998	-1.14E-11	323.572443
-5.30001	-1.37E-11	323.595663	0.0999997	-1.19E-11	323.595663
-5.20001	-1.38E-11	323.61896	0.1	-1.2E-11	323.61896
-5.1	-1.47E-11	323.642257	0.1	-1.14E-11	323.642257
-5.00001	-1.4E-11	323.665623	0.0999998	-1.17E-11	323.665623
-4.90001	-1.28E-11	323.688891	0.0999998	-1.16E-11	323.688891
-4.80001	-1.39E-11	323.712234	0.0999997	-1.14E-11	323.712234
-4.7	-1.32E-11	323.735527	0.1	-1.16E-11	323.735527
-4.60001	-1.05E-11	323.758743	0.0999998	-1.2E-11	323.758743
-4.50001	-1.02E-11	323.781964	0.0999999	-1.21E-11	323.781964
-4.40001	-1.13E-11	323.805245	0.0999998	-1.15E-11	323.805245
-4.3	-1.1E-11	323.828541	0.0999998	-1.14E-11	323.828541
-4.20001	-8.7E-12	323.851768	0.0999998	-1.19E-11	323.851768
-4.10001	-9.6E-12	323.875066	0.0999998	-1.2E-11	323.875066
-4.00001	-1.03E-11	323.898399	0.0999998	-1.21E-11	323.898399
-3.90001	-7.8E-12	323.921609	0.0999999	-1.2E-11	323.921609
-3.80001	-7.6E-12	323.944841	0.0999998	-1.24E-11	323.944841
-3.70001	-2.72E-11	323.985632	0.1000001	-1.02E-11	323.985632
-3.60001	-7.2E-12	324.008945	0.0999998	-1.22E-11	324.008945
-3.50001	-6.1E-12	324.032159	0.0999996	-1.26E-11	324.032159
-3.40001	-7.4E-12	324.055449	0.0999998	-1.2E-11	324.055449
-3.30001	-6.3E-12	324.078783	0.0999998	-1.2E-11	324.078783
-3.20001	-4E-12	324.101989	0.0999997	-1.25E-11	324.101989
-3.10001	-3.7E-12	324.125299	0.0999998	-1.25E-11	324.125299
-3.00001	-3.3E-12	324.148532	0.0999999	-1.27E-11	324.148532
-2.90001	-3.8E-12	324.171836	0.0999999	-1.26E-11	324.171836
-2.80001	-1.1E-12	324.195049	0.0999998	-1.29E-11	324.195049
-2.70001	-1.1E-12	324.218266	0.0999999	-1.15E-11	324.218266
-2.60001	-1.8E-12	324.241561	0.0999999	-3.1E-12	324.241561
-2.50001	-1.2E-12	324.264851	0.0999997	4.3E-11	324.264851
-2.40001	1.4E-12	324.288166	0.0999997	2.629E-10	324.288166
-2.30001	4E-13	324.311449	0.1000004	1.1371E-09	324.311449
-2.20001	9E-13	324.334835	0.1000011	4.0658E-09	324.334835
-2.099999	-1.35E-11	324.360047	0.1000047	1.22466E-08	324.360047
-2	4.1E-12	324.383256	0.1000031	3.15464E-08	324.383256
-1.9	3.2E-12	324.406557	0.100004	7.0229E-08	324.406557
-1.800001	-1.53E-11	324.446212	0.1000001	1.35094E-07	324.446212
-1.700001	-1.53E-11	324.488001	0.1000002	2.40021E-07	324.488001
-1.6	-9.4E-12	324.512557	0.1000006	3.95217E-07	324.512557
-1.5	-8.2E-12	324.537099	0.1000007	6.02092E-07	324.537099
-1.4	-7.4E-12	324.561634	0.1000011	8.6447E-07	324.561634
-1.300001	-1.07E-11	324.596203	0.1	1.17713E-06	324.596203
-1.200001	-5.2E-12	324.620806	0.1000002	1.55268E-06	324.620806
-1.100001	-3.7E-12	324.645315	0.1000002	1.9787E-06	324.645315
-1	-2.5E-12	324.669908	0.1000001	2.45202E-06	324.669908
-0.9	-1.2E-12	324.694552	0.1000002	2.96862E-06	324.694552
-0.8	3E-13	324.719055	0.1000001	3.52291E-06	324.719055
-0.7	1.7E-12	324.743611	0.1000002	4.11045E-06	324.743611
-0.6	2.9E-12	324.768114	0.1000001	4.72659E-06	324.768114
-0.500001	4.3E-12	324.792663	0.1	5.36774E-06	324.792663
-0.400001	6E-12	324.81721	0.1000001	6.02908E-06	324.81721
-0.3	7.8E-12	324.841737	0.0999998	6.70881E-06	324.841737
-0.1999999	5.8E-12	324.868153	0.1000001	7.40335E-06	324.868153
-0.0999998	1E-11	324.892752	0.1000002	8.11103E-06	324.892752
2E-07	1.25E-11	324.917246	0.0999999	8.8301E-06	324.917246
0.1000002	1.4E-11	324.94175	0.1000001	9.5578E-06	324.94175
0.1999999	9.9E-12	324.990644	0.1000001	1.028726E-05	324.990644
0.299999	1.15E-11	325.025659	0.1	1.10252E-05	325.025659
0.4	1.81E-11	325.050158	0.1	1.17797E-05	325.050158
0.499999	1.75E-11	325.076098	0.1	1.25388E-05	325.076098
0.6	2.23E-11	325.100631	0.1	1.33066E-05	325.100631
0.7	2.44E-11	325.125266	0.0999999	1.408E-05	325.125266
0.799999	2.62E-11	325.149782	0.1	1.48594E-05	325.149782
0.899999	2.84E-11	325.174289	0.1000002	1.56447E-05	325.174289
0.999999	3.03E-11	325.198799	0.1000001	1.64345E-05	325.198799
1.1	3.18E-11	325.223313	0.1000001	1.72281E-05	325.223313
1.2	3.4E-11	325.247815	0.1	1.80253E-05	325.247815
1.3	3.52E-11	325.272328	0.1	1.88255E-05	325.272328
1.4	3.67E-11	325.296867	0.1000002	1.96279E-05	325.296867
1.5	3.78E-11	325.321387	0.1	2.04333E-05	325.321387
1.599999	3.76E-11	325.346241	0.1	2.1241E-05	325.346241
1.699999	4.01E-11	325.370754	0.1000001	2.20499E-05	325.370754
1.8	4.06E-11	325.395304	0.1	2.28599E-05	325.395304
1.9	4.18E-11	325.419819	0.1000001	2.36722E-05	325.419819
2	4.25E-11	325.444402	0.1	2.44851E-05	325.444402
2.099999	3.6E-11	325.493885	0.0999999	2.52933E-05	325.493885
2.19999	4.16E-11	325.518641	0.0999998	2.61044E-05	325.518641
2.29999	4.27E-11	325.54318	0.0999998	2.69229E-05	325.54318
2.39999	4.38E-11	325.567705	0.1	2.77406E-05	325.567705
2.49999	4.45E-11	325.592267	0.1	2.85584E-05	325.592267
2.59999	4.51E-11	325.616756	0.1000003	2.93783E-05	325.616756
2.69999	4.57E-11	325.641272	0.1000002	3.01988E-05	325.641272
2.79999	4.63E-11	325.665769	0.1000001	3.10193E-05	325.665769
2.89999	4.66E-11	325.690384	0.1000001	3.18406E-05	325.690384
2.99999	4.72E-11	325.714918	0.1	3.26617E-05	325.714918
3.09999	4.76E-11	325.739438	0.1000001	3.34841E-05	325.739438
3.19999	4.78E-11	325.763949	0.1000001	3.43071E-05	325.763949
3.29999	4.77E-11	325.788551	0.1000002	3.51298E-05	325.788551
3.39999	4.83E-11	325.81305	0.0999999	3.59535E-05	325.81305
3.49999	4.84E-11	325.837569	0.1	3.67775E-05	325.837569
3.59999	4.85E-11	325.862115	0.0999999	3.7601E-05	325.862115
3.69999	4.93E-11	325.886625	0.1000001	3.84264E-05	325.886625
3.79999	4.9E-11	325.911144	0.1	3.92519E-05	325.911144
3.89999	4.93E-11	325.935662	0.1	4.00781E-05	325.935662
3.99999	4.38E-11	325.988766	0.1000001	4.08959E-05	325.988766
4.09999	4.86E-11	326.013345	0.0999999	4.17259E-05	326.013345
4.19999	4.94E-11	326.037886	0.1000001	4.25543E-05	326.037886
4.29999	4.96E-11	326.062394	0.1000002	4.33833E-05	326.062394
4.39999	4.98E-11	326.086978	0.1000002	4.42129E-05	326.086978
4.49999	5.01E-11	326.111495	0.1000001	4.50422E-05	326.111495
4.59999	5.05E-11	326.136101	0.1000002	4.58718E-05	326.136101
4.69999	5.16E-11	326.160603	0.1	4.67032E-05	326.160603
4.79999	5.15E-11	326.185123	0.1000002	4.75354E-05	326.185123
4.89999	5.15E-11	326.209652	0.1	4.83671E-05	326.209652
4.99999	5.17E-11	326.234198	0.1000002	4.92003E-05	326.234198
5.09999	5.16E-11	326.258729	0.0999998	5.00344E-05	326.258729
5.19999	5.22E-11	326.283246	0.0999999	5.08692E-05	326.283246
5.29999	5.25E-11	326.307758	0.0999998	5.17045E-05	326.307758
5.39999	5.29E-11	326.332284	0.1000001	5.25408E-05	326.332284
5.49999	5.25E-11	326.356911	0.1	5.33782E-05	326.356911
5.59999	5.31E-11	326.381475	0.1000001	5.42171E-05	326.381475
5.69999	5.31E-11	326.405996	0.1000003	5.50557E-05	326.405996
5.79999	5.32E-11	326.430508	0.1000002	5.58943E-05	326.430508
5.89999	4.53E-11	326.492279	0.0999998	5.67227E-05	326.492279
5.99999	5.12E-11	326.51683	0.0999999	5.75691E-05	326.51683
6.09999	5.2E-11	326.54136	0.1000001	5.84136E-05	326.54136
6.19999	5.28E-11	326.565852	0.1	5.92586E-05	326.565852
6.29999	5.31E-11	326.590415	0.1000001	6.01044E-05	326.590415
6.39999	5.29E-11	326.615016	0.0999998	6.09494E-05	326.615016
6.49999	5.35E-11	326.639623	0.1000002	6.17976E-05	326.639623
6.59999	5.39E-11	326.664172	0.0999998	6.26447E-05	326.664172
6.69999	5.39E-11	326.688802	0.0999999	6.34938E-05	326.688802
6.79999	5.48E-11	326.713344	0.1000002	6.43438E-05	326.713344
6.89999	5.47E-11	326.737859	0.1	6.51928E-05	326.737859
6.99999	5.47E-11	326.762375	0.1	6.60442E-05	326.762375
7.09999	5.51E-11	326.786882	0.1000001	6.68975E-05	326.786882
7.19999	5.53E-11	326.811411	0.0999999	6.77504E-05	326.811411
7.29999	5.53E-11	326.835961	0.1000001	6.86053E-05	326.835961
7.39999	5.53E-11	326.86051	0.1	6.94603E-05	326.86051
7.49999	5.59E-11	326.885011	0.1000001	7.03173E-05	326.885011
7.59999	5.57E-11	326.909533	0.1000002	7.11746E-05	326.909533
7.69999	5.61E-11	326.934046	0.1000001	7.20323E-05	326.934046
7.79999	4.95E-11	326.995844	0.0999999	7.28812E-05	326.995844
7.89999	5.38E-11	327.02047	0.1000004	7.37462E-05	327.02047
7.99999	5.44E-11	327.045001	0.0999999	7.4609E-05	327.045001
8.09999	5.57E-11	327.0695	0.1000003	7.54722E-05	327.0695
8.19999	5.58E-11	327.094067	0.0999999	7.63363E-05	327.094067
8.29999	5.47E-11	327.118696	0.1000001	7.72022E-05	327.118696
8.39999	5.57E-11	327.143255	0.1000002	7.80681E-05	327.143255
8.49999	5.63E-11	327.167778	0.0999999	7.89351E-05	327.167778
8.59999	5.64E-11	327.192311	0.1	7.98036E-05	327.192311
8.69999	5.64E-11	327.216845	0.0999999	8.06727E-05	327.216845
8.79999	5.67E-11	327.241348	0.1000002	8.15423E-05	327.241348
8.89999	5.7E-11	327.26587	0.0999999	8.2413E-05	327.26587
8.99999	5.73E-11	327.290377	0.1000002	8.32853E-05	327.290377
9.09999	5.7E-11	327.314914	0.1	8.41596E-05	327.314914
9.19999	5.66E-11	327.339583	0.1000001	8.50327E-05	327.339583
9.29999	5.74E-11	327.364156	0.1000003	8.59044E-05	327.364156
9.39999	5.82E-11	327.388683	0.0999998	8.67833E-05	327.388683
9.49999	5.86E-11	327.413237	0.1000001	8.76643E-05	327.413237
9.59999	5.85E-11	327.437741	0.1000003	8.85438E-05	327.437741
9.69999	5.07E-11	327.50155	0.0999998	8.94139E-05	327.50155
9.79999	5.56E-11	327.526125	0.1000001	9.02996E-05	327.526125
9.89999	5.64E-11	327.550643	0.1000003	9.11824E-05	327.550643
9.99999	5.69E-11	327.575206	0.1000002	9.20667E-05	327.575206
9.9	4.65E-11	327.600833	0.1000001	9.11696E-05	327.600833
9.8	4.1E-11	327.625465	0.1000003	9.02771E-05	327.625465
9.7	3.78E-11	327.649976	0.0999999	8.93877E-05	327.649976
9.6	3.73E-11	327.674523	0.0999998	8.84994E-05	327.674523
9.5	3.59E-11	327.699047	0.1	8.76155E-05	327.699047
9.4	3.48E-11	327.723664	0.0999997	8.67301E-05	327.723664
9.3	3.27E-11	327.748179	0.1	8.58464E-05	327.748179
9.2	3.24E-11	327.772699	0.0999998	8.49643E-05	327.772699
9.1	3.13E-11	327.797224	0.0999999	8.4084E-05	327.797224
9	3.08E-11	327.821777	0.0999998	8.3204E-05	327.821777
8.9	3.03E-11	327.846382	0.1000001	8.23294E-05	327.846382
8.8	2.99E-11	327.870919	0.0999995	8.14503E-05	327.870919
8.7	2.86E-11	327.895443	0.0999998	8.05738E-05	327.895443
8.6	2.8E-11	327.919988	0.0999998	7.96972E-05	327.919988
8.5	2.79E-11	327.944502	0.0999999	7.88208E-05	327.944502
8.4	3.35E-11	327.999629	0.0999998	7.79496E-05	327.999629
8.3	2.81E-11	328.024217	0.1000001	7.70752E-05	328.024217
8.2	2.73E-11	328.048759	0.1000001	7.62021E-05	328.048759
8.1	2.64E-11	328.073264	0.0999999	7.53304E-05	328.073264
8	2.62E-11	328.097864	0.0999998	7.44609E-05	328.097864
7.9	2.64E-11	328.122578	0.1000001	7.35921E-05	328.122578
7.8	2.45E-11	328.147112	0.0999999	7.27239E-05	328.147112
7.7	2.45E-11	328.171666	0.0999999	7.1857E-05	328.171666
7.6	2.35E-11	328.196221	0.0999999	7.09916E-05	328.196221
7.5	2.35E-11	328.22076	0.0999999	7.01271E-05	328.22076
7.4	2.3E-11	328.24527	0.1	6.92622E-05	328.24527
7.3	2.27E-11	328.2698	0.1	6.84004E-05	328.2698
7.2	2.21E-11	328.294302	0.0999999	6.75384E-05	328.294302
7.1	2.21E-11	328.318824	0.1000002	6.66773E-05	328.318824
7	2.14E-11	328.343298	0.1000001	6.58172E-05	328.343298
6.9	2.13E-11	328.367913	0.0999997	6.49582E-05	328.367913
6.8	2.08E-11	328.392451	0.1000001	6.4101E-05	328.392451
6.7	2.09E-11	328.417063	0.0999998	6.32439E-05	328.417063
6.6	2.09E-11	328.441576	0.0999999	6.23874E-05	328.441576
6.5	2.64E-11	328.49649	0.1000001	6.1537E-05	328.49649
6.4	2.12E-11	328.521023	0.0999996	6.06828E-05	328.521023
6.3	2.01E-11	328.545545	0.0999999	5.98282E-05	328.545545
6.2	1.93E-11	328.570073	0.1000001	5.89751E-05	328.570073
6.1	1.89E-11	328.594644	0.0999997	5.81239E-05	328.594644
6	1.91E-11	328.61925	0.1000001	5.72739E-05	328.61925
5.9	1.77E-11	328.643851	0.1000001	5.64235E-05	328.643851
5.8	1.77E-11	328.668417	0.1000002	5.55741E-05	328.668417
5.7	1.71E-11	328.693013	0.1	5.47268E-05	328.693013
5.6	1.69E-11	328.717568	0.1000001	5.38801E-05	328.717568
5.5	1.65E-11	328.74208	0.1	5.3034E-05	328.74208
5.4	1.54E-11	328.76659	0.0999999	5.21888E-05	328.76659
5.3	1.56E-11	328.791122	0.0999998	5.13447E-05	328.791122
5.2	1.47E-11	328.815617	0.1000001	5.05015E-05	328.815617
5.1	1.45E-11	328.840143	0.1	4.96589E-05	328.840143
5	1.42E-11	328.86468	0.0999999	4.88178E-05	328.86468
4.9	1.36E-11	328.889197	0.1	4.79775E-05	328.889197
4.8	1.34E-11	328.913744	0.0999998	4.71384E-05	328.913744
4.7	1.31E-11	328.938274	0.1000001	4.62993E-05	328.938274
4.6	2.01E-11	329.000477	0.0999997	4.54673E-05	329.000477
4.5	1.44E-11	329.025056	0.1000002	4.463E-05	329.025056
4.4	1.28E-11	329.049598	0.0999998	4.37933E-05	329.049598
4.3	1.23E-11	329.074127	0.0999999	4.29575E-05	329.074127
4.2	1.11E-11	329.098727	0.1	4.21225E-05	329.098727
4.1	1.04E-11	329.123221	0.0999999	4.12893E-05	329.123221
4	1.06E-11	329.147917	0.1000001	4.04561E-05	329.147917
3.9	9.3E-12	329.172426	0.1000002	3.9624E-05	329.172426
3.8	8.8E-12	329.196946	0.1	3.8793E-05	329.196946
3.7	7.6E-12	329.221459	0.1000001	3.79635E-05	329.221459
3.6	7.1E-12	329.245994	0.0999998	3.71342E-05	329.245994
3.5	6.4E-12	329.270499	0.0999999	3.63066E-05	329.270499
3.4	5.8E-12	329.295008	0.0999999	3.5479E-05	329.295008
3.3	5.4E-12	329.319512	0.1	3.46534E-05	329.319512
3.2	5.2E-12	329.344209	0.0999999	3.38278E-05	329.344209
3.1	4.7E-12	329.368763	0.0999997	3.30036E-05	329.368763
3	3.5E-12	329.393274	0.1	3.21804E-05	329.393274
2.9	2.9E-12	329.417828	0.0999998	3.13577E-05	329.417828
2.8	2.3E-12	329.442427	0.1	3.05359E-05	329.442427
2.7	8.5E-12	329.503653	0.0999999	2.97208E-05	329.503653
2.6	2.9E-12	329.528211	0.0999998	2.89001E-05	329.528211
2.5	1.6E-12	329.552765	0.0999999	2.8081E-05	329.552765
2.4	2E-13	329.577274	0.0999999	2.72638E-05	329.577274
2.3	-7E-13	329.601854	0.1000002	2.64474E-05	329.601854
2.2	-1.4E-12	329.626581	0.1	2.56323E-05	329.626581
2.099999	1E-13	329.653022	0.1000001	2.48245E-05	329.653022
2	-4.5E-12	329.677527	0.1	2.4012E-05	329.677527
1.9	-5.2E-12	329.702149	0.1	2.32014E-05	329.702149
1.8	-6.5E-12	329.72666	0.0999999	2.23925E-05	329.72666
1.7	-7.4E-12	329.751208	0.0999999	2.15854E-05	329.751208
1.6	-8.9E-12	329.775708	0.1000001	2.07801E-05	329.775708
1.5	-9.9E-12	329.800239	0.0999999	1.99769E-05	329.800239
1.4	-1.16E-11	329.824785	0.1	1.91761E-05	329.824785
1.3	-1.28E-11	329.849315	0.0999999	1.83778E-05	329.849315
1.2	-1.44E-11	329.873848	0.0999999	1.7583E-05	329.873848
1.1	-1.59E-11	329.898366	0.0999998	1.67911E-05	329.898366
1	-1.71E-11	329.922901	0.1000001	1.60041E-05	329.922901
0.9	-1.89E-11	329.947473	0.1	1.52208E-05	329.947473
0.8	-1.46E-11	330.001397	0.1	1.44485E-05	330.001397
0.7	-2.12E-11	330.02596	0.0999999	1.36755E-05	330.02596
0.6	-2.39E-11	330.0505	0.1	1.29098E-05	330.0505
0.5	-2.58E-11	330.075013	0.1000002	1.2152E-05	330.075013
0.4	-2.83E-11	330.099607	0.1000001	1.14014E-05	330.099607
0.3	-3.05E-11	330.124121	0.1	1.06587E-05	330.124121
0.2	-2.98E-11	330.150627	0.1	9.9245E-06	330.150627
0.0999997	-3.47E-11	330.175123	0.1	9.1967E-06	330.175123
0	-3.37E-11	330.202246	0.1000002	8.48414E-06	330.202246
