#scan	iMeasureCycle=1	iMux=0	time=0.031	N=401	LocalTime=20/04/2023 01:43:41
#VGate(V)	IGate(A)	time(s)	VDrain(V)	IDrain(A)	time(s)
-2E-07	-1.533E-10	0.033899	0.0999999	1.51848E-05	0.033899
-0.1000005	-2.116E-10	0.058781	0.1	1.43888E-05	0.058781
-0.2000005	-2.607E-10	0.083281	0.0999999	1.35991E-05	0.083281
-0.300001	-1.936E-10	0.107998	0.0999999	1.28146E-05	0.107998
-0.4	-1.104E-10	0.132513	0.1000001	1.20361E-05	0.132513
-0.5	-8.55E-11	0.157026	0.0999999	1.12642E-05	0.157026
-0.6	-7.32E-11	0.181538	0.1	1.04996E-05	0.181538
-0.7	-6.53E-11	0.20608	0.0999998	9.7432E-06	0.20608
-0.8	-6.05E-11	0.230632	0.0999998	8.9967E-06	0.230632
-0.9	-5.36E-11	0.257947	0.0999998	8.2668E-06	0.257947
-1	-5.46E-11	0.282487	0.0999999	7.54512E-06	0.282487
-1.1	-5.39E-11	0.307028	0.1	6.83845E-06	0.307028
-1.2	-5.31E-11	0.33154	0.0999999	6.14968E-06	0.33154
-1.3	-5.26E-11	0.356061	0.1	5.48182E-06	0.356061
-1.4	-5.21E-11	0.380578	0.1000001	4.83836E-06	0.380578
-1.5	-5.21E-11	0.405082	0.0999997	4.22248E-06	0.405082
-1.6	-5.22E-11	0.42959	0.0999998	3.63776E-06	0.42959
-1.7	-5.16E-11	0.454157	0.1	3.08888E-06	0.454157
-1.8	-5.21E-11	0.478752	0.1	2.57872E-06	0.478752
-1.9	-5.24E-11	0.503307	0.1000001	2.1121E-06	0.503307
-2	-5.25E-11	0.527846	0.0999997	1.69211E-06	0.527846
-2.1	-5.24E-11	0.552349	0.0999998	1.32045E-06	0.552349
-2.2	-4.65E-11	0.599711	0.0999999	1.00145E-06	0.599711
-2.3	-4.72E-11	0.627105	0.0999998	7.30843E-07	0.627105
-2.4	-5.16E-11	0.651654	0.0999995	5.09817E-07	0.651654
-2.5	-5.26E-11	0.676183	0.0999998	3.37352E-07	0.676183
-2.6	-5.28E-11	0.700767	0.0999997	2.09009E-07	0.700767
-2.7	-5.32E-11	0.725301	0.0999997	1.19621E-07	0.725301
-2.8	-4.82E-11	0.762962	0.0999953	6.28979E-08	0.762962
-2.9	-6.75E-11	0.786195	0.1000067	2.88353E-08	0.786195
-3	-6.84E-11	0.809425	0.100003	1.16014E-08	0.809425
-3.1	-6.77E-11	0.832787	0.1000011	4.0414E-09	0.832787
-3.2	-6.8E-11	0.856065	0.1000003	1.2138E-09	0.856065
-3.3	-6.99E-11	0.879289	0.1000003	3.137E-10	0.879289
-3.4	-7.03E-11	0.90259	0.1	6.69E-11	0.90259
-3.5	-6.89E-11	0.925972	0.1000002	7.2E-12	0.925972
-3.6	-7E-11	0.949238	0.1000001	-4.3E-12	0.949238
-3.7	-7.2E-11	0.972441	0.1000001	-5.9E-12	0.972441
-3.8	-7.22E-11	0.995659	0.1	-6.3E-12	0.995659
-3.9	-7.05E-11	1.019001	0.1	-6.7E-12	1.019001
-4	-7.09E-11	1.042268	0.1000001	-6.3E-12	1.042268
-4.1	-5.14E-11	1.09978	0.0999999	-8.4E-12	1.09978
-4.2	-6.93E-11	1.123096	0.1000002	-6.7E-12	1.123096
-4.3	-7.02E-11	1.146385	0.1000002	-6.1E-12	1.146385
-4.4	-7.26E-11	1.169607	0.1000001	-6.4E-12	1.169607
-4.5	-7.3E-11	1.192882	0.1000002	-6.2E-12	1.192882
-4.6	-7.16E-11	1.216181	0.1000001	-6.2E-12	1.216181
-4.7	-7.21E-11	1.239469	0.1000002	-6.1E-12	1.239469
-4.8	-7.32E-11	1.262804	0.1000001	-6E-12	1.262804
-4.9	-7.24E-11	1.286114	0.1000003	-6.3E-12	1.286114
-5	-7.28E-11	1.309414	0.1000001	-6E-12	1.309414
-5.1	-7.46E-11	1.332623	0.1	-6E-12	1.332623
-5.2	-7.52E-11	1.355839	0.1	-6.2E-12	1.355839
-5.3	-7.55E-11	1.379053	0.1	-6E-12	1.379053
-5.4	-7.39E-11	1.402346	0.1000001	-5.9E-12	1.402346
-5.5	-7.59E-11	1.425555	0.1000002	-5.5E-12	1.425555
-5.6	-7.6E-11	1.448775	0.1	-6.2E-12	1.448775
-5.7	-7.66E-11	1.471996	0.1000002	-6E-12	1.471996
-5.8	-7.51E-11	1.495276	0.1000002	-6.2E-12	1.495276
-5.9	-7.68E-11	1.518591	0.1000001	-6.1E-12	1.518591
-6	-7.72E-11	1.541806	0.1	-5.8E-12	1.541806
-6.1	-5.62E-11	1.59879	0.1	-7.6E-12	1.59879
-6.2	-7.38E-11	1.622107	0.1000001	-6E-12	1.622107
-6.3	-7.47E-11	1.645392	0.1000001	-6E-12	1.645392
-6.4	-7.53E-11	1.668682	0.1	-5.9E-12	1.668682
-6.5	-7.64E-11	1.691959	0.1000001	-6.1E-12	1.691959
-6.6	-7.82E-11	1.715181	0.1000001	-6E-12	1.715181
-6.7	-7.61E-11	1.738466	0.1000002	-6.2E-12	1.738466
-6.8	-7.62E-11	1.761742	0.1000001	-6.2E-12	1.761742
-6.9	-7.85E-11	1.785017	0.1000001	-5.9E-12	1.785017
-7	-7.85E-11	1.808252	0.0999999	-6.1E-12	1.808252
-7.1	-7.77E-11	1.831546	0.1000001	-6E-12	1.831546
-7.2	-7.73E-11	1.854855	0.1000001	-5.7E-12	1.854855
-7.3	-7.95E-11	1.878073	0.1000001	-5.2E-12	1.878073
-7.4	-7.98E-11	1.901298	0.1000002	-5.5E-12	1.901298
-7.5	-7.7E-11	1.924711	0.1	-6E-12	1.924711
-7.6	-7.94E-11	1.947928	0.1000001	-5.8E-12	1.947928
-7.7	-8E-11	1.971149	0.1000002	-5.5E-12	1.971149
-7.8	-8.04E-11	1.994368	0.1000001	-5.3E-12	1.994368
-7.9	-7.88E-11	2.017809	0.1000002	-5.5E-12	2.017809
-8	-7.98E-11	2.041038	0.1	-5.7E-12	2.041038
-8.1	-5.99E-11	2.095665	0.1	-7.1E-12	2.095665
-8.2	-7.73E-11	2.11897	0.1000002	-5.6E-12	2.11897
-8.3	-8E-11	2.142176	0.1000002	-5.5E-12	2.142176
-8.4	-8.09E-11	2.165387	0.1000002	-5.8E-12	2.165387
-8.5	-7.84E-11	2.188826	0.1000002	-5.5E-12	2.188826
-8.6	-7.86E-11	2.212118	0.1000002	-5.6E-12	2.212118
-8.7	-8.04E-11	2.235332	0.1000002	-5.6E-12	2.235332
-8.8	-8.1E-11	2.258634	0.1	-5.6E-12	2.258634
-8.9	-7.93E-11	2.281927	0.1000002	-5.2E-12	2.281927
-9	-7.96E-11	2.30524	0.1000003	-5.6E-12	2.30524
-9.1	-8.16E-11	2.328452	0.1000002	-5.6E-12	2.328452
-9.2	-8.13E-11	2.351664	0.1000002	-5.4E-12	2.351664
-9.3	-8.02E-11	2.37496	0.1000002	-5.5E-12	2.37496
-9.4	-8.02E-11	2.398252	0.1000002	-5.6E-12	2.398252
-9.5	-8.2E-11	2.421467	0.1000001	-5.2E-12	2.421467
-9.6	-8.23E-11	2.444678	0.1000001	-5.5E-12	2.444678
-9.7	-8.09E-11	2.467968	0.1	-5.9E-12	2.467968
-9.8	-8.06E-11	2.491264	0.1000002	-5.7E-12	2.491264
-9.9	-8.26E-11	2.514568	0.1000002	-5.5E-12	2.514568
-10	-8.31E-11	2.537781	0.1000002	-5.3E-12	2.537781
-9.90001	-4.2E-11	2.561072	0.0999998	-8.4E-12	2.561072
-9.80001	-5.54E-11	2.601726	0.1	-7.3E-12	2.601726
-9.70001	-3.43E-11	2.624963	0.0999996	-8.7E-12	2.624963
-9.60001	-3.41E-11	2.648264	0.0999998	-8.8E-12	2.648264
-9.50001	-3.36E-11	2.671588	0.0999998	-8.7E-12	2.671588
-9.40001	-3E-11	2.694847	0.0999998	-8.9E-12	2.694847
-9.30001	-3.01E-11	2.718128	0.0999996	-8.7E-12	2.718128
-9.20001	-2.9E-11	2.741408	0.0999996	-9E-12	2.741408
-9.10001	-2.76E-11	2.764622	0.0999996	-9.3E-12	2.764622
-9.00001	-2.62E-11	2.787839	0.0999997	-9E-12	2.787839
-8.90001	-2.76E-11	2.811148	0.0999998	-8.8E-12	2.811148
-8.80001	-2.66E-11	2.834438	0.0999998	-8.7E-12	2.834438
-8.70001	-2.47E-11	2.857651	0.0999998	-9.3E-12	2.857651
-8.60001	-2.32E-11	2.880854	0.0999998	-9E-12	2.880854
-8.50001	-2.42E-11	2.904238	0.0999998	-8.7E-12	2.904238
-8.40001	-2.46E-11	2.927524	0.0999996	-8.7E-12	2.927524
-8.30001	-2.23E-11	2.950831	0.0999998	-9.2E-12	2.950831
-8.20001	-2.17E-11	2.974041	0.0999995	-9.3E-12	2.974041
-8.10001	-2.32E-11	2.997428	0.0999996	-8.8E-12	2.997428
-8.00001	-2.12E-11	3.020764	0.0999997	-9.2E-12	3.020764
-7.90001	-1.97E-11	3.044065	0.0999997	-8.8E-12	3.044065
-7.80001	-4.05E-11	3.103211	0.0999999	-7.8E-12	3.103211
-7.70001	-2.3E-11	3.126521	0.0999996	-9.1E-12	3.126521
-7.6	-2.22E-11	3.149816	0.0999997	-9.1E-12	3.149816
-7.50001	-2.09E-11	3.173105	0.1	-8.9E-12	3.173105
-7.40001	-1.89E-11	3.196373	0.0999996	-9.4E-12	3.196373
-7.30001	-1.98E-11	3.219674	0.0999998	-8.9E-12	3.219674
-7.2	-1.82E-11	3.242885	0.0999999	-9.2E-12	3.242885
-7.10001	-1.8E-11	3.266121	0.0999999	-9.2E-12	3.266121
-7.00001	-1.68E-11	3.289404	0.0999997	-9.7E-12	3.289404
-6.90001	-1.82E-11	3.312723	0.0999999	-9.2E-12	3.312723
-6.80001	-1.61E-11	3.335917	0.0999997	-9.2E-12	3.335917
-6.70001	-1.56E-11	3.359146	0.0999998	-9.3E-12	3.359146
-6.60001	-1.56E-11	3.382356	0.0999996	-9.2E-12	3.382356
-6.50001	-1.67E-11	3.405655	0.0999996	-9.1E-12	3.405655
-6.40001	-1.65E-11	3.428949	0.0999996	-9.7E-12	3.428949
-6.30001	-1.59E-11	3.452235	0.0999996	-9.4E-12	3.452235
-6.20001	-1.41E-11	3.475464	0.0999997	-1E-11	3.475464
-6.10001	-1.45E-11	3.498753	0.0999997	-9.4E-12	3.498753
-6.00001	-1.29E-11	3.522076	0.0999996	-9.4E-12	3.522076
-5.90001	-1.26E-11	3.545282	0.0999997	-9.5E-12	3.545282
-5.80001	-3.3E-11	3.600116	0.0999999	-8.3E-12	3.600116
-5.70001	-1.33E-11	3.623418	0.0999997	-9.9E-12	3.623418
-5.60001	-1.26E-11	3.646638	0.0999996	-9.9E-12	3.646638
-5.50001	-1.37E-11	3.669932	0.0999997	-9.6E-12	3.669932
-5.40001	-1.15E-11	3.693196	0.0999997	-1E-11	3.693196
-5.30001	-1.21E-11	3.71646	0.0999996	-1.01E-11	3.71646
-5.20001	-1.2E-11	3.739743	0.0999997	-1E-11	3.739743
-5.1	-1.11E-11	3.76303	0.0999999	-9.9E-12	3.76303
-5.00001	-9.2E-12	3.786232	0.0999999	-1E-11	3.786232
-4.90001	-9E-12	3.80947	0.0999997	-1.02E-11	3.80947
-4.80001	-9.8E-12	3.832768	0.0999998	-9.7E-12	3.832768
-4.7	-9.2E-12	3.856043	0.0999997	-1.01E-11	3.856043
-4.60001	-7.9E-12	3.879266	0.0999996	-1.04E-11	3.879266
-4.50001	-6.3E-12	3.902483	0.0999996	-1.03E-11	3.902483
-4.40001	-6.2E-12	3.925706	0.0999997	-1.05E-11	3.925706
-4.3	-7.6E-12	3.949087	0.0999996	-1.04E-11	3.949087
-4.20001	-5.4E-12	3.972292	0.0999996	-1.01E-11	3.972292
-4.10001	-5E-12	3.995513	0.0999997	-1.02E-11	3.995513
-4.00001	-4.9E-12	4.018806	0.0999997	-1.05E-11	4.018806
-3.90001	-5.6E-12	4.042108	0.0999997	-1.02E-11	4.042108
-3.80001	-3.9E-12	4.06533	0.0999999	-1.06E-11	4.06533
-3.70001	-2.36E-11	4.106061	0.0999999	-8.3E-12	4.106061
-3.60001	-5.4E-12	4.129373	0.0999998	-4E-12	4.129373
-3.50001	-3.1E-12	4.152586	0.0999997	2.42E-11	4.152586
-3.40001	-2.1E-12	4.1758	0.0999998	1.499E-10	4.1758
-3.30001	-1.5E-12	4.199063	0.0999998	6.218E-10	4.199063
-3.20001	-2E-12	4.22235	0.1000001	2.1679E-09	4.22235
-3.10001	-2E-12	4.245644	0.100001	6.5778E-09	4.245644
-3.00001	-3E-13	4.268887	0.1000021	1.72959E-08	4.268887
-2.90001	-3E-13	4.292254	0.1000023	3.96756E-08	4.292254
-2.80001	-1E-13	4.315565	0.0999971	8.07654E-08	4.315565
-2.70001	-1.83E-11	4.355012	0.1	1.45239E-07	4.355012
-2.60001	-1.29E-11	4.379549	0.1000004	2.46667E-07	4.379549
-2.50001	-1.23E-11	4.404065	0.1000008	3.87023E-07	4.404065
-2.40001	-1.16E-11	4.428575	0.1000006	5.71507E-07	4.428575
-2.30001	-1.06E-11	4.453115	0.1000007	8.0336E-07	4.453115
-2.20001	-1.48E-11	4.487617	0.1	1.08004E-06	4.487617
-2.099999	-1.32E-11	4.514071	0.1	1.41502E-06	4.514071
-2.000001	-8.8E-12	4.53858	0.1000001	1.79722E-06	4.53858
-1.9	-7.8E-12	4.563131	0.0999999	2.22709E-06	4.563131
-1.800001	-1.25E-11	4.60725	0.1000001	2.69403E-06	4.60725
-1.7	-7E-12	4.631801	0.1	3.21333E-06	4.631801
-1.600001	-5.8E-12	4.656328	0.1000001	3.76806E-06	4.656328
-1.5	-4E-12	4.680846	0.1	4.35691E-06	4.680846
-1.4	-3.7E-12	4.705441	0.1000001	4.97541E-06	4.705441
-1.300001	-2.3E-12	4.729976	0.1000002	5.62116E-06	4.729976
-1.2	-1.2E-12	4.754494	0.1000001	6.28909E-06	4.754494
-1.100001	1E-13	4.779	0.1000003	6.97732E-06	4.779
-1	6E-13	4.803654	0.0999999	7.68256E-06	4.803654
-0.9	2.6E-12	4.82818	0.1000002	8.40291E-06	4.82818
-0.8	3.9E-12	4.852692	0.1000001	9.13625E-06	4.852692
-0.7	5.7E-12	4.877213	0.1000001	9.87976E-06	4.877213
-0.600001	1.4E-12	4.911943	0.0999999	1.0625E-05	4.911943
-0.500001	7.3E-12	4.936466	0.1000002	1.13884E-05	4.936466
-0.4	8.9E-12	4.961069	0.1	1.2158E-05	4.961069
-0.300001	1.05E-11	4.985589	0.1	1.29329E-05	4.985589
-0.2	9E-12	5.012052	0.1	1.37143E-05	5.012052
-0.0999997	1.34E-11	5.036632	0.1	1.45E-05	5.036632
2E-07	1.55E-11	5.061121	0.1000001	1.52909E-05	5.061121
0.0999999	1.07E-11	5.113067	0.1000001	1.60803E-05	5.113067
0.2000002	1.8E-11	5.137583	0.1000002	1.68826E-05	5.137583
0.299999	2.02E-11	5.162287	0.1	1.76892E-05	5.162287
0.4	2.19E-11	5.186825	0.1000002	1.85007E-05	5.186825
0.5	2.43E-11	5.211387	0.1000001	1.93162E-05	5.211387
0.599999	2.58E-11	5.235967	0.1000002	2.01359E-05	5.235967
0.699999	2.78E-11	5.260478	0.0999999	2.09599E-05	5.260478
0.799999	3E-11	5.285089	0.1	2.17861E-05	5.285089
0.9	3.18E-11	5.309731	0.1000002	2.26149E-05	5.309731
0.999999	3.34E-11	5.334271	0.1	2.34462E-05	5.334271
1.1	3.53E-11	5.358813	0.1	2.42782E-05	5.358813
1.2	3.72E-11	5.383318	0.1000002	2.51132E-05	5.383318
1.3	3.86E-11	5.40784	0.1000002	2.59483E-05	5.40784
1.4	4E-11	5.432344	0.1000002	2.67841E-05	5.432344
1.5	4.13E-11	5.456868	0.1000001	2.7622E-05	5.456868
1.599999	4.24E-11	5.481403	0.1000002	2.84598E-05	5.481403
1.699999	4.34E-11	5.505909	0.1000001	2.92987E-05	5.505909
1.8	4.4E-11	5.530492	0.1000002	3.01382E-05	5.530492
1.9	4.47E-11	5.555025	0.1000002	3.09783E-05	5.555025
1.999999	3.79E-11	5.614844	0.1000001	3.18074E-05	5.614844
2.099999	4.32E-11	5.639387	0.1000001	3.2653E-05	5.639387
2.19999	4.48E-11	5.664107	0.1000002	3.34935E-05	5.664107
2.29999	4.55E-11	5.688615	0.1000001	3.43378E-05	5.688615
2.39999	4.66E-11	5.713192	0.0999999	3.51821E-05	5.713192
2.49999	4.69E-11	5.737704	0.1	3.60264E-05	5.737704
2.59999	4.8E-11	5.762227	0.0999999	3.68713E-05	5.762227
2.69999	4.82E-11	5.78675	0.1000001	3.77171E-05	5.78675
2.79999	4.87E-11	5.811375	0.1	3.85637E-05	5.811375
2.89999	4.91E-11	5.83588	0.1	3.94105E-05	5.83588
2.99999	4.94E-11	5.860438	0.1000002	4.02577E-05	5.860438
3.09999	4.99E-11	5.884943	0.0999999	4.1106E-05	5.884943
3.19999	5.03E-11	5.909446	0.1000002	4.19547E-05	5.909446
3.29999	5.11E-11	5.933948	0.1000003	4.28034E-05	5.933948
3.39999	5.12E-11	5.958548	0.1	4.36532E-05	5.958548
3.49999	5.12E-11	5.983056	0.1000002	4.45037E-05	5.983056
3.59999	5.19E-11	6.00757	0.1000002	4.53549E-05	6.00757
3.69999	5.25E-11	6.032153	0.1000002	4.62065E-05	6.032153
3.79999	5.21E-11	6.056689	0.1000001	4.70585E-05	6.056689
3.89999	4.59E-11	6.113213	0.1000001	4.79007E-05	6.113213
3.99999	5.12E-11	6.137758	0.1000003	4.87584E-05	6.137758
4.09999	5.18E-11	6.162292	0.0999999	4.96147E-05	6.162292
4.19999	5.2E-11	6.186805	0.1	5.04707E-05	6.186805
4.29999	5.24E-11	6.211368	0.1000002	5.13272E-05	6.211368
4.39999	5.3E-11	6.235884	0.1000002	5.21846E-05	6.235884
4.49999	5.33E-11	6.260401	0.1000002	5.30427E-05	6.260401
4.59999	5.39E-11	6.284864	0.1000001	5.39012E-05	6.284864
4.69999	5.36E-11	6.30942	0.0999999	5.47603E-05	6.30942
4.79999	5.37E-11	6.333961	0.0999998	5.56201E-05	6.333961
4.89999	5.42E-11	6.358472	0.0999999	5.64811E-05	6.358472
4.99999	5.45E-11	6.382988	0.0999999	5.73425E-05	6.382988
5.09999	5.49E-11	6.407496	0.0999999	5.82057E-05	6.407496
5.19999	5.48E-11	6.43205	0.0999999	5.9068E-05	6.43205
5.29999	5.54E-11	6.456558	0.1	5.99316E-05	6.456558
5.39999	5.49E-11	6.481137	0.1000002	6.0797E-05	6.481137
5.49999	5.58E-11	6.505662	0.1	6.1663E-05	6.505662
5.59999	5.58E-11	6.53025	0.1	6.25296E-05	6.53025
5.69999	5.58E-11	6.554813	0.1	6.3397E-05	6.554813
5.79999	4.97E-11	6.614866	0.1	6.4254E-05	6.614866
5.89999	5.42E-11	6.639547	0.0999998	6.51269E-05	6.639547
5.99999	5.49E-11	6.664096	0.1	6.59992E-05	6.664096
6.09999	5.56E-11	6.688611	0.0999999	6.68706E-05	6.688611
6.19999	5.59E-11	6.713193	0.1000001	6.77421E-05	6.713193
6.29999	5.6E-11	6.737716	0.0999998	6.86168E-05	6.737716
6.39999	5.64E-11	6.762253	0.1000001	6.94903E-05	6.762253
6.49999	5.66E-11	6.786756	0.1000001	7.03654E-05	6.786756
6.59999	5.73E-11	6.811294	0.0999999	7.12403E-05	6.811294
6.69999	5.75E-11	6.835809	0.0999998	7.21173E-05	6.835809
6.79999	5.7E-11	6.860387	0.1000002	7.2995E-05	6.860387
6.89999	5.73E-11	6.884923	0.1000001	7.38716E-05	6.884923
6.99999	5.71E-11	6.909518	0.1000001	7.47512E-05	6.909518
7.09999	5.76E-11	6.934056	0.1000001	7.5632E-05	6.934056
7.19999	5.86E-11	6.958665	0.1000001	7.6513E-05	6.958665
7.29999	5.8E-11	6.983188	0.1000002	7.73945E-05	6.983188
7.39999	5.84E-11	7.007703	0.1000001	7.82768E-05	7.007703
7.49999	5.8E-11	7.032339	0.1000002	7.91618E-05	7.032339
7.59999	5.83E-11	7.056863	0.1	8.00459E-05	7.056863
7.69999	5.3E-11	7.112368	0.1000002	8.09221E-05	7.112368
7.79999	5.75E-11	7.136879	0.1000001	8.18115E-05	7.136879
7.89999	5.77E-11	7.161416	0.1	8.27006E-05	7.161416
7.99999	5.91E-11	7.185919	0.1000001	8.35888E-05	7.185919
8.09999	5.86E-11	7.210495	0.1000001	8.44785E-05	7.210495
8.19999	5.84E-11	7.235008	0.1	8.53693E-05	7.235008
8.29999	5.86E-11	7.259545	0.0999997	8.62611E-05	7.259545
8.39999	5.89E-11	7.284082	0.1000003	8.7154E-05	7.284082
8.49999	5.88E-11	7.308705	0.1000001	8.80469E-05	7.308705
8.59999	5.95E-11	7.333259	0.1	8.89413E-05	7.333259
8.69999	5.93E-11	7.357801	0.1	8.9837E-05	7.357801
8.79999	5.99E-11	7.382348	0.1000001	9.07311E-05	7.382348
8.89999	5.95E-11	7.406883	0.1000002	9.16275E-05	7.406883
8.99999	6.02E-11	7.431404	0.1000001	9.25264E-05	7.431404
9.09999	6E-11	7.455954	0.1000002	9.34238E-05	7.455954
9.19999	6E-11	7.480503	0.1000002	9.43245E-05	7.480503
9.29999	6.01E-11	7.505015	0.1000001	9.52207E-05	7.505015
9.39999	6.02E-11	7.529705	0.0999998	9.61269E-05	7.529705
9.49999	6.07E-11	7.554224	0.0999998	9.70315E-05	7.554224
9.59999	5.33E-11	7.616102	0.1	9.79273E-05	7.616102
9.69999	5.88E-11	7.640729	0.1	9.88364E-05	7.640729
9.79999	5.99E-11	7.665293	0.1000002	9.97456E-05	7.665293
9.89999	5.97E-11	7.689819	0.0999999	0.0001006551	7.689819
9.99999	6.05E-11	7.714375	0.1	0.0001015628	7.714375
9.9	4.72E-11	7.738895	0.0999998	0.00010064	7.738895
9.8	4.36E-11	7.763406	0.0999997	9.97231E-05	7.763406
9.7	4.21E-11	7.787935	0.1	9.88083E-05	7.787935
9.6	3.97E-11	7.812476	0.0999999	9.78948E-05	7.812476
9.5	3.9E-11	7.837109	0.0999997	9.69827E-05	7.837109
9.4	3.78E-11	7.861639	0.1	9.60737E-05	7.861639
9.3	3.69E-11	7.886202	0.0999999	9.51655E-05	7.886202
9.2	3.61E-11	7.910732	0.1	9.42574E-05	7.910732
9.1	3.5E-11	7.935324	0.0999998	9.33508E-05	7.935324
9	3.37E-11	7.959948	0.0999997	9.24478E-05	7.959948
8.9	3.34E-11	7.984475	0.1	9.15469E-05	7.984475
8.8	3.28E-11	8.008999	0.1000002	9.06424E-05	8.008999
8.7	3.17E-11	8.033591	0.1	8.97383E-05	8.033591
8.6	3.16E-11	8.058156	0.0999999	8.8836E-05	8.058156
8.5	3.72E-11	8.119579	0.0999998	8.79373E-05	8.119579
8.4	3.14E-11	8.144106	0.1	8.70339E-05	8.144106
8.3	3.09E-11	8.168655	0.0999999	8.61328E-05	8.168655
8.2	3.02E-11	8.193196	0.0999998	8.5234E-05	8.193196
8.1	2.99E-11	8.217768	0.1000001	8.43372E-05	8.217768
8	2.91E-11	8.242327	0.1	8.34397E-05	8.242327
7.9	2.85E-11	8.266883	0.0999999	8.25431E-05	8.266883
7.8	2.81E-11	8.291448	0.0999998	8.16503E-05	8.291448
7.7	2.76E-11	8.316025	0.1	8.07563E-05	8.316025
7.6	2.72E-11	8.340566	0.0999997	7.9863E-05	8.340566
7.5	2.68E-11	8.365072	0.0999996	7.89717E-05	8.365072
7.4	2.67E-11	8.389623	0.0999997	7.8081E-05	8.389623
7.3	2.62E-11	8.414129	0.0999999	7.71911E-05	8.414129
7.2	2.6E-11	8.438661	0.0999999	7.63015E-05	8.438661
7.1	2.54E-11	8.463191	0.1	7.54118E-05	8.463191
7	2.54E-11	8.487702	0.1000001	7.45255E-05	8.487702
6.9	2.46E-11	8.512204	0.1000002	7.36381E-05	8.512204
6.8	2.4E-11	8.536808	0.1000001	7.27531E-05	8.536808
6.7	2.37E-11	8.561335	0.0999998	7.18681E-05	8.561335
6.6	3E-11	8.621157	0.0999996	7.09897E-05	8.621157
6.5	2.48E-11	8.645896	0.0999999	7.01063E-05	8.645896
6.4	2.4E-11	8.670443	0.1000001	6.9223E-05	8.670443
6.3	2.35E-11	8.694978	0.0999999	6.83409E-05	8.694978
6.2	2.28E-11	8.719535	0.0999999	6.74597E-05	8.719535
6.1	2.26E-11	8.744123	0.0999999	6.65808E-05	8.744123
6	2.15E-11	8.768639	0.1	6.57014E-05	8.768639
5.9	2.15E-11	8.793146	0.0999999	6.48232E-05	8.793146
5.8	2.13E-11	8.817758	0.1000001	6.39453E-05	8.817758
5.7	1.93E-11	8.842271	0.1	6.30686E-05	8.842271
5.6	1.97E-11	8.866807	0.0999998	6.2193E-05	8.866807
5.5	1.95E-11	8.891318	0.0999997	6.13169E-05	8.891318
5.4	1.9E-11	8.91596	0.1	6.04426E-05	8.91596
5.3	1.84E-11	8.940472	0.1000001	5.95692E-05	8.940472
5.2	1.83E-11	8.965095	0.1	5.86965E-05	8.965095
5.1	1.77E-11	8.989616	0.1000001	5.78242E-05	8.989616
5	1.72E-11	9.014142	0.1	5.69533E-05	9.014142
4.9	1.71E-11	9.038742	0.1000001	5.60837E-05	9.038742
4.8	1.71E-11	9.063374	0.1	5.52128E-05	9.063374
4.7	2.26E-11	9.122755	0.0999999	5.43504E-05	9.122755
4.6	1.73E-11	9.147372	0.1	5.34821E-05	9.147372
4.5	1.63E-11	9.171893	0.1	5.26155E-05	9.171893
4.4	1.56E-11	9.196424	0.0999997	5.17492E-05	9.196424
4.3	1.47E-11	9.220984	0.1000002	5.08828E-05	9.220984
4.2	1.36E-11	9.245486	0.0999998	5.00182E-05	9.245486
4.1	1.36E-11	9.270027	0.0999999	4.91544E-05	9.270027
4	1.28E-11	9.294518	0.0999997	4.82921E-05	9.294518
3.9	1.24E-11	9.319044	0.1	4.74295E-05	9.319044
3.8	1.18E-11	9.34356	0.1000002	4.65677E-05	9.34356
3.7	1.11E-11	9.368076	0.0999998	4.57072E-05	9.368076
3.6	1.06E-11	9.392599	0.1	4.48471E-05	9.392599
3.5	1E-11	9.417112	0.0999999	4.39873E-05	9.417112
3.4	9.2E-12	9.441621	0.0999999	4.31287E-05	9.441621
3.3	9E-12	9.46615	0.0999998	4.22716E-05	9.46615
3.2	7.8E-12	9.49067	0.1	4.14154E-05	9.49067
3.1	7.5E-12	9.515166	0.0999998	4.056E-05	9.515166
3	6.6E-12	9.53977	0.0999999	3.97049E-05	9.53977
2.9	5.6E-12	9.564343	0.0999998	3.88501E-05	9.564343
2.8	1.24E-11	9.624457	0.1	3.80018E-05	9.624457
2.7	6.3E-12	9.649062	0.0999999	3.71487E-05	9.649062
2.6	5.4E-12	9.673609	0.1	3.62966E-05	9.673609
2.5	4.1E-12	9.698148	0.0999999	3.5446E-05	9.698148
2.4	3.7E-12	9.722735	0.1000001	3.45957E-05	9.722735
2.3	2.5E-12	9.747271	0.1000001	3.37464E-05	9.747271
2.2	1E-12	9.771892	0.0999998	3.28985E-05	9.771892
2.099999	3.6E-12	9.798303	0.1000001	3.2055E-05	9.798303
2	-3E-13	9.822848	0.1	3.12095E-05	9.822848
1.9	-2.1E-12	9.847352	0.1000001	3.03649E-05	9.847352
1.8	-2.9E-12	9.871883	0.1000001	2.95212E-05	9.871883
1.7	-4E-12	9.896396	0.1000002	2.86794E-05	9.896396
1.6	-5.3E-12	9.920904	0.1000001	2.78386E-05	9.920904
1.5	-6.3E-12	9.945412	0.0999999	2.69994E-05	9.945412
1.4	-6.9E-12	9.970146	0.1	2.61616E-05	9.970146
1.3	-8.9E-12	9.994661	0.0999999	2.53257E-05	9.994661
1.2	-1.08E-11	10.019347	0.0999998	2.44919E-05	10.019347
1.1	-1.21E-11	10.043989	0.0999999	2.36607E-05	10.043989
1	-1.35E-11	10.068541	0.1	2.28312E-05	10.068541
0.9	-8.7E-12	10.125646	0.1000001	2.20097E-05	10.125646
0.8	-1.53E-11	10.150169	0.1	2.11857E-05	10.150169
0.7	-1.76E-11	10.174693	0.0999999	2.03664E-05	10.174693
0.6	-1.97E-11	10.199209	0.0999998	1.95517E-05	10.199209
0.5	-2.22E-11	10.22377	0.1	1.87411E-05	10.22377
0.4	-2.43E-11	10.24829	0.1	1.79365E-05	10.24829
0.3	-2.69E-11	10.272828	0.1	1.71372E-05	10.272828
0.1999998	-2.57E-11	10.299312	0.1	1.63451E-05	10.299312
0.0999997	-3.15E-11	10.323827	0.0999999	1.55566E-05	10.323827
-4E-07	-3.37E-11	10.348322	0.0999999	1.4774E-05	10.348322
#scan	iMeasureCycle=2	iMux=0	time=279.747	N=401	LocalTime=20/04/2023 01:48:20
#VGate(V)	IGate(A)	time(s)	VDrain(V)	IDrain(A)	time(s)
-4E-07	-1.24E-11	279.754561	0.0999997	1.49736E-05	279.754561
-0.1000004	-2E-11	279.779462	0.1000001	1.41833E-05	279.779462
-0.2	-2.16E-11	279.805365	0.1	1.33987E-05	279.805365
-0.3	-2.79E-11	279.830067	0.0999999	1.26195E-05	279.830067
-0.4	-3.04E-11	279.854699	0.0999998	1.18467E-05	279.854699
-0.5	-3.29E-11	279.879228	0.0999999	1.10811E-05	279.879228
-0.6	-3.53E-11	279.903745	0.1	1.03234E-05	279.903745
-0.7	-3.68E-11	279.9283	0.1	9.574E-06	279.9283
-0.799999	-3.53E-11	279.955409	0.0999998	8.84041E-06	279.955409
-0.9	-3.93E-11	279.980085	0.1	8.11283E-06	279.980085
-1	-4.13E-11	280.004617	0.0999998	7.39868E-06	280.004617
-1.1	-4.28E-11	280.029209	0.1000003	6.70068E-06	280.029209
-1.2	-4.33E-11	280.053751	0.0999999	6.02097E-06	280.053751
-1.3	-4.48E-11	280.078247	0.0999998	5.36252E-06	280.078247
-1.4	-4.56E-11	280.102797	0.0999998	4.72851E-06	280.102797
-1.5	-4.67E-11	280.127306	0.0999998	4.1217E-06	280.127306
-1.6	-4.73E-11	280.151844	0.0999999	3.54682E-06	280.151844
-1.7	-4.81E-11	280.176376	0.0999998	3.00716E-06	280.176376
-1.8	-4.91E-11	280.200894	0.0999999	2.50645E-06	280.200894
-1.9	-4.92E-11	280.225423	0.1	2.0489E-06	280.225423
-2	-4.97E-11	280.249927	0.1	1.63735E-06	280.249927
-2.1	-5E-11	280.274532	0.1	1.27394E-06	280.274532
-2.2	-4.4E-11	280.321363	0.0999998	9.6288E-07	280.321363
-2.3	-4.59E-11	280.348715	0.0999996	6.9905E-07	280.348715
-2.4	-5.1E-11	280.373211	0.0999996	4.84902E-07	280.373211
-2.5	-5.13E-11	280.397752	0.0999995	3.18715E-07	280.397752
-2.6	-5.18E-11	280.42232	0.0999997	1.95672E-07	280.42232
-2.7	-5.23E-11	280.446833	0.1	1.10709E-07	280.446833
-2.8	-4.7E-11	280.484506	0.0999962	5.75336E-08	280.484506
-2.9	-6.54E-11	280.507819	0.1000051	2.59117E-08	280.507819
-3	-6.78E-11	280.531134	0.1000031	1.02423E-08	280.531134
-3.1	-6.69E-11	280.554413	0.1000011	3.4962E-09	280.554413
-3.2	-6.78E-11	280.577685	0.1000005	1.0327E-09	280.577685
-3.3	-6.91E-11	280.600935	0.1000003	2.643E-10	280.600935
-3.4	-7.02E-11	280.624153	0.1000003	5.47E-11	280.624153
-3.5	-6.9E-11	280.64744	0.1000002	4.9E-12	280.64744
-3.6	-6.92E-11	280.670829	0.1000001	-4.3E-12	280.670829
-3.7	-7.08E-11	280.694136	0.1000003	-5.6E-12	280.694136
-3.8	-6.96E-11	280.717422	0.1000003	-6E-12	280.717422
-3.9	-6.97E-11	280.740708	0.1000004	-6E-12	280.740708
-4	-7.17E-11	280.763924	0.1000002	-6E-12	280.763924
-4.1	-5.06E-11	280.821715	0.1000001	-7.8E-12	280.821715
-4.2	-6.8E-11	280.845074	0.1000003	-6.4E-12	280.845074
-4.3	-7.19E-11	280.868292	0.1000002	-6.2E-12	280.868292
-4.4	-7.2E-11	280.891511	0.1000004	-5.9E-12	280.891511
-4.5	-7.06E-11	280.914836	0.1000001	-5.6E-12	280.914836
-4.6	-7.1E-11	280.938129	0.1000001	-6.2E-12	280.938129
-4.7	-7.34E-11	280.961342	0.1000003	-5.9E-12	280.961342
-4.8	-7.4E-11	280.984631	0.1000002	-6.1E-12	280.984631
-4.9	-7.47E-11	281.007923	0.1000003	-6E-12	281.007923
-5	-7.41E-11	281.031239	0.1000001	-5.7E-12	281.031239
-5.1	-7.39E-11	281.054488	0.1000001	-5.7E-12	281.054488
-5.2	-7.56E-11	281.077702	0.1000002	-6E-12	281.077702
-5.3	-7.41E-11	281.101008	0.1000004	-5.3E-12	281.101008
-5.4	-7.56E-11	281.124199	0.1000003	-5.5E-12	281.124199
-5.5	-7.55E-11	281.147403	0.1000003	-5.3E-12	281.147403
-5.6	-7.64E-11	281.170603	0.1000003	-5E-12	281.170603
-5.7	-7.46E-11	281.193884	0.1000003	-5.4E-12	281.193884
-5.8	-7.45E-11	281.217192	0.1000003	-6E-12	281.217192
-5.9	-7.63E-11	281.24041	0.1000003	-5.3E-12	281.24041
-6	-7.7E-11	281.263612	0.1000003	-5.5E-12	281.263612
-6.1	-5.54E-11	281.320412	0.1000002	-7.1E-12	281.320412
-6.2	-7.57E-11	281.34372	0.1000002	-5.8E-12	281.34372
-6.3	-7.41E-11	281.367017	0.1000003	-6.1E-12	281.367017
-6.4	-7.46E-11	281.390301	0.1000004	-5.7E-12	281.390301
-6.5	-7.65E-11	281.413567	0.1000002	-5.7E-12	281.413567
-6.6	-7.69E-11	281.436782	0.1000002	-5.8E-12	281.436782
-6.7	-7.57E-11	281.46008	0.1000002	-5.9E-12	281.46008
-6.8	-7.61E-11	281.483352	0.1000003	-5.9E-12	281.483352
-6.9	-7.77E-11	281.50658	0.1000001	-5.7E-12	281.50658
-7	-7.77E-11	281.529838	0.1	-5.5E-12	281.529838
-7.1	-7.67E-11	281.553149	0.1000002	-5.4E-12	281.553149
-7.2	-7.68E-11	281.576446	0.1000005	-5.9E-12	281.576446
-7.3	-7.85E-11	281.599671	0.1000003	-5.4E-12	281.599671
-7.4	-7.88E-11	281.622904	0.1000001	-6E-12	281.622904
-7.5	-7.78E-11	281.64619	0.1000003	-5.9E-12	281.64619
-7.6	-7.95E-11	281.669507	0.1000003	-5.6E-12	281.669507
-7.7	-7.97E-11	281.692723	0.1000002	-5.5E-12	281.692723
-7.8	-7.99E-11	281.715943	0.1000004	-5.8E-12	281.715943
-7.9	-7.85E-11	281.739229	0.1000004	-6E-12	281.739229
-8	-7.86E-11	281.762528	0.1000002	-6.2E-12	281.762528
-8.1	-5.9E-11	281.821941	0.1000002	-7.3E-12	281.821941
-8.2	-7.88E-11	281.845235	0.1000003	-5.7E-12	281.845235
-8.3	-7.79E-11	281.868524	0.1000001	-5.4E-12	281.868524
-8.4	-7.7E-11	281.891864	0.1000003	-5.3E-12	281.891864
-8.5	-7.98E-11	281.915131	0.1000003	-5.1E-12	281.915131
-8.6	-7.71E-11	281.938473	0.1000002	-5.3E-12	281.938473
-8.7	-7.83E-11	281.961761	0.1000002	-5.2E-12	281.961761
-8.8	-8.03E-11	281.984976	0.1000003	-5.2E-12	281.984976
-8.9	-8.05E-11	282.008276	0.1000003	-5.3E-12	282.008276
-9	-8.09E-11	282.031517	0.1000003	-5.4E-12	282.031517
-9.1	-7.99E-11	282.054827	0.1000002	-5.5E-12	282.054827
-9.2	-8.18E-11	282.078047	0.1000001	-5E-12	282.078047
-9.3	-8.15E-11	282.101274	0.1	-5.2E-12	282.101274
-9.4	-8E-11	282.12456	0.1000003	-5.3E-12	282.12456
-9.5	-7.88E-11	282.14789	0.1000002	-5.2E-12	282.14789
-9.6	-8.19E-11	282.171089	0.1000003	-5.1E-12	282.171089
-9.7	-8.19E-11	282.194302	0.1000003	-5.5E-12	282.194302
-9.8	-8.07E-11	282.217606	0.1000003	-5.4E-12	282.217606
-9.9	-8.22E-11	282.240828	0.1000003	-5.5E-12	282.240828
-10	-8.27E-11	282.264045	0.1000004	-5.5E-12	282.264045
-9.90001	-5.68E-11	282.323268	0.1000001	-7.3E-12	282.323268
-9.80001	-3.54E-11	282.346563	0.0999996	-9E-12	282.346563
-9.70001	-3.45E-11	282.369855	0.0999998	-8.4E-12	282.369855
-9.60001	-3.33E-11	282.393132	0.0999997	-8.7E-12	282.393132
-9.50001	-3.05E-11	282.416395	0.0999997	-9E-12	282.416395
-9.40001	-3.08E-11	282.439702	0.0999999	-8.5E-12	282.439702
-9.30001	-2.89E-11	282.462923	0.0999997	-8.7E-12	282.462923
-9.20001	-2.71E-11	282.486136	0.0999998	-9.4E-12	282.486136
-9.10001	-2.66E-11	282.509357	0.0999998	-9.3E-12	282.509357
-9.00001	-2.6E-11	282.532619	0.0999999	-9.2E-12	282.532619
-8.90001	-2.64E-11	282.555919	0.0999998	-9E-12	282.555919
-8.80001	-2.55E-11	282.579207	0.0999998	-9.2E-12	282.579207
-8.70001	-2.35E-11	282.602428	0.0999998	-9.3E-12	282.602428
-8.60001	-2.28E-11	282.625645	0.0999999	-9.7E-12	282.625645
-8.50001	-2.25E-11	282.648886	0.0999998	-9.6E-12	282.648886
-8.40001	-2.18E-11	282.672192	0.0999998	-9.4E-12	282.672192
-8.30001	-2.36E-11	282.695498	0.1	-9.4E-12	282.695498
-8.20001	-2.32E-11	282.718799	0.0999998	-9.3E-12	282.718799
-8.10001	-2.21E-11	282.742073	0.0999999	-9.2E-12	282.742073
-8	-2.04E-11	282.765297	0.0999998	-9E-12	282.765297
-7.90001	-4.08E-11	282.824953	0.1	-7.6E-12	282.824953
-7.80001	-2.25E-11	282.848266	0.0999998	-9E-12	282.848266
-7.70001	-2E-11	282.871472	0.0999998	-9.3E-12	282.871472
-7.6	-1.95E-11	282.894677	0.0999998	-9.7E-12	282.894677
-7.50001	-1.93E-11	282.917946	0.0999997	-9.5E-12	282.917946
-7.40001	-2.11E-11	282.941284	0.0999998	-9.3E-12	282.941284
-7.30001	-1.77E-11	282.964497	0.0999999	-9.6E-12	282.964497
-7.2	-1.72E-11	282.987713	0.0999997	-9.5E-12	282.987713
-7.10001	-1.64E-11	283.010991	0.0999999	-9.4E-12	283.010991
-7.00001	-1.66E-11	283.034246	0.0999998	-9.7E-12	283.034246
-6.90001	-1.62E-11	283.05749	0.0999998	-9.6E-12	283.05749
-6.80001	-1.57E-11	283.080709	0.0999998	-9.4E-12	283.080709
-6.70001	-1.52E-11	283.103924	0.0999997	-9.7E-12	283.103924
-6.60001	-1.63E-11	283.12722	0.1	-9.5E-12	283.12722
-6.50001	-1.59E-11	283.150502	0.0999998	-9.8E-12	283.150502
-6.40001	-1.59E-11	283.17378	0.0999998	-9.9E-12	283.17378
-6.30001	-1.35E-11	283.196983	0.0999998	-9.8E-12	283.196983
-6.20001	-1.47E-11	283.220276	0.0999998	-9.3E-12	283.220276
-6.10001	-1.46E-11	283.243574	0.0999999	-9.3E-12	283.243574
-6.00001	-1.25E-11	283.266785	0.0999997	-9.7E-12	283.266785
-5.90001	-3.33E-11	283.32625	0.1000001	-7.9E-12	283.32625
-5.80001	-1.5E-11	283.349627	0.0999999	-9.8E-12	283.349627
-5.70001	-1.23E-11	283.372852	0.0999998	-1.02E-11	283.372852
-5.60001	-1.16E-11	283.396065	0.0999999	-1.01E-11	283.396065
-5.50001	-1.1E-11	283.419319	0.0999999	-1.06E-11	283.419319
-5.40001	-1.25E-11	283.442627	0.0999998	-1.01E-11	283.442627
-5.30001	-1.04E-11	283.465823	0.0999997	-1.05E-11	283.465823
-5.20001	-9.8E-12	283.489042	0.0999998	-1.05E-11	283.489042
-5.1	-1.14E-11	283.512342	0.0999999	-1.02E-11	283.512342
-5.00001	-9.6E-12	283.5356	0.0999998	-1.03E-11	283.5356
-4.90001	-8.2E-12	283.558828	0.0999999	-1.02E-11	283.558828
-4.80001	-8E-12	283.582039	0.1	-1.04E-11	283.582039
-4.7	-9.5E-12	283.605331	0.0999997	-1.01E-11	283.605331
-4.60001	-8.7E-12	283.628622	0.1	-1.01E-11	283.628622
-4.50001	-8.4E-12	283.65191	0.0999999	-1.02E-11	283.65191
-4.40001	-6.2E-12	283.675292	0.1	-1.05E-11	283.675292
-4.3	-7.5E-12	283.698583	0.0999998	-1.03E-11	283.698583
-4.20001	-7.1E-12	283.72188	0.0999997	-1.05E-11	283.72188
-4.10001	-5.2E-12	283.74509	0.0999997	-1.06E-11	283.74509
-4.00001	-4.5E-12	283.768309	0.0999999	-1.09E-11	283.768309
-3.90001	-2.53E-11	283.827663	0.0999999	-8.8E-12	283.827663
-3.80001	-6.8E-12	283.85104	0.0999999	-1.08E-11	283.85104
-3.70001	-3.8E-12	283.874258	0.0999999	-1E-11	283.874258
-3.60001	-3.2E-12	283.897472	0.0999998	-5.9E-12	283.897472
-3.50001	-4.4E-12	283.920818	0.0999999	1.87E-11	283.920818
-3.40001	-4E-12	283.944117	0.1	1.215E-10	283.944117
-3.30001	-3.1E-12	283.967403	0.0999999	5.164E-10	283.967403
-3.20001	-1.1E-12	283.990601	0.1000001	1.8481E-09	283.990601
-3.10001	-1.8E-12	284.013968	0.1000011	5.7288E-09	284.013968
-3.00001	7E-13	284.037204	0.1000017	1.53574E-08	284.037204
-2.90001	7E-13	284.060425	0.1000017	3.59469E-08	284.060425
-2.80001	1.9E-12	284.083635	0.0999993	7.4111E-08	284.083635
-2.70001	-1.85E-11	284.123104	0.1000001	1.35077E-07	284.123104
-2.60001	-1.38E-11	284.147648	0.1000005	2.31671E-07	284.147648
-2.50001	-1.27E-11	284.172144	0.1000005	3.66562E-07	284.172144
-2.40001	-1.15E-11	284.196685	0.1000007	5.44769E-07	284.196685
-2.30001	-1.09E-11	284.22119	0.1000008	7.6989E-07	284.22119
-2.20001	-1.51E-11	284.255767	0.1	1.03953E-06	284.255767
-2.099999	-1.31E-11	284.282161	0.1000001	1.36669E-06	284.282161
-2.000001	-1.52E-11	284.333368	0.1	1.73347E-06	284.333368
-1.900001	-9.5E-12	284.357913	0.1000001	2.15764E-06	284.357913
-1.800001	-7.9E-12	284.382421	0.1	2.6247E-06	284.382421
-1.7	-6.7E-12	284.40697	0.0999999	3.13229E-06	284.40697
-1.6	-6.2E-12	284.431564	0.1000002	3.67719E-06	284.431564
-1.5	-5E-12	284.456089	0.1	4.25601E-06	284.456089
-1.4	-3.4E-12	284.480619	0.1	4.86522E-06	284.480619
-1.3	-2.5E-12	284.505133	0.1000001	5.50073E-06	284.505133
-1.2	-1.3E-12	284.529643	0.0999999	6.16021E-06	284.529643
-1.100001	-2E-13	284.554235	0.1000002	6.83955E-06	284.554235
-1	1.1E-12	284.578769	0.1000001	7.53678E-06	284.578769
-0.9	2.5E-12	284.603295	0.0999999	8.24885E-06	284.603295
-0.8	3.6E-12	284.627824	0.1000001	8.97478E-06	284.627824
-0.700001	5.2E-12	284.652352	0.1000001	9.71112E-06	284.652352
-0.6	6.7E-12	284.676966	0.1	1.045738E-05	284.676966
-0.500001	2.6E-12	284.711569	0.1000001	1.12057E-05	284.711569
-0.400001	7.7E-12	284.736191	0.1	1.19698E-05	284.736191
-0.3	9.8E-12	284.760702	0.1000002	1.27392E-05	284.760702
-0.1999999	8.1E-12	284.787127	0.1	1.35145E-05	284.787127
-0.1	7.5E-12	284.832147	0.1	1.42909E-05	284.832147
2E-07	1.39E-11	284.856688	0.0999998	1.50776E-05	284.856688
0.1000003	1.63E-11	284.881193	0.1000001	1.5869E-05	284.881193
0.2000003	1.86E-11	284.905684	0.1	1.66654E-05	284.905684
0.299999	1.88E-11	284.935381	0.1000001	1.74656E-05	284.935381
0.4	2.24E-11	284.95992	0.1000001	1.8273E-05	284.95992
0.5	2.45E-11	284.984434	0.1000001	1.90851E-05	284.984434
0.6	2.65E-11	285.009057	0.0999999	1.99024E-05	285.009057
0.7	2.81E-11	285.033585	0.1000001	2.07237E-05	285.033585
0.799999	3.02E-11	285.058146	0.1000002	2.15489E-05	285.058146
0.9	3.18E-11	285.082647	0.1000001	2.23777E-05	285.082647
0.999999	3.34E-11	285.1072	0.1000001	2.32093E-05	285.1072
1.1	3.51E-11	285.1317	0.1	2.40435E-05	285.1317
1.2	3.7E-11	285.156215	0.0999999	2.48794E-05	285.156215
1.3	3.85E-11	285.180721	0.1	2.57171E-05	285.180721
1.399999	4.04E-11	285.205226	0.1	2.65571E-05	285.205226
1.5	4.12E-11	285.229724	0.1000001	2.73985E-05	285.229724
1.599999	4.22E-11	285.254234	0.1	2.82419E-05	285.254234
1.699999	4.36E-11	285.278739	0.1	2.90852E-05	285.278739
1.799999	3.77E-11	285.329524	0.1	2.99242E-05	285.329524
1.9	4.33E-11	285.354123	0.0999998	3.07712E-05	285.354123
2	4.36E-11	285.378644	0.1000002	3.16179E-05	285.378644
2.099999	4.56E-11	285.403143	0.1	3.24658E-05	285.403143
2.19999	4.58E-11	285.427937	0.1	3.33095E-05	285.427937
2.29999	4.67E-11	285.452464	0.1000001	3.41583E-05	285.452464
2.39999	4.72E-11	285.47702	0.1000003	3.5007E-05	285.47702
2.49999	4.8E-11	285.501531	0.1000001	3.58565E-05	285.501531
2.59999	4.8E-11	285.526027	0.1	3.67074E-05	285.526027
2.69999	4.89E-11	285.550611	0.0999999	3.75573E-05	285.550611
2.79999	4.92E-11	285.575117	0.1000002	3.84076E-05	285.575117
2.89999	5E-11	285.599628	0.1000003	3.92587E-05	285.599628
2.99999	5.02E-11	285.624132	0.1000001	4.01104E-05	285.624132
3.09999	5.03E-11	285.648658	0.1000001	4.09611E-05	285.648658
3.19999	5.03E-11	285.67335	0.0999999	4.18127E-05	285.67335
3.29999	5.09E-11	285.697902	0.0999998	4.26656E-05	285.697902
3.39999	5.13E-11	285.722435	0.1000001	4.35188E-05	285.722435
3.49999	5.14E-11	285.747044	0.1	4.4371E-05	285.747044
3.59999	5.16E-11	285.77155	0.1	4.52253E-05	285.77155
3.69999	4.44E-11	285.829591	0.1000001	4.60664E-05	285.829591
3.79999	4.97E-11	285.854184	0.1000001	4.69258E-05	285.854184
3.89999	5.04E-11	285.87879	0.0999999	4.77827E-05	285.87879
3.99999	5.1E-11	285.903317	0.1000002	4.86396E-05	285.903317
4.09999	5.21E-11	285.927883	0.1000003	4.94962E-05	285.927883
4.19999	5.26E-11	285.952406	0.0999999	5.03536E-05	285.952406
4.29999	5.31E-11	285.976924	0.0999999	5.12119E-05	285.976924
4.39999	5.32E-11	286.001475	0.1000001	5.20704E-05	286.001475
4.49999	5.37E-11	286.026092	0.1000002	5.29288E-05	286.026092
4.59999	5.38E-11	286.050725	0.1000001	5.37884E-05	286.050725
4.69999	5.42E-11	286.075251	0.1	5.46489E-05	286.075251
4.79999	5.41E-11	286.099783	0.1000001	5.55101E-05	286.099783
4.89999	5.45E-11	286.124311	0.1	5.6371E-05	286.124311
4.99999	5.44E-11	286.148849	0.1000002	5.72334E-05	286.148849
5.09999	5.45E-11	286.173407	0.1	5.80974E-05	286.173407
5.19999	5.47E-11	286.197939	0.1	5.89608E-05	286.197939
5.29999	5.48E-11	286.22247	0.1000003	5.98252E-05	286.22247
5.39999	5.5E-11	286.247005	0.1	6.06906E-05	286.247005
5.49999	5.52E-11	286.27153	0.0999999	6.15574E-05	286.27153
5.59999	4.87E-11	286.319966	0.1000001	6.24149E-05	286.319966
5.69999	5.4E-11	286.344628	0.1	6.32866E-05	286.344628
5.79999	5.48E-11	286.369133	0.1	6.41572E-05	286.369133
5.89999	5.5E-11	286.393688	0.1	6.50278E-05	286.393688
5.99999	5.22E-11	286.420431	0.1	6.58972E-05	286.420431
6.09999	5.54E-11	286.445057	0.1000002	6.67698E-05	286.445057
6.19999	5.56E-11	286.469589	0.1	6.76422E-05	286.469589
6.29999	5.57E-11	286.494129	0.0999999	6.85158E-05	286.494129
6.39999	5.59E-11	286.51865	0.0999999	6.9389E-05	286.51865
6.49999	5.69E-11	286.543195	0.1000001	7.02648E-05	286.543195
6.59999	5.69E-11	286.567726	0.1000001	7.11407E-05	286.567726
6.69999	5.71E-11	286.592233	0.1	7.20168E-05	286.592233
6.79999	5.73E-11	286.616781	0.0999999	7.28948E-05	286.616781
6.89999	5.76E-11	286.641286	0.0999999	7.37737E-05	286.641286
6.99999	5.75E-11	286.665821	0.1000002	7.46528E-05	286.665821
7.09999	5.73E-11	286.690427	0.1000001	7.5532E-05	286.690427
7.19999	5.76E-11	286.714947	0.0999998	7.64135E-05	286.714947
7.29999	5.82E-11	286.739454	0.1	7.72964E-05	286.739454
7.39999	5.82E-11	286.763973	0.0999999	7.81794E-05	286.763973
7.49999	5.8E-11	286.788487	0.1	7.90622E-05	286.788487
7.59999	5.19E-11	286.838275	0.1	7.99404E-05	286.838275
7.69999	5.68E-11	286.86291	0.0999998	8.08278E-05	286.86291
7.79999	5.74E-11	286.887426	0.1	8.17161E-05	286.887426
7.89999	5.82E-11	286.911956	0.1000002	8.26047E-05	286.911956
7.99999	5.86E-11	286.936523	0.1000001	8.34937E-05	286.936523
8.09999	5.81E-11	286.96107	0.1000001	8.43839E-05	286.96107
8.19999	5.87E-11	286.985587	0.1	8.52733E-05	286.985587
8.29999	5.87E-11	287.01015	0.0999999	8.61658E-05	287.01015
8.39999	5.91E-11	287.03466	0.0999999	8.7059E-05	287.03466
8.49999	5.94E-11	287.059252	0.0999999	8.79513E-05	287.059252
8.59999	5.95E-11	287.083797	0.1	8.88453E-05	287.083797
8.69999	5.96E-11	287.108328	0.1000001	8.97411E-05	287.108328
8.79999	6.01E-11	287.132845	0.1000003	9.06375E-05	287.132845
8.89999	5.98E-11	287.157393	0.1000001	9.15342E-05	287.157393
8.99999	6.01E-11	287.181911	0.1000003	9.24309E-05	287.181911
9.09999	6.05E-11	287.206436	0.1000001	9.33306E-05	287.206436
9.19999	6.09E-11	287.230954	0.1000002	9.42309E-05	287.230954
9.29999	6.09E-11	287.255495	0.1000001	9.51279E-05	287.255495
9.39999	6.09E-11	287.279997	0.1000001	9.60324E-05	287.279997
9.49999	5.44E-11	287.340015	0.1	9.69313E-05	287.340015
9.59999	5.85E-11	287.364698	0.0999999	9.78397E-05	287.364698
9.69999	5.95E-11	287.38922	0.1000002	9.87476E-05	287.38922
9.79999	5.98E-11	287.413737	0.1000001	9.96547E-05	287.413737
9.89999	6E-11	287.438309	0.1	0.0001005627	287.438309
9.99999	6.03E-11	287.462856	0.0999999	0.000101472	287.462856
9.9	4.73E-11	287.487396	0.0999998	0.0001005489	287.487396
9.8	4.41E-11	287.511905	0.1000001	9.96307E-05	287.511905
9.7	4.22E-11	287.536432	0.0999999	9.87148E-05	287.536432
9.6	4.03E-11	287.561031	0.0999998	9.78022E-05	287.561031
9.5	3.87E-11	287.585553	0.1	9.6892E-05	287.585553
9.4	3.77E-11	287.610048	0.0999998	9.59822E-05	287.610048
9.3	3.71E-11	287.634571	0.1	9.5072E-05	287.634571
9.2	3.56E-11	287.659081	0.0999997	9.41659E-05	287.659081
9.1	3.49E-11	287.683701	0.0999999	9.32607E-05	287.683701
9	3.43E-11	287.708204	0.1000001	9.23543E-05	287.708204
8.9	3.34E-11	287.732734	0.0999997	9.14546E-05	287.732734
8.8	3.33E-11	287.757251	0.0999997	9.05507E-05	287.757251
8.7	3.23E-11	287.781796	0.0999998	8.96461E-05	287.781796
8.6	3.79E-11	287.841743	0.1000001	8.8746E-05	287.841743
8.5	3.23E-11	287.866308	0.1000001	8.78422E-05	287.866308
8.4	3.17E-11	287.890852	0.1000001	8.69398E-05	287.890852
8.3	3.06E-11	287.915362	0.0999998	8.60405E-05	287.915362
8.2	3.02E-11	287.939927	0.1000001	8.51425E-05	287.939927
8.1	2.95E-11	287.964441	0.1000001	8.42441E-05	287.964441
8	2.94E-11	287.988966	0.0999999	8.3347E-05	287.988966
7.9	2.84E-11	288.013574	0.0999998	8.24521E-05	288.013574
7.8	2.82E-11	288.038108	0.0999999	8.15572E-05	288.038108
7.7	2.76E-11	288.062732	0.1	8.06636E-05	288.062732
7.6	2.71E-11	288.087258	0.0999998	7.97704E-05	288.087258
7.5	2.63E-11	288.111806	0.0999998	7.88785E-05	288.111806
7.4	2.64E-11	288.136343	0.1000001	7.7988E-05	288.136343
7.3	2.56E-11	288.160843	0.0999999	7.70975E-05	288.160843
7.2	2.68E-11	288.185714	0.0999998	7.62084E-05	288.185714
7.1	2.49E-11	288.21024	0.1	7.5321E-05	288.21024
7	2.42E-11	288.234733	0.0999999	7.44326E-05	288.234733
6.9	2.45E-11	288.25925	0.0999996	7.35455E-05	288.25925
6.8	2.44E-11	288.283768	0.0999997	7.26597E-05	288.283768
6.7	3.01E-11	288.343182	0.0999998	7.17819E-05	288.343182
6.6	2.45E-11	288.367773	0.0999997	7.08962E-05	288.367773
6.5	2.37E-11	288.392303	0.1000001	7.00125E-05	288.392303
6.4	2.25E-11	288.416812	0.0999999	6.91293E-05	288.416812
6.3	2.26E-11	288.441393	0.1	6.82472E-05	288.441393
6.2	2.18E-11	288.466018	0.0999999	6.73665E-05	288.466018
6.1	2.19E-11	288.490596	0.1000002	6.64858E-05	288.490596
6	2.14E-11	288.515084	0.0999999	6.5607E-05	288.515084
5.9	2.09E-11	288.5396	0.0999998	6.47286E-05	288.5396
5.8	2.06E-11	288.564205	0.0999999	6.38515E-05	288.564205
5.7	2.06E-11	288.588735	0.0999999	6.29749E-05	288.588735
5.6	1.98E-11	288.613267	0.0999999	6.20982E-05	288.613267
5.5	1.97E-11	288.637805	0.0999999	6.12222E-05	288.637805
5.4	1.92E-11	288.662301	0.1000001	6.03491E-05	288.662301
5.3	1.87E-11	288.686903	0.1000001	5.94751E-05	288.686903
5.2	1.82E-11	288.711452	0.1000001	5.86021E-05	288.711452
5.1	1.74E-11	288.735949	0.1	5.77307E-05	288.735949
5	1.68E-11	288.760466	0.0999999	5.68598E-05	288.760466
4.9	1.66E-11	288.784987	0.1000001	5.59894E-05	288.784987
4.8	2.28E-11	288.84511	0.0999999	5.51256E-05	288.84511
4.7	1.79E-11	288.869658	0.0999998	5.42555E-05	288.869658
4.6	1.66E-11	288.894187	0.1000001	5.33873E-05	288.894187
4.5	1.6E-11	288.918721	0.0999998	5.25203E-05	288.918721
4.4	1.52E-11	288.943314	0.0999998	5.16541E-05	288.943314
4.3	1.48E-11	288.967921	0.1000001	5.0789E-05	288.967921
4.2	1.38E-11	288.992438	0.1000001	4.99244E-05	288.992438
4.1	1.32E-11	289.017046	0.0999999	4.90607E-05	289.017046
4	1.28E-11	289.041581	0.1	4.81972E-05	289.041581
3.9	1.27E-11	289.066211	0.0999998	4.73346E-05	289.066211
3.8	1.2E-11	289.090769	0.0999999	4.64732E-05	289.090769
3.7	1.07E-11	289.115321	0.0999999	4.56136E-05	289.115321
3.6	1.03E-11	289.139843	0.1	4.47534E-05	289.139843
3.5	9.9E-12	289.16435	0.1	4.38939E-05	289.16435
3.4	9.2E-12	289.188875	0.0999998	4.30357E-05	289.188875
3.3	8.6E-12	289.213416	0.1000001	4.21785E-05	289.213416
3.2	7.9E-12	289.237935	0.1	4.13219E-05	289.237935
3.1	7.3E-12	289.262447	0.1000001	4.04656E-05	289.262447
3	6.3E-12	289.286974	0.0999999	3.96104E-05	289.286974
2.9	1.31E-11	289.346217	0.1000001	3.87618E-05	289.346217
2.8	7E-12	289.370816	0.0999998	3.79068E-05	289.370816
2.7	5.5E-12	289.395366	0.1	3.70544E-05	289.395366
2.6	4.8E-12	289.419876	0.1	3.62021E-05	289.419876
2.5	3.7E-12	289.444466	0.1	3.5351E-05	289.444466
2.4	2.3E-12	289.468977	0.0999998	3.45009E-05	289.468977
2.3	1.4E-12	289.493492	0.1	3.36519E-05	289.493492
2.2	4E-13	289.517987	0.0999998	3.2804E-05	289.517987
2.099999	3.3E-12	289.544391	0.0999999	3.19616E-05	289.544391
2	-1E-12	289.569015	0.0999997	3.11163E-05	289.569015
1.9	-2E-12	289.593542	0.1000001	3.02718E-05	289.593542
1.8	-2.5E-12	289.618076	0.0999999	2.94284E-05	289.618076
1.7	-4.2E-12	289.642588	0.0999998	2.85867E-05	289.642588
1.6	-5.2E-12	289.6671	0.0999999	2.77457E-05	289.6671
1.5	-6.5E-12	289.691741	0.0999999	2.69068E-05	289.691741
1.4	-8E-12	289.716284	0.0999999	2.60702E-05	289.716284
1.3	-9.4E-12	289.740804	0.0999997	2.52345E-05	289.740804
1.2	-1.05E-11	289.765313	0.1	2.44012E-05	289.765313
1.1	-1.27E-11	289.789835	0.1	2.35692E-05	289.789835
1	-7.5E-12	289.847492	0.1000001	2.27462E-05	289.847492
0.9	-1.43E-11	289.872022	0.0999999	2.19191E-05	289.872022
0.8	-1.56E-11	289.896553	0.0999998	2.10962E-05	289.896553
0.7	-1.86E-11	289.921063	0.0999999	2.02775E-05	289.921063
0.6	-2.06E-11	289.945641	0.1	1.94634E-05	289.945641
0.5	-2.24E-11	289.97017	0.0999999	1.8654E-05	289.97017
0.4	-2.48E-11	289.994737	0.1000002	1.785E-05	289.994737
0.3	-2.71E-11	290.019334	0.1	1.70513E-05	290.019334
0.1999998	-2.61E-11	290.04574	0.0999999	1.62597E-05	290.04574
0.0999996	-3.16E-11	290.070357	0.0999998	1.54719E-05	290.070357
-5E-07	-3.41E-11	290.094876	0.0999999	1.46897E-05	290.094876
#scan	iMeasureCycle=3	iMux=0	time=319.842	N=401	LocalTime=20/04/2023 01:49:00
#VGate(V)	IGate(A)	time(s)	VDrain(V)	IDrain(A)	time(s)
-5E-07	-1.23E-11	319.849698	0.0999999	1.48828E-05	319.849698
-0.1000004	-2.06E-11	319.874606	0.1	1.40933E-05	319.874606
-0.2000001	-2.13E-11	319.900482	0.0999998	1.33114E-05	319.900482
-0.3	-2.78E-11	319.925209	0.1	1.25339E-05	319.925209
-0.4	-3.03E-11	319.949742	0.0999997	1.17627E-05	319.949742
-0.5	-3.3E-11	319.974268	0.1	1.09988E-05	319.974268
-0.6	-3.49E-11	319.998768	0.0999998	1.02434E-05	319.998768
-0.7	-3.65E-11	320.023302	0.1000001	9.4969E-06	320.023302
-0.8	-3.48E-11	320.050432	0.1000001	8.76511E-06	320.050432
-0.9	-4E-11	320.075029	0.0999997	8.03985E-06	320.075029
-1	-4.11E-11	320.099581	0.1000002	7.32922E-06	320.099581
-1.1	-4.24E-11	320.124094	0.0999999	6.63392E-06	320.124094
-1.2	-4.38E-11	320.148614	0.1	5.9578E-06	320.148614
-1.3	-4.49E-11	320.173122	0.1	5.30297E-06	320.173122
-1.4	-4.57E-11	320.197663	0.0999999	4.67137E-06	320.197663
-1.5	-4.66E-11	320.222169	0.0999997	4.06844E-06	320.222169
-1.6	-4.69E-11	320.246694	0.0999997	3.49724E-06	320.246694
-1.7	-4.77E-11	320.271235	0.0999997	2.96173E-06	320.271235
-1.8	-4.83E-11	320.295758	0.1	2.46506E-06	320.295758
-1.9	-4.92E-11	320.320265	0.1	2.01184E-06	320.320265
-2	-4.97E-11	320.34482	0.0999998	1.60502E-06	320.34482
-2.1	-5.03E-11	320.36933	0.1	1.24594E-06	320.36933
-2.2	-4.46E-11	320.416832	0.0999998	9.3904E-07	320.416832
-2.3	-4.61E-11	320.444143	0.0999997	6.79716E-07	320.444143
-2.4	-5.05E-11	320.468735	0.0999996	4.69555E-07	320.468735
-2.5	-5.1E-11	320.49327	0.0999996	3.06883E-07	320.49327
-2.6	-5.18E-11	320.51783	0.0999997	1.87235E-07	320.51783
-2.7	-5.25E-11	320.542423	0.0999997	1.04969E-07	320.542423
-2.8	-4.7E-11	320.580106	0.099996	5.40208E-08	320.580106
-2.9	-6.69E-11	320.603409	0.1000064	2.41127E-08	320.603409
-3	-6.83E-11	320.626617	0.1000027	9.4291E-09	320.626617
-3.1	-6.74E-11	320.649901	0.1000007	3.1703E-09	320.649901
-3.2	-6.98E-11	320.67311	0.1000004	9.233E-10	320.67311
-3.3	-6.97E-11	320.696319	0.1000005	2.362E-10	320.696319
-3.4	-6.85E-11	320.719603	0.1000001	4.97E-11	320.719603
-3.5	-6.88E-11	320.742988	0.1000001	4.1E-12	320.742988
-3.6	-7.16E-11	320.766192	0.1000001	-4.2E-12	320.766192
-3.7	-7.19E-11	320.789422	0.1000004	-5.5E-12	320.789422
-3.8	-7.07E-11	320.812696	0.1000001	-5.6E-12	320.812696
-3.9	-7.07E-11	320.83599	0.1000002	-5.8E-12	320.83599
-4	-7.27E-11	320.859218	0.1000001	-5.9E-12	320.859218
-4.1	-5.13E-11	320.917032	0.0999999	-7.5E-12	320.917032
-4.2	-7.11E-11	320.940266	0.1000001	-5.5E-12	320.940266
-4.3	-7.15E-11	320.96349	0.1000001	-5.7E-12	320.96349
-4.4	-6.99E-11	320.986872	0.1	-5.6E-12	320.986872
-4.5	-7.1E-11	321.010218	0.1000002	-5.4E-12	321.010218
-4.6	-7.28E-11	321.033422	0.1000002	-5.6E-12	321.033422
-4.7	-7.33E-11	321.056642	0.1000001	-6.1E-12	321.056642
-4.8	-7.19E-11	321.080009	0.1	-5.8E-12	321.080009
-4.9	-7.41E-11	321.103331	0.1000002	-5.6E-12	321.103331
-5	-7.42E-11	321.126546	0.1	-5.6E-12	321.126546
-5.1	-7.49E-11	321.149758	0.1000002	-5.4E-12	321.149758
-5.2	-7.3E-11	321.173039	0.1000002	-5.1E-12	321.173039
-5.3	-7.51E-11	321.196292	0.1000001	-5.3E-12	321.196292
-5.4	-7.51E-11	321.219536	0.0999999	-5.7E-12	321.219536
-5.5	-7.42E-11	321.242828	0.1000001	-5.6E-12	321.242828
-5.6	-7.44E-11	321.266113	0.1	-5.6E-12	321.266113
-5.7	-7.49E-11	321.289396	0.1000002	-5.7E-12	321.289396
-5.8	-7.64E-11	321.3126	0.1	-5.3E-12	321.3126
-5.9	-7.48E-11	321.335883	0.1000001	-5.2E-12	321.335883
-6	-7.5E-11	321.359166	0.1000003	-5.1E-12	321.359166
-6.1	-5.59E-11	321.415638	0.0999999	-6.6E-12	321.415638
-6.2	-7.52E-11	321.438875	0.1000001	-5.5E-12	321.438875
-6.3	-7.48E-11	321.462179	0.1000001	-5.1E-12	321.462179
-6.4	-7.49E-11	321.485476	0.1000002	-5E-12	321.485476
-6.5	-7.69E-11	321.508754	0.1000001	-5.2E-12	321.508754
-6.6	-7.69E-11	321.531985	0.1000001	-5.6E-12	321.531985
-6.7	-7.6E-11	321.55528	0.1000001	-5.3E-12	321.55528
-6.8	-7.8E-11	321.578484	0.1000002	-5.4E-12	321.578484
-6.9	-7.68E-11	321.601727	0.1000001	-5.3E-12	321.601727
-7	-7.85E-11	321.624955	0.1000004	-5.3E-12	321.624955
-7.1	-7.74E-11	321.648244	0.1000001	-5.2E-12	321.648244
-7.2	-7.75E-11	321.671534	0.1000001	-5.4E-12	321.671534
-7.3	-7.92E-11	321.694809	0.1000002	-5.3E-12	321.694809
-7.4	-7.9E-11	321.71805	0.1000002	-5.3E-12	321.71805
-7.5	-7.84E-11	321.741335	0.1	-5.1E-12	321.741335
-7.6	-7.88E-11	321.764717	0.1000001	-5.3E-12	321.764717
-7.7	-7.87E-11	321.788012	0.1000003	-4.8E-12	321.788012
-7.8	-8.06E-11	321.811227	0.1000001	-4.8E-12	321.811227
-7.9	-7.89E-11	321.834521	0.1000001	-4.9E-12	321.834521
-8	-8.02E-11	321.857799	0.1000002	-5E-12	321.857799
-8.1	-5.92E-11	321.917064	0.0999999	-6.7E-12	321.917064
-8.2	-7.9E-11	321.940292	0.1000002	-5.2E-12	321.940292
-8.3	-8E-11	321.963509	0.1000002	-4.9E-12	321.963509
-8.4	-7.85E-11	321.986799	0.1000002	-5.2E-12	321.986799
-8.5	-7.96E-11	322.01009	0.1000001	-4.7E-12	322.01009
-8.6	-8.06E-11	322.033303	0.1000001	-4.8E-12	322.033303
-8.7	-8.11E-11	322.056542	0.1000001	-4.9E-12	322.056542
-8.8	-7.95E-11	322.079837	0.1000001	-5E-12	322.079837
-8.9	-8.06E-11	322.103175	0.1000002	-4.8E-12	322.103175
-9	-8.17E-11	322.126407	0.1000004	-4.5E-12	322.126407
-9.1	-7.96E-11	322.149691	0.1	-4.9E-12	322.149691
-9.2	-8.02E-11	322.172974	0.1	-4.7E-12	322.172974
-9.3	-8.15E-11	322.196198	0.1000002	-4.9E-12	322.196198
-9.4	-8.16E-11	322.219422	0.0999999	-4.8E-12	322.219422
-9.5	-8.03E-11	322.242718	0.1	-4.6E-12	322.242718
-9.6	-8.12E-11	322.26601	0.1	-4.9E-12	322.26601
-9.7	-8.27E-11	322.289225	0.1000001	-5E-12	322.289225
-9.8	-8.28E-11	322.31245	0.1000001	-5E-12	322.31245
-9.9	-8.25E-11	322.335672	0.1000002	-4.9E-12	322.335672
-10	-8.17E-11	322.358955	0.1000001	-4.9E-12	322.358955
-9.90001	-5.61E-11	322.410159	0.1	-7.1E-12	322.410159
-9.80001	-3.61E-11	322.433459	0.0999998	-8.3E-12	322.433459
-9.70001	-3.47E-11	322.456695	0.0999997	-8.3E-12	322.456695
-9.60001	-3.34E-11	322.479993	0.0999996	-8.1E-12	322.479993
-9.50001	-3.33E-11	322.505151	0.0999997	-8E-12	322.505151
-9.40001	-2.95E-11	322.52837	0.0999997	-8.2E-12	322.52837
-9.30001	-2.84E-11	322.551588	0.0999997	-8.6E-12	322.551588
-9.20001	-2.89E-11	322.57488	0.0999997	-8.3E-12	322.57488
-9.10001	-2.89E-11	322.598173	0.0999998	-8.3E-12	322.598173
-9.00001	-2.65E-11	322.621489	0.0999997	-8.5E-12	322.621489
-8.90001	-2.53E-11	322.644706	0.0999997	-8.5E-12	322.644706
-8.80001	-2.54E-11	322.667994	0.0999997	-8.5E-12	322.667994
-8.70001	-2.38E-11	322.691283	0.0999999	-8.8E-12	322.691283
-8.60001	-2.34E-11	322.714497	0.0999998	-8.5E-12	322.714497
-8.50001	-2.27E-11	322.737717	0.0999997	-8.5E-12	322.737717
-8.40001	-2.19E-11	322.761022	0.0999998	-8.6E-12	322.761022
-8.30001	-2.36E-11	322.784321	0.0999997	-8.3E-12	322.784321
-8.20001	-2.1E-11	322.807537	0.0999998	-8.6E-12	322.807537
-8.10001	-2.13E-11	322.830751	0.0999998	-8.6E-12	322.830751
-8.00001	-2.23E-11	322.854043	0.0999995	-8.6E-12	322.854043
-7.90001	-2.2E-11	322.877353	0.0999998	-8.5E-12	322.877353
-7.80001	-3.95E-11	322.920179	0.1	-7E-12	322.920179
-7.70001	-2.19E-11	322.943486	0.0999997	-8.5E-12	322.943486
-7.6	-1.98E-11	322.966705	0.0999999	-9.3E-12	322.966705
-7.50001	-2.04E-11	322.989991	0.0999998	-8.7E-12	322.989991
-7.40001	-1.97E-11	323.01333	0.0999999	-8.4E-12	323.01333
-7.30001	-2.06E-11	323.036667	0.0999996	-8.6E-12	323.036667
-7.2	-1.77E-11	323.059895	0.0999997	-9.1E-12	323.059895
-7.10001	-1.69E-11	323.083105	0.0999997	-9.1E-12	323.083105
-7.00001	-1.66E-11	323.106408	0.0999997	-9.3E-12	323.106408
-6.90001	-1.61E-11	323.129654	0.0999996	-8.6E-12	323.129654
-6.80001	-1.56E-11	323.152868	0.1000001	-9.1E-12	323.152868
-6.70001	-1.48E-11	323.176086	0.0999997	-9E-12	323.176086
-6.60001	-1.66E-11	323.199392	0.0999998	-8.7E-12	323.199392
-6.50001	-1.65E-11	323.222686	0.0999997	-8.8E-12	323.222686
-6.40001	-1.42E-11	323.245882	0.0999997	-9.2E-12	323.245882
-6.30001	-1.37E-11	323.26909	0.0999997	-8.9E-12	323.26909
-6.20001	-1.36E-11	323.292321	0.0999997	-8.9E-12	323.292321
-6.10001	-1.41E-11	323.315615	0.0999997	-9.1E-12	323.315615
-6.00001	-1.24E-11	323.338821	0.0999997	-9.3E-12	323.338821
-5.90001	-1.23E-11	323.362037	0.0999996	-9.2E-12	323.362037
-5.80001	-3.29E-11	323.421482	0.0999999	-7.3E-12	323.421482
-5.70001	-1.53E-11	323.444863	0.0999997	-9.3E-12	323.444863
-5.60001	-1.28E-11	323.468083	0.0999997	-9.6E-12	323.468083
-5.50001	-1.15E-11	323.491292	0.0999997	-9.1E-12	323.491292
-5.40001	-1.31E-11	323.514634	0.0999997	-9E-12	323.514634
-5.30001	-1.28E-11	323.537943	0.0999998	-9.2E-12	323.537943
-5.20001	-1.07E-11	323.561148	0.0999997	-9.1E-12	323.561148
-5.1	-1.18E-11	323.584441	0.0999998	-8.9E-12	323.584441
-5.00001	-9.3E-12	323.607658	0.0999998	-9.5E-12	323.607658
-4.90001	-1.16E-11	323.631018	0.0999999	-9E-12	323.631018
-4.80001	-8E-12	323.654221	0.0999996	-9.5E-12	323.654221
-4.7	-7.9E-12	323.67744	0.0999998	-9.3E-12	323.67744
-4.60001	-9.1E-12	323.700728	0.0999996	-9.8E-12	323.700728
-4.50001	-8.6E-12	323.724031	0.0999998	-9.2E-12	323.724031
-4.40001	-6.5E-12	323.747231	0.0999995	-1E-11	323.747231
-4.3	-7.5E-12	323.77068	0.0999997	-9.6E-12	323.77068
-4.20001	-7.6E-12	323.793971	0.0999998	-9.3E-12	323.793971
-4.10001	-5.3E-12	323.817176	0.0999998	-9.9E-12	323.817176
-4.00001	-5E-12	323.840398	0.0999997	-9.7E-12	323.840398
-3.90001	-5.8E-12	323.863741	0.0999997	-9.2E-12	323.863741
-3.80001	-2.5E-11	323.922949	0.0999999	-8.4E-12	323.922949
-3.70001	-6.6E-12	323.946268	0.0999997	-9.5E-12	323.946268
-3.60001	-5.2E-12	323.969545	0.0999995	-6E-12	323.969545
-3.50001	-2.8E-12	323.992739	0.0999997	1.4E-11	323.992739
-3.40001	-3.4E-12	324.016079	0.0999999	1.062E-10	324.016079
-3.30001	-1.4E-12	324.039282	0.0999999	4.629E-10	324.039282
-3.20001	-7E-13	324.062493	0.1	1.6728E-09	324.062493
-3.10001	-3E-13	324.085708	0.1000007	5.2643E-09	324.085708
-3.00001	2E-13	324.109011	0.1000012	1.42554E-08	324.109011
-2.90001	-1E-12	324.132329	0.1000024	3.36271E-08	324.132329
-2.80001	1.6E-12	324.155533	0.0999996	7.01033E-08	324.155533
-2.70001	-1.82E-11	324.194995	0.1000001	1.28586E-07	324.194995
-2.60001	-1.33E-11	324.219521	0.1000004	2.22355E-07	324.219521
-2.50001	-1.21E-11	324.244007	0.1000004	3.53776E-07	324.244007
-2.40001	-1.14E-11	324.268512	0.1000006	5.28334E-07	324.268512
-2.30001	-1.04E-11	324.293033	0.1000008	7.49534E-07	324.293033
-2.20001	-1E-11	324.317558	0.1000008	1.019309E-06	324.317558
-2.1	-1.43E-11	324.353802	0.1	1.33511E-06	324.353802
-2.000001	-9E-12	324.378299	0.1000001	1.70644E-06	324.378299
-1.900001	-1.47E-11	324.42848	0.0999998	2.11583E-06	324.42848
-1.800001	-9.3E-12	324.453033	0.1	2.58069E-06	324.453033
-1.7	-7.6E-12	324.477549	0.1000004	3.08473E-06	324.477549
-1.6	-6.1E-12	324.502076	0.1000001	3.62635E-06	324.502076
-1.5	-5.3E-12	324.52664	0.1000001	4.20137E-06	324.52664
-1.400001	-4.1E-12	324.551146	0.1	4.80721E-06	324.551146
-1.3	-2.8E-12	324.575642	0.1000002	5.4396E-06	324.575642
-1.200001	-1.8E-12	324.60015	0.1000002	6.09543E-06	324.60015
-1.100001	-8E-13	324.62478	0.1	6.77199E-06	324.62478
-1	6E-13	324.649294	0.1000003	7.46597E-06	324.649294
-0.900001	2E-12	324.673844	0.0999999	8.17592E-06	324.673844
-0.800001	3.4E-12	324.698374	0.1	8.89897E-06	324.698374
-0.700001	4.7E-12	324.722898	0.1	9.63353E-06	324.722898
-0.6	6E-12	324.747413	0.1000001	1.037835E-05	324.747413
-0.500001	2.2E-12	324.782065	0.1000002	1.11237E-05	324.782065
-0.4	8.4E-12	324.806508	0.0999998	1.18858E-05	324.806508
-0.3	1E-11	324.831067	0.0999999	1.26539E-05	324.831067
-0.1999998	8E-12	324.857504	0.1000002	1.34278E-05	324.857504
-0.0999997	1.34E-11	324.882038	0.1000001	1.42065E-05	324.882038
-1E-07	9.3E-12	324.925889	0.0999998	1.49864E-05	324.925889
0.1000003	1.57E-11	324.950404	0.1000001	1.57774E-05	324.950404
0.2000003	1.82E-11	324.974919	0.1000001	1.65726E-05	324.974919
0.299999	2.05E-11	324.999657	0.1000001	1.73713E-05	324.999657
0.4	2.26E-11	325.02422	0.1	1.81772E-05	325.02422
0.5	2.4E-11	325.048763	0.1000002	1.89881E-05	325.048763
0.6	2.65E-11	325.073266	0.0999998	1.98039E-05	325.073266
0.7	2.81E-11	325.097747	0.1000001	2.06235E-05	325.097747
0.799999	3.01E-11	325.122322	0.0999999	2.14485E-05	325.122322
0.9	3.17E-11	325.146854	0.1000001	2.22762E-05	325.146854
0.999999	3.37E-11	325.171375	0.0999999	2.31078E-05	325.171375
1.1	3.51E-11	325.195917	0.1000001	2.39404E-05	325.195917
1.2	3.67E-11	325.220451	0.0999999	2.47765E-05	325.220451
1.3	3.82E-11	325.244957	0.1	2.5614E-05	325.244957
1.399999	3.97E-11	325.269473	0.1	2.64531E-05	325.269473
1.5	4.08E-11	325.294005	0.1000002	2.72938E-05	325.294005
1.599999	4.15E-11	325.318603	0.1000001	2.81361E-05	325.318603
1.699999	4.33E-11	325.343113	0.1000001	2.89798E-05	325.343113
1.8	4.43E-11	325.367624	0.1000003	2.98241E-05	325.367624
1.899999	3.68E-11	325.431767	0.1000002	3.06627E-05	325.431767
1.999999	4.32E-11	325.456273	0.1000001	3.15109E-05	325.456273
2.099999	4.42E-11	325.480808	0.1000001	3.23596E-05	325.480808
2.19999	4.49E-11	325.505519	0.1000002	3.32036E-05	325.505519
2.29999	4.61E-11	325.530086	0.0999999	3.40531E-05	325.530086
2.39999	4.68E-11	325.554587	0.1000001	3.49031E-05	325.554587
2.49999	4.71E-11	325.57913	0.1000001	3.57541E-05	325.57913
2.59999	4.77E-11	325.603661	0.1	3.6605E-05	325.603661
2.69999	4.83E-11	325.628258	0.0999999	3.74562E-05	325.628258
2.79999	4.89E-11	325.652783	0.1000002	3.83088E-05	325.652783
2.89999	4.88E-11	325.677404	0.1	3.91614E-05	325.677404
2.99999	4.89E-11	325.701957	0.0999998	4.00136E-05	325.701957
3.09999	5.01E-11	325.726473	0.1000001	4.08675E-05	325.726473
3.19999	5.02E-11	325.751026	0.1	4.17215E-05	325.751026
3.29999	5.07E-11	325.775617	0.1000001	4.25757E-05	325.775617
3.39999	5.12E-11	325.800199	0.1	4.34288E-05	325.800199
3.49999	5.15E-11	325.824712	0.1	4.42835E-05	325.824712
3.59999	5.19E-11	325.849245	0.0999999	4.51395E-05	325.849245
3.69999	5.23E-11	325.873804	0.1000003	4.59946E-05	325.873804
3.79999	4.56E-11	325.92631	0.1000001	4.6843E-05	325.92631
3.89999	5.06E-11	325.950852	0.0999997	4.77014E-05	325.950852
3.99999	5.17E-11	325.97538	0.1000001	4.85595E-05	325.97538
4.09999	5.17E-11	325.999892	0.1000001	4.94172E-05	325.999892
4.19999	5.19E-11	326.024566	0.1000002	5.02761E-05	326.024566
4.29999	5.26E-11	326.049086	0.1000001	5.11348E-05	326.049086
4.39999	5.24E-11	326.073603	0.1	5.19936E-05	326.073603
4.49999	5.33E-11	326.098109	0.1000002	5.28536E-05	326.098109
4.59999	5.33E-11	326.122716	0.1	5.37135E-05	326.122716
4.69999	5.38E-11	326.147228	0.1	5.45741E-05	326.147228
4.79999	5.35E-11	326.171766	0.1000001	5.54353E-05	326.171766
4.89999	5.49E-11	326.196265	0.0999998	5.6298E-05	326.196265
4.99999	5.49E-11	326.220762	0.1	5.71605E-05	326.220762
5.09999	5.43E-11	326.245329	0.1	5.80243E-05	326.245329
5.19999	5.52E-11	326.26987	0.1	5.88881E-05	326.26987
5.29999	5.53E-11	326.294385	0.0999999	5.97537E-05	326.294385
5.39999	5.54E-11	326.31893	0.1000002	6.06196E-05	326.31893
5.49999	5.57E-11	326.34346	0.0999998	6.14853E-05	326.34346
5.59999	5.59E-11	326.367968	0.0999998	6.23531E-05	326.367968
5.69999	4.82E-11	326.429883	0.0999999	6.32092E-05	326.429883
5.79999	5.34E-11	326.454499	0.0999999	6.40826E-05	326.454499
5.89999	5.45E-11	326.479036	0.1000002	6.49546E-05	326.479036
5.99999	5.54E-11	326.503546	0.1000002	6.58268E-05	326.503546
6.09999	5.57E-11	326.528166	0.1	6.66993E-05	326.528166
6.19999	5.66E-11	326.552698	0.1000002	6.75713E-05	326.552698
6.29999	5.64E-11	326.577202	0.1000002	6.84453E-05	326.577202
6.39999	5.62E-11	326.601761	0.1000002	6.93199E-05	326.601761
6.49999	5.66E-11	326.626359	0.1000002	7.01953E-05	326.626359
6.59999	5.71E-11	326.6509	0.1000002	7.10716E-05	326.6509
6.69999	5.72E-11	326.675396	0.1	7.19477E-05	326.675396
6.79999	5.73E-11	326.699947	0.0999999	7.28261E-05	326.699947
6.89999	5.73E-11	326.724458	0.1	7.3705E-05	326.724458
6.99999	5.76E-11	326.749	0.1000002	7.45841E-05	326.749
7.09999	5.77E-11	326.773634	0.1000001	7.54641E-05	326.773634
7.19999	5.76E-11	326.798149	0.1	7.63449E-05	326.798149
7.29999	5.8E-11	326.822661	0.1000001	7.72274E-05	326.822661
7.39999	5.76E-11	326.847239	0.1000002	7.811E-05	326.847239
7.49999	5.81E-11	326.871755	0.1000002	7.89952E-05	326.871755
7.59999	5.19E-11	326.933417	0.0999998	7.98706E-05	326.933417
7.69999	5.68E-11	326.957974	0.1000002	8.07596E-05	326.957974
7.79999	5.72E-11	326.982526	0.1000002	8.16479E-05	326.982526
7.89999	5.81E-11	327.007083	0.1000002	8.25348E-05	327.007083
7.99999	5.84E-11	327.031648	0.1000001	8.34245E-05	327.031648
8.09999	5.84E-11	327.056178	0.1000001	8.43154E-05	327.056178
8.19999	5.84E-11	327.080686	0.1	8.52057E-05	327.080686
8.29999	5.88E-11	327.105252	0.1000002	8.60972E-05	327.105252
8.39999	5.91E-11	327.129874	0.0999999	8.69903E-05	327.129874
8.49999	5.92E-11	327.154472	0.1000003	8.78855E-05	327.154472
8.59999	5.89E-11	327.178974	0.1000001	8.8779E-05	327.178974
8.69999	5.93E-11	327.203485	0.0999998	8.96744E-05	327.203485
8.79999	5.89E-11	327.228002	0.0999999	9.05711E-05	327.228002
8.89999	5.94E-11	327.252567	0.1000001	9.14681E-05	327.252567
8.99999	5.94E-11	327.277097	0.1	9.23647E-05	327.277097
9.09999	5.95E-11	327.301619	0.1	9.32635E-05	327.301619
9.19999	6.02E-11	327.326123	0.0999998	9.41644E-05	327.326123
9.29999	5.97E-11	327.350662	0.1000001	9.50616E-05	327.350662
9.39999	6.03E-11	327.375191	0.0999999	9.59665E-05	327.375191
9.49999	5.36E-11	327.435063	0.1000001	9.68649E-05	327.435063
9.59999	5.93E-11	327.459679	0.0999999	9.77724E-05	327.459679
9.69999	5.96E-11	327.484218	0.1000001	9.86799E-05	327.484218
9.79999	5.99E-11	327.508767	0.1000002	9.95887E-05	327.508767
9.89999	6.03E-11	327.53337	0.1000001	0.0001004957	327.53337
9.99999	6.05E-11	327.557939	0.1	0.0001014053	327.557939
9.9	4.74E-11	327.582455	0.0999997	0.0001004821	327.582455
9.8	4.45E-11	327.606976	0.1000003	9.95655E-05	327.606976
9.7	4.2E-11	327.6316	0.1	9.86503E-05	327.6316
9.6	4.04E-11	327.656142	0.0999998	9.77375E-05	327.656142
9.5	3.94E-11	327.680682	0.0999999	9.68266E-05	327.680682
9.4	3.81E-11	327.705197	0.1	9.59178E-05	327.705197
9.3	3.7E-11	327.729726	0.0999997	9.50077E-05	327.729726
9.2	3.62E-11	327.754264	0.1	9.41006E-05	327.754264
9.1	3.5E-11	327.778898	0.0999998	9.31942E-05	327.778898
9	3.4E-11	327.803398	0.1	9.22904E-05	327.803398
8.9	3.34E-11	327.827961	0.0999999	9.13895E-05	327.827961
8.8	3.34E-11	327.852515	0.0999998	9.04846E-05	327.852515
8.7	3.22E-11	327.87709	0.1	8.95809E-05	327.87709
8.6	3.75E-11	327.936584	0.0999999	8.86807E-05	327.936584
8.5	3.24E-11	327.961142	0.1000001	8.77786E-05	327.961142
8.4	3.12E-11	327.985664	0.1000002	8.68754E-05	327.985664
8.3	3.07E-11	328.010192	0.0999998	8.59744E-05	328.010192
8.2	2.97E-11	328.03476	0.1	8.50748E-05	328.03476
8.1	2.94E-11	328.059288	0.1	8.41784E-05	328.059288
8	2.94E-11	328.083804	0.0999999	8.32808E-05	328.083804
7.9	2.92E-11	328.108325	0.0999998	8.23852E-05	328.108325
7.8	2.87E-11	328.132923	0.0999999	8.14904E-05	328.132923
7.7	2.8E-11	328.157476	0.0999999	8.05972E-05	328.157476
7.6	2.74E-11	328.181996	0.1000001	7.97047E-05	328.181996
7.5	2.71E-11	328.206541	0.0999999	7.8812E-05	328.206541
7.4	2.66E-11	328.231089	0.0999998	7.79206E-05	328.231089
7.3	2.59E-11	328.255601	0.0999999	7.70314E-05	328.255601
7.2	2.53E-11	328.280131	0.1000002	7.61411E-05	328.280131
7.1	2.51E-11	328.30468	0.1000001	7.52526E-05	328.30468
7	2.46E-11	328.329203	0.1	7.43647E-05	328.329203
6.9	2.44E-11	328.353744	0.1000002	7.34788E-05	328.353744
6.8	2.42E-11	328.378262	0.1000001	7.25921E-05	328.378262
6.7	2.96E-11	328.438118	0.1000001	7.17129E-05	328.438118
6.6	2.48E-11	328.462727	0.0999999	7.08275E-05	328.462727
6.5	2.35E-11	328.48725	0.0999999	6.99436E-05	328.48725
6.4	2.37E-11	328.511766	0.0999999	6.90616E-05	328.511766
6.3	2.33E-11	328.536329	0.1	6.81801E-05	328.536329
6.2	2.27E-11	328.560851	0.1000001	6.72984E-05	328.560851
6.1	2.2E-11	328.585371	0.0999998	6.64183E-05	328.585371
6	2.2E-11	328.6099	0.1	6.55393E-05	328.6099
5.9	2.09E-11	328.634517	0.0999999	6.46601E-05	328.634517
5.8	2.05E-11	328.659026	0.0999999	6.37815E-05	328.659026
5.7	2.02E-11	328.683562	0.1	6.29054E-05	328.683562
5.6	1.96E-11	328.708076	0.1	6.20293E-05	328.708076
5.5	1.93E-11	328.7326	0.1	6.11541E-05	328.7326
5.4	1.91E-11	328.757196	0.1	6.02794E-05	328.757196
5.3	1.9E-11	328.781862	0.1000001	5.94059E-05	328.781862
5.2	1.81E-11	328.806406	0.1000001	5.85338E-05	328.806406
5.1	1.81E-11	328.830944	0.0999999	5.76616E-05	328.830944
5	1.72E-11	328.855489	0.1	5.67909E-05	328.855489
4.9	1.71E-11	328.880056	0.0999998	5.59202E-05	328.880056
4.8	2.32E-11	328.939992	0.0999999	5.50567E-05	328.939992
4.7	1.81E-11	328.964545	0.0999999	5.4187E-05	328.964545
4.6	1.67E-11	328.989094	0.1	5.33197E-05	328.989094
4.5	1.64E-11	329.013602	0.0999998	5.24517E-05	329.013602
4.4	1.57E-11	329.038205	0.0999999	5.15858E-05	329.038205
4.3	1.49E-11	329.06273	0.1000001	5.07206E-05	329.06273
4.2	1.41E-11	329.087245	0.1	4.98558E-05	329.087245
4.1	1.37E-11	329.111823	0.0999999	4.8992E-05	329.111823
4	1.32E-11	329.13643	0.0999998	4.81294E-05	329.13643
3.9	1.32E-11	329.160958	0.0999999	4.72672E-05	329.160958
3.8	1.26E-11	329.185481	0.0999998	4.64057E-05	329.185481
3.7	1.19E-11	329.210016	0.1	4.55445E-05	329.210016
3.6	1.11E-11	329.234546	0.0999998	4.46858E-05	329.234546
3.5	1.08E-11	329.259141	0.1	4.38261E-05	329.259141
3.4	9.8E-12	329.28366	0.1	4.29677E-05	329.28366
3.3	9.4E-12	329.308192	0.0999998	4.21098E-05	329.308192
3.2	8.3E-12	329.332697	0.0999999	4.1254E-05	329.332697
3.1	7.9E-12	329.357231	0.0999998	4.0397E-05	329.357231
3	7.2E-12	329.381752	0.1000001	3.95429E-05	329.381752
2.9	1.33E-11	329.441217	0.1000002	3.86931E-05	329.441217
2.8	7.6E-12	329.465881	0.1	3.78387E-05	329.465881
2.7	6.1E-12	329.49042	0.0999998	3.69867E-05	329.49042
2.6	5E-12	329.51493	0.0999998	3.61349E-05	329.51493
2.5	4.4E-12	329.539536	0.1	3.52832E-05	329.539536
2.4	2.5E-12	329.564006	0.1	3.44329E-05	329.564006
2.3	2.1E-12	329.588563	0.0999998	3.35852E-05	329.588563
2.2	1.2E-12	329.613072	0.0999999	3.27372E-05	329.613072
2.099999	3.3E-12	329.639593	0.1	3.18949E-05	329.639593
2	-7E-13	329.664106	0.1	3.10491E-05	329.664106
1.9	-1.6E-12	329.688665	0.1000001	3.02047E-05	329.688665
1.8	-3.2E-12	329.713194	0.0999999	2.9362E-05	329.713194
1.7	-3.9E-12	329.737733	0.1000001	2.852E-05	329.737733
1.6	-5.2E-12	329.762237	0.1	2.76801E-05	329.762237
1.5	-6.5E-12	329.78687	0.1	2.68413E-05	329.78687
1.4	-7.8E-12	329.811371	0.0999998	2.60037E-05	329.811371
1.3	-9.4E-12	329.835878	0.0999999	2.51688E-05	329.835878
1.2	-1.06E-11	329.860405	0.0999999	2.4336E-05	329.860405
1.1	-1.22E-11	329.884962	0.1000002	2.35047E-05	329.884962
1	-7E-12	329.943196	0.0999997	2.26812E-05	329.943196
0.9	-1.36E-11	329.967741	0.1	2.18544E-05	329.967741
0.8	-1.59E-11	329.992275	0.0999999	2.10321E-05	329.992275
0.7	-1.84E-11	330.016805	0.0999996	2.0213E-05	330.016805
0.6	-2.02E-11	330.041369	0.0999997	1.93997E-05	330.041369
0.5	-2.24E-11	330.065899	0.1	1.85906E-05	330.065899
0.4	-2.52E-11	330.090414	0.1	1.77869E-05	330.090414
0.3	-2.74E-11	330.11497	0.1000001	1.69888E-05	330.11497
0.1999998	-2.65E-11	330.141498	0.1000001	1.6198E-05	330.141498
0.0999996	-3.17E-11	330.165999	0.1000001	1.54113E-05	330.165999
-4E-07	-3.38E-11	330.1905	0.0999999	1.46292E-05	330.1905
