#scan	iMeasureCycle=1	iMux=0	time=0.03	N=401	LocalTime=20/04/2023 01:37:41
#VGate(V)	IGate(A)	time(s)	VDrain(V)	IDrain(A)	time(s)
-1E-07	-1.535E-10	0.032961	0.0999999	1.50518E-05	0.032961
-0.1000002	-2.123E-10	0.057931	0.1	1.42578E-05	0.057931
-0.2000004	-2.613E-10	0.082442	0.1	1.34695E-05	0.082442
-0.300001	-1.918E-10	0.107251	0.1	1.26861E-05	0.107251
-0.4	-1.098E-10	0.131754	0.1000001	1.19088E-05	0.131754
-0.5	-8.51E-11	0.156284	0.0999998	1.1138E-05	0.156284
-0.6	-7.24E-11	0.180815	0.1000001	1.03746E-05	0.180815
-0.7	-6.54E-11	0.205357	0.1000001	9.6199E-06	0.205357
-0.8	-5.64E-11	0.232434	0.1	8.8809E-06	0.232434
-0.9	-5.72E-11	0.256956	0.0999998	8.14724E-06	0.256956
-1	-5.53E-11	0.281498	0.1000001	7.42756E-06	0.281498
-1.1	-5.43E-11	0.306029	0.0999999	6.72422E-06	0.306029
-1.2	-5.35E-11	0.330537	0.0999999	6.03918E-06	0.330537
-1.3	-5.36E-11	0.355045	0.0999999	5.37545E-06	0.355045
-1.4	-5.28E-11	0.379556	0.0999998	4.73523E-06	0.379556
-1.5	-5.26E-11	0.404153	0.0999997	4.12366E-06	0.404153
-1.6	-5.25E-11	0.428727	0.0999997	3.54399E-06	0.428727
-1.7	-5.21E-11	0.453252	0.0999997	3.00074E-06	0.453252
-1.8	-5.23E-11	0.477749	0.0999998	2.49729E-06	0.477749
-1.9	-5.23E-11	0.502334	0.1000002	2.03772E-06	0.502334
-2	-5.28E-11	0.526797	0.1	1.6251E-06	0.526797
-2.1	-5.31E-11	0.551322	0.1	1.26181E-06	0.551322
-2.2	-4.67E-11	0.598972	0.0999999	9.5119E-07	0.598972
-2.3	-4.81E-11	0.626335	0.0999996	6.88617E-07	0.626335
-2.4	-5.18E-11	0.650903	0.0999995	4.76035E-07	0.650903
-2.5	-5.26E-11	0.675411	0.0999998	3.11246E-07	0.675411
-2.6	-5.32E-11	0.700019	0.0999997	1.9034E-07	0.700019
-2.7	-5.35E-11	0.724656	0.0999998	1.06954E-07	0.724656
-2.8	-4.81E-11	0.762324	0.0999962	5.51535E-08	0.762324
-2.9	-6.63E-11	0.785615	0.1000048	2.46195E-08	0.785615
-3	-6.84E-11	0.808857	0.1000026	9.631E-09	0.808857
-3.1	-6.96E-11	0.832083	0.1000013	3.2723E-09	0.832083
-3.2	-6.87E-11	0.855363	0.1000004	9.705E-10	0.855363
-3.3	-6.87E-11	0.878653	0.1000003	2.558E-10	0.878653
-3.4	-7.13E-11	0.901954	0.1000002	5.55E-11	0.901954
-3.5	-7.15E-11	0.925164	0.1000002	6.3E-12	0.925164
-3.6	-6.96E-11	0.948457	0.1000003	-4E-12	0.948457
-3.7	-7.21E-11	0.971667	0.1000003	-5.3E-12	0.971667
-3.8	-7.23E-11	0.994969	0.1000001	-5.4E-12	0.994969
-3.9	-7.24E-11	1.018191	0.1000004	-5.8E-12	1.018191
-4	-7.11E-11	1.04149	0.1000002	-5.8E-12	1.04149
-4.1	-5.13E-11	1.099482	0.1	-7.5E-12	1.099482
-4.2	-6.94E-11	1.122798	0.1000004	-5.4E-12	1.122798
-4.3	-7.18E-11	1.146033	0.1000003	-5.3E-12	1.146033
-4.4	-7.28E-11	1.169244	0.1000004	-5.4E-12	1.169244
-4.5	-7.12E-11	1.192594	0.1000003	-5.7E-12	1.192594
-4.6	-7.23E-11	1.215872	0.1000003	-6E-12	1.215872
-4.7	-7.38E-11	1.239091	0.1000002	-5.5E-12	1.239091
-4.8	-7.45E-11	1.262303	0.1000003	-5.4E-12	1.262303
-4.9	-7.45E-11	1.285515	0.1000003	-5.1E-12	1.285515
-5	-7.34E-11	1.308835	0.1000002	-5.3E-12	1.308835
-5.1	-7.54E-11	1.332035	0.1000003	-5.2E-12	1.332035
-5.2	-7.62E-11	1.355254	0.1000004	-5.3E-12	1.355254
-5.3	-7.44E-11	1.37854	0.1000003	-5.2E-12	1.37854
-5.4	-7.43E-11	1.401919	0.1000001	-5.5E-12	1.401919
-5.5	-7.64E-11	1.425149	0.1000002	-5.3E-12	1.425149
-5.6	-7.68E-11	1.448369	0.1000003	-5.4E-12	1.448369
-5.7	-7.55E-11	1.471662	0.1000003	-5.4E-12	1.471662
-5.8	-7.52E-11	1.495012	0.1000003	-5.1E-12	1.495012
-5.9	-7.74E-11	1.518215	0.1000004	-5E-12	1.518215
-6	-7.75E-11	1.541435	0.1000003	-4.7E-12	1.541435
-6.1	-5.63E-11	1.598169	0.1000002	-7E-12	1.598169
-6.2	-7.56E-11	1.621414	0.1000002	-5.1E-12	1.621414
-6.3	-7.65E-11	1.644646	0.1000003	-5.2E-12	1.644646
-6.4	-7.59E-11	1.667935	0.1000003	-5.4E-12	1.667935
-6.5	-7.53E-11	1.691298	0.1000002	-5.3E-12	1.691298
-6.6	-7.8E-11	1.714521	0.1000003	-5.2E-12	1.714521
-6.7	-7.81E-11	1.73781	0.1000002	-5.2E-12	1.73781
-6.8	-7.59E-11	1.761143	0.1000003	-5.2E-12	1.761143
-6.9	-7.91E-11	1.784352	0.1000004	-4.9E-12	1.784352
-7	-7.87E-11	1.807585	0.1000002	-5.2E-12	1.807585
-7.1	-7.92E-11	1.830812	0.1000003	-5.1E-12	1.830812
-7.2	-7.72E-11	1.854113	0.1000003	-4.9E-12	1.854113
-7.3	-7.74E-11	1.877395	0.1000003	-5.1E-12	1.877395
-7.4	-7.97E-11	1.900608	0.1000002	-5.1E-12	1.900608
-7.5	-7.74E-11	1.923939	0.1000002	-5.3E-12	1.923939
-7.6	-7.85E-11	1.947229	0.1000002	-4.8E-12	1.947229
-7.7	-8.01E-11	1.970455	0.1000004	-5E-12	1.970455
-7.8	-8.01E-11	1.993765	0.1000002	-4.9E-12	1.993765
-7.9	-7.87E-11	2.017064	0.1000001	-5.4E-12	2.017064
-8	-7.86E-11	2.040371	0.1000003	-5.4E-12	2.040371
-8.1	-5.97E-11	2.095141	0.0999999	-6.9E-12	2.095141
-8.2	-7.79E-11	2.118451	0.1000004	-5.1E-12	2.118451
-8.3	-7.97E-11	2.141677	0.1000002	-4.9E-12	2.141677
-8.4	-8.04E-11	2.164909	0.1000003	-4.7E-12	2.164909
-8.5	-8.01E-11	2.188175	0.1000004	-4.6E-12	2.188175
-8.6	-7.92E-11	2.211477	0.1000003	-5.1E-12	2.211477
-8.7	-8.08E-11	2.23472	0.1000004	-4.7E-12	2.23472
-8.8	-8.15E-11	2.257942	0.1000001	-4.8E-12	2.257942
-8.9	-8.04E-11	2.281228	0.1000003	-4.9E-12	2.281228
-9	-8.13E-11	2.304476	0.1000004	-4.9E-12	2.304476
-9.1	-8.16E-11	2.32769	0.1000003	-4.4E-12	2.32769
-9.2	-8.25E-11	2.350912	0.1000004	-4.7E-12	2.350912
-9.3	-8.26E-11	2.374125	0.1000003	-4.6E-12	2.374125
-9.4	-8.09E-11	2.397496	0.1000001	-4.7E-12	2.397496
-9.5	-8.28E-11	2.420714	0.1000002	-4.7E-12	2.420714
-9.6	-8.05E-11	2.444016	0.1	-4.6E-12	2.444016
-9.7	-8.22E-11	2.467257	0.1000003	-4.6E-12	2.467257
-9.8	-8.22E-11	2.490498	0.1000005	-4.6E-12	2.490498
-9.9	-8.3E-11	2.513719	0.1000003	-4.7E-12	2.513719
-10	-8.33E-11	2.536938	0.1000002	-4.8E-12	2.536938
-9.90001	-4.01E-11	2.560154	0.0999998	-8.2E-12	2.560154
-9.80001	-5.63E-11	2.601009	0.1	-6.8E-12	2.601009
-9.70001	-3.5E-11	2.624251	0.0999998	-8.8E-12	2.624251
-9.60001	-3.59E-11	2.647593	0.0999999	-8.1E-12	2.647593
-9.50001	-3.34E-11	2.670886	0.0999997	-8.1E-12	2.670886
-9.40001	-2.97E-11	2.694161	0.0999998	-8.7E-12	2.694161
-9.30001	-2.9E-11	2.71739	0.0999998	-8.7E-12	2.71739
-9.20001	-2.96E-11	2.74076	0.0999998	-8.6E-12	2.74076
-9.10001	-2.89E-11	2.764059	0.0999999	-8.9E-12	2.764059
-9.00001	-2.81E-11	2.787338	0.1	-8.8E-12	2.787338
-8.90001	-2.55E-11	2.810573	0.0999997	-9E-12	2.810573
-8.80001	-2.69E-11	2.83387	0.0999997	-9.3E-12	2.83387
-8.70001	-2.47E-11	2.85709	0.0999998	-8.7E-12	2.85709
-8.60001	-2.39E-11	2.88031	0.0999998	-9E-12	2.88031
-8.50001	-2.31E-11	2.903568	0.0999997	-9E-12	2.903568
-8.40001	-2.35E-11	2.926852	0.0999999	-8.9E-12	2.926852
-8.30001	-2.18E-11	2.950057	0.0999998	-8.8E-12	2.950057
-8.20001	-2.22E-11	2.973295	0.0999998	-8.6E-12	2.973295
-8.10001	-2.08E-11	2.996586	0.0999998	-8.9E-12	2.996586
-8	-2.2E-11	3.019875	0.0999997	-8.8E-12	3.019875
-7.90001	-2.04E-11	3.043089	0.0999998	-9E-12	3.043089
-7.80001	-4.05E-11	3.098143	0.1	-7.5E-12	3.098143
-7.70001	-2.18E-11	3.121391	0.0999998	-9.4E-12	3.121391
-7.6	-2.03E-11	3.14463	0.0999999	-9.6E-12	3.14463
-7.50001	-2.13E-11	3.167931	0.0999998	-8.7E-12	3.167931
-7.40001	-2.1E-11	3.191271	0.0999998	-8.9E-12	3.191271
-7.30001	-1.86E-11	3.214478	0.0999999	-9E-12	3.214478
-7.2	-1.8E-11	3.237688	0.0999997	-9E-12	3.237688
-7.10001	-1.9E-11	3.260992	0.1	-9.4E-12	3.260992
-7.00001	-1.91E-11	3.28427	0.1000001	-8.9E-12	3.28427
-6.90001	-1.62E-11	3.307518	0.0999999	-8.8E-12	3.307518
-6.80001	-1.57E-11	3.330734	0.1	-9.3E-12	3.330734
-6.70001	-1.74E-11	3.354033	0.0999999	-9E-12	3.354033
-6.60001	-1.72E-11	3.377325	0.0999998	-9.1E-12	3.377325
-6.50001	-1.51E-11	3.400628	0.1	-9.5E-12	3.400628
-6.40001	-1.47E-11	3.423842	0.0999998	-9.2E-12	3.423842
-6.30001	-1.58E-11	3.447133	0.1	-9.2E-12	3.447133
-6.20001	-1.58E-11	3.470433	0.0999999	-9.2E-12	3.470433
-6.10001	-1.37E-11	3.493662	0.0999999	-9.4E-12	3.493662
-6.00001	-1.3E-11	3.516891	0.1	-9.3E-12	3.516891
-5.90001	-1.46E-11	3.540178	0.0999998	-9.3E-12	3.540178
-5.80001	-1.28E-11	3.563414	0.0999999	-9.3E-12	3.563414
-5.70001	-3.26E-11	3.603912	0.1	-7.3E-12	3.603912
-5.60001	-1.48E-11	3.627218	0.1	-8.9E-12	3.627218
-5.50001	-1.41E-11	3.650512	0.0999999	-9.4E-12	3.650512
-5.40001	-1.17E-11	3.673737	0.0999999	-9.4E-12	3.673737
-5.30001	-1.05E-11	3.697002	0.0999998	-9.4E-12	3.697002
-5.20001	-1.24E-11	3.720315	0.0999999	-9.4E-12	3.720315
-5.1	-1.22E-11	3.743704	0.0999999	-9.9E-12	3.743704
-5.00001	-9.9E-12	3.766925	0.0999998	-9.5E-12	3.766925
-4.90001	-9.1E-12	3.790136	0.0999998	-9.5E-12	3.790136
-4.80001	-1.02E-11	3.813448	0.0999999	-9.6E-12	3.813448
-4.7	-9.8E-12	3.836747	0.0999999	-9.4E-12	3.836747
-4.60001	-7.9E-12	3.859962	0.0999998	-9.6E-12	3.859962
-4.50001	-6.9E-12	3.883172	0.0999999	-9.6E-12	3.883172
-4.40001	-8.5E-12	3.906469	0.0999999	-9.6E-12	3.906469
-4.3	-8E-12	3.929751	0.0999997	-9.9E-12	3.929751
-4.20001	-5.7E-12	3.952958	0.0999998	-9.9E-12	3.952958
-4.10001	-5.5E-12	3.976175	0.0999997	-1.04E-11	3.976175
-4.00001	-4.9E-12	3.999479	0.0999999	-1.02E-11	3.999479
-3.90001	-6.1E-12	4.022775	0.0999997	-1.05E-11	4.022775
-3.80001	-5.4E-12	4.046067	0.0999999	-1.02E-11	4.046067
-3.70001	-2.43E-11	4.101655	0.1	-8.6E-12	4.101655
-3.60001	-6.4E-12	4.124982	0.0999998	-5.2E-12	4.124982
-3.50001	-3.4E-12	4.148197	0.0999996	1.86E-11	4.148197
-3.40001	-2.2E-12	4.171419	0.0999999	1.215E-10	4.171419
-3.30001	-3.3E-12	4.194766	0.1000002	4.972E-10	4.194766
-3.20001	-2.7E-12	4.218049	0.1000004	1.7438E-09	4.218049
-3.10001	-7E-13	4.241248	0.1000009	5.4177E-09	4.241248
-3.00001	5E-13	4.264451	0.1000016	1.4621E-08	4.264451
-2.90001	-9E-13	4.287739	0.1000027	3.44002E-08	4.287739
-2.80001	-8E-13	4.311051	0.1000001	7.15082E-08	4.311051
-2.70001	-1.92E-11	4.350462	0.1	1.31054E-07	4.350462
-2.60001	-1.36E-11	4.374975	0.1000003	2.26316E-07	4.374975
-2.50001	-1.26E-11	4.399575	0.1000006	3.59358E-07	4.399575
-2.40001	-1.2E-11	4.424073	0.1000004	5.36077E-07	4.424073
-2.30001	-1.11E-11	4.44857	0.1000009	7.60083E-07	4.44857
-2.20001	-1.07E-11	4.473132	0.1000009	1.033324E-06	4.473132
-2.1	-1.45E-11	4.509449	0.1	1.35315E-06	4.509449
-2.000001	-9.4E-12	4.533983	0.1000001	1.72972E-06	4.533983
-1.900001	-8.7E-12	4.55862	0.1000001	2.15186E-06	4.55862
-1.800001	-1.38E-11	4.610917	0.0999999	2.61037E-06	4.610917
-1.7	-8.1E-12	4.635432	0.1000002	3.12431E-06	4.635432
-1.6	-6.7E-12	4.660044	0.1000001	3.67442E-06	4.660044
-1.5	-5.2E-12	4.684588	0.1000001	4.25874E-06	4.684588
-1.400001	-4.4E-12	4.709156	0.1	4.87269E-06	4.709156
-1.3	-3.1E-12	4.733769	0.1000001	5.51397E-06	4.733769
-1.200001	-1.4E-12	4.758247	0.1000001	6.17881E-06	4.758247
-1.100001	-1E-13	4.782806	0.1	6.86396E-06	4.782806
-1	5E-13	4.807345	0.1	7.56694E-06	4.807345
-0.900001	1.7E-12	4.831879	0.1	8.28447E-06	4.831879
-0.8	3.2E-12	4.856416	0.1000001	9.01566E-06	4.856416
-0.700001	4.2E-12	4.880941	0.1000001	9.75753E-06	4.880941
-0.600001	7E-13	4.915593	0.1000001	1.05012E-05	4.915593
-0.500001	6.3E-12	4.940124	0.1000001	1.12628E-05	4.940124
-0.400001	8.4E-12	4.964625	0.1000003	1.20305E-05	4.964625
-0.3	1.01E-11	4.989126	0.1	1.28044E-05	4.989126
-0.2	8.8E-12	5.015616	0.1	1.35838E-05	5.015616
-0.0999998	1.35E-11	5.040127	0.1000001	1.43691E-05	5.040127
3E-07	1.48E-11	5.064648	0.1000002	1.51593E-05	5.064648
0.0999999	1.09E-11	5.112884	0.1000002	1.59475E-05	5.112884
0.2000003	1.77E-11	5.137392	0.1000001	1.67492E-05	5.137392
0.299999	1.96E-11	5.162095	0.1000001	1.75551E-05	5.162095
0.4	2.21E-11	5.186611	0.1000001	1.83661E-05	5.186611
0.5	2.39E-11	5.211187	0.1	1.91808E-05	5.211187
0.6	2.61E-11	5.235722	0.0999998	1.99992E-05	5.235722
0.7	2.78E-11	5.26023	0.1	2.08217E-05	5.26023
0.799999	2.98E-11	5.284764	0.1	2.16478E-05	5.284764
0.9	3.16E-11	5.309326	0.1000001	2.24752E-05	5.309326
1	3.35E-11	5.333829	0.0999999	2.3305E-05	5.333829
1.1	3.5E-11	5.35834	0.1	2.4137E-05	5.35834
1.2	3.68E-11	5.382856	0.1000001	2.49703E-05	5.382856
1.3	3.78E-11	5.407498	0.1000002	2.5805E-05	5.407498
1.399999	4E-11	5.432008	0.1000001	2.66402E-05	5.432008
1.499999	4.09E-11	5.456507	0.0999999	2.74774E-05	5.456507
1.599999	4.21E-11	5.481015	0.1	2.83153E-05	5.481015
1.699999	4.32E-11	5.505588	0.1000002	2.9153E-05	5.505588
1.8	4.41E-11	5.530091	0.1	2.99922E-05	5.530091
1.9	4.48E-11	5.554631	0.0999999	3.08319E-05	5.554631
1.999999	3.79E-11	5.614088	0.0999999	3.16596E-05	5.614088
2.099999	4.33E-11	5.638615	0.1000001	3.25054E-05	5.638615
2.19999	4.45E-11	5.663348	0.0999999	3.33455E-05	5.663348
2.29999	4.57E-11	5.687873	0.1	3.41884E-05	5.687873
2.39999	4.63E-11	5.712423	0.1000001	3.50325E-05	5.712423
2.49999	4.72E-11	5.737038	0.1000001	3.58765E-05	5.737038
2.59999	4.79E-11	5.761554	0.1	3.6721E-05	5.761554
2.69999	4.81E-11	5.786083	0.1000001	3.75666E-05	5.786083
2.79999	4.86E-11	5.810622	0.1000002	3.8412E-05	5.810622
2.89999	4.91E-11	5.835177	0.1000001	3.92576E-05	5.835177
2.99999	4.96E-11	5.859691	0.1	4.01041E-05	5.859691
3.09999	5.02E-11	5.884132	0.0999999	4.0952E-05	5.884132
3.19999	5.04E-11	5.908651	0.1000001	4.17998E-05	5.908651
3.29999	5.09E-11	5.93317	0.1000003	4.26486E-05	5.93317
3.39999	5.11E-11	5.957693	0.1	4.34968E-05	5.957693
3.49999	5.14E-11	5.982211	0.1000001	4.43469E-05	5.982211
3.59999	5.16E-11	6.006833	0.1000001	4.51974E-05	6.006833
3.69999	5.22E-11	6.031336	0.1	4.60484E-05	6.031336
3.79999	5.24E-11	6.055892	0.1000001	4.69E-05	6.055892
3.89999	4.57E-11	6.112996	0.0999998	4.77432E-05	6.112996
3.99999	5.07E-11	6.137539	0.1000002	4.85992E-05	6.137539
4.09999	5.15E-11	6.162063	0.1	4.94552E-05	6.162063
4.19999	5.22E-11	6.186585	0.0999999	5.03109E-05	6.186585
4.29999	5.27E-11	6.211175	0.1	5.11673E-05	6.211175
4.39999	5.26E-11	6.235715	0.1000002	5.20239E-05	6.235715
4.49999	5.31E-11	6.260243	0.1000001	5.2881E-05	6.260243
4.59999	5.33E-11	6.284757	0.0999999	5.37392E-05	6.284757
4.69999	5.34E-11	6.309538	0.1000001	5.45981E-05	6.309538
4.79999	5.37E-11	6.334069	0.1	5.54566E-05	6.334069
4.89999	5.44E-11	6.358572	0.1	5.63171E-05	6.358572
4.99999	5.42E-11	6.383111	0.1000001	5.71782E-05	6.383111
5.09999	5.48E-11	6.407699	0.1000001	5.80404E-05	6.407699
5.19999	5.49E-11	6.432249	0.1000001	5.89026E-05	6.432249
5.29999	5.53E-11	6.456752	0.1000001	5.97649E-05	6.456752
5.39999	5.54E-11	6.481301	0.1000001	6.06301E-05	6.481301
5.49999	5.55E-11	6.505897	0.1	6.1495E-05	6.505897
5.59999	5.61E-11	6.53042	0.1000001	6.23614E-05	6.53042
5.69999	5.58E-11	6.554921	0.1	6.32289E-05	6.554921
5.79999	4.91E-11	6.614745	0.1000001	6.4086E-05	6.614745
5.89999	5.37E-11	6.63926	0.1	6.49576E-05	6.63926
5.99999	5.47E-11	6.663768	0.1	6.58297E-05	6.663768
6.09999	5.47E-11	6.688322	0.1	6.67001E-05	6.688322
6.19999	5.56E-11	6.712895	0.1000001	6.75718E-05	6.712895
6.29999	5.57E-11	6.737541	0.0999999	6.84455E-05	6.737541
6.39999	5.56E-11	6.762055	0.1	6.93188E-05	6.762055
6.49999	5.62E-11	6.786581	0.1000001	7.01916E-05	6.786581
6.59999	5.65E-11	6.811124	0.1	7.10673E-05	6.811124
6.69999	5.64E-11	6.835668	0.0999998	7.19424E-05	6.835668
6.79999	5.66E-11	6.860198	0.1000002	7.28201E-05	6.860198
6.89999	5.6E-11	6.884737	0.0999999	7.36975E-05	6.884737
6.99999	5.69E-11	6.909325	0.1000001	7.45753E-05	6.909325
7.09999	5.76E-11	6.933854	0.1000001	7.54553E-05	6.933854
7.19999	5.77E-11	6.958392	0.0999999	7.63363E-05	6.958392
7.29999	5.81E-11	6.982914	0.1	7.7217E-05	6.982914
7.39999	5.79E-11	7.007535	0.0999999	7.80998E-05	7.007535
7.49999	5.81E-11	7.032048	0.0999998	7.8984E-05	7.032048
7.59999	5.81E-11	7.056566	0.1	7.98669E-05	7.056566
7.69999	5.21E-11	7.112073	0.1000002	8.07426E-05	7.112073
7.79999	5.72E-11	7.136625	0.1	8.16308E-05	7.136625
7.89999	5.72E-11	7.161139	0.1000003	8.25193E-05	7.161139
7.99999	5.8E-11	7.185653	0.1000003	8.34076E-05	7.185653
8.09999	5.77E-11	7.210248	0.1000002	8.42968E-05	7.210248
8.19999	5.84E-11	7.234749	0.1000003	8.51872E-05	7.234749
8.29999	5.8E-11	7.259256	0.1000002	8.60795E-05	7.259256
8.39999	5.86E-11	7.283764	0.1000001	8.69705E-05	7.283764
8.49999	5.79E-11	7.308452	0.1000003	8.78642E-05	7.308452
8.59999	5.86E-11	7.333011	0.1000002	8.8757E-05	7.333011
8.69999	5.94E-11	7.357507	0.1000002	8.96525E-05	7.357507
8.79999	5.94E-11	7.382028	0.1000002	9.05472E-05	7.382028
8.89999	6E-11	7.406638	0.0999999	9.14422E-05	7.406638
8.99999	5.99E-11	7.431165	0.1000001	9.23399E-05	7.431165
9.09999	6.02E-11	7.455667	0.0999999	9.32388E-05	7.455667
9.19999	5.97E-11	7.480219	0.0999999	9.41371E-05	7.480219
9.29999	5.9E-11	7.505023	0.1	9.50342E-05	7.505023
9.39999	6.04E-11	7.529585	0.1000003	9.59391E-05	7.529585
9.49999	6E-11	7.554135	0.1000003	9.68429E-05	7.554135
9.59999	5.32E-11	7.61608	0.1000001	9.77391E-05	7.61608
9.69999	5.83E-11	7.640674	0.1000003	9.86476E-05	7.640674
9.79999	5.86E-11	7.665202	0.0999998	9.95562E-05	7.665202
9.89999	5.97E-11	7.689695	0.1000002	0.0001004648	7.689695
9.99999	5.96E-11	7.714278	0.1	0.000101373	7.714278
9.9	4.66E-11	7.73876	0.1000001	0.0001004502	7.73876
9.8	4.38E-11	7.763299	0.0999998	9.95334E-05	7.763299
9.7	4.13E-11	7.787811	0.0999999	9.862E-05	7.787811
9.6	3.98E-11	7.812345	0.1000002	9.77069E-05	7.812345
9.5	3.79E-11	7.836866	0.0999999	9.67961E-05	7.836866
9.4	3.72E-11	7.861409	0.1	9.5888E-05	7.861409
9.3	3.56E-11	7.88593	0.1	9.49788E-05	7.88593
9.2	3.49E-11	7.910465	0.0999997	9.40723E-05	7.910465
9.1	3.45E-11	7.934973	0.0999998	9.31657E-05	7.934973
9	3.38E-11	7.95953	0.0999998	9.22627E-05	7.95953
8.9	3.29E-11	7.984037	0.0999998	9.13628E-05	7.984037
8.8	3.25E-11	8.008618	0.0999999	9.04581E-05	8.008618
8.7	3.14E-11	8.033133	0.0999999	8.95549E-05	8.033133
8.6	3.12E-11	8.057642	0.0999999	8.86531E-05	8.057642
8.5	3.68E-11	8.119641	0.1	8.77552E-05	8.119641
8.4	3.08E-11	8.144164	0.1000002	8.68517E-05	8.144164
8.3	3.05E-11	8.168726	0.1	8.59519E-05	8.168726
8.2	2.95E-11	8.193235	0.1000001	8.50539E-05	8.193235
8.1	2.94E-11	8.21785	0.0999999	8.41569E-05	8.21785
8	2.84E-11	8.242364	0.1	8.32595E-05	8.242364
7.9	2.82E-11	8.266914	0.0999998	8.2364E-05	8.266914
7.8	2.75E-11	8.291428	0.0999999	8.14708E-05	8.291428
7.7	2.74E-11	8.315992	0.1	8.05782E-05	8.315992
7.6	2.74E-11	8.34053	0.0999999	7.96857E-05	8.34053
7.5	2.64E-11	8.365046	0.0999997	7.87947E-05	8.365046
7.4	2.61E-11	8.389549	0.0999999	7.79047E-05	8.389549
7.3	2.5E-11	8.414255	0.1000001	7.70142E-05	8.414255
7.2	2.46E-11	8.43879	0.1	7.61249E-05	8.43879
7.1	2.48E-11	8.46329	0.0999999	7.52375E-05	8.46329
7	2.43E-11	8.48781	0.0999998	7.43506E-05	8.48781
6.9	2.36E-11	8.512364	0.0999999	7.34645E-05	8.512364
6.8	2.34E-11	8.536898	0.1	7.25791E-05	8.536898
6.7	2.31E-11	8.561409	0.1000002	7.16951E-05	8.561409
6.6	2.94E-11	8.620664	0.1000001	7.08176E-05	8.620664
6.5	2.4E-11	8.645188	0.1	6.99344E-05	8.645188
6.4	2.32E-11	8.66969	0.0999999	6.90516E-05	8.66969
6.3	2.29E-11	8.694206	0.1	6.81696E-05	8.694206
6.2	2.27E-11	8.718767	0.0999996	6.72894E-05	8.718767
6.1	2.21E-11	8.743367	0.0999998	6.64107E-05	8.743367
6	2.11E-11	8.767873	0.0999999	6.55319E-05	8.767873
5.9	2.09E-11	8.792455	0.1000001	6.46542E-05	8.792455
5.8	2.05E-11	8.817	0.1000002	6.37772E-05	8.817
5.7	1.99E-11	8.841529	0.0999999	6.29014E-05	8.841529
5.6	1.97E-11	8.866044	0.0999998	6.20249E-05	8.866044
5.5	1.95E-11	8.890557	0.0999998	6.11501E-05	8.890557
5.4	1.95E-11	8.915294	0.0999999	6.02761E-05	8.915294
5.3	1.82E-11	8.939816	0.1000001	5.9404E-05	8.939816
5.2	1.8E-11	8.964373	0.0999998	5.85317E-05	8.964373
5.1	1.73E-11	8.988883	0.1	5.76599E-05	8.988883
5	1.71E-11	9.013536	0.1000001	5.67902E-05	9.013536
4.9	1.65E-11	9.038053	0.1	5.59205E-05	9.038053
4.8	1.57E-11	9.062561	0.1	5.50513E-05	9.062561
4.7	2.26E-11	9.12248	0.1	5.41895E-05	9.12248
4.6	1.69E-11	9.147023	0.1000001	5.33218E-05	9.147023
4.5	1.65E-11	9.171558	0.0999999	5.24555E-05	9.171558
4.4	1.56E-11	9.196076	0.1000001	5.15893E-05	9.196076
4.3	1.47E-11	9.22065	0.1	5.0724E-05	9.22065
4.2	1.41E-11	9.245158	0.1000001	4.98593E-05	9.245158
4.1	1.34E-11	9.269678	0.0999999	4.89968E-05	9.269678
4	1.28E-11	9.294179	0.1000001	4.81347E-05	9.294179
3.9	1.23E-11	9.318751	0.0999999	4.72725E-05	9.318751
3.8	1.12E-11	9.343277	0.1000001	4.64111E-05	9.343277
3.7	1.09E-11	9.367796	0.1000001	4.55512E-05	9.367796
3.6	1.05E-11	9.392295	0.0999999	4.46926E-05	9.392295
3.5	9.3E-12	9.416913	0.0999999	4.38336E-05	9.416913
3.4	9E-12	9.44142	0.0999999	4.29753E-05	9.44142
3.3	9E-12	9.465931	0.0999999	4.21181E-05	9.465931
3.2	8E-12	9.490423	0.0999999	4.12627E-05	9.490423
3.1	7.4E-12	9.515032	0.1	4.04068E-05	9.515032
3	6.6E-12	9.539538	0.1000001	3.95522E-05	9.539538
2.9	6.2E-12	9.564056	0.1000001	3.86993E-05	9.564056
2.8	1.17E-11	9.623905	0.1000001	3.78511E-05	9.623905
2.7	6.4E-12	9.648438	0.0999999	3.69988E-05	9.648438
2.6	5.5E-12	9.672992	0.0999999	3.61471E-05	9.672992
2.5	4E-12	9.697523	0.1	3.52962E-05	9.697523
2.4	2.8E-12	9.722092	0.0999999	3.44467E-05	9.722092
2.3	1.4E-12	9.746595	0.1000002	3.35984E-05	9.746595
2.2	1.5E-12	9.771152	0.1000001	3.27509E-05	9.771152
2.099999	3.4E-12	9.797682	0.0999999	3.1908E-05	9.797682
2	-7E-13	9.822259	0.1000001	3.10628E-05	9.822259
1.9	-2.1E-12	9.846788	0.0999998	3.0219E-05	9.846788
1.8	-3.2E-12	9.871319	0.0999999	2.93764E-05	9.871319
1.7	-4.2E-12	9.895842	0.1000003	2.85347E-05	9.895842
1.6	-5E-12	9.920354	0.1000001	2.76945E-05	9.920354
1.5	-6.7E-12	9.944881	0.0999999	2.68558E-05	9.944881
1.4	-8.1E-12	9.969392	0.0999999	2.60186E-05	9.969392
1.3	-9.3E-12	9.993891	0.0999999	2.51834E-05	9.993891
1.2	-1.08E-11	10.018498	0.0999998	2.43507E-05	10.018498
1.1	-1.24E-11	10.04304	0.1	2.352E-05	10.04304
1	-1.4E-11	10.067562	0.1	2.2691E-05	10.067562
0.9	-8.8E-12	10.125225	0.1	2.18709E-05	10.125225
0.8	-1.56E-11	10.149756	0.1000002	2.10479E-05	10.149756
0.7	-1.84E-11	10.174255	0.1	2.0229E-05	10.174255
0.6	-2.06E-11	10.198767	0.1000001	1.94151E-05	10.198767
0.5	-2.28E-11	10.223324	0.1	1.86065E-05	10.223324
0.4	-2.51E-11	10.247866	0.0999998	1.78024E-05	10.247866
0.3	-2.74E-11	10.272372	0.0999999	1.70038E-05	10.272372
0.1999997	-2.67E-11	10.298773	0.0999999	1.62127E-05	10.298773
0.0999997	-3.21E-11	10.323302	0.1000001	1.5425E-05	10.323302
-4E-07	-3.42E-11	10.347814	0.1	1.46432E-05	10.347814
#scan	iMeasureCycle=2	iMux=0	time=279.635	N=401	LocalTime=20/04/2023 01:42:20
#VGate(V)	IGate(A)	time(s)	VDrain(V)	IDrain(A)	time(s)
-1E-07	-1.34E-11	279.642452	0.0999999	1.48417E-05	279.642452
-0.1000004	-2.12E-11	279.667333	0.0999999	1.40522E-05	279.667333
-0.2	-2.23E-11	279.693078	0.1	1.32689E-05	279.693078
-0.3	-2.79E-11	279.717851	0.1	1.24909E-05	279.717851
-0.4	-3.06E-11	279.742389	0.0999997	1.17197E-05	279.742389
-0.5	-3.33E-11	279.766895	0.0999998	1.09549E-05	279.766895
-0.6	-3.55E-11	279.791411	0.0999999	1.01988E-05	279.791411
-0.7	-3.75E-11	279.815954	0.1	9.4518E-06	279.815954
-0.799999	-3.56E-11	279.843048	0.1	8.71928E-06	279.843048
-0.9	-4.01E-11	279.86765	0.0999998	7.99366E-06	279.86765
-1	-4.23E-11	279.892125	0.1	7.28282E-06	279.892125
-1.1	-4.25E-11	279.916672	0.0999998	6.58765E-06	279.916672
-1.2	-4.41E-11	279.941276	0.0999998	5.91143E-06	279.941276
-1.3	-4.49E-11	279.965861	0.1000001	5.25651E-06	279.965861
-1.4	-4.59E-11	279.990392	0.0999997	4.62604E-06	279.990392
-1.5	-4.65E-11	280.014922	0.0999998	4.02404E-06	280.014922
-1.6	-4.75E-11	280.039417	0.0999999	3.45366E-06	280.039417
-1.7	-4.81E-11	280.063953	0.1	2.91994E-06	280.063953
-1.8	-4.9E-11	280.088461	0.0999999	2.42554E-06	280.088461
-1.9	-4.96E-11	280.113004	0.0999998	1.97483E-06	280.113004
-2	-5E-11	280.137526	0.1	1.57025E-06	280.137526
-2.1	-5.08E-11	280.162061	0.0999998	1.21504E-06	280.162061
-2.2	-4.45E-11	280.208776	0.0999999	9.1287E-07	280.208776
-2.3	-4.61E-11	280.236125	0.0999996	6.57529E-07	280.236125
-2.4	-5E-11	280.260799	0.0999997	4.5169E-07	280.260799
-2.5	-5.18E-11	280.285424	0.0999997	2.93153E-07	280.285424
-2.6	-5.2E-11	280.310009	0.0999997	1.77463E-07	280.310009
-2.7	-5.31E-11	280.33452	0.0999998	9.8527E-08	280.33452
-2.8	-4.73E-11	280.372212	0.099996	5.00154E-08	280.372212
-2.9	-6.66E-11	280.395462	0.1000053	2.1947E-08	280.395462
-3	-6.83E-11	280.418673	0.1000023	8.4276E-09	280.418673
-3.1	-6.74E-11	280.441967	0.1000008	2.807E-09	280.441967
-3.2	-6.99E-11	280.465167	0.1000005	8.263E-10	280.465167
-3.3	-6.98E-11	280.488393	0.1000002	2.164E-10	280.488393
-3.4	-7.04E-11	280.5116	0.1000002	4.7E-11	280.5116
-3.5	-6.87E-11	280.534891	0.1	4.5E-12	280.534891
-3.6	-6.93E-11	280.558175	0.1000002	-3.7E-12	280.558175
-3.7	-7.13E-11	280.581384	0.1000001	-4.8E-12	280.581384
-3.8	-7.17E-11	280.604682	0.1000001	-4.9E-12	280.604682
-3.9	-7.02E-11	280.627981	0.1000001	-5.1E-12	280.627981
-4	-7.27E-11	280.651187	0.1000001	-5.2E-12	280.651187
-4.1	-5.07E-11	280.70894	0.1	-6.8E-12	280.70894
-4.2	-6.93E-11	280.732258	0.1000002	-5E-12	280.732258
-4.3	-7.15E-11	280.75546	0.1000001	-5E-12	280.75546
-4.4	-7.25E-11	280.778698	0.1000001	-4.6E-12	280.778698
-4.5	-7.32E-11	280.801965	0.1000002	-5.3E-12	280.801965
-4.6	-7.14E-11	280.825258	0.1000001	-5.5E-12	280.825258
-4.7	-7.34E-11	280.848456	0.1000004	-4.9E-12	280.848456
-4.8	-7.45E-11	280.871753	0.1000001	-4.5E-12	280.871753
-4.9	-7.48E-11	280.894964	0.1000001	-4.3E-12	280.894964
-5	-7.3E-11	280.91825	0.1000003	-5E-12	280.91825
-5.1	-7.44E-11	280.941551	0.1	-5.1E-12	280.941551
-5.2	-7.31E-11	280.964847	0.1000002	-5.1E-12	280.964847
-5.3	-7.37E-11	280.988124	0.1	-5.2E-12	280.988124
-5.4	-7.37E-11	281.01142	0.1000001	-4.9E-12	281.01142
-5.5	-7.64E-11	281.034633	0.1000001	-4.7E-12	281.034633
-5.6	-7.67E-11	281.057933	0.1	-4.7E-12	281.057933
-5.7	-7.46E-11	281.081217	0.1	-5E-12	281.081217
-5.8	-7.51E-11	281.104513	0.1	-4.8E-12	281.104513
-5.9	-7.71E-11	281.127727	0.1000001	-5.1E-12	281.127727
-6	-7.69E-11	281.150964	0.1000001	-5.1E-12	281.150964
-6.1	-5.77E-11	281.198826	0.0999998	-5.8E-12	281.198826
-6.2	-7.68E-11	281.222062	0.1000003	-5E-12	281.222062
-6.3	-7.57E-11	281.245363	0.1	-4.7E-12	281.245363
-6.4	-7.49E-11	281.268739	0.1	-4.6E-12	281.268739
-6.5	-6.34E-11	281.293213	0.1	-6.2E-12	281.293213
-6.6	-7.8E-11	281.316449	0.1000002	-4.9E-12	281.316449
-6.7	-7.6E-11	281.339749	0.1000002	-4.7E-12	281.339749
-6.8	-7.77E-11	281.363177	0.1000003	-4.8E-12	281.363177
-6.9	-7.71E-11	281.386466	0.1000003	-4.5E-12	281.386466
-7	-7.68E-11	281.409836	0.1000001	-4.8E-12	281.409836
-7.1	-7.92E-11	281.433039	0.1000002	-4E-12	281.433039
-7.2	-7.95E-11	281.456238	0.1000003	-4E-12	281.456238
-7.3	-7.79E-11	281.479527	0.1000002	-4.6E-12	281.479527
-7.4	-7.8E-11	281.502824	0.1000001	-4.8E-12	281.502824
-7.5	-8E-11	281.526044	0.1000001	-4.1E-12	281.526044
-7.6	-8.07E-11	281.54926	0.1000001	-4.6E-12	281.54926
-7.7	-7.91E-11	281.572536	0.1000002	-4.6E-12	281.572536
-7.8	-7.9E-11	281.59584	0.1000001	-4.7E-12	281.59584
-7.9	-8.06E-11	281.619139	0.1000001	-4.3E-12	281.619139
-8	-7.94E-11	281.642434	0.1	-5E-12	281.642434
-8.1	-7.97E-11	281.665749	0.1	-4.9E-12	281.665749
-8.2	-6.04E-11	281.709021	0.0999998	-6.4E-12	281.709021
-8.3	-7.94E-11	281.732272	0.1000001	-4.6E-12	281.732272
-8.4	-8.04E-11	281.755499	0.1000001	-4.3E-12	281.755499
-8.5	-7.94E-11	281.778796	0.1000002	-4.7E-12	281.778796
-8.6	-8.16E-11	281.802061	0.1000001	-4.6E-12	281.802061
-8.7	-8.14E-11	281.825286	0.1000001	-4.5E-12	281.825286
-8.8	-8.16E-11	281.848502	0.1000001	-4.2E-12	281.848502
-8.9	-7.98E-11	281.871874	0.1000001	-4.2E-12	281.871874
-9	-8.2E-11	281.895078	0.1000002	-4.2E-12	281.895078
-9.1	-8.19E-11	281.918293	0.1000002	-4.2E-12	281.918293
-9.2	-8.2E-11	281.941557	0.1000001	-4.3E-12	281.941557
-9.3	-8.05E-11	281.964835	0.1000001	-4.6E-12	281.964835
-9.4	-8.01E-11	281.988126	0.1	-4.2E-12	281.988126
-9.5	-8.29E-11	282.011335	0.1000002	-4.3E-12	282.011335
-9.6	-8.26E-11	282.034561	0.1000001	-4.4E-12	282.034561
-9.7	-8.1E-11	282.057854	0.1000001	-4.5E-12	282.057854
-9.8	-8.14E-11	282.081146	0.1000002	-4.5E-12	282.081146
-9.9	-8.27E-11	282.104399	0.1000001	-4E-12	282.104399
-10	-8.13E-11	282.127736	0.1	-4.3E-12	282.127736
-9.90001	-4.33E-11	282.15103	0.0999998	-7.5E-12	282.15103
-9.80001	-5.55E-11	282.210445	0.1000001	-6.4E-12	282.210445
-9.70001	-3.47E-11	282.23369	0.0999995	-8.3E-12	282.23369
-9.60001	-3.45E-11	282.256983	0.0999997	-8E-12	282.256983
-9.50001	-3.35E-11	282.28036	0.0999996	-7.7E-12	282.28036
-9.40001	-2.99E-11	282.303633	0.0999996	-8.2E-12	282.303633
-9.30001	-2.85E-11	282.326851	0.0999996	-8.4E-12	282.326851
-9.20001	-2.96E-11	282.350145	0.0999998	-8.6E-12	282.350145
-9.10001	-2.74E-11	282.373452	0.0999997	-8.3E-12	282.373452
-9.00001	-2.65E-11	282.396673	0.0999998	-7.9E-12	282.396673
-8.90001	-2.59E-11	282.419967	0.0999996	-8.6E-12	282.419967
-8.80001	-2.66E-11	282.443259	0.0999997	-8.6E-12	282.443259
-8.70001	-2.49E-11	282.466456	0.0999997	-8.6E-12	282.466456
-8.60001	-2.61E-11	282.489745	0.0999999	-8.1E-12	282.489745
-8.50001	-2.5E-11	282.513029	0.0999998	-8.8E-12	282.513029
-8.40001	-2.47E-11	282.53633	0.0999998	-8.6E-12	282.53633
-8.30001	-2.27E-11	282.55955	0.0999997	-8.8E-12	282.55955
-8.20001	-2.15E-11	282.58276	0.0999997	-8.8E-12	282.58276
-8.10001	-2.12E-11	282.606066	0.0999998	-8.8E-12	282.606066
-8	-2.26E-11	282.629362	0.0999996	-9E-12	282.629362
-7.90001	-2.09E-11	282.652564	0.0999998	-8.9E-12	282.652564
-7.80001	-4.05E-11	282.707552	0.0999998	-6.9E-12	282.707552
-7.70001	-2.12E-11	282.730809	0.0999999	-8.6E-12	282.730809
-7.6	-1.99E-11	282.754029	0.0999997	-8.5E-12	282.754029
-7.50001	-2.11E-11	282.777333	0.0999997	-8.5E-12	282.777333
-7.40001	-2.08E-11	282.800671	0.0999998	-8.8E-12	282.800671
-7.30001	-1.83E-11	282.823973	0.0999997	-9.2E-12	282.823973
-7.2	-1.74E-11	282.847187	0.0999996	-9E-12	282.847187
-7.10001	-1.93E-11	282.870558	0.0999997	-8.4E-12	282.870558
-7.00001	-1.72E-11	282.893768	0.0999998	-9.1E-12	282.893768
-6.90001	-1.65E-11	282.916991	0.0999998	-9.2E-12	282.916991
-6.80001	-1.62E-11	282.940321	0.0999997	-8.9E-12	282.940321
-6.70001	-1.76E-11	282.963617	0.0999997	-8.8E-12	282.963617
-6.60001	-1.53E-11	282.986809	0.0999998	-8.6E-12	282.986809
-6.50001	-1.61E-11	283.010065	0.0999999	-8.6E-12	283.010065
-6.40001	-1.48E-11	283.03329	0.0999998	-8.6E-12	283.03329
-6.30001	-1.61E-11	283.056592	0.0999997	-8.8E-12	283.056592
-6.20001	-1.37E-11	283.079787	0.0999997	-9.3E-12	283.079787
-6.10001	-1.35E-11	283.103001	0.0999998	-8.6E-12	283.103001
-6.00001	-1.31E-11	283.126228	0.0999997	-8.8E-12	283.126228
-5.90001	-1.45E-11	283.149519	0.0999998	-8.7E-12	283.149519
-5.80001	-1.46E-11	283.172853	0.0999997	-9.1E-12	283.172853
-5.70001	-3.22E-11	283.213442	0.1	-7.2E-12	283.213442
-5.60001	-1.51E-11	283.236756	0.0999997	-8.6E-12	283.236756
-5.50001	-1.43E-11	283.260046	0.0999998	-9E-12	283.260046
-5.40001	-1.2E-11	283.283351	0.0999997	-8.9E-12	283.283351
-5.30001	-1.1E-11	283.306626	0.0999997	-9.4E-12	283.306626
-5.20001	-1.21E-11	283.330019	0.0999999	-9E-12	283.330019
-5.1	-1.03E-11	283.353235	0.0999998	-9.5E-12	283.353235
-5.00001	-9.6E-12	283.376541	0.0999997	-9.6E-12	283.376541
-4.90001	-1.1E-11	283.399846	0.0999998	-9.6E-12	283.399846
-4.80001	-1.03E-11	283.423138	0.0999997	-9.5E-12	283.423138
-4.7	-8.1E-12	283.446348	0.0999998	-9.7E-12	283.446348
-4.60001	-7.5E-12	283.469556	0.0999998	-9.9E-12	283.469556
-4.50001	-9.3E-12	283.492849	0.0999996	-9.4E-12	283.492849
-4.40001	-8.5E-12	283.516147	0.0999996	-9.5E-12	283.516147
-4.3	-6.3E-12	283.539356	0.0999997	-1.03E-11	283.539356
-4.20001	-5.7E-12	283.562575	0.0999996	-1.01E-11	283.562575
-4.10001	-7.1E-12	283.585858	0.0999999	-9.6E-12	283.585858
-4.00001	-5.2E-12	283.609171	0.0999998	-9.2E-12	283.609171
-3.90001	-4.8E-12	283.632491	0.0999996	-1.01E-11	283.632491
-3.80001	-3.9E-12	283.6557	0.0999997	-9.9E-12	283.6557
-3.70001	-2.42E-11	283.710741	0.1000002	-7.8E-12	283.710741
-3.60001	-7.2E-12	283.734184	0.0999997	-5.7E-12	283.734184
-3.50001	-3.7E-12	283.757398	0.0999999	1.36E-11	283.757398
-3.40001	-2.8E-12	283.780607	0.0999997	9.71E-11	283.780607
-3.30001	-2E-12	283.803869	0.1	4.238E-10	283.803869
-3.20001	-2.8E-12	283.827157	0.1000001	1.4905E-09	283.827157
-3.10001	-2.4E-12	283.850452	0.1000007	4.6933E-09	283.850452
-3.00001	4E-13	283.873748	0.1000014	1.28871E-08	283.873748
-2.90001	-1.1E-12	283.897025	0.1000028	3.09164E-08	283.897025
-2.80001	-5E-13	283.920303	0.1000013	6.53246E-08	283.920303
-2.70001	-1.89E-11	283.959853	0.1000001	1.20957E-07	283.959853
-2.60001	-1.38E-11	283.984383	0.1000003	2.11157E-07	283.984383
-2.50001	-1.27E-11	284.008894	0.1000007	3.38757E-07	284.008894
-2.40001	-1.16E-11	284.0334	0.1000007	5.09357E-07	284.0334
-2.30001	-1.11E-11	284.057911	0.1000008	7.26324E-07	284.057911
-2.20001	-1.03E-11	284.082448	0.1000007	9.92012E-07	284.082448
-2.1	-1.46E-11	284.118632	0.1	1.30384E-06	284.118632
-2	-9.6E-12	284.143151	0.0999999	1.67179E-06	284.143151
-1.9	-8.4E-12	284.167618	0.1000001	2.0853E-06	284.167618
-1.800001	-1.39E-11	284.220175	0.0999998	2.53549E-06	284.220175
-1.7	-8.1E-12	284.244705	0.0999998	3.03998E-06	284.244705
-1.6	-6.5E-12	284.269218	0.0999999	3.5803E-06	284.269218
-1.5	-5.3E-12	284.293803	0.0999999	4.15517E-06	284.293803
-1.4	-4E-12	284.318374	0.1000002	4.75968E-06	284.318374
-1.3	-2.7E-12	284.342889	0.1	5.39207E-06	284.342889
-1.200001	-2.1E-12	284.367437	0.1	6.04759E-06	284.367437
-1.100001	-9E-13	284.39202	0.0999999	6.72419E-06	284.39202
-1	5E-13	284.416523	0.1	7.41842E-06	284.416523
-0.9	1.6E-12	284.441083	0.1000003	8.12876E-06	284.441083
-0.8	3.2E-12	284.465585	0.1000001	8.85254E-06	284.465585
-0.7	4.5E-12	284.490128	0.1	9.58785E-06	284.490128
-0.6	5.7E-12	284.514634	0.1000001	1.033308E-05	284.514634
-0.500001	2.1E-12	284.549239	0.0999999	1.10784E-05	284.549239
-0.400001	8E-12	284.573733	0.0999999	1.18413E-05	284.573733
-0.3	9.7E-12	284.598255	0.1000001	1.261E-05	284.598255
-0.2	8E-12	284.624786	0.1	1.33837E-05	284.624786
-0.0999996	1.3E-11	284.649305	0.1000002	1.41627E-05	284.649305
1E-07	1.51E-11	284.673815	0.1000002	1.49479E-05	284.673815
0.1000001	1.06E-11	284.721784	0.1	1.5732E-05	284.721784
0.2000003	1.72E-11	284.746389	0.0999999	1.65289E-05	284.746389
0.299999	1.98E-11	284.771098	0.1	1.73296E-05	284.771098
0.4	2.2E-11	284.795642	0.0999999	1.81361E-05	284.795642
0.5	2.39E-11	284.820227	0.0999999	1.89474E-05	284.820227
0.599999	2.56E-11	284.844852	0.1	1.9764E-05	284.844852
0.7	2.78E-11	284.869353	0.1000001	2.05847E-05	284.869353
0.8	2.98E-11	284.893948	0.1000001	2.14092E-05	284.893948
0.9	3.16E-11	284.918481	0.1	2.22368E-05	284.918481
0.999999	3.34E-11	284.943152	0.1	2.30682E-05	284.943152
1.1	3.5E-11	284.967682	0.1000001	2.39019E-05	284.967682
1.2	3.66E-11	284.992188	0.1	2.47368E-05	284.992188
1.3	3.82E-11	285.016731	0.1	2.55743E-05	285.016731
1.4	3.95E-11	285.041241	0.0999999	2.64134E-05	285.041241
1.5	4.11E-11	285.065782	0.1000001	2.72542E-05	285.065782
1.599999	4.22E-11	285.090286	0.1000001	2.80962E-05	285.090286
1.699999	4.3E-11	285.11484	0.1000002	2.89387E-05	285.11484
1.8	4.39E-11	285.139344	0.0999999	2.97831E-05	285.139344
1.9	4.45E-11	285.163886	0.1	3.06282E-05	285.163886
1.999999	3.83E-11	285.223413	0.1	3.14669E-05	285.223413
2.1	4.35E-11	285.248037	0.1000002	3.23161E-05	285.248037
2.19999	4.49E-11	285.272747	0.1000001	3.31597E-05	285.272747
2.29999	4.62E-11	285.297388	0.1000001	3.40078E-05	285.297388
2.39999	4.72E-11	285.321969	0.1000001	3.48565E-05	285.321969
2.49999	4.76E-11	285.346471	0.0999999	3.57057E-05	285.346471
2.59999	4.81E-11	285.371024	0.1	3.65544E-05	285.371024
2.69999	4.87E-11	285.395577	0.1	3.74042E-05	285.395577
2.79999	4.91E-11	285.420091	0.1	3.82552E-05	285.420091
2.89999	4.94E-11	285.444601	0.0999999	3.91051E-05	285.444601
2.99999	4.92E-11	285.469127	0.1	3.99561E-05	285.469127
3.09999	5E-11	285.493629	0.1	4.08071E-05	285.493629
3.19999	5.06E-11	285.518162	0.1000002	4.16586E-05	285.518162
3.29999	5.1E-11	285.542682	0.1000001	4.25105E-05	285.542682
3.39999	5.12E-11	285.56724	0.1	4.33629E-05	285.56724
3.49999	5.18E-11	285.591744	0.1000001	4.42161E-05	285.591744
3.59999	5.16E-11	285.616382	0.1000001	4.50687E-05	285.616382
3.69999	5.24E-11	285.640891	0.1000002	4.59218E-05	285.640891
3.79999	5.25E-11	285.665405	0.1000002	4.67758E-05	285.665405
3.89999	4.57E-11	285.722647	0.1000002	4.76204E-05	285.722647
3.99999	5.13E-11	285.747179	0.0999999	4.8479E-05	285.747179
4.09999	5.16E-11	285.771731	0.0999999	4.9336E-05	285.771731
4.19999	5.26E-11	285.796262	0.1000002	5.01928E-05	285.796262
4.29999	5.3E-11	285.820825	0.1	5.10501E-05	285.820825
4.39999	5.31E-11	285.845358	0.1000001	5.19074E-05	285.845358
4.49999	5.4E-11	285.869867	0.1	5.27661E-05	285.869867
4.59999	5.4E-11	285.894475	0.1000001	5.36253E-05	285.894475
4.69999	5.35E-11	285.919002	0.1	5.44843E-05	285.919002
4.79999	5.36E-11	285.943538	0.1000004	5.53447E-05	285.943538
4.89999	5.45E-11	285.968096	0.1000002	5.62056E-05	285.968096
4.99999	5.48E-11	285.99263	0.0999999	5.70685E-05	285.99263
5.09999	5.53E-11	286.017133	0.1	5.79309E-05	286.017133
5.19999	5.49E-11	286.041699	0.1	5.87937E-05	286.041699
5.29999	5.54E-11	286.066217	0.1000001	5.96576E-05	286.066217
5.39999	5.56E-11	286.090766	0.0999999	6.05227E-05	286.090766
5.49999	5.54E-11	286.115268	0.1	6.1389E-05	286.115268
5.59999	5.56E-11	286.139773	0.0999999	6.22548E-05	286.139773
5.69999	5.56E-11	286.1643	0.0999999	6.31226E-05	286.1643
5.79999	4.92E-11	286.223938	0.1000001	6.39808E-05	286.223938
5.89999	5.48E-11	286.248536	0.1	6.48535E-05	286.248536
5.99999	5.49E-11	286.273061	0.1	6.57245E-05	286.273061
6.09999	5.58E-11	286.297659	0.1	6.65963E-05	286.297659
6.19999	5.62E-11	286.322222	0.1000002	6.74686E-05	286.322222
6.29999	5.65E-11	286.346778	0.1	6.83432E-05	286.346778
6.39999	5.65E-11	286.371303	0.1000002	6.92157E-05	286.371303
6.49999	5.72E-11	286.39594	0.1	7.00899E-05	286.39594
6.59999	5.75E-11	286.420449	0.0999999	7.09652E-05	286.420449
6.69999	5.71E-11	286.444962	0.0999998	7.18422E-05	286.444962
6.79999	5.75E-11	286.469503	0.1000001	7.27193E-05	286.469503
6.89999	5.73E-11	286.494032	0.1	7.35968E-05	286.494032
6.99999	5.75E-11	286.518549	0.0999999	7.44762E-05	286.518549
7.09999	5.76E-11	286.543081	0.1000001	7.53559E-05	286.543081
7.19999	5.79E-11	286.567607	0.0999999	7.62372E-05	286.567607
7.29999	5.81E-11	286.59214	0.1000004	7.71185E-05	286.59214
7.39999	5.77E-11	286.616734	0.1000002	7.80011E-05	286.616734
7.49999	5.79E-11	286.641253	0.1	7.88848E-05	286.641253
7.59999	5.83E-11	286.665783	0.0999999	7.97684E-05	286.665783
7.69999	5.22E-11	286.721007	0.1000003	8.06451E-05	286.721007
7.79999	5.68E-11	286.745536	0.0999999	8.1533E-05	286.745536
7.89999	5.76E-11	286.770062	0.1000001	8.2422E-05	286.770062
7.99999	5.81E-11	286.794565	0.1	8.33105E-05	286.794565
8.09999	5.82E-11	286.81916	0.1000001	8.41991E-05	286.81916
8.19999	5.86E-11	286.843673	0.1000001	8.50896E-05	286.843673
8.29999	5.9E-11	286.8682	0.1000003	8.59807E-05	286.8682
8.39999	5.88E-11	286.892831	0.1000002	8.68716E-05	286.892831
8.49999	5.85E-11	286.91736	0.1	8.7766E-05	286.91736
8.59999	5.95E-11	286.941866	0.1000001	8.86594E-05	286.941866
8.69999	5.84E-11	286.966593	0.0999999	8.95548E-05	286.966593
8.79999	5.96E-11	286.991102	0.1	9.04504E-05	286.991102
8.89999	5.94E-11	287.015639	0.1000002	9.13463E-05	287.015639
8.99999	5.93E-11	287.040153	0.1000001	9.2244E-05	287.040153
9.09999	5.98E-11	287.064687	0.1	9.31429E-05	287.064687
9.19999	6.01E-11	287.089209	0.1	9.40414E-05	287.089209
9.29999	6.01E-11	287.113727	0.1000004	9.49382E-05	287.113727
9.39999	5.98E-11	287.138267	0.1	9.5843E-05	287.138267
9.49999	6.07E-11	287.162792	0.1000003	9.67476E-05	287.162792
9.59999	5.32E-11	287.225077	0.0999999	9.76432E-05	287.225077
9.69999	5.85E-11	287.249645	0.1000002	9.85528E-05	287.249645
9.79999	5.89E-11	287.274204	0.1	9.94616E-05	287.274204
9.89999	5.98E-11	287.29884	0.1000002	0.0001003691	287.29884
9.99999	6E-11	287.3234	0.1	0.0001012778	287.3234
9.9	4.69E-11	287.347935	0.1000001	0.0001003548	287.347935
9.8	4.42E-11	287.372456	0.1	9.94387E-05	287.372456
9.7	4.23E-11	287.397113	0.0999999	9.85246E-05	287.397113
9.6	4.02E-11	287.421626	0.0999998	9.76109E-05	287.421626
9.5	3.85E-11	287.446158	0.1	9.67015E-05	287.446158
9.4	3.74E-11	287.470693	0.0999999	9.57925E-05	287.470693
9.3	3.63E-11	287.495244	0.0999999	9.48839E-05	287.495244
9.2	3.59E-11	287.519781	0.1	9.39776E-05	287.519781
9.1	3.46E-11	287.544299	0.0999997	9.30713E-05	287.544299
9	3.4E-11	287.56884	0.0999999	9.21669E-05	287.56884
8.9	3.29E-11	287.59336	0.0999999	9.1268E-05	287.59336
8.8	3.27E-11	287.617995	0.0999998	9.03632E-05	287.617995
8.7	3.17E-11	287.6425	0.1	8.94597E-05	287.6425
8.6	3.21E-11	287.667111	0.0999996	8.8558E-05	287.667111
8.5	3.73E-11	287.728432	0.1	8.76596E-05	287.728432
8.4	3.26E-11	287.752958	0.0999996	8.67564E-05	287.752958
8.3	3.16E-11	287.777531	0.1000001	8.58568E-05	287.777531
8.2	3.13E-11	287.802087	0.1	8.49588E-05	287.802087
8.1	2.97E-11	287.8266	0.1000001	8.40618E-05	287.8266
8	2.92E-11	287.851127	0.0999999	8.31645E-05	287.851127
7.9	2.88E-11	287.875638	0.0999999	8.22687E-05	287.875638
7.8	2.81E-11	287.900262	0.0999998	8.13744E-05	287.900262
7.7	2.76E-11	287.92477	0.1	8.04828E-05	287.92477
7.6	2.73E-11	287.949317	0.1	7.95894E-05	287.949317
7.5	2.68E-11	287.973843	0.0999998	7.86978E-05	287.973843
7.4	2.66E-11	287.998385	0.1	7.78073E-05	287.998385
7.3	2.58E-11	288.022887	0.0999999	7.69181E-05	288.022887
7.2	2.55E-11	288.047425	0.0999998	7.60291E-05	288.047425
7.1	2.51E-11	288.072091	0.1	7.51414E-05	288.072091
7	2.5E-11	288.096643	0.1	7.42557E-05	288.096643
6.9	2.46E-11	288.121202	0.0999998	7.3369E-05	288.121202
6.8	2.38E-11	288.145698	0.1000001	7.24833E-05	288.145698
6.7	2.34E-11	288.17025	0.1000001	7.15985E-05	288.17025
6.6	2.97E-11	288.230035	0.1000002	7.07214E-05	288.230035
6.5	2.47E-11	288.254572	0.0999999	6.9838E-05	288.254572
6.4	2.35E-11	288.279113	0.0999999	6.89546E-05	288.279113
6.3	2.27E-11	288.303751	0.0999997	6.80735E-05	288.303751
6.2	2.25E-11	288.328315	0.1	6.71924E-05	288.328315
6.1	2.18E-11	288.352826	0.0999999	6.63138E-05	288.352826
6	2.12E-11	288.377377	0.0999999	6.54354E-05	288.377377
5.9	2.16E-11	288.402027	0.1	6.45569E-05	288.402027
5.8	2.07E-11	288.426543	0.0999999	6.36792E-05	288.426543
5.7	2.01E-11	288.451041	0.0999999	6.28034E-05	288.451041
5.6	1.96E-11	288.475561	0.1000001	6.19286E-05	288.475561
5.5	1.92E-11	288.50008	0.1000001	6.10527E-05	288.50008
5.4	1.86E-11	288.524605	0.0999997	6.01793E-05	288.524605
5.3	1.78E-11	288.549095	0.1000001	5.93062E-05	288.549095
5.2	1.79E-11	288.573715	0.0999999	5.84338E-05	288.573715
5.1	1.78E-11	288.598277	0.1	5.75622E-05	288.598277
5	1.73E-11	288.622937	0.0999997	5.6692E-05	288.622937
4.9	1.63E-11	288.647431	0.0999999	5.58221E-05	288.647431
4.8	1.63E-11	288.67201	0.1	5.49537E-05	288.67201
4.7	2.2E-11	288.731426	0.0999999	5.40914E-05	288.731426
4.6	1.69E-11	288.755957	0.1000001	5.32235E-05	288.755957
4.5	1.61E-11	288.780511	0.1	5.2357E-05	288.780511
4.4	1.5E-11	288.805082	0.0999998	5.14905E-05	288.805082
4.3	1.45E-11	288.829684	0.0999999	5.06261E-05	288.829684
4.2	1.42E-11	288.85423	0.0999998	4.97617E-05	288.85423
4.1	1.31E-11	288.878746	0.0999999	4.88984E-05	288.878746
4	1.26E-11	288.903357	0.0999999	4.80367E-05	288.903357
3.9	1.19E-11	288.927857	0.1	4.71748E-05	288.927857
3.8	1.2E-11	288.952356	0.0999997	4.63136E-05	288.952356
3.7	1.08E-11	288.97687	0.0999999	4.54536E-05	288.97687
3.6	1.03E-11	289.001386	0.0999998	4.4595E-05	289.001386
3.5	9.9E-12	289.025885	0.0999999	4.37363E-05	289.025885
3.4	9.7E-12	289.050424	0.0999999	4.28785E-05	289.050424
3.3	8.6E-12	289.074932	0.1000001	4.20211E-05	289.074932
3.2	7.9E-12	289.099438	0.0999998	4.1165E-05	289.099438
3.1	6.9E-12	289.123947	0.0999999	4.03097E-05	289.123947
3	6.8E-12	289.148483	0.0999998	3.94554E-05	289.148483
2.9	5.7E-12	289.172997	0.0999999	3.86019E-05	289.172997
2.8	1.23E-11	289.233154	0.0999998	3.77545E-05	289.233154
2.7	6.2E-12	289.257662	0.0999998	3.69014E-05	289.257662
2.6	5.3E-12	289.282214	0.0999999	3.60507E-05	289.282214
2.5	3.9E-12	289.306812	0.1	3.52001E-05	289.306812
2.4	3E-12	289.331399	0.0999998	3.43503E-05	289.331399
2.3	1.7E-12	289.355902	0.0999998	3.35022E-05	289.355902
2.2	1.1E-12	289.380452	0.0999999	3.26554E-05	289.380452
2.099999	3.7E-12	289.406925	0.0999999	3.18131E-05	289.406925
2	-5E-13	289.431455	0.0999997	3.09681E-05	289.431455
1.9	-1.9E-12	289.455983	0.1	3.01246E-05	289.455983
1.8	-3.1E-12	289.480522	0.0999997	2.92812E-05	289.480522
1.7	-4.3E-12	289.505028	0.0999997	2.84397E-05	289.505028
1.6	-5.8E-12	289.529556	0.1000001	2.76E-05	289.529556
1.5	-6.9E-12	289.554073	0.1000002	2.67616E-05	289.554073
1.4	-8.2E-12	289.578597	0.0999999	2.59243E-05	289.578597
1.3	-9.7E-12	289.603123	0.0999998	2.50894E-05	289.603123
1.2	-1.12E-11	289.627758	0.1000001	2.42568E-05	289.627758
1.1	-1.23E-11	289.652267	0.0999997	2.3427E-05	289.652267
1	-1.37E-11	289.676806	0.0999999	2.25985E-05	289.676806
0.9	-9.2E-12	289.730405	0.1	2.17782E-05	289.730405
0.8	-1.57E-11	289.754945	0.1000001	2.09559E-05	289.754945
0.7	-1.81E-11	289.77945	0.1	2.01378E-05	289.77945
0.6	-2.02E-11	289.804014	0.1000001	1.93239E-05	289.804014
0.5	-2.27E-11	289.828573	0.1000001	1.85156E-05	289.828573
0.4	-2.47E-11	289.853097	0.0999999	1.77125E-05	289.853097
0.3	-2.69E-11	289.877627	0.0999999	1.6915E-05	289.877627
0.2000001	-2.6E-11	289.904227	0.0999999	1.61241E-05	289.904227
0.0999996	-3.14E-11	289.928738	0.1	1.53379E-05	289.928738
-1E-07	-3.34E-11	289.95341	0.1	1.45566E-05	289.95341
#scan	iMeasureCycle=3	iMux=0	time=319.648	N=401	LocalTime=20/04/2023 01:43:00
#VGate(V)	IGate(A)	time(s)	VDrain(V)	IDrain(A)	time(s)
-2E-07	-1.31E-11	319.655454	0.0999999	1.47501E-05	319.655454
-0.1000004	-2.02E-11	319.680511	0.1	1.39618E-05	319.680511
-0.2000001	-2.16E-11	319.706114	0.0999999	1.31808E-05	319.706114
-0.3	-2.81E-11	319.730906	0.0999999	1.2405E-05	319.730906
-0.4	-3.01E-11	319.755419	0.0999998	1.16359E-05	319.755419
-0.5	-3.24E-11	319.779967	0.0999999	1.08736E-05	319.779967
-0.6	-3.47E-11	319.804475	0.0999999	1.01188E-05	319.804475
-0.7	-3.67E-11	319.829001	0.1	9.3739E-06	319.829001
-0.799999	-3.43E-11	319.856103	0.0999999	8.64415E-06	319.856103
-0.9	-3.94E-11	319.880665	0.0999998	7.9215E-06	319.880665
-1	-4.15E-11	319.905173	0.1	7.21277E-06	319.905173
-1.1	-4.19E-11	319.929883	0.0999999	6.52095E-06	319.929883
-1.2	-4.36E-11	319.954383	0.1	5.84759E-06	319.954383
-1.3	-4.45E-11	319.978935	0.0999997	5.19589E-06	319.978935
-1.4	-4.57E-11	320.003519	0.0999997	4.56968E-06	320.003519
-1.5	-4.62E-11	320.028033	0.0999997	3.97162E-06	320.028033
-1.6	-4.71E-11	320.052536	0.0999999	3.40528E-06	320.052536
-1.7	-4.79E-11	320.077068	0.0999998	2.87535E-06	320.077068
-1.8	-4.84E-11	320.10161	0.0999998	2.3857E-06	320.10161
-1.9	-4.89E-11	320.126153	0.0999998	1.93877E-06	320.126153
-2	-5.01E-11	320.150672	0.0999998	1.53913E-06	320.150672
-2.1	-5.05E-11	320.175211	0.0999999	1.18843E-06	320.175211
-2.2	-4.43E-11	320.224559	0.0999998	8.90955E-07	320.224559
-2.3	-4.97E-11	320.249088	0.0999994	6.38535E-07	320.249088
-2.4	-5.03E-11	320.273661	0.0999995	4.3714E-07	320.273661
-2.5	-5.12E-11	320.298172	0.0999996	2.82419E-07	320.298172
-2.6	-5.18E-11	320.322741	0.0999997	1.69769E-07	320.322741
-2.7	-5.21E-11	320.347351	0.0999998	9.3542E-08	320.347351
-2.8	-4.66E-11	320.384982	0.0999964	4.70575E-08	320.384982
-2.9	-6.53E-11	320.408264	0.1000038	2.0412E-08	320.408264
-3	-6.71E-11	320.431523	0.1000019	7.7394E-09	320.431523
-3.1	-6.81E-11	320.45476	0.1000009	2.5447E-09	320.45476
-3.2	-6.74E-11	320.47805	0.1000004	7.363E-10	320.47805
-3.3	-6.76E-11	320.501356	0.1000002	1.887E-10	320.501356
-3.4	-7.03E-11	320.524557	0.1000002	3.8E-11	320.524557
-3.5	-7.06E-11	320.547771	0.1000001	2.9E-12	320.547771
-3.6	-6.94E-11	320.571057	0.1000001	-4.5E-12	320.571057
-3.7	-6.96E-11	320.594363	0.1000003	-5.5E-12	320.594363
-3.8	-7.03E-11	320.617644	0.1	-5.6E-12	320.617644
-3.9	-7.07E-11	320.640921	0.1000002	-5.6E-12	320.640921
-4	-7.08E-11	320.664197	0.1	-5.7E-12	320.664197
-4.1	-5.06E-11	320.723287	0.0999998	-7.3E-12	320.723287
-4.2	-6.91E-11	320.746622	0.1000002	-5.4E-12	320.746622
-4.3	-7.17E-11	320.769927	0.1000003	-5.5E-12	320.769927
-4.4	-7.18E-11	320.793172	0.1000002	-5.6E-12	320.793172
-4.5	-7.05E-11	320.816459	0.1000002	-5.6E-12	320.816459
-4.6	-7.25E-11	320.839741	0.1	-5.4E-12	320.839741
-4.7	-7.32E-11	320.862961	0.1000002	-5.3E-12	320.862961
-4.8	-7.42E-11	320.886168	0.1000001	-5.2E-12	320.886168
-4.9	-7.27E-11	320.909458	0.0999999	-5.5E-12	320.909458
-5	-7.43E-11	320.932675	0.1000002	-5.2E-12	320.932675
-5.1	-7.47E-11	320.955904	0.1	-5.3E-12	320.955904
-5.2	-7.45E-11	320.979215	0.1000002	-5.1E-12	320.979215
-5.3	-7.5E-11	321.002453	0.1	-5.2E-12	321.002453
-5.4	-7.37E-11	321.025769	0.1000002	-5.2E-12	321.025769
-5.5	-7.47E-11	321.049004	0.1000003	-5.7E-12	321.049004
-5.6	-7.58E-11	321.072227	0.1000003	-5.3E-12	321.072227
-5.7	-7.38E-11	321.095522	0.1000002	-5.4E-12	321.095522
-5.8	-7.44E-11	321.118814	0.1000003	-5.2E-12	321.118814
-5.9	-7.65E-11	321.142042	0.1000001	-5.2E-12	321.142042
-6	-7.73E-11	321.165246	0.1	-4.7E-12	321.165246
-6.1	-5.65E-11	321.216599	0.1000001	-6.8E-12	321.216599
-6.2	-7.43E-11	321.239916	0.1000002	-5.2E-12	321.239916
-6.3	-7.64E-11	321.263136	0.1000001	-5E-12	321.263136
-6.4	-7.73E-11	321.286344	0.1000001	-5E-12	321.286344
-6.5	-7.58E-11	321.309695	0.1	-5.1E-12	321.309695
-6.6	-7.62E-11	321.332987	0.1000002	-5.1E-12	321.332987
-6.7	-7.83E-11	321.356293	0.1000001	-5E-12	321.356293
-6.8	-7.81E-11	321.379511	0.1000003	-5.1E-12	321.379511
-6.9	-7.68E-11	321.402808	0.1000002	-4.9E-12	321.402808
-7	-7.68E-11	321.426087	0.1	-5E-12	321.426087
-7.1	-7.86E-11	321.449398	0.1000001	-4.5E-12	321.449398
-7.2	-7.72E-11	321.472702	0.1000001	-5.5E-12	321.472702
-7.3	-7.76E-11	321.495994	0.1	-5E-12	321.495994
-7.4	-7.89E-11	321.519212	0.1000001	-4.4E-12	321.519212
-7.5	-7.96E-11	321.542419	0.1000002	-4.2E-12	321.542419
-7.6	-7.74E-11	321.565715	0.1000002	-4.8E-12	321.565715
-7.7	-7.77E-11	321.589007	0.1000001	-4.9E-12	321.589007
-7.8	-7.99E-11	321.612235	0.1000002	-4.8E-12	321.612235
-7.9	-8.02E-11	321.635451	0.1	-4.4E-12	321.635451
-8	-7.89E-11	321.658748	0.1000001	-4.8E-12	321.658748
-8.1	-7.82E-11	321.682146	0.1000002	-4.6E-12	321.682146
-8.2	-6.03E-11	321.722614	0.0999998	-6.1E-12	321.722614
-8.3	-7.98E-11	321.745902	0.1000002	-4.6E-12	321.745902
-8.4	-7.89E-11	321.769204	0.1000001	-4.4E-12	321.769204
-8.5	-8.05E-11	321.792424	0.1000002	-4.3E-12	321.792424
-8.6	-8.05E-11	321.815699	0.1	-4.4E-12	321.815699
-8.7	-8.17E-11	321.838902	0.1000001	-4.5E-12	321.838902
-8.8	-7.97E-11	321.862189	0.1000002	-4.5E-12	321.862189
-8.9	-8.14E-11	321.885403	0.1000001	-4.5E-12	321.885403
-9	-8.13E-11	321.908627	0.1000002	-4.5E-12	321.908627
-9.1	-8.17E-11	321.931836	0.1000001	-4.3E-12	321.931836
-9.2	-8.04E-11	321.955212	0.1000001	-4.5E-12	321.955212
-9.3	-8.23E-11	321.97842	0.1000003	-4.3E-12	321.97842
-9.4	-8.21E-11	322.00168	0.1000002	-4.4E-12	322.00168
-9.5	-8.22E-11	322.024976	0.1000002	-4E-12	322.024976
-9.6	-8.09E-11	322.04827	0.1	-4.3E-12	322.04827
-9.7	-8.26E-11	322.071473	0.1000001	-4.7E-12	322.071473
-9.8	-8.29E-11	322.094698	0.1000003	-4.6E-12	322.094698
-9.9	-8.36E-11	322.117912	0.1	-4.2E-12	322.117912
-10	-8.16E-11	322.141199	0.0999999	-4.4E-12	322.141199
-9.90001	-4.24E-11	322.164484	0.0999997	-8.1E-12	322.164484
-9.80001	-5.67E-11	322.223826	0.0999998	-6.5E-12	322.223826
-9.70001	-3.47E-11	322.247069	0.0999997	-8E-12	322.247069
-9.60001	-3.42E-11	322.270367	0.0999997	-7.7E-12	322.270367
-9.50001	-3.15E-11	322.293678	0.0999998	-8.4E-12	322.293678
-9.40001	-3.03E-11	322.316959	0.0999998	-8.5E-12	322.316959
-9.30001	-2.95E-11	322.340222	0.0999996	-8.1E-12	322.340222
-9.20001	-2.79E-11	322.363472	0.0999997	-8.2E-12	322.363472
-9.10001	-2.9E-11	322.386779	0.0999997	-8.1E-12	322.386779
-9.00001	-2.65E-11	322.410002	0.0999996	-8.3E-12	322.410002
-8.90001	-2.54E-11	322.433207	0.0999997	-8.8E-12	322.433207
-8.80001	-2.71E-11	322.456617	0.0999995	-8.2E-12	322.456617
-8.70001	-2.45E-11	322.479817	0.0999997	-8.2E-12	322.479817
-8.60001	-2.37E-11	322.503033	0.0999997	-8.5E-12	322.503033
-8.50001	-2.32E-11	322.526258	0.0999996	-8.5E-12	322.526258
-8.40001	-2.4E-11	322.549542	0.0999998	-7.7E-12	322.549542
-8.30001	-2.36E-11	322.572825	0.1000001	-7.4E-12	322.572825
-8.20001	-2.12E-11	322.59613	0.0999996	-8.5E-12	322.59613
-8.10001	-2.1E-11	322.619343	0.0999998	-8.6E-12	322.619343
-8.00001	-2.19E-11	322.642635	0.0999997	-8.6E-12	322.642635
-7.90001	-2.01E-11	322.665843	0.0999997	-8.2E-12	322.665843
-7.80001	-4E-11	322.721587	0.0999999	-6.9E-12	322.721587
-7.70001	-2.23E-11	322.744921	0.0999997	-8.1E-12	322.744921
-7.6	-1.98E-11	322.768145	0.0999996	-8.4E-12	322.768145
-7.50001	-1.88E-11	322.791364	0.0999997	-8.8E-12	322.791364
-7.40001	-2.04E-11	322.814713	0.0999996	-8.6E-12	322.814713
-7.30001	-1.97E-11	322.838003	0.0999998	-8.5E-12	322.838003
-7.2	-1.76E-11	322.86121	0.0999997	-8.6E-12	322.86121
-7.10001	-1.9E-11	322.884542	0.0999998	-8.8E-12	322.884542
-7.00001	-1.65E-11	322.907782	0.0999996	-9.2E-12	322.907782
-6.90001	-1.84E-11	322.931078	0.0999997	-8.6E-12	322.931078
-6.80001	-1.55E-11	322.954387	0.0999997	-9.1E-12	322.954387
-6.70001	-1.54E-11	322.977611	0.0999996	-9.1E-12	322.977611
-6.60001	-1.72E-11	323.000988	0.0999997	-8.9E-12	323.000988
-6.50001	-1.47E-11	323.024288	0.0999998	-9.2E-12	323.024288
-6.40001	-1.46E-11	323.047506	0.0999997	-9.2E-12	323.047506
-6.30001	-1.58E-11	323.070804	0.0999999	-9.1E-12	323.070804
-6.20001	-1.55E-11	323.094087	0.0999997	-9E-12	323.094087
-6.10001	-1.28E-11	323.117295	0.0999999	-9.4E-12	323.117295
-6.00001	-1.24E-11	323.140524	0.0999996	-9.5E-12	323.140524
-5.90001	-1.4E-11	323.163814	0.0999996	-9.2E-12	323.163814
-5.80001	-3.32E-11	323.211782	0.0999999	-8.1E-12	323.211782
-5.70001	-1.49E-11	323.235144	0.0999997	-9.1E-12	323.235144
-5.60001	-1.23E-11	323.258377	0.0999998	-9.6E-12	323.258377
-5.50001	-1.18E-11	323.281592	0.0999997	-9.7E-12	323.281592
-5.40001	-1.12E-11	323.304813	0.0999997	-9.2E-12	323.304813
-5.30001	-1.34E-11	323.328195	0.0999998	-9.1E-12	323.328195
-5.20001	-1.12E-11	323.351522	0.0999998	-9.3E-12	323.351522
-5.1	-1.05E-11	323.374771	0.0999999	-9.4E-12	323.374771
-5.00001	-1.11E-11	323.398056	0.0999998	-9.3E-12	323.398056
-4.90001	-1.09E-11	323.421344	0.0999997	-9E-12	323.421344
-4.80001	-8.9E-12	323.444658	0.0999997	-9.7E-12	323.444658
-4.7	-9.8E-12	323.467957	0.0999998	-9.5E-12	323.467957
-4.60001	-8.8E-12	323.491236	0.0999999	-9.5E-12	323.491236
-4.50001	-6.7E-12	323.514445	0.0999997	-9.9E-12	323.514445
-4.40001	-6.2E-12	323.537659	0.0999997	-9.7E-12	323.537659
-4.3	-6.1E-12	323.560876	0.0999996	-9.4E-12	323.560876
-4.20001	-7.3E-12	323.584167	0.0999996	-1E-11	323.584167
-4.10001	-7E-12	323.607531	0.0999997	-9.3E-12	323.607531
-4.00001	-5.1E-12	323.630755	0.0999997	-9.7E-12	323.630755
-3.90001	-4.4E-12	323.653967	0.0999997	-1.02E-11	323.653967
-3.80001	-3.4E-12	323.677207	0.0999996	-9.9E-12	323.677207
-3.70001	-2.38E-11	323.724018	0.0999998	-7.5E-12	323.724018
-3.60001	-3.9E-12	323.747302	0.0999996	-6.3E-12	323.747302
-3.50001	-4.5E-12	323.770584	0.0999997	1.17E-11	323.770584
-3.40001	-2.9E-12	323.793818	0.0999995	8.82E-11	323.793818
-3.30001	-1.8E-12	323.817113	0.0999997	3.764E-10	323.817113
-3.20001	-2.4E-12	323.840401	0.1000001	1.3481E-09	323.840401
-3.10001	-1.4E-12	323.863673	0.1000008	4.2805E-09	323.863673
-3.00001	3E-13	323.886872	0.1000015	1.18902E-08	323.886872
-2.90001	1.1E-12	323.910164	0.1000013	2.8913E-08	323.910164
-2.80001	2E-13	323.933454	0.1000015	6.1698E-08	323.933454
-2.70001	-1.85E-11	323.97302	0.1000001	1.15396E-07	323.97302
-2.60001	-1.31E-11	323.997525	0.1000003	2.02921E-07	323.997525
-2.50001	-1.24E-11	324.022154	0.1000005	3.2693E-07	324.022154
-2.40001	-1.14E-11	324.046652	0.1000006	4.93578E-07	324.046652
-2.30001	-1.08E-11	324.071177	0.1000008	7.06793E-07	324.071177
-2.20001	-9.7E-12	324.095687	0.1000009	9.68732E-07	324.095687
-2.099999	-1.44E-11	324.132008	0.1000001	1.27631E-06	324.132008
-2	-8.7E-12	324.156499	0.1000001	1.63985E-06	324.156499
-1.9	-8.1E-12	324.181019	0.1	2.0494E-06	324.181019
-1.800001	-1.39E-11	324.233907	0.0999998	2.49485E-06	324.233907
-1.7	-8E-12	324.258475	0.1000001	2.99514E-06	324.258475
-1.6	-6.5E-12	324.282979	0.1	3.53155E-06	324.282979
-1.5	-5.2E-12	324.307503	0.1000002	4.10245E-06	324.307503
-1.400001	-3.7E-12	324.332073	0.1	4.70354E-06	324.332073
-1.3	-3E-12	324.356685	0.1000001	5.33211E-06	324.356685
-1.2	-1.5E-12	324.381202	0.1000001	5.98447E-06	324.381202
-1.100001	-5E-13	324.405717	0.1000001	6.65834E-06	324.405717
-1.000001	8E-13	324.430222	0.0999999	7.35007E-06	324.430222
-0.9	1.9E-12	324.454824	0.1000001	8.05728E-06	324.454824
-0.8	3.4E-12	324.479347	0.1000001	8.77819E-06	324.479347
-0.7	4.5E-12	324.503891	0.0999999	9.51056E-06	324.503891
-0.6	5.5E-12	324.528503	0.1	1.025396E-05	324.528503
-0.500001	2.1E-12	324.563144	0.1000003	1.0998E-05	324.563144
-0.4	8E-12	324.587675	0.1000002	1.17591E-05	324.587675
-0.3	9.8E-12	324.612186	0.1	1.25257E-05	324.612186
-0.1999999	8.1E-12	324.638643	0.1	1.32974E-05	324.638643
-0.0999996	1.3E-11	324.663148	0.1	1.4076E-05	324.663148
3E-07	1.48E-11	324.68778	0.1	1.48587E-05	324.68778
0.0999999	1.17E-11	324.73099	0.0999998	1.56424E-05	324.73099
0.2000001	1.77E-11	324.75552	0.1000002	1.64373E-05	324.75552
0.299999	1.96E-11	324.780265	0.1000001	1.72361E-05	324.780265
0.4	2.2E-11	324.804796	0.1000002	1.80407E-05	324.804796
0.5	2.44E-11	324.829351	0.1	1.88513E-05	324.829351
0.6	2.6E-11	324.853889	0.1000003	1.96664E-05	324.853889
0.7	2.8E-11	324.878387	0.0999999	2.04856E-05	324.878387
0.799999	3E-11	324.902901	0.1	2.13094E-05	324.902901
0.899999	3.21E-11	324.92743	0.1000001	2.21365E-05	324.92743
0.999999	3.34E-11	324.952077	0.0999999	2.29662E-05	324.952077
1.1	3.55E-11	324.976597	0.1	2.37989E-05	324.976597
1.2	3.7E-11	325.00115	0.1	2.46338E-05	325.00115
1.3	3.89E-11	325.025741	0.1	2.54709E-05	325.025741
1.4	4E-11	325.050263	0.1	2.63095E-05	325.050263
1.5	4.12E-11	325.074759	0.1000001	2.71491E-05	325.074759
1.599999	4.2E-11	325.099273	0.0999999	2.79906E-05	325.099273
1.699999	4.32E-11	325.123768	0.1000001	2.88341E-05	325.123768
1.8	4.39E-11	325.148297	0.0999999	2.96781E-05	325.148297
1.899999	4.47E-11	325.172806	0.1000001	3.05228E-05	325.172806
1.999999	3.81E-11	325.237009	0.0999999	3.13611E-05	325.237009
2.099999	4.35E-11	325.261569	0.1	3.22104E-05	325.261569
2.19999	4.48E-11	325.286294	0.1000002	3.30547E-05	325.286294
2.29999	4.58E-11	325.310791	0.0999999	3.39041E-05	325.310791
2.39999	4.64E-11	325.335376	0.1000001	3.47539E-05	325.335376
2.49999	4.7E-11	325.359981	0.1	3.56033E-05	325.359981
2.59999	4.73E-11	325.384485	0.0999999	3.64539E-05	325.384485
2.69999	4.83E-11	325.408997	0.0999998	3.73056E-05	325.408997
2.79999	4.85E-11	325.433549	0.1	3.8157E-05	325.433549
2.89999	4.92E-11	325.458174	0.1000001	3.90085E-05	325.458174
2.99999	4.97E-11	325.482691	0.1	3.98608E-05	325.482691
3.09999	5E-11	325.507209	0.0999999	4.07136E-05	325.507209
3.19999	5.05E-11	325.531712	0.1000001	4.15664E-05	325.531712
3.29999	5.13E-11	325.556225	0.1	4.24198E-05	325.556225
3.39999	5.13E-11	325.58074	0.0999999	4.32732E-05	325.58074
3.49999	5.19E-11	325.605278	0.1000002	4.41282E-05	325.605278
3.59999	5.16E-11	325.629876	0.1000002	4.49829E-05	325.629876
3.69999	5.24E-11	325.654422	0.1000001	4.58371E-05	325.654422
3.79999	5.28E-11	325.678926	0.0999998	4.6692E-05	325.678926
3.89999	4.67E-11	325.736274	0.1	4.75381E-05	325.736274
3.99999	5.11E-11	325.760819	0.1000002	4.83976E-05	325.760819
4.09999	5.22E-11	325.785377	0.1000002	4.9256E-05	325.785377
4.19999	5.25E-11	325.809908	0.1000001	5.01145E-05	325.809908
4.29999	5.33E-11	325.834497	0.0999999	5.09724E-05	325.834497
4.39999	5.31E-11	325.85903	0.1	5.18303E-05	325.85903
4.49999	5.32E-11	325.883536	0.0999998	5.26896E-05	325.883536
4.59999	5.35E-11	325.908061	0.1000002	5.35498E-05	325.908061
4.69999	5.39E-11	325.932595	0.1	5.44096E-05	325.932595
4.79999	5.4E-11	325.95723	0.0999999	5.52706E-05	325.95723
4.89999	5.43E-11	325.981728	0.1000001	5.61329E-05	325.981728
4.99999	5.45E-11	326.00624	0.1000002	5.69959E-05	326.00624
5.09999	5.42E-11	326.030946	0.1000003	5.78588E-05	326.030946
5.19999	5.43E-11	326.055498	0.1000002	5.87218E-05	326.055498
5.29999	5.49E-11	326.080019	0.1	5.95865E-05	326.080019
5.39999	5.51E-11	326.104546	0.0999997	6.0452E-05	326.104546
5.49999	5.58E-11	326.129064	0.0999999	6.13174E-05	326.129064
5.59999	5.58E-11	326.153597	0.1000001	6.21843E-05	326.153597
5.69999	5.6E-11	326.178131	0.1	6.30527E-05	326.178131
5.79999	4.98E-11	326.237768	0.1000002	6.39117E-05	326.237768
5.89999	5.48E-11	326.262318	0.1000003	6.47839E-05	326.262318
5.99999	5.51E-11	326.286859	0.1000001	6.56551E-05	326.286859
6.09999	5.53E-11	326.311423	0.1000002	6.65268E-05	326.311423
6.19999	5.6E-11	326.335992	0.0999999	6.73998E-05	326.335992
6.29999	5.61E-11	326.360606	0.1000001	6.8273E-05	326.360606
6.39999	5.64E-11	326.385116	0.1000001	6.91467E-05	326.385116
6.49999	5.68E-11	326.409614	0.1	7.00215E-05	326.409614
6.59999	5.67E-11	326.434115	0.1	7.08972E-05	326.434115
6.69999	5.71E-11	326.458745	0.1000002	7.17735E-05	326.458745
6.79999	5.72E-11	326.483279	0.1	7.26512E-05	326.483279
6.89999	5.73E-11	326.50779	0.0999998	7.3528E-05	326.50779
6.99999	5.78E-11	326.532302	0.1	7.44073E-05	326.532302
7.09999	5.81E-11	326.556816	0.0999998	7.52872E-05	326.556816
7.19999	5.83E-11	326.58133	0.0999999	7.61681E-05	326.58133
7.29999	5.89E-11	326.605846	0.1	7.70493E-05	326.605846
7.39999	5.82E-11	326.630369	0.1	7.7932E-05	326.630369
7.49999	5.81E-11	326.65502	0.1	7.88147E-05	326.65502
7.59999	5.86E-11	326.679552	0.1000002	7.97001E-05	326.679552
7.69999	5.2E-11	326.73896	0.0999999	8.05763E-05	326.73896
7.79999	5.71E-11	326.763495	0.1	8.14645E-05	326.763495
7.89999	5.75E-11	326.788038	0.1000002	8.23536E-05	326.788038
7.99999	5.78E-11	326.81256	0.1	8.3243E-05	326.81256
8.09999	5.82E-11	326.837133	0.1	8.41321E-05	326.837133
8.19999	5.81E-11	326.86167	0.0999998	8.50218E-05	326.86167
8.29999	5.85E-11	326.886179	0.1000001	8.59147E-05	326.886179
8.39999	5.84E-11	326.910702	0.0999999	8.68073E-05	326.910702
8.49999	5.85E-11	326.935209	0.1	8.77005E-05	326.935209
8.59999	5.9E-11	326.959848	0.0999999	8.85929E-05	326.959848
8.69999	5.92E-11	326.984378	0.1000001	8.94885E-05	326.984378
8.79999	5.89E-11	327.008906	0.0999999	9.03849E-05	327.008906
8.89999	5.98E-11	327.033507	0.1	9.12805E-05	327.033507
8.99999	5.94E-11	327.05806	0.0999999	9.21781E-05	327.05806
9.09999	5.99E-11	327.082597	0.1000001	9.30759E-05	327.082597
9.19999	6E-11	327.107151	0.1000003	9.39758E-05	327.107151
9.29999	5.99E-11	327.131666	0.1000003	9.48715E-05	327.131666
9.39999	5.97E-11	327.156226	0.0999998	9.57756E-05	327.156226
9.49999	6.01E-11	327.18074	0.0999997	9.66818E-05	327.18074
9.59999	5.36E-11	327.24074	0.1	9.75803E-05	327.24074
9.69999	5.91E-11	327.265321	0.1	9.84896E-05	327.265321
9.79999	5.99E-11	327.289842	0.1000001	9.93959E-05	327.289842
9.89999	5.98E-11	327.314402	0.1	0.0001003041	327.314402
9.99999	6E-11	327.338982	0.0999999	0.000101214	327.338982
9.9	4.68E-11	327.363652	0.1	0.0001002907	327.363652
9.8	4.39E-11	327.388181	0.1000002	9.93744E-05	327.388181
9.7	4.18E-11	327.412694	0.0999999	9.84594E-05	327.412694
9.6	4.04E-11	327.437218	0.0999998	9.75478E-05	327.437218
9.5	3.88E-11	327.461761	0.1	9.66364E-05	327.461761
9.4	3.78E-11	327.486302	0.1	9.57268E-05	327.486302
9.3	3.7E-11	327.510834	0.0999998	9.48189E-05	327.510834
9.2	3.59E-11	327.535358	0.0999997	9.39126E-05	327.535358
9.1	3.47E-11	327.559873	0.0999999	9.30048E-05	327.559873
9	3.41E-11	327.5844	0.1	9.21012E-05	327.5844
8.9	3.35E-11	327.608905	0.1	9.12022E-05	327.608905
8.8	3.26E-11	327.633446	0.0999999	9.02987E-05	327.633446
8.7	3.19E-11	327.657995	0.0999999	8.93947E-05	327.657995
8.6	3.14E-11	327.682533	0.1000001	8.84914E-05	327.682533
8.5	3.72E-11	327.742344	0.1000001	8.75934E-05	327.742344
8.4	3.21E-11	327.766998	0.0999998	8.66917E-05	327.766998
8.3	3.04E-11	327.791524	0.0999999	8.57927E-05	327.791524
8.2	3E-11	327.816078	0.1000001	8.4893E-05	327.816078
8.1	2.92E-11	327.840664	0.0999999	8.39954E-05	327.840664
8	2.9E-11	327.865216	0.0999995	8.30984E-05	327.865216
7.9	2.86E-11	327.889761	0.0999999	8.22043E-05	327.889761
7.8	2.76E-11	327.91427	0.0999998	8.13095E-05	327.91427
7.7	2.73E-11	327.938796	0.0999998	8.04161E-05	327.938796
7.6	2.66E-11	327.963382	0.0999997	7.95244E-05	327.963382
7.5	2.61E-11	327.987925	0.1000001	7.86329E-05	327.987925
7.4	2.62E-11	328.012459	0.1	7.77416E-05	328.012459
7.3	2.62E-11	328.03706	0.1000001	7.68518E-05	328.03706
7.2	2.56E-11	328.061587	0.0999998	7.59629E-05	328.061587
7.1	2.5E-11	328.086145	0.0999998	7.5076E-05	328.086145
7	2.44E-11	328.11067	0.0999999	7.41886E-05	328.11067
6.9	2.39E-11	328.135173	0.0999998	7.33018E-05	328.135173
6.8	2.35E-11	328.159688	0.0999998	7.24163E-05	328.159688
6.7	2.29E-11	328.184198	0.0999998	7.15321E-05	328.184198
6.6	2.93E-11	328.243476	0.0999999	7.06549E-05	328.243476
6.5	2.43E-11	328.26807	0.1000001	6.97705E-05	328.26807
6.4	2.39E-11	328.292618	0.1	6.88885E-05	328.292618
6.3	2.27E-11	328.317149	0.0999998	6.80063E-05	328.317149
6.2	2.19E-11	328.341721	0.1	6.71267E-05	328.341721
6.1	2.16E-11	328.36634	0.0999999	6.62462E-05	328.36634
6	2.16E-11	328.39085	0.0999999	6.53674E-05	328.39085
5.9	2.08E-11	328.415396	0.0999999	6.44893E-05	328.415396
5.8	2.04E-11	328.439901	0.1	6.36133E-05	328.439901
5.7	2.04E-11	328.464471	0.0999999	6.27365E-05	328.464471
5.6	2.05E-11	328.489032	0.0999998	6.18609E-05	328.489032
5.5	1.93E-11	328.513539	0.0999999	6.09863E-05	328.513539
5.4	1.93E-11	328.538045	0.0999996	6.0113E-05	328.538045
5.3	1.82E-11	328.562652	0.1	5.92394E-05	328.562652
5.2	1.8E-11	328.587206	0.1	5.83678E-05	328.587206
5.1	1.78E-11	328.611721	0.0999999	5.74956E-05	328.611721
5	1.72E-11	328.63627	0.0999999	5.66256E-05	328.63627
4.9	1.65E-11	328.660743	0.0999999	5.57556E-05	328.660743
4.8	1.69E-11	328.685305	0.1	5.48867E-05	328.685305
4.7	2.27E-11	328.745275	0.1	5.40243E-05	328.745275
4.6	1.72E-11	328.769851	0.1	5.31562E-05	328.769851
4.5	1.63E-11	328.79439	0.1000001	5.22892E-05	328.79439
4.4	1.51E-11	328.818909	0.1000001	5.14232E-05	328.818909
4.3	1.51E-11	328.843498	0.1000001	5.0559E-05	328.843498
4.2	1.38E-11	328.868024	0.1	4.96949E-05	328.868024
4.1	1.34E-11	328.892549	0.1	4.88314E-05	328.892549
4	1.3E-11	328.917089	0.0999998	4.79686E-05	328.917089
3.9	1.25E-11	328.941617	0.1	4.71074E-05	328.941617
3.8	1.18E-11	328.966298	0.0999999	4.62463E-05	328.966298
3.7	1.16E-11	328.990873	0.0999999	4.53867E-05	328.990873
3.6	1.06E-11	329.015376	0.1	4.45277E-05	329.015376
3.5	1.02E-11	329.039992	0.1000001	4.36686E-05	329.039992
3.4	9.5E-12	329.064529	0.0999998	4.28116E-05	329.064529
3.3	8.5E-12	329.089052	0.1	4.19542E-05	329.089052
3.2	8E-12	329.113554	0.0999998	4.10981E-05	329.113554
3.1	7.4E-12	329.138084	0.1000002	4.02425E-05	329.138084
3	7.1E-12	329.162582	0.0999998	3.93879E-05	329.162582
2.9	6.2E-12	329.187103	0.0999999	3.85349E-05	329.187103
2.8	1.2E-11	329.246554	0.0999999	3.76873E-05	329.246554
2.7	7E-12	329.271142	0.1	3.68349E-05	329.271142
2.6	5.3E-12	329.295659	0.0999998	3.59829E-05	329.295659
2.5	4.1E-12	329.320192	0.1	3.51328E-05	329.320192
2.4	2.5E-12	329.344761	0.0999998	3.42839E-05	329.344761
2.3	2.1E-12	329.369367	0.0999999	3.34353E-05	329.369367
2.2	1.5E-12	329.393913	0.1	3.2589E-05	329.393913
2.099999	3.3E-12	329.42035	0.1	3.17468E-05	329.42035
2	-1E-12	329.444851	0.0999999	3.0901E-05	329.444851
1.9	-2.2E-12	329.469403	0.0999999	3.00578E-05	329.469403
1.8	-3E-12	329.493921	0.0999999	2.92148E-05	329.493921
1.7	-4.1E-12	329.518459	0.1000001	2.83742E-05	329.518459
1.6	-5.5E-12	329.542962	0.1000001	2.75342E-05	329.542962
1.5	-6.8E-12	329.567464	0.1	2.6696E-05	329.567464
1.4	-7.9E-12	329.591972	0.0999998	2.5859E-05	329.591972
1.3	-9.4E-12	329.616487	0.0999999	2.50247E-05	329.616487
1.2	-1.04E-11	329.640995	0.1000001	2.41916E-05	329.640995
1.1	-1.21E-11	329.665557	0.0999999	2.33616E-05	329.665557
1	-1.4E-11	329.690087	0.0999999	2.25338E-05	329.690087
0.9	-9.4E-12	329.743891	0.1000001	2.17138E-05	329.743891
0.8	-1.59E-11	329.768437	0.1000002	2.08921E-05	329.768437
0.7	-1.82E-11	329.792953	0.1	2.00743E-05	329.792953
0.6	-2.02E-11	329.817476	0.1	1.92609E-05	329.817476
0.5	-2.28E-11	329.842064	0.0999999	1.84531E-05	329.842064
0.4	-2.49E-11	329.866625	0.0999998	1.76504E-05	329.866625
0.3	-2.74E-11	329.891137	0.0999999	1.68539E-05	329.891137
0.1999998	-2.62E-11	329.917539	0.0999999	1.60629E-05	329.917539
0.0999996	-3.17E-11	329.942064	0.0999999	1.5277E-05	329.942064
-3E-07	-3.4E-11	329.966676	0.1	1.44966E-05	329.966676
