#scan	iMeasureCycle=1	iMux=0	time=0.033	N=401	LocalTime=19/04/2023 11:25:29
#VGate(V)	IGate(A)	time(s)	VDrain(V)	IDrain(A)	time(s)
-2E-07	-1.613E-10	0.092564	0.1000001	-3.98E-11	0.092564
-0.1000014	-1.25E-10	0.117043	0.1000003	-3.56E-11	0.117043
-0.2000011	-9.2E-11	0.140313	0.1000003	-1.85E-11	0.140313
-0.300001	-7.79E-11	0.163799	0.1000002	-1.13E-11	0.163799
-0.400001	-7.1E-11	0.187091	0.1000003	-7.5E-12	0.187091
-0.500001	-6.9E-11	0.210291	0.1000003	-5.2E-12	0.210291
-0.600001	-6.65E-11	0.233491	0.1000004	-3.4E-12	0.233491
-0.700001	-6.26E-11	0.256772	0.1000007	-2.1E-12	0.256772
-0.800001	-6.34E-11	0.280246	0.1000002	-1.5E-12	0.280246
-0.900001	-6.26E-11	0.303462	0.1000003	-9E-13	0.303462
-1.000001	-6.08E-11	0.326758	0.1000003	-4E-13	0.326758
-1.100001	-6E-11	0.350037	0.1000005	-4E-13	0.350037
-1.200001	-6.22E-11	0.373229	0.1000004	1E-13	0.373229
-1.300001	-6.25E-11	0.396434	0.1000005	1E-13	0.396434
-1.400001	-6.08E-11	0.419714	0.1000003	2E-13	0.419714
-1.500001	-6.1E-11	0.443007	0.1000002	8E-13	0.443007
-1.600001	-6.28E-11	0.46621	0.1000002	1E-12	0.46621
-1.700001	-6.32E-11	0.489465	0.1000004	1E-12	0.489465
-1.800001	-6.12E-11	0.512753	0.1000002	1.2E-12	0.512753
-1.900001	-6.39E-11	0.535959	0.1000004	1.2E-12	0.535959
-2.000001	-6.38E-11	0.55917	0.1000002	1.3E-12	0.55917
-2.100001	-6.4E-11	0.582388	0.1000002	1.8E-12	0.582388
-2.2	-6.39E-11	0.605802	0.1000006	1.6E-12	0.605802
-2.3	-4.12E-11	0.66774	0.1	1E-13	0.66774
-2.4	-6.03E-11	0.691068	0.1000004	1.6E-12	0.691068
-2.5	-6.11E-11	0.714441	0.1000003	1.3E-12	0.714441
-2.6	-6.39E-11	0.737655	0.1000003	1.6E-12	0.737655
-2.7	-6.46E-11	0.760864	0.1000005	1.9E-12	0.760864
-2.8	-6.33E-11	0.784196	0.1000002	1.3E-12	0.784196
-2.9	-6.51E-11	0.807426	0.1000002	1.8E-12	0.807426
-3	-6.57E-11	0.83066	0.1000003	1.8E-12	0.83066
-3.1	-6.64E-11	0.853877	0.1000003	1.7E-12	0.853877
-3.2	-6.46E-11	0.877159	0.1	2E-12	0.877159
-3.3	-6.7E-11	0.900358	0.1000003	2.2E-12	0.900358
-3.4	-6.76E-11	0.923575	0.1000001	2.1E-12	0.923575
-3.5	-6.59E-11	0.94687	0.1000003	1.8E-12	0.94687
-3.6	-6.57E-11	0.970147	0.1000002	2.1E-12	0.970147
-3.7	-6.77E-11	0.993408	0.1000003	2.3E-12	0.993408
-3.8	-6.83E-11	1.016702	0.1000002	1.8E-12	1.016702
-3.9	-6.87E-11	1.039923	0.1000002	2E-12	1.039923
-4	-6.76E-11	1.063201	0.1000003	2.2E-12	1.063201
-4.1	-6.98E-11	1.086485	0.1000005	2.4E-12	1.086485
-4.2	-6.97E-11	1.109686	0.1000004	2.4E-12	1.109686
-4.3	-4.86E-11	1.158493	0.1	1.1E-12	1.158493
-4.4	-6.85E-11	1.181726	0.1000003	2.6E-12	1.181726
-4.5	-6.94E-11	1.204936	0.1000002	2.9E-12	1.204936
-4.6	-6.82E-11	1.228228	0.1000001	2.3E-12	1.228228
-4.7	-7.02E-11	1.251492	0.1000002	2.6E-12	1.251492
-4.8	-7.03E-11	1.274709	0.1000002	2.6E-12	1.274709
-4.9	-7.04E-11	1.297989	0.1000003	2.6E-12	1.297989
-5	-6.93E-11	1.321279	0.1000002	2.2E-12	1.321279
-5.1	-7.11E-11	1.344521	0.1000002	2.4E-12	1.344521
-5.2	-7.14E-11	1.367734	0.1000003	2.2E-12	1.367734
-5.3	-7.17E-11	1.39096	0.1000002	2.1E-12	1.39096
-5.4	-7.1E-11	1.414248	0.1000001	2.2E-12	1.414248
-5.5	-7.29E-11	1.437458	0.1000002	2.4E-12	1.437458
-5.6	-7.24E-11	1.460685	0.1000004	2.6E-12	1.460685
-5.7	-7.13E-11	1.484026	0.1000003	2.5E-12	1.484026
-5.8	-7.19E-11	1.507308	0.1000003	2.7E-12	1.507308
-5.9	-7.3E-11	1.53052	0.1000003	2.8E-12	1.53052
-6	-7.35E-11	1.553738	0.1000004	3E-12	1.553738
-6.1	-7.22E-11	1.577024	0.1000003	2.6E-12	1.577024
-6.2	-7.28E-11	1.600305	0.1000001	2.4E-12	1.600305
-6.3	-5.24E-11	1.659486	0.1000001	1E-12	1.659486
-6.4	-7.26E-11	1.682734	0.1000001	2.7E-12	1.682734
-6.5	-7.36E-11	1.705946	0.1000006	3E-12	1.705946
-6.6	-7.17E-11	1.729239	0.1000002	2.7E-12	1.729239
-6.7	-7.22E-11	1.752594	0.1000001	2.8E-12	1.752594
-6.8	-7.45E-11	1.775806	0.1000004	2.9E-12	1.775806
-6.9	-7.5E-11	1.799036	0.1000004	2.9E-12	1.799036
-7	-7.41E-11	1.82238	0.1000005	2.7E-12	1.82238
-7.1	-7.43E-11	1.845669	0.1000002	3E-12	1.845669
-7.2	-7.42E-11	1.868966	0.1000004	2.7E-12	1.868966
-7.3	-7.44E-11	1.892248	0.1000001	2.7E-12	1.892248
-7.4	-7.48E-11	1.915523	0.1	2.9E-12	1.915523
-7.5	-7.7E-11	1.938733	0.1000002	2.9E-12	1.938733
-7.6	-7.64E-11	1.961936	0.1000002	2.8E-12	1.961936
-7.7	-7.51E-11	1.985307	0.1000003	3.4E-12	1.985307
-7.8	-7.49E-11	2.008611	0.1	3.3E-12	2.008611
-7.9	-7.66E-11	2.031835	0.1000003	3.3E-12	2.031835
-8	-7.56E-11	2.055131	0.1000003	3.1E-12	2.055131
-8.1	-7.58E-11	2.078403	0.1000004	3E-12	2.078403
-8.2	-7.76E-11	2.101605	0.1000001	3.4E-12	2.101605
-8.3	-5.65E-11	2.156798	0.1	1.6E-12	2.156798
-8.4	-7.68E-11	2.180025	0.1000001	3.7E-12	2.180025
-8.5	-7.58E-11	2.203395	0.1000005	3E-12	2.203395
-8.6	-7.35E-11	2.226739	0.1000002	2.9E-12	2.226739
-8.7	-7.7E-11	2.250008	0.1000002	3.5E-12	2.250008
-8.8	-7.62E-11	2.27328	0.1000004	3.3E-12	2.27328
-8.9	-7.6E-11	2.296587	0.1000002	3.5E-12	2.296587
-9	-7.76E-11	2.319796	0.1000004	3.6E-12	2.319796
-9.1	-7.8E-11	2.34301	0.1000001	3.5E-12	2.34301
-9.2	-7.68E-11	2.366302	0.1000003	3.4E-12	2.366302
-9.3	-7.65E-11	2.389584	0.1000002	3.3E-12	2.389584
-9.4	-7.83E-11	2.412791	0.1000002	3.2E-12	2.412791
-9.5	-7.9E-11	2.435999	0.1000002	3.2E-12	2.435999
-9.6	-7.87E-11	2.459239	0.1000002	3.4E-12	2.459239
-9.7	-7.88E-11	2.482571	0.1000002	3.2E-12	2.482571
-9.8	-7.89E-11	2.505805	0.1000002	3.1E-12	2.505805
-9.9	-7.93E-11	2.529014	0.1000003	3.8E-12	2.529014
-10	-7.79E-11	2.552308	0.1000001	3.8E-12	2.552308
-9.90001	-3.8E-11	2.575577	0.0999998	5E-13	2.575577
-9.80001	-3.39E-11	2.598796	0.0999999	-4E-13	2.598796
-9.70001	-5.08E-11	2.646289	0.1000001	2E-12	2.646289
-9.60001	-3.09E-11	2.66965	0.1000001	3E-13	2.66965
-9.50001	-2.74E-11	2.692858	0.0999998	-5E-13	2.692858
-9.40001	-2.61E-11	2.716163	0.1	-3E-13	2.716163
-9.30001	-2.78E-11	2.739501	0.0999999	-2E-13	2.739501
-9.20001	-2.63E-11	2.762848	0.0999998	-2E-13	2.762848
-9.10001	-2.33E-11	2.786213	0.0999998	-6E-13	2.786213
-9.00001	-2.44E-11	2.809508	0.0999997	-4E-13	2.809508
-8.90001	-2.5E-11	2.832922	0.0999997	-4E-13	2.832922
-8.80001	-2.14E-11	2.85614	0.0999997	-1E-13	2.85614
-8.70001	-2.01E-11	2.879362	0.0999997	-6E-13	2.879362
-8.60001	-2.18E-11	2.90265	0.0999998	-4E-13	2.90265
-8.50001	-1.91E-11	2.925844	0.0999999	-7E-13	2.925844
-8.40001	-1.91E-11	2.949071	0.0999999	-1E-13	2.949071
-8.30001	-1.84E-11	2.972276	0.0999998	-4E-13	2.972276
-8.20001	-2.06E-11	2.995657	0.1	0	2.995657
-8.10001	-1.77E-11	3.018857	0.0999997	-3E-13	3.018857
-8	-1.81E-11	3.0421	0.0999999	-2E-13	3.0421
-7.90001	-1.68E-11	3.065315	0.0999995	-5E-13	3.065315
-7.80001	-1.84E-11	3.088607	0.0999997	-1E-13	3.088607
-7.70001	-1.75E-11	3.111883	0.1	-3E-13	3.111883
-7.60001	-3.62E-11	3.162635	0.1	1.2E-12	3.162635
-7.50001	-1.84E-11	3.185956	0.1	-4E-13	3.185956
-7.40001	-1.54E-11	3.209184	0.0999998	-7E-13	3.209184
-7.30001	-1.45E-11	3.232392	0.0999996	-7E-13	3.232392
-7.2	-1.56E-11	3.255724	0.0999998	-6E-13	3.255724
-7.10001	-1.37E-11	3.278939	0.1	-6E-13	3.278939
-7.00001	-1.33E-11	3.302183	0.1000002	-8E-13	3.302183
-6.90001	-1.29E-11	3.32539	0.0999995	-1.1E-12	3.32539
-6.80001	-1.39E-11	3.348683	0.0999999	-7E-13	3.348683
-6.70001	-1.35E-11	3.371977	0.1000001	-1.1E-12	3.371977
-6.60001	-1.07E-11	3.395184	0.0999999	-8E-13	3.395184
-6.50001	-1.08E-11	3.418394	0.0999997	-9E-13	3.418394
-6.40001	-1.25E-11	3.441764	0.0999997	-1E-12	3.441764
-6.30001	-1.03E-11	3.464977	0.1000001	-1.3E-12	3.464977
-6.20001	-1.02E-11	3.488286	0.0999998	-6E-13	3.488286
-6.10001	-1.15E-11	3.51162	0.1000001	-7E-13	3.51162
-6.00001	-1.17E-11	3.534955	0.0999998	-3E-13	3.534955
-5.90001	-8.5E-12	3.558169	0.1	-6E-13	3.558169
-5.80001	-8.3E-12	3.581383	0.0999998	-1E-12	3.581383
-5.70001	-1.01E-11	3.604667	0.1	-5E-13	3.604667
-5.60001	-2.91E-11	3.659248	0.1000002	8E-13	3.659248
-5.50001	-9.2E-12	3.682465	0.0999998	-8E-13	3.682465
-5.40001	-1E-11	3.705754	0.0999998	-7E-13	3.705754
-5.30001	-9.5E-12	3.729037	0.0999998	-9E-13	3.729037
-5.20001	-7.4E-12	3.752314	0.0999997	-1.2E-12	3.752314
-5.1	-7E-12	3.77553	0.1	-1E-12	3.77553
-5.00001	-8E-12	3.798853	0.0999999	-1E-12	3.798853
-4.90001	-6.1E-12	3.822084	0.0999998	-1.3E-12	3.822084
-4.80001	-4.7E-12	3.845441	0.0999999	-1.2E-12	3.845441
-4.7	-7E-12	3.868775	0.0999998	-1.4E-12	3.868775
-4.60001	-6.2E-12	3.892071	0.0999998	-1.2E-12	3.892071
-4.50001	-4.1E-12	3.91528	0.0999999	-1.5E-12	3.91528
-4.40001	-3.1E-12	3.938491	0.0999998	-1.7E-12	3.938491
-4.3	-5E-12	3.961789	0.0999997	-1.6E-12	3.961789
-4.20001	-2.4E-12	3.985107	0.0999997	-1.9E-12	3.985107
-4.10001	-1.8E-12	4.00833	0.0999998	-1.8E-12	4.00833
-4.00001	-1.1E-12	4.031538	0.0999999	-2.1E-12	4.031538
-3.90001	-2.6E-12	4.054814	0.0999999	-1.8E-12	4.054814
-3.80001	-2.3E-12	4.078102	0.1	-1.7E-12	4.078102
-3.70001	0	4.10149	0.1	-2.1E-12	4.10149
-3.60001	-1E-12	4.124753	0.0999998	-1.7E-12	4.124753
-3.50001	-2.04E-11	4.16587	0.1000001	-1E-13	4.16587
-3.40001	-1.6E-12	4.189217	0.0999998	-1.9E-12	4.189217
-3.30001	1E-12	4.212436	0.0999999	-2.3E-12	4.212436
-3.20001	2.1E-12	4.235651	0.0999996	-2E-12	4.235651
-3.10001	1E-12	4.258976	0.0999998	-1.6E-12	4.258976
-3.00001	1.3E-12	4.282269	0.0999999	-1.9E-12	4.282269
-2.90001	3.8E-12	4.305501	0.0999998	-2.3E-12	4.305501
-2.80001	3.1E-12	4.328787	0.0999999	-2.2E-12	4.328787
-2.70001	3.2E-12	4.352074	0.0999998	-2E-12	4.352074
-2.60001	5.5E-12	4.375284	0.0999999	-2.7E-12	4.375284
-2.50001	6.4E-12	4.39849	0.0999999	-2.7E-12	4.39849
-2.40001	7.3E-12	4.421712	0.0999997	-2.7E-12	4.421712
-2.30001	6.1E-12	4.444995	0.0999998	-2.7E-12	4.444995
-2.20001	8.3E-12	4.468207	0.0999999	-3.1E-12	4.468207
-2.099999	-7.9E-12	4.493429	0.1000002	-1.2E-12	4.493429
-2	9.9E-12	4.516692	0.1	-2.7E-12	4.516692
-1.9	8.9E-12	4.539985	0.0999999	-2.9E-12	4.539985
-1.8	9.7E-12	4.563261	0.1	-2.7E-12	4.563261
-1.7	1.26E-11	4.586468	0.1	-3.3E-12	4.586468
-1.6	1.15E-11	4.609757	0.0999997	-2.9E-12	4.609757
-1.500001	-7.5E-12	4.665946	0.1000001	-1.5E-12	4.665946
-1.4	1.18E-11	4.689241	0.1	-3.1E-12	4.689241
-1.3	1.32E-11	4.712519	0.0999999	-3.5E-12	4.712519
-1.2	1.61E-11	4.735718	0.0999996	-3.4E-12	4.735718
-1.1	1.58E-11	4.759051	0.0999997	-3.2E-12	4.759051
-1	1.6E-11	4.782387	0.0999999	-3.6E-12	4.782387
-0.9	1.85E-11	4.805696	0.0999999	-3.6E-12	4.805696
-0.8	2.16E-11	4.828889	0.0999996	-4E-12	4.828889
-0.7	2.11E-11	4.852222	0.1	-4E-12	4.852222
-0.599999	2.42E-11	4.875429	0.0999998	-3.9E-12	4.875429
-0.5	2.52E-11	4.89864	0.0999999	-4E-12	4.89864
-0.4	2.69E-11	4.92184	0.0999996	-4.3E-12	4.92184
-0.3	2.68E-11	4.945126	0.0999999	-4.5E-12	4.945126
-0.1999999	1.31E-11	4.970224	0.1000001	-2.6E-12	4.970224
-0.0999991	3.18E-11	4.993522	0.1	-2.4E-12	4.993522
1E-06	3.42E-11	5.016711	0.0999998	2.44E-11	5.016711
0.100001	3.44E-11	5.039977	0.1000003	2.857E-10	5.039977
0.200001	3.66E-11	5.063244	0.1000021	1.9926E-09	5.063244
0.3	4.07E-11	5.086642	0.1000089	9.8017E-09	5.086642
0.400001	4.08E-11	5.109921	0.1000233	3.53009E-08	5.109921
0.499999	2.07E-11	5.167648	0.1000202	9.07871E-08	5.167648
0.599999	2.19E-11	5.207103	0.1000004	2.01166E-07	5.207103
0.699999	2.88E-11	5.231613	0.1000012	3.84679E-07	5.231613
0.8	3.1E-11	5.25619	0.1000015	6.28974E-07	5.25619
0.9	3.28E-11	5.280761	0.1000014	9.27921E-07	5.280761
0.999999	2.91E-11	5.315334	0.1	1.26347E-06	5.315334
1.1	3.61E-11	5.339855	0.1000002	1.64975E-06	5.339855
1.2	3.82E-11	5.364354	0.1000002	2.06267E-06	5.364354
1.3	3.96E-11	5.388881	0.1000002	2.4989E-06	5.388881
1.399999	4.08E-11	5.413417	0.1000002	2.955E-06	5.413417
1.5	4.22E-11	5.437965	0.1000001	3.42744E-06	5.437965
1.599999	4.36E-11	5.46246	0.1000001	3.91423E-06	5.46246
1.699999	4.46E-11	5.487071	0.1000003	4.41289E-06	5.487071
1.8	4.58E-11	5.51164	0.1000001	4.92295E-06	5.51164
1.9	4.66E-11	5.536138	0.1000001	5.4424E-06	5.536138
2	4.73E-11	5.560727	0.1000003	5.97043E-06	5.560727
2.099999	4.87E-11	5.58522	0.1000002	6.50651E-06	5.58522
2.19999	4.92E-11	5.609946	0.1000002	7.05273E-06	5.609946
2.29999	4.15E-11	5.673547	0.1000002	7.58441E-06	5.673547
2.39999	4.76E-11	5.698092	0.1000001	8.14623E-06	5.698092
2.49999	4.85E-11	5.722596	0.1	8.711E-06	5.722596
2.59999	4.91E-11	5.747119	0.1000001	9.28033E-06	5.747119
2.69999	5.01E-11	5.771692	0.0999999	9.85488E-06	5.771692
2.79999	5.06E-11	5.796232	0.1000002	1.043357E-05	5.796232
2.89999	4.54E-11	5.830805	0.0999999	1.10111E-05	5.830805
2.99999	5.07E-11	5.855395	0.1	1.16012E-05	5.855395
3.09999	5.11E-11	5.879928	0.1000001	1.21945E-05	5.879928
3.19999	5.21E-11	5.90443	0.1000001	1.27907E-05	5.90443
3.29999	5.26E-11	5.928946	0.1000001	1.33913E-05	5.928946
3.39999	5.28E-11	5.953483	0.1000002	1.39952E-05	5.953483
3.49999	5.34E-11	5.978037	0.1	1.46027E-05	5.978037
3.59999	5.38E-11	6.002628	0.1000001	1.52135E-05	6.002628
3.69999	5.38E-11	6.027153	0.1000002	1.58276E-05	6.027153
3.79999	5.43E-11	6.051686	0.1000001	1.64454E-05	6.051686
3.89999	5.45E-11	6.076228	0.1	1.70669E-05	6.076228
3.99999	5.49E-11	6.100709	0.1000001	1.7691E-05	6.100709
4.09999	5.51E-11	6.125212	0.1000001	1.83179E-05	6.125212
4.19999	4.94E-11	6.17128	0.1000001	1.89376E-05	6.17128
4.29999	5.41E-11	6.195803	0.1	1.95739E-05	6.195803
4.39999	5.5E-11	6.22034	0.1	2.02114E-05	6.22034
4.49999	5.56E-11	6.244863	0.1000001	2.0851E-05	6.244863
4.59999	5.59E-11	6.269511	0.1	2.14929E-05	6.269511
4.69999	5.62E-11	6.294036	0.1	2.21376E-05	6.294036
4.79999	5.62E-11	6.318589	0.1	2.27846E-05	6.318589
4.89999	5.62E-11	6.343094	0.0999999	2.34341E-05	6.343094
4.99999	5.7E-11	6.367592	0.1	2.40862E-05	6.367592
5.09999	5.68E-11	6.392096	0.1000002	2.47405E-05	6.392096
5.19999	5.72E-11	6.416614	0.1	2.53982E-05	6.416614
5.29999	5.7E-11	6.441132	0.1000001	2.60578E-05	6.441132
5.39999	5.74E-11	6.465633	0.1000001	2.67192E-05	6.465633
5.49999	5.78E-11	6.490241	0.1	2.7384E-05	6.490241
5.59999	5.79E-11	6.514807	0.1	2.805E-05	6.514807
5.69999	5.86E-11	6.539329	0.0999999	2.87191E-05	6.539329
5.79999	5.82E-11	6.563865	0.1	2.93903E-05	6.563865
5.89999	5.82E-11	6.58843	0.1	3.00637E-05	6.58843
5.99999	5.9E-11	6.612952	0.1000001	3.07393E-05	6.612952
6.09999	5.24E-11	6.668321	0.1	3.14067E-05	6.668321
6.19999	5.79E-11	6.692844	0.1000001	3.20897E-05	6.692844
6.29999	5.88E-11	6.717358	0.0999999	3.27726E-05	6.717358
6.39999	5.91E-11	6.741896	0.1	3.34576E-05	6.741896
6.49999	5.91E-11	6.766479	0.1000002	3.41448E-05	6.766479
6.59999	5.95E-11	6.791086	0.1000001	3.48342E-05	6.791086
6.69999	5.94E-11	6.815635	0.1000001	3.55249E-05	6.815635
6.79999	5.89E-11	6.840379	0.1000001	3.62179E-05	6.840379
6.89999	6E-11	6.864893	0.1000002	3.69132E-05	6.864893
6.99999	6.07E-11	6.889422	0.1	3.761E-05	6.889422
7.09999	6.09E-11	6.913965	0.1	3.83089E-05	6.913965
7.19999	6.04E-11	6.938488	0.1000002	3.90102E-05	6.938488
7.29999	6E-11	6.963019	0.1	3.9713E-05	6.963019
7.39999	6.05E-11	6.987591	0.1	4.04184E-05	6.987591
7.49999	6.07E-11	7.012109	0.1000001	4.1125E-05	7.012109
7.59999	6.05E-11	7.036661	0.0999999	4.18342E-05	7.036661
7.69999	6.08E-11	7.061191	0.1000001	4.25447E-05	7.061191
7.79999	6.12E-11	7.085711	0.1000001	4.32575E-05	7.085711
7.89999	6.13E-11	7.110219	0.1	4.39719E-05	7.110219
7.99999	5.37E-11	7.171795	0.1000001	4.46744E-05	7.171795
8.09999	5.92E-11	7.196407	0.1000002	4.53962E-05	7.196407
8.19999	6.04E-11	7.220928	0.1	4.61174E-05	7.220928
8.29999	6.09E-11	7.245438	0.1	4.68412E-05	7.245438
8.39999	6.11E-11	7.270006	0.1000001	4.75652E-05	7.270006
8.49999	6.09E-11	7.29464	0.1000001	4.82913E-05	7.29464
8.59999	6.15E-11	7.319154	0.0999998	4.90194E-05	7.319154
8.69999	6.13E-11	7.343682	0.0999999	4.97496E-05	7.343682
8.79999	6.17E-11	7.368171	0.1000002	5.04805E-05	7.368171
8.89999	6.19E-11	7.392694	0.0999999	5.12133E-05	7.392694
8.99999	6.24E-11	7.417218	0.1	5.19479E-05	7.417218
9.09999	6.16E-11	7.441777	0.1000001	5.26851E-05	7.441777
9.19999	6.21E-11	7.466275	0.1	5.34238E-05	7.466275
9.29999	6.16E-11	7.490912	0.1	5.41614E-05	7.490912
9.39999	6.28E-11	7.515475	0.1000001	5.49048E-05	7.515475
9.49999	6.22E-11	7.540023	0.1000002	5.56508E-05	7.540023
9.59999	6.22E-11	7.564561	0.0999999	5.63974E-05	7.564561
9.69999	6.32E-11	7.589073	0.1	5.7145E-05	7.589073
9.79999	6.32E-11	7.613586	0.1	5.78952E-05	7.613586
9.89999	5.73E-11	7.670674	0.0999999	5.86375E-05	7.670674
9.99999	6.16E-11	7.695195	0.1	5.93921E-05	7.695195
9.9	4.86E-11	7.719714	0.0999999	5.86226E-05	7.719714
9.8	4.62E-11	7.744248	0.1000002	5.78576E-05	7.744248
9.7	4.36E-11	7.76884	0.0999999	5.70969E-05	7.76884
9.6	4.23E-11	7.793355	0.0999999	5.63389E-05	7.793355
9.5	4.1E-11	7.817935	0.0999998	5.55825E-05	7.817935
9.4	4.04E-11	7.842686	0.0999999	5.48287E-05	7.842686
9.3	3.85E-11	7.867209	0.0999999	5.40778E-05	7.867209
9.2	3.85E-11	7.891765	0.0999999	5.3328E-05	7.891765
9.1	3.7E-11	7.916299	0.0999999	5.25808E-05	7.916299
9	3.61E-11	7.940815	0.1	5.18343E-05	7.940815
8.9	3.57E-11	7.965348	0.0999999	5.10932E-05	7.965348
8.8	3.53E-11	7.990061	0.0999999	5.03507E-05	7.990061
8.7	3.44E-11	8.014614	0.1000001	4.96091E-05	8.014614
8.6	3.4E-11	8.039132	0.1	4.88702E-05	8.039132
8.5	3.37E-11	8.063674	0.0999998	4.81326E-05	8.063674
8.4	3.31E-11	8.088163	0.0999999	4.73974E-05	8.088163
8.3	3.3E-11	8.112707	0.0999999	4.66638E-05	8.112707
8.2	3.95E-11	8.174527	0.0999999	4.59365E-05	8.174527
8.1	3.33E-11	8.199119	0.1	4.5206E-05	8.199119
8	3.21E-11	8.223642	0.0999999	4.44775E-05	8.223642
7.9	3.17E-11	8.248161	0.1	4.37522E-05	8.248161
7.8	3.1E-11	8.272721	0.0999998	4.30285E-05	8.272721
7.7	3.2E-11	8.297473	0.1	4.23068E-05	8.297473
7.6	3.04E-11	8.322009	0.0999999	4.15872E-05	8.322009
7.5	3E-11	8.346513	0.1	4.08695E-05	8.346513
7.4	2.91E-11	8.371033	0.1	4.01539E-05	8.371033
7.3	2.89E-11	8.395577	0.0999999	3.94402E-05	8.395577
7.2	2.89E-11	8.420101	0.1	3.87282E-05	8.420101
7.1	2.85E-11	8.44464	0.0999999	3.80188E-05	8.44464
7	2.8E-11	8.469157	0.0999999	3.73107E-05	8.469157
6.9	2.74E-11	8.493715	0.1	3.66046E-05	8.493715
6.8	2.74E-11	8.518341	0.0999999	3.59012E-05	8.518341
6.7	2.7E-11	8.542888	0.1000001	3.51998E-05	8.542888
6.6	2.7E-11	8.567439	0.0999999	3.45001E-05	8.567439
6.5	2.66E-11	8.592049	0.1	3.38031E-05	8.592049
6.4	2.59E-11	8.616568	0.0999998	3.31076E-05	8.616568
6.3	3.16E-11	8.677673	0.1	3.24192E-05	8.677673
6.2	2.62E-11	8.702221	0.0999999	3.17275E-05	8.702221
6.1	2.46E-11	8.726735	0.1000001	3.1038E-05	8.726735
6	2.48E-11	8.751262	0.1000002	3.03511E-05	8.751262
5.9	2.37E-11	8.775833	0.1	2.96663E-05	8.775833
5.8	2.37E-11	8.800365	0.0999998	2.89841E-05	8.800365
5.7	2.3E-11	8.824883	0.1000001	2.83042E-05	8.824883
5.6	2.29E-11	8.849474	0.0999999	2.7626E-05	8.849474
5.5	2.26E-11	8.874017	0.1	2.69511E-05	8.874017
5.4	2.21E-11	8.898534	0.0999997	2.62784E-05	8.898534
5.3	2.15E-11	8.923026	0.1	2.56082E-05	8.923026
5.2	2.13E-11	8.947539	0.0999997	2.49402E-05	8.947539
5.1	2.06E-11	8.972043	0.1	2.42749E-05	8.972043
5	2.04E-11	8.996671	0.0999999	2.36121E-05	8.996671
4.9	2.02E-11	9.021195	0.0999998	2.29519E-05	9.021195
4.8	1.97E-11	9.045721	0.0999999	2.2294E-05	9.045721
4.7	1.97E-11	9.070245	0.0999998	2.16392E-05	9.070245
4.6	1.89E-11	9.094751	0.0999999	2.0987E-05	9.094751
4.5	1.82E-11	9.119283	0.1	2.0338E-05	9.119283
4.4	2.46E-11	9.179338	0.0999999	1.96959E-05	9.179338
4.3	1.87E-11	9.203868	0.0999998	1.90519E-05	9.203868
4.2	1.77E-11	9.228379	0.1000001	1.84105E-05	9.228379
4.1	1.68E-11	9.25289	0.1	1.77722E-05	9.25289
4	1.6E-11	9.277463	0.1	1.71379E-05	9.277463
3.9	1.55E-11	9.302304	0.1	1.65068E-05	9.302304
3.8	1.51E-11	9.326829	0.1000001	1.58789E-05	9.326829
3.7	1.46E-11	9.351349	0.1000001	1.52545E-05	9.351349
3.6	1.34E-11	9.375857	0.0999999	1.46339E-05	9.375857
3.5	1.29E-11	9.400368	0.0999999	1.40165E-05	9.400368
3.4	1.25E-11	9.424882	0.1	1.3403E-05	9.424882
3.3	1.17E-11	9.449395	0.0999999	1.27939E-05	9.449395
3.2	1.13E-11	9.473887	0.1000001	1.21885E-05	9.473887
3.1	1.04E-11	9.4985	0.1	1.15878E-05	9.4985
3	9.7E-12	9.523062	0.1000001	1.09918E-05	9.523062
2.9	9E-12	9.547656	0.0999999	1.04006E-05	9.547656
2.8	8.2E-12	9.57216	0.1	9.8142E-06	9.57216
2.7	7.4E-12	9.596687	0.1	9.2328E-06	9.596687
2.6	1.06E-11	9.623761	0.0999998	8.65675E-06	9.623761
2.5	1.21E-11	9.68028	0.1	8.09178E-06	9.68028
2.4	6.6E-12	9.704821	0.1000001	7.5267E-06	9.704821
2.3	5.2E-12	9.729363	0.0999999	6.96928E-06	9.729363
2.2	4.6E-12	9.753894	0.1	6.41903E-06	9.753894
2.099999	7E-12	9.780348	0.0999999	5.87391E-06	9.780348
2	2.7E-12	9.804971	0.1	5.34041E-06	9.804971
1.9	1E-12	9.829486	0.1	4.81697E-06	9.829486
1.8	1E-13	9.854057	0.0999999	4.30353E-06	9.854057
1.7	-2.2E-12	9.878555	0.1000001	3.80237E-06	9.878555
1.6	-2.8E-12	9.903127	0.1000001	3.31462E-06	9.903127
1.5	-4.2E-12	9.927636	0.0999999	2.84209E-06	9.927636
1.4	-5.6E-12	9.95214	0.0999999	2.38797E-06	9.95214
1.3	-6.9E-12	9.976648	0.0999998	1.95544E-06	9.976648
1.2	-8.1E-12	10.00128	0.1	1.54854E-06	10.00128
1.1	-9.7E-12	10.025845	0.0999999	1.1734E-06	10.025845
1	-7.5E-12	10.05315	0.099999	8.38626E-07	10.05315
0.9	-1.34E-11	10.07765	0.0999994	5.50755E-07	10.07765
0.8	-1.52E-11	10.102339	0.0999993	3.21846E-07	10.102339
0.7	-1.69E-11	10.12685	0.0999996	1.59545E-07	10.12685
0.6	-1.11E-11	10.195182	0.0999949	6.67956E-08	10.195182
0.499999	-3.44E-11	10.218389	0.1000037	1.93865E-08	10.218389
0.399999	-3.57E-11	10.241672	0.1000008	4.0709E-09	10.241672
0.3	-2.61E-11	10.266142	0.0999996	5.978E-10	10.266142
0.1999996	-2.48E-11	10.291265	0.0999998	5.92E-11	10.291265
0.0999991	-4.44E-11	10.314486	0.1000003	3.7E-12	10.314486
-1.3E-06	-4.5E-11	10.337749	0.0999999	-8E-13	10.337749
#scan	iMeasureCycle=2	iMux=0	time=286.475	N=401	LocalTime=19/04/2023 11:30:16
#VGate(V)	IGate(A)	time(s)	VDrain(V)	IDrain(A)	time(s)
-3E-07	-1.08E-11	286.482831	0.1000007	1.77E-11	286.482831
-0.1000009	-3.35E-11	286.518813	0.1	5E-13	286.518813
-0.2000012	-3.67E-11	286.542073	0.1000001	4E-13	286.542073
-0.300001	-4.04E-11	286.565484	0.1000002	6E-13	286.565484
-0.400001	-4.14E-11	286.588764	0.1000003	3E-13	286.588764
-0.500001	-4.37E-11	286.612034	0.1	6E-13	286.612034
-0.600001	-4.77E-11	286.63524	0.1000002	8E-13	286.63524
-0.700001	-4.97E-11	286.658433	0.1	6E-13	286.658433
-0.800001	-5E-11	286.681801	0.1000002	8E-13	286.681801
-0.900001	-5.3E-11	286.705002	0.1000002	8E-13	286.705002
-1.000001	-5.39E-11	286.72822	0.1000002	9E-13	286.72822
-1.100001	-5.5E-11	286.75142	0.1000001	6E-13	286.75142
-1.200001	-5.49E-11	286.774706	0.1000002	8E-13	286.774706
-1.300001	-5.57E-11	286.797985	0.1000004	9E-13	286.797985
-1.400001	-5.82E-11	286.821192	0.1	1.1E-12	286.821192
-1.500001	-5.75E-11	286.844485	0.1000001	1.2E-12	286.844485
-1.600001	-5.82E-11	286.867826	0.1	1.4E-12	286.867826
-1.700001	-6.02E-11	286.891051	0.1000002	1.2E-12	286.891051
-1.800001	-6.11E-11	286.914347	0.1	1.6E-12	286.914347
-1.900001	-5.99E-11	286.93763	0.1	1E-12	286.93763
-2.000001	-6.07E-11	286.9609	0.0999999	6E-13	286.9609
-2.100001	-6.31E-11	286.984122	0.1	1.4E-12	286.984122
-2.2	-6.14E-11	287.00761	0.1000001	1.2E-12	287.00761
-2.3	-4.17E-11	287.059402	0.0999999	-3E-13	287.059402
-2.4	-6.19E-11	287.082636	0.1000001	1.2E-12	287.082636
-2.5	-6.17E-11	287.105919	0.0999999	1.2E-12	287.105919
-2.6	-6.39E-11	287.129132	0.1000002	1.4E-12	287.129132
-2.7	-6.46E-11	287.152399	0.1000001	1.7E-12	287.152399
-2.8	-6.35E-11	287.175695	0.1000002	1.9E-12	287.175695
-2.9	-6.39E-11	287.199036	0.1000003	2E-12	287.199036
-3	-6.57E-11	287.222264	0.0999999	1.7E-12	287.222264
-3.1	-6.61E-11	287.245476	0.1000003	2E-12	287.245476
-3.2	-6.53E-11	287.268772	0.1000002	1.8E-12	287.268772
-3.3	-6.56E-11	287.292056	0.1000002	1.7E-12	287.292056
-3.4	-6.68E-11	287.315291	0.1000003	1.6E-12	287.315291
-3.5	-6.82E-11	287.338508	0.1000003	2E-12	287.338508
-3.6	-6.7E-11	287.361795	0.1000002	1.6E-12	287.361795
-3.7	-6.7E-11	287.385065	0.1000002	2E-12	287.385065
-3.8	-6.89E-11	287.408269	0.1	1.9E-12	287.408269
-3.9	-6.95E-11	287.431488	0.1	1.8E-12	287.431488
-4	-6.78E-11	287.45477	0.1000002	2E-12	287.45477
-4.1	-6.4E-11	287.478273	0.1000001	1.7E-12	287.478273
-4.2	-7.03E-11	287.501498	0.1000001	2.4E-12	287.501498
-4.3	-4.87E-11	287.553802	0.0999999	5E-13	287.553802
-4.4	-6.69E-11	287.57711	0.1000002	1.8E-12	287.57711
-4.5	-7.01E-11	287.600308	0.1000004	2E-12	287.600308
-4.6	-7.07E-11	287.623531	0.1	2.5E-12	287.623531
-4.7	-6.94E-11	287.646875	0.1	2.3E-12	287.646875
-4.8	-6.96E-11	287.670156	0.1000001	2E-12	287.670156
-4.9	-7.13E-11	287.693436	0.1000001	2.2E-12	287.693436
-5	-7.17E-11	287.716663	0.0999999	1.9E-12	287.716663
-5.1	-7.07E-11	287.73996	0.1000001	2.1E-12	287.73996
-5.2	-6.95E-11	287.763288	0.1000003	2.2E-12	287.763288
-5.3	-7.25E-11	287.7865	0.1000001	2.3E-12	287.7865
-5.4	-7.28E-11	287.809703	0.1000001	2.2E-12	287.809703
-5.5	-7.15E-11	287.832993	0.1000001	1.9E-12	287.832993
-5.6	-7.15E-11	287.856282	0.1	1.9E-12	287.856282
-5.7	-7.36E-11	287.879491	0.1000001	2.5E-12	287.879491
-5.8	-7.42E-11	287.902718	0.1000001	2.5E-12	287.902718
-5.9	-7.26E-11	287.926022	0.1000001	2.3E-12	287.926022
-6	-7.45E-11	287.94924	0.0999999	2.1E-12	287.94924
-6.1	-7.41E-11	287.972458	0.1000002	2.5E-12	287.972458
-6.2	-7.47E-11	287.995691	0.0999999	3.1E-12	287.995691
-6.3	-7.28E-11	288.018979	0.0999999	2.9E-12	288.018979
-6.4	-5.39E-11	288.059267	0.0999998	7E-13	288.059267
-6.5	-7.32E-11	288.082513	0.0999999	2.7E-12	288.082513
-6.6	-7.46E-11	288.105728	0.1	2.9E-12	288.105728
-6.7	-7.31E-11	288.129028	0.1000001	2.6E-12	288.129028
-6.8	-7.29E-11	288.15237	0.1000001	2.7E-12	288.15237
-6.9	-7.51E-11	288.175577	0.1	3.1E-12	288.175577
-7	-7.55E-11	288.198847	0.1	3.4E-12	288.198847
-7.1	-7.37E-11	288.222191	0.1000001	2.9E-12	288.222191
-7.2	-7.41E-11	288.245495	0.1000002	2.8E-12	288.245495
-7.3	-7.68E-11	288.268696	0.1000001	3.2E-12	288.268696
-7.4	-7.69E-11	288.29192	0.1000002	3E-12	288.29192
-7.5	-7.52E-11	288.315214	0.1000003	2.4E-12	288.315214
-7.6	-7.5E-11	288.338508	0.1000004	2.8E-12	288.338508
-7.7	-7.69E-11	288.36172	0.1000002	2.9E-12	288.36172
-7.8	-7.55E-11	288.385006	0.1000002	2.6E-12	288.385006
-7.9	-7.74E-11	288.408216	0.1000002	2.4E-12	288.408216
-8	-7.77E-11	288.431429	0.1000001	2.9E-12	288.431429
-8.1	-7.81E-11	288.45464	0.1000002	3.1E-12	288.45464
-8.2	-7.8E-11	288.477865	0.1000002	2.9E-12	288.477865
-8.3	-7.68E-11	288.501184	0.1000001	3E-12	288.501184
-8.4	-5.61E-11	288.561243	0.0999996	7E-13	288.561243
-8.5	-7.52E-11	288.584548	0.1	2.8E-12	288.584548
-8.6	-7.75E-11	288.607768	0.1000002	2.7E-12	288.607768
-8.7	-7.78E-11	288.631074	0.1	2.9E-12	288.631074
-8.8	-7.66E-11	288.654413	0.1000003	2.7E-12	288.654413
-8.9	-7.66E-11	288.677692	0.1000001	3E-12	288.677692
-9	-7.85E-11	288.700966	0.1000001	3E-12	288.700966
-9.1	-7.7E-11	288.724267	0.1000002	2.5E-12	288.724267
-9.2	-7.65E-11	288.747637	0.0999999	2.8E-12	288.747637
-9.3	-7.86E-11	288.77084	0.1000002	3.1E-12	288.77084
-9.4	-7.94E-11	288.794054	0.1000002	3.2E-12	288.794054
-9.5	-7.75E-11	288.817335	0.1000003	2.7E-12	288.817335
-9.6	-7.76E-11	288.840627	0.1000001	3.3E-12	288.840627
-9.7	-7.99E-11	288.86384	0.1000003	3.5E-12	288.86384
-9.8	-8.05E-11	288.887052	0.1000003	3.2E-12	288.887052
-9.9	-8E-11	288.910369	0.1000001	2.7E-12	288.910369
-10	-7.8E-11	288.933672	0.1	2.9E-12	288.933672
-9.90001	-3.7E-11	288.95689	0.0999999	-1E-13	288.95689
-9.80001	-3.33E-11	288.980105	0.0999995	-2E-13	288.980105
-9.70001	-3.31E-11	289.003419	0.0999997	-3E-13	289.003419
-9.60001	-4.98E-11	289.061892	0.0999999	1.2E-12	289.061892
-9.50001	-2.87E-11	289.085122	0.0999998	-3E-13	289.085122
-9.40001	-2.89E-11	289.108419	0.0999998	0	289.108419
-9.30001	-2.75E-11	289.131704	0.0999998	-2E-13	289.131704
-9.20001	-2.49E-11	289.154975	0.0999997	-3E-13	289.154975
-9.10001	-2.41E-11	289.178186	0.0999997	-3E-13	289.178186
-9.00001	-2.45E-11	289.201559	0.0999996	0	289.201559
-8.90001	-2.37E-11	289.224839	0.0999998	-3E-13	289.224839
-8.80001	-2.14E-11	289.248111	0.0999997	-4E-13	289.248111
-8.70001	-2.08E-11	289.271341	0.0999999	-6E-13	289.271341
-8.60001	-2.2E-11	289.29463	0.0999999	1E-13	289.29463
-8.50001	-2.02E-11	289.317836	0.0999997	-2E-13	289.317836
-8.40001	-1.99E-11	289.341063	0.0999996	-4E-13	289.341063
-8.30001	-1.91E-11	289.364276	0.0999998	-6E-13	289.364276
-8.20001	-1.99E-11	289.387565	0.0999999	-6E-13	289.387565
-8.10001	-1.88E-11	289.410799	0.0999999	-9E-13	289.410799
-8	-1.73E-11	289.434019	0.0999997	-4E-13	289.434019
-7.90001	-1.7E-11	289.457232	0.0999996	-7E-13	289.457232
-7.80001	-1.86E-11	289.48052	0.0999998	-7E-13	289.48052
-7.70001	-1.6E-11	289.503757	0.0999997	-1E-12	289.503757
-7.60001	-3.68E-11	289.558785	0.0999999	7E-13	289.558785
-7.50001	-1.69E-11	289.582067	0.0999999	-9E-13	289.582067
-7.40001	-1.57E-11	289.605286	0.0999995	-7E-13	289.605286
-7.30001	-1.67E-11	289.628587	0.0999997	-9E-13	289.628587
-7.2	-1.68E-11	289.651937	0.0999997	-9E-13	289.651937
-7.10001	-1.49E-11	289.675353	0.0999998	-1.3E-12	289.675353
-7.00001	-1.54E-11	289.698692	0.1	-1.3E-12	289.698692
-6.90001	-1.5E-11	289.721984	0.0999995	-1.8E-12	289.721984
-6.80001	-1.3E-11	289.745199	0.0999995	-1.4E-12	289.745199
-6.70001	-1.24E-11	289.76842	0.0999996	-1.1E-12	289.76842
-6.60001	-1.38E-11	289.791709	0.0999998	-1.2E-12	289.791709
-6.50001	-1.37E-11	289.814996	0.0999998	-1.2E-12	289.814996
-6.40001	-1.18E-11	289.838235	0.0999998	-1.2E-12	289.838235
-6.30001	-1.28E-11	289.861532	0.0999998	-7E-13	289.861532
-6.20001	-1.21E-11	289.884803	0.0999997	-9E-13	289.884803
-6.10001	-9.9E-12	289.908083	0.0999998	-1.5E-12	289.908083
-6.00001	-9.7E-12	289.931296	0.0999998	-1.3E-12	289.931296
-5.90001	-1.08E-11	289.954588	0.0999998	-1.1E-12	289.954588
-5.80001	-1.07E-11	289.977871	0.0999998	-1.8E-12	289.977871
-5.70001	-8.7E-12	290.001117	0.0999997	-2.2E-12	290.001117
-5.60001	-8.6E-12	290.02435	0.0999998	-1.9E-12	290.02435
-5.50001	-2.85E-11	290.065032	0.1	0	290.065032
-5.40001	-8.5E-12	290.088264	0.0999996	-1.8E-12	290.088264
-5.30001	-8.2E-12	290.111483	0.0999999	-1.7E-12	290.111483
-5.20001	-8.9E-12	290.13477	0.0999998	-1.6E-12	290.13477
-5.1	-1.01E-11	290.158188	0.0999999	-1.6E-12	290.158188
-5.00001	-6.8E-12	290.181398	0.0999996	-1.7E-12	290.181398
-4.90001	-5.5E-12	290.204692	0.0999999	-1.9E-12	290.204692
-4.80001	-7E-12	290.227989	0.0999995	-1.4E-12	290.227989
-4.7	-5.2E-12	290.251263	0.0999999	-1.9E-12	290.251263
-4.60001	-4.8E-12	290.274488	0.0999997	-2.1E-12	290.274488
-4.50001	-6E-12	290.297805	0.0999996	-1.7E-12	290.297805
-4.40001	-5.3E-12	290.321099	0.0999997	-1.4E-12	290.321099
-4.3	-5.2E-12	290.344377	0.0999998	-1.9E-12	290.344377
-4.20001	-2.9E-12	290.367589	0.0999997	-1.8E-12	290.367589
-4.10001	-4.1E-12	290.390875	0.0999998	-1.8E-12	290.390875
-4.00001	-1.9E-12	290.414082	0.0999998	-1.9E-12	290.414082
-3.90001	-1.2E-12	290.437303	0.0999997	-2.2E-12	290.437303
-3.80001	-1.1E-12	290.460523	0.0999998	-2.5E-12	290.460523
-3.70001	-1.9E-12	290.483812	0.0999998	-2.3E-12	290.483812
-3.60001	-1.6E-12	290.507132	0.0999998	-2.3E-12	290.507132
-3.50001	-2.06E-11	290.56126	0.0999999	-7E-13	290.56126
-3.40001	-3E-13	290.584536	0.0999996	-2.5E-12	290.584536
-3.30001	3E-13	290.607748	0.0999997	-2.8E-12	290.607748
-3.20001	-6E-13	290.63104	0.0999996	-2.5E-12	290.63104
-3.10001	1.5E-12	290.654308	0.0999997	-2.6E-12	290.654308
-3.00001	1E-12	290.677599	0.0999997	-2.3E-12	290.677599
-2.90001	1.6E-12	290.700948	0.0999997	-2.8E-12	290.700948
-2.80001	2.6E-12	290.724222	0.0999998	-2.9E-12	290.724222
-2.70001	4.3E-12	290.747417	0.0999997	-2.6E-12	290.747417
-2.60001	5.4E-12	290.770635	0.0999998	-3.1E-12	290.770635
-2.50001	4.2E-12	290.793927	0.0999996	-2.8E-12	290.793927
-2.40001	4.7E-12	290.817207	0.0999997	-3E-12	290.817207
-2.30001	7.4E-12	290.840411	0.0999997	-3E-12	290.840411
-2.20001	8E-12	290.863621	0.0999999	-3E-12	290.863621
-2.099999	-8E-12	290.888735	0.0999999	-2.1E-12	290.888735
-2	7.7E-12	290.912107	0.0999996	-3.1E-12	290.912107
-1.9	9.9E-12	290.935307	0.0999996	-3.4E-12	290.935307
-1.8	1.09E-11	290.958516	0.0999999	-3.8E-12	290.958516
-1.699999	1.16E-11	290.98172	0.0999997	-3.9E-12	290.98172
-1.6	1.08E-11	291.005022	0.0999999	-3.3E-12	291.005022
-1.500001	-7.8E-12	291.05191	0.1000001	-1.5E-12	291.05191
-1.4	1.17E-11	291.07526	0.0999997	-3.6E-12	291.07526
-1.3	1.46E-11	291.098463	0.0999998	-4.1E-12	291.098463
-1.2	1.63E-11	291.121691	0.0999996	-3.8E-12	291.121691
-1.1	1.77E-11	291.144899	0.0999997	-4E-12	291.144899
-1	1.69E-11	291.168239	0.0999998	-3.9E-12	291.168239
-0.9	1.95E-11	291.191543	0.0999997	-4.4E-12	291.191543
-0.8	2.11E-11	291.214753	0.0999997	-4.4E-12	291.214753
-0.7	2.09E-11	291.238096	0.0999997	-4.3E-12	291.238096
-0.599999	2.24E-11	291.261383	0.0999998	-4E-12	291.261383
-0.5	2.48E-11	291.284583	0.0999995	-4.7E-12	291.284583
-0.4	2.64E-11	291.307825	0.0999998	-4.8E-12	291.307825
-0.3	2.71E-11	291.331104	0.0999998	-4.9E-12	291.331104
-0.1999998	1.29E-11	291.356272	0.1	-3.3E-12	291.356272
-0.0999991	3.09E-11	291.379504	0.0999997	-5.1E-12	291.379504
1.2E-06	3.35E-11	291.402697	0.0999998	8E-13	291.402697
0.100001	3.57E-11	291.42589	0.0999997	6.94E-11	291.42589
0.200001	3.58E-11	291.449143	0.1000004	6.305E-10	291.449143
0.3	3.9E-11	291.472564	0.1000039	3.795E-09	291.472564
0.400001	4.17E-11	291.495779	0.1000125	1.65409E-08	291.495779
0.5	4.14E-11	291.519067	0.1000251	5.38503E-08	291.519067
0.599999	2.13E-11	291.584589	0.1000002	1.2723E-07	291.584589
0.7	2.87E-11	291.609101	0.1000008	2.72771E-07	291.609101
0.799999	3.13E-11	291.633591	0.1000012	4.82026E-07	291.633591
0.9	3.3E-11	291.658177	0.1000013	7.5097E-07	291.658177
0.999999	2.96E-11	291.692825	0.1000001	1.06446E-06	291.692825
1.1	3.58E-11	291.717331	0.1000004	1.43089E-06	291.717331
1.2	3.8E-11	291.741841	0.1000001	1.82897E-06	291.741841
1.3	3.92E-11	291.766352	0.1000002	2.25447E-06	291.766352
1.399999	4.09E-11	291.79087	0.1000001	2.7027E-06	291.79087
1.5	4.27E-11	291.815369	0.1	3.16982E-06	291.815369
1.599999	4.38E-11	291.839879	0.1	3.65242E-06	291.839879
1.699999	4.48E-11	291.864406	0.1000002	4.14958E-06	291.864406
1.8	4.57E-11	291.88891	0.1000001	4.6586E-06	291.88891
1.899999	4.67E-11	291.913462	0.1000002	5.17835E-06	291.913462
2	4.77E-11	291.937975	0.1000001	5.70723E-06	291.937975
2.1	4.83E-11	291.962494	0.0999999	6.24501E-06	291.962494
2.19999	4.87E-11	291.987223	0.1	6.79371E-06	291.987223
2.29999	4.94E-11	292.011773	0.1000001	7.34693E-06	292.011773
2.39999	4.23E-11	292.073674	0.1	7.89531E-06	292.073674
2.49999	4.76E-11	292.098195	0.1000002	8.46403E-06	292.098195
2.59999	4.87E-11	292.122707	0.1000001	9.03763E-06	292.122707
2.69999	4.98E-11	292.147219	0.1000001	9.61606E-06	292.147219
2.79999	5.06E-11	292.171779	0.0999999	1.019975E-05	292.171779
2.89999	4.6E-11	292.206456	0.1	1.07841E-05	292.206456
2.99999	5.09E-11	292.230996	0.1000002	1.13783E-05	292.230996
3.09999	5.21E-11	292.255565	0.0999999	1.19755E-05	292.255565
3.19999	5.25E-11	292.280072	0.1000001	1.25767E-05	292.280072
3.29999	5.31E-11	292.304582	0.1	1.31817E-05	292.304582
3.39999	5.32E-11	292.329087	0.1000001	1.37902E-05	292.329087
3.49999	5.36E-11	292.353582	0.0999998	1.44017E-05	292.353582
3.59999	5.39E-11	292.378089	0.1	1.50173E-05	292.378089
3.69999	5.47E-11	292.402594	0.1000001	1.56363E-05	292.402594
3.79999	5.46E-11	292.427132	0.1000001	1.62582E-05	292.427132
3.89999	5.49E-11	292.451632	0.1000003	1.6883E-05	292.451632
3.99999	5.48E-11	292.476191	0.1000001	1.75108E-05	292.476191
4.09999	5.56E-11	292.500714	0.1	1.81412E-05	292.500714
4.19999	5.56E-11	292.525246	0.1	1.87747E-05	292.525246
4.29999	4.95E-11	292.57277	0.1	1.9403E-05	292.57277
4.39999	5.45E-11	292.59729	0.1000002	2.00445E-05	292.59729
4.49999	5.53E-11	292.621801	0.1000001	2.06864E-05	292.621801
4.59999	5.57E-11	292.646303	0.1	2.13317E-05	292.646303
4.69999	5.58E-11	292.670914	0.1	2.19785E-05	292.670914
4.79999	5.62E-11	292.695478	0.0999999	2.26278E-05	292.695478
4.89999	5.64E-11	292.720011	0.1	2.32793E-05	292.720011
4.99999	5.7E-11	292.744521	0.1000001	2.39335E-05	292.744521
5.09999	5.73E-11	292.769016	0.1000002	2.459E-05	292.769016
5.19999	5.74E-11	292.793565	0.1000001	2.52489E-05	292.793565
5.29999	5.75E-11	292.818097	0.1000002	2.591E-05	292.818097
5.39999	5.75E-11	292.842638	0.1000001	2.65734E-05	292.842638
5.49999	5.76E-11	292.867171	0.1000001	2.72391E-05	292.867171
5.59999	5.84E-11	292.891705	0.1000001	2.7907E-05	292.891705
5.69999	5.83E-11	292.916265	0.1	2.85772E-05	292.916265
5.79999	5.86E-11	292.940806	0.1000001	2.925E-05	292.940806
5.89999	5.86E-11	292.965331	0.1	2.99245E-05	292.965331
5.99999	5.87E-11	292.989843	0.1000002	3.06021E-05	292.989843
6.09999	5.9E-11	293.014373	0.1	3.1281E-05	293.014373
6.19999	5.3E-11	293.069427	0.1	3.19531E-05	293.069427
6.29999	5.75E-11	293.093983	0.1	3.26395E-05	293.093983
6.39999	5.81E-11	293.118502	0.1000002	3.33255E-05	293.118502
6.49999	5.82E-11	293.143008	0.1000001	3.40139E-05	293.143008
6.59999	5.87E-11	293.167609	0.0999999	3.47039E-05	293.167609
6.69999	5.9E-11	293.192131	0.1	3.53968E-05	293.192131
6.79999	5.9E-11	293.216763	0.1000001	3.60908E-05	293.216763
6.89999	5.86E-11	293.241502	0.1000004	3.67866E-05	293.241502
6.99999	5.96E-11	293.26601	0.1000001	3.74841E-05	293.26601
7.09999	6.01E-11	293.290522	0.0999999	3.81846E-05	293.290522
7.19999	6.01E-11	293.315059	0.1000002	3.88863E-05	293.315059
7.29999	6.03E-11	293.339579	0.1000001	3.95904E-05	293.339579
7.39999	6.07E-11	293.364101	0.0999999	4.02963E-05	293.364101
7.49999	6.01E-11	293.388628	0.1	4.10041E-05	293.388628
7.59999	6.08E-11	293.413143	0.1000001	4.17146E-05	293.413143
7.69999	6.09E-11	293.437661	0.0999999	4.24254E-05	293.437661
7.79999	6.12E-11	293.462174	0.1000003	4.31388E-05	293.462174
7.89999	6.14E-11	293.48671	0.1000001	4.38542E-05	293.48671
7.99999	6.14E-11	293.511271	0.0999999	4.45717E-05	293.511271
8.09999	5.38E-11	293.573004	0.1	4.5279E-05	293.573004
8.19999	5.91E-11	293.59767	0.1	4.60032E-05	293.59767
8.29999	6E-11	293.622187	0.1000001	4.67277E-05	293.622187
8.39999	6.01E-11	293.646725	0.0999999	4.74533E-05	293.646725
8.49999	6.08E-11	293.671295	0.1	4.81809E-05	293.671295
8.59999	6.09E-11	293.695829	0.1000001	4.89096E-05	293.695829
8.69999	6.12E-11	293.72035	0.1	4.96405E-05	293.72035
8.79999	6.15E-11	293.744901	0.1000001	5.03717E-05	293.744901
8.89999	6.16E-11	293.76944	0.1000002	5.11068E-05	293.76944
8.99999	6.16E-11	293.793971	0.1000001	5.18428E-05	293.793971
9.09999	6.23E-11	293.818489	0.1000002	5.258E-05	293.818489
9.19999	6.23E-11	293.842997	0.1	5.33191E-05	293.842997
9.29999	6.2E-11	293.867534	0.1	5.40585E-05	293.867534
9.39999	6.24E-11	293.892089	0.0999999	5.48024E-05	293.892089
9.49999	6.26E-11	293.916673	0.1	5.55479E-05	293.916673
9.59999	6.29E-11	293.941203	0.1000001	5.62947E-05	293.941203
9.69999	6.29E-11	293.965708	0.1000001	5.70437E-05	293.965708
9.79999	6.31E-11	293.990218	0.1000001	5.77952E-05	293.990218
9.89999	6.27E-11	294.014754	0.1000002	5.85461E-05	294.014754
9.99999	5.69E-11	294.076798	0.0999999	5.92901E-05	294.076798
9.9	4.77E-11	294.101346	0.1000001	5.85224E-05	294.101346
9.8	4.57E-11	294.125905	0.0999998	5.776E-05	294.125905
9.7	4.35E-11	294.150415	0.1000001	5.69992E-05	294.150415
9.6	4.16E-11	294.174984	0.1	5.62411E-05	294.174984
9.5	4.03E-11	294.199536	0.1000001	5.54855E-05	294.199536
9.4	3.95E-11	294.224079	0.1	5.47318E-05	294.224079
9.3	3.86E-11	294.248647	0.0999999	5.39813E-05	294.248647
9.2	3.71E-11	294.273166	0.1	5.32316E-05	294.273166
9.1	3.65E-11	294.29767	0.1000001	5.24841E-05	294.29767
9	3.59E-11	294.32221	0.0999998	5.17388E-05	294.32221
8.9	3.54E-11	294.346724	0.0999999	5.0998E-05	294.346724
8.8	3.56E-11	294.37124	0.1	5.02552E-05	294.37124
8.7	3.41E-11	294.395763	0.0999998	4.9514E-05	294.395763
8.6	3.35E-11	294.420278	0.0999999	4.8775E-05	294.420278
8.5	3.31E-11	294.444776	0.1	4.80383E-05	294.444776
8.4	3.29E-11	294.469295	0.1	4.73033E-05	294.469295
8.3	3.21E-11	294.493805	0.1000001	4.657E-05	294.493805
8.2	3.21E-11	294.518353	0.1	4.58396E-05	294.518353
8.1	3.82E-11	294.57779	0.1	4.51141E-05	294.57779
8	3.28E-11	294.602346	0.1	4.43861E-05	294.602346
7.9	3.18E-11	294.626874	0.1	4.36604E-05	294.626874
7.8	3.18E-11	294.651394	0.0999999	4.29367E-05	294.651394
7.7	3.08E-11	294.675947	0.1	4.22149E-05	294.675947
7.6	3.05E-11	294.700487	0.1	4.14957E-05	294.700487
7.5	3.05E-11	294.72504	0.1	4.07783E-05	294.72504
7.4	2.96E-11	294.749653	0.1	4.00621E-05	294.749653
7.3	2.85E-11	294.774155	0.0999999	3.9348E-05	294.774155
7.2	2.84E-11	294.798684	0.0999999	3.86369E-05	294.798684
7.1	2.84E-11	294.823191	0.0999999	3.79277E-05	294.823191
7	2.76E-11	294.847701	0.0999999	3.72199E-05	294.847701
6.9	2.73E-11	294.872244	0.0999999	3.65144E-05	294.872244
6.8	2.73E-11	294.896786	0.0999999	3.58106E-05	294.896786
6.7	2.61E-11	294.921353	0.0999999	3.51092E-05	294.921353
6.6	2.58E-11	294.945865	0.0999998	3.44101E-05	294.945865
6.5	2.58E-11	294.970423	0.1	3.37126E-05	294.970423
6.4	2.51E-11	294.994932	0.1000001	3.30173E-05	294.994932
6.3	2.46E-11	295.019485	0.0999997	3.23245E-05	295.019485
6.2	3.11E-11	295.079059	0.1	3.16379E-05	295.079059
6.1	2.6E-11	295.103566	0.1	3.09483E-05	295.103566
6	2.46E-11	295.1281	0.1	3.02615E-05	295.1281
5.9	2.47E-11	295.15263	0.0999997	2.95769E-05	295.15263
5.8	2.41E-11	295.177202	0.0999999	2.88946E-05	295.177202
5.7	2.37E-11	295.201758	0.0999999	2.82146E-05	295.201758
5.6	2.28E-11	295.226285	0.1	2.75368E-05	295.226285
5.5	2.24E-11	295.250858	0.1	2.68618E-05	295.250858
5.4	2.2E-11	295.275372	0.1	2.61886E-05	295.275372
5.3	2.15E-11	295.299898	0.1	2.55183E-05	295.299898
5.2	2.14E-11	295.324431	0.1000001	2.48509E-05	295.324431
5.1	2.07E-11	295.348964	0.1	2.41857E-05	295.348964
5	1.97E-11	295.373455	0.1	2.3523E-05	295.373455
4.9	1.98E-11	295.397996	0.1	2.28625E-05	295.397996
4.8	1.95E-11	295.422591	0.0999999	2.22052E-05	295.422591
4.7	1.92E-11	295.447104	0.0999999	2.15511E-05	295.447104
4.6	1.83E-11	295.471605	0.0999999	2.08993E-05	295.471605
4.5	1.77E-11	295.496129	0.1	2.025E-05	295.496129
4.4	1.75E-11	295.520706	0.0999999	1.96034E-05	295.520706
4.3	2.38E-11	295.581046	0.1000001	1.89649E-05	295.581046
4.2	1.8E-11	295.605572	0.1	1.83235E-05	295.605572
4.1	1.69E-11	295.630133	0.0999998	1.76864E-05	295.630133
4	1.63E-11	295.654643	0.1	1.70517E-05	295.654643
3.9	1.58E-11	295.679252	0.1	1.64208E-05	295.679252
3.8	1.47E-11	295.703782	0.0999999	1.57937E-05	295.703782
3.7	1.38E-11	295.728306	0.1000001	1.51695E-05	295.728306
3.6	1.32E-11	295.752816	0.1000001	1.45487E-05	295.752816
3.5	1.26E-11	295.777339	0.0999999	1.39319E-05	295.777339
3.4	1.16E-11	295.801843	0.1	1.33189E-05	295.801843
3.3	1.12E-11	295.826385	0.0999998	1.2711E-05	295.826385
3.2	1.07E-11	295.850881	0.1000001	1.21059E-05	295.850881
3.1	1.02E-11	295.875409	0.1	1.15056E-05	295.875409
3	9.4E-12	295.89997	0.1	1.09096E-05	295.89997
2.9	8.7E-12	295.924537	0.1	1.03188E-05	295.924537
2.8	7.5E-12	295.949057	0.0999999	9.7333E-06	295.949057
2.7	7.3E-12	295.973601	0.0999999	9.1525E-06	295.973601
2.6	1.07E-11	296.001	0.0999998	8.57738E-06	296.001
2.5	5.9E-12	296.025549	0.1000001	8.00769E-06	296.025549
2.4	1.16E-11	296.081881	0.0999998	7.44964E-06	296.081881
2.3	6.2E-12	296.106505	0.0999999	6.89212E-06	296.106505
2.2	4.4E-12	296.131036	0.0999999	6.34323E-06	296.131036
2.099999	7.1E-12	296.157461	0.1	5.79888E-06	296.157461
2	1.6E-12	296.182024	0.0999999	5.26611E-06	296.182024
1.9	8E-13	296.206661	0.1	4.7439E-06	296.206661
1.8	-5E-13	296.231192	0.1	4.23188E-06	296.231192
1.7	-1.7E-12	296.255761	0.1000001	3.73249E-06	296.255761
1.6	-2.8E-12	296.280274	0.1000001	3.24648E-06	296.280274
1.5	-4.3E-12	296.304773	0.0999998	2.77633E-06	296.304773
1.4	-5.8E-12	296.329303	0.1	2.32466E-06	296.329303
1.3	-7.1E-12	296.353834	0.0999999	1.89517E-06	296.353834
1.2	-8.4E-12	296.37836	0.1	1.49225E-06	296.37836
1.1	-1.03E-11	296.402841	0.1	1.12239E-06	296.402841
1	-7.6E-12	296.430265	0.0999993	7.93992E-07	296.430265
0.9	-1.36E-11	296.45476	0.0999994	5.13582E-07	296.45476
0.8	-1.52E-11	296.479259	0.0999991	2.93913E-07	296.479259
0.7	-1.72E-11	296.504051	0.0999996	1.41478E-07	296.504051
0.6	-1.19E-11	296.565416	0.0999948	5.71781E-08	296.565416
0.499999	-3.47E-11	296.588705	0.1000034	1.57745E-08	296.588705
0.399999	-3.75E-11	296.611941	0.1000008	3.1398E-09	296.611941
0.299999	-3.9E-11	296.635218	0.1000004	4.352E-10	296.635218
0.1999997	-2.53E-11	296.660381	0.0999997	3.96E-11	296.660381
0.099999	-4.48E-11	296.683639	0.1000004	1.6E-12	296.683639
-1.2E-06	-4.75E-11	296.70692	0.0999999	-1.5E-12	296.70692
#scan	iMeasureCycle=3	iMux=0	time=326.569	N=401	LocalTime=19/04/2023 11:30:56
#VGate(V)	IGate(A)	time(s)	VDrain(V)	IDrain(A)	time(s)
-1E-07	-1.04E-11	326.576516	0.1000008	1.61E-11	326.576516
-0.1000011	-3.08E-11	326.600169	0.1000002	5E-13	326.600169
-0.2	-1.91E-11	326.625488	0.0999999	-1.6E-12	326.625488
-0.300001	-3.99E-11	326.648948	0.1000002	4E-13	326.648948
-0.400001	-4.1E-11	326.672235	0.1000002	-1E-13	326.672235
-0.500001	-4.52E-11	326.695441	0.1000001	0	326.695441
-0.600001	-4.69E-11	326.718652	0.1000001	1E-13	326.718652
-0.700001	-4.9E-11	326.741939	0.1000001	4E-13	326.741939
-0.800001	-4.93E-11	326.765221	0.1	-2E-13	326.765221
-0.900001	-4.97E-11	326.788544	0.1000001	1E-13	326.788544
-1.000001	-5.35E-11	326.811747	0.1000002	4E-13	326.811747
-1.100001	-5.34E-11	326.835036	0.0999999	0	326.835036
-1.200001	-5.44E-11	326.858304	0.1000001	3E-13	326.858304
-1.300001	-5.69E-11	326.881517	0.1000001	7E-13	326.881517
-1.400001	-5.79E-11	326.904823	0.1000004	4E-13	326.904823
-1.500001	-5.72E-11	326.928115	0.1000002	3E-13	326.928115
-1.600001	-5.77E-11	326.951396	0.1000002	4E-13	326.951396
-1.700001	-6E-11	326.974667	0.1000001	7E-13	326.974667
-1.800001	-5.9E-11	326.997961	0.1000002	1E-12	326.997961
-1.900001	-6.01E-11	327.021238	0.1000002	8E-13	327.021238
-2.000001	-6.19E-11	327.04448	0.1000001	1.2E-12	327.04448
-2.100001	-6.25E-11	327.067688	0.1000001	1.4E-12	327.067688
-2.2	-6.32E-11	327.09109	0.0999998	1.1E-12	327.09109
-2.3	-4.19E-11	327.140808	0.0999999	-4E-13	327.140808
-2.4	-6.23E-11	327.164034	0.1000003	1.7E-12	327.164034
-2.5	-6.07E-11	327.187325	0.1000003	1.5E-12	327.187325
-2.6	-6.2E-11	327.21063	0.1	1.4E-12	327.21063
-2.7	-6.47E-11	327.233892	0.1	1.7E-12	327.233892
-2.8	-6.34E-11	327.257273	0.1000001	1.5E-12	327.257273
-2.9	-6.34E-11	327.28056	0.1	1.1E-12	327.28056
-3	-6.55E-11	327.304032	0.1	1.3E-12	327.304032
-3.1	-6.53E-11	327.327317	0.1000001	1.4E-12	327.327317
-3.2	-6.53E-11	327.350597	0.0999998	1.4E-12	327.350597
-3.3	-6.75E-11	327.373805	0.1000002	1.8E-12	327.373805
-3.4	-6.77E-11	327.397024	0.1000002	1.6E-12	327.397024
-3.5	-6.66E-11	327.420314	0.1000001	1.6E-12	327.420314
-3.6	-6.63E-11	327.443602	0.1000002	1.9E-12	327.443602
-3.7	-6.81E-11	327.466833	0.1000001	2.2E-12	327.466833
-3.8	-6.74E-11	327.490118	0.1000002	1.7E-12	327.490118
-3.9	-6.79E-11	327.513407	0.1	1.9E-12	327.513407
-4	-6.91E-11	327.536618	0.1000003	1.8E-12	327.536618
-4.1	-7.04E-11	327.55983	0.1000002	2E-12	327.55983
-4.2	-6.84E-11	327.583123	0.1	2E-12	327.583123
-4.3	-4.85E-11	327.639512	0.0999998	-2E-13	327.639512
-4.4	-6.91E-11	327.662782	0.1000001	1.8E-12	327.662782
-4.5	-6.97E-11	327.685996	0.1000003	2E-12	327.685996
-4.6	-6.85E-11	327.709376	0.1	1.8E-12	327.709376
-4.7	-6.89E-11	327.732732	0.1000001	1.9E-12	327.732732
-4.8	-7.09E-11	327.756041	0.1000002	1.9E-12	327.756041
-4.9	-6.99E-11	327.779329	0.1000003	2E-12	327.779329
-5	-7E-11	327.802624	0.1000001	1.9E-12	327.802624
-5.1	-7.15E-11	327.825847	0.1000001	2E-12	327.825847
-5.2	-7.05E-11	327.849137	0.1000002	2E-12	327.849137
-5.3	-7.1E-11	327.87242	0.1000002	1.6E-12	327.87242
-5.4	-7.1E-11	327.895711	0.0999999	1.7E-12	327.895711
-5.5	-7.29E-11	327.918928	0.0999999	2.1E-12	327.918928
-5.6	-7.3E-11	327.942142	0.1	1.9E-12	327.942142
-5.7	-7.17E-11	327.965422	0.1000001	1.9E-12	327.965422
-5.8	-7.17E-11	327.988766	0.1000003	2.2E-12	327.988766
-5.9	-7.38E-11	328.012073	0.1000003	2.2E-12	328.012073
-6	-7.25E-11	328.035349	0.1000001	1.8E-12	328.035349
-6.1	-7.25E-11	328.058653	0.1000003	1.5E-12	328.058653
-6.2	-7.45E-11	328.081875	0.0999999	1.6E-12	328.081875
-6.3	-5.28E-11	328.140553	0.0999999	2E-13	328.140553
-6.4	-7.14E-11	328.163863	0.1000001	2.1E-12	328.163863
-6.5	-7.36E-11	328.187079	0.1000001	2.6E-12	328.187079
-6.6	-7.36E-11	328.210307	0.1000002	1.4E-12	328.210307
-6.7	-5.42E-11	328.248473	0.1	1E-13	328.248473
-6.8	-7.21E-11	328.271781	0.1000003	1.4E-12	328.271781
-6.9	-7.43E-11	328.294984	0.1000002	1.7E-12	328.294984
-7	-7.47E-11	328.318241	0.1000002	2.1E-12	328.318241
-7.1	-7.52E-11	328.341452	0.0999999	1.9E-12	328.341452
-7.2	-7.42E-11	328.364739	0.1	1.9E-12	328.364739
-7.3	-7.39E-11	328.388022	0.1	2.1E-12	328.388022
-7.4	-7.58E-11	328.411235	0.1000001	1.9E-12	328.411235
-7.5	-7.64E-11	328.434445	0.1	2E-12	328.434445
-7.6	-7.57E-11	328.457692	0.1000004	2E-12	328.457692
-7.7	-7.5E-11	328.480995	0.1000001	2E-12	328.480995
-7.8	-7.72E-11	328.504219	0.1000002	2.2E-12	328.504219
-7.9	-7.73E-11	328.527439	0.1000002	2.3E-12	328.527439
-8	-7.53E-11	328.550752	0.1000001	1.5E-12	328.550752
-8.1	-7.77E-11	328.573955	0.1	2E-12	328.573955
-8.2	-7.76E-11	328.597171	0.1000003	2.8E-12	328.597171
-8.3	-5.69E-11	328.64209	0.1	4E-13	328.64209
-8.4	-7.68E-11	328.665358	0.1	2.1E-12	328.665358
-8.5	-7.75E-11	328.688575	0.0999999	2.7E-12	328.688575
-8.6	-7.6E-11	328.71187	0.1	2.6E-12	328.71187
-8.7	-7.5E-11	328.735257	0.1	2.3E-12	328.735257
-8.8	-7.76E-11	328.75857	0.1000001	2.8E-12	328.75857
-8.9	-7.56E-11	328.78186	0.1000001	2.1E-12	328.78186
-9	-7.69E-11	328.805133	0.1	2.5E-12	328.805133
-9.1	-7.85E-11	328.828351	0.1000001	2.4E-12	328.828351
-9.2	-7.77E-11	328.851635	0.1000003	2.1E-12	328.851635
-9.3	-7.75E-11	328.87492	0.1	2.3E-12	328.87492
-9.4	-7.78E-11	328.898194	0.1000003	2.3E-12	328.898194
-9.5	-7.91E-11	328.921569	0.1000002	2.5E-12	328.921569
-9.6	-7.77E-11	328.944859	0.0999999	2.6E-12	328.944859
-9.7	-7.77E-11	328.968151	0.1000001	2.2E-12	328.968151
-9.8	-7.97E-11	328.991421	0.1000003	2.4E-12	328.991421
-9.9	-7.94E-11	329.014638	0.1000002	2.5E-12	329.014638
-10	-7.81E-11	329.037923	0.1	2.4E-12	329.037923
-9.90001	-3.7E-11	329.061151	0.0999997	-1.1E-12	329.061151
-9.80001	-3.54E-11	329.084444	0.0999997	-1E-12	329.084444
-9.70001	-5.08E-11	329.143533	0.1	5E-13	329.143533
-9.60001	-2.99E-11	329.166759	0.0999996	-1E-12	329.166759
-9.50001	-2.98E-11	329.190057	0.0999998	-5E-13	329.190057
-9.40001	-2.89E-11	329.213357	0.0999998	-9E-13	329.213357
-9.30001	-2.61E-11	329.236625	0.0999997	-8E-13	329.236625
-9.20001	-2.64E-11	329.259992	0.0999998	-2E-13	329.259992
-9.10001	-2.54E-11	329.283272	0.0999997	-1.1E-12	329.283272
-9.00001	-2.34E-11	329.306503	0.0999998	-1.2E-12	329.306503
-8.90001	-2.19E-11	329.329765	0.0999996	-1E-12	329.329765
-8.80001	-2.29E-11	329.353047	0.0999996	-7E-13	329.353047
-8.70001	-2.38E-11	329.376375	0.0999996	-8E-13	329.376375
-8.60001	-2.03E-11	329.399578	0.0999996	-1.1E-12	329.399578
-8.50001	-2.14E-11	329.422869	0.0999997	-1E-12	329.422869
-8.40001	-2.08E-11	329.446155	0.0999998	-7E-13	329.446155
-8.30001	-1.83E-11	329.469354	0.0999997	-1E-12	329.469354
-8.20001	-1.86E-11	329.492571	0.0999997	-9E-13	329.492571
-8.10001	-1.95E-11	329.515863	0.0999997	-8E-13	329.515863
-8	-1.94E-11	329.539152	0.0999999	-1.3E-12	329.539152
-7.90001	-1.73E-11	329.562387	0.0999997	-1.3E-12	329.562387
-7.80001	-1.63E-11	329.5856	0.0999997	-1.4E-12	329.5856
-7.70001	-3.68E-11	329.640747	0.0999998	5E-13	329.640747
-7.6	-1.65E-11	329.664018	0.0999997	-1.6E-12	329.664018
-7.50001	-1.75E-11	329.687304	0.0999999	-1.2E-12	329.687304
-7.40001	-1.56E-11	329.710531	0.0999999	-1.3E-12	329.710531
-7.30001	-1.52E-11	329.733795	0.0999998	-1.2E-12	329.733795
-7.2	-1.64E-11	329.757176	0.0999997	-1.3E-12	329.757176
-7.10001	-1.67E-11	329.780477	0.0999995	-1E-12	329.780477
-7.00001	-1.39E-11	329.803683	0.0999995	-1.3E-12	329.803683
-6.90001	-1.3E-11	329.826905	0.0999996	-1.7E-12	329.826905
-6.80001	-1.45E-11	329.850197	0.0999998	-1.6E-12	329.850197
-6.70001	-1.43E-11	329.873484	0.0999999	-1.7E-12	329.873484
-6.60001	-1.43E-11	329.896775	0.0999997	-1.6E-12	329.896775
-6.50001	-1.4E-11	329.920084	0.0999998	-1.7E-12	329.920084
-6.40001	-1.32E-11	329.943377	0.0999996	-1.6E-12	329.943377
-6.30001	-1.09E-11	329.966575	0.0999998	-1.5E-12	329.966575
-6.20001	-1.04E-11	329.989841	0.0999997	-2.1E-12	329.989841
-6.10001	-1.17E-11	330.013131	0.0999998	-1.8E-12	330.013131
-6.00001	-1.22E-11	330.03644	0.0999998	-1.8E-12	330.03644
-5.90001	-9.6E-12	330.059673	0.0999997	-2E-12	330.059673
-5.80001	-1.11E-11	330.082957	0.0999998	-1.5E-12	330.082957
-5.70001	-3.05E-11	330.131075	0.0999999	1E-13	330.131075
-5.60001	-1.17E-11	330.154433	0.0999997	-1.2E-12	330.154433
-5.50001	-9.2E-12	330.17764	0.0999997	-1.2E-12	330.17764
-5.40001	-1.04E-11	330.200937	0.1	-2E-12	330.200937
-5.30001	-8.1E-12	330.224147	0.0999998	-1.4E-12	330.224147
-5.20001	-7.8E-12	330.247412	0.0999997	-1.9E-12	330.247412
-5.1	-9.3E-12	330.270747	0.0999998	-1.4E-12	330.270747
-5.00001	-6.7E-12	330.29396	0.0999997	-2E-12	330.29396
-4.90001	-7.4E-12	330.317305	0.0999998	-1.7E-12	330.317305
-4.80001	-7.4E-12	330.340614	0.0999997	-1.8E-12	330.340614
-4.7	-5.1E-12	330.363827	0.0999997	-2.3E-12	330.363827
-4.60001	-4.2E-12	330.387034	0.0999998	-2.1E-12	330.387034
-4.50001	-5.5E-12	330.410319	0.0999996	-2E-12	330.410319
-4.40001	-5.6E-12	330.433616	0.0999996	-1.4E-12	330.433616
-4.3	-4.6E-12	330.456911	0.0999998	-1.6E-12	330.456911
-4.20001	-4.2E-12	330.480187	0.0999996	-2.1E-12	330.480187
-4.10001	-4.1E-12	330.503454	0.0999998	-2.2E-12	330.503454
-4.00001	-2.5E-12	330.526683	0.0999999	-2.4E-12	330.526683
-3.90001	-1.4E-12	330.549923	0.0999996	-2.4E-12	330.549923
-3.80001	-2.6E-12	330.573215	0.1	-2.5E-12	330.573215
-3.70001	-1.3E-12	330.596442	0.0999997	-2.5E-12	330.596442
-3.60001	-2.11E-11	330.647456	0.1000001	-7E-13	330.647456
-3.50001	-2.6E-12	330.670798	0.0999999	-2.4E-12	330.670798
-3.40001	-1E-13	330.694005	0.0999999	-2.5E-12	330.694005
-3.30001	1E-12	330.717207	0.0999999	-2.5E-12	330.717207
-3.20001	1E-13	330.740626	0.1	-2.3E-12	330.740626
-3.10001	2E-12	330.763942	0.0999996	-2.8E-12	330.763942
-3.00001	2.6E-12	330.787154	0.0999998	-2.8E-12	330.787154
-2.90001	1.8E-12	330.810442	0.1	-3.1E-12	330.810442
-2.80001	2.3E-12	330.833721	0.0999995	-3E-12	330.833721
-2.70001	4.4E-12	330.856932	0.0999996	-3.3E-12	330.856932
-2.60001	5.7E-12	330.880142	0.0999997	-3E-12	330.880142
-2.50001	4.7E-12	330.903433	0.0999999	-3.2E-12	330.903433
-2.40001	4.6E-12	330.926815	0.0999998	-3.3E-12	330.926815
-2.30001	7.5E-12	330.950033	0.0999997	-3.6E-12	330.950033
-2.20001	8E-12	330.973249	0.0999997	-3.4E-12	330.973249
-2.099999	-8.4E-12	330.998488	0.0999999	-2E-12	330.998488
-2	7.4E-12	331.021782	0.0999997	-3.5E-12	331.021782
-1.9	9.8E-12	331.045025	0.0999997	-3.8E-12	331.045025
-1.8	1.12E-11	331.06824	0.0999996	-4.2E-12	331.06824
-1.699999	9.9E-12	331.091517	0.0999996	-3.8E-12	331.091517
-1.600001	-9.4E-12	331.148786	0.0999999	-1.7E-12	331.148786
-1.5	1.11E-11	331.172012	0.0999997	-3.4E-12	331.172012
-1.4	1.31E-11	331.195233	0.0999996	-3.7E-12	331.195233
-1.3	1.37E-11	331.218458	0.0999999	-4E-12	331.218458
-1.2	1.39E-11	331.241811	0.1	-3.8E-12	331.241811
-1.1	1.67E-11	331.265127	0.0999996	-4.1E-12	331.265127
-1	1.84E-11	331.288338	0.0999998	-4.4E-12	331.288338
-0.9	1.85E-11	331.311628	0.0999998	-4.3E-12	331.311628
-0.8	1.89E-11	331.334975	0.0999998	-4.4E-12	331.334975
-0.7	2.23E-11	331.358195	0.0999998	-4.7E-12	331.358195
-0.6	2.39E-11	331.381395	0.0999996	-4.9E-12	331.381395
-0.5	2.37E-11	331.404667	0.0999997	-4.6E-12	331.404667
-0.4	2.48E-11	331.427942	0.0999996	-4.6E-12	331.427942
-0.299999	2.8E-11	331.451149	0.0999998	-5.3E-12	331.451149
-0.1999997	1.21E-11	331.476259	0.1000002	-3.8E-12	331.476259
-0.0999991	3.15E-11	331.499456	0.0999999	-5E-12	331.499456
1.1E-06	3.18E-11	331.522711	0.0999995	-1.6E-12	331.522711
0.1000012	3.3E-11	331.546	0.0999997	4.37E-11	331.546
0.2000009	3.77E-11	331.569204	0.1000001	4.373E-10	331.569204
0.3	3.75E-11	331.592682	0.1000027	2.8001E-09	331.592682
0.399999	1.83E-11	331.65287	0.1000031	1.17337E-08	331.65287
0.5	4.09E-11	331.676118	0.100018	4.36553E-08	331.676118
0.599999	2.18E-11	331.715577	0.1000002	1.11212E-07	331.715577
0.699999	2.84E-11	331.741422	0.1000009	2.44029E-07	331.741422
0.799999	3.03E-11	331.766014	0.1000012	4.40677E-07	331.766014
0.9	3.27E-11	331.790539	0.1000012	6.98922E-07	331.790539
0.999999	3.48E-11	331.815043	0.1000012	1.010285E-06	331.815043
1.099999	3.1E-11	331.849727	0.1000001	1.35852E-06	331.849727
1.2	3.72E-11	331.874256	0.1000001	1.75279E-06	331.874256
1.3	3.91E-11	331.898743	0.1000001	2.17389E-06	331.898743
1.4	4.06E-11	331.923252	0.1000001	2.61842E-06	331.923252
1.5	4.22E-11	331.947751	0.1	3.08238E-06	331.947751
1.599999	4.31E-11	331.972304	0.1	3.56274E-06	331.972304
1.699999	4.48E-11	331.996847	0.1000001	4.0574E-06	331.996847
1.8	4.55E-11	332.021359	0.1000001	4.56424E-06	332.021359
1.9	4.63E-11	332.045861	0.0999999	5.08189E-06	332.045861
2	4.72E-11	332.070394	0.1000003	5.60956E-06	332.070394
2.099999	4.82E-11	332.09489	0.1	6.14627E-06	332.09489
2.19999	4.04E-11	332.158449	0.0999999	6.68223E-06	332.158449
2.29999	4.68E-11	332.182959	0.1000001	7.23761E-06	332.182959
2.39999	4.72E-11	332.207502	0.1	7.79822E-06	332.207502
2.49999	4.8E-11	332.231994	0.0999999	8.36456E-06	332.231994
2.59999	4.87E-11	332.256611	0.1000003	8.93654E-06	332.256611
2.69999	4.98E-11	332.28112	0.1000001	9.51435E-06	332.28112
2.79999	5E-11	332.305645	0.1000001	1.00969E-05	332.305645
2.89999	4.51E-11	332.340356	0.1000002	1.06811E-05	332.340356
2.99999	5.07E-11	332.364898	0.0999999	1.12743E-05	332.364898
3.09999	5.11E-11	332.389406	0.1000002	1.18716E-05	332.389406
3.19999	5.17E-11	332.41391	0.1	1.24731E-05	332.41391
3.29999	5.17E-11	332.438406	0.0999999	1.30783E-05	332.438406
3.39999	5.24E-11	332.462915	0.0999999	1.36872E-05	332.462915
3.49999	5.28E-11	332.487439	0.1000001	1.42995E-05	332.487439
3.59999	5.37E-11	332.511935	0.1000001	1.49158E-05	332.511935
3.69999	5.41E-11	332.536442	0.1000002	1.55351E-05	332.536442
3.79999	5.37E-11	332.561035	0.0999998	1.61579E-05	332.561035
3.89999	5.44E-11	332.585547	0.1	1.6784E-05	332.585547
3.99999	5.41E-11	332.610051	0.1	1.74128E-05	332.610051
4.09999	4.93E-11	332.651106	0.1	1.80394E-05	332.651106
4.19999	5.38E-11	332.675663	0.1	1.8676E-05	332.675663
4.29999	5.43E-11	332.700189	0.1000001	1.93139E-05	332.700189
4.39999	5.41E-11	332.724737	0.1	1.99547E-05	332.724737
4.49999	5.5E-11	332.749392	0.1000002	2.05977E-05	332.749392
4.59999	5.57E-11	332.774012	0.1000001	2.12434E-05	332.774012
4.69999	5.61E-11	332.798528	0.1000001	2.18919E-05	332.798528
4.79999	5.6E-11	332.823079	0.0999999	2.2542E-05	332.823079
4.89999	5.67E-11	332.847592	0.0999999	2.31948E-05	332.847592
4.99999	5.69E-11	332.87212	0.0999999	2.38494E-05	332.87212
5.09999	5.73E-11	332.896617	0.1	2.45069E-05	332.896617
5.19999	5.72E-11	332.921228	0.1000001	2.51663E-05	332.921228
5.29999	5.72E-11	332.945735	0.1000001	2.58287E-05	332.945735
5.39999	5.76E-11	332.970262	0.1000003	2.64923E-05	332.970262
5.49999	5.74E-11	332.994906	0.1000001	2.71586E-05	332.994906
5.59999	5.78E-11	333.019414	0.1	2.78272E-05	333.019414
5.69999	5.8E-11	333.043935	0.1	2.8498E-05	333.043935
5.79999	5.82E-11	333.068467	0.1000001	2.9171E-05	333.068467
5.89999	5.84E-11	333.093002	0.1000001	2.98466E-05	333.093002
5.99999	5.11E-11	333.15517	0.1000002	3.05101E-05	333.15517
6.09999	5.65E-11	333.17976	0.1000001	3.11938E-05	333.17976
6.19999	5.78E-11	333.204295	0.1000001	3.18773E-05	333.204295
6.29999	5.77E-11	333.2288	0.1000001	3.25624E-05	333.2288
6.39999	5.78E-11	333.253386	0.1000002	3.32493E-05	333.253386
6.49999	5.88E-11	333.277978	0.1000003	3.39373E-05	333.277978
6.59999	5.87E-11	333.302489	0.1000001	3.46279E-05	333.302489
6.69999	5.88E-11	333.326969	0.1	3.53202E-05	333.326969
6.79999	5.92E-11	333.351464	0.1000001	3.60142E-05	333.351464
6.89999	5.96E-11	333.37601	0.1	3.67105E-05	333.37601
6.99999	6E-11	333.40052	0.1000002	3.74089E-05	333.40052
7.09999	5.98E-11	333.425026	0.1000001	3.81091E-05	333.425026
7.19999	5.94E-11	333.449569	0.1000001	3.88109E-05	333.449569
7.29999	6.03E-11	333.4741	0.1000003	3.95149E-05	333.4741
7.39999	5.98E-11	333.498649	0.1	4.02223E-05	333.498649
7.49999	5.97E-11	333.523203	0.1	4.09307E-05	333.523203
7.59999	6.06E-11	333.547715	0.1	4.164E-05	333.547715
7.69999	6.09E-11	333.572373	0.1	4.23518E-05	333.572373
7.79999	6.08E-11	333.596884	0.1	4.30661E-05	333.596884
7.89999	5.41E-11	333.658012	0.1	4.37707E-05	333.658012
7.99999	5.9E-11	333.682589	0.1000001	4.44913E-05	333.682589
8.09999	6.02E-11	333.707095	0.1	4.5212E-05	333.707095
8.19999	6.02E-11	333.731667	0.1	4.59332E-05	333.731667
8.29999	6.14E-11	333.756238	0.1000001	4.66573E-05	333.756238
8.39999	6.11E-11	333.780822	0.0999999	4.73828E-05	333.780822
8.49999	6.13E-11	333.805327	0.1000001	4.8109E-05	333.805327
8.59999	6.12E-11	333.829842	0.1	4.88381E-05	333.829842
8.69999	6.16E-11	333.854355	0.1000001	4.95685E-05	333.854355
8.79999	6.14E-11	333.878899	0.1	5.03012E-05	333.878899
8.89999	6.17E-11	333.903428	0.1000001	5.10357E-05	333.903428
8.99999	6.22E-11	333.927928	0.1	5.17714E-05	333.927928
9.09999	6.14E-11	333.952481	0.0999999	5.2509E-05	333.952481
9.19999	6.23E-11	333.977034	0.1	5.3249E-05	333.977034
9.29999	6.2E-11	334.00162	0.1000001	5.39874E-05	334.00162
9.39999	6.25E-11	334.026169	0.1	5.47318E-05	334.026169
9.49999	6.21E-11	334.050738	0.1000001	5.54777E-05	334.050738
9.59999	6.28E-11	334.075284	0.1	5.62254E-05	334.075284
9.69999	6.27E-11	334.0998	0.1	5.69743E-05	334.0998
9.79999	5.65E-11	334.155071	0.0999999	5.77172E-05	334.155071
9.89999	6.16E-11	334.179629	0.1000002	5.84711E-05	334.179629
9.99999	6.26E-11	334.204172	0.1	5.92258E-05	334.204172
9.9	4.9E-11	334.228811	0.0999999	5.84572E-05	334.228811
9.8	4.6E-11	334.253388	0.0999999	5.76935E-05	334.253388
9.7	4.39E-11	334.277989	0.1000001	5.69326E-05	334.277989
9.6	4.23E-11	334.30249	0.0999999	5.61743E-05	334.30249
9.5	4.11E-11	334.327005	0.1000001	5.54192E-05	334.327005
9.4	3.97E-11	334.351587	0.1	5.46654E-05	334.351587
9.3	3.91E-11	334.376144	0.0999999	5.39139E-05	334.376144
9.2	3.77E-11	334.400676	0.0999999	5.31648E-05	334.400676
9.1	3.64E-11	334.425187	0.1	5.2418E-05	334.425187
9	3.62E-11	334.44971	0.1	5.16717E-05	334.44971
8.9	3.57E-11	334.474218	0.0999999	5.09308E-05	334.474218
8.8	3.57E-11	334.498749	0.1	5.01882E-05	334.498749
8.7	3.45E-11	334.523256	0.0999999	4.94482E-05	334.523256
8.6	3.41E-11	334.547786	0.0999999	4.87096E-05	334.547786
8.5	3.34E-11	334.572344	0.1000001	4.79721E-05	334.572344
8.4	3.27E-11	334.596879	0.0999998	4.72368E-05	334.596879
8.30001	3.92E-11	334.659132	0.1	4.65081E-05	334.659132
8.2	3.35E-11	334.683803	0.1000001	4.57757E-05	334.683803
8.1	3.27E-11	334.708347	0.1	4.5046E-05	334.708347
8	3.17E-11	334.732851	0.1	4.43181E-05	334.732851
7.9	3.14E-11	334.757424	0.1000001	4.35929E-05	334.757424
7.8	3.08E-11	334.782012	0.0999999	4.28697E-05	334.782012
7.7	3.06E-11	334.806522	0.1	4.21479E-05	334.806522
7.6	2.99E-11	334.831051	0.1	4.14286E-05	334.831051
7.5	2.94E-11	334.855551	0.1000001	4.07111E-05	334.855551
7.4	2.91E-11	334.880104	0.1	3.99956E-05	334.880104
7.3	2.81E-11	334.904621	0.0999999	3.92824E-05	334.904621
7.2	2.84E-11	334.92928	0.0999998	3.85712E-05	334.92928
7.1	2.8E-11	334.95381	0.0999998	3.78613E-05	334.95381
7	2.72E-11	334.978379	0.0999999	3.71542E-05	334.978379
6.9	2.7E-11	335.002963	0.1	3.64488E-05	335.002963
6.8	2.67E-11	335.027477	0.1000001	3.57449E-05	335.027477
6.7	2.67E-11	335.052029	0.0999999	3.50432E-05	335.052029
6.6	2.6E-11	335.076594	0.1	3.43444E-05	335.076594
6.5	2.56E-11	335.101123	0.0999998	3.36471E-05	335.101123
6.4	3.11E-11	335.157313	0.1000001	3.29553E-05	335.157313
6.3	2.58E-11	335.181826	0.0999999	3.22621E-05	335.181826
6.2	2.52E-11	335.206349	0.0999999	3.15705E-05	335.206349
6.1	2.45E-11	335.230864	0.0999999	3.08812E-05	335.230864
6	2.37E-11	335.255511	0.1	3.01946E-05	335.255511
5.9	2.36E-11	335.280103	0.0999999	2.95102E-05	335.280103
5.8	2.27E-11	335.304628	0.0999998	2.8828E-05	335.304628
5.7	2.24E-11	335.32914	0.1	2.81484E-05	335.32914
5.6	2.2E-11	335.353718	0.0999999	2.74704E-05	335.353718
5.5	2.22E-11	335.378264	0.0999999	2.67956E-05	335.378264
5.4	2.16E-11	335.402799	0.0999999	2.61232E-05	335.402799
5.3	2.12E-11	335.427318	0.1	2.54534E-05	335.427318
5.2	2.07E-11	335.451833	0.1	2.47855E-05	335.451833
5.1	2E-11	335.476362	0.0999999	2.41204E-05	335.476362
5	1.96E-11	335.500871	0.0999999	2.34578E-05	335.500871
4.9	1.93E-11	335.525413	0.1000001	2.27984E-05	335.525413
4.8	1.88E-11	335.549928	0.1	2.2141E-05	335.549928
4.7	1.88E-11	335.574477	0.0999999	2.14864E-05	335.574477
4.6	1.83E-11	335.599013	0.1000001	2.08343E-05	335.599013
4.5	2.51E-11	335.661549	0.0999996	2.0192E-05	335.661549
4.4	1.87E-11	335.686146	0.1000001	1.9544E-05	335.686146
4.3	1.79E-11	335.710679	0.0999998	1.89001E-05	335.710679
4.2	1.77E-11	335.735214	0.0999999	1.82594E-05	335.735214
4.1	1.63E-11	335.759784	0.1	1.76221E-05	335.759784
4	1.61E-11	335.784375	0.1	1.69875E-05	335.784375
3.9	1.5E-11	335.808879	0.0999998	1.63571E-05	335.808879
3.8	1.44E-11	335.833388	0.0999998	1.57299E-05	335.833388
3.7	1.36E-11	335.857892	0.0999999	1.51064E-05	335.857892
3.6	1.35E-11	335.882498	0.1	1.44864E-05	335.882498
3.5	1.26E-11	335.907043	0.0999999	1.38699E-05	335.907043
3.4	1.17E-11	335.931562	0.0999999	1.32573E-05	335.931562
3.3	1.11E-11	335.956059	0.0999998	1.2649E-05	335.956059
3.2	1.08E-11	335.980591	0.0999999	1.20443E-05	335.980591
3.1	1.03E-11	336.005164	0.1000001	1.14439E-05	336.005164
3	9.2E-12	336.029676	0.0999999	1.08489E-05	336.029676
2.9	8.5E-12	336.054205	0.1	1.02581E-05	336.054205
2.8	7.9E-12	336.078749	0.0999999	9.6726E-06	336.078749
2.7	6.9E-12	336.10327	0.0999997	9.092E-06	336.10327
2.6	1.35E-11	336.167033	0.0999999	8.52262E-06	336.167033
2.5	7.5E-12	336.19158	0.1	7.9524E-06	336.19158
2.4	6.2E-12	336.216133	0.1	7.38969E-06	336.216133
2.3	4.7E-12	336.240664	0.0999999	6.83331E-06	336.240664
2.2	3.5E-12	336.265199	0.0999998	6.28491E-06	336.265199
2.099999	6.2E-12	336.291605	0.1	5.7417E-06	336.291605
2	1.7E-12	336.316113	0.0999999	5.21026E-06	336.316113
1.9	6E-13	336.340711	0.0999999	4.68833E-06	336.340711
1.8	-6E-13	336.365257	0.0999999	4.17739E-06	336.365257
1.7	-1.6E-12	336.389768	0.1	3.67901E-06	336.389768
1.6	-3.1E-12	336.414268	0.1000001	3.19411E-06	336.414268
1.5	-3.9E-12	336.438797	0.0999999	2.7254E-06	336.438797
1.4	-5.7E-12	336.463293	0.1	2.2756E-06	336.463293
1.3	-6.9E-12	336.48781	0.1	1.84896E-06	336.48781
1.2	-8.6E-12	336.512335	0.1	1.44933E-06	336.512335
1.1	-1.01E-11	336.536844	0.1	1.08294E-06	336.536844
1	-7.5E-12	336.564132	0.0999995	7.59516E-07	336.564132
0.9	-1.33E-11	336.588631	0.0999993	4.85215E-07	336.588631
0.8	-1.52E-11	336.61315	0.0999994	2.72886E-07	336.61315
0.7	-1.08E-11	336.666195	0.0999999	1.31953E-07	336.666195
0.6	-1.26E-11	336.703984	0.0999921	4.9611E-08	336.703984
0.499999	-3.53E-11	336.727202	0.1000025	1.32171E-08	336.727202
0.399999	-3.61E-11	336.751876	0.1000005	2.5302E-09	336.751876
0.299999	-4.07E-11	336.775181	0.1000004	3.353E-10	336.775181
0.1999998	-2.57E-11	336.800309	0.0999999	2.79E-11	336.800309
0.0999989	-4.54E-11	336.823506	0.1000002	0	336.823506
-1.4E-06	-4.58E-11	336.846759	0.1000003	-2E-12	336.846759
