#scan	iMeasureCycle=1	iMux=0	time=0.021	N=401	LocalTime=19/04/2023 23:25:40
#VGate(V)	IGate(A)	time(s)	VDrain(V)	IDrain(A)	time(s)
-1E-07	-1.561E-10	0.023944	0.1000002	1.20987E-05	0.023944
-0.1000004	-2.145E-10	0.04882	0.1000001	1.13277E-05	0.04882
-0.2000004	-2.635E-10	0.073322	0.0999998	1.05652E-05	0.073322
-0.300001	-2.021E-10	0.098043	0.0999998	9.8105E-06	0.098043
-0.4	-1.145E-10	0.122554	0.0999999	9.0644E-06	0.122554
-0.5	-8.18E-11	0.149648	0.0999998	8.3337E-06	0.149648
-0.6	-7.34E-11	0.174167	0.0999999	7.60933E-06	0.174167
-0.7	-6.68E-11	0.198773	0.0999999	6.89851E-06	0.198773
-0.8	-6.26E-11	0.223283	0.1	6.20424E-06	0.223283
-0.9	-6.01E-11	0.247791	0.0999999	5.52975E-06	0.247791
-1	-5.78E-11	0.272282	0.0999998	4.87701E-06	0.272282
-1.1	-5.65E-11	0.296866	0.0999997	4.2506E-06	0.296866
-1.2	-5.58E-11	0.321381	0.0999999	3.65407E-06	0.321381
-1.3	-5.49E-11	0.345928	0.0999997	3.09227E-06	0.345928
-1.4	-5.5E-11	0.370422	0.0999998	2.56935E-06	0.370422
-1.5	-5.43E-11	0.394941	0.0999999	2.08984E-06	0.394941
-1.6	-5.45E-11	0.419467	0.0999999	1.65865E-06	0.419467
-1.7	-5.43E-11	0.44398	0.0999999	1.27874E-06	0.44398
-1.8	-5.41E-11	0.468519	0.0999999	9.526E-07	0.468519
-1.9	-5.06E-11	0.49611	0.0999996	6.81988E-07	0.49611
-2	-5.37E-11	0.520766	0.0999997	4.62618E-07	0.520766
-2.1	-5.42E-11	0.545284	0.0999996	2.95232E-07	0.545284
-2.2	-4.83E-11	0.589676	0.0999998	1.76097E-07	0.589676
-2.3	-5.31E-11	0.614225	0.0999996	9.4411E-08	0.614225
-2.4	-4.85E-11	0.651897	0.0999969	4.62806E-08	0.651897
-2.5	-6.62E-11	0.675245	0.1000039	1.93586E-08	0.675245
-2.6	-6.94E-11	0.698554	0.100002	7.0038E-09	0.698554
-2.7	-6.81E-11	0.721844	0.1000008	2.1456E-09	0.721844
-2.8	-6.9E-11	0.745115	0.1000003	5.506E-10	0.745115
-2.9	-7.08E-11	0.768318	0.1000003	1.142E-10	0.768318
-3	-7.18E-11	0.791537	0.1000001	1.45E-11	0.791537
-3.1	-7.01E-11	0.814836	0.1000002	-4.5E-12	0.814836
-3.2	-7.07E-11	0.838109	0.1000003	-6.6E-12	0.838109
-3.3	-7.28E-11	0.861426	0.1000003	-7.2E-12	0.861426
-3.4	-7.24E-11	0.884675	0.1000001	-6.9E-12	0.884675
-3.5	-7.37E-11	0.907906	0.1000002	-7E-12	0.907906
-3.6	-7.21E-11	0.931208	0.1000002	-7.3E-12	0.931208
-3.7	-7.42E-11	0.954419	0.1000003	-7.1E-12	0.954419
-3.8	-7.44E-11	0.977714	0.1000003	-7.2E-12	0.977714
-3.9	-7.28E-11	1.001005	0.1000002	-6.9E-12	1.001005
-4	-7.29E-11	1.024296	0.1000003	-7E-12	1.024296
-4.1	-7.51E-11	1.047518	0.1000003	-7.6E-12	1.047518
-4.2	-5.41E-11	1.090283	0.1	-9E-12	1.090283
-4.3	-7.33E-11	1.113525	0.1000005	-7.3E-12	1.113525
-4.4	-7.4E-11	1.136771	0.1000003	-7E-12	1.136771
-4.5	-7.49E-11	1.159982	0.1000002	-6.7E-12	1.159982
-4.6	-7.37E-11	1.183331	0.1000002	-6.9E-12	1.183331
-4.7	-7.6E-11	1.206628	0.1000004	-6.6E-12	1.206628
-4.8	-7.61E-11	1.229844	0.1000002	-6.8E-12	1.229844
-4.9	-7.52E-11	1.253119	0.1000004	-7E-12	1.253119
-5	-7.72E-11	1.276335	0.1000002	-7.2E-12	1.276335
-5.1	-7.75E-11	1.299588	0.1000003	-6.4E-12	1.299588
-5.2	-7.76E-11	1.32281	0.1000003	-6.6E-12	1.32281
-5.3	-7.81E-11	1.346018	0.1000005	-6.6E-12	1.346018
-5.4	-7.66E-11	1.369297	0.1000003	-7E-12	1.369297
-5.5	-7.88E-11	1.392594	0.1000001	-6.5E-12	1.392594
-5.6	-7.9E-11	1.415898	0.1	-6.8E-12	1.415898
-5.7	-7.84E-11	1.439136	0.1000005	-6.7E-12	1.439136
-5.8	-7.75E-11	1.462422	0.1000003	-6.8E-12	1.462422
-5.9	-7.83E-11	1.485741	0.1000003	-6.6E-12	1.485741
-6	-7.95E-11	1.508976	0.1000002	-6.5E-12	1.508976
-6.1	-7.8E-11	1.532357	0.1000003	-7.1E-12	1.532357
-6.2	-5.92E-11	1.5842	0.1000001	-8.1E-12	1.5842
-6.3	-7.66E-11	1.60751	0.1000002	-6.4E-12	1.60751
-6.4	-7.74E-11	1.630805	0.1000003	-6.5E-12	1.630805
-6.5	-7.97E-11	1.654018	0.1000003	-6.4E-12	1.654018
-6.6	-7.99E-11	1.677299	0.1000003	-6.3E-12	1.677299
-6.7	-8E-11	1.700535	0.1000002	-6.4E-12	1.700535
-6.8	-7.82E-11	1.723842	0.1000004	-6.3E-12	1.723842
-6.9	-8.05E-11	1.747046	0.1000004	-6.8E-12	1.747046
-7	-8.13E-11	1.770254	0.1000004	-6.6E-12	1.770254
-7.1	-7.94E-11	1.793549	0.1000002	-6.7E-12	1.793549
-7.2	-7.85E-11	1.816894	0.1000002	-6.2E-12	1.816894
-7.3	-8.19E-11	1.840106	0.1000003	-6E-12	1.840106
-7.4	-8.25E-11	1.863403	0.1000002	-5.9E-12	1.863403
-7.5	-8.02E-11	1.886695	0.1000002	-5.9E-12	1.886695
-7.6	-8.14E-11	1.909941	0.1000002	-5.8E-12	1.909941
-7.7	-8.2E-11	1.933167	0.1000003	-5.8E-12	1.933167
-7.8	-8.18E-11	1.956417	0.1000003	-6.3E-12	1.956417
-7.9	-8.08E-11	1.9798	0.1000003	-6.8E-12	1.9798
-8	-8.23E-11	2.003038	0.1000003	-6.2E-12	2.003038
-8.1	-8.3E-11	2.026259	0.1000002	-6.4E-12	2.026259
-8.2	-8.1E-11	2.049554	0.1000003	-6.3E-12	2.049554
-8.3	-6.32E-11	2.085677	0.1000001	-8.1E-12	2.085677
-8.4	-8.07E-11	2.108996	0.1000001	-6.4E-12	2.108996
-8.5	-8.3E-11	2.132209	0.1000002	-6E-12	2.132209
-8.6	-8.26E-11	2.155424	0.1000002	-6.4E-12	2.155424
-8.7	-8.31E-11	2.178682	0.1000004	-6.1E-12	2.178682
-8.8	-8.14E-11	2.202048	0.1000004	-6.4E-12	2.202048
-8.9	-8.31E-11	2.225342	0.1000003	-6E-12	2.225342
-9	-8.39E-11	2.248555	0.1000003	-6E-12	2.248555
-9.1	-8.37E-11	2.271767	0.1000003	-5.7E-12	2.271767
-9.2	-8.27E-11	2.29506	0.1000004	-5.8E-12	2.29506
-9.3	-8.37E-11	2.318284	0.1000002	-5.9E-12	2.318284
-9.4	-8.21E-11	2.341583	0.1000001	-5.9E-12	2.341583
-9.5	-8.25E-11	2.364872	0.1000001	-5.8E-12	2.364872
-9.6	-8.32E-11	2.388146	0.1000003	-6.2E-12	2.388146
-9.7	-8.34E-11	2.411398	0.1000003	-6.2E-12	2.411398
-9.8	-8.45E-11	2.434629	0.1000005	-5.6E-12	2.434629
-9.9	-8.33E-11	2.457921	0.1000002	-6E-12	2.457921
-10	-8.21E-11	2.481353	0.1000002	-6.3E-12	2.481353
-9.90001	-4.31E-11	2.504598	0.0999999	-9.3E-12	2.504598
-9.80001	-4.12E-11	2.52797	0.0999998	-9.4E-12	2.52797
-9.70001	-3.9E-11	2.551272	0.0999999	-9.3E-12	2.551272
-9.60001	-5.47E-11	2.591682	0.1	-7.4E-12	2.591682
-9.50001	-3.42E-11	2.614926	0.0999999	-9.7E-12	2.614926
-9.40001	-3.46E-11	2.638228	0.0999999	-9E-12	2.638228
-9.30001	-3.3E-11	2.661511	0.0999997	-9.5E-12	2.661511
-9.20001	-3.02E-11	2.684789	0.0999997	-9.3E-12	2.684789
-9.10001	-2.95E-11	2.708027	0.0999998	-9.8E-12	2.708027
-9.00001	-3E-11	2.731316	0.1	-9.6E-12	2.731316
-8.90001	-2.97E-11	2.75461	0.1	-9.6E-12	2.75461
-8.80001	-2.68E-11	2.777825	0.0999999	-9.7E-12	2.777825
-8.70001	-2.81E-11	2.801117	0.0999999	-1.01E-11	2.801117
-8.60001	-2.72E-11	2.824418	0.0999999	-9.8E-12	2.824418
-8.50001	-2.48E-11	2.847612	0.0999998	-9.7E-12	2.847612
-8.40001	-2.44E-11	2.870915	0.0999998	-9.7E-12	2.870915
-8.30001	-2.55E-11	2.894211	0.0999996	-9E-12	2.894211
-8.20001	-2.49E-11	2.917524	0.0999997	-9.5E-12	2.917524
-8.10001	-2.36E-11	2.940747	0.0999997	-9.5E-12	2.940747
-8.00001	-2.27E-11	2.963953	0.0999998	-9.4E-12	2.963953
-7.90001	-2.43E-11	2.987329	0.0999997	-9.5E-12	2.987329
-7.80001	-2.35E-11	3.01063	0.0999997	-9.9E-12	3.01063
-7.70001	-2.17E-11	3.033844	0.0999999	-9.8E-12	3.033844
-7.60001	-4.12E-11	3.088711	0.1000001	-8.1E-12	3.088711
-7.50001	-2.13E-11	3.111964	0.1	-9.9E-12	3.111964
-7.40001	-2.15E-11	3.135242	0.0999997	-9.9E-12	3.135242
-7.30001	-2.29E-11	3.158534	0.0999999	-9.8E-12	3.158534
-7.2	-2.26E-11	3.181892	0.1000001	-9.7E-12	3.181892
-7.10001	-2.04E-11	3.205206	0.0999998	-9.7E-12	3.205206
-7.00001	-2.1E-11	3.228511	0.0999999	-9.7E-12	3.228511
-6.90001	-2.09E-11	3.251879	0.1	-9.8E-12	3.251879
-6.80001	-1.85E-11	3.275115	0.0999997	-1.02E-11	3.275115
-6.70001	-1.79E-11	3.298364	0.0999998	-1.03E-11	3.298364
-6.60001	-1.92E-11	3.321679	0.1	-1.02E-11	3.321679
-6.50001	-1.72E-11	3.344887	0.1	-1.01E-11	3.344887
-6.40001	-1.67E-11	3.368112	0.0999999	-1.01E-11	3.368112
-6.30001	-1.79E-11	3.391408	0.0999999	-1.01E-11	3.391408
-6.20001	-1.59E-11	3.414718	0.0999998	-1.01E-11	3.414718
-6.10001	-1.53E-11	3.437946	0.0999997	-1.04E-11	3.437946
-6.00001	-1.51E-11	3.461162	0.0999999	-1.07E-11	3.461162
-5.90001	-1.46E-11	3.484454	0.0999999	-1.08E-11	3.484454
-5.80001	-1.55E-11	3.507737	0.0999999	-1.07E-11	3.507737
-5.70001	-1.42E-11	3.531062	0.0999998	-1.08E-11	3.531062
-5.60001	-1.35E-11	3.554301	0.0999999	-1.06E-11	3.554301
-5.50001	-3.26E-11	3.590387	0.1000001	-9.1E-12	3.590387
-5.40001	-1.4E-11	3.613646	0.0999999	-1.08E-11	3.613646
-5.30001	-1.45E-11	3.636952	0.0999999	-1.08E-11	3.636952
-5.20001	-1.42E-11	3.660235	0.0999997	-1.09E-11	3.660235
-5.1	-1.18E-11	3.683504	0.0999999	-1.1E-11	3.683504
-5.00001	-1.36E-11	3.706799	0.0999997	-1.09E-11	3.706799
-4.90001	-1.25E-11	3.730088	0.0999998	-1.1E-11	3.730088
-4.80001	-1.05E-11	3.753287	0.0999998	-1.07E-11	3.753287
-4.7	-9.7E-12	3.776502	0.0999999	-1.11E-11	3.776502
-4.60001	-1E-11	3.799722	0.0999996	-1.13E-11	3.799722
-4.50001	-1.05E-11	3.823007	0.0999998	-1.12E-11	3.823007
-4.40001	-1.02E-11	3.846294	0.0999999	-1.13E-11	3.846294
-4.3	-8.2E-12	3.86959	0.0999998	-1.13E-11	3.86959
-4.20001	-9.1E-12	3.89288	0.0999999	-1.14E-11	3.89288
-4.10001	-7.1E-12	3.916094	0.0999998	-1.15E-11	3.916094
-4.00001	-6.5E-12	3.939323	0.1	-1.13E-11	3.939323
-3.90001	-7.8E-12	3.962621	0.0999997	-1.14E-11	3.962621
-3.80001	-7.1E-12	3.985989	0.0999998	-1.14E-11	3.985989
-3.70001	-7E-12	4.009275	0.0999998	-1.18E-11	4.009275
-3.60001	-4.6E-12	4.03249	0.0999997	-1.2E-11	4.03249
-3.50001	-4.1E-12	4.05572	0.0999997	-1.15E-11	4.05572
-3.40001	-2.45E-11	4.096249	0.1000002	-1.01E-11	4.096249
-3.30001	-6.7E-12	4.119571	0.0999998	-1.13E-11	4.119571
-3.20001	-3.1E-12	4.142783	0.1	-1.07E-11	4.142783
-3.10001	-2.2E-12	4.165991	0.0999996	-2.2E-12	4.165991
-3.00001	-3.6E-12	4.189342	0.0999998	4.58E-11	4.189342
-2.90001	-1.5E-12	4.212637	0.0999997	2.646E-10	4.212637
-2.80001	-1E-13	4.235954	0.1000001	1.1034E-09	4.235954
-2.70001	-1.5E-12	4.259239	0.1000009	3.8125E-09	4.259239
-2.60001	-6E-13	4.282516	0.1000023	1.11284E-08	4.282516
-2.50001	1.1E-12	4.30573	0.1000025	2.80188E-08	4.30573
-2.40001	2.3E-12	4.328941	0.1000009	6.14425E-08	4.328941
-2.30001	-1.77E-11	4.368378	0.1000001	1.17435E-07	4.368378
-2.20001	-1.26E-11	4.392897	0.1000002	2.10428E-07	4.392897
-2.1	-1.5E-11	4.419584	0.1000005	3.44329E-07	4.419584
-2	-1.03E-11	4.444096	0.1000006	5.25496E-07	4.444096
-1.9	-9.5E-12	4.468631	0.1000009	7.57424E-07	4.468631
-1.800001	-1.37E-11	4.503314	0.1000002	1.03739E-06	4.503314
-1.7	-8.7E-12	4.527859	0.1	1.37733E-06	4.527859
-1.600001	-7.3E-12	4.552445	0.1000001	1.76844E-06	4.552445
-1.500001	-1.21E-11	4.601282	0.0999998	2.19954E-06	4.601282
-1.4	-7E-12	4.625798	0.1000001	2.68982E-06	4.625798
-1.3	-5.6E-12	4.650371	0.0999999	3.21975E-06	4.650371
-1.200001	-4.3E-12	4.674909	0.1	3.78655E-06	4.674909
-1.100001	-2.6E-12	4.699487	0.1000001	4.38585E-06	4.699487
-1	-1.4E-12	4.723991	0.1	5.01469E-06	4.723991
-0.900001	-4E-13	4.748509	0.1000002	5.66822E-06	4.748509
-0.8	1.5E-12	4.773044	0.1	6.34172E-06	4.773044
-0.700001	2.6E-12	4.797556	0.0999999	7.03421E-06	4.797556
-0.600001	4.2E-12	4.822087	0.1000001	7.74253E-06	4.822087
-0.500001	5.8E-12	4.846612	0.1000002	8.46378E-06	4.846612
-0.4	6.9E-12	4.871252	0.1	9.19654E-06	4.871252
-0.3	9E-12	4.895752	0.1	9.93951E-06	4.895752
-0.1999998	5E-12	4.932081	0.1000001	1.06823E-05	4.932081
-0.0999996	1.13E-11	4.956591	0.0999996	1.14419E-05	4.956591
4E-07	1.31E-11	4.98108	0.1000003	1.2207E-05	4.98108
0.1000002	1.51E-11	5.005671	0.1	1.29784E-05	5.005671
0.2000003	1.73E-11	5.030182	0.1000001	1.37555E-05	5.030182
0.299999	1.93E-11	5.054912	0.0999999	1.45376E-05	5.054912
0.399999	1.5E-11	5.103359	0.1000001	1.53189E-05	5.103359
0.5	2.17E-11	5.127915	0.1	1.61151E-05	5.127915
0.6	2.42E-11	5.152466	0.1000002	1.69151E-05	5.152466
0.7	2.6E-11	5.177005	0.1	1.7719E-05	5.177005
0.799999	2.81E-11	5.20161	0.1000002	1.85263E-05	5.20161
0.9	3.01E-11	5.226129	0.1000001	1.93371E-05	5.226129
1	3.19E-11	5.250637	0.1	2.01504E-05	5.250637
1.1	3.36E-11	5.275167	0.1	2.09659E-05	5.275167
1.2	3.54E-11	5.29968	0.0999999	2.17832E-05	5.29968
1.3	3.7E-11	5.324212	0.1000002	2.26017E-05	5.324212
1.399999	3.74E-11	5.348951	0.1	2.34223E-05	5.348951
1.5	3.95E-11	5.373455	0.1	2.42443E-05	5.373455
1.599999	4.03E-11	5.397994	0.1000001	2.50671E-05	5.397994
1.699999	4.09E-11	5.422894	0.1	2.58907E-05	5.422894
1.8	4.19E-11	5.447424	0.1000002	2.67145E-05	5.447424
1.9	4.27E-11	5.471957	0.1	2.75394E-05	5.471957
2	4.37E-11	5.49654	0.1000001	2.83654E-05	5.49654
2.099999	4.41E-11	5.521076	0.1	2.91925E-05	5.521076
2.19999	4.48E-11	5.545864	0.1000002	3.00148E-05	5.545864
2.29999	3.77E-11	5.604681	0.1	3.08312E-05	5.604681
2.39999	4.33E-11	5.62921	0.1000002	3.16634E-05	5.62921
2.49999	4.51E-11	5.653728	0.1	3.24953E-05	5.653728
2.59999	4.55E-11	5.678245	0.1000002	3.33265E-05	5.678245
2.69999	4.62E-11	5.70281	0.1	3.4158E-05	5.70281
2.79999	4.66E-11	5.727353	0.1000001	3.49898E-05	5.727353
2.89999	4.79E-11	5.751814	0.1000001	3.5822E-05	5.751814
2.99999	4.79E-11	5.776342	0.1000001	3.66549E-05	5.776342
3.09999	4.79E-11	5.80085	0.1	3.74885E-05	5.80085
3.19999	4.89E-11	5.825379	0.1	3.83222E-05	5.825379
3.29999	4.9E-11	5.849892	0.1000001	3.91575E-05	5.849892
3.39999	4.9E-11	5.874513	0.1000001	3.99927E-05	5.874513
3.49999	4.96E-11	5.899014	0.1000002	4.08288E-05	5.899014
3.59999	4.98E-11	5.923527	0.1000002	4.16659E-05	5.923527
3.69999	5.01E-11	5.948038	0.1000003	4.25036E-05	5.948038
3.79999	5E-11	5.972549	0.1000001	4.33421E-05	5.972549
3.89999	5.08E-11	5.997152	0.1000001	4.41812E-05	5.997152
3.99999	5.13E-11	6.021672	0.1000002	4.50202E-05	6.021672
4.09999	5.16E-11	6.046218	0.1000003	4.58608E-05	6.046218
4.19999	4.45E-11	6.103544	0.1000001	4.66903E-05	6.103544
4.29999	5.01E-11	6.128086	0.1	4.75357E-05	6.128086
4.39999	5.03E-11	6.152623	0.1000003	4.83799E-05	6.152623
4.49999	5.12E-11	6.17713	0.1000002	4.92246E-05	6.17713
4.59999	5.14E-11	6.201725	0.1000002	5.00683E-05	6.201725
4.69999	5.22E-11	6.226315	0.1000002	5.0914E-05	6.226315
4.79999	5.23E-11	6.250854	0.1	5.17608E-05	6.250854
4.89999	5.23E-11	6.275402	0.1	5.26088E-05	6.275402
4.99999	5.29E-11	6.299971	0.1000001	5.34549E-05	6.299971
5.09999	5.3E-11	6.32451	0.0999999	5.43035E-05	6.32451
5.19999	5.32E-11	6.349032	0.0999999	5.51531E-05	6.349032
5.29999	5.32E-11	6.373542	0.1	5.60043E-05	6.373542
5.39999	5.33E-11	6.398083	0.1	5.68539E-05	6.398083
5.49999	5.33E-11	6.422653	0.1000001	5.77053E-05	6.422653
5.59999	5.41E-11	6.447271	0.1000002	5.85587E-05	6.447271
5.69999	5.45E-11	6.471802	0.1	5.94134E-05	6.471802
5.79999	5.47E-11	6.496402	0.1000001	6.02678E-05	6.496402
5.89999	5.45E-11	6.520939	0.0999999	6.11232E-05	6.520939
5.99999	5.45E-11	6.545543	0.0999998	6.19804E-05	6.545543
6.09999	4.81E-11	6.605327	0.1000001	6.2827E-05	6.605327
6.19999	5.31E-11	6.629868	0.0999999	6.36895E-05	6.629868
6.29999	5.36E-11	6.65443	0.1000001	6.455E-05	6.65443
6.39999	5.43E-11	6.678958	0.1000001	6.54107E-05	6.678958
6.49999	5.46E-11	6.703515	0.1000003	6.62729E-05	6.703515
6.59999	5.51E-11	6.728038	0.1	6.71355E-05	6.728038
6.69999	5.51E-11	6.75255	0.1000001	6.7998E-05	6.75255
6.79999	5.51E-11	6.777067	0.0999999	6.88627E-05	6.777067
6.89999	5.51E-11	6.80157	0.1000001	6.9728E-05	6.80157
6.99999	5.54E-11	6.826113	0.1000001	7.05949E-05	6.826113
7.09999	5.59E-11	6.850622	0.1000001	7.14607E-05	6.850622
7.19999	5.61E-11	6.875236	0.0999999	7.23282E-05	6.875236
7.29999	5.64E-11	6.899772	0.1000002	7.31977E-05	6.899772
7.39999	5.57E-11	6.92454	0.1000002	7.40676E-05	6.92454
7.49999	5.61E-11	6.949147	0.1	7.49373E-05	6.949147
7.59999	5.69E-11	6.973678	0.1000001	7.58087E-05	6.973678
7.69999	5.7E-11	6.99829	0.1	7.66823E-05	6.99829
7.79999	5.71E-11	7.022799	0.1	7.75563E-05	7.022799
7.89999	5.67E-11	7.047319	0.0999998	7.84297E-05	7.047319
7.99999	5.08E-11	7.102183	0.1	7.92978E-05	7.102183
8.09999	5.54E-11	7.126704	0.1000003	8.0177E-05	7.126704
8.19999	5.62E-11	7.151219	0.1000002	8.10545E-05	7.151219
8.29999	5.69E-11	7.17573	0.1000003	8.1934E-05	7.17573
8.39999	5.72E-11	7.200305	0.1	8.28137E-05	7.200305
8.49999	5.77E-11	7.224928	0.1	8.36956E-05	7.224928
8.59999	5.71E-11	7.249475	0.1000001	8.4577E-05	7.249475
8.69999	5.76E-11	7.273981	0.1000002	8.54588E-05	7.273981
8.79999	5.69E-11	7.29854	0.1000003	8.63433E-05	7.29854
8.89999	5.82E-11	7.323059	0.1000002	8.72291E-05	7.323059
8.99999	5.84E-11	7.347597	0.1	8.81143E-05	7.347597
9.09999	5.81E-11	7.372156	0.1000001	8.90003E-05	7.372156
9.19999	5.83E-11	7.396676	0.1000001	8.98878E-05	7.396676
9.29999	5.89E-11	7.421285	0.0999999	9.07719E-05	7.421285
9.39999	5.91E-11	7.445867	0.1	9.16645E-05	7.445867
9.49999	5.89E-11	7.470399	0.0999999	9.25568E-05	7.470399
9.59999	5.86E-11	7.49499	0.0999998	9.34509E-05	7.49499
9.69999	5.9E-11	7.519512	0.1	9.43447E-05	7.519512
9.79999	5.92E-11	7.544157	0.1000001	9.52385E-05	7.544157
9.89999	5.16E-11	7.606168	0.0999999	9.61258E-05	7.606168
9.99999	5.65E-11	7.630761	0.0999999	9.70259E-05	7.630761
9.9	4.38E-11	7.655284	0.1000002	9.61157E-05	7.655284
9.8	4.21E-11	7.67982	0.0999999	9.52102E-05	7.67982
9.7	3.93E-11	7.704395	0.1000002	9.43082E-05	7.704395
9.6	3.81E-11	7.72892	0.0999998	9.34079E-05	7.72892
9.5	3.62E-11	7.753439	0.0999999	9.25082E-05	7.753439
9.4	3.49E-11	7.778007	0.0999999	9.16103E-05	7.778007
9.3	3.48E-11	7.802555	0.0999997	9.07134E-05	7.802555
9.2	3.33E-11	7.82706	0.0999998	8.98196E-05	7.82706
9.1	3.29E-11	7.85155	0.0999999	8.89256E-05	7.85155
9	3.18E-11	7.8761	0.1	8.80319E-05	7.8761
8.9	3.08E-11	7.900601	0.0999998	8.71433E-05	7.900601
8.8	3.06E-11	7.925116	0.0999996	8.62509E-05	7.925116
8.7	2.97E-11	7.949648	0.1000002	8.53591E-05	7.949648
8.6	2.93E-11	7.974272	0.1	8.44689E-05	7.974272
8.5	2.87E-11	7.998892	0.0999999	8.35792E-05	7.998892
8.4	2.81E-11	8.023415	0.0999998	8.26904E-05	8.023415
8.3	2.73E-11	8.047926	0.0999998	8.18035E-05	8.047926
8.2	3.51E-11	8.126393	0.0999997	8.09229E-05	8.126393
8.1	2.95E-11	8.150926	0.1	8.00373E-05	8.150926
8	2.79E-11	8.175465	0.0999998	7.91516E-05	8.175465
7.9	2.71E-11	8.200003	0.1	7.82676E-05	8.200003
7.8	2.66E-11	8.224598	0.1	7.73857E-05	8.224598
7.7	2.65E-11	8.249146	0.1000001	7.65049E-05	8.249146
7.6	2.54E-11	8.273714	0.1	7.56244E-05	8.273714
7.5	2.5E-11	8.298229	0.0999998	7.47452E-05	8.298229
7.4	2.44E-11	8.322764	0.1000001	7.38674E-05	8.322764
7.3	2.39E-11	8.347285	0.1	7.29907E-05	8.347285
7.2	2.35E-11	8.371777	0.0999997	7.2114E-05	8.371777
7.1	2.3E-11	8.396288	0.0999998	7.12396E-05	8.396288
7	2.29E-11	8.4208	0.0999998	7.03651E-05	8.4208
6.9	2.27E-11	8.445357	0.0999998	6.94906E-05	8.445357
6.8	2.24E-11	8.469939	0.0999999	6.86182E-05	8.469939
6.7	2.21E-11	8.49447	0.0999999	6.77459E-05	8.49447
6.6	2.13E-11	8.519073	0.1	6.6876E-05	8.519073
6.5	2.1E-11	8.543618	0.1	6.60056E-05	8.543618
6.4	2.04E-11	8.568087	0.0999999	6.51354E-05	8.568087
6.3	2.6E-11	8.611797	0.1000001	6.42723E-05	8.611797
6.2	2.07E-11	8.636304	0.1000002	6.34045E-05	8.636304
6.1	2E-11	8.660843	0.0999996	6.25373E-05	8.660843
6	1.96E-11	8.685446	0.0999998	6.16716E-05	8.685446
5.9	1.89E-11	8.710037	0.0999998	6.08057E-05	8.710037
5.8	1.87E-11	8.734549	0.0999998	5.99415E-05	8.734549
5.7	1.87E-11	8.759118	0.1	5.90786E-05	8.759118
5.6	1.81E-11	8.783665	0.1	5.82168E-05	8.783665
5.5	1.73E-11	8.80819	0.1	5.73553E-05	8.80819
5.4	1.73E-11	8.832728	0.0999998	5.64942E-05	8.832728
5.3	1.63E-11	8.857247	0.1000001	5.56353E-05	8.857247
5.2	1.58E-11	8.881829	0.1000001	5.47765E-05	8.881829
5.1	1.56E-11	8.906376	0.1	5.39189E-05	8.906376
5	1.53E-11	8.930899	0.0999997	5.30615E-05	8.930899
4.9	1.49E-11	8.955409	0.0999997	5.22047E-05	8.955409
4.8	1.46E-11	8.979968	0.0999999	5.13503E-05	8.979968
4.7	1.35E-11	9.004549	0.0999997	5.04948E-05	9.004549
4.6	1.32E-11	9.029111	0.0999999	4.96412E-05	9.029111
4.5	1.28E-11	9.053637	0.1	4.87885E-05	9.053637
4.4	1.88E-11	9.112936	0.1	4.79417E-05	9.112936
4.3	1.42E-11	9.137485	0.1	4.70898E-05	9.137485
4.2	1.28E-11	9.16201	0.1	4.62389E-05	9.16201
4.1	1.19E-11	9.186521	0.1000003	4.53886E-05	9.186521
4	1.16E-11	9.21117	0.0999998	4.45402E-05	9.21117
3.9	1.05E-11	9.235688	0.0999997	4.36919E-05	9.235688
3.8	1E-11	9.260196	0.1	4.28443E-05	9.260196
3.7	9.3E-12	9.284714	0.0999999	4.19975E-05	9.284714
3.6	8.6E-12	9.309238	0.0999998	4.11521E-05	9.309238
3.5	7.8E-12	9.333745	0.0999998	4.03076E-05	9.333745
3.4	7.6E-12	9.358278	0.1	3.94637E-05	9.358278
3.3	6.6E-12	9.382795	0.1	3.86205E-05	9.382795
3.2	6.2E-12	9.407319	0.0999997	3.77786E-05	9.407319
3.1	5.8E-12	9.431986	0.0999999	3.69371E-05	9.431986
3	5.1E-12	9.456499	0.0999998	3.60957E-05	9.456499
2.9	4.3E-12	9.481012	0.0999999	3.5256E-05	9.481012
2.8	3.4E-12	9.505638	0.1	3.44177E-05	9.505638
2.7	2.9E-12	9.53017	0.0999998	3.35801E-05	9.53017
2.6	1.7E-12	9.55476	0.1	3.27435E-05	9.55476
2.5	7.5E-12	9.610393	0.1	3.19122E-05	9.610393
2.4	2.2E-12	9.634963	0.0999998	3.10763E-05	9.634963
2.3	8E-13	9.659481	0.0999999	3.02421E-05	9.659481
2.2	-2E-13	9.684035	0.0999998	2.94091E-05	9.684035
2.099999	1.9E-12	9.710527	0.1000001	2.85824E-05	9.710527
2	-2.2E-12	9.735047	0.1000001	2.77522E-05	9.735047
1.9	-3.1E-12	9.759589	0.0999999	2.69228E-05	9.759589
1.8	-4.6E-12	9.784194	0.0999999	2.60951E-05	9.784194
1.7	-6E-12	9.808726	0.0999997	2.52686E-05	9.808726
1.6	-7.3E-12	9.833227	0.1	2.44435E-05	9.833227
1.5	-8.4E-12	9.857791	0.0999998	2.36205E-05	9.857791
1.4	-1E-11	9.882322	0.1	2.27989E-05	9.882322
1.3	-1.15E-11	9.906854	0.0999999	2.19803E-05	9.906854
1.2	-1.31E-11	9.931363	0.1	2.11635E-05	9.931363
1.1	-1.42E-11	9.955921	0.1	2.03496E-05	9.955921
1	-1.57E-11	9.980442	0.0999998	1.95389E-05	9.980442
0.9	-1.75E-11	10.0051	0.0999999	1.87319E-05	10.0051
0.8	-1.92E-11	10.029609	0.1	1.79288E-05	10.029609
0.7	-2.09E-11	10.054164	0.0999999	1.71299E-05	10.054164
0.6	-1.63E-11	10.116571	0.0999999	1.63426E-05	10.116571
0.5	-2.31E-11	10.141125	0.0999998	1.55535E-05	10.141125
0.4	-2.6E-11	10.165642	0.0999998	1.47714E-05	10.165642
0.3	-2.89E-11	10.190175	0.1	1.39958E-05	10.190175
0.2	-2.79E-11	10.216602	0.1	1.32276E-05	10.216602
0.0999997	-3.35E-11	10.241088	0.1	1.24641E-05	10.241088
-3E-07	-3.58E-11	10.265588	0.0999998	1.17078E-05	10.265588
#scan	iMeasureCycle=2	iMux=0	time=279.709	N=401	LocalTime=19/04/2023 23:30:20
#VGate(V)	IGate(A)	time(s)	VDrain(V)	IDrain(A)	time(s)
-1E-07	-1.42E-11	279.716473	0.1	1.18955E-05	279.716473
-0.1000004	-2.23E-11	279.741337	0.1	1.11306E-05	279.741337
-0.2	-2.34E-11	279.766964	0.1	1.03746E-05	279.766964
-0.3	-2.96E-11	279.791708	0.0999998	9.6263E-06	279.791708
-0.4	-2.88E-11	279.818866	0.1000001	8.89301E-06	279.818866
-0.5	-3.45E-11	279.843504	0.0999999	8.165E-06	279.843504
-0.6	-3.68E-11	279.868038	0.1	7.44876E-06	279.868038
-0.7	-3.88E-11	279.892583	0.1	6.7476E-06	279.892583
-0.8	-4.02E-11	279.917091	0.0999998	6.06248E-06	279.917091
-0.9	-4.19E-11	279.941644	0.1	5.39744E-06	279.941644
-1	-4.32E-11	279.966265	0.0999999	4.75534E-06	279.966265
-1.1	-4.45E-11	279.99082	0.0999999	4.13886E-06	279.99082
-1.2	-4.58E-11	280.015349	0.0999997	3.55211E-06	280.015349
-1.3	-4.68E-11	280.039869	0.0999999	3.00114E-06	280.039869
-1.4	-4.76E-11	280.064409	0.0999997	2.48857E-06	280.064409
-1.5	-4.84E-11	280.088921	0.1	2.01968E-06	280.088921
-1.6	-4.9E-11	280.113423	0.1	1.59856E-06	280.113423
-1.7	-4.97E-11	280.137941	0.1000001	1.22841E-06	280.137941
-1.8	-5.04E-11	280.162449	0.1	9.1091E-07	280.162449
-1.9	-4.69E-11	280.189834	0.0999998	6.48258E-07	280.189834
-2	-5.16E-11	280.214326	0.0999995	4.36932E-07	280.214326
-2.1	-5.15E-11	280.238852	0.0999996	2.76299E-07	280.238852
-2.2	-4.57E-11	280.283109	0.0999999	1.63078E-07	280.283109
-2.3	-4.59E-11	280.320854	0.0999953	8.74395E-08	280.320854
-2.4	-6.61E-11	280.344089	0.1000097	4.12478E-08	280.344089
-2.5	-6.58E-11	280.368714	0.1000042	1.70749E-08	280.368714
-2.6	-6.83E-11	280.391952	0.1000018	6.0394E-09	280.391952
-2.7	-6.94E-11	280.415171	0.1000006	1.8032E-09	280.415171
-2.8	-6.99E-11	280.438384	0.1000004	4.493E-10	280.438384
-2.9	-7.03E-11	280.461673	0.1000001	8.88E-11	280.461673
-3	-6.89E-11	280.484974	0.1	9.1E-12	280.484974
-3.1	-7.12E-11	280.508285	0.1000002	-5E-12	280.508285
-3.2	-7E-11	280.531577	0.1000002	-6.9E-12	280.531577
-3.3	-7.04E-11	280.554852	0.1	-7.1E-12	280.554852
-3.4	-7.04E-11	280.578161	0.1000001	-7.1E-12	280.578161
-3.5	-7.33E-11	280.601391	0.1000001	-6.9E-12	280.601391
-3.6	-7.16E-11	280.624677	0.1000001	-7.2E-12	280.624677
-3.7	-7.15E-11	280.647963	0.1000001	-6.9E-12	280.647963
-3.8	-7.39E-11	280.671195	0.1	-6.7E-12	280.671195
-3.9	-7.28E-11	280.694487	0.1000002	-7.5E-12	280.694487
-4	-7.23E-11	280.717771	0.1000001	-7.1E-12	280.717771
-4.1	-5.27E-11	280.76566	0.1000001	-8.9E-12	280.76566
-4.2	-7.11E-11	280.789017	0.1	-7.1E-12	280.789017
-4.3	-7.36E-11	280.812316	0.1000002	-6.7E-12	280.812316
-4.4	-7.42E-11	280.835557	0.1000001	-7.1E-12	280.835557
-4.5	-7.31E-11	280.858937	0.1	-6.7E-12	280.858937
-4.6	-7.39E-11	280.882355	0.1000002	-7.3E-12	280.882355
-4.7	-7.59E-11	280.905588	0.1000001	-6.7E-12	280.905588
-4.8	-7.63E-11	280.928794	0.1000003	-6.6E-12	280.928794
-4.9	-7.46E-11	280.952084	0.1000002	-7E-12	280.952084
-5	-7.52E-11	280.975389	0.1000001	-7.3E-12	280.975389
-5.1	-7.78E-11	280.998604	0.1000003	-6.6E-12	280.998604
-5.2	-7.6E-11	281.021882	0.1000001	-6.8E-12	281.021882
-5.3	-7.56E-11	281.045169	0.1	-6.9E-12	281.045169
-5.4	-7.74E-11	281.068374	0.1000002	-6.5E-12	281.068374
-5.5	-7.81E-11	281.091602	0.1000001	-6.7E-12	281.091602
-5.6	-7.84E-11	281.114811	0.1	-6.4E-12	281.114811
-5.7	-7.66E-11	281.138105	0.1000002	-6.7E-12	281.138105
-5.8	-7.7E-11	281.161385	0.1000002	-6.7E-12	281.161385
-5.9	-7.9E-11	281.184763	0.1000001	-6.4E-12	281.184763
-6	-7.78E-11	281.208047	0.1000001	-6.6E-12	281.208047
-6.1	-7.78E-11	281.23135	0.1000002	-6.6E-12	281.23135
-6.2	-5.87E-11	281.281395	0.0999999	-8.3E-12	281.281395
-6.3	-7.78E-11	281.304643	0.1000003	-6.7E-12	281.304643
-6.4	-7.83E-11	281.327858	0.1000001	-6.3E-12	281.327858
-6.5	-7.88E-11	281.351072	0.1000002	-6.4E-12	281.351072
-6.6	-7.76E-11	281.37441	0.1000002	-6.1E-12	281.37441
-6.7	-7.96E-11	281.397648	0.1000002	-6.6E-12	281.397648
-6.8	-8E-11	281.420866	0.1	-5.9E-12	281.420866
-6.9	-8.03E-11	281.444087	0.1000002	-6.3E-12	281.444087
-7	-8.09E-11	281.467384	0.1000002	-6.6E-12	281.467384
-7.1	-7.91E-11	281.490691	0.1000001	-6.7E-12	281.490691
-7.2	-8E-11	281.514044	0.1	-6.6E-12	281.514044
-7.3	-7.95E-11	281.537358	0.1000002	-6.5E-12	281.537358
-7.4	-7.96E-11	281.56065	0.1000002	-6.3E-12	281.56065
-7.5	-8.19E-11	281.583872	0.1000001	-6.2E-12	281.583872
-7.6	-8E-11	281.607167	0.1000002	-6.2E-12	281.607167
-7.7	-8.03E-11	281.630457	0.1	-6.6E-12	281.630457
-7.8	-8E-11	281.65374	0.1000002	-6.9E-12	281.65374
-7.9	-8.29E-11	281.676953	0.1000004	-6.2E-12	281.676953
-8	-8.23E-11	281.700171	0.1	-6E-12	281.700171
-8.1	-8.11E-11	281.72346	0.1000001	-6.1E-12	281.72346
-8.2	-6.17E-11	281.782692	0.1	-7.8E-12	281.782692
-8.3	-8.05E-11	281.805936	0.1000002	-6.3E-12	281.805936
-8.4	-8.18E-11	281.829167	0.1	-6.1E-12	281.829167
-8.5	-8.22E-11	281.85246	0.1000002	-5.9E-12	281.85246
-8.6	-8.04E-11	281.875808	0.1	-5.9E-12	281.875808
-8.7	-8.18E-11	281.899059	0.1000001	-5.7E-12	281.899059
-8.8	-8.2E-11	281.922285	0.1000002	-5.9E-12	281.922285
-8.9	-8.33E-11	281.94549	0.1	-6.4E-12	281.94549
-9	-8.15E-11	281.968875	0.1	-6.2E-12	281.968875
-9.1	-8.29E-11	281.992102	0.1000001	-5.8E-12	281.992102
-9.2	-8.17E-11	282.015406	0.1	-6.4E-12	282.015406
-9.3	-8.24E-11	282.038688	0.1000001	-5.8E-12	282.038688
-9.4	-8.29E-11	282.061992	0.1000001	-5.9E-12	282.061992
-9.5	-8.4E-11	282.085217	0.1000002	-5.8E-12	282.085217
-9.6	-8.42E-11	282.10844	0.1000001	-5.5E-12	282.10844
-9.7	-8.26E-11	282.131727	0.1000002	-5.7E-12	282.131727
-9.8	-8.24E-11	282.155027	0.1	-5.9E-12	282.155027
-9.9	-8.44E-11	282.178325	0.1000001	-5.8E-12	282.178325
-10	-8.3E-11	282.201697	0.1000003	-5.7E-12	282.201697
-9.90001	-4.4E-11	282.224972	0.0999996	-9.6E-12	282.224972
-9.80001	-5.75E-11	282.284312	0.0999999	-7.6E-12	282.284312
-9.70001	-3.59E-11	282.307554	0.0999997	-9.5E-12	282.307554
-9.60001	-3.57E-11	282.33092	0.0999996	-9.4E-12	282.33092
-9.50001	-3.43E-11	282.354194	0.0999996	-9.3E-12	282.354194
-9.40001	-3.13E-11	282.377472	0.0999998	-9.5E-12	282.377472
-9.30001	-3.05E-11	282.400714	0.0999996	-9.8E-12	282.400714
-9.20001	-3.11E-11	282.423998	0.0999998	-9.4E-12	282.423998
-9.10001	-3.05E-11	282.447282	0.0999996	-9.6E-12	282.447282
-9.00001	-2.79E-11	282.470594	0.0999998	-9.8E-12	282.470594
-8.90001	-2.68E-11	282.493806	0.0999998	-9.4E-12	282.493806
-8.80001	-2.79E-11	282.517185	0.0999997	-9.3E-12	282.517185
-8.70001	-2.57E-11	282.540407	0.0999998	-9.9E-12	282.540407
-8.60001	-2.53E-11	282.563624	0.0999996	-9.4E-12	282.563624
-8.50001	-2.68E-11	282.586935	0.0999998	-9.5E-12	282.586935
-8.40001	-2.59E-11	282.61022	0.0999996	-9.4E-12	282.61022
-8.30001	-2.4E-11	282.63344	0.0999997	-9.7E-12	282.63344
-8.20001	-2.28E-11	282.656652	0.0999997	-1E-11	282.656652
-8.10001	-2.25E-11	282.679859	0.0999999	-1E-11	282.679859
-8	-2.46E-11	282.703205	0.0999997	-9.3E-12	282.703205
-7.90001	-2.19E-11	282.726414	0.0999996	-9.8E-12	282.726414
-7.80001	-4.2E-11	282.781315	0.0999999	-7.9E-12	282.781315
-7.70001	-2.25E-11	282.804556	0.0999996	-9.9E-12	282.804556
-7.6	-2.11E-11	282.827775	0.0999994	-1E-11	282.827775
-7.50001	-2.02E-11	282.851076	0.0999998	-1E-11	282.851076
-7.40001	-2.16E-11	282.874419	0.0999998	-1.01E-11	282.874419
-7.30001	-2E-11	282.897662	0.0999996	-9.8E-12	282.897662
-7.2	-1.92E-11	282.920892	0.0999999	-1.01E-11	282.920892
-7.10001	-2.02E-11	282.94418	0.0999998	-9.8E-12	282.94418
-7.00001	-1.96E-11	282.967562	0.0999998	-9.6E-12	282.967562
-6.90001	-1.79E-11	282.990824	0.0999998	-9.9E-12	282.990824
-6.80001	-1.69E-11	283.014047	0.0999997	-1.06E-11	283.014047
-6.70001	-1.84E-11	283.037332	0.0999997	-1.01E-11	283.037332
-6.60001	-1.83E-11	283.060622	0.0999997	-9.7E-12	283.060622
-6.50001	-1.62E-11	283.083823	0.0999997	-1.04E-11	283.083823
-6.40001	-1.6E-11	283.107061	0.0999997	-1.06E-11	283.107061
-6.30001	-1.73E-11	283.13035	0.0999996	-9.9E-12	283.13035
-6.20001	-1.72E-11	283.153637	0.0999997	-1.02E-11	283.153637
-6.10001	-1.59E-11	283.176872	0.0999998	-1.03E-11	283.176872
-6.00001	-1.43E-11	283.200099	0.0999997	-1.01E-11	283.200099
-5.90001	-1.47E-11	283.223343	0.0999997	-1.01E-11	283.223343
-5.80001	-1.57E-11	283.246643	0.0999997	-9.9E-12	283.246643
-5.70001	-3.33E-11	283.287112	0.0999998	-8.1E-12	283.287112
-5.60001	-1.59E-11	283.310437	0.0999997	-1.01E-11	283.310437
-5.50001	-1.46E-11	283.333724	0.0999997	-1.05E-11	283.333724
-5.40001	-1.25E-11	283.35693	0.0999996	-1.04E-11	283.35693
-5.30001	-1.24E-11	283.3802	0.0999998	-1.03E-11	283.3802
-5.20001	-1.41E-11	283.403522	0.0999998	-1E-11	283.403522
-5.1	-1.31E-11	283.426902	0.0999999	-1.03E-11	283.426902
-5.00001	-1.1E-11	283.450107	0.0999997	-1.05E-11	283.450107
-4.90001	-1.04E-11	283.473407	0.0999997	-1.04E-11	283.473407
-4.80001	-1.31E-11	283.496768	0.0999997	-1.03E-11	283.496768
-4.7	-1.02E-11	283.520091	0.0999997	-1.08E-11	283.520091
-4.60001	-8.9E-12	283.543299	0.0999998	-1.07E-11	283.543299
-4.50001	-1.03E-11	283.566594	0.0999998	-1.09E-11	283.566594
-4.40001	-9.9E-12	283.589863	0.0999995	-1.04E-11	283.589863
-4.3	-7.6E-12	283.613086	0.0999997	-1.08E-11	283.613086
-4.20001	-6.7E-12	283.636301	0.0999998	-1.08E-11	283.636301
-4.10001	-8.4E-12	283.659601	0.0999998	-1.06E-11	283.659601
-4.00001	-7.8E-12	283.68288	0.0999997	-1.08E-11	283.68288
-3.90001	-5.6E-12	283.706111	0.0999998	-1.08E-11	283.706111
-3.80001	-4.8E-12	283.729325	0.0999996	-1.11E-11	283.729325
-3.70001	-2.6E-11	283.788552	0.1	-9.2E-12	283.788552
-3.60001	-7.3E-12	283.811865	0.0999995	-1.11E-11	283.811865
-3.50001	-6.6E-12	283.835155	0.0999999	-1.08E-11	283.835155
-3.40001	-4.1E-12	283.85846	0.0999998	-1.1E-11	283.85846
-3.30001	-3.4E-12	283.881727	0.0999996	-1.1E-11	283.881727
-3.20001	-3.9E-12	283.90504	0.0999998	-1.02E-11	283.90504
-3.10001	-1.7E-12	283.928251	0.0999997	-3.8E-12	283.928251
-3.00001	-1.3E-12	283.951472	0.0999996	3.37E-11	283.951472
-2.90001	-3E-13	283.974761	0.0999999	2.129E-10	283.974761
-2.80001	-1.5E-12	283.998041	0.0999999	9.224E-10	283.998041
-2.70001	-4E-13	284.021335	0.1000007	3.251E-09	284.021335
-2.60001	2.1E-12	284.044539	0.1000012	9.7384E-09	284.044539
-2.50001	2.7E-12	284.067744	0.1000028	2.49831E-08	284.067744
-2.40001	1.8E-12	284.091031	0.1000026	5.56744E-08	284.091031
-2.30001	-1.77E-11	284.139124	0.0999999	1.07213E-07	284.139124
-2.20001	-1.28E-11	284.163773	0.1000004	1.95217E-07	284.163773
-2.099999	-1.45E-11	284.190287	0.1000004	3.23158E-07	284.190287
-2.000001	-1.05E-11	284.214806	0.1000006	4.97751E-07	284.214806
-1.9	-9.4E-12	284.239336	0.1000008	7.21945E-07	284.239336
-1.800001	-1.5E-11	284.294069	0.1000003	9.90574E-07	284.294069
-1.7	-1.42E-11	284.328718	0.1	1.31903E-06	284.328718
-1.6	-8.3E-12	284.353219	0.1000001	1.70324E-06	284.353219
-1.5	-6.7E-12	284.377809	0.1	2.13425E-06	284.377809
-1.400001	-5.4E-12	284.402352	0.0999999	2.61095E-06	284.402352
-1.3	-4.5E-12	284.426884	0.0999999	3.1294E-06	284.426884
-1.2	-3.3E-12	284.451392	0.1	3.6857E-06	284.451392
-1.100001	-2.2E-12	284.47605	0.1	4.27466E-06	284.47605
-1	-6E-13	284.500566	0.1000001	4.89246E-06	284.500566
-0.900001	1E-13	284.525168	0.1	5.53537E-06	284.525168
-0.8	2E-12	284.549673	0.1	6.19995E-06	284.549673
-0.700001	3.2E-12	284.574209	0.1000002	6.8836E-06	284.574209
-0.6	4.4E-12	284.598711	0.1	7.58335E-06	284.598711
-0.500001	6.3E-12	284.623272	0.1000002	8.29639E-06	284.623272
-0.4	7.8E-12	284.6478	0.1	9.0215E-06	284.6478
-0.3	8.9E-12	284.672306	0.1	9.7563E-06	284.672306
-0.2	5.1E-12	284.708614	0.1000001	1.04927E-05	284.708614
-0.0999996	1.12E-11	284.733151	0.1000002	1.12461E-05	284.733151
-1E-07	6.6E-12	284.795597	0.0999999	1.19968E-05	284.795597
0.1000001	1.37E-11	284.82012	0.0999998	1.27648E-05	284.82012
0.2000004	1.64E-11	284.844619	0.0999999	1.35374E-05	284.844619
0.299999	1.79E-11	284.869462	0.0999998	1.43153E-05	284.869462
0.4	2.03E-11	284.894013	0.1	1.50992E-05	284.894013
0.5	2.25E-11	284.918539	0.1	1.58898E-05	284.918539
0.599999	2.45E-11	284.943036	0.1000001	1.66856E-05	284.943036
0.7	2.62E-11	284.967725	0.1000001	1.74861E-05	284.967725
0.799999	2.82E-11	284.992234	0.0999999	1.82916E-05	284.992234
0.899999	3.01E-11	285.016771	0.1	1.91015E-05	285.016771
0.999999	3.25E-11	285.041292	0.0999999	1.99152E-05	285.041292
1.1	3.41E-11	285.065799	0.1000002	2.07311E-05	285.065799
1.2	3.54E-11	285.090332	0.0999998	2.15508E-05	285.090332
1.3	3.73E-11	285.11484	0.0999999	2.23717E-05	285.11484
1.4	3.84E-11	285.139355	0.1	2.31951E-05	285.139355
1.5	3.95E-11	285.163852	0.1000003	2.40209E-05	285.163852
1.599999	4.08E-11	285.188459	0.1	2.48471E-05	285.188459
1.699999	4.21E-11	285.212915	0.1000002	2.56754E-05	285.212915
1.8	4.26E-11	285.237474	0.1000001	2.65038E-05	285.237474
1.899999	3.6E-11	285.296996	0.1000001	2.73268E-05	285.296996
2	4.15E-11	285.32156	0.1000002	2.81597E-05	285.32156
2.099999	4.28E-11	285.34607	0.1000001	2.89933E-05	285.34607
2.19999	4.32E-11	285.370797	0.1000002	2.98217E-05	285.370797
2.29999	4.47E-11	285.395359	0.0999998	3.06557E-05	285.395359
2.39999	4.54E-11	285.41991	0.0999998	3.14903E-05	285.41991
2.49999	4.61E-11	285.444448	0.1000002	3.23255E-05	285.444448
2.59999	4.63E-11	285.469086	0.1000001	3.31602E-05	285.469086
2.69999	4.69E-11	285.493595	0.1000003	3.39963E-05	285.493595
2.79999	4.74E-11	285.518183	0.1	3.48326E-05	285.518183
2.89999	4.77E-11	285.542719	0.0999998	3.5669E-05	285.542719
2.99999	4.84E-11	285.56723	0.1000001	3.65059E-05	285.56723
3.09999	4.82E-11	285.591757	0.1	3.73432E-05	285.591757
3.19999	4.91E-11	285.616262	0.0999999	3.81808E-05	285.616262
3.29999	4.89E-11	285.640813	0.1	3.90193E-05	285.640813
3.39999	4.96E-11	285.665318	0.1000001	3.98574E-05	285.665318
3.49999	5E-11	285.689871	0.1000001	4.06963E-05	285.689871
3.59999	5.07E-11	285.714368	0.1	4.15352E-05	285.714368
3.69999	5.04E-11	285.738879	0.0999998	4.2375E-05	285.738879
3.79999	4.37E-11	285.795966	0.0999997	4.32056E-05	285.795966
3.89999	4.86E-11	285.820505	0.1000001	4.4049E-05	285.820505
3.99999	4.96E-11	285.845047	0.1000002	4.48925E-05	285.845047
4.09999	5.02E-11	285.869656	0.0999999	4.57354E-05	285.869656
4.19999	5.1E-11	285.894237	0.1000001	4.65787E-05	285.894237
4.29999	5.09E-11	285.91877	0.0999999	4.74219E-05	285.91877
4.39999	5.09E-11	285.943313	0.1000001	4.82659E-05	285.943313
4.49999	5.22E-11	285.967804	0.0999999	4.91108E-05	285.967804
4.59999	5.17E-11	285.992393	0.1000001	4.99552E-05	285.992393
4.69999	5.29E-11	286.016895	0.1	5.08021E-05	286.016895
4.79999	5.26E-11	286.041449	0.1000002	5.16502E-05	286.041449
4.89999	5.31E-11	286.065947	0.1000003	5.24973E-05	286.065947
4.99999	5.34E-11	286.090452	0.1	5.33451E-05	286.090452
5.09999	5.34E-11	286.11499	0.1	5.41946E-05	286.11499
5.19999	5.4E-11	286.139608	0.1000001	5.50447E-05	286.139608
5.29999	5.32E-11	286.164334	0.1	5.58949E-05	286.164334
5.39999	5.46E-11	286.188936	0.0999999	5.67467E-05	286.188936
5.49999	5.43E-11	286.213492	0.1	5.75998E-05	286.213492
5.59999	5.47E-11	286.238004	0.0999999	5.84532E-05	286.238004
5.69999	4.79E-11	286.297342	0.1	5.92973E-05	286.297342
5.79999	5.28E-11	286.321981	0.1000002	6.01553E-05	286.321981
5.89999	5.36E-11	286.346593	0.1000002	6.10131E-05	286.346593
5.99999	5.42E-11	286.371134	0.1	6.18712E-05	286.371134
6.09999	5.42E-11	286.395763	0.1	6.27293E-05	286.395763
6.19999	5.46E-11	286.420327	0.0999999	6.35886E-05	286.420327
6.29999	5.51E-11	286.44484	0.1	6.44479E-05	286.44484
6.39999	5.54E-11	286.469308	0.0999999	6.53085E-05	286.469308
6.49999	5.53E-11	286.493856	0.0999999	6.61721E-05	286.493856
6.59999	5.63E-11	286.518389	0.1000002	6.70334E-05	286.518389
6.69999	5.62E-11	286.543101	0.1000002	6.78969E-05	286.543101
6.79999	5.63E-11	286.567629	0.1	6.87621E-05	286.567629
6.89999	5.62E-11	286.592155	0.1000001	6.96271E-05	286.592155
6.99999	5.61E-11	286.616708	0.1	7.04933E-05	286.616708
7.09999	5.68E-11	286.64123	0.1	7.13597E-05	286.64123
7.19999	5.65E-11	286.66577	0.0999998	7.22279E-05	286.66577
7.29999	5.7E-11	286.690282	0.1	7.30966E-05	286.690282
7.39999	5.73E-11	286.714824	0.1000003	7.39662E-05	286.714824
7.49999	5.71E-11	286.739334	0.1000002	7.48374E-05	286.739334
7.59999	5.05E-11	286.799041	0.1000001	7.56998E-05	286.799041
7.69999	5.58E-11	286.823569	0.0999998	7.65769E-05	286.823569
7.79999	5.62E-11	286.848153	0.1	7.74513E-05	286.848153
7.89999	5.67E-11	286.872757	0.0999998	7.83267E-05	286.872757
7.99999	5.68E-11	286.897332	0.1000003	7.92037E-05	286.897332
8.09999	5.7E-11	286.921875	0.1	8.00811E-05	286.921875
8.19999	5.76E-11	286.946396	0.1000003	8.09591E-05	286.946396
8.29999	5.73E-11	286.970964	0.0999999	8.18369E-05	286.970964
8.39999	5.81E-11	286.995478	0.0999999	8.27167E-05	286.995478
8.49999	5.73E-11	287.020003	0.1	8.35983E-05	287.020003
8.59999	5.78E-11	287.044515	0.0999999	8.44794E-05	287.044515
8.69999	5.77E-11	287.069048	0.1000003	8.53619E-05	287.069048
8.79999	5.82E-11	287.093576	0.0999998	8.62454E-05	287.093576
8.89999	5.89E-11	287.11811	0.1000002	8.71323E-05	287.11811
8.99999	5.91E-11	287.142615	0.1000002	8.80176E-05	287.142615
9.09999	5.87E-11	287.167144	0.1000001	8.8904E-05	287.167144
9.19999	5.86E-11	287.191765	0.1000001	8.97922E-05	287.191765
9.29999	5.88E-11	287.216304	0.0999999	9.06781E-05	287.216304
9.39999	5.88E-11	287.240838	0.1000001	9.15699E-05	287.240838
9.49999	5.26E-11	287.30044	0.0999999	9.2455E-05	287.30044
9.59999	5.73E-11	287.324999	0.0999999	9.33509E-05	287.324999
9.69999	5.74E-11	287.349606	0.1000002	9.42455E-05	287.349606
9.79999	5.87E-11	287.374112	0.1	9.51423E-05	287.374112
9.89999	5.9E-11	287.398678	0.1000002	9.60384E-05	287.398678
9.99999	5.93E-11	287.423205	0.0999998	9.69339E-05	287.423205
9.9	4.58E-11	287.447734	0.0999999	9.60237E-05	287.447734
9.8	4.27E-11	287.472284	0.1000001	9.51185E-05	287.472284
9.7	4.05E-11	287.496804	0.1000002	9.42154E-05	287.496804
9.6	3.91E-11	287.521369	0.1	9.33143E-05	287.521369
9.5	3.75E-11	287.545967	0.1	9.24152E-05	287.545967
9.4	3.63E-11	287.570504	0.0999999	9.15184E-05	287.570504
9.3	3.53E-11	287.595046	0.0999997	9.06216E-05	287.595046
9.2	3.44E-11	287.61956	0.0999998	8.9727E-05	287.61956
9.1	3.33E-11	287.644077	0.0999997	8.88328E-05	287.644077
9	3.25E-11	287.668608	0.1000002	8.79397E-05	287.668608
8.9	3.16E-11	287.693156	0.1	8.70507E-05	287.693156
8.8	3.06E-11	287.717701	0.1	8.6158E-05	287.717701
8.7	3.04E-11	287.742292	0.0999999	8.52651E-05	287.742292
8.6	3.6E-11	287.802021	0.1	8.43778E-05	287.802021
8.5	3.06E-11	287.82654	0.0999998	8.34871E-05	287.82654
8.4	2.95E-11	287.851076	0.1000002	8.25984E-05	287.851076
8.3	2.88E-11	287.875688	0.0999997	8.171E-05	287.875688
8.2	2.84E-11	287.900242	0.0999997	8.08239E-05	287.900242
8.1	2.75E-11	287.924795	0.0999998	7.99403E-05	287.924795
8	2.74E-11	287.94934	0.1	7.90552E-05	287.94934
7.9	2.64E-11	287.973908	0.0999999	7.81716E-05	287.973908
7.8	2.62E-11	287.998454	0.0999997	7.72897E-05	287.998454
7.7	2.56E-11	288.022985	0.1	7.6409E-05	288.022985
7.6	2.51E-11	288.047525	0.0999998	7.55281E-05	288.047525
7.5	2.56E-11	288.072069	0.0999999	7.4649E-05	288.072069
7.4	2.47E-11	288.0966	0.1	7.37721E-05	288.0966
7.3	2.48E-11	288.121166	0.1000001	7.2895E-05	288.121166
7.2	2.43E-11	288.145709	0.1000001	7.20182E-05	288.145709
7.1	2.36E-11	288.17024	0.0999998	7.11427E-05	288.17024
7	2.33E-11	288.194891	0.1	7.02689E-05	288.194891
6.9	2.23E-11	288.219397	0.0999998	6.93949E-05	288.219397
6.8	2.28E-11	288.244004	0.1000001	6.85222E-05	288.244004
6.7	2.8E-11	288.303896	0.0999998	6.76565E-05	288.303896
6.6	2.33E-11	288.328474	0.1	6.67839E-05	288.328474
6.5	2.19E-11	288.353	0.0999999	6.59143E-05	288.353
6.4	2.12E-11	288.377514	0.0999997	6.50448E-05	288.377514
6.3	2.07E-11	288.402097	0.0999998	6.4176E-05	288.402097
6.2	2.07E-11	288.426634	0.1	6.33079E-05	288.426634
6.1	2.07E-11	288.451191	0.1000001	6.2441E-05	288.451191
6	1.97E-11	288.475754	0.0999999	6.1576E-05	288.475754
5.9	1.94E-11	288.500288	0.0999999	6.07108E-05	288.500288
5.8	1.89E-11	288.524906	0.0999999	5.98457E-05	288.524906
5.7	1.78E-11	288.549445	0.1	5.89833E-05	288.549445
5.6	1.76E-11	288.573957	0.1	5.81209E-05	288.573957
5.5	1.79E-11	288.598482	0.1000001	5.72592E-05	288.598482
5.4	1.72E-11	288.622987	0.1	5.63985E-05	288.622987
5.3	1.68E-11	288.647524	0.0999997	5.5539E-05	288.647524
5.2	1.63E-11	288.672087	0.1	5.46802E-05	288.672087
5.1	1.61E-11	288.696642	0.0999999	5.38221E-05	288.696642
5	1.56E-11	288.721171	0.0999999	5.29649E-05	288.721171
4.9	1.5E-11	288.745704	0.1000001	5.2109E-05	288.745704
4.8	2.04E-11	288.800942	0.0999999	5.12576E-05	288.800942
4.7	1.54E-11	288.825467	0.1	5.04018E-05	288.825467
4.6	1.43E-11	288.84999	0.1000001	4.95481E-05	288.84999
4.5	1.37E-11	288.874599	0.0999998	4.86956E-05	288.874599
4.4	1.33E-11	288.899189	0.1000001	4.78433E-05	288.899189
4.3	1.25E-11	288.923735	0.1000002	4.69917E-05	288.923735
4.2	1.21E-11	288.948232	0.0999998	4.61419E-05	288.948232
4.1	1.19E-11	288.972792	0.1000002	4.52917E-05	288.972792
4	1.09E-11	288.997397	0.0999999	4.4443E-05	288.997397
3.9	1.09E-11	289.021935	0.1	4.35952E-05	289.021935
3.8	1E-11	289.04645	0.0999998	4.27484E-05	289.04645
3.7	9.1E-12	289.071059	0.1000001	4.1902E-05	289.071059
3.6	8.7E-12	289.095568	0.1	4.10564E-05	289.095568
3.5	8.1E-12	289.120087	0.1	4.02118E-05	289.120087
3.4	8.1E-12	289.144589	0.1000001	3.93683E-05	289.144589
3.3	6.8E-12	289.169064	0.0999999	3.85248E-05	289.169064
3.2	6.8E-12	289.193688	0.0999999	3.76831E-05	289.193688
3.1	5.5E-12	289.218232	0.0999997	3.68411E-05	289.218232
3	5E-12	289.242777	0.0999999	3.60017E-05	289.242777
2.9	1.2E-11	289.305002	0.1	3.51677E-05	289.305002
2.8	6.4E-12	289.329597	0.1	3.43281E-05	289.329597
2.7	4.7E-12	289.354138	0.1000001	3.34896E-05	289.354138
2.6	4.2E-12	289.37869	0.1000001	3.26528E-05	289.37869
2.5	3E-12	289.403271	0.0999998	3.18173E-05	289.403271
2.4	1.7E-12	289.427807	0.1000001	3.09815E-05	289.427807
2.3	1E-13	289.45232	0.1	3.01478E-05	289.45232
2.2	5E-13	289.477059	0.0999999	2.93156E-05	289.477059
2.099999	1.9E-12	289.50349	0.1	2.84884E-05	289.50349
2	-2.2E-12	289.5281	0.1000001	2.76583E-05	289.5281
1.9	-3.9E-12	289.552628	0.1	2.68296E-05	289.552628
1.8	-4.3E-12	289.577172	0.1000001	2.60012E-05	289.577172
1.7	-5.6E-12	289.601714	0.1	2.51755E-05	289.601714
1.6	-6.7E-12	289.626269	0.0999999	2.43511E-05	289.626269
1.5	-8.4E-12	289.650804	0.0999999	2.35284E-05	289.650804
1.4	-9.3E-12	289.675325	0.0999997	2.27072E-05	289.675325
1.3	-1.07E-11	289.699829	0.1	2.18881E-05	289.699829
1.2	-1.24E-11	289.72435	0.0999999	2.10724E-05	289.72435
1.1	-1.36E-11	289.74889	0.1	2.02589E-05	289.74889
1	-8.6E-12	289.808183	0.1000001	1.94539E-05	289.808183
0.9	-1.54E-11	289.832704	0.1	1.86463E-05	289.832704
0.8	-1.72E-11	289.857229	0.0999999	1.78428E-05	289.857229
0.7	-1.96E-11	289.881834	0.0999999	1.70441E-05	289.881834
0.6	-2.18E-11	289.906389	0.1	1.62515E-05	289.906389
0.5	-2.45E-11	289.930908	0.1000002	1.54644E-05	289.930908
0.4	-2.63E-11	289.955455	0.0999999	1.46827E-05	289.955455
0.3	-2.89E-11	289.980141	0.1	1.39086E-05	289.980141
0.1999998	-2.75E-11	290.006549	0.1000001	1.31414E-05	290.006549
0.0999996	-3.34E-11	290.031044	0.1000001	1.23798E-05	290.031044
-5E-07	-3.59E-11	290.055554	0.0999999	1.16235E-05	290.055554
#scan	iMeasureCycle=3	iMux=0	time=319.786	N=401	LocalTime=19/04/2023 23:31:00
#VGate(V)	IGate(A)	time(s)	VDrain(V)	IDrain(A)	time(s)
-3E-07	-1.44E-11	319.793504	0.0999999	1.18077E-05	319.793504
-0.1000004	-2.19E-11	319.818382	0.1	1.10454E-05	319.818382
-0.2000001	-2.38E-11	319.844064	0.0999999	1.02913E-05	319.844064
-0.3	-2.96E-11	319.868825	0.1000002	9.5447E-06	319.868825
-0.4	-2.88E-11	319.896006	0.0999999	8.81366E-06	319.896006
-0.5	-3.48E-11	319.920575	0.1000001	8.0875E-06	319.920575
-0.6	-3.73E-11	319.945074	0.0999999	7.37446E-06	319.945074
-0.7	-3.91E-11	319.969655	0.1	6.67622E-06	319.969655
-0.8	-4.08E-11	319.994161	0.0999999	5.99531E-06	319.994161
-0.9	-4.22E-11	320.018693	0.0999999	5.33332E-06	320.018693
-1	-4.3E-11	320.043375	0.1	4.69442E-06	320.043375
-1.100001	-4.41E-11	320.067885	0.0999999	4.08213E-06	320.067885
-1.2	-4.58E-11	320.092406	0.0999998	3.50013E-06	320.092406
-1.3	-4.7E-11	320.116917	0.0999998	2.95328E-06	320.116917
-1.4	-4.78E-11	320.141447	0.0999998	2.44565E-06	320.141447
-1.5	-4.82E-11	320.165961	0.1	1.98192E-06	320.165961
-1.6	-4.92E-11	320.190561	0.0999999	1.56509E-06	320.190561
-1.7	-5.04E-11	320.215102	0.0999998	1.19931E-06	320.215102
-1.8	-4.7E-11	320.24257	0.0999995	8.88194E-07	320.24257
-1.9	-5.14E-11	320.26711	0.0999995	6.28648E-07	320.26711
-2	-5.18E-11	320.291625	0.0999996	4.21829E-07	320.291625
-2.1	-4.59E-11	320.340987	0.0999998	2.6834E-07	320.340987
-2.2	-5.08E-11	320.36577	0.0999998	1.54802E-07	320.36577
-2.3	-4.64E-11	320.403454	0.0999951	8.26676E-08	320.403454
-2.4	-6.48E-11	320.426748	0.1000067	3.85661E-08	320.426748
-2.5	-6.79E-11	320.450114	0.1000045	1.57574E-08	320.450114
-2.6	-6.91E-11	320.473341	0.100002	5.5141E-09	320.473341
-2.7	-6.78E-11	320.496631	0.1000007	1.617E-09	320.496631
-2.8	-7E-11	320.519845	0.1000006	3.96E-10	320.519845
-2.9	-7E-11	320.543144	0.1000003	7.62E-11	320.543144
-3	-6.91E-11	320.566445	0.1000003	7.2E-12	320.566445
-3.1	-6.9E-11	320.589838	0.1000002	-4.9E-12	320.589838
-3.2	-7.17E-11	320.613046	0.1000004	-6.4E-12	320.613046
-3.3	-7.21E-11	320.636262	0.1000003	-6.5E-12	320.636262
-3.4	-7.05E-11	320.659548	0.1000002	-6.5E-12	320.659548
-3.5	-7.11E-11	320.682842	0.1000002	-6.6E-12	320.682842
-3.6	-7.29E-11	320.706129	0.1000002	-6.6E-12	320.706129
-3.7	-7.38E-11	320.729341	0.1000002	-6.3E-12	320.729341
-3.8	-7.2E-11	320.752634	0.1000001	-6.6E-12	320.752634
-3.9	-7.41E-11	320.775844	0.1000001	-6.4E-12	320.775844
-4	-7.4E-11	320.799066	0.1000002	-6.5E-12	320.799066
-4.1	-5.23E-11	320.859516	0.1000001	-8.2E-12	320.859516
-4.2	-7.09E-11	320.882822	0.1000002	-6.8E-12	320.882822
-4.3	-7.17E-11	320.906131	0.1000002	-6.4E-12	320.906131
-4.4	-7.33E-11	320.929441	0.1000004	-6.5E-12	320.929441
-4.5	-7.2E-11	320.952829	0.1000002	-6.4E-12	320.952829
-4.6	-7.29E-11	320.976149	0.1000002	-6.4E-12	320.976149
-4.7	-7.58E-11	320.999352	0.1000003	-6.5E-12	320.999352
-4.8	-7.59E-11	321.022565	0.1000002	-6.6E-12	321.022565
-4.9	-7.45E-11	321.045944	0.1000003	-7E-12	321.045944
-5	-7.65E-11	321.069158	0.1000002	-6.6E-12	321.069158
-5.1	-7.67E-11	321.092374	0.1000004	-6.5E-12	321.092374
-5.2	-7.6E-11	321.115604	0.1000003	-6.8E-12	321.115604
-5.3	-7.56E-11	321.138897	0.1000004	-6.3E-12	321.138897
-5.4	-7.56E-11	321.162189	0.1000001	-6.8E-12	321.162189
-5.5	-7.79E-11	321.185394	0.1000002	-6.4E-12	321.185394
-5.6	-7.8E-11	321.208609	0.1000002	-6.4E-12	321.208609
-5.7	-7.63E-11	321.231901	0.1000003	-6.3E-12	321.231901
-5.8	-7.79E-11	321.255207	0.1000003	-6.1E-12	321.255207
-5.9	-7.88E-11	321.27843	0.1000003	-5.9E-12	321.27843
-6	-7.85E-11	321.301675	0.1000003	-6.2E-12	321.301675
-6.1	-5.78E-11	321.358139	0.0999999	-8.2E-12	321.358139
-6.2	-7.72E-11	321.381387	0.1000003	-6.3E-12	321.381387
-6.3	-7.82E-11	321.404619	0.1000003	-5.9E-12	321.404619
-6.4	-7.82E-11	321.427828	0.1000004	-6.2E-12	321.427828
-6.5	-7.69E-11	321.45117	0.1	-5.8E-12	321.45117
-6.6	-7.7E-11	321.474507	0.1000003	-6E-12	321.474507
-6.7	-7.96E-11	321.497718	0.1000003	-5.9E-12	321.497718
-6.8	-7.95E-11	321.520947	0.1000003	-5.5E-12	321.520947
-6.9	-7.8E-11	321.544329	0.1000004	-5.6E-12	321.544329
-7	-8E-11	321.567556	0.1000001	-5.8E-12	321.567556
-7.1	-8.02E-11	321.590865	0.1000002	-6.4E-12	321.590865
-7.2	-7.93E-11	321.614156	0.1000002	-6.3E-12	321.614156
-7.3	-7.95E-11	321.637437	0.1000002	-6.2E-12	321.637437
-7.4	-8.04E-11	321.660684	0.1000003	-6.7E-12	321.660684
-7.5	-8.02E-11	321.68399	0.1000001	-6.4E-12	321.68399
-7.6	-8E-11	321.707278	0.1000003	-6.2E-12	321.707278
-7.7	-7.91E-11	321.730624	0.1000003	-6.1E-12	321.730624
-7.8	-8.2E-11	321.753838	0.1000002	-5.9E-12	321.753838
-7.9	-8.19E-11	321.77706	0.1000003	-5.8E-12	321.77706
-8	-8.22E-11	321.800294	0.1000004	-5.9E-12	321.800294
-8.1	-6.1E-11	321.859443	0.0999999	-7.5E-12	321.859443
-8.2	-7.9E-11	321.882767	0.1000002	-5.8E-12	321.882767
-8.3	-8.15E-11	321.905988	0.1000002	-5.7E-12	321.905988
-8.4	-8.16E-11	321.929259	0.1000001	-6E-12	321.929259
-8.5	-8.05E-11	321.952602	0.1000001	-6.1E-12	321.952602
-8.6	-8.27E-11	321.975835	0.1	-5.8E-12	321.975835
-8.7	-8.33E-11	321.999048	0.1000002	-6E-12	321.999048
-8.8	-8.11E-11	322.022347	0.1000003	-6.2E-12	322.022347
-8.9	-8.13E-11	322.045718	0.1000002	-6.2E-12	322.045718
-9	-8.34E-11	322.068952	0.1000002	-6.3E-12	322.068952
-9.1	-8.33E-11	322.092167	0.1000002	-5.8E-12	322.092167
-9.2	-8.18E-11	322.115448	0.1000002	-5.9E-12	322.115448
-9.3	-8.16E-11	322.138798	0.1000003	-6.3E-12	322.138798
-9.4	-8.39E-11	322.162008	0.1000004	-5.9E-12	322.162008
-9.5	-8.32E-11	322.185257	0.1000003	-5.5E-12	322.185257
-9.6	-8.27E-11	322.20854	0.1000002	-6.2E-12	322.20854
-9.7	-8.26E-11	322.231805	0.1000004	-5.8E-12	322.231805
-9.8	-8.44E-11	322.255107	0.1000003	-5.7E-12	322.255107
-9.9	-8.35E-11	322.278404	0.1000002	-5.9E-12	322.278404
-10	-8.34E-11	322.301694	0.1000002	-5.9E-12	322.301694
-9.90001	-5.89E-11	322.361237	0.0999999	-7.3E-12	322.361237
-9.80001	-3.79E-11	322.384573	0.0999999	-9.4E-12	322.384573
-9.70001	-3.73E-11	322.407867	0.1	-9.1E-12	322.407867
-9.60001	-3.59E-11	322.431158	0.0999999	-9.3E-12	322.431158
-9.50001	-3.26E-11	322.454431	0.0999999	-9.1E-12	322.454431
-9.40001	-3.16E-11	322.47766	0.0999998	-9.4E-12	322.47766
-9.30001	-3.19E-11	322.50095	0.0999998	-9.3E-12	322.50095
-9.20001	-3.13E-11	322.524233	0.0999999	-9.2E-12	322.524233
-9.10001	-2.88E-11	322.547528	0.0999997	-9.3E-12	322.547528
-9.00001	-2.8E-11	322.570736	0.0999997	-9.4E-12	322.570736
-8.90001	-2.89E-11	322.594111	0.0999997	-9.2E-12	322.594111
-8.80001	-2.62E-11	322.61733	0.0999999	-9.4E-12	322.61733
-8.70001	-2.73E-11	322.640616	0.0999999	-9.6E-12	322.640616
-8.60001	-2.68E-11	322.663888	0.0999999	-9.3E-12	322.663888
-8.50001	-2.65E-11	322.687189	0.1000001	-9.1E-12	322.687189
-8.40001	-2.38E-11	322.710397	0.0999997	-9.1E-12	322.710397
-8.30001	-2.35E-11	322.733612	0.0999997	-9.4E-12	322.733612
-8.20001	-2.43E-11	322.756913	0.0999997	-9.4E-12	322.756913
-8.10001	-2.48E-11	322.780211	0.0999997	-9.6E-12	322.780211
-8.00001	-2.18E-11	322.803417	0.0999999	-9.9E-12	322.803417
-7.90001	-4.28E-11	322.862412	0.0999999	-7.7E-12	322.862412
-7.80001	-2.25E-11	322.885654	0.0999999	-9.8E-12	322.885654
-7.70001	-2.21E-11	322.908881	0.0999999	-9.7E-12	322.908881
-7.6	-2.29E-11	322.932248	0.1	-9.6E-12	322.932248
-7.50001	-2.09E-11	322.955509	0.0999999	-9.5E-12	322.955509
-7.40001	-2.03E-11	322.978761	0.0999999	-9.9E-12	322.978761
-7.30001	-2.18E-11	323.002059	0.0999997	-9.5E-12	323.002059
-7.2	-2.08E-11	323.025341	0.0999998	-9.4E-12	323.025341
-7.10001	-1.87E-11	323.048654	0.0999998	-1.02E-11	323.048654
-7.00001	-1.83E-11	323.07187	0.0999996	-9.5E-12	323.07187
-6.90001	-1.94E-11	323.095169	0.0999999	-9.8E-12	323.095169
-6.80001	-1.92E-11	323.11844	0.1	-9.4E-12	323.11844
-6.70001	-1.92E-11	323.141722	0.0999999	-9.9E-12	323.141722
-6.60001	-1.69E-11	323.164938	0.1	-1.01E-11	323.164938
-6.50001	-1.8E-11	323.18823	0.0999998	-9.8E-12	323.18823
-6.40001	-1.76E-11	323.211522	0.0999999	-9.8E-12	323.211522
-6.30001	-1.72E-11	323.234805	0.0999998	-1.02E-11	323.234805
-6.20001	-1.74E-11	323.258187	0.1	-1.01E-11	323.258187
-6.10001	-1.63E-11	323.281475	0.0999997	-1.02E-11	323.281475
-6.00001	-1.41E-11	323.304686	0.0999998	-1.05E-11	323.304686
-5.90001	-3.56E-11	323.363866	0.1000002	-8.6E-12	323.363866
-5.80001	-1.53E-11	323.387124	0.0999999	-1.06E-11	323.387124
-5.70001	-1.63E-11	323.410423	0.0999996	-1E-11	323.410423
-5.60001	-1.52E-11	323.433707	0.0999999	-1.01E-11	323.433707
-5.50001	-1.31E-11	323.456982	0.0999997	-1.02E-11	323.456982
-5.40001	-1.31E-11	323.480243	0.0999998	-1.03E-11	323.480243
-5.30001	-1.41E-11	323.50354	0.0999998	-1E-11	323.50354
-5.20001	-1.47E-11	323.526865	0.0999999	-1.01E-11	323.526865
-5.1	-1.16E-11	323.550159	0.0999998	-1.06E-11	323.550159
-5.00001	-1.11E-11	323.573376	0.0999998	-1.05E-11	323.573376
-4.90001	-1.22E-11	323.596747	0.0999998	-1.05E-11	323.596747
-4.80001	-1.04E-11	323.619971	0.0999996	-1.1E-11	323.619971
-4.7	-9.8E-12	323.64318	0.0999998	-1.07E-11	323.64318
-4.60001	-1.11E-11	323.666473	0.0999998	-1.06E-11	323.666473
-4.50001	-1.03E-11	323.689758	0.0999999	-1.06E-11	323.689758
-4.40001	-8.2E-12	323.71298	0.1	-1.05E-11	323.71298
-4.3	-9.5E-12	323.736281	0.0999998	-1.03E-11	323.736281
-4.20001	-9.5E-12	323.759568	0.1	-1.09E-11	323.759568
-4.10001	-9.9E-12	323.782926	0.1	-1.03E-11	323.782926
-4.00001	-6.3E-12	323.806145	0.0999998	-1.11E-11	323.806145
-3.90001	-2.67E-11	323.861146	0.1	-9.4E-12	323.861146
-3.80001	-8.1E-12	323.88441	0.0999996	-1.11E-11	323.88441
-3.70001	-8.5E-12	323.907722	0.0999998	-1.07E-11	323.907722
-3.60001	-7.4E-12	323.931113	0.0999999	-1.11E-11	323.931113
-3.50001	-4.6E-12	323.954384	0.1	-1.14E-11	323.954384
-3.40001	-4E-12	323.977611	0.0999998	-1.15E-11	323.977611
-3.30001	-5.2E-12	324.000909	0.1	-1.11E-11	324.000909
-3.20001	-2.6E-12	324.024114	0.0999999	-1.06E-11	324.024114
-3.10001	-2.4E-12	324.047422	0.0999997	-5.5E-12	324.047422
-3.00001	-3.1E-12	324.070718	0.0999998	2.69E-11	324.070718
-2.90001	-2.2E-12	324.093999	0.0999998	1.844E-10	324.093999
-2.80001	-3E-13	324.117208	0.1000001	8.136E-10	324.117208
-2.70001	8E-13	324.140423	0.1000005	2.9381E-09	324.140423
-2.60001	-9E-13	324.163705	0.1000016	8.9425E-09	324.163705
-2.50001	4E-13	324.186984	0.1000032	2.32494E-08	324.186984
-2.40001	2.7E-12	324.210197	0.1000027	5.24052E-08	324.210197
-2.30001	-1.79E-11	324.25849	0.1	1.01767E-07	324.25849
-2.20001	-1.28E-11	324.282991	0.1000004	1.86868E-07	324.282991
-2.1	-1.5E-11	324.309431	0.1000004	3.11148E-07	324.309431
-2.000001	-1.72E-11	324.371011	0.1000001	4.75857E-07	324.371011
-1.9	-1.2E-11	324.395567	0.1000007	6.98139E-07	324.395567
-1.800001	-1.05E-11	324.420073	0.1000008	9.71166E-07	324.420073
-1.7	-1.41E-11	324.456832	0.1	1.29035E-06	324.456832
-1.6	-8.2E-12	324.481366	0.1	1.6693E-06	324.481366
-1.5	-7.6E-12	324.505954	0.1	2.09553E-06	324.505954
-1.400001	-5.9E-12	324.530496	0.1	2.56756E-06	324.530496
-1.3	-4.8E-12	324.5551	0.1	3.08135E-06	324.5551
-1.200001	-3.7E-12	324.579662	0.1000001	3.63346E-06	324.579662
-1.100001	-3.1E-12	324.604284	0.1000001	4.21815E-06	324.604284
-1	-1E-12	324.628844	0.1	4.83252E-06	324.628844
-0.9	1E-13	324.653355	0.1000003	5.47253E-06	324.653355
-0.8	1.6E-12	324.677884	0.1	6.13349E-06	324.677884
-0.700001	2.8E-12	324.702383	0.1000001	6.81346E-06	324.702383
-0.6	4.1E-12	324.726919	0.0999999	7.50982E-06	324.726919
-0.500001	5.9E-12	324.751419	0.1	8.22025E-06	324.751419
-0.400001	7.1E-12	324.775954	0.0999998	8.94295E-06	324.775954
-0.300001	8.7E-12	324.800502	0.1000002	9.67616E-06	324.800502
-0.2	6.6E-12	324.826959	0.0999999	1.041793E-05	324.826959
-0.1000001	4.5E-12	324.879751	0.1	1.1155E-05	324.879751
3E-07	1.14E-11	324.90427	0.1000002	1.19147E-05	324.90427
0.1000003	1.45E-11	324.928839	0.1000002	1.26793E-05	324.928839
0.1999999	1.37E-11	324.954487	0.0999999	1.34489E-05	324.954487
0.3	1.83E-11	324.979221	0.1000001	1.42258E-05	324.979221
0.4	2.03E-11	325.003769	0.0999999	1.50083E-05	325.003769
0.5	2.23E-11	325.028304	0.0999999	1.57964E-05	325.028304
0.599999	2.45E-11	325.052896	0.1000003	1.65911E-05	325.052896
0.7	2.65E-11	325.077434	0.1000001	1.73898E-05	325.077434
0.799999	2.8E-11	325.101989	0.1000001	1.81947E-05	325.101989
0.9	2.99E-11	325.126536	0.1	1.90038E-05	325.126536
0.999999	3.19E-11	325.151032	0.1000001	1.98153E-05	325.151032
1.1	3.31E-11	325.175564	0.1	2.06305E-05	325.175564
1.2	3.49E-11	325.200108	0.1	2.14493E-05	325.200108
1.3	3.67E-11	325.224623	0.0999999	2.22694E-05	325.224623
1.399999	3.8E-11	325.249137	0.1000001	2.30917E-05	325.249137
1.5	3.95E-11	325.273738	0.1	2.39166E-05	325.273738
1.599999	4.06E-11	325.298257	0.1000001	2.47431E-05	325.298257
1.699999	4.16E-11	325.322774	0.1000002	2.55705E-05	325.322774
1.799999	3.58E-11	325.371311	0.0999999	2.6393E-05	325.371311
1.899999	4.16E-11	325.395837	0.1000001	2.72247E-05	325.395837
2	4.23E-11	325.420361	0.1	2.80568E-05	325.420361
2.099999	4.32E-11	325.444862	0.1000001	2.88895E-05	325.444862
2.19999	4.36E-11	325.469642	0.0999998	2.97189E-05	325.469642
2.29999	4.5E-11	325.494152	0.0999999	3.05533E-05	325.494152
2.39999	4.58E-11	325.51871	0.1	3.13883E-05	325.51871
2.49999	4.65E-11	325.543304	0.1000001	3.22235E-05	325.543304
2.59999	4.7E-11	325.567818	0.1	3.30598E-05	325.567818
2.69999	4.72E-11	325.59243	0.1	3.38966E-05	325.59243
2.79999	4.7E-11	325.617029	0.1000002	3.47336E-05	325.617029
2.89999	4.77E-11	325.641562	0.1000001	3.55719E-05	325.641562
2.99999	4.86E-11	325.666065	0.0999999	3.64098E-05	325.666065
3.09999	4.89E-11	325.690578	0.0999999	3.72487E-05	325.690578
3.19999	4.9E-11	325.715122	0.1	3.80878E-05	325.715122
3.29999	4.93E-11	325.73965	0.1	3.89279E-05	325.73965
3.39999	4.93E-11	325.764154	0.1000001	3.97681E-05	325.764154
3.49999	4.98E-11	325.788663	0.1	4.06092E-05	325.788663
3.59999	4.97E-11	325.81318	0.1	4.14489E-05	325.81318
3.69999	4.31E-11	325.872908	0.1000001	4.22811E-05	325.872908
3.79999	4.89E-11	325.897409	0.1	4.31254E-05	325.897409
3.89999	4.95E-11	325.92197	0.1000001	4.39686E-05	325.92197
3.99999	4.98E-11	325.946574	0.1	4.48122E-05	325.946574
4.09999	5.04E-11	325.971168	0.1000001	4.56558E-05	325.971168
4.19999	5.09E-11	325.995681	0.1	4.64989E-05	325.995681
4.29999	5.1E-11	326.020217	0.0999999	4.7343E-05	326.020217
4.39999	5.15E-11	326.04485	0.1	4.81892E-05	326.04485
4.49999	5.17E-11	326.069367	0.1000002	4.90342E-05	326.069367
4.59999	5.22E-11	326.093871	0.1	4.98801E-05	326.093871
4.69999	5.22E-11	326.118382	0.0999999	5.07267E-05	326.118382
4.79999	5.28E-11	326.142954	0.1000001	5.15746E-05	326.142954
4.89999	5.31E-11	326.167456	0.1000001	5.24226E-05	326.167456
4.99999	5.25E-11	326.192003	0.0999998	5.32719E-05	326.192003
5.09999	5.31E-11	326.216541	0.1	5.41209E-05	326.216541
5.19999	5.33E-11	326.241066	0.0999999	5.49719E-05	326.241066
5.29999	5.39E-11	326.265663	0.1000001	5.58217E-05	326.265663
5.39999	5.37E-11	326.29022	0.1	5.66744E-05	326.29022
5.49999	5.37E-11	326.31473	0.0999999	5.75272E-05	326.31473
5.59999	4.75E-11	326.374455	0.1	5.83705E-05	326.374455
5.69999	5.24E-11	326.398978	0.1000001	5.92292E-05	326.398978
5.79999	5.23E-11	326.423512	0.1000002	6.00857E-05	326.423512
5.89999	5.36E-11	326.448021	0.1000001	6.09435E-05	326.448021
5.99999	5.36E-11	326.472656	0.1	6.18018E-05	326.472656
6.09999	5.46E-11	326.497167	0.1000001	6.26603E-05	326.497167
6.19999	5.44E-11	326.521784	0.1000002	6.35182E-05	326.521784
6.29999	5.5E-11	326.546392	0.1	6.43787E-05	326.546392
6.39999	5.5E-11	326.570902	0.0999999	6.52394E-05	326.570902
6.49999	5.49E-11	326.595524	0.1000002	6.61011E-05	326.595524
6.59999	5.51E-11	326.62004	0.1000001	6.69639E-05	326.62004
6.69999	5.51E-11	326.644596	0.0999999	6.78274E-05	326.644596
6.79999	5.51E-11	326.6691	0.1000001	6.86927E-05	326.6691
6.89999	5.56E-11	326.693623	0.1000001	6.95584E-05	326.693623
6.99999	5.6E-11	326.718221	0.0999999	7.04238E-05	326.718221
7.09999	5.6E-11	326.74276	0.1000002	7.12912E-05	326.74276
7.19999	5.61E-11	326.767268	0.1000001	7.21597E-05	326.767268
7.29999	5.67E-11	326.79179	0.1000002	7.30279E-05	326.79179
7.39999	5.66E-11	326.816307	0.1000001	7.38979E-05	326.816307
7.49999	5.01E-11	326.875722	0.1000001	7.476E-05	326.875722
7.59999	5.49E-11	326.900239	0.1000001	7.56342E-05	326.900239
7.69999	5.56E-11	326.924805	0.0999999	7.65087E-05	326.924805
7.79999	5.58E-11	326.949403	0.1	7.73837E-05	326.949403
7.89999	5.58E-11	326.974042	0.1000001	7.82589E-05	326.974042
7.99999	5.62E-11	326.998592	0.1000001	7.91353E-05	326.998592
8.09999	5.67E-11	327.023193	0.1000001	8.00122E-05	327.023193
8.19999	5.66E-11	327.047837	0.1000003	8.08908E-05	327.047837
8.29999	5.66E-11	327.072379	0.1000002	8.17683E-05	327.072379
8.39999	5.74E-11	327.096927	0.1000002	8.26474E-05	327.096927
8.49999	5.76E-11	327.121466	0.1	8.35294E-05	327.121466
8.59999	5.78E-11	327.145994	0.1000001	8.44127E-05	327.145994
8.69999	5.77E-11	327.170509	0.1000001	8.52947E-05	327.170509
8.79999	5.82E-11	327.195065	0.1000002	8.6178E-05	327.195065
8.89999	5.83E-11	327.21957	0.0999997	8.7064E-05	327.21957
8.99999	5.81E-11	327.244114	0.0999999	8.79501E-05	327.244114
9.09999	5.82E-11	327.268713	0.0999998	8.8837E-05	327.268713
9.19999	5.83E-11	327.293256	0.1	8.97238E-05	327.293256
9.29999	5.8E-11	327.317777	0.0999996	9.061E-05	327.317777
9.39999	5.22E-11	327.377495	0.1000002	9.14956E-05	327.377495
9.49999	5.71E-11	327.402028	0.1	9.23923E-05	327.402028
9.59999	5.75E-11	327.426642	0.0999999	9.32848E-05	327.426642
9.69999	5.8E-11	327.451172	0.1	9.41798E-05	327.451172
9.79999	5.87E-11	327.476027	0.1000001	9.5076E-05	327.476027
9.89999	5.88E-11	327.50054	0.1000002	9.59716E-05	327.50054
9.99999	5.91E-11	327.525046	0.1	9.68689E-05	327.525046
9.9	4.59E-11	327.549647	0.1	9.59569E-05	327.549647
9.8	4.31E-11	327.57419	0.0999998	9.50518E-05	327.57419
9.7	4.08E-11	327.598822	0.0999998	9.41497E-05	327.598822
9.6	3.95E-11	327.62338	0.0999998	9.32479E-05	327.62338
9.5	3.7E-11	327.647897	0.0999998	9.23494E-05	327.647897
9.4	3.65E-11	327.672453	0.0999999	9.14522E-05	327.672453
9.3	3.48E-11	327.696993	0.0999998	9.05548E-05	327.696993
9.2	3.44E-11	327.721523	0.1	8.96595E-05	327.721523
9.1	3.32E-11	327.746048	0.1	8.8765E-05	327.746048
9	3.28E-11	327.770586	0.1	8.78731E-05	327.770586
8.9	3.2E-11	327.79508	0.1	8.69839E-05	327.79508
8.8	3.13E-11	327.819608	0.0999999	8.60904E-05	327.819608
8.7	3.66E-11	327.879002	0.1000001	8.52014E-05	327.879002
8.6	3.13E-11	327.903529	0.1	8.43093E-05	327.903529
8.5	3.1E-11	327.928216	0.0999997	8.34204E-05	327.928216
8.4	2.97E-11	327.95279	0.1000002	8.25296E-05	327.95279
8.3	2.9E-11	327.977655	0.1000001	8.16428E-05	327.977655
8.2	2.82E-11	328.002179	0.0999999	8.07568E-05	328.002179
8.1	2.79E-11	328.026699	0.1	7.98719E-05	328.026699
8	2.68E-11	328.051238	0.1000001	7.89868E-05	328.051238
7.9	2.69E-11	328.075761	0.1	7.8103E-05	328.075761
7.8	2.62E-11	328.100274	0.0999999	7.72219E-05	328.100274
7.7	2.58E-11	328.124796	0.0999999	7.63417E-05	328.124796
7.6	2.53E-11	328.149311	0.0999999	7.54606E-05	328.149311
7.5	2.47E-11	328.173842	0.1	7.45814E-05	328.173842
7.4	2.46E-11	328.198344	0.0999999	7.37038E-05	328.198344
7.3	2.43E-11	328.22301	0.0999998	7.28264E-05	328.22301
7.2	2.41E-11	328.247535	0.0999999	7.19504E-05	328.247535
7.1	2.42E-11	328.272176	0.1	7.10752E-05	328.272176
7	2.37E-11	328.296705	0.0999999	7.02017E-05	328.296705
6.9	2.32E-11	328.321195	0.0999999	6.93282E-05	328.321195
6.8	2.86E-11	328.37653	0.1	6.84608E-05	328.37653
6.7	2.39E-11	328.401062	0.0999999	6.75876E-05	328.401062
6.6	2.32E-11	328.425574	0.0999999	6.67166E-05	328.425574
6.5	2.22E-11	328.45011	0.1000001	6.58449E-05	328.45011
6.4	2.18E-11	328.474706	0.1000001	6.49767E-05	328.474706
6.3	2.15E-11	328.499249	0.0999999	6.41082E-05	328.499249
6.2	2.06E-11	328.523767	0.1	6.32396E-05	328.523767
6.1	2.05E-11	328.54845	0.1	6.23735E-05	328.54845
6	1.98E-11	328.572999	0.1	6.15074E-05	328.572999
5.9	1.99E-11	328.597687	0.0999999	6.06423E-05	328.597687
5.8	1.89E-11	328.622218	0.0999999	5.9778E-05	328.622218
5.7	1.87E-11	328.64677	0.0999998	5.89153E-05	328.64677
5.6	1.84E-11	328.671301	0.1	5.80526E-05	328.671301
5.5	1.78E-11	328.69582	0.0999999	5.71911E-05	328.69582
5.4	1.78E-11	328.720348	0.0999999	5.63307E-05	328.720348
5.3	1.69E-11	328.744916	0.1000002	5.54711E-05	328.744916
5.2	1.67E-11	328.76948	0.1	5.46117E-05	328.76948
5.1	1.63E-11	328.793991	0.1	5.37541E-05	328.793991
5	1.65E-11	328.81854	0.1000001	5.28975E-05	328.81854
4.9	2.31E-11	328.880765	0.1000003	5.20473E-05	328.880765
4.8	1.72E-11	328.905351	0.1	5.11903E-05	328.905351
4.7	1.6E-11	328.929873	0.0999999	5.03361E-05	328.929873
4.6	1.54E-11	328.954576	0.1000001	4.94816E-05	328.954576
4.5	1.5E-11	328.979143	0.0999999	4.86285E-05	328.979143
4.4	1.42E-11	329.003678	0.1	4.77758E-05	329.003678
4.3	1.35E-11	329.028212	0.1000001	4.69257E-05	329.028212
4.2	1.32E-11	329.052843	0.1000001	4.60745E-05	329.052843
4.1	1.27E-11	329.077363	0.1000001	4.52248E-05	329.077363
4	1.17E-11	329.10188	0.1	4.43754E-05	329.10188
3.9	1.12E-11	329.126394	0.0999999	4.35279E-05	329.126394
3.8	1.05E-11	329.150949	0.1	4.26813E-05	329.150949
3.7	1E-11	329.17546	0.1000001	4.18346E-05	329.17546
3.6	9.3E-12	329.199995	0.1	4.09893E-05	329.199995
3.5	8.8E-12	329.224553	0.1	4.01443E-05	329.224553
3.4	8.2E-12	329.24908	0.1	3.92999E-05	329.24908
3.3	7.8E-12	329.273701	0.1000001	3.84568E-05	329.273701
3.2	6.5E-12	329.298206	0.0999997	3.76146E-05	329.298206
3.1	6.4E-12	329.32272	0.1	3.6773E-05	329.32272
3	1.23E-11	329.38347	0.1000001	3.59388E-05	329.38347
2.9	6.8E-12	329.408018	0.0999999	3.50988E-05	329.408018
2.8	5.3E-12	329.432558	0.0999998	3.42593E-05	329.432558
2.7	4E-12	329.45709	0.0999999	3.34219E-05	329.45709
2.6	3.1E-12	329.481931	0.1	3.25851E-05	329.481931
2.5	2E-12	329.506434	0.0999999	3.17489E-05	329.506434
2.4	1.5E-12	329.530963	0.0999999	3.09143E-05	329.530963
2.3	5E-13	329.555585	0.1	3.00814E-05	329.555585
2.2	-9E-13	329.580102	0.1	2.92481E-05	329.580102
2.099999	1.7E-12	329.606667	0.1	2.84219E-05	329.606667
2	-2.3E-12	329.631198	0.0999998	2.75915E-05	329.631198
1.9	-3.7E-12	329.655709	0.0999999	2.67629E-05	329.655709
1.8	-4.4E-12	329.680255	0.1	2.59354E-05	329.680255
1.7	-5.9E-12	329.704761	0.1	2.51096E-05	329.704761
1.6	-6.9E-12	329.729295	0.0999997	2.42854E-05	329.729295
1.5	-8.3E-12	329.753825	0.1000001	2.34631E-05	329.753825
1.4	-9.5E-12	329.778386	0.1000001	2.26421E-05	329.778386
1.3	-1.11E-11	329.802909	0.0999999	2.18235E-05	329.802909
1.2	-1.22E-11	329.827444	0.1000002	2.10076E-05	329.827444
1.100001	-7.5E-12	329.885273	0.0999999	2.01993E-05	329.885273
1	-1.43E-11	329.909793	0.0999998	1.93879E-05	329.909793
0.9	-1.58E-11	329.93441	0.0999999	1.85813E-05	329.93441
0.8	-1.82E-11	329.958928	0.1	1.77791E-05	329.958928
0.7	-1.98E-11	329.983757	0.0999999	1.69815E-05	329.983757
0.6	-2.25E-11	330.008268	0.1	1.61891E-05	330.008268
0.5	-2.46E-11	330.032775	0.0999998	1.54031E-05	330.032775
0.4	-2.7E-11	330.057376	0.1000002	1.46226E-05	330.057376
0.3	-2.91E-11	330.081888	0.1000003	1.38489E-05	330.081888
0.1999998	-2.82E-11	330.108274	0.0999997	1.30824E-05	330.108274
0.0999995	-3.33E-11	330.132804	0.1000002	1.23202E-05	330.132804
-5E-07	-3.56E-11	330.157307	0.1	1.15648E-05	330.157307
