#scan	iMeasureCycle=1	iMux=0	time=0.031	N=401	LocalTime=19/04/2023 20:31:39
#VGate(V)	IGate(A)	time(s)	VDrain(V)	IDrain(A)	time(s)
-1E-07	-1.599E-10	0.03391	0.1000001	8.21078E-06	0.03391
-0.1000004	-2.181E-10	0.058813	0.0999999	7.48759E-06	0.058813
-0.2000004	-2.679E-10	0.083324	0.0999998	6.77843E-06	0.083324
-0.300001	-2.059E-10	0.108055	0.1	6.08323E-06	0.108055
-0.4	-1.172E-10	0.132573	0.1	5.40673E-06	0.132573
-0.5	-9.01E-11	0.157307	0.0999999	4.75067E-06	0.157307
-0.6	-7.78E-11	0.18185	0.1	4.11958E-06	0.18185
-0.7	-7.06E-11	0.206356	0.0999999	3.51763E-06	0.206356
-0.8	-6.57E-11	0.230866	0.0999999	2.94993E-06	0.230866
-0.9	-6.28E-11	0.255371	0.0999998	2.42269E-06	0.255371
-1	-5.98E-11	0.280105	0.0999999	1.94062E-06	0.280105
-1.1	-5.92E-11	0.304644	0.1	1.50963E-06	0.304644
-1.2	-5.9E-11	0.329154	0.1000001	1.1333E-06	0.329154
-1.3	-5.37E-11	0.356456	0.0999997	8.17084E-07	0.356456
-1.4	-5.66E-11	0.380969	0.0999995	5.58061E-07	0.380969
-1.5	-5.63E-11	0.405553	0.0999995	3.57945E-07	0.405553
-1.6	-5.64E-11	0.43005	0.0999996	2.12379E-07	0.43005
-1.7	-5.62E-11	0.454571	0.0999998	1.14404E-07	0.454571
-1.8	-5.05E-11	0.492282	0.0999955	5.58967E-08	0.492282
-1.900001	-6.83E-11	0.515576	0.1000048	2.32331E-08	0.515576
-2.000001	-7.08E-11	0.538786	0.1000022	8.3406E-09	0.538786
-2.099999	-4.84E-11	0.602086	0.0999995	2.6621E-09	0.602086
-2.2	-6.93E-11	0.625502	0.1000004	6.455E-10	0.625502
-2.3	-6.88E-11	0.648792	0.1000001	1.279E-10	0.648792
-2.4	-7.1E-11	0.672002	0.1000001	1.47E-11	0.672002
-2.5	-7.18E-11	0.695262	0.1000003	-6E-12	0.695262
-2.6	-7.22E-11	0.718474	0.1000002	-9E-12	0.718474
-2.7	-7.06E-11	0.741762	0.1000002	-9.2E-12	0.741762
-2.8	-7.29E-11	0.764966	0.1000001	-9.3E-12	0.764966
-2.9	-7.35E-11	0.788205	0.1000001	-9E-12	0.788205
-3	-7.33E-11	0.811432	0.1000001	-8.8E-12	0.811432
-3.1	-7.2E-11	0.834782	0.1000002	-8.8E-12	0.834782
-3.2	-7.32E-11	0.858064	0.1000002	-9.1E-12	0.858064
-3.3	-7.51E-11	0.881273	0.1000002	-8.9E-12	0.881273
-3.4	-7.54E-11	0.904531	0.1000001	-8.9E-12	0.904531
-3.5	-7.27E-11	0.927868	0.1000002	-9.2E-12	0.927868
-3.6	-7.5E-11	0.951112	0.1	-9.2E-12	0.951112
-3.7	-7.59E-11	0.974323	0.1000002	-9.1E-12	0.974323
-3.8	-7.41E-11	0.997657	0.1000002	-9.3E-12	0.997657
-3.9	-7.49E-11	1.020936	0.1000001	-9.2E-12	1.020936
-4	-7.67E-11	1.044152	0.1000002	-8.6E-12	1.044152
-4.1	-5.56E-11	1.098014	0.1	-1.01E-11	1.098014
-4.2	-7.54E-11	1.121257	0.1000001	-8.7E-12	1.121257
-4.3	-7.59E-11	1.144476	0.1000002	-8.6E-12	1.144476
-4.4	-7.7E-11	1.167742	0.0999999	-8.8E-12	1.167742
-4.5	-7.58E-11	1.191077	0.1000002	-8.9E-12	1.191077
-4.6	-7.58E-11	1.214375	0.1	-8.6E-12	1.214375
-4.7	-7.84E-11	1.237576	0.1000002	-8.6E-12	1.237576
-4.8	-7.81E-11	1.260785	0.1	-8.6E-12	1.260785
-4.9	-7.83E-11	1.284011	0.1	-8.7E-12	1.284011
-5	-7.77E-11	1.307319	0.1000001	-8.9E-12	1.307319
-5.1	-7.95E-11	1.330516	0.1000002	-8.9E-12	1.330516
-5.2	-7.98E-11	1.353721	0.1000002	-8.6E-12	1.353721
-5.3	-7.85E-11	1.377005	0.1	-9.3E-12	1.377005
-5.4	-8.05E-11	1.400398	0.1000003	-8.5E-12	1.400398
-5.5	-8.08E-11	1.423618	0.1000002	-8.5E-12	1.423618
-5.6	-7.91E-11	1.446912	0.1000003	-8.8E-12	1.446912
-5.7	-7.97E-11	1.470197	0.1000002	-8.6E-12	1.470197
-5.8	-8.13E-11	1.493407	0.1000001	-8.5E-12	1.493407
-5.9	-8.11E-11	1.516645	0.1000001	-8.7E-12	1.516645
-6	-8.21E-11	1.539853	0.1000001	-8.1E-12	1.539853
-6.1	-6.08E-11	1.599176	0.0999998	-1.03E-11	1.599176
-6.2	-7.85E-11	1.622487	0.1000001	-8.7E-12	1.622487
-6.3	-8.06E-11	1.645708	0.1	-8.7E-12	1.645708
-6.4	-8.15E-11	1.668925	0.1	-8.4E-12	1.668925
-6.5	-8.2E-11	1.692177	0.1000002	-8.3E-12	1.692177
-6.6	-8.2E-11	1.715433	0.1000001	-8.4E-12	1.715433
-6.7	-8.24E-11	1.738652	0.1000001	-8.8E-12	1.738652
-6.8	-8.26E-11	1.761868	0.1	-8.6E-12	1.761868
-6.9	-8.26E-11	1.785102	0.1000001	-8.3E-12	1.785102
-7	-8.09E-11	1.808404	0.1000002	-8.5E-12	1.808404
-7.1	-8.41E-11	1.831668	0.1000001	-8.3E-12	1.831668
-7.2	-8.41E-11	1.854883	0.1000002	-8.4E-12	1.854883
-7.3	-8.37E-11	1.878122	0.1000003	-8.1E-12	1.878122
-7.4	-8.28E-11	1.901486	0.1	-8.2E-12	1.901486
-7.5	-8.3E-11	1.924776	0.1000002	-8.3E-12	1.924776
-7.6	-8.48E-11	1.947983	0.1000003	-8.3E-12	1.947983
-7.7	-8.36E-11	1.971279	0.1000003	-8.6E-12	1.971279
-7.8	-8.42E-11	1.99456	0.1000001	-8.3E-12	1.99456
-7.9	-8.48E-11	2.017781	0.1000003	-8.4E-12	2.017781
-8	-8.55E-11	2.040999	0.1000001	-8.4E-12	2.040999
-8.1	-6.41E-11	2.096389	0.0999998	-1.02E-11	2.096389
-8.2	-8.19E-11	2.119702	0.1000002	-8.2E-12	2.119702
-8.3	-8.41E-11	2.142909	0.1000001	-7.8E-12	2.142909
-8.4	-8.47E-11	2.166196	0.1000001	-8E-12	2.166196
-8.5	-8.53E-11	2.18947	0.1000001	-8.1E-12	2.18947
-8.6	-8.39E-11	2.212775	0.1	-8E-12	2.212775
-8.7	-8.52E-11	2.235993	0.1000001	-8E-12	2.235993
-8.8	-8.59E-11	2.259211	0.1000001	-8.6E-12	2.259211
-8.9	-8.64E-11	2.282428	0.1000001	-7.9E-12	2.282428
-9	-8.44E-11	2.305737	0.1000001	-7.7E-12	2.305737
-9.1	-8.64E-11	2.328952	0.1000001	-7.8E-12	2.328952
-9.2	-8.63E-11	2.352189	0.1000002	-8.4E-12	2.352189
-9.3	-8.63E-11	2.375425	0.1000001	-8.4E-12	2.375425
-9.4	-8.55E-11	2.398798	0.1	-8.3E-12	2.398798
-9.5	-8.72E-11	2.422005	0.1000003	-7.7E-12	2.422005
-9.6	-8.7E-11	2.44522	0.1000001	-7.6E-12	2.44522
-9.7	-8.65E-11	2.468459	0.1000002	-8.4E-12	2.468459
-9.8	-8.6E-11	2.49174	0.1000001	-8.2E-12	2.49174
-9.9	-8.73E-11	2.515003	0.1000001	-7.7E-12	2.515003
-10	-8.77E-11	2.53823	0.1000002	-7.9E-12	2.53823
-9.90001	-4.51E-11	2.561441	0.0999997	-1.1E-11	2.561441
-9.80001	-6.02E-11	2.602292	0.0999999	-9.9E-12	2.602292
-9.70001	-3.96E-11	2.62556	0.0999998	-1.14E-11	2.62556
-9.60001	-3.9E-11	2.648865	0.0999995	-1.16E-11	2.648865
-9.50001	-3.72E-11	2.672145	0.0999997	-1.17E-11	2.672145
-9.40001	-3.4E-11	2.695416	0.0999997	-1.23E-11	2.695416
-9.30001	-3.26E-11	2.718642	0.0999997	-1.19E-11	2.718642
-9.20001	-3.3E-11	2.741935	0.0999998	-1.17E-11	2.741935
-9.10001	-3.11E-11	2.76515	0.0999999	-1.18E-11	2.76515
-9.00001	-3.55E-11	2.78862	0.0999998	-1.15E-11	2.78862
-8.90001	-3.08E-11	2.811919	0.0999998	-1.19E-11	2.811919
-8.80001	-3.03E-11	2.835271	0.0999998	-1.17E-11	2.835271
-8.70001	-2.79E-11	2.858497	0.0999997	-1.19E-11	2.858497
-8.60001	-2.76E-11	2.881707	0.0999997	-1.19E-11	2.881707
-8.50001	-2.89E-11	2.905078	0.0999997	-1.19E-11	2.905078
-8.40001	-2.61E-11	2.928298	0.0999999	-1.23E-11	2.928298
-8.30001	-2.55E-11	2.951523	0.0999996	-1.2E-11	2.951523
-8.20001	-2.51E-11	2.974746	0.0999998	-1.25E-11	2.974746
-8.10001	-2.59E-11	2.998019	0.0999999	-1.23E-11	2.998019
-8.00001	-2.57E-11	3.021317	0.0999997	-1.2E-11	3.021317
-7.90001	-2.37E-11	3.044518	0.0999998	-1.23E-11	3.044518
-7.80001	-4.48E-11	3.103642	0.0999999	-1.05E-11	3.103642
-7.70001	-2.45E-11	3.126882	0.0999997	-1.24E-11	3.126882
-7.6	-2.47E-11	3.15018	0.0999997	-1.21E-11	3.15018
-7.50001	-2.51E-11	3.173533	0.0999996	-1.14E-11	3.173533
-7.40001	-2.24E-11	3.19681	0.0999995	-1.2E-11	3.19681
-7.30001	-2.34E-11	3.220118	0.0999999	-1.19E-11	3.220118
-7.2	-2.24E-11	3.243402	0.0999996	-1.24E-11	3.243402
-7.10001	-2.46E-11	3.266791	0.0999998	-1.22E-11	3.266791
-7.00001	-2.21E-11	3.290332	0.0999997	-1.21E-11	3.290332
-6.90001	-2.17E-11	3.313636	0.0999996	-1.22E-11	3.313636
-6.80001	-1.93E-11	3.336847	0.0999997	-1.24E-11	3.336847
-6.70001	-1.86E-11	3.360057	0.0999997	-1.24E-11	3.360057
-6.60001	-2.02E-11	3.383335	0.0999997	-1.23E-11	3.383335
-6.50001	-1.81E-11	3.40664	0.0999999	-1.21E-11	3.40664
-6.40001	-1.74E-11	3.429861	0.0999998	-1.22E-11	3.429861
-6.30001	-1.67E-11	3.453063	0.0999997	-1.25E-11	3.453063
-6.20001	-1.81E-11	3.476349	0.0999999	-1.22E-11	3.476349
-6.10001	-1.78E-11	3.499607	0.0999997	-1.26E-11	3.499607
-6.00001	-1.65E-11	3.522881	0.0999996	-1.27E-11	3.522881
-5.90001	-1.58E-11	3.546089	0.0999996	-1.25E-11	3.546089
-5.80001	-3.69E-11	3.605207	0.0999998	-1.08E-11	3.605207
-5.70001	-1.68E-11	3.628444	0.0999997	-1.24E-11	3.628444
-5.60001	-1.89E-11	3.651781	0.0999998	-1.2E-11	3.651781
-5.50001	-1.59E-11	3.675002	0.0999997	-1.23E-11	3.675002
-5.40001	-1.44E-11	3.698281	0.0999997	-1.2E-11	3.698281
-5.30001	-1.48E-11	3.721519	0.0999997	-1.22E-11	3.721519
-5.20001	-1.55E-11	3.744818	0.0999996	-1.2E-11	3.744818
-5.1	-1.39E-11	3.768037	0.0999997	-1.23E-11	3.768037
-5.00001	-1.32E-11	3.791498	0.0999996	-1.28E-11	3.791498
-4.90001	-1.44E-11	3.81479	0.0999998	-1.25E-11	3.81479
-4.80001	-1.25E-11	3.838071	0.0999997	-1.27E-11	3.838071
-4.7	-1.19E-11	3.861288	0.0999998	-1.23E-11	3.861288
-4.60001	-1.24E-11	3.884576	0.0999996	-1.19E-11	3.884576
-4.50001	-1.26E-11	3.907951	0.0999997	-1.27E-11	3.907951
-4.40001	-1.07E-11	3.93118	0.0999996	-1.25E-11	3.93118
-4.3	-9.8E-12	3.954392	0.0999997	-1.23E-11	3.954392
-4.20001	-1.1E-11	3.977684	0.0999998	-1.21E-11	3.977684
-4.10001	-1.03E-11	4.000969	0.0999998	-1.21E-11	4.000969
-4.00001	-8.4E-12	4.024185	0.0999996	-1.29E-11	4.024185
-3.90001	-7.7E-12	4.047409	0.0999997	-1.28E-11	4.047409
-3.80001	-2.89E-11	4.106412	0.0999999	-1.12E-11	4.106412
-3.70001	-9.2E-12	4.129657	0.0999997	-1.29E-11	4.129657
-3.60001	-9.7E-12	4.15295	0.0999998	-1.31E-11	4.15295
-3.50001	-6.8E-12	4.176208	0.0999997	-1.33E-11	4.176208
-3.40001	-6.1E-12	4.199482	0.0999997	-1.33E-11	4.199482
-3.30001	-5.5E-12	4.222699	0.0999997	-1.35E-11	4.222699
-3.20001	-6.3E-12	4.245981	0.0999996	-1.37E-11	4.245981
-3.10001	-6E-12	4.269274	0.0999998	-1.34E-11	4.269274
-3.00001	-3.2E-12	4.292745	0.0999995	-1.41E-11	4.292745
-2.90001	-4.6E-12	4.316111	0.0999997	-1.31E-11	4.316111
-2.80001	-1.7E-12	4.339317	0.0999997	-1.36E-11	4.339317
-2.70001	-1.2E-12	4.36253	0.0999998	-1.35E-11	4.36253
-2.60001	-5E-13	4.385738	0.0999996	-1.25E-11	4.385738
-2.50001	-1.8E-12	4.409124	0.0999998	-3.6E-12	4.409124
-2.40001	7E-13	4.432418	0.0999997	4.8E-11	4.432418
-2.30001	1.7E-12	4.455627	0.0999998	2.905E-10	4.455627
-2.20001	8E-13	4.478904	0.1000002	1.2664E-09	4.478904
-2.099999	-1.42E-11	4.504112	0.1000022	4.4735E-09	4.504112
-2	3.8E-12	4.527335	0.100002	1.33603E-08	4.527335
-1.9	4.9E-12	4.550548	0.1000035	3.39202E-08	4.550548
-1.800001	-1.64E-11	4.608037	0.1000056	7.28359E-08	4.608037
-1.700001	-1.63E-11	4.647495	0.1	1.4257E-07	4.647495
-1.6	-9.9E-12	4.671992	0.1000007	2.55655E-07	4.671992
-1.5	-8.7E-12	4.69658	0.1000006	4.17044E-07	4.69658
-1.400001	-7E-12	4.721104	0.1000006	6.32303E-07	4.721104
-1.3	-5.8E-12	4.745616	0.1000008	9.04693E-07	4.745616
-1.200001	-9.9E-12	4.780199	0.1	1.22954E-06	4.780199
-1.100001	-4E-12	4.804734	0.1000002	1.61907E-06	4.804734
-1	-3E-12	4.82925	0.1	2.05985E-06	4.82925
-0.9	-1.8E-12	4.853829	0.1000002	2.549E-06	4.853829
-0.8	-3E-13	4.878361	0.0999999	3.08174E-06	4.878361
-0.7	1.4E-12	4.90301	0.1000002	3.65226E-06	4.90301
-0.6	2.5E-12	4.927562	0.1000001	4.25486E-06	4.927562
-0.5	4.4E-12	4.95206	0.1000003	4.88526E-06	4.95206
-0.4	6.1E-12	4.976562	0.1000001	5.53963E-06	4.976562
-0.3	7.5E-12	5.001092	0.1000002	6.21375E-06	5.001092
-0.1999998	5.7E-12	5.027574	0.1000002	6.90395E-06	5.027574
-0.0999998	1.07E-11	5.052102	0.0999999	7.60927E-06	5.052102
-1E-07	4.9E-12	5.116209	0.1	8.31432E-06	5.116209
0.1000004	1.21E-11	5.140811	0.0999999	9.04468E-06	5.140811
0.2000004	1.43E-11	5.165368	0.1	9.7825E-06	5.165368
0.299999	1.11E-11	5.202397	0.1	1.05157E-05	5.202397
0.399999	1.8E-11	5.226913	0.1	1.12692E-05	5.226913
0.5	1.99E-11	5.251464	0.1000001	1.20283E-05	5.251464
0.599999	2.25E-11	5.275979	0.1000001	1.2793E-05	5.275979
0.7	2.45E-11	5.300515	0.0999999	1.35641E-05	5.300515
0.799999	2.66E-11	5.325076	0.0999999	1.43401E-05	5.325076
0.899999	2.84E-11	5.349598	0.1000002	1.51211E-05	5.349598
0.999999	3.02E-11	5.374119	0.1000001	1.59058E-05	5.374119
1.1	3.21E-11	5.398609	0.1	1.66945E-05	5.398609
1.199999	3.35E-11	5.423107	0.1000002	1.74856E-05	5.423107
1.3	3.48E-11	5.447653	0.1	1.8279E-05	5.447653
1.4	3.67E-11	5.472147	0.1000001	1.90748E-05	5.472147
1.5	3.79E-11	5.496656	0.1	1.98718E-05	5.496656
1.599999	3.9E-11	5.521264	0.1000001	2.06704E-05	5.521264
1.699999	4.02E-11	5.545778	0.0999999	2.1471E-05	5.545778
1.8	4.07E-11	5.570301	0.1000002	2.22725E-05	5.570301
1.899999	3.48E-11	5.615163	0.0999999	2.30647E-05	5.615163
2	4.02E-11	5.63972	0.1	2.38709E-05	5.63972
2.099999	4.19E-11	5.664243	0.1000002	2.46763E-05	5.664243
2.19999	4.24E-11	5.688953	0.1	2.54763E-05	5.688953
2.29999	4.35E-11	5.713509	0.1	2.62825E-05	5.713509
2.39999	4.44E-11	5.738029	0.1000001	2.70899E-05	5.738029
2.49999	4.44E-11	5.762536	0.0999999	2.7898E-05	5.762536
2.59999	4.5E-11	5.787031	0.1000002	2.87055E-05	5.787031
2.69999	4.56E-11	5.811569	0.1	2.95147E-05	5.811569
2.79999	4.59E-11	5.836084	0.1	3.03234E-05	5.836084
2.89999	4.64E-11	5.86066	0.1000001	3.11335E-05	5.86066
2.99999	4.72E-11	5.885196	0.1000001	3.19454E-05	5.885196
3.09999	4.72E-11	5.909812	0.1000001	3.27569E-05	5.909812
3.19999	4.77E-11	5.934327	0.1000002	3.35692E-05	5.934327
3.29999	4.83E-11	5.95884	0.1000001	3.43828E-05	5.95884
3.39999	4.81E-11	5.983339	0.0999999	3.51966E-05	5.983339
3.49999	4.86E-11	6.007857	0.0999999	3.60111E-05	6.007857
3.59999	4.89E-11	6.032362	0.1	3.6827E-05	6.032362
3.69999	4.88E-11	6.056922	0.1	3.76429E-05	6.056922
3.79999	4.24E-11	6.113936	0.1	3.84487E-05	6.113936
3.89999	4.74E-11	6.138467	0.1000001	3.92708E-05	6.138467
3.99999	4.85E-11	6.163003	0.0999998	4.0091E-05	6.163003
4.09999	4.86E-11	6.187595	0.1000001	4.09118E-05	6.187595
4.19999	4.94E-11	6.212172	0.1000001	4.17321E-05	6.212172
4.29999	5E-11	6.236646	0.1000003	4.25541E-05	6.236646
4.39999	5.01E-11	6.261165	0.1000002	4.33766E-05	6.261165
4.49999	5.06E-11	6.28571	0.1	4.41991E-05	6.28571
4.59999	5.06E-11	6.310253	0.1	4.50232E-05	6.310253
4.69999	5.05E-11	6.334774	0.1	4.58475E-05	6.334774
4.79999	5.05E-11	6.359302	0.1000001	4.66737E-05	6.359302
4.89999	5.12E-11	6.383815	0.1000001	4.74996E-05	6.383815
4.99999	5.19E-11	6.40843	0.1000001	4.83269E-05	6.40843
5.09999	5.16E-11	6.432961	0.1	4.91552E-05	6.432961
5.19999	5.15E-11	6.457478	0.1	4.99842E-05	6.457478
5.29999	5.22E-11	6.48199	0.1	5.0814E-05	6.48199
5.39999	5.14E-11	6.506735	0.1000001	5.16452E-05	6.506735
5.49999	5.25E-11	6.531292	0.0999999	5.24776E-05	6.531292
5.59999	5.28E-11	6.555931	0.1000001	5.33098E-05	6.555931
5.69999	4.61E-11	6.615475	0.0999999	5.41326E-05	6.615475
5.79999	5.13E-11	6.639978	0.1000003	5.49706E-05	6.639978
5.89999	5.15E-11	6.664533	0.1000002	5.58085E-05	6.664533
5.99999	5.23E-11	6.68904	0.1000002	5.66462E-05	6.68904
6.09999	5.25E-11	6.713632	0.1000001	5.74843E-05	6.713632
6.19999	5.34E-11	6.738132	0.1	5.83238E-05	6.738132
6.29999	5.29E-11	6.76271	0.1000002	5.91633E-05	6.76271
6.39999	5.39E-11	6.787214	0.1	6.00057E-05	6.787214
6.49999	5.38E-11	6.811745	0.1000002	6.08467E-05	6.811745
6.59999	5.44E-11	6.836239	0.1	6.16895E-05	6.836239
6.69999	5.42E-11	6.860804	0.0999999	6.25338E-05	6.860804
6.79999	5.47E-11	6.885319	0.0999999	6.3379E-05	6.885319
6.89999	5.42E-11	6.909956	0.1000001	6.42245E-05	6.909956
6.99999	5.43E-11	6.934504	0.0999999	6.50708E-05	6.934504
7.09999	5.46E-11	6.959064	0.1	6.59188E-05	6.959064
7.19999	5.5E-11	6.983584	0.1	6.67685E-05	6.983584
7.29999	5.52E-11	7.008118	0.1	6.76178E-05	7.008118
7.39999	5.5E-11	7.032643	0.1000001	6.84689E-05	7.032643
7.49999	5.53E-11	7.057187	0.1	6.93212E-05	7.057187
7.59999	4.83E-11	7.11685	0.1000001	7.01647E-05	7.11685
7.69999	5.42E-11	7.141377	0.1	7.10223E-05	7.141377
7.79999	5.46E-11	7.165944	0.1000001	7.18784E-05	7.165944
7.89999	5.53E-11	7.190518	0.1000001	7.27349E-05	7.190518
7.99999	5.54E-11	7.215097	0.1000001	7.35927E-05	7.215097
8.09999	5.59E-11	7.239632	0.1	7.4452E-05	7.239632
8.19999	5.56E-11	7.264207	0.1	7.53109E-05	7.264207
8.29999	5.59E-11	7.288765	0.1	7.61721E-05	7.288765
8.39999	5.64E-11	7.313324	0.0999999	7.70345E-05	7.313324
8.49999	5.67E-11	7.337849	0.1000003	7.78973E-05	7.337849
8.59999	5.67E-11	7.362309	0.0999999	7.87606E-05	7.362309
8.69999	5.67E-11	7.386827	0.1000003	7.96256E-05	7.386827
8.79999	5.73E-11	7.411418	0.0999998	8.04913E-05	7.411418
8.89999	5.66E-11	7.435965	0.1	8.13584E-05	7.435965
8.99999	5.68E-11	7.460492	0.1000002	8.22252E-05	7.460492
9.09999	5.73E-11	7.485019	0.1000002	8.30941E-05	7.485019
9.19999	5.69E-11	7.509586	0.1000002	8.39661E-05	7.509586
9.29999	5.72E-11	7.534137	0.1000002	8.48329E-05	7.534137
9.39999	5.76E-11	7.558652	0.1000001	8.57075E-05	7.558652
9.49999	5.07E-11	7.618281	0.0999998	8.65766E-05	7.618281
9.59999	5.57E-11	7.642792	0.1000001	8.74556E-05	7.642792
9.69999	5.63E-11	7.667346	0.1	8.8334E-05	7.667346
9.79999	5.7E-11	7.69186	0.1000003	8.92123E-05	7.69186
9.89999	5.74E-11	7.71644	0.1	9.00903E-05	7.71644
9.99999	5.79E-11	7.740952	0.1	9.09692E-05	7.740952
9.9	4.44E-11	7.765566	0.1000001	9.00768E-05	7.765566
9.8	3.99E-11	7.790076	0.1000003	8.91864E-05	7.790076
9.7	3.85E-11	7.814635	0.1000001	8.8301E-05	7.814635
9.6	3.69E-11	7.839158	0.0999998	8.74162E-05	7.839158
9.5	3.53E-11	7.863708	0.1000001	8.65344E-05	7.863708
9.4	3.44E-11	7.888235	0.0999998	8.56533E-05	7.888235
9.3	3.33E-11	7.91283	0.0999998	8.47724E-05	7.91283
9.2	3.19E-11	7.937355	0.0999997	8.3894E-05	7.937355
9.1	3.14E-11	7.96189	0.1	8.30177E-05	7.96189
9	3.04E-11	7.986414	0.0999999	8.21412E-05	7.986414
8.9	2.94E-11	8.01095	0.1000001	8.12699E-05	8.01095
8.8	2.9E-11	8.035509	0.0999998	8.0396E-05	8.035509
8.7	2.85E-11	8.060028	0.1000003	7.95222E-05	8.060028
8.6	3.41E-11	8.119852	0.1000001	7.86514E-05	8.119852
8.5	2.84E-11	8.144368	0.1000003	7.77776E-05	8.144368
8.4	2.79E-11	8.168894	0.1000001	7.69059E-05	8.168894
8.3	2.77E-11	8.19351	0.0999998	7.60369E-05	8.19351
8.2	2.59E-11	8.218069	0.1000001	7.51694E-05	8.218069
8.1	2.6E-11	8.242596	0.1	7.43017E-05	8.242596
8	2.53E-11	8.267105	0.1	7.34357E-05	8.267105
7.9	2.49E-11	8.291632	0.1000001	7.25715E-05	8.291632
7.8	2.46E-11	8.316164	0.0999998	7.17071E-05	8.316164
7.7	2.39E-11	8.340719	0.0999998	7.08448E-05	8.340719
7.6	2.33E-11	8.365231	0.0999997	6.99828E-05	8.365231
7.5	2.28E-11	8.389745	0.0999999	6.91229E-05	8.389745
7.4	2.2E-11	8.414321	0.1000001	6.8263E-05	8.414321
7.3	2.25E-11	8.438883	0.1000001	6.74042E-05	8.438883
7.2	2.14E-11	8.463384	0.1	6.65463E-05	8.463384
7.1	2.17E-11	8.487917	0.0999998	6.56908E-05	8.487917
7	2.13E-11	8.512485	0.0999998	6.48346E-05	8.512485
6.9	2.08E-11	8.537012	0.1	6.39801E-05	8.537012
6.8	2.03E-11	8.561525	0.1	6.31259E-05	8.561525
6.7	2.7E-11	8.625379	0.1000001	6.22802E-05	8.625379
6.6	2.18E-11	8.649946	0.0999997	6.14266E-05	8.649946
6.5	2.07E-11	8.674483	0.1000001	6.05754E-05	8.674483
6.4	2.05E-11	8.699036	0.1000001	5.97252E-05	8.699036
6.3	2.24E-11	8.725329	0.1000001	5.88758E-05	8.725329
6.2	1.88E-11	8.749877	0.0999999	5.80278E-05	8.749877
6.1	1.85E-11	8.774402	0.1	5.71812E-05	8.774402
6	1.77E-11	8.798913	0.0999999	5.63344E-05	8.798913
5.9	1.73E-11	8.823447	0.0999998	5.54885E-05	8.823447
5.8	1.72E-11	8.848055	0.0999998	5.46448E-05	8.848055
5.7	1.67E-11	8.872574	0.1000001	5.38012E-05	8.872574
5.6	1.62E-11	8.897099	0.0999998	5.29583E-05	8.897099
5.5	1.55E-11	8.921704	0.0999998	5.2117E-05	8.921704
5.4	1.52E-11	8.946253	0.0999998	5.12769E-05	8.946253
5.3	1.46E-11	8.970754	0.1	5.04369E-05	8.970754
5.2	1.44E-11	8.995289	0.0999998	4.95982E-05	8.995289
5.1	1.43E-11	9.019814	0.0999999	4.87605E-05	9.019814
5	1.38E-11	9.044382	0.1000002	4.79236E-05	9.044382
4.9	1.31E-11	9.068955	0.0999997	4.70871E-05	9.068955
4.8	1.95E-11	9.123242	0.1000002	4.62572E-05	9.123242
4.7	1.41E-11	9.14777	0.0999999	4.54222E-05	9.14777
4.6	1.31E-11	9.172296	0.1000001	4.45894E-05	9.172296
4.5	1.23E-11	9.196876	0.0999999	4.37564E-05	9.196876
4.4	1.19E-11	9.2215	0.0999999	4.29246E-05	9.2215
4.3	1.11E-11	9.246012	0.1000001	4.20936E-05	9.246012
4.2	1.04E-11	9.270534	0.0999999	4.1264E-05	9.270534
4.1	9.8E-12	9.295044	0.0999999	4.0435E-05	9.295044
4	9.3E-12	9.319594	0.0999999	3.96064E-05	9.319594
3.9	9E-12	9.344112	0.0999999	3.87794E-05	9.344112
3.8	8.7E-12	9.368735	0.1	3.7953E-05	9.368735
3.7	7.9E-12	9.393249	0.1000001	3.71277E-05	9.393249
3.6	6.9E-12	9.41786	0.1	3.63033E-05	9.41786
3.5	6.1E-12	9.442378	0.0999998	3.54795E-05	9.442378
3.4	5.7E-12	9.466891	0.1	3.46572E-05	9.466891
3.3	4.9E-12	9.49141	0.1	3.38358E-05	9.49141
3.2	5.4E-12	9.516148	0.1000001	3.3015E-05	9.516148
3.1	3.9E-12	9.540705	0.0999999	3.21957E-05	9.540705
3	3.2E-12	9.56522	0.0999999	3.13761E-05	9.56522
2.9	9.4E-12	9.624715	0.0999999	3.05634E-05	9.624715
2.8	3.8E-12	9.649241	0.1000001	2.97453E-05	9.649241
2.7	2.5E-12	9.673772	0.0999998	2.89293E-05	9.673772
2.6	1.4E-12	9.698288	0.1000001	2.81143E-05	9.698288
2.5	6E-13	9.722881	0.0999999	2.73006E-05	9.722881
2.4	-9E-13	9.747396	0.0999999	2.64872E-05	9.747396
2.3	-1.5E-12	9.771944	0.1	2.56758E-05	9.771944
2.2	-2.4E-12	9.796461	0.1000001	2.48659E-05	9.796461
2.099999	1E-13	9.822914	0.0999999	2.40626E-05	9.822914
2	-4.7E-12	9.847421	0.1	2.32551E-05	9.847421
1.9	-5.4E-12	9.872039	0.1000001	2.245E-05	9.872039
1.8	-7.1E-12	9.896568	0.1000001	2.16456E-05	9.896568
1.7	-7.9E-12	9.921186	0.0999999	2.08435E-05	9.921186
1.6	-8.9E-12	9.945686	0.0999999	2.00437E-05	9.945686
1.5	-1.04E-11	9.97023	0.1000001	1.9245E-05	9.97023
1.4	-1.21E-11	9.994747	0.1000002	1.84491E-05	9.994747
1.3	-1.32E-11	10.019293	0.0999999	1.76564E-05	10.019293
1.2	-1.46E-11	10.043833	0.0999999	1.68663E-05	10.043833
1.1	-1.58E-11	10.068355	0.0999997	1.60803E-05	10.068355
1	-1.08E-11	10.126167	0.0999999	1.53038E-05	10.126167
0.9	-1.74E-11	10.150688	0.0999998	1.45257E-05	10.150688
0.8	-1.94E-11	10.175214	0.0999998	1.37532E-05	10.175214
0.7	-2.18E-11	10.199765	0.0999998	1.29878E-05	10.199765
0.6	-2.35E-11	10.224381	0.1000002	1.22298E-05	10.224381
0.5	-2.59E-11	10.248917	0.0999999	1.14791E-05	10.248917
0.4	-2.85E-11	10.273488	0.0999999	1.07356E-05	10.273488
0.3	-3.07E-11	10.298034	0.0999998	1.00005E-05	10.298034
0.1999999	-2.96E-11	10.324474	0.1	9.2744E-06	10.324474
0.0999999	-3.14E-11	10.35165	0.1	8.56181E-06	10.35165
-3E-07	-3.7E-11	10.376161	0.1	7.85262E-06	10.376161
#scan	iMeasureCycle=2	iMux=0	time=279.84	N=401	LocalTime=19/04/2023 20:36:19
#VGate(V)	IGate(A)	time(s)	VDrain(V)	IDrain(A)	time(s)
0	-1.61E-11	279.847447	0.0999998	8.02409E-06	279.847447
-0.1000002	-2.44E-11	279.872367	0.1000001	7.30886E-06	279.872367
-0.2000001	-2.51E-11	279.898337	0.1	6.6092E-06	279.898337
-0.3	-3.14E-11	279.923104	0.0999999	5.92372E-06	279.923104
-0.4	-3.44E-11	279.947719	0.1000001	5.25753E-06	279.947719
-0.5	-3.7E-11	279.972245	0.0999998	4.61326E-06	279.972245
-0.6	-3.89E-11	279.996747	0.0999998	3.99366E-06	279.996747
-0.7	-4.09E-11	280.021293	0.1	3.40376E-06	280.021293
-0.8	-4.24E-11	280.045832	0.0999997	2.84866E-06	280.045832
-0.9	-4.44E-11	280.070369	0.1	2.3331E-06	280.070369
-1	-4.64E-11	280.094862	0.1000001	1.864E-06	280.094862
-1.1	-4.72E-11	280.119428	0.0999999	1.44402E-06	280.119428
-1.2	-4.83E-11	280.143972	0.0999998	1.07937E-06	280.143972
-1.3	-4.52E-11	280.171305	0.0999995	7.74101E-07	280.171305
-1.4	-5E-11	280.19584	0.0999995	5.24778E-07	280.19584
-1.5	-5.04E-11	280.220417	0.0999995	3.33528E-07	280.220417
-1.6	-5.15E-11	280.244923	0.0999998	1.95428E-07	280.244923
-1.7	-5.19E-11	280.269455	0.0999997	1.03779E-07	280.269455
-1.8	-4.73E-11	280.307086	0.0999963	4.99043E-08	280.307086
-1.900001	-6.74E-11	280.330323	0.1000045	2.03246E-08	280.330323
-2.000001	-6.9E-11	280.353537	0.1000024	7.0967E-09	280.353537
-2.099999	-4.67E-11	280.41544	0.0999996	2.2161E-09	280.41544
-2.2	-6.74E-11	280.438941	0.1000005	5.184E-10	280.438941
-2.3	-6.76E-11	280.462232	0.1000003	9.88E-11	280.462232
-2.4	-6.8E-11	280.48552	0.1000003	9.3E-12	280.48552
-2.5	-7.07E-11	280.508789	0.1000002	-6.9E-12	280.508789
-2.6	-7.03E-11	280.532142	0.1000002	-8.8E-12	280.532142
-2.7	-7.01E-11	280.555437	0.1000004	-9.2E-12	280.555437
-2.8	-7.25E-11	280.578646	0.1000003	-8.8E-12	280.578646
-2.9	-7.32E-11	280.601856	0.1000003	-8.8E-12	280.601856
-3	-7.38E-11	280.625069	0.1000004	-9.1E-12	280.625069
-3.1	-7.23E-11	280.64836	0.1000002	-9.2E-12	280.64836
-3.2	-7.43E-11	280.671552	0.1000002	-8.9E-12	280.671552
-3.3	-7.31E-11	280.694842	0.1000002	-8.9E-12	280.694842
-3.4	-7.47E-11	280.718168	0.1000002	-9.2E-12	280.718168
-3.5	-7.42E-11	280.741458	0.1000002	-8.8E-12	280.741458
-3.6	-7.6E-11	280.764676	0.1000004	-8.6E-12	280.764676
-3.7	-7.62E-11	280.787877	0.1000003	-8.7E-12	280.787877
-3.8	-7.47E-11	280.811172	0.1000002	-8.9E-12	280.811172
-3.9	-7.38E-11	280.834533	0.1000002	-8.8E-12	280.834533
-4	-7.71E-11	280.857752	0.1000001	-8.8E-12	280.857752
-4.1	-5.59E-11	280.911325	0.1000001	-1.02E-11	280.911325
-4.2	-7.54E-11	280.934663	0.1000002	-8.3E-12	280.934663
-4.3	-7.59E-11	280.957963	0.1000001	-8.5E-12	280.957963
-4.4	-7.71E-11	280.981192	0.1000003	-8.4E-12	280.981192
-4.5	-7.6E-11	281.004531	0.1000004	-8.4E-12	281.004531
-4.6	-7.61E-11	281.027833	0.1000004	-8.4E-12	281.027833
-4.7	-7.83E-11	281.051052	0.1000002	-8.3E-12	281.051052
-4.8	-7.86E-11	281.074266	0.1000002	-8.3E-12	281.074266
-4.9	-7.74E-11	281.097545	0.1000003	-8.3E-12	281.097545
-5	-7.72E-11	281.120838	0.1	-8.8E-12	281.120838
-5.1	-7.98E-11	281.144054	0.1000001	-8.4E-12	281.144054
-5.2	-7.91E-11	281.167291	0.1000002	-7.9E-12	281.167291
-5.3	-7.86E-11	281.190576	0.1000001	-8.6E-12	281.190576
-5.4	-8.04E-11	281.213839	0.1000002	-8.4E-12	281.213839
-5.5	-7.88E-11	281.237232	0.1000004	-8.7E-12	281.237232
-5.6	-7.88E-11	281.260524	0.1000001	-8.5E-12	281.260524
-5.7	-7.84E-11	281.283858	0.1000003	-8.5E-12	281.283858
-5.8	-8.11E-11	281.307065	0.1000002	-8E-12	281.307065
-5.9	-8.14E-11	281.33031	0.1000005	-7.7E-12	281.33031
-6	-8.03E-11	281.353595	0.1000002	-8E-12	281.353595
-6.1	-6.03E-11	281.413209	0.1	-9.7E-12	281.413209
-6.2	-7.89E-11	281.436473	0.1000003	-7.5E-12	281.436473
-6.3	-7.94E-11	281.459827	0.1000001	-7.8E-12	281.459827
-6.4	-7.99E-11	281.483115	0.1000001	-7.9E-12	281.483115
-6.5	-8.18E-11	281.506395	0.1000001	-8E-12	281.506395
-6.6	-8.03E-11	281.529701	0.1000004	-8.3E-12	281.529701
-6.7	-8.03E-11	281.553038	0.1000002	-8.2E-12	281.553038
-6.8	-8.19E-11	281.576255	0.1000002	-8.2E-12	281.576255
-6.9	-8.26E-11	281.599562	0.1000005	-8.5E-12	281.599562
-7	-8.16E-11	281.622853	0.1000002	-7.9E-12	281.622853
-7.1	-8.15E-11	281.646156	0.1000002	-7.9E-12	281.646156
-7.2	-8.36E-11	281.669366	0.1000003	-7.9E-12	281.669366
-7.3	-8.4E-11	281.692579	0.1000003	-8.3E-12	281.692579
-7.4	-8.29E-11	281.715865	0.1000002	-8.1E-12	281.715865
-7.5	-8.18E-11	281.739208	0.1000002	-8.1E-12	281.739208
-7.6	-8.5E-11	281.76243	0.1000003	-7.5E-12	281.76243
-7.7	-8.46E-11	281.785635	0.1000004	-7.8E-12	281.785635
-7.8	-8.31E-11	281.808927	0.1000002	-8.3E-12	281.808927
-7.9	-8.46E-11	281.832176	0.1000003	-7.9E-12	281.832176
-8	-8.55E-11	281.855406	0.1000004	-7.4E-12	281.855406
-8.1	-6.4E-11	281.9141	0.1	-9.4E-12	281.9141
-8.2	-8.01E-11	281.937483	0.1000003	-8.4E-12	281.937483
-8.3	-8.41E-11	281.960775	0.1000001	-7.5E-12	281.960775
-8.4	-8.28E-11	281.984064	0.1000002	-8E-12	281.984064
-8.5	-8.28E-11	282.007422	0.1000002	-7.8E-12	282.007422
-8.6	-8.52E-11	282.030639	0.1000004	-7.7E-12	282.030639
-8.7	-8.5E-11	282.053864	0.1000002	-7.9E-12	282.053864
-8.8	-8.37E-11	282.077144	0.1000002	-8E-12	282.077144
-8.9	-8.34E-11	282.100438	0.1000002	-7.9E-12	282.100438
-9	-8.58E-11	282.123648	0.1000003	-7.9E-12	282.123648
-9.1	-8.6E-11	282.146958	0.1000001	-8E-12	282.146958
-9.2	-8.47E-11	282.170248	0.1000002	-8E-12	282.170248
-9.3	-8.61E-11	282.193472	0.1000002	-7.6E-12	282.193472
-9.4	-8.66E-11	282.216746	0.1000003	-7.8E-12	282.216746
-9.5	-8.63E-11	282.239988	0.1000002	-7.6E-12	282.239988
-9.6	-8.54E-11	282.26328	0.1000002	-7.5E-12	282.26328
-9.7	-8.68E-11	282.286485	0.1000002	-7.4E-12	282.286485
-9.8	-8.66E-11	282.309702	0.1000003	-7.2E-12	282.309702
-9.9	-8.65E-11	282.332954	0.1000003	-7.7E-12	282.332954
-10	-8.52E-11	282.356254	0.1000002	-7.4E-12	282.356254
-9.90001	-6.12E-11	282.415539	0.1000001	-9.7E-12	282.415539
-9.80001	-4.08E-11	282.438812	0.0999998	-1.1E-11	282.438812
-9.70001	-3.76E-11	282.462104	0.0999998	-1.13E-11	282.462104
-9.60001	-3.79E-11	282.485405	0.0999999	-1.1E-11	282.485405
-9.50001	-3.67E-11	282.508757	0.0999997	-1.1E-11	282.508757
-9.40001	-3.36E-11	282.53197	0.1	-1.14E-11	282.53197
-9.30001	-3.22E-11	282.555227	0.0999997	-1.13E-11	282.555227
-9.20001	-3.33E-11	282.578515	0.0999999	-1.09E-11	282.578515
-9.10001	-3.29E-11	282.601799	0.0999999	-1.08E-11	282.601799
-9.00001	-3.02E-11	282.625	0.0999999	-1.11E-11	282.625
-8.90001	-2.94E-11	282.648219	0.0999998	-1.13E-11	282.648219
-8.80001	-2.99E-11	282.671507	0.0999997	-1.11E-11	282.671507
-8.70001	-2.95E-11	282.694802	0.0999998	-1.14E-11	282.694802
-8.60001	-2.91E-11	282.718079	0.0999997	-1.14E-11	282.718079
-8.50001	-2.86E-11	282.741367	0.0999998	-1.09E-11	282.741367
-8.40001	-2.76E-11	282.764664	0.0999998	-1.13E-11	282.764664
-8.30001	-2.61E-11	282.787876	0.0999998	-1.12E-11	282.787876
-8.20001	-2.5E-11	282.811094	0.0999999	-1.15E-11	282.811094
-8.10001	-2.63E-11	282.834404	0.0999998	-1.17E-11	282.834404
-8	-2.58E-11	282.857698	0.0999998	-1.16E-11	282.857698
-7.90001	-4.48E-11	282.916932	0.0999999	-9.9E-12	282.916932
-7.80001	-2.59E-11	282.940202	0.0999997	-1.17E-11	282.940202
-7.70001	-2.39E-11	282.963494	0.0999998	-1.15E-11	282.963494
-7.6	-2.46E-11	282.98679	0.0999998	-1.15E-11	282.98679
-7.50001	-2.27E-11	283.010065	0.0999999	-1.2E-11	283.010065
-7.40001	-2.27E-11	283.03328	0.0999999	-1.2E-11	283.03328
-7.30001	-2.14E-11	283.056573	0.0999997	-1.18E-11	283.056573
-7.2	-2.29E-11	283.079861	0.0999997	-1.17E-11	283.079861
-7.10001	-2.07E-11	283.103063	0.0999999	-1.2E-11	283.103063
-7.00001	-2.03E-11	283.126274	0.0999998	-1.17E-11	283.126274
-6.90001	-1.98E-11	283.149497	0.0999998	-1.22E-11	283.149497
-6.80001	-2.06E-11	283.172798	0.0999999	-1.21E-11	283.172798
-6.70001	-2.05E-11	283.196089	0.0999997	-1.15E-11	283.196089
-6.60001	-1.82E-11	283.219353	0.0999999	-1.21E-11	283.219353
-6.50001	-1.82E-11	283.242576	0.0999998	-1.2E-11	283.242576
-6.40001	-1.92E-11	283.265866	0.1	-1.2E-11	283.265866
-6.30001	-1.94E-11	283.289148	0.0999998	-1.21E-11	283.289148
-6.20001	-1.7E-11	283.312354	0.0999996	-1.18E-11	283.312354
-6.10001	-1.86E-11	283.335672	0.0999998	-1.2E-11	283.335672
-6.00001	-1.82E-11	283.358958	0.0999998	-1.2E-11	283.358958
-5.90001	-3.72E-11	283.414117	0.1	-1.02E-11	283.414117
-5.80001	-1.75E-11	283.437352	0.0999999	-1.2E-11	283.437352
-5.70001	-1.66E-11	283.460724	0.0999999	-1.25E-11	283.460724
-5.60001	-1.79E-11	283.484015	0.0999998	-1.21E-11	283.484015
-5.50001	-1.77E-11	283.507369	0.0999996	-1.22E-11	283.507369
-5.40001	-1.52E-11	283.530586	0.0999998	-1.25E-11	283.530586
-5.30001	-1.46E-11	283.553837	0.0999999	-1.25E-11	283.553837
-5.20001	-1.49E-11	283.577139	0.0999997	-1.2E-11	283.577139
-5.1	-1.34E-11	283.600458	0.0999998	-1.18E-11	283.600458
-5.00001	-1.25E-11	283.623673	0.0999998	-1.24E-11	283.623673
-4.90001	-1.2E-11	283.646895	0.0999999	-1.24E-11	283.646895
-4.80001	-1.43E-11	283.670235	0.0999999	-1.2E-11	283.670235
-4.7	-1.21E-11	283.693453	0.0999998	-1.23E-11	283.693453
-4.60001	-1.1E-11	283.716672	0.0999998	-1.31E-11	283.716672
-4.50001	-1.23E-11	283.739965	0.0999999	-1.29E-11	283.739965
-4.40001	-1.17E-11	283.763262	0.0999999	-1.25E-11	283.763262
-4.3	-1.03E-11	283.786477	0.0999998	-1.3E-11	283.786477
-4.20001	-9.1E-12	283.809696	0.0999999	-1.27E-11	283.809696
-4.10001	-8.2E-12	283.832922	0.0999998	-1.27E-11	283.832922
-4.00001	-9.7E-12	283.856219	0.0999999	-1.25E-11	283.856219
-3.90001	-9E-12	283.879519	0.0999999	-1.28E-11	283.879519
-3.80001	-2.77E-11	283.92024	0.1	-1.14E-11	283.92024
-3.70001	-8.4E-12	283.943486	0.0999998	-1.29E-11	283.943486
-3.60001	-7.4E-12	283.966786	0.0999998	-1.31E-11	283.966786
-3.50001	-8E-12	283.990081	0.1	-1.3E-11	283.990081
-3.40001	-5.5E-12	284.013353	0.0999996	-1.3E-11	284.013353
-3.30001	-6.9E-12	284.036652	0.0999997	-1.32E-11	284.036652
-3.20001	-4.7E-12	284.059866	0.0999998	-1.32E-11	284.059866
-3.10001	-4.3E-12	284.083079	0.0999998	-1.33E-11	284.083079
-3.00001	-4.8E-12	284.106364	0.0999996	-1.32E-11	284.106364
-2.90001	-4.3E-12	284.129655	0.0999999	-1.31E-11	284.129655
-2.80001	-1.9E-12	284.152873	0.0999997	-1.4E-11	284.152873
-2.70001	-9E-13	284.176094	0.0999997	-1.36E-11	284.176094
-2.60001	-2.3E-12	284.19939	0.0999997	-1.28E-11	284.19939
-2.50001	2E-13	284.222664	0.0999998	-5.6E-12	284.222664
-2.40001	1.2E-12	284.245883	0.0999998	3.52E-11	284.245883
-2.30001	-2E-13	284.269266	0.1000001	2.331E-10	284.269266
-2.20001	9E-13	284.292552	0.1000002	1.0399E-09	284.292552
-2.099999	-1.4E-11	284.317725	0.1000018	3.7757E-09	284.317725
-2	3.8E-12	284.340953	0.1000021	1.1546E-08	284.340953
-1.9	3.2E-12	284.364241	0.1000049	2.98748E-08	284.364241
-1.800001	-1.62E-11	284.421386	0.1000066	6.52994E-08	284.421386
-1.700001	-1.64E-11	284.461054	0.1	1.2999E-07	284.461054
-1.6	-1.03E-11	284.485565	0.1000005	2.36425E-07	284.485565
-1.5	-8.6E-12	284.510141	0.1000006	3.89543E-07	284.510141
-1.4	-7.3E-12	284.534636	0.1000007	5.9588E-07	284.534636
-1.3	-6.5E-12	284.559207	0.1000011	8.58287E-07	284.559207
-1.200001	-1.04E-11	284.593808	0.1000001	1.17261E-06	284.593808
-1.100001	-5E-12	284.618338	0.0999999	1.55111E-06	284.618338
-1	-3.2E-12	284.642875	0.1000001	1.97985E-06	284.642875
-0.900001	-1.6E-12	284.667401	0.1	2.45709E-06	284.667401
-0.8	0	284.691918	0.1	2.97703E-06	284.691918
-0.7	7E-13	284.716425	0.1	3.5358E-06	284.716425
-0.6	2.4E-12	284.740932	0.1000001	4.12693E-06	284.740932
-0.5	4E-12	284.765448	0.1000001	4.74614E-06	284.765448
-0.4	5.7E-12	284.789948	0.1000001	5.38947E-06	284.789948
-0.3	7.2E-12	284.814453	0.1000001	6.0532E-06	284.814453
-0.2	5.4E-12	284.840864	0.0999999	6.73395E-06	284.840864
-0.0999996	1E-11	284.865398	0.1000003	7.4306E-06	284.865398
-1E-07	4.5E-12	284.929667	0.0999998	8.12825E-06	284.929667
0.1000003	1.17E-11	284.954234	0.1000003	8.85098E-06	284.954234
0.2000002	1.36E-11	284.978873	0.1000001	9.58098E-06	284.978873
0.299999	1.64E-11	285.003582	0.1000002	1.031773E-05	285.003582
0.399999	1.32E-11	285.038275	0.0999998	1.10537E-05	285.038275
0.5	1.96E-11	285.062866	0.1000001	1.18074E-05	285.062866
0.599999	2.21E-11	285.087379	0.1000002	1.25685E-05	285.087379
0.7	2.39E-11	285.111917	0.1000001	1.33358E-05	285.111917
0.799999	2.67E-11	285.136415	0.0999999	1.41101E-05	285.136415
0.9	2.84E-11	285.160913	0.1000001	1.4889E-05	285.160913
0.999999	3.01E-11	285.185425	0.1000001	1.56736E-05	285.185425
1.1	3.19E-11	285.209975	0.1000001	1.64614E-05	285.209975
1.2	3.32E-11	285.234532	0.1000002	1.72536E-05	285.234532
1.3	3.47E-11	285.259029	0.1	1.80488E-05	285.259029
1.399999	3.65E-11	285.283548	0.1	1.88461E-05	285.283548
1.499999	3.77E-11	285.308055	0.1000001	1.96464E-05	285.308055
1.599999	3.87E-11	285.332838	0.1	2.0448E-05	285.332838
1.699999	3.98E-11	285.357372	0.1000001	2.12521E-05	285.357372
1.8	4.05E-11	285.381895	0.1	2.20574E-05	285.381895
1.899999	3.49E-11	285.428397	0.0999998	2.28579E-05	285.428397
2	4.06E-11	285.453019	0.1	2.36675E-05	285.453019
2.1	4.15E-11	285.477572	0.1	2.44775E-05	285.477572
2.19999	4.25E-11	285.502306	0.0999999	2.52832E-05	285.502306
2.29999	4.38E-11	285.52687	0.1000001	2.60943E-05	285.52687
2.39999	4.43E-11	285.55147	0.1000001	2.69067E-05	285.55147
2.49999	4.42E-11	285.575988	0.1000002	2.77193E-05	285.575988
2.59999	4.51E-11	285.600586	0.1000002	2.85328E-05	285.600586
2.69999	4.53E-11	285.625131	0.1	2.93469E-05	285.625131
2.79999	4.6E-11	285.6497	0.0999999	3.01605E-05	285.6497
2.89999	4.64E-11	285.674255	0.1000002	3.09756E-05	285.674255
2.99999	4.66E-11	285.698771	0.1000001	3.17909E-05	285.698771
3.09999	4.74E-11	285.723304	0.1	3.26063E-05	285.723304
3.19999	4.77E-11	285.747833	0.1000002	3.34221E-05	285.747833
3.29999	4.77E-11	285.772353	0.1000002	3.42391E-05	285.772353
3.39999	4.8E-11	285.796902	0.1	3.50562E-05	285.796902
3.49999	4.83E-11	285.821398	0.1	3.58736E-05	285.821398
3.59999	4.87E-11	285.84593	0.1000001	3.66916E-05	285.84593
3.69999	4.83E-11	285.870498	0.1000001	3.751E-05	285.870498
3.79999	4.23E-11	285.927653	0.1	3.83191E-05	285.927653
3.89999	4.76E-11	285.952227	0.1000001	3.91421E-05	285.952227
3.99999	4.82E-11	285.976782	0.1000003	3.99644E-05	285.976782
4.09999	4.84E-11	286.001332	0.1000001	4.07868E-05	286.001332
4.19999	4.96E-11	286.025907	0.1000001	4.1609E-05	286.025907
4.29999	4.96E-11	286.050427	0.0999998	4.24329E-05	286.050427
4.39999	5E-11	286.07497	0.1000001	4.32566E-05	286.07497
4.49999	5E-11	286.0995	0.1000001	4.40808E-05	286.0995
4.59999	5.08E-11	286.124002	0.1	4.49051E-05	286.124002
4.69999	5.04E-11	286.148535	0.1	4.57305E-05	286.148535
4.79999	5.11E-11	286.173046	0.1000002	4.65567E-05	286.173046
4.89999	5.13E-11	286.197585	0.1	4.7384E-05	286.197585
4.99999	5.17E-11	286.222172	0.1000002	4.82119E-05	286.222172
5.09999	5.21E-11	286.246708	0.0999999	4.90407E-05	286.246708
5.19999	5.22E-11	286.271203	0.1000002	4.9871E-05	286.271203
5.29999	5.21E-11	286.295737	0.1	5.07013E-05	286.295737
5.39999	5.22E-11	286.320257	0.0999999	5.15327E-05	286.320257
5.49999	5.22E-11	286.344792	0.1000001	5.23667E-05	286.344792
5.59999	5.26E-11	286.369332	0.0999999	5.31993E-05	286.369332
5.69999	4.61E-11	286.429001	0.1000002	5.40229E-05	286.429001
5.79999	5.1E-11	286.453561	0.1	5.48615E-05	286.453561
5.89999	5.13E-11	286.478105	0.0999997	5.56991E-05	286.478105
5.99999	5.24E-11	286.50262	0.0999998	5.65372E-05	286.50262
6.09999	5.25E-11	286.527185	0.1	5.73758E-05	286.527185
6.19999	5.27E-11	286.551778	0.1	5.8216E-05	286.551778
6.29999	5.32E-11	286.576298	0.1	5.90566E-05	286.576298
6.39999	5.31E-11	286.600858	0.1000002	5.98978E-05	286.600858
6.49999	5.39E-11	286.625376	0.1000003	6.07402E-05	286.625376
6.59999	5.37E-11	286.649903	0.1000001	6.15833E-05	286.649903
6.69999	5.43E-11	286.674408	0.1000002	6.24281E-05	286.674408
6.79999	5.44E-11	286.698949	0.0999999	6.32729E-05	286.698949
6.89999	5.44E-11	286.723463	0.0999999	6.412E-05	286.723463
6.99999	5.5E-11	286.747971	0.1	6.49664E-05	286.747971
7.09999	5.49E-11	286.772512	0.1000001	6.58153E-05	286.772512
7.19999	5.51E-11	286.797035	0.1000002	6.66643E-05	286.797035
7.29999	5.56E-11	286.821532	0.1000001	6.75142E-05	286.821532
7.39999	5.54E-11	286.846083	0.0999999	6.83648E-05	286.846083
7.49999	5.55E-11	286.870587	0.0999999	6.92176E-05	286.870587
7.59999	4.95E-11	286.926219	0.1000003	7.00623E-05	286.926219
7.69999	5.4E-11	286.950745	0.1000002	7.09196E-05	286.950745
7.79999	5.43E-11	286.975341	0.1000001	7.17761E-05	286.975341
7.89999	5.47E-11	286.999963	0.1	7.26335E-05	286.999963
7.99999	5.55E-11	287.024572	0.1000001	7.34917E-05	287.024572
8.09999	5.53E-11	287.049113	0.1000002	7.43504E-05	287.049113
8.19999	5.57E-11	287.073613	0.0999998	7.52105E-05	287.073613
8.29999	5.58E-11	287.098154	0.1000001	7.6071E-05	287.098154
8.39999	5.61E-11	287.122654	0.0999999	7.6933E-05	287.122654
8.49999	5.66E-11	287.147212	0.1	7.77955E-05	287.147212
8.59999	5.65E-11	287.171724	0.1	7.86604E-05	287.171724
8.69999	5.71E-11	287.196235	0.0999999	7.9525E-05	287.196235
8.79999	5.68E-11	287.220803	0.1	8.0391E-05	287.220803
8.89999	5.67E-11	287.245322	0.1000001	8.12575E-05	287.245322
8.99999	5.69E-11	287.269851	0.1	8.21266E-05	287.269851
9.09999	5.67E-11	287.294406	0.1000002	8.29952E-05	287.294406
9.19999	5.71E-11	287.318915	0.1000002	8.3865E-05	287.318915
9.29999	5.71E-11	287.343498	0.0999998	8.47338E-05	287.343498
9.39999	5.77E-11	287.368036	0.1000002	8.56091E-05	287.368036
9.49999	5.02E-11	287.429942	0.1000003	8.64749E-05	287.429942
9.59999	5.56E-11	287.454541	0.1	8.73541E-05	287.454541
9.69999	5.68E-11	287.479054	0.0999999	8.82325E-05	287.479054
9.79999	5.69E-11	287.503581	0.0999999	8.91121E-05	287.503581
9.89999	5.72E-11	287.528142	0.0999999	8.99902E-05	287.528142
9.99999	5.71E-11	287.552713	0.1000002	9.08692E-05	287.552713
9.9	4.39E-11	287.57723	0.1000002	8.99763E-05	287.57723
9.8	4.11E-11	287.601856	0.1000001	8.90882E-05	287.601856
9.7	3.87E-11	287.626373	0.1000001	8.82022E-05	287.626373
9.6	3.69E-11	287.65089	0.1	8.7317E-05	287.65089
9.5	3.49E-11	287.675387	0.0999998	8.64345E-05	287.675387
9.4	3.41E-11	287.699919	0.1	8.5554E-05	287.699919
9.3	3.3E-11	287.724426	0.0999999	8.46744E-05	287.724426
9.2	3.2E-11	287.748963	0.1	8.37957E-05	287.748963
9.1	3.12E-11	287.773476	0.1	8.29191E-05	287.773476
9	3.08E-11	287.798019	0.0999999	8.20423E-05	287.798019
8.9	2.99E-11	287.822528	0.0999998	8.11721E-05	287.822528
8.8	3E-11	287.847101	0.1	8.02977E-05	287.847101
8.7	2.89E-11	287.871651	0.1000001	7.94234E-05	287.871651
8.6	3.4E-11	287.933549	0.0999997	7.85528E-05	287.933549
8.5	2.92E-11	287.95814	0.0999999	7.76794E-05	287.95814
8.4	2.78E-11	287.982657	0.0999997	7.6809E-05	287.982657
8.3	2.76E-11	288.007285	0.0999999	7.59392E-05	288.007285
8.2	2.64E-11	288.03188	0.0999999	7.50714E-05	288.03188
8.1	2.6E-11	288.0564	0.0999998	7.42032E-05	288.0564
8	2.54E-11	288.080934	0.1000003	7.33371E-05	288.080934
7.9	2.47E-11	288.105462	0.0999999	7.24728E-05	288.105462
7.8	2.46E-11	288.129979	0.1	7.16093E-05	288.129979
7.7	2.41E-11	288.154509	0.0999998	7.07461E-05	288.154509
7.6	2.28E-11	288.179079	0.0999999	6.98856E-05	288.179079
7.5	2.26E-11	288.203599	0.1000003	6.90239E-05	288.203599
7.4	2.23E-11	288.228185	0.0999999	6.81636E-05	288.228185
7.3	2.26E-11	288.25269	0.0999997	6.73047E-05	288.25269
7.2	2.24E-11	288.277243	0.0999999	6.64479E-05	288.277243
7.1	2.18E-11	288.301821	0.1	6.55913E-05	288.301821
7	2.12E-11	288.326383	0.1	6.47355E-05	288.326383
6.9	2.07E-11	288.350958	0.0999999	6.38811E-05	288.350958
6.8	2.07E-11	288.37546	0.0999999	6.30278E-05	288.37546
6.7	2.67E-11	288.43514	0.1	6.21813E-05	288.43514
6.6	2.2E-11	288.459734	0.1	6.1327E-05	288.459734
6.5	2.06E-11	288.484259	0.1000001	6.04754E-05	288.484259
6.4	2.02E-11	288.508775	0.1000001	5.96249E-05	288.508775
6.3	1.9E-11	288.533348	0.0999998	5.8777E-05	288.533348
6.2	1.87E-11	288.557929	0.1000002	5.79288E-05	288.557929
6.1	1.84E-11	288.582464	0.1	5.70802E-05	288.582464
6	1.78E-11	288.606979	0.0999997	5.62344E-05	288.606979
5.9	1.73E-11	288.631521	0.1	5.53892E-05	288.631521
5.8	1.72E-11	288.656028	0.1000002	5.45443E-05	288.656028
5.7	1.67E-11	288.680546	0.1	5.37007E-05	288.680546
5.6	1.63E-11	288.705049	0.0999999	5.28584E-05	288.705049
5.5	1.57E-11	288.729602	0.0999998	5.20165E-05	288.729602
5.4	1.54E-11	288.754105	0.0999999	5.11757E-05	288.754105
5.3	1.51E-11	288.778628	0.0999997	5.03361E-05	288.778628
5.2	1.43E-11	288.803124	0.1000002	4.94974E-05	288.803124
5.1	1.38E-11	288.827653	0.0999998	4.86595E-05	288.827653
5	1.36E-11	288.852183	0.1	4.78225E-05	288.852183
4.9	1.3E-11	288.876735	0.1	4.69862E-05	288.876735
4.8	1.94E-11	288.936812	0.0999999	4.61569E-05	288.936812
4.7	1.38E-11	288.961305	0.0999998	4.53222E-05	288.961305
4.6	1.31E-11	288.985833	0.1	4.44887E-05	288.985833
4.5	1.21E-11	289.010357	0.1	4.36554E-05	289.010357
4.4	1.14E-11	289.034941	0.1	4.28241E-05	289.034941
4.3	1.1E-11	289.059452	0.0999997	4.19934E-05	289.059452
4.2	1.07E-11	289.083993	0.0999999	4.11632E-05	289.083993
4.1	1E-11	289.108588	0.1000001	4.03343E-05	289.108588
4	9.8E-12	289.133114	0.0999998	3.95062E-05	289.133114
3.9	9.3E-12	289.157619	0.1	3.86797E-05	289.157619
3.8	8.3E-12	289.182152	0.0999999	3.78523E-05	289.182152
3.7	7.3E-12	289.206649	0.1	3.7028E-05	289.206649
3.6	6.8E-12	289.2312	0.1000001	3.62037E-05	289.2312
3.5	6.7E-12	289.25571	0.1	3.53795E-05	289.25571
3.4	6E-12	289.280242	0.0999999	3.45567E-05	289.280242
3.3	4.9E-12	289.304737	0.1000001	3.37356E-05	289.304737
3.2	4.2E-12	289.329257	0.1000001	3.2915E-05	289.329257
3.1	3.5E-12	289.353809	0.1	3.20956E-05	289.353809
3	3.3E-12	289.37835	0.0999998	3.12767E-05	289.37835
2.9	9.2E-12	289.438189	0.0999999	3.04643E-05	289.438189
2.8	4.6E-12	289.462756	0.1	2.96459E-05	289.462756
2.7	2.7E-12	289.487289	0.0999998	2.88307E-05	289.487289
2.6	1.1E-12	289.511807	0.0999999	2.80163E-05	289.511807
2.5	5E-13	289.536376	0.1000002	2.72023E-05	289.536376
2.4	-7E-13	289.560947	0.0999999	2.63897E-05	289.560947
2.3	-1.3E-12	289.585486	0.1	2.55785E-05	289.585486
2.2	-2.1E-12	289.610124	0.1	2.47683E-05	289.610124
2.099999	2E-13	289.636561	0.1	2.39666E-05	289.636561
2	-4.2E-12	289.661068	0.0999998	2.31598E-05	289.661068
1.9	-5.2E-12	289.685588	0.0999999	2.2354E-05	289.685588
1.8	-6.4E-12	289.710093	0.0999999	2.15499E-05	289.710093
1.699999	-7.9E-12	289.734619	0.0999999	2.0748E-05	289.734619
1.6	-9.1E-12	289.759126	0.0999998	1.99483E-05	289.759126
1.5	-1.03E-11	289.783667	0.1	1.91505E-05	289.783667
1.4	-1.14E-11	289.808162	0.1	1.83558E-05	289.808162
1.3	-1.29E-11	289.832684	0.1	1.75624E-05	289.832684
1.2	-1.43E-11	289.857218	0.0999999	1.67733E-05	289.857218
1.1	-1.59E-11	289.881759	0.0999998	1.59876E-05	289.881759
1	-1.11E-11	289.935186	0.0999998	1.52115E-05	289.935186
0.9	-1.77E-11	289.95973	0.1000001	1.44335E-05	289.95973
0.8	-1.97E-11	289.984294	0.0999999	1.36626E-05	289.984294
0.7	-2.19E-11	290.008834	0.1000001	1.28978E-05	290.008834
0.6	-2.41E-11	290.033383	0.0999998	1.2141E-05	290.033383
0.5	-2.65E-11	290.057941	0.1000002	1.13909E-05	290.057941
0.4	-2.85E-11	290.082448	0.0999999	1.06488E-05	290.082448
0.3	-3.12E-11	290.106957	0.1	9.9147E-06	290.106957
0.1999999	-3.01E-11	290.133438	0.0999997	9.1898E-06	290.133438
0.1	-3.19E-11	290.160563	0.0999998	8.47871E-06	290.160563
-3E-07	-3.78E-11	290.185059	0.1	7.77111E-06	290.185059
#scan	iMeasureCycle=3	iMux=0	time=319.903	N=401	LocalTime=19/04/2023 20:36:59
#VGate(V)	IGate(A)	time(s)	VDrain(V)	IDrain(A)	time(s)
-2E-07	-1.67E-11	319.910535	0.0999999	7.94044E-06	319.910535
-0.1000004	-2.43E-11	319.935406	0.0999999	7.22888E-06	319.935406
-0.2000003	-2.56E-11	319.961033	0.0999998	6.53199E-06	319.961033
-0.3	-3.12E-11	319.985789	0.0999999	5.84957E-06	319.985789
-0.4	-3.51E-11	320.010359	0.0999999	5.18689E-06	320.010359
-0.5	-3.72E-11	320.034881	0.0999999	4.54645E-06	320.034881
-0.6	-3.94E-11	320.059413	0.0999999	3.93085E-06	320.059413
-0.7	-4.14E-11	320.083958	0.0999999	3.34598E-06	320.083958
-0.8	-4.29E-11	320.108478	0.0999998	2.7959E-06	320.108478
-0.9	-4.47E-11	320.133011	0.0999995	2.28558E-06	320.133011
-1	-4.6E-11	320.157552	0.1000001	1.82125E-06	320.157552
-1.1	-4.7E-11	320.182111	0.0999999	1.40775E-06	320.182111
-1.2	-4.84E-11	320.206642	0.1	1.04862E-06	320.206642
-1.3	-4.51E-11	320.233962	0.0999996	7.48601E-07	320.233962
-1.4	-5E-11	320.258464	0.0999996	5.05159E-07	320.258464
-1.5	-5.08E-11	320.283036	0.0999995	3.1892E-07	320.283036
-1.6	-5.2E-11	320.30755	0.0999998	1.85386E-07	320.30755
-1.7	-5.2E-11	320.332115	0.0999997	9.7575E-08	320.332115
-1.8	-4.73E-11	320.369751	0.0999962	4.63863E-08	320.369751
-1.900001	-6.8E-11	320.392976	0.1000051	1.8622E-08	320.392976
-2.000001	-6.91E-11	320.416199	0.1000023	6.4447E-09	320.416199
-2.1	-4.67E-11	320.478053	0.0999998	1.9742E-09	320.478053
-2.2	-6.74E-11	320.501545	0.1000005	4.572E-10	320.501545
-2.3	-6.87E-11	320.524831	0.1000002	8.62E-11	320.524831
-2.4	-6.79E-11	320.548117	0.1000001	7.1E-12	320.548117
-2.5	-7.06E-11	320.571392	0.1000002	-6.7E-12	320.571392
-2.6	-7.13E-11	320.594608	0.1000002	-8.7E-12	320.594608
-2.7	-7.01E-11	320.617936	0.1000004	-9.2E-12	320.617936
-2.8	-7.03E-11	320.641227	0.1000002	-9.2E-12	320.641227
-2.9	-7.34E-11	320.664427	0.1000002	-9E-12	320.664427
-3	-7.33E-11	320.687648	0.1000003	-8.8E-12	320.687648
-3.1	-7.21E-11	320.710942	0.1	-8.9E-12	320.710942
-3.2	-7.26E-11	320.734244	0.1000002	-8.9E-12	320.734244
-3.3	-7.45E-11	320.757541	0.1000001	-8.4E-12	320.757541
-3.4	-7.53E-11	320.780753	0.1000003	-8.7E-12	320.780753
-3.5	-7.37E-11	320.804136	0.1000003	-9E-12	320.804136
-3.6	-7.56E-11	320.827355	0.1000003	-8.7E-12	320.827355
-3.7	-7.63E-11	320.85056	0.1000004	-8.4E-12	320.85056
-3.8	-7.6E-11	320.873796	0.1000002	-8E-12	320.873796
-3.9	-7.48E-11	320.897101	0.1000003	-8.6E-12	320.897101
-4	-7.64E-11	320.920341	0.1000003	-7.9E-12	320.920341
-4.1	-5.56E-11	320.974137	0.1000001	-1.01E-11	320.974137
-4.2	-7.32E-11	320.997455	0.1000002	-8.6E-12	320.997455
-4.3	-7.6E-11	321.020787	0.1000001	-8.5E-12	321.020787
-4.4	-7.53E-11	321.044081	0.1000003	-8.8E-12	321.044081
-4.5	-7.58E-11	321.067417	0.1000001	-8.4E-12	321.067417
-4.6	-7.8E-11	321.090628	0.1000002	-8.4E-12	321.090628
-4.7	-7.8E-11	321.113845	0.1000002	-7.9E-12	321.113845
-4.8	-7.63E-11	321.137182	0.1000004	-8.3E-12	321.137182
-4.9	-7.69E-11	321.160478	0.1000003	-8.4E-12	321.160478
-5	-7.72E-11	321.183767	0.1000003	-7.8E-12	321.183767
-5.1	-7.85E-11	321.207	0.1000002	-7.9E-12	321.207
-5.2	-7.66E-11	321.23033	0.1000002	-7.9E-12	321.23033
-5.3	-7.96E-11	321.253537	0.1000002	-7.6E-12	321.253537
-5.4	-7.99E-11	321.276756	0.1000004	-8.1E-12	321.276756
-5.5	-8.06E-11	321.300024	0.1000002	-8.1E-12	321.300024
-5.6	-7.9E-11	321.323397	0.1000001	-8.5E-12	321.323397
-5.7	-8.04E-11	321.346631	0.1000002	-8.2E-12	321.346631
-5.8	-8.18E-11	321.369846	0.1000003	-7.8E-12	321.369846
-5.9	-8.17E-11	321.393076	0.1000004	-8E-12	321.393076
-6	-8.05E-11	321.416372	0.1000001	-8E-12	321.416372
-6.1	-6.11E-11	321.475248	0.1000001	-1.01E-11	321.475248
-6.2	-7.86E-11	321.498547	0.1000002	-8.2E-12	321.498547
-6.3	-8.09E-11	321.521871	0.1000002	-7.6E-12	321.521871
-6.4	-8.19E-11	321.545109	0.1000002	-7.8E-12	321.545109
-6.5	-8.04E-11	321.568456	0.1000001	-8.4E-12	321.568456
-6.6	-8.24E-11	321.59175	0.1000003	-7.5E-12	321.59175
-6.7	-8.33E-11	321.614983	0.1000003	-8.1E-12	321.614983
-6.8	-8.33E-11	321.638254	0.1000003	-7.9E-12	321.638254
-6.9	-8.2E-11	321.661542	0.1000001	-8.2E-12	321.661542
-7	-8.18E-11	321.684842	0.1000001	-7.9E-12	321.684842
-7.1	-8.38E-11	321.708047	0.1000002	-7.9E-12	321.708047
-7.2	-8.38E-11	321.731272	0.1000003	-8E-12	321.731272
-7.3	-8.3E-11	321.754554	0.1000003	-7.9E-12	321.754554
-7.4	-8.24E-11	321.77785	0.1000004	-8E-12	321.77785
-7.5	-8.45E-11	321.801064	0.1000004	-7.7E-12	321.801064
-7.6	-8.42E-11	321.824301	0.1000003	-8.1E-12	321.824301
-7.7	-8.29E-11	321.84758	0.1000004	-7.7E-12	321.84758
-7.8	-8.27E-11	321.870867	0.1000002	-8.1E-12	321.870867
-7.9	-8.5E-11	321.8941	0.1000002	-7.7E-12	321.8941
-8	-8.51E-11	321.917315	0.1000002	-7.6E-12	321.917315
-8.1	-6.36E-11	321.977117	0.1	-9.7E-12	321.977117
-8.2	-8.3E-11	322.00035	0.1000002	-7.8E-12	322.00035
-8.3	-8.42E-11	322.023646	0.1000002	-8.2E-12	322.023646
-8.4	-8.28E-11	322.04694	0.1000004	-8E-12	322.04694
-8.5	-8.43E-11	322.070224	0.1000003	-8.2E-12	322.070224
-8.6	-8.54E-11	322.093436	0.1000003	-8E-12	322.093436
-8.7	-8.55E-11	322.116651	0.1000003	-8E-12	322.116651
-8.8	-8.45E-11	322.139961	0.1000005	-8E-12	322.139961
-8.9	-8.44E-11	322.163256	0.1000003	-8.2E-12	322.163256
-9	-8.64E-11	322.186461	0.1000002	-7.6E-12	322.186461
-9.1	-8.5E-11	322.209754	0.1000002	-8.3E-12	322.209754
-9.2	-8.49E-11	322.233138	0.1000002	-7.6E-12	322.233138
-9.3	-8.69E-11	322.256349	0.1000004	-7.9E-12	322.256349
-9.4	-8.71E-11	322.279562	0.1000002	-7.8E-12	322.279562
-9.5	-8.59E-11	322.302847	0.1000003	-7.8E-12	322.302847
-9.6	-8.55E-11	322.326192	0.1000002	-7.8E-12	322.326192
-9.7	-8.74E-11	322.349417	0.1000002	-7.9E-12	322.349417
-9.8	-8.79E-11	322.372623	0.1000002	-7.3E-12	322.372623
-9.9	-8.63E-11	322.395931	0.1000003	-7.8E-12	322.395931
-10	-8.63E-11	322.419214	0.1000003	-7.8E-12	322.419214
-9.90001	-6.17E-11	322.478242	0.1	-9.3E-12	322.478242
-9.80001	-4.08E-11	322.501483	0.0999999	-1.13E-11	322.501483
-9.70001	-3.78E-11	322.524771	0.0999999	-1.1E-11	322.524771
-9.60001	-3.77E-11	322.54807	0.0999999	-1.11E-11	322.54807
-9.50001	-3.71E-11	322.571419	0.0999999	-1.11E-11	322.571419
-9.40001	-3.38E-11	322.594629	0.0999998	-1.1E-11	322.594629
-9.30001	-3.43E-11	322.617925	0.0999999	-1.09E-11	322.617925
-9.20001	-3.32E-11	322.641216	0.0999997	-1.1E-11	322.641216
-9.10001	-3.03E-11	322.664486	0.0999998	-1.14E-11	322.664486
-9.00001	-2.95E-11	322.687706	0.1	-1.16E-11	322.687706
-8.90001	-3.04E-11	322.710991	0.0999999	-1.1E-11	322.710991
-8.80001	-2.98E-11	322.734287	0.0999999	-1.15E-11	322.734287
-8.70001	-2.94E-11	322.757585	0.0999999	-1.15E-11	322.757585
-8.60001	-2.7E-11	322.780798	0.0999999	-1.12E-11	322.780798
-8.50001	-2.86E-11	322.80409	0.1	-1.16E-11	322.80409
-8.40001	-2.78E-11	322.827385	0.0999999	-1.15E-11	322.827385
-8.30001	-2.61E-11	322.850607	0.0999999	-1.21E-11	322.850607
-8.20001	-2.41E-11	322.873818	0.0999996	-1.19E-11	322.873818
-8.10001	-2.41E-11	322.897055	0.0999999	-1.18E-11	322.897055
-8.00001	-2.45E-11	322.920282	0.0999998	-1.16E-11	322.920282
-7.90001	-4.49E-11	322.979952	0.1000001	-1.03E-11	322.979952
-7.80001	-2.5E-11	323.003213	0.0999999	-1.2E-11	323.003213
-7.70001	-2.55E-11	323.026589	0.0999999	-1.18E-11	323.026589
-7.6	-2.4E-11	323.049814	0.0999999	-1.16E-11	323.049814
-7.50001	-2.25E-11	323.073082	0.0999999	-1.17E-11	323.073082
-7.40001	-2.33E-11	323.096376	0.0999999	-1.16E-11	323.096376
-7.30001	-2.17E-11	323.119593	0.0999998	-1.18E-11	323.119593
-7.2	-2.18E-11	323.142887	0.0999997	-1.19E-11	323.142887
-7.10001	-2.07E-11	323.166093	0.0999999	-1.17E-11	323.166093
-7.00001	-2.25E-11	323.18939	0.0999999	-1.14E-11	323.18939
-6.90001	-2.18E-11	323.212656	0.0999999	-1.17E-11	323.212656
-6.80001	-1.99E-11	323.235873	0.0999998	-1.21E-11	323.235873
-6.70001	-1.89E-11	323.259086	0.0999999	-1.19E-11	323.259086
-6.60001	-2.08E-11	323.282382	0.0999999	-1.15E-11	323.282382
-6.50001	-2E-11	323.305663	0.0999998	-1.19E-11	323.305663
-6.40001	-1.89E-11	323.328933	0.0999999	-1.18E-11	323.328933
-6.30001	-1.76E-11	323.352155	0.0999998	-1.18E-11	323.352155
-6.20001	-1.93E-11	323.375445	0.0999998	-1.16E-11	323.375445
-6.10001	-1.85E-11	323.398742	0.0999998	-1.17E-11	323.398742
-6.00001	-1.64E-11	323.421953	0.0999996	-1.19E-11	323.421953
-5.90001	-3.75E-11	323.481274	0.0999999	-1.03E-11	323.481274
-5.80001	-1.77E-11	323.5045	0.0999998	-1.21E-11	323.5045
-5.70001	-1.82E-11	323.527876	0.0999997	-1.18E-11	323.527876
-5.60001	-1.59E-11	323.551099	0.1	-1.22E-11	323.551099
-5.50001	-1.52E-11	323.574372	0.0999998	-1.23E-11	323.574372
-5.40001	-1.63E-11	323.597755	0.0999999	-1.16E-11	323.597755
-5.30001	-1.57E-11	323.621039	0.0999998	-1.22E-11	323.621039
-5.20001	-1.37E-11	323.644264	0.0999998	-1.18E-11	323.644264
-5.1	-1.31E-11	323.667525	0.0999998	-1.27E-11	323.667525
-5.00001	-1.45E-11	323.69081	0.0999997	-1.24E-11	323.69081
-4.90001	-1.44E-11	323.714093	0.0999998	-1.22E-11	323.714093
-4.80001	-1.13E-11	323.737309	0.0999998	-1.22E-11	323.737309
-4.7	-1.1E-11	323.760537	0.0999999	-1.27E-11	323.760537
-4.60001	-1.24E-11	323.783826	0.0999996	-1.22E-11	323.783826
-4.50001	-1.22E-11	323.807117	0.0999999	-1.23E-11	323.807117
-4.40001	-9.9E-12	323.830319	0.0999998	-1.24E-11	323.830319
-4.3	-9.6E-12	323.853543	0.0999998	-1.25E-11	323.853543
-4.20001	-1.1E-11	323.876837	0.0999998	-1.25E-11	323.876837
-4.10001	-1.02E-11	323.900141	0.0999998	-1.27E-11	323.900141
-4.00001	-7.9E-12	323.923347	0.0999998	-1.26E-11	323.923347
-3.90001	-2.97E-11	323.982627	0.1000001	-1.06E-11	323.982627
-3.80001	-9.2E-12	324.005881	0.0999999	-1.25E-11	324.005881
-3.70001	-9.9E-12	324.029261	0.0999998	-1.27E-11	324.029261
-3.60001	-7.5E-12	324.05254	0.0999999	-1.32E-11	324.05254
-3.50001	-7E-12	324.075808	0.0999999	-1.28E-11	324.075808
-3.40001	-7.8E-12	324.0991	0.0999998	-1.31E-11	324.0991
-3.30001	-7.2E-12	324.122389	0.0999998	-1.26E-11	324.122389
-3.20001	-4.9E-12	324.145811	0.0999997	-1.31E-11	324.145811
-3.10001	-4.2E-12	324.169034	0.0999998	-1.27E-11	324.169034
-3.00001	-5.2E-12	324.192318	0.0999998	-1.29E-11	324.192318
-2.90001	-2.6E-12	324.215531	0.0999998	-1.35E-11	324.215531
-2.80001	-2.1E-12	324.238754	0.0999997	-1.37E-11	324.238754
-2.70001	-3E-12	324.262047	0.0999999	-1.31E-11	324.262047
-2.60001	-2.5E-12	324.285329	0.0999999	-1.26E-11	324.285329
-2.50001	-2E-13	324.308539	0.0999999	-7.1E-12	324.308539
-2.40001	1.1E-12	324.331806	0.0999999	2.74E-11	324.331806
-2.30001	3E-13	324.355194	0.0999999	1.986E-10	324.355194
-2.20001	4E-13	324.378479	0.1000003	9.053E-10	324.378479
-2.099999	-1.42E-11	324.403701	0.1000015	3.3803E-09	324.403701
-2	3.6E-12	324.426906	0.1000022	1.05101E-08	324.426906
-1.900001	-1.72E-11	324.484092	0.1000027	2.66623E-08	324.484092
-1.8	2E-12	324.507387	0.1000022	6.22462E-08	324.507387
-1.700001	-1.59E-11	324.547022	0.1000001	1.23069E-07	324.547022
-1.6	-1.04E-11	324.57177	0.1000005	2.25477E-07	324.57177
-1.5	-8.7E-12	324.596281	0.1000006	3.74016E-07	324.596281
-1.400001	-7.9E-12	324.6208	0.1000006	5.75054E-07	324.6208
-1.3	-5.8E-12	324.645424	0.1000008	8.32243E-07	324.645424
-1.200001	-1.02E-11	324.680015	0.1	1.14111E-06	324.680015
-1.100001	-4.7E-12	324.704529	0.1000001	1.5133E-06	324.704529
-1	-3.1E-12	324.72905	0.1	1.93704E-06	324.72905
-0.9	-1.6E-12	324.753563	0.1	2.40878E-06	324.753563
-0.8	-4E-13	324.778096	0.1000002	2.92418E-06	324.778096
-0.7	9E-13	324.802595	0.0999999	3.47791E-06	324.802595
-0.6	2.3E-12	324.82716	0.1000002	4.06458E-06	324.82716
-0.500001	3.8E-12	324.85166	0.1000001	4.67947E-06	324.85166
-0.4	5.1E-12	324.876188	0.1000002	5.31947E-06	324.876188
-0.3	7.2E-12	324.900739	0.1	5.97983E-06	324.900739
-0.1999999	5.4E-12	324.927152	0.1	6.65691E-06	324.927152
-0.1	3.2E-12	324.989901	0.1	7.33982E-06	324.989901
4E-07	9.5E-12	325.014461	0.1000002	8.04953E-06	325.014461
0.1000004	1.22E-11	325.039036	0.1	8.76758E-06	325.039036
0.2000004	1.46E-11	325.063528	0.1000001	9.49487E-06	325.063528
0.299999	1.66E-11	325.088302	0.1	1.022953E-05	325.088302
0.399999	1.37E-11	325.122919	0.1000003	1.09637E-05	325.122919
0.499999	1.97E-11	325.147506	0.1000001	1.1716E-05	325.147506
0.599999	2.26E-11	325.172017	0.1000001	1.2475E-05	325.172017
0.7	2.47E-11	325.196547	0.1000001	1.32406E-05	325.196547
0.799999	2.61E-11	325.221079	0.1	1.40128E-05	325.221079
0.9	2.82E-11	325.245591	0.0999999	1.47902E-05	325.245591
0.999999	3.01E-11	325.270097	0.1000001	1.55731E-05	325.270097
1.1	3.14E-11	325.294654	0.1	1.63599E-05	325.294654
1.2	3.32E-11	325.319156	0.1000001	1.71506E-05	325.319156
1.3	3.44E-11	325.343746	0.1000001	1.79448E-05	325.343746
1.399999	3.6E-11	325.368297	0.1	1.87417E-05	325.368297
1.5	3.75E-11	325.392805	0.0999998	1.95406E-05	325.392805
1.599999	3.84E-11	325.417379	0.1000002	2.03427E-05	325.417379
1.699999	3.94E-11	325.441885	0.1000002	2.11461E-05	325.441885
1.799999	3.36E-11	325.488658	0.0999999	2.19456E-05	325.488658
1.9	3.98E-11	325.513157	0.1000001	2.27535E-05	325.513157
2	4.1E-11	325.537869	0.1000003	2.35619E-05	325.537869
2.099999	4.18E-11	325.562373	0.1000001	2.43718E-05	325.562373
2.19999	4.18E-11	325.587207	0.1	2.51759E-05	325.587207
2.29999	4.32E-11	325.611825	0.1	2.59879E-05	325.611825
2.39999	4.4E-11	325.636365	0.1000001	2.68002E-05	325.636365
2.49999	4.44E-11	325.66092	0.1000002	2.76137E-05	325.66092
2.59999	4.49E-11	325.685481	0.1000002	2.84279E-05	325.685481
2.69999	4.52E-11	325.710053	0.1000001	2.92428E-05	325.710053
2.79999	4.59E-11	325.734562	0.1000003	3.00582E-05	325.734562
2.89999	4.65E-11	325.75908	0.1000001	3.08745E-05	325.75908
2.99999	4.71E-11	325.783604	0.0999999	3.16915E-05	325.783604
3.09999	4.73E-11	325.808107	0.1000001	3.25091E-05	325.808107
3.19999	4.79E-11	325.832632	0.0999999	3.33264E-05	325.832632
3.29999	4.81E-11	325.857169	0.1000001	3.41453E-05	325.857169
3.39999	4.84E-11	325.881683	0.1000003	3.49643E-05	325.881683
3.49999	4.88E-11	325.906255	0.1	3.57828E-05	325.906255
3.59999	4.85E-11	325.930809	0.1	3.66027E-05	325.930809
3.69999	4.17E-11	325.990214	0.1	3.74134E-05	325.990214
3.79999	4.73E-11	326.014779	0.1000001	3.82372E-05	326.014779
3.89999	4.8E-11	326.03938	0.0999998	3.90592E-05	326.03938
3.99999	4.87E-11	326.063901	0.1000001	3.98811E-05	326.063901
4.09999	4.85E-11	326.088482	0.1000001	4.07048E-05	326.088482
4.19999	4.92E-11	326.113027	0.1	4.15281E-05	326.113027
4.29999	4.97E-11	326.137538	0.0999999	4.23509E-05	326.137538
4.39999	4.97E-11	326.16218	0.1000001	4.31754E-05	326.16218
4.49999	5E-11	326.186686	0.0999999	4.40003E-05	326.186686
4.59999	4.99E-11	326.211301	0.1000003	4.48264E-05	326.211301
4.69999	5.09E-11	326.235902	0.1000001	4.56522E-05	326.235902
4.79999	5.08E-11	326.260505	0.1000001	4.64791E-05	326.260505
4.89999	5.15E-11	326.285004	0.1000001	4.73078E-05	326.285004
4.99999	5.19E-11	326.309506	0.1000001	4.81358E-05	326.309506
5.09999	5.21E-11	326.334064	0.1000001	4.89649E-05	326.334064
5.19999	5.23E-11	326.358566	0.0999998	4.97948E-05	326.358566
5.29999	5.22E-11	326.383084	0.0999998	5.06266E-05	326.383084
5.39999	5.2E-11	326.407622	0.1000002	5.14583E-05	326.407622
5.49999	5.27E-11	326.432137	0.1000001	5.22907E-05	326.432137
5.59999	4.63E-11	326.491837	0.1000001	5.31142E-05	326.491837
5.69999	5.12E-11	326.516353	0.1000003	5.39521E-05	326.516353
5.79999	5.18E-11	326.540968	0.1	5.47897E-05	326.540968
5.89999	5.24E-11	326.56549	0.0999999	5.56262E-05	326.56549
5.99999	5.26E-11	326.59005	0.1000001	5.64648E-05	326.59005
6.09999	5.28E-11	326.614686	0.1	5.73037E-05	326.614686
6.19999	5.29E-11	326.639207	0.1000001	5.81436E-05	326.639207
6.29999	5.28E-11	326.663823	0.0999999	5.8984E-05	326.663823
6.39999	5.39E-11	326.688334	0.1000001	5.98253E-05	326.688334
6.49999	5.38E-11	326.712879	0.1000001	6.06683E-05	326.712879
6.59999	5.42E-11	326.737378	0.1	6.15119E-05	326.737378
6.69999	5.43E-11	326.761908	0.1000001	6.2356E-05	326.761908
6.79999	5.47E-11	326.786416	0.1	6.32013E-05	326.786416
6.89999	5.43E-11	326.810927	0.0999999	6.40477E-05	326.810927
6.99999	5.44E-11	326.835445	0.1000001	6.48945E-05	326.835445
7.09999	5.5E-11	326.859991	0.1	6.57425E-05	326.859991
7.19999	5.49E-11	326.884509	0.0999999	6.65922E-05	326.884509
7.29999	5.53E-11	326.909049	0.1000001	6.7443E-05	326.909049
7.39999	5.5E-11	326.933547	0.1000001	6.8295E-05	326.933547
7.49999	4.91E-11	326.988796	0.1000001	6.9139E-05	326.988796
7.59999	5.36E-11	327.013362	0.1000002	6.99948E-05	327.013362
7.69999	5.44E-11	327.037985	0.0999998	7.08513E-05	327.037985
7.79999	5.47E-11	327.062489	0.0999999	7.1707E-05	327.062489
7.89999	5.51E-11	327.087047	0.1	7.25637E-05	327.087047
7.99999	5.54E-11	327.111554	0.1	7.34218E-05	327.111554
8.09999	5.57E-11	327.136106	0.1000003	7.42817E-05	327.136106
8.19999	5.54E-11	327.160641	0.0999999	7.51406E-05	327.160641
8.29999	5.51E-11	327.185202	0.0999999	7.60011E-05	327.185202
8.39999	5.55E-11	327.209725	0.1	7.68632E-05	327.209725
8.49999	5.63E-11	327.23423	0.1	7.77266E-05	327.23423
8.59999	5.62E-11	327.258738	0.0999998	7.85901E-05	327.258738
8.69999	5.66E-11	327.28328	0.1000001	7.9456E-05	327.28328
8.79999	5.65E-11	327.307793	0.1000002	8.03228E-05	327.307793
8.89999	5.64E-11	327.332318	0.1000002	8.1189E-05	327.332318
8.99999	5.72E-11	327.356834	0.0999999	8.20566E-05	327.356834
9.09999	5.73E-11	327.381343	0.1	8.2926E-05	327.381343
9.19999	5.74E-11	327.405897	0.1000002	8.37969E-05	327.405897
9.29999	5.76E-11	327.430374	0.1000002	8.46655E-05	327.430374
9.39999	4.98E-11	327.492716	0.1000004	8.55313E-05	327.492716
9.49999	5.55E-11	327.517292	0.0999999	8.64107E-05	327.517292
9.59999	5.65E-11	327.541883	0.1	8.72892E-05	327.541883
9.69999	5.64E-11	327.566436	0.1000001	8.8167E-05	327.566436
9.79999	5.69E-11	327.59113	0.1	8.90443E-05	327.59113
9.89999	5.7E-11	327.615734	0.1000002	8.9924E-05	327.615734
9.99999	5.71E-11	327.640244	0.1	9.08037E-05	327.640244
9.9	4.49E-11	327.66498	0.0999999	8.99095E-05	327.66498
9.8	4.09E-11	327.689538	0.1	8.90195E-05	327.689538
9.7	3.88E-11	327.714078	0.1	8.81356E-05	327.714078
9.6	3.71E-11	327.738615	0.0999998	8.72505E-05	327.738615
9.5	3.56E-11	327.763115	0.1000001	8.6368E-05	327.763115
9.4	3.42E-11	327.787671	0.1	8.54864E-05	327.787671
9.3	3.26E-11	327.812189	0.1000001	8.46068E-05	327.812189
9.2	3.24E-11	327.836731	0.1	8.37285E-05	327.836731
9.1	3.11E-11	327.861233	0.0999999	8.2851E-05	327.861233
9	3.03E-11	327.885786	0.0999998	8.1975E-05	327.885786
8.9	2.94E-11	327.910322	0.1000001	8.11054E-05	327.910322
8.8	2.84E-11	327.934858	0.1	8.023E-05	327.934858
8.7	3.44E-11	327.996247	0.0999998	7.93583E-05	327.996247
8.6	2.93E-11	328.020817	0.1000001	7.84835E-05	328.020817
8.5	2.82E-11	328.045405	0.0999998	7.76114E-05	328.045405
8.4	2.76E-11	328.069935	0.1000001	7.67406E-05	328.069935
8.3	2.61E-11	328.094509	0.0999999	7.58702E-05	328.094509
8.2	2.62E-11	328.119038	0.1	7.50024E-05	328.119038
8.1	2.56E-11	328.143549	0.0999998	7.41355E-05	328.143549
8	2.51E-11	328.16807	0.1000001	7.32688E-05	328.16807
7.9	2.52E-11	328.192619	0.0999999	7.24041E-05	328.192619
7.8	2.44E-11	328.217146	0.0999999	7.15411E-05	328.217146
7.7	2.38E-11	328.241657	0.1	7.06786E-05	328.241657
7.6	2.33E-11	328.266213	0.1000001	6.98162E-05	328.266213
7.5	2.31E-11	328.290784	0.0999997	6.89561E-05	328.290784
7.4	2.22E-11	328.315291	0.0999999	6.80965E-05	328.315291
7.3	2.2E-11	328.339879	0.1000001	6.72374E-05	328.339879
7.2	2.16E-11	328.364427	0.1	6.63802E-05	328.364427
7.1	2.16E-11	328.388984	0.1	6.5523E-05	328.388984
7	2.11E-11	328.413519	0.1000001	6.46683E-05	328.413519
6.9	2.11E-11	328.438036	0.1	6.38132E-05	328.438036
6.8	2.65E-11	328.493435	0.1000002	6.29644E-05	328.493435
6.7	2.1E-11	328.517953	0.1000001	6.21112E-05	328.517953
6.6	2.06E-11	328.54256	0.1	6.12585E-05	328.54256
6.5	2.01E-11	328.56709	0.0999997	6.04066E-05	328.56709
6.4	1.95E-11	328.591646	0.1	5.95565E-05	328.591646
6.3	1.9E-11	328.616185	0.0999998	5.87081E-05	328.616185
6.2	1.82E-11	328.640693	0.1000001	5.78589E-05	328.640693
6.1	1.84E-11	328.665219	0.0999998	5.70116E-05	328.665219
6	1.77E-11	328.689778	0.0999998	5.61654E-05	328.689778
5.9	1.69E-11	328.714308	0.1	5.53208E-05	328.714308
5.8	1.64E-11	328.738815	0.1	5.44759E-05	328.738815
5.7	1.6E-11	328.763339	0.1	5.36316E-05	328.763339
5.6	1.61E-11	328.78782	0.1	5.27893E-05	328.78782
5.5	1.58E-11	328.812387	0.0999999	5.19481E-05	328.812387
5.4	1.51E-11	328.836934	0.1000001	5.11069E-05	328.836934
5.3	1.47E-11	328.861468	0.0999999	5.02673E-05	328.861468
5.2	1.39E-11	328.885981	0.0999998	4.94286E-05	328.885981
5.1	1.41E-11	328.910527	0.0999999	4.85912E-05	328.910527
5	1.34E-11	328.935246	0.0999997	4.77536E-05	328.935246
4.9	2.06E-11	328.99749	0.0999999	4.69248E-05	328.99749
4.8	1.48E-11	329.022066	0.1000001	4.60887E-05	329.022066
4.7	1.37E-11	329.046681	0.1	4.52537E-05	329.046681
4.6	1.29E-11	329.071199	0.0999999	4.44196E-05	329.071199
4.5	1.25E-11	329.095801	0.0999999	4.35872E-05	329.095801
4.4	1.16E-11	329.120311	0.0999997	4.27555E-05	329.120311
4.3	1.08E-11	329.144839	0.1000001	4.1925E-05	329.144839
4.2	1E-11	329.16934	0.0999999	4.10947E-05	329.16934
4.1	9.9E-12	329.193863	0.1	4.02663E-05	329.193863
4	8.7E-12	329.218375	0.1	3.94387E-05	329.218375
3.9	8.9E-12	329.242892	0.1	3.86108E-05	329.242892
3.8	7.9E-12	329.267381	0.1000001	3.77842E-05	329.267381
3.7	7.6E-12	329.291999	0.0999998	3.69594E-05	329.291999
3.6	6.7E-12	329.31651	0.0999999	3.61357E-05	329.31651
3.5	6.1E-12	329.341086	0.1	3.53122E-05	329.341086
3.4	5.8E-12	329.365581	0.0999998	3.44893E-05	329.365581
3.3	4.8E-12	329.390118	0.1000001	3.36679E-05	329.390118
3.2	4.4E-12	329.414677	0.1000001	3.28476E-05	329.414677
3.1	3.7E-12	329.439212	0.0999999	3.20281E-05	329.439212
3	1.03E-11	329.501028	0.0999998	3.12144E-05	329.501028
2.9	4.8E-12	329.525619	0.1000002	3.03959E-05	329.525619
2.8	3.2E-12	329.550266	0.0999999	2.95785E-05	329.550266
2.7	1.8E-12	329.57478	0.0999997	2.87627E-05	329.57478
2.6	1.2E-12	329.599588	0.0999999	2.79485E-05	329.599588
2.5	2E-13	329.62417	0.0999999	2.71356E-05	329.62417
2.4	-1.4E-12	329.648688	0.0999998	2.63229E-05	329.648688
2.3	-2.3E-12	329.673239	0.1000001	2.55112E-05	329.673239
2.2	-3.6E-12	329.697692	0.0999999	2.47015E-05	329.697692
2.099999	-6E-13	329.724119	0.0999998	2.38998E-05	329.724119
2	-4.8E-12	329.748629	0.1	2.30924E-05	329.748629
1.9	-5.8E-12	329.773143	0.1	2.22868E-05	329.773143
1.8	-7.3E-12	329.797648	0.1	2.14836E-05	329.797648
1.7	-8.1E-12	329.82221	0.1000001	2.06817E-05	329.82221
1.6	-9.6E-12	329.846749	0.1000001	1.98814E-05	329.846749
1.5	-1.03E-11	329.871311	0.1	1.90837E-05	329.871311
1.4	-1.17E-11	329.895845	0.0999999	1.82891E-05	329.895845
1.3	-1.29E-11	329.920388	0.1000001	1.74971E-05	329.920388
1.2	-1.5E-11	329.944912	0.1	1.67077E-05	329.944912
1.100001	-9.6E-12	330.002125	0.0999999	1.5929E-05	330.002125
1	-1.59E-11	330.026685	0.0999999	1.51469E-05	330.026685
0.9	-1.84E-11	330.05129	0.1	1.43706E-05	330.05129
0.8	-2.05E-11	330.075828	0.1	1.36001E-05	330.075828
0.7	-2.24E-11	330.100488	0.1000001	1.28356E-05	330.100488
0.6	-2.46E-11	330.124999	0.0999998	1.20791E-05	330.124999
0.5	-2.64E-11	330.149694	0.1	1.13299E-05	330.149694
0.4	-2.88E-11	330.17422	0.1	1.05888E-05	330.17422
0.3	-3.13E-11	330.198722	0.1000001	9.8557E-06	330.198722
0.2	-3.02E-11	330.225167	0.1	9.132E-06	330.225167
0.0999999	-3.21E-11	330.252291	0.0999999	8.42152E-06	330.252291
-3E-07	-3.79E-11	330.276784	0.0999999	7.71494E-06	330.276784
