#scan	iMeasureCycle=1	iMux=0	time=0.031	N=401	LocalTime=20/04/2023 01:19:40
#VGate(V)	IGate(A)	time(s)	VDrain(V)	IDrain(A)	time(s)
1E-07	-1.536E-10	0.033938	0.0999999	1.46545E-05	0.033938
-0.1000004	-2.124E-10	0.05879	0.1	1.38624E-05	0.05879
-0.2000004	-2.616E-10	0.083373	0.1	1.30769E-05	0.083373
-0.300001	-2E-10	0.108126	0.1000001	1.22964E-05	0.108126
-0.4	-1.125E-10	0.132633	0.1	1.15224E-05	0.132633
-0.5	-8.62E-11	0.157172	0.0999999	1.07558E-05	0.157172
-0.6	-7.38E-11	0.181669	0.0999999	9.9973E-06	0.181669
-0.7	-6.57E-11	0.206287	0.0999998	9.2474E-06	0.206287
-0.8	-5.7E-11	0.2334	0.0999998	8.51294E-06	0.2334
-0.9	-5.79E-11	0.257902	0.1000001	7.78571E-06	0.257902
-1	-5.58E-11	0.2824	0.0999998	7.07342E-06	0.2824
-1.1	-5.44E-11	0.306952	0.0999999	6.3779E-06	0.306952
-1.2	-5.37E-11	0.331491	0.0999997	5.70207E-06	0.331491
-1.3	-5.34E-11	0.356024	0.1000001	5.04918E-06	0.356024
-1.4	-5.33E-11	0.380536	0.0999998	4.4222E-06	0.380536
-1.5	-5.22E-11	0.405148	0.0999997	3.82509E-06	0.405148
-1.6	-5.28E-11	0.429648	0.0999998	3.26184E-06	0.429648
-1.7	-5.24E-11	0.4542	0.0999999	2.73677E-06	0.4542
-1.8	-5.26E-11	0.478707	0.0999998	2.25293E-06	0.478707
-1.9	-5.24E-11	0.503271	0.0999999	1.81576E-06	0.503271
-2	-5.28E-11	0.527777	0.0999998	1.42698E-06	0.527777
-2.1	-5.32E-11	0.552328	0.0999998	1.08865E-06	0.552328
-2.2	-4.59E-11	0.602738	0.0999997	8.04908E-07	0.602738
-2.3	-5.1E-11	0.627284	0.0999996	5.6745E-07	0.627284
-2.4	-5.19E-11	0.651795	0.0999996	3.80406E-07	0.651795
-2.5	-5.25E-11	0.6763	0.0999996	2.39559E-07	0.6763
-2.6	-5.31E-11	0.701005	0.0999999	1.39806E-07	0.701005
-2.7	-4.77E-11	0.738748	0.0999952	7.53165E-08	0.738748
-2.8	-6.77E-11	0.761981	0.1000087	3.55038E-08	0.761981
-2.9	-6.67E-11	0.785272	0.1000029	1.47096E-08	0.785272
-3	-6.95E-11	0.80848	0.1000016	5.2924E-09	0.80848
-3.1	-6.89E-11	0.831743	0.1000007	1.6735E-09	0.831743
-3.2	-6.82E-11	0.855029	0.1000004	4.711E-10	0.855029
-3.3	-6.92E-11	0.878307	0.1000002	1.152E-10	0.878307
-3.4	-6.96E-11	0.901587	0.1000001	2.08E-11	0.901587
-3.5	-7.18E-11	0.924796	0.1	-1.5E-12	0.924796
-3.6	-7.22E-11	0.948016	0.1000002	-5.5E-12	0.948016
-3.7	-7.22E-11	0.97133	0.1000002	-5.9E-12	0.97133
-3.8	-7.18E-11	0.994579	0.1000002	-5.9E-12	0.994579
-3.9	-7.27E-11	1.017798	0.1000001	-5.8E-12	1.017798
-4	-7.11E-11	1.041089	0.0999999	-6.3E-12	1.041089
-4.1	-5.14E-11	1.100195	0.0999999	-8E-12	1.100195
-4.2	-6.93E-11	1.123507	0.1000001	-6.2E-12	1.123507
-4.3	-7.01E-11	1.146798	0.1000002	-6.3E-12	1.146798
-4.4	-7.31E-11	1.170013	0.1000002	-5.8E-12	1.170013
-4.5	-7.36E-11	1.193276	0.1000004	-5.9E-12	1.193276
-4.6	-7.23E-11	1.216572	0.1000003	-5.9E-12	1.216572
-4.7	-7.42E-11	1.239797	0.1000002	-5.7E-12	1.239797
-4.8	-7.5E-11	1.263005	0.1000002	-5.5E-12	1.263005
-4.9	-7.51E-11	1.286216	0.1000001	-5.5E-12	1.286216
-5	-7.35E-11	1.3095	0.1000001	-5.8E-12	1.3095
-5.1	-7.36E-11	1.332826	0.1000002	-5.7E-12	1.332826
-5.2	-7.56E-11	1.356032	0.1000003	-5.4E-12	1.356032
-5.3	-7.65E-11	1.379236	0.1000001	-5.1E-12	1.379236
-5.4	-7.47E-11	1.402522	0.1000002	-5.5E-12	1.402522
-5.5	-7.62E-11	1.425823	0.1	-5.4E-12	1.425823
-5.6	-7.68E-11	1.449049	0.1000003	-5.1E-12	1.449049
-5.7	-7.66E-11	1.47235	0.1	-5.3E-12	1.47235
-5.8	-7.55E-11	1.495638	0.1000001	-5.5E-12	1.495638
-5.9	-7.64E-11	1.518924	0.1000002	-5.2E-12	1.518924
-6	-7.79E-11	1.542138	0.1000002	-5.1E-12	1.542138
-6.1	-5.66E-11	1.59899	0.0999999	-7E-12	1.59899
-6.2	-7.59E-11	1.622245	0.1000001	-5.5E-12	1.622245
-6.3	-7.71E-11	1.645487	0.1000002	-5.3E-12	1.645487
-6.4	-7.6E-11	1.668778	0.1	-5.1E-12	1.668778
-6.5	-7.6E-11	1.692138	0.1000002	-5.1E-12	1.692138
-6.6	-7.82E-11	1.715357	0.1000001	-4.8E-12	1.715357
-6.7	-7.66E-11	1.73865	0.1	-5.3E-12	1.73865
-6.8	-7.67E-11	1.762	0.1000001	-5.2E-12	1.762
-6.9	-7.91E-11	1.785205	0.1000001	-5E-12	1.785205
-7	-7.7E-11	1.808497	0.1000001	-5.5E-12	1.808497
-7.1	-7.92E-11	1.831737	0.1	-5.1E-12	1.831737
-7.2	-7.79E-11	1.855033	0.1000001	-5.3E-12	1.855033
-7.3	-7.98E-11	1.878226	0.1000001	-4.9E-12	1.878226
-7.4	-8.03E-11	1.901447	0.1000001	-5.2E-12	1.901447
-7.5	-8.01E-11	1.924682	0.1000001	-5.2E-12	1.924682
-7.6	-7.88E-11	1.947969	0.1000001	-4.8E-12	1.947969
-7.7	-8.03E-11	1.971274	0.1	-4.9E-12	1.971274
-7.8	-8.07E-11	1.994497	0.1000001	-5.2E-12	1.994497
-7.9	-7.9E-11	2.017792	0.1000002	-5.3E-12	2.017792
-8	-7.91E-11	2.041071	0.1	-5E-12	2.041071
-8.1	-6.01E-11	2.100402	0.0999999	-6.8E-12	2.100402
-8.2	-7.9E-11	2.123645	0.1000003	-5.2E-12	2.123645
-8.3	-7.97E-11	2.146876	0.1000001	-5.3E-12	2.146876
-8.4	-7.84E-11	2.170172	0.1000001	-5.1E-12	2.170172
-8.5	-7.9E-11	2.193527	0.1	-5.1E-12	2.193527
-8.6	-8.09E-11	2.216766	0.1000002	-5E-12	2.216766
-8.7	-8E-11	2.24006	0.1	-4.9E-12	2.24006
-8.8	-8.01E-11	2.263427	0.0999999	-5E-12	2.263427
-8.9	-8.01E-11	2.286717	0.1	-4.7E-12	2.286717
-9	-8.23E-11	2.309932	0.1000002	-5E-12	2.309932
-9.1	-8.05E-11	2.333253	0.1000003	-4.8E-12	2.333253
-9.2	-8E-11	2.356548	0.1000001	-5E-12	2.356548
-9.3	-8.21E-11	2.379749	0.1000002	-4.9E-12	2.379749
-9.4	-8.26E-11	2.402963	0.1000002	-5E-12	2.402963
-9.5	-8.08E-11	2.42633	0.0999999	-5.5E-12	2.42633
-9.6	-8.3E-11	2.449545	0.1000002	-5.7E-12	2.449545
-9.7	-8.29E-11	2.472839	0.1000001	-5.1E-12	2.472839
-9.8	-8.17E-11	2.496139	0.1000001	-4.7E-12	2.496139
-9.9	-8.15E-11	2.519525	0.1000001	-5.3E-12	2.519525
-10	-8.37E-11	2.542738	0.1000002	-4.9E-12	2.542738
-9.90001	-5.74E-11	2.597515	0.1	-7E-12	2.597515
-9.80001	-3.8E-11	2.620918	0.0999999	-8.4E-12	2.620918
-9.70001	-3.43E-11	2.644136	0.0999997	-8.9E-12	2.644136
-9.60001	-3.45E-11	2.667432	0.0999997	-8.5E-12	2.667432
-9.50001	-3.33E-11	2.690787	0.0999998	-8.7E-12	2.690787
-9.40001	-2.94E-11	2.713995	0.0999998	-9E-12	2.713995
-9.30001	-2.96E-11	2.737213	0.0999999	-8.8E-12	2.737213
-9.20001	-2.81E-11	2.760532	0.0999997	-8.5E-12	2.760532
-9.10001	-2.97E-11	2.783836	0.0999998	-8.8E-12	2.783836
-9.00001	-2.68E-11	2.80705	0.0999997	-8.9E-12	2.80705
-8.90001	-2.59E-11	2.830293	0.0999998	-8.9E-12	2.830293
-8.80001	-2.59E-11	2.85352	0.0999997	-9E-12	2.85352
-8.70001	-2.69E-11	2.876818	0.0999999	-8.6E-12	2.876818
-8.60001	-2.42E-11	2.900039	0.0999998	-8.9E-12	2.900039
-8.50001	-2.36E-11	2.923343	0.0999997	-9E-12	2.923343
-8.40001	-2.49E-11	2.946635	0.0999999	-8.7E-12	2.946635
-8.30001	-2.25E-11	2.969898	0.0999999	-9.3E-12	2.969898
-8.20001	-2.19E-11	2.993196	0.0999998	-8.7E-12	2.993196
-8.10001	-2.27E-11	3.016492	0.0999997	-8.7E-12	3.016492
-8	-2.29E-11	3.039787	0.0999997	-8.9E-12	3.039787
-7.90001	-2.11E-11	3.063023	0.0999997	-8.8E-12	3.063023
-7.80001	-4.02E-11	3.103667	0.0999998	-6.7E-12	3.103667
-7.70001	-2.34E-11	3.127022	0.0999999	-8.2E-12	3.127022
-7.6	-1.99E-11	3.150252	0.0999997	-8.9E-12	3.150252
-7.50001	-1.96E-11	3.173478	0.0999997	-9E-12	3.173478
-7.40001	-2.08E-11	3.196826	0.0999998	-9E-12	3.196826
-7.30001	-2.05E-11	3.220124	0.0999996	-9.4E-12	3.220124
-7.2	-1.8E-11	3.243351	0.0999998	-9.5E-12	3.243351
-7.10001	-1.95E-11	3.266682	0.0999997	-9.2E-12	3.266682
-7.00001	-1.86E-11	3.290039	0.0999998	-8.9E-12	3.290039
-6.90001	-1.72E-11	3.313261	0.0999997	-9.2E-12	3.313261
-6.80001	-1.57E-11	3.336494	0.0999998	-9.5E-12	3.336494
-6.70001	-1.73E-11	3.359787	0.0999998	-9.3E-12	3.359787
-6.60001	-1.69E-11	3.383073	0.0999998	-9.3E-12	3.383073
-6.50001	-1.47E-11	3.406298	0.1	-9.7E-12	3.406298
-6.40001	-1.44E-11	3.429514	0.0999998	-9.3E-12	3.429514
-6.30001	-1.6E-11	3.45288	0.0999997	-9.2E-12	3.45288
-6.20001	-1.69E-11	3.476314	0.0999999	-9.3E-12	3.476314
-6.10001	-1.32E-11	3.499525	0.0999997	-9.5E-12	3.499525
-6.00001	-1.48E-11	3.522811	0.0999996	-9.3E-12	3.522811
-5.90001	-1.39E-11	3.546097	0.0999996	-9.6E-12	3.546097
-5.80001	-3.37E-11	3.60476	0.1	-7.7E-12	3.60476
-5.70001	-1.54E-11	3.62807	0.0999998	-9.3E-12	3.62807
-5.60001	-1.45E-11	3.651377	0.0999996	-9.4E-12	3.651377
-5.50001	-1.25E-11	3.674588	0.0999998	-9.8E-12	3.674588
-5.40001	-1.19E-11	3.697849	0.0999998	-9.5E-12	3.697849
-5.30001	-1.31E-11	3.721131	0.0999997	-9.4E-12	3.721131
-5.20001	-1.21E-11	3.744425	0.0999998	-9.4E-12	3.744425
-5.1	-1E-11	3.767639	0.0999997	-9.7E-12	3.767639
-5.00001	-9.9E-12	3.790936	0.0999997	-9.6E-12	3.790936
-4.90001	-1.08E-11	3.814233	0.0999997	-9.5E-12	3.814233
-4.80001	-1.06E-11	3.837553	0.0999997	-9.4E-12	3.837553
-4.7	-8.3E-12	3.860764	0.0999998	-9.8E-12	3.860764
-4.60001	-8E-12	3.883973	0.0999999	-1.01E-11	3.883973
-4.50001	-8.6E-12	3.907258	0.0999998	-9.7E-12	3.907258
-4.40001	-9E-12	3.930539	0.0999997	-9.7E-12	3.930539
-4.3	-6.3E-12	3.953753	0.0999998	-1.01E-11	3.953753
-4.20001	-5.7E-12	3.977021	0.0999998	-1E-11	3.977021
-4.10001	-7E-12	4.000309	0.0999998	-9.7E-12	4.000309
-4.00001	-7E-12	4.023596	0.0999997	-1.02E-11	4.023596
-3.90001	-4.8E-12	4.046839	0.0999998	-1E-11	4.046839
-3.80001	-2.58E-11	4.106646	0.1	-8.5E-12	4.106646
-3.70001	-5.9E-12	4.129959	0.0999996	-1.02E-11	4.129959
-3.60001	-4.9E-12	4.153193	0.0999997	-8.3E-12	4.153193
-3.50001	-5.1E-12	4.176475	0.0999998	2E-12	4.176475
-3.40001	-6.2E-12	4.199863	0.0999998	5.03E-11	4.199863
-3.30001	-2.4E-12	4.22308	0.0999998	2.357E-10	4.22308
-3.20001	-1.7E-12	4.246292	0.0999999	8.83E-10	4.246292
-3.10001	-2.3E-12	4.269575	0.1000006	2.9038E-09	4.269575
-3.00001	-2E-13	4.292785	0.100001	8.4581E-09	4.292785
-2.90001	-1E-12	4.316159	0.1000024	2.15172E-08	4.316159
-2.80001	6E-13	4.339415	0.1000017	4.80992E-08	4.339415
-2.70001	4E-13	4.362712	0.0999941	9.55151E-08	4.362712
-2.60001	-1.8E-11	4.402169	0.1000002	1.68267E-07	4.402169
-2.50001	-1.31E-11	4.426706	0.1000003	2.80608E-07	4.426706
-2.40001	-1.22E-11	4.451361	0.1000007	4.33803E-07	4.451361
-2.30001	-1.15E-11	4.476076	0.1000007	6.32888E-07	4.476076
-2.20001	-1.01E-11	4.500606	0.1000007	8.80632E-07	4.500606
-2.1	-1.48E-11	4.536803	0.0999999	1.17531E-06	4.536803
-2.000001	-9.3E-12	4.561335	0.1000001	1.52689E-06	4.561335
-1.900001	-1.43E-11	4.611933	0.1000001	1.91818E-06	4.611933
-1.800001	-8.8E-12	4.636457	0.1000001	2.36803E-06	4.636457
-1.7	-6.9E-12	4.660982	0.1000004	2.85954E-06	4.660982
-1.600001	-6E-12	4.685503	0.1000001	3.391E-06	4.685503
-1.5	-5.1E-12	4.71007	0.1	3.95925E-06	4.71007
-1.400001	-4.1E-12	4.734643	0.1000001	4.55987E-06	4.734643
-1.3	-2.9E-12	4.75916	0.1000003	5.1887E-06	4.75916
-1.2	-1.5E-12	4.783795	0.1	5.84272E-06	4.783795
-1.100001	-4E-13	4.808311	0.1	6.51828E-06	4.808311
-1	7E-13	4.833054	0.1000002	7.21352E-06	4.833054
-0.9	1.9E-12	4.85761	0.1000001	7.92393E-06	4.85761
-0.8	3.2E-12	4.882118	0.1000003	8.64853E-06	4.882118
-0.700001	4.1E-12	4.906672	0.1000002	9.38501E-06	4.906672
-0.6	5.9E-12	4.931184	0.1	1.013256E-05	4.931184
-0.500001	2.3E-12	4.965844	0.1	1.08797E-05	4.965844
-0.400001	7.8E-12	4.990458	0.1000001	1.16452E-05	4.990458
-0.3	9.7E-12	5.014975	0.1	1.24163E-05	5.014975
-0.1999998	8E-12	5.041405	0.1	1.31926E-05	5.041405
-0.0999997	1.3E-11	5.065903	0.0999999	1.39741E-05	5.065903
-2E-07	9.3E-12	5.113533	0.1	1.47548E-05	5.113533
0.1000003	1.55E-11	5.138062	0.1	1.55497E-05	5.138062
0.2000004	1.83E-11	5.162626	0.1000002	1.63469E-05	5.162626
0.299999	2.05E-11	5.187326	0.0999999	1.7149E-05	5.187326
0.4	2.24E-11	5.211891	0.1000001	1.79574E-05	5.211891
0.5	2.44E-11	5.236398	0.0999998	1.87695E-05	5.236398
0.6	2.6E-11	5.260934	0.1	1.95862E-05	5.260934
0.7	2.81E-11	5.285424	0.1000001	2.04064E-05	5.285424
0.799999	2.99E-11	5.309944	0.1	2.12298E-05	5.309944
0.899999	3.16E-11	5.334618	0.1000002	2.20556E-05	5.334618
0.999999	3.32E-11	5.359167	0.1	2.28831E-05	5.359167
1.1	3.56E-11	5.3837	0.1000001	2.37134E-05	5.3837
1.2	3.67E-11	5.408252	0.0999998	2.45449E-05	5.408252
1.3	3.87E-11	5.432759	0.1000002	2.53774E-05	5.432759
1.4	3.96E-11	5.45736	0.0999999	2.6211E-05	5.45736
1.5	4.11E-11	5.482005	0.1	2.70459E-05	5.482005
1.599999	4.23E-11	5.506509	0.1	2.78811E-05	5.506509
1.699999	4.29E-11	5.531066	0.1	2.8718E-05	5.531066
1.8	4.39E-11	5.555595	0.1000002	2.95549E-05	5.555595
1.899999	3.7E-11	5.61515	0.0999997	3.03809E-05	5.61515
2	4.27E-11	5.639664	0.0999999	3.12235E-05	5.639664
2.099999	4.45E-11	5.664189	0.0999999	3.20644E-05	5.664189
2.19999	4.5E-11	5.688916	0.1	3.29012E-05	5.688916
2.29999	4.56E-11	5.713496	0.1000001	3.37424E-05	5.713496
2.39999	4.65E-11	5.737996	0.0999999	3.45847E-05	5.737996
2.49999	4.72E-11	5.762511	0.1	3.54266E-05	5.762511
2.59999	4.81E-11	5.787114	0.1	3.62687E-05	5.787114
2.69999	4.81E-11	5.811649	0.1	3.71121E-05	5.811649
2.79999	4.89E-11	5.83621	0.1	3.7956E-05	5.83621
2.89999	4.91E-11	5.860752	0.0999999	3.87998E-05	5.860752
2.99999	4.95E-11	5.885267	0.1	3.96451E-05	5.885267
3.09999	4.97E-11	5.909788	0.1	4.04906E-05	5.909788
3.19999	5.06E-11	5.934296	0.1	4.13366E-05	5.934296
3.29999	5.05E-11	5.958826	0.1	4.21837E-05	5.958826
3.39999	5.11E-11	5.983476	0.1000001	4.30308E-05	5.983476
3.49999	5.09E-11	6.007969	0.1000001	4.3879E-05	6.007969
3.59999	5.13E-11	6.032505	0.0999999	4.47284E-05	6.032505
3.69999	5.2E-11	6.056994	0.1000002	4.5576E-05	6.056994
3.79999	4.56E-11	6.109317	0.1000002	4.64175E-05	6.109317
3.89999	5.01E-11	6.133957	0.1000003	4.72717E-05	6.133957
3.99999	5.15E-11	6.15848	0.0999998	4.81247E-05	6.15848
4.09999	5.16E-11	6.183046	0.1000001	4.89778E-05	6.183046
4.19999	5.21E-11	6.20761	0.1000002	4.98312E-05	6.20761
4.29999	5.24E-11	6.232132	0.1000002	5.06848E-05	6.232132
4.39999	5.33E-11	6.256643	0.1	5.15396E-05	6.256643
4.49999	5.36E-11	6.281169	0.1	5.23957E-05	6.281169
4.59999	5.35E-11	6.305705	0.1000001	5.32515E-05	6.305705
4.69999	5.39E-11	6.330217	0.1000002	5.41087E-05	6.330217
4.79999	5.39E-11	6.354742	0.0999998	5.49659E-05	6.354742
4.89999	5.45E-11	6.379273	0.1000002	5.58246E-05	6.379273
4.99999	5.41E-11	6.403821	0.1000002	5.66836E-05	6.403821
5.09999	5.47E-11	6.428372	0.0999999	5.75434E-05	6.428372
5.19999	5.43E-11	6.452943	0.1000002	5.84051E-05	6.452943
5.29999	5.49E-11	6.477535	0.1000001	5.92666E-05	6.477535
5.39999	5.54E-11	6.502076	0.1000001	6.01284E-05	6.502076
5.49999	5.53E-11	6.526591	0.1000002	6.09916E-05	6.526591
5.59999	5.51E-11	6.551141	0.1000001	6.18565E-05	6.551141
5.69999	4.81E-11	6.613361	0.0999999	6.27089E-05	6.613361
5.79999	5.34E-11	6.637917	0.1000002	6.35788E-05	6.637917
5.89999	5.41E-11	6.662488	0.1000002	6.44477E-05	6.662488
5.99999	5.51E-11	6.686999	0.0999999	6.53178E-05	6.686999
6.09999	5.56E-11	6.711564	0.0999999	6.6187E-05	6.711564
6.19999	5.61E-11	6.736107	0.1	6.70562E-05	6.736107
6.29999	5.61E-11	6.760618	0.0999999	6.79274E-05	6.760618
6.39999	5.64E-11	6.785127	0.1000002	6.87997E-05	6.785127
6.49999	5.65E-11	6.809678	0.1000003	6.9672E-05	6.809678
6.59999	5.64E-11	6.834443	0.0999998	7.05451E-05	6.834443
6.69999	5.69E-11	6.858949	0.1	7.14188E-05	6.858949
6.79999	5.71E-11	6.883502	0.1	7.22946E-05	6.883502
6.89999	5.72E-11	6.908013	0.1000001	7.317E-05	6.908013
6.99999	5.73E-11	6.932538	0.0999998	7.40469E-05	6.932538
7.09999	5.75E-11	6.957045	0.0999998	7.49238E-05	6.957045
7.19999	5.82E-11	6.981608	0.1	7.58037E-05	6.981608
7.29999	5.78E-11	7.006138	0.1000001	7.6683E-05	7.006138
7.39999	5.79E-11	7.030684	0.1000003	7.75634E-05	7.030684
7.49999	5.83E-11	7.055191	0.1000001	7.84448E-05	7.055191
7.59999	5.17E-11	7.112563	0.1000001	7.93193E-05	7.112563
7.69999	5.64E-11	7.137161	0.1000002	8.02048E-05	7.137161
7.79999	5.74E-11	7.161706	0.0999999	8.10902E-05	7.161706
7.89999	5.75E-11	7.186238	0.1000002	8.19764E-05	7.186238
7.99999	5.78E-11	7.210839	0.0999999	8.28628E-05	7.210839
8.09999	5.83E-11	7.235346	0.1	8.37506E-05	7.235346
8.19999	5.82E-11	7.25988	0.0999998	8.46403E-05	7.25988
8.29999	5.83E-11	7.284391	0.1	8.55285E-05	7.284391
8.39999	5.79E-11	7.308914	0.1000002	8.64194E-05	7.308914
8.49999	5.84E-11	7.333422	0.1	8.73105E-05	7.333422
8.59999	5.89E-11	7.357963	0.1	8.82039E-05	7.357963
8.69999	5.92E-11	7.382499	0.1000003	8.90962E-05	7.382499
8.79999	5.91E-11	7.40702	0.1	8.9989E-05	7.40702
8.89999	5.93E-11	7.431568	0.1000001	9.08836E-05	7.431568
8.99999	5.92E-11	7.45613	0.0999998	9.17804E-05	7.45613
9.09999	5.94E-11	7.480762	0.0999998	9.26757E-05	7.480762
9.19999	5.94E-11	7.505304	0.1000002	9.35735E-05	7.505304
9.29999	5.98E-11	7.529825	0.0999997	9.44694E-05	7.529825
9.39999	6.05E-11	7.554269	0.1000001	9.53717E-05	7.554269
9.49999	5.31E-11	7.612069	0.0999998	9.62655E-05	7.612069
9.59999	5.82E-11	7.636632	0.0999998	9.71726E-05	7.636632
9.69999	5.87E-11	7.661184	0.1	9.80784E-05	7.661184
9.79999	5.92E-11	7.685715	0.1000003	9.89841E-05	7.685715
9.89999	5.98E-11	7.710308	0.1	9.98904E-05	7.710308
9.99999	5.97E-11	7.734822	0.1	0.0001007977	7.734822
9.9	4.66E-11	7.759339	0.1000001	9.98772E-05	7.759339
9.8	4.37E-11	7.783861	0.0999998	9.89606E-05	7.783861
9.7	4.17E-11	7.808473	0.1000002	9.80481E-05	7.808473
9.6	4E-11	7.832987	0.1000001	9.71379E-05	7.832987
9.5	3.88E-11	7.857528	0.0999999	9.62278E-05	7.857528
9.4	3.78E-11	7.882084	0.1	9.53198E-05	7.882084
9.3	3.61E-11	7.90662	0.0999998	9.44126E-05	7.90662
9.2	3.56E-11	7.931139	0.0999998	9.35089E-05	7.931139
9.1	3.45E-11	7.955674	0.1000001	9.26047E-05	7.955674
9	3.39E-11	7.980276	0.1	9.17001E-05	7.980276
8.9	3.32E-11	8.004808	0.0999999	9.08036E-05	8.004808
8.8	3.26E-11	8.029356	0.0999997	8.99004E-05	8.029356
8.7	3.17E-11	8.053862	0.0999998	8.89975E-05	8.053862
8.6	3.78E-11	8.102693	0.0999997	8.81007E-05	8.102693
8.5	3.19E-11	8.127338	0.1000001	8.71992E-05	8.127338
8.4	3.07E-11	8.151845	0.1000001	8.62989E-05	8.151845
8.3	3.06E-11	8.176438	0.0999999	8.53997E-05	8.176438
8.2	3.38E-11	8.20333	0.1000002	8.45046E-05	8.20333
8.1	2.95E-11	8.227902	0.0999999	8.36082E-05	8.227902
8	2.85E-11	8.252419	0.0999998	8.27135E-05	8.252419
7.9	2.82E-11	8.276949	0.1	8.18201E-05	8.276949
7.8	2.78E-11	8.301474	0.1	8.09285E-05	8.301474
7.7	2.73E-11	8.325982	0.1	8.00357E-05	8.325982
7.6	2.69E-11	8.350527	0.0999999	7.91459E-05	8.350527
7.5	2.63E-11	8.375038	0.1000001	7.82575E-05	8.375038
7.4	2.59E-11	8.399564	0.0999999	7.73666E-05	8.399564
7.3	2.61E-11	8.424074	0.0999999	7.64797E-05	8.424074
7.2	2.58E-11	8.448612	0.1	7.5592E-05	8.448612
7.1	2.5E-11	8.473218	0.0999998	7.47065E-05	8.473218
7	2.48E-11	8.497876	0.1000001	7.38217E-05	8.497876
6.9	2.42E-11	8.522389	0.0999999	7.2936E-05	8.522389
6.8	2.37E-11	8.546931	0.0999998	7.20532E-05	8.546931
6.7	2.31E-11	8.571445	0.0999999	7.11705E-05	8.571445
6.6	2.9E-11	8.621883	0.1	7.02938E-05	8.621883
6.5	2.36E-11	8.646402	0.0999999	6.94126E-05	8.646402
6.4	2.28E-11	8.670958	0.1000002	6.85308E-05	8.670958
6.3	2.26E-11	8.695499	0.1000001	6.76515E-05	8.695499
6.2	2.23E-11	8.720068	0.0999998	6.67721E-05	8.720068
6.1	2.14E-11	8.744583	0.1000001	6.58945E-05	8.744583
6	2.11E-11	8.769104	0.0999999	6.50175E-05	8.769104
5.9	2.09E-11	8.793621	0.0999999	6.41412E-05	8.793621
5.8	2.08E-11	8.818175	0.0999999	6.3266E-05	8.818175
5.7	2.04E-11	8.842711	0.1	6.23923E-05	8.842711
5.6	1.98E-11	8.867242	0.1	6.15178E-05	8.867242
5.5	1.98E-11	8.891749	0.0999998	6.06444E-05	8.891749
5.4	1.91E-11	8.916284	0.0999999	5.97729E-05	8.916284
5.3	1.86E-11	8.940802	0.0999999	5.89018E-05	8.940802
5.2	1.81E-11	8.965313	0.1000002	5.80318E-05	8.965313
5.1	1.75E-11	8.990064	0.1000001	5.7161E-05	8.990064
5	1.72E-11	9.014584	0.1	5.6293E-05	9.014584
4.9	1.71E-11	9.039189	0.0999999	5.54257E-05	9.039189
4.8	1.61E-11	9.063708	0.0999999	5.4558E-05	9.063708
4.7	2.18E-11	9.118811	0.0999999	5.36968E-05	9.118811
4.6	1.69E-11	9.143423	0.0999998	5.28313E-05	9.143423
4.5	1.57E-11	9.167936	0.0999998	5.1966E-05	9.167936
4.4	1.52E-11	9.192576	0.1	5.11018E-05	9.192576
4.3	1.44E-11	9.217143	0.0999999	5.02383E-05	9.217143
4.2	1.36E-11	9.241664	0.0999998	4.93762E-05	9.241664
4.1	1.3E-11	9.266176	0.0999999	4.85149E-05	9.266176
4	1.26E-11	9.29069	0.0999999	4.76538E-05	9.29069
3.9	1.25E-11	9.315239	0.0999999	4.67936E-05	9.315239
3.8	1.2E-11	9.339783	0.1000002	4.59351E-05	9.339783
3.7	1.12E-11	9.364318	0.0999999	4.50763E-05	9.364318
3.6	1.07E-11	9.388818	0.0999999	4.4219E-05	9.388818
3.5	9.9E-12	9.413324	0.1	4.3362E-05	9.413324
3.4	9.4E-12	9.437822	0.1	4.25059E-05	9.437822
3.3	8.6E-12	9.462388	0.1	4.16507E-05	9.462388
3.2	7.6E-12	9.48701	0.1000001	4.07968E-05	9.48701
3.1	7.2E-12	9.511549	0.1	3.9943E-05	9.511549
3	6.6E-12	9.536081	0.1	3.909E-05	9.536081
2.9	5.9E-12	9.560605	0.0999999	3.82378E-05	9.560605
2.8	1.21E-11	9.618932	0.1000002	3.7393E-05	9.618932
2.7	6.5E-12	9.643507	0.0999999	3.65416E-05	9.643507
2.6	5.1E-12	9.668062	0.1	3.56917E-05	9.668062
2.5	3.6E-12	9.692562	0.0999998	3.48441E-05	9.692562
2.4	2.7E-12	9.717164	0.0999998	3.3996E-05	9.717164
2.3	1.9E-12	9.741719	0.1	3.31493E-05	9.741719
2.2	1E-12	9.766235	0.0999999	3.23037E-05	9.766235
2.099999	2.9E-12	9.792659	0.0999999	3.14637E-05	9.792659
2	-1.3E-12	9.817244	0.1	3.062E-05	9.817244
1.9	-2.2E-12	9.841789	0.1	2.9778E-05	9.841789
1.8	-3E-12	9.866353	0.0999998	2.89377E-05	9.866353
1.7	-4.5E-12	9.890885	0.0999999	2.80978E-05	9.890885
1.6	-5.8E-12	9.915432	0.0999999	2.72591E-05	9.915432
1.5	-7.1E-12	9.939949	0.0999999	2.6422E-05	9.939949
1.4	-8.4E-12	9.964452	0.0999997	2.55871E-05	9.964452
1.3	-9.7E-12	9.989078	0.0999999	2.4754E-05	9.989078
1.2	-1.1E-11	10.013621	0.1000002	2.39229E-05	10.013621
1.1	-1.28E-11	10.03816	0.0999999	2.30937E-05	10.03816
1	-1.45E-11	10.062675	0.0999999	2.22681E-05	10.062675
0.9	-8.4E-12	10.121166	0.1000001	2.14503E-05	10.121166
0.8	-1.59E-11	10.145783	0.0999999	2.06292E-05	10.145783
0.7	-1.84E-11	10.170315	0.1	1.98129E-05	10.170315
0.6	-2.06E-11	10.194815	0.1	1.90013E-05	10.194815
0.5	-2.25E-11	10.219418	0.1	1.81944E-05	10.219418
0.4	-2.5E-11	10.243941	0.1	1.7393E-05	10.243941
0.3	-2.78E-11	10.268444	0.0999998	1.65982E-05	10.268444
0.1999997	-2.63E-11	10.294856	0.0999997	1.5809E-05	10.294856
0.0999997	-3.14E-11	10.319407	0.0999999	1.50249E-05	10.319407
-2E-07	-3.41E-11	10.343905	0.1	1.42453E-05	10.343905
#scan	iMeasureCycle=2	iMux=0	time=279.796	N=401	LocalTime=20/04/2023 01:24:20
#VGate(V)	IGate(A)	time(s)	VDrain(V)	IDrain(A)	time(s)
-3E-07	-1.27E-11	279.803466	0.0999999	1.44444E-05	279.803466
-0.1000004	-2.04E-11	279.828334	0.1	1.36582E-05	279.828334
-0.2000001	-2.16E-11	279.853994	0.1	1.28781E-05	279.853994
-0.3	-2.76E-11	279.878734	0.0999998	1.21037E-05	279.878734
-0.4	-3.02E-11	279.903349	0.1	1.13358E-05	279.903349
-0.5	-3.29E-11	279.927877	0.1	1.05758E-05	279.927877
-0.6	-3.51E-11	279.952493	0.1	9.8236E-06	279.952493
-0.7	-3.7E-11	279.977008	0.0999998	9.081E-06	279.977008
-0.8	-3.48E-11	280.004135	0.0999999	8.35465E-06	280.004135
-0.9	-4E-11	280.028645	0.0999999	7.63512E-06	280.028645
-1	-4.15E-11	280.053181	0.0999999	6.93133E-06	280.053181
-1.1	-4.31E-11	280.077707	0.0999998	6.24506E-06	280.077707
-1.2	-4.42E-11	280.102282	0.1000001	5.57783E-06	280.102282
-1.3	-4.48E-11	280.126802	0.1	4.93377E-06	280.126802
-1.4	-4.55E-11	280.151332	0.0999998	4.31607E-06	280.151332
-1.5	-4.66E-11	280.17586	0.1000001	3.72853E-06	280.17586
-1.6	-4.73E-11	280.200366	0.0999997	3.17528E-06	280.200366
-1.7	-4.81E-11	280.224895	0.0999999	2.6593E-06	280.224895
-1.8	-4.88E-11	280.249397	0.0999999	2.18519E-06	280.249397
-1.9	-4.93E-11	280.273959	0.0999999	1.75694E-06	280.273959
-2	-4.97E-11	280.298486	0.1	1.37661E-06	280.298486
-2.1	-5.03E-11	280.323031	0.0999999	1.04674E-06	280.323031
-2.2	-4.44E-11	280.372192	0.0999997	7.70347E-07	280.372192
-2.3	-5.01E-11	280.396792	0.0999995	5.40135E-07	280.396792
-2.4	-5.12E-11	280.421325	0.0999996	3.59554E-07	280.421325
-2.5	-5.19E-11	280.44593	0.0999998	2.24282E-07	280.44593
-2.6	-5.22E-11	280.470494	0.0999998	1.2929E-07	280.470494
-2.7	-4.71E-11	280.508184	0.0999958	6.8646E-08	280.508184
-2.8	-6.67E-11	280.531402	0.1000078	3.17259E-08	280.531402
-2.9	-6.65E-11	280.554694	0.100003	1.28816E-08	280.554694
-3	-6.71E-11	280.577981	0.1000015	4.5502E-09	280.577981
-3.1	-6.87E-11	280.601203	0.1000007	1.4036E-09	280.601203
-3.2	-6.97E-11	280.624409	0.1000005	3.885E-10	280.624409
-3.3	-6.8E-11	280.647694	0.1000003	9.35E-11	280.647694
-3.4	-6.85E-11	280.670969	0.1000001	1.53E-11	280.670969
-3.5	-7.1E-11	280.69418	0.1000003	-2.2E-12	280.69418
-3.6	-7.11E-11	280.717412	0.1000003	-4.8E-12	280.717412
-3.7	-7.13E-11	280.740617	0.1000003	-4.9E-12	280.740617
-3.8	-7.01E-11	280.763992	0.1000004	-5.5E-12	280.763992
-3.9	-7.21E-11	280.787206	0.1000003	-4.9E-12	280.787206
-4	-7.27E-11	280.810443	0.1000004	-5.1E-12	280.810443
-4.1	-5.08E-11	280.869737	0.1	-7.2E-12	280.869737
-4.2	-6.93E-11	280.893055	0.1000004	-5.1E-12	280.893055
-4.3	-7.03E-11	280.916369	0.1000003	-5.5E-12	280.916369
-4.4	-7.25E-11	280.939576	0.1000003	-5.3E-12	280.939576
-4.5	-7.31E-11	280.962879	0.1000002	-5.1E-12	280.962879
-4.6	-7.18E-11	280.98617	0.1000003	-5.2E-12	280.98617
-4.7	-7.41E-11	281.009477	0.1000004	-5E-12	281.009477
-4.8	-7.46E-11	281.032691	0.1000003	-4.7E-12	281.032691
-4.9	-7.22E-11	281.055979	0.1000003	-5.1E-12	281.055979
-5	-7.28E-11	281.079277	0.1000003	-5.3E-12	281.079277
-5.1	-7.49E-11	281.10258	0.1000003	-5.4E-12	281.10258
-5.2	-7.34E-11	281.125879	0.1000002	-5.3E-12	281.125879
-5.3	-7.38E-11	281.149165	0.1000003	-5.2E-12	281.149165
-5.4	-7.37E-11	281.172456	0.1000001	-5.1E-12	281.172456
-5.5	-7.6E-11	281.195669	0.1000002	-4.8E-12	281.195669
-5.6	-7.63E-11	281.218894	0.1000003	-4.8E-12	281.218894
-5.7	-7.51E-11	281.242187	0.1000001	-5E-12	281.242187
-5.8	-7.5E-11	281.265467	0.1000002	-4.9E-12	281.265467
-5.9	-7.73E-11	281.288674	0.1000002	-5.1E-12	281.288674
-6	-7.69E-11	281.311998	0.1000003	-5E-12	281.311998
-6.1	-5.63E-11	281.368507	0.1000001	-6.2E-12	281.368507
-6.2	-7.56E-11	281.391742	0.1000002	-4.8E-12	281.391742
-6.3	-7.64E-11	281.414969	0.1000003	-4.5E-12	281.414969
-6.4	-7.64E-11	281.438276	0.1000001	-4.6E-12	281.438276
-6.5	-7.47E-11	281.461688	0.1000001	-4.8E-12	281.461688
-6.6	-7.58E-11	281.484976	0.1000002	-4.7E-12	281.484976
-6.7	-7.76E-11	281.508194	0.1000003	-4.5E-12	281.508194
-6.8	-7.66E-11	281.53148	0.1000002	-4.9E-12	281.53148
-6.9	-7.68E-11	281.554778	0.1000003	-4.9E-12	281.554778
-7	-7.84E-11	281.578016	0.1000003	-4.8E-12	281.578016
-7.1	-7.7E-11	281.601388	0.1000001	-4.8E-12	281.601388
-7.2	-7.72E-11	281.624676	0.1	-4.8E-12	281.624676
-7.3	-7.84E-11	281.647898	0.1000002	-5.1E-12	281.647898
-7.4	-7.92E-11	281.67111	0.1000004	-4.4E-12	281.67111
-7.5	-7.79E-11	281.694403	0.1000003	-4.6E-12	281.694403
-7.6	-7.75E-11	281.717698	0.1	-4.5E-12	281.717698
-7.7	-7.95E-11	281.740913	0.1000004	-5E-12	281.740913
-7.8	-8.03E-11	281.764212	0.1000004	-5.1E-12	281.764212
-7.9	-7.89E-11	281.787517	0.1000002	-4.9E-12	281.787517
-8	-8.04E-11	281.811019	0.1000004	-4.9E-12	281.811019
-8.1	-5.91E-11	281.869723	0.1000001	-6.1E-12	281.869723
-8.2	-7.85E-11	281.893028	0.1000003	-4.1E-12	281.893028
-8.3	-7.88E-11	281.916292	0.1000002	-4.5E-12	281.916292
-8.4	-8E-11	281.93951	0.1000002	-4E-12	281.93951
-8.5	-7.84E-11	281.962883	0.1000003	-4.5E-12	281.962883
-8.6	-8.05E-11	281.986097	0.1000002	-3.9E-12	281.986097
-8.7	-8.11E-11	282.009306	0.1000002	-4.7E-12	282.009306
-8.8	-8.1E-11	282.032525	0.1000002	-4.8E-12	282.032525
-8.9	-7.96E-11	282.055814	0.1000003	-4.6E-12	282.055814
-9	-8E-11	282.079107	0.1000002	-4.1E-12	282.079107
-9.1	-8.18E-11	282.102412	0.1000003	-4.3E-12	282.102412
-9.2	-8.02E-11	282.125712	0.1000002	-4.3E-12	282.125712
-9.3	-8.05E-11	282.148994	0.1000002	-4.2E-12	282.148994
-9.4	-8.17E-11	282.172214	0.1000004	-4.1E-12	282.172214
-9.5	-8.22E-11	282.195429	0.1000002	-4.4E-12	282.195429
-9.6	-8.11E-11	282.218722	0.1000001	-4.7E-12	282.218722
-9.7	-8.05E-11	282.242016	0.1000003	-4.3E-12	282.242016
-9.8	-8.23E-11	282.26523	0.1000002	-4.3E-12	282.26523
-9.9	-8.22E-11	282.288449	0.1000002	-3.9E-12	282.288449
-10	-8.14E-11	282.31201	0.1000003	-4E-12	282.31201
-9.90001	-5.67E-11	282.371154	0.1000001	-6.1E-12	282.371154
-9.80001	-3.62E-11	282.394378	0.0999999	-8E-12	282.394378
-9.70001	-3.37E-11	282.417598	0.1	-8.2E-12	282.417598
-9.60001	-3.21E-11	282.440902	0.0999998	-8E-12	282.440902
-9.50001	-3.26E-11	282.464285	0.1	-7.6E-12	282.464285
-9.40001	-3.02E-11	282.487501	0.0999999	-7.8E-12	282.487501
-9.30001	-2.88E-11	282.510814	0.0999997	-7.5E-12	282.510814
-9.20001	-2.96E-11	282.534104	0.1	-7.5E-12	282.534104
-9.10001	-2.85E-11	282.557394	0.0999999	-7.5E-12	282.557394
-9.00001	-2.62E-11	282.580609	0.0999998	-7.8E-12	282.580609
-8.90001	-2.48E-11	282.603829	0.0999999	-8.1E-12	282.603829
-8.80001	-2.68E-11	282.627131	0.0999999	-7.4E-12	282.627131
-8.70001	-2.61E-11	282.650419	0.1	-7.4E-12	282.650419
-8.60001	-2.35E-11	282.673623	0.0999999	-8.2E-12	282.673623
-8.50001	-2.26E-11	282.696838	0.0999998	-8.4E-12	282.696838
-8.40001	-2.38E-11	282.720129	0.0999998	-8E-12	282.720129
-8.30001	-2.42E-11	282.743432	0.0999999	-8.1E-12	282.743432
-8.20001	-2.14E-11	282.766732	0.0999997	-8E-12	282.766732
-8.10001	-2.34E-11	282.790062	0.0999998	-8.1E-12	282.790062
-8.00001	-2.27E-11	282.813639	0.0999999	-7.9E-12	282.813639
-7.90001	-4.09E-11	282.872597	0.1	-6.5E-12	282.872597
-7.80001	-2.09E-11	282.895843	0.0999997	-8.1E-12	282.895843
-7.70001	-2.07E-11	282.919081	0.0999999	-8.5E-12	282.919081
-7.6	-2.19E-11	282.942373	0.0999998	-8.2E-12	282.942373
-7.50001	-2.07E-11	282.965753	0.1	-8.5E-12	282.965753
-7.40001	-1.87E-11	282.988983	0.0999998	-8.6E-12	282.988983
-7.30001	-1.77E-11	283.012188	0.0999997	-8.3E-12	283.012188
-7.2	-1.91E-11	283.035487	0.1	-8.7E-12	283.035487
-7.10001	-1.9E-11	283.058774	0.1	-8.6E-12	283.058774
-7.00001	-1.67E-11	283.081984	0.0999997	-8.6E-12	283.081984
-6.90001	-1.65E-11	283.105279	0.0999999	-8.9E-12	283.105279
-6.80001	-1.77E-11	283.128582	0.0999999	-8.8E-12	283.128582
-6.70001	-1.73E-11	283.151863	0.0999999	-8.7E-12	283.151863
-6.60001	-1.5E-11	283.175074	0.0999999	-9E-12	283.175074
-6.50001	-1.59E-11	283.19837	0.0999997	-8.7E-12	283.19837
-6.40001	-1.59E-11	283.221672	0.0999999	-8.6E-12	283.221672
-6.30001	-1.41E-11	283.244891	0.1	-9.2E-12	283.244891
-6.20001	-1.37E-11	283.268109	0.0999997	-8.8E-12	283.268109
-6.10001	-1.45E-11	283.291399	0.0999998	-9.1E-12	283.291399
-6.00001	-1.33E-11	283.31489	0.0999998	-9.1E-12	283.31489
-5.90001	-3.34E-11	283.373991	0.1000002	-7E-12	283.373991
-5.80001	-1.34E-11	283.397232	0.1	-8.9E-12	283.397232
-5.70001	-1.24E-11	283.420533	0.0999999	-9.1E-12	283.420533
-5.60001	-1.41E-11	283.443905	0.0999997	-9.3E-12	283.443905
-5.50001	-1.17E-11	283.467214	0.0999999	-9.2E-12	283.467214
-5.40001	-1.15E-11	283.490431	0.0999999	-9.2E-12	283.490431
-5.30001	-1.22E-11	283.513722	0.0999997	-9.5E-12	283.513722
-5.20001	-1.08E-11	283.536948	0.0999998	-9.5E-12	283.536948
-5.1	-1.01E-11	283.560171	0.1	-9.4E-12	283.560171
-5.00001	-8.8E-12	283.583386	0.0999996	-9.8E-12	283.583386
-4.90001	-8.4E-12	283.606593	0.0999999	-9.9E-12	283.606593
-4.80001	-1E-11	283.629886	0.0999998	-9.9E-12	283.629886
-4.7	-7.5E-12	283.653105	0.0999999	-9.7E-12	283.653105
-4.60001	-7.4E-12	283.676324	0.1	-1E-11	283.676324
-4.50001	-7.1E-12	283.699544	0.0999998	-1.02E-11	283.699544
-4.40001	-8.3E-12	283.72284	0.1	-9.8E-12	283.72284
-4.3	-8.4E-12	283.746139	0.0999999	-9.6E-12	283.746139
-4.20001	-5.5E-12	283.76945	0.0999998	-1.01E-11	283.76945
-4.10001	-5.3E-12	283.792664	0.0999998	-1.01E-11	283.792664
-4.00001	-4.7E-12	283.816147	0.0999998	-1.01E-11	283.816147
-3.90001	-2.53E-11	283.871472	0.1000001	-8.3E-12	283.871472
-3.80001	-5.7E-12	283.894775	0.1	-1.05E-11	283.894775
-3.70001	-6.5E-12	283.918073	0.1	-9.7E-12	283.918073
-3.60001	-5.5E-12	283.941378	0.0999999	-8.8E-12	283.941378
-3.50001	-3.1E-12	283.964682	0.0999999	-1E-12	283.964682
-3.40001	-2.4E-12	283.987907	0.0999997	3.77E-11	283.987907
-3.30001	-4.3E-12	284.011242	0.0999999	1.936E-10	284.011242
-3.20001	-1.5E-12	284.034458	0.1	7.42E-10	284.034458
-3.10001	-3E-13	284.057683	0.1000004	2.4757E-09	284.057683
-3.00001	3E-13	284.080882	0.1000009	7.3614E-09	284.080882
-2.90001	-8E-13	284.104258	0.1000025	1.91096E-08	284.104258
-2.80001	1.8E-12	284.12745	0.1000021	4.34501E-08	284.12745
-2.70001	2.1E-12	284.150671	0.0999975	8.75993E-08	284.150671
-2.60001	-1.8E-11	284.190146	0.1000002	1.56474E-07	284.190146
-2.50001	-1.29E-11	284.214672	0.1000005	2.63683E-07	284.214672
-2.40001	-1.17E-11	284.239222	0.1000005	4.11121E-07	284.239222
-2.30001	-1.14E-11	284.263771	0.1000006	6.03397E-07	284.263771
-2.20001	-9.9E-12	284.288293	0.1000008	8.4364E-07	284.288293
-2.1	-1.47E-11	284.32458	0.1000001	1.13078E-06	284.32458
-2.000001	-1.55E-11	284.381216	0.0999999	1.46703E-06	284.381216
-1.900001	-9.5E-12	284.405735	0.1000001	1.86103E-06	284.405735
-1.800001	-7.9E-12	284.430215	0.1	2.29901E-06	284.430215
-1.7	-7.4E-12	284.454852	0.1000003	2.78086E-06	284.454852
-1.6	-5.6E-12	284.479458	0.1000002	3.30268E-06	284.479458
-1.5	-5.1E-12	284.50409	0.1000001	3.86066E-06	284.50409
-1.4	-3.7E-12	284.528618	0.1000001	4.45202E-06	284.528618
-1.3	-2.4E-12	284.553172	0.0999999	5.07141E-06	284.553172
-1.200001	-1.4E-12	284.577671	0.1000001	5.71643E-06	284.577671
-1.100001	-3E-13	284.602216	0.1	6.3836E-06	284.602216
-1	8E-13	284.626721	0.1	7.06984E-06	284.626721
-0.9	1.9E-12	284.651257	0.0999999	7.77212E-06	284.651257
-0.8	3.3E-12	284.675756	0.1	8.48948E-06	284.675756
-0.7	4.5E-12	284.700287	0.1000002	9.21825E-06	284.700287
-0.6	5.9E-12	284.724792	0.1000001	9.95851E-06	284.724792
-0.500001	2.6E-12	284.759384	0.1000001	1.06998E-05	284.759384
-0.400001	8.1E-12	284.784004	0.1000001	1.14583E-05	284.784004
-0.3	1.02E-11	284.808553	0.1000002	1.22232E-05	284.808553
-0.1999999	8.5E-12	284.835009	0.0999999	1.29935E-05	284.835009
-0.1000002	7.4E-12	284.880077	0.1	1.37655E-05	284.880077
4E-07	1.38E-11	284.90461	0.1	1.45491E-05	284.90461
0.1000004	1.61E-11	284.929118	0.1	1.53366E-05	284.929118
0.2000004	1.83E-11	284.953677	0.0999998	1.61293E-05	284.953677
0.299999	2.05E-11	284.978473	0.0999999	1.69276E-05	284.978473
0.4	2.27E-11	285.002969	0.1000001	1.77302E-05	285.002969
0.499999	2.42E-11	285.027512	0.1000001	1.85386E-05	285.027512
0.6	2.6E-11	285.052027	0.1000001	1.93531E-05	285.052027
0.7	2.83E-11	285.076548	0.1000001	2.0171E-05	285.076548
0.799999	2.95E-11	285.101141	0.1000001	2.09928E-05	285.101141
0.9	3.13E-11	285.125699	0.0999999	2.18189E-05	285.125699
0.999999	3.35E-11	285.150205	0.1	2.26475E-05	285.150205
1.1	3.55E-11	285.174738	0.1000001	2.34787E-05	285.174738
1.2	3.75E-11	285.199256	0.1000001	2.4312E-05	285.199256
1.3	3.85E-11	285.223776	0.1000002	2.51471E-05	285.223776
1.4	3.99E-11	285.248314	0.0999996	2.59846E-05	285.248314
1.5	4.11E-11	285.272816	0.0999999	2.68229E-05	285.272816
1.599999	4.26E-11	285.29732	0.1	2.7663E-05	285.29732
1.699999	4.38E-11	285.322086	0.0999998	2.85042E-05	285.322086
1.799999	3.67E-11	285.381596	0.1000002	2.93391E-05	285.381596
1.899999	4.25E-11	285.406127	0.0999999	3.01843E-05	285.406127
2	4.39E-11	285.430631	0.1000001	3.10294E-05	285.430631
2.1	4.51E-11	285.455174	0.1000001	3.18744E-05	285.455174
2.19999	4.54E-11	285.479981	0.1	3.27156E-05	285.479981
2.29999	4.66E-11	285.50449	0.1000001	3.3562E-05	285.50449
2.39999	4.74E-11	285.529037	0.1000002	3.44088E-05	285.529037
2.49999	4.83E-11	285.553552	0.1000001	3.52555E-05	285.553552
2.59999	4.9E-11	285.578076	0.0999998	3.61031E-05	285.578076
2.69999	4.88E-11	285.602581	0.1000001	3.6951E-05	285.602581
2.79999	4.91E-11	285.627138	0.0999999	3.77995E-05	285.627138
2.89999	4.97E-11	285.651638	0.1000002	3.86479E-05	285.651638
2.99999	4.97E-11	285.6762	0.1	3.94969E-05	285.6762
3.09999	5.03E-11	285.700712	0.1000001	4.03469E-05	285.700712
3.19999	5.06E-11	285.725218	0.1000001	4.11963E-05	285.725218
3.29999	5.07E-11	285.749726	0.1000003	4.20458E-05	285.749726
3.39999	5.1E-11	285.774366	0.1000001	4.28963E-05	285.774366
3.49999	5.13E-11	285.798914	0.0999999	4.37471E-05	285.798914
3.59999	5.18E-11	285.823611	0.1	4.4598E-05	285.823611
3.69999	4.44E-11	285.883457	0.1	4.54394E-05	285.883457
3.79999	5.06E-11	285.908056	0.0999999	4.62936E-05	285.908056
3.89999	5.08E-11	285.932606	0.0999999	4.71484E-05	285.932606
3.99999	5.17E-11	285.957118	0.0999999	4.8003E-05	285.957118
4.09999	5.18E-11	285.98173	0.0999999	4.88569E-05	285.98173
4.19999	5.24E-11	286.006266	0.0999999	4.97109E-05	286.006266
4.29999	5.27E-11	286.030777	0.1	5.05664E-05	286.030777
4.39999	5.32E-11	286.055304	0.1	5.14232E-05	286.055304
4.49999	5.36E-11	286.079795	0.1000002	5.22801E-05	286.079795
4.59999	5.39E-11	286.104419	0.1000003	5.31365E-05	286.104419
4.69999	5.38E-11	286.128985	0.1000001	5.3994E-05	286.128985
4.79999	5.42E-11	286.15351	0.0999999	5.48538E-05	286.15351
4.89999	5.4E-11	286.178013	0.1	5.57122E-05	286.178013
4.99999	5.45E-11	286.202659	0.1	5.65724E-05	286.202659
5.09999	5.47E-11	286.227171	0.0999999	5.74335E-05	286.227171
5.19999	5.46E-11	286.251709	0.1	5.82947E-05	286.251709
5.29999	5.48E-11	286.276215	0.1000003	5.91567E-05	286.276215
5.39999	5.55E-11	286.300732	0.1000001	6.00197E-05	286.300732
5.49999	5.55E-11	286.32529	0.1	6.08837E-05	286.32529
5.59999	4.9E-11	286.380694	0.1000002	6.17404E-05	286.380694
5.69999	5.38E-11	286.405234	0.1	6.26099E-05	286.405234
5.79999	5.46E-11	286.429749	0.1000002	6.34779E-05	286.429749
5.89999	5.51E-11	286.454428	0.1	6.43467E-05	286.454428
5.99999	5.53E-11	286.479044	0.1000003	6.5215E-05	286.479044
6.09999	5.59E-11	286.503519	0.1000002	6.60834E-05	286.503519
6.19999	5.64E-11	286.528029	0.1	6.69527E-05	286.528029
6.29999	5.64E-11	286.552552	0.1000001	6.78247E-05	286.552552
6.39999	5.67E-11	286.577073	0.1000001	6.86968E-05	286.577073
6.49999	5.64E-11	286.60163	0.0999999	6.95694E-05	286.60163
6.59999	5.71E-11	286.62614	0.1	7.04437E-05	286.62614
6.69999	5.74E-11	286.650656	0.0999997	7.13187E-05	286.650656
6.79999	5.77E-11	286.675209	0.1	7.21935E-05	286.675209
6.89999	5.77E-11	286.699728	0.0999999	7.3069E-05	286.699728
6.99999	5.74E-11	286.724241	0.0999998	7.39459E-05	286.724241
7.09999	5.74E-11	286.748753	0.0999997	7.48248E-05	286.748753
7.19999	5.72E-11	286.773435	0.1	7.57033E-05	286.773435
7.29999	5.84E-11	286.797978	0.1	7.65831E-05	286.797978
7.39999	5.88E-11	286.822514	0.1000001	7.74632E-05	286.822514
7.49999	5.05E-11	286.884291	0.1000003	7.83333E-05	286.884291
7.59999	5.59E-11	286.908848	0.1000002	7.92219E-05	286.908848
7.69999	5.63E-11	286.933398	0.1000004	8.01059E-05	286.933398
7.79999	5.69E-11	286.957921	0.0999999	8.0992E-05	286.957921
7.89999	5.75E-11	286.98252	0.0999997	8.18786E-05	286.98252
7.99999	5.77E-11	287.007059	0.1000002	8.27643E-05	287.007059
8.09999	5.82E-11	287.031564	0.1	8.36524E-05	287.031564
8.19999	5.78E-11	287.056121	0.1	8.45407E-05	287.056121
8.29999	5.88E-11	287.080633	0.1000003	8.5431E-05	287.080633
8.39999	5.89E-11	287.10515	0.1000004	8.63211E-05	287.10515
8.49999	5.92E-11	287.129754	0.1	8.72128E-05	287.129754
8.59999	5.95E-11	287.154275	0.0999999	8.81056E-05	287.154275
8.69999	5.97E-11	287.178792	0.1000001	8.89985E-05	287.178792
8.79999	5.96E-11	287.203318	0.1000002	8.98928E-05	287.203318
8.89999	6E-11	287.227854	0.1000001	9.07874E-05	287.227854
8.99999	5.97E-11	287.252386	0.1000001	9.16835E-05	287.252386
9.09999	5.95E-11	287.27698	0.1000002	9.25804E-05	287.27698
9.19999	5.97E-11	287.301493	0.1000003	9.34784E-05	287.301493
9.29999	6.02E-11	287.326019	0.1000001	9.43738E-05	287.326019
9.39999	5.4E-11	287.383708	0.0999999	9.5271E-05	287.383708
9.49999	5.92E-11	287.408232	0.0999998	9.61761E-05	287.408232
9.59999	5.95E-11	287.432758	0.1000001	9.708E-05	287.432758
9.69999	6E-11	287.45739	0.1	9.79851E-05	287.45739
9.79999	6.03E-11	287.481987	0.1000002	9.88906E-05	287.481987
9.89999	6.05E-11	287.506522	0.0999999	9.97965E-05	287.506522
9.99999	6.12E-11	287.531031	0.0999999	0.0001007031	287.531031
9.9	4.75E-11	287.555562	0.1	9.97831E-05	287.555562
9.8	4.48E-11	287.580162	0.1	9.88662E-05	287.580162
9.7	4.25E-11	287.604703	0.1	9.7953E-05	287.604703
9.6	4.06E-11	287.629226	0.1	9.7043E-05	287.629226
9.5	3.94E-11	287.653787	0.0999997	9.61349E-05	287.653787
9.4	3.75E-11	287.678346	0.0999999	9.5226E-05	287.678346
9.3	3.63E-11	287.702851	0.0999999	9.4319E-05	287.702851
9.2	3.55E-11	287.727385	0.0999998	9.34141E-05	287.727385
9.1	3.47E-11	287.751901	0.1	9.25106E-05	287.751901
9	3.38E-11	287.776396	0.0999998	9.16062E-05	287.776396
8.9	3.35E-11	287.800928	0.1	9.07082E-05	287.800928
8.8	3.31E-11	287.825512	0.0999998	8.98056E-05	287.825512
8.7	3.89E-11	287.887583	0.1000001	8.89082E-05	287.887583
8.6	3.32E-11	287.912185	0.1	8.80052E-05	287.912185
8.5	3.19E-11	287.936704	0.1	8.7104E-05	287.936704
8.4	3.11E-11	287.961253	0.1	8.62043E-05	287.961253
8.3	3.1E-11	287.985867	0.0999999	8.53069E-05	287.985867
8.2	2.97E-11	288.01038	0.1	8.44106E-05	288.01038
8.1	2.93E-11	288.034905	0.1000001	8.35137E-05	288.034905
8	2.87E-11	288.059408	0.1	8.26192E-05	288.059408
7.9	2.82E-11	288.083938	0.1000001	8.17273E-05	288.083938
7.8	2.78E-11	288.108443	0.1000001	8.08339E-05	288.108443
7.7	2.81E-11	288.133059	0.0999998	7.99428E-05	288.133059
7.6	2.72E-11	288.157613	0.0999999	7.90517E-05	288.157613
7.5	2.7E-11	288.182149	0.1	7.81622E-05	288.182149
7.4	2.61E-11	288.206668	0.1000001	7.72735E-05	288.206668
7.3	2.58E-11	288.231253	0.1000001	7.63846E-05	288.231253
7.2	2.49E-11	288.255841	0.1000002	7.54978E-05	288.255841
7.1	2.51E-11	288.280358	0.1000001	7.46123E-05	288.280358
7	2.49E-11	288.304861	0.1	7.37266E-05	288.304861
6.9	2.56E-11	288.329641	0.1	7.28423E-05	288.329641
6.8	3.05E-11	288.390853	0.0999999	7.19649E-05	288.390853
6.7	2.49E-11	288.415397	0.1000002	7.10815E-05	288.415397
6.6	2.42E-11	288.439915	0.1	7.01979E-05	288.439915
6.5	2.33E-11	288.464531	0.1000001	6.93168E-05	288.464531
6.4	2.3E-11	288.489138	0.1	6.84363E-05	288.489138
6.3	2.28E-11	288.513665	0.0999998	6.75561E-05	288.513665
6.2	2.24E-11	288.538167	0.1000001	6.66773E-05	288.538167
6.1	2.25E-11	288.562785	0.1000001	6.57985E-05	288.562785
6	2.2E-11	288.587435	0.0999998	6.49218E-05	288.587435
5.9	2.05E-11	288.611941	0.1000002	6.40455E-05	288.611941
5.8	2.07E-11	288.636511	0.0999998	6.31702E-05	288.636511
5.7	1.99E-11	288.661038	0.1000001	6.22958E-05	288.661038
5.6	2.03E-11	288.68562	0.1	6.14216E-05	288.68562
5.5	1.92E-11	288.710125	0.0999999	6.05492E-05	288.710125
5.4	1.92E-11	288.73465	0.0999999	5.96763E-05	288.73465
5.3	1.87E-11	288.759171	0.1	5.88055E-05	288.759171
5.2	1.85E-11	288.783769	0.1	5.79353E-05	288.783769
5.1	1.76E-11	288.808282	0.1000001	5.70658E-05	288.808282
5	1.76E-11	288.832813	0.0999999	5.61966E-05	288.832813
4.9	2.39E-11	288.892215	0.1	5.53345E-05	288.892215
4.8	1.86E-11	288.916789	0.0999999	5.44663E-05	288.916789
4.7	1.73E-11	288.941299	0.0999997	5.36001E-05	288.941299
4.6	1.65E-11	288.965814	0.0999999	5.27346E-05	288.965814
4.5	1.61E-11	288.990411	0.0999998	5.18689E-05	288.990411
4.4	1.56E-11	289.01497	0.1000002	5.10054E-05	289.01497
4.3	1.5E-11	289.039499	0.1	5.01424E-05	289.039499
4.2	1.43E-11	289.064041	0.1000001	4.928E-05	289.064041
4.1	1.38E-11	289.088549	0.1	4.84177E-05	289.088549
4	1.41E-11	289.113235	0.1	4.75576E-05	289.113235
3.9	1.28E-11	289.137767	0.1	4.66978E-05	289.137767
3.8	1.19E-11	289.162261	0.1	4.58383E-05	289.162261
3.7	1.19E-11	289.186812	0.1	4.49805E-05	289.186812
3.6	1.11E-11	289.211338	0.0999999	4.41231E-05	289.211338
3.5	1.02E-11	289.235884	0.0999998	4.32665E-05	289.235884
3.4	9.7E-12	289.260392	0.0999999	4.24109E-05	289.260392
3.3	9.1E-12	289.285014	0.1000001	4.15555E-05	289.285014
3.2	8.5E-12	289.309552	0.0999999	4.07008E-05	289.309552
3.1	7.7E-12	289.334108	0.1	3.98471E-05	289.334108
3	1.4E-11	289.393725	0.0999999	3.89997E-05	289.393725
2.9	8E-12	289.418246	0.0999999	3.81471E-05	289.418246
2.8	7E-12	289.442793	0.1	3.72963E-05	289.442793
2.7	6.1E-12	289.467406	0.0999997	3.6445E-05	289.467406
2.6	4.8E-12	289.492013	0.1	3.55962E-05	289.492013
2.5	3.9E-12	289.516534	0.1000002	3.47482E-05	289.516534
2.4	3.5E-12	289.541047	0.1	3.39002E-05	289.541047
2.3	2.8E-12	289.565624	0.0999998	3.30544E-05	289.565624
2.2	1.3E-12	289.590184	0.0999998	3.22084E-05	289.590184
2.099999	3.5E-12	289.616608	0.0999999	3.13684E-05	289.616608
2	-6E-13	289.641111	0.1	3.05256E-05	289.641111
1.9	-2.1E-12	289.665635	0.0999999	2.96837E-05	289.665635
1.8	-2.9E-12	289.690192	0.0999998	2.88431E-05	289.690192
1.7	-4.6E-12	289.714702	0.0999997	2.80035E-05	289.714702
1.6	-5.6E-12	289.73922	0.0999998	2.71659E-05	289.73922
1.5	-6.4E-12	289.763721	0.0999998	2.63292E-05	289.763721
1.4	-8E-12	289.788369	0.0999999	2.54947E-05	289.788369
1.3	-9.2E-12	289.812885	0.0999999	2.4662E-05	289.812885
1.2	-1.05E-11	289.837419	0.1000001	2.38309E-05	289.837419
1.1	-5.5E-12	289.895521	0.1	2.30078E-05	289.895521
1	-1.22E-11	289.920047	0.1000001	2.21803E-05	289.920047
0.9	-1.43E-11	289.944567	0.1000001	2.13578E-05	289.944567
0.8	-1.63E-11	289.96907	0.1	2.05391E-05	289.96907
0.7	-1.8E-11	289.993675	0.1000001	1.97234E-05	289.993675
0.6	-2.05E-11	290.018184	0.1000002	1.89124E-05	290.018184
0.5	-2.27E-11	290.042703	0.0999999	1.81067E-05	290.042703
0.4	-2.46E-11	290.067203	0.0999999	1.7306E-05	290.067203
0.3	-2.73E-11	290.091755	0.1000001	1.6511E-05	290.091755
0.1999999	-2.64E-11	290.118146	0.0999998	1.57233E-05	290.118146
0.0999996	-3.15E-11	290.142691	0.0999999	1.49398E-05	290.142691
-5E-07	-3.41E-11	290.167184	0.0999999	1.41613E-05	290.167184
#scan	iMeasureCycle=3	iMux=0	time=319.797	N=401	LocalTime=20/04/2023 01:25:00
#VGate(V)	IGate(A)	time(s)	VDrain(V)	IDrain(A)	time(s)
-1E-07	-1.26E-11	319.804536	0.1	1.43536E-05	319.804536
-0.1000004	-2.08E-11	319.8295	0.1	1.35687E-05	319.8295
-0.1999999	-2.18E-11	319.855096	0.1	1.27907E-05	319.855096
-0.3	-2.75E-11	319.87984	0.1	1.20179E-05	319.87984
-0.4	-3.08E-11	319.904421	0.1	1.12517E-05	319.904421
-0.5	-3.32E-11	319.928945	0.0999999	1.04937E-05	319.928945
-0.6	-3.57E-11	319.953449	0.0999999	9.7439E-06	319.953449
-0.7	-3.68E-11	319.977971	0.0999999	9.0046E-06	319.977971
-0.8	-3.48E-11	320.005138	0.0999999	8.28037E-06	320.005138
-0.9	-3.96E-11	320.02977	0.1000001	7.56355E-06	320.02977
-1	-4.11E-11	320.054311	0.0999996	6.86289E-06	320.054311
-1.1	-4.22E-11	320.078827	0.0999999	6.17963E-06	320.078827
-1.2	-4.38E-11	320.103348	0.0999999	5.51621E-06	320.103348
-1.3	-4.46E-11	320.127856	0.1	4.87613E-06	320.127856
-1.4	-4.54E-11	320.152369	0.0999998	4.26207E-06	320.152369
-1.5	-4.61E-11	320.176968	0.0999999	3.67862E-06	320.176968
-1.6	-4.72E-11	320.201479	0.0999998	3.12893E-06	320.201479
-1.7	-4.75E-11	320.225995	0.0999998	2.6173E-06	320.225995
-1.8	-4.89E-11	320.250498	0.0999999	2.14803E-06	320.250498
-1.9	-4.92E-11	320.275097	0.0999998	1.72396E-06	320.275097
-2	-5.05E-11	320.299609	0.0999999	1.34828E-06	320.299609
-2.1	-5.08E-11	320.324133	0.1	1.02266E-06	320.324133
-2.2	-4.45E-11	320.373556	0.0999996	7.50807E-07	320.373556
-2.3	-4.99E-11	320.398108	0.0999996	5.24234E-07	320.398108
-2.4	-5.12E-11	320.422626	0.0999996	3.47265E-07	320.422626
-2.5	-5.16E-11	320.447132	0.0999996	2.15512E-07	320.447132
-2.6	-5.18E-11	320.471858	0.0999997	1.23449E-07	320.471858
-2.7	-4.67E-11	320.509583	0.0999958	6.49024E-08	320.509583
-2.8	-6.68E-11	320.532886	0.1000078	2.9715E-08	320.532886
-2.9	-6.63E-11	320.556172	0.1000029	1.19646E-08	320.556172
-3	-6.85E-11	320.579384	0.1000016	4.184E-09	320.579384
-3.1	-6.92E-11	320.602598	0.1000007	1.2786E-09	320.602598
-3.2	-6.79E-11	320.625888	0.1000004	3.441E-10	320.625888
-3.3	-6.86E-11	320.649154	0.1000003	8.12E-11	320.649154
-3.4	-6.88E-11	320.672432	0.1000002	1.24E-11	320.672432
-3.5	-7.11E-11	320.695653	0.1000005	-2.4E-12	320.695653
-3.6	-7.11E-11	320.718861	0.1000002	-4.9E-12	320.718861
-3.7	-6.97E-11	320.742143	0.1000003	-6E-12	320.742143
-3.8	-7E-11	320.765433	0.1000001	-6E-12	320.765433
-3.9	-7.02E-11	320.788766	0.1000003	-5.8E-12	320.788766
-4	-7.1E-11	320.81206	0.1000004	-5.4E-12	320.81206
-4.1	-5.11E-11	320.872318	0.1000001	-7.1E-12	320.872318
-4.2	-6.94E-11	320.895646	0.1000002	-5.7E-12	320.895646
-4.3	-7.13E-11	320.918959	0.1000003	-5.3E-12	320.918959
-4.4	-7.27E-11	320.942175	0.1000002	-5.2E-12	320.942175
-4.5	-7.13E-11	320.965453	0.1000003	-5.7E-12	320.965453
-4.6	-7.09E-11	320.988791	0.1000001	-5.3E-12	320.988791
-4.7	-7.32E-11	321.012012	0.1000002	-5.1E-12	321.012012
-4.8	-7.45E-11	321.035317	0.1000003	-5.2E-12	321.035317
-4.9	-7.26E-11	321.058602	0.1000003	-5.7E-12	321.058602
-5	-7.46E-11	321.081808	0.1000003	-5.4E-12	321.081808
-5.1	-7.52E-11	321.105028	0.1000003	-5.4E-12	321.105028
-5.2	-7.26E-11	321.128358	0.1000002	-5.4E-12	321.128358
-5.3	-7.37E-11	321.151634	0.1000003	-5.5E-12	321.151634
-5.4	-7.59E-11	321.174951	0.1000004	-5.2E-12	321.174951
-5.5	-7.63E-11	321.198166	0.1000003	-5.4E-12	321.198166
-5.6	-7.45E-11	321.221463	0.1000003	-5.4E-12	321.221463
-5.7	-7.55E-11	321.244745	0.1000003	-5.2E-12	321.244745
-5.8	-7.71E-11	321.267961	0.1000001	-5.2E-12	321.267961
-5.9	-7.74E-11	321.291181	0.1000003	-4.9E-12	321.291181
-6	-7.58E-11	321.314482	0.1000003	-5.2E-12	321.314482
-6.1	-5.6E-11	321.370023	0.1000001	-6.6E-12	321.370023
-6.2	-7.61E-11	321.393284	0.1	-4.5E-12	321.393284
-6.3	-7.67E-11	321.416514	0.1000005	-4.7E-12	321.416514
-6.4	-7.56E-11	321.439801	0.1000002	-4.9E-12	321.439801
-6.5	-7.58E-11	321.463153	0.1	-4.8E-12	321.463153
-6.6	-7.83E-11	321.486455	0.1000003	-5.1E-12	321.486455
-6.7	-7.53E-11	321.509861	0.1000002	-5.2E-12	321.509861
-6.8	-7.84E-11	321.53318	0.1000005	-5.4E-12	321.53318
-6.9	-7.93E-11	321.556394	0.1000002	-5E-12	321.556394
-7	-7.93E-11	321.579608	0.1000004	-5E-12	321.579608
-7.1	-7.88E-11	321.60285	0.1000002	-5.1E-12	321.60285
-7.2	-7.75E-11	321.62617	0.1000002	-5.5E-12	321.62617
-7.3	-7.95E-11	321.649372	0.1000005	-5.2E-12	321.649372
-7.4	-7.97E-11	321.672586	0.1000002	-4.6E-12	321.672586
-7.5	-7.83E-11	321.695878	0.1000002	-5.4E-12	321.695878
-7.6	-7.81E-11	321.719171	0.1000003	-5.3E-12	321.719171
-7.7	-7.99E-11	321.742386	0.1000003	-4.8E-12	321.742386
-7.8	-8.04E-11	321.765595	0.1000002	-4.6E-12	321.765595
-7.9	-7.9E-11	321.788883	0.1000001	-4.9E-12	321.788883
-8	-7.83E-11	321.812194	0.1000002	-4.7E-12	321.812194
-8.1	-6.03E-11	321.866855	0.1000002	-6.4E-12	321.866855
-8.2	-7.96E-11	321.890095	0.1000003	-4.7E-12	321.890095
-8.3	-7.99E-11	321.913376	0.1000003	-4.3E-12	321.913376
-8.4	-7.88E-11	321.936674	0.1000004	-4.6E-12	321.936674
-8.5	-8.06E-11	321.959945	0.1000002	-4.9E-12	321.959945
-8.6	-7.91E-11	321.983236	0.1000002	-5E-12	321.983236
-8.7	-8.05E-11	322.006547	0.1000003	-5.1E-12	322.006547
-8.8	-8.13E-11	322.029856	0.1000004	-4.7E-12	322.029856
-8.9	-8.02E-11	322.053146	0.1000002	-5E-12	322.053146
-9	-8E-11	322.076435	0.1000003	-5E-12	322.076435
-9.1	-8.21E-11	322.09966	0.1000003	-5.1E-12	322.09966
-9.2	-8.23E-11	322.122879	0.1000002	-4.9E-12	322.122879
-9.3	-8.13E-11	322.146167	0.1000002	-4.7E-12	322.146167
-9.4	-8.2E-11	322.169476	0.1000003	-4.6E-12	322.169476
-9.5	-8.23E-11	322.192696	0.1000003	-4.6E-12	322.192696
-9.6	-8.26E-11	322.215917	0.1000002	-5.1E-12	322.215917
-9.7	-8.25E-11	322.239139	0.1000002	-5.4E-12	322.239139
-9.8	-8.15E-11	322.262426	0.1000003	-4.9E-12	322.262426
-9.9	-8.32E-11	322.285624	0.1000002	-4.8E-12	322.285624
-10	-8.3E-11	322.308935	0.1000002	-4.6E-12	322.308935
-9.90001	-4.23E-11	322.332229	0.0999999	-8.1E-12	322.332229
-9.80001	-5.64E-11	322.372565	0.1000001	-6.5E-12	322.372565
-9.70001	-3.75E-11	322.395922	0.0999997	-8E-12	322.395922
-9.60001	-3.34E-11	322.41915	0.0999999	-8.6E-12	322.41915
-9.50001	-3.32E-11	322.442438	0.1	-8.2E-12	322.442438
-9.40001	-3.29E-11	322.465793	0.0999997	-8.2E-12	322.465793
-9.30001	-2.97E-11	322.489012	0.0999999	-8.4E-12	322.489012
-9.20001	-2.8E-11	322.512303	0.0999996	-8.6E-12	322.512303
-9.10001	-2.91E-11	322.535679	0.0999998	-8.4E-12	322.535679
-9.00001	-2.76E-11	322.55891	0.0999999	-8.5E-12	322.55891
-8.90001	-2.66E-11	322.58215	0.0999998	-8.4E-12	322.58215
-8.80001	-2.68E-11	322.605442	0.0999999	-8.5E-12	322.605442
-8.70001	-2.66E-11	322.628743	0.0999997	-8.4E-12	322.628743
-8.60001	-2.43E-11	322.651957	0.0999998	-8.3E-12	322.651957
-8.50001	-2.29E-11	322.675158	0.0999999	-8E-12	322.675158
-8.40001	-2.32E-11	322.698372	0.0999998	-8.6E-12	322.698372
-8.30001	-2.41E-11	322.721666	0.0999999	-8.4E-12	322.721666
-8.20001	-2.22E-11	322.744867	0.0999999	-8.8E-12	322.744867
-8.10001	-2.18E-11	322.768105	0.0999997	-8.7E-12	322.768105
-8.00001	-2.08E-11	322.791309	0.0999998	-8.7E-12	322.791309
-7.90001	-2.03E-11	322.81461	0.0999997	-8.6E-12	322.81461
-7.80001	-4.07E-11	322.87487	0.1000001	-6.9E-12	322.87487
-7.70001	-2.14E-11	322.898124	0.0999999	-8.7E-12	322.898124
-7.6	-2.02E-11	322.921353	0.0999999	-8.6E-12	322.921353
-7.50001	-1.93E-11	322.94456	0.0999999	-9E-12	322.94456
-7.40001	-2.08E-11	322.967888	0.1	-8.3E-12	322.967888
-7.30001	-1.87E-11	322.991095	0.0999999	-9E-12	322.991095
-7.2	-1.92E-11	323.014348	0.1000001	-8.7E-12	323.014348
-7.10001	-1.78E-11	323.037652	0.0999997	-9.2E-12	323.037652
-7.00001	-1.87E-11	323.060947	0.0999997	-8.6E-12	323.060947
-6.90001	-1.73E-11	323.084146	0.0999997	-9.1E-12	323.084146
-6.80001	-1.57E-11	323.107364	0.0999999	-9.1E-12	323.107364
-6.70001	-1.59E-11	323.130591	0.0999999	-8.8E-12	323.130591
-6.60001	-1.71E-11	323.153868	0.0999998	-8.6E-12	323.153868
-6.50001	-1.51E-11	323.177172	0.0999998	-9.4E-12	323.177172
-6.40001	-1.48E-11	323.200397	0.0999997	-9.4E-12	323.200397
-6.30001	-1.41E-11	323.223631	0.0999997	-9.1E-12	323.223631
-6.20001	-1.54E-11	323.246928	0.0999997	-9E-12	323.246928
-6.10001	-1.49E-11	323.27022	0.0999997	-9.3E-12	323.27022
-6.00001	-1.32E-11	323.293437	0.0999997	-9.2E-12	323.293437
-5.90001	-1.43E-11	323.316742	0.0999999	-8.9E-12	323.316742
-5.80001	-3.32E-11	323.37568	0.1	-7.3E-12	323.37568
-5.70001	-1.37E-11	323.398924	0.0999998	-9.1E-12	323.398924
-5.60001	-1.45E-11	323.422233	0.0999998	-9.2E-12	323.422233
-5.50001	-1.28E-11	323.445465	0.0999998	-9.4E-12	323.445465
-5.40001	-1.15E-11	323.468727	0.0999999	-9.4E-12	323.468727
-5.30001	-1.07E-11	323.49193	0.0999998	-9.1E-12	323.49193
-5.20001	-1.24E-11	323.515304	0.0999999	-9.4E-12	323.515304
-5.1	-1.05E-11	323.538627	0.0999999	-9.4E-12	323.538627
-5.00001	-9.5E-12	323.561838	0.0999999	-9.5E-12	323.561838
-4.90001	-1.09E-11	323.585132	0.1	-9.1E-12	323.585132
-4.80001	-1.04E-11	323.608416	0.0999999	-9.3E-12	323.608416
-4.7	-8E-12	323.631645	0.0999998	-1E-11	323.631645
-4.60001	-8.2E-12	323.654863	0.0999998	-9.6E-12	323.654863
-4.50001	-7.8E-12	323.678094	0.0999999	-9.8E-12	323.678094
-4.40001	-8.2E-12	323.701384	0.0999999	-9.6E-12	323.701384
-4.3	-6.5E-12	323.724664	0.1	-9.8E-12	323.724664
-4.20001	-5.5E-12	323.747875	0.0999998	-9.6E-12	323.747875
-4.10001	-5.1E-12	323.771084	0.1	-9.7E-12	323.771084
-4.00001	-6.7E-12	323.794369	0.0999999	-9.5E-12	323.794369
-3.90001	-5.1E-12	323.817582	0.0999998	-9.9E-12	323.817582
-3.80001	-2.57E-11	323.87717	0.1000001	-8.4E-12	323.87717
-3.70001	-7.1E-12	323.900546	0.0999997	-9.9E-12	323.900546
-3.60001	-6.1E-12	323.923852	0.0999997	-8.7E-12	323.923852
-3.50001	-3.6E-12	323.947069	0.1	-2.2E-12	323.947069
-3.40001	-2.7E-12	323.970328	0.0999999	3.18E-11	323.970328
-3.30001	-3.7E-12	323.993686	0.1000001	1.69E-10	323.993686
-3.20001	-1.8E-12	324.016913	0.1	6.627E-10	324.016913
-3.10001	-4E-13	324.04022	0.1000002	2.2458E-09	324.04022
-3.00001	-1.4E-12	324.063496	0.1000012	6.7517E-09	324.063496
-2.90001	-1.2E-12	324.086775	0.1000027	1.77629E-08	324.086775
-2.80001	2E-12	324.109965	0.1000016	4.08915E-08	324.109965
-2.70001	2.4E-12	324.133179	0.099998	8.31967E-08	324.133179
-2.60001	-1.82E-11	324.172726	0.1000002	1.49609E-07	324.172726
-2.50001	-1.31E-11	324.197238	0.1000005	2.53733E-07	324.197238
-2.40001	-1.17E-11	324.221776	0.1000005	3.97614E-07	324.221776
-2.30001	-1.11E-11	324.246288	0.1000007	5.86231E-07	324.246288
-2.20001	-1.05E-11	324.270788	0.1000008	8.22718E-07	324.270788
-2.1	-1.49E-11	324.307008	0.1	1.10527E-06	324.307008
-2	-9.5E-12	324.331622	0.1000001	1.44391E-06	324.331622
-1.900001	-1.43E-11	324.382535	0.1000001	1.8221E-06	324.382535
-1.800001	-8.9E-12	324.407058	0.1000001	2.25824E-06	324.407058
-1.7	-7.7E-12	324.43159	0.1000002	2.73664E-06	324.43159
-1.6	-6.9E-12	324.456121	0.0999999	3.25453E-06	324.456121
-1.5	-5.1E-12	324.480713	0.1	3.80905E-06	324.480713
-1.400001	-4.4E-12	324.505233	0.0999999	4.3963E-06	324.505233
-1.3	-3.2E-12	324.529741	0.1000002	5.01198E-06	324.529741
-1.2	-2.2E-12	324.554354	0.1	5.65388E-06	324.554354
-1.100001	-6E-13	324.578869	0.1000002	6.31756E-06	324.578869
-1	6E-13	324.603432	0.1	7.00083E-06	324.603432
-0.9	1.9E-12	324.628007	0.1	7.70064E-06	324.628007
-0.8	2.5E-12	324.652532	0.1000001	8.41459E-06	324.652532
-0.700001	4.1E-12	324.677028	0.1000002	9.14148E-06	324.677028
-0.6	5.5E-12	324.701571	0.1000001	9.87981E-06	324.701571
-0.500001	2.2E-12	324.736251	0.1000001	1.0619E-05	324.736251
-0.4	8.1E-12	324.760776	0.0999999	1.13758E-05	324.760776
-0.3	9.5E-12	324.78531	0.1000002	1.21383E-05	324.78531
-0.1999997	8.3E-12	324.811725	0.1	1.29069E-05	324.811725
-0.0999997	1.32E-11	324.836265	0.1000001	1.36822E-05	324.836265
-1E-07	9.6E-12	324.879956	0.1000001	1.44573E-05	324.879956
0.1000003	1.56E-11	324.904477	0.1	1.52445E-05	324.904477
0.2000004	1.81E-11	324.929037	0.0999999	1.60351E-05	324.929037
0.3	2.02E-11	324.953755	0.0999998	1.68316E-05	324.953755
0.4	2.2E-11	324.978328	0.1	1.76339E-05	324.978328
0.5	2.44E-11	325.002865	0.1	1.8441E-05	325.002865
0.6	2.61E-11	325.027382	0.1	1.92533E-05	325.027382
0.699999	2.82E-11	325.051975	0.1000001	2.00703E-05	325.051975
0.799999	2.99E-11	325.076476	0.1000002	2.08919E-05	325.076476
0.9	3.15E-11	325.100983	0.1	2.17168E-05	325.100983
0.999999	3.35E-11	325.125481	0.1000001	2.25439E-05	325.125481
1.1	3.48E-11	325.150036	0.0999999	2.33748E-05	325.150036
1.2	3.67E-11	325.174531	0.1000002	2.42082E-05	325.174531
1.3	3.82E-11	325.199057	0.1000002	2.50425E-05	325.199057
1.399999	3.94E-11	325.223556	0.1000002	2.5879E-05	325.223556
1.5	4.05E-11	325.248113	0.1000002	2.67172E-05	325.248113
1.599999	4.2E-11	325.272622	0.1000002	2.7557E-05	325.272622
1.699999	4.32E-11	325.297165	0.0999999	2.8398E-05	325.297165
1.8	4.4E-11	325.321701	0.0999999	2.92393E-05	325.321701
1.899999	3.68E-11	325.385927	0.1	3.00748E-05	325.385927
2	4.27E-11	325.410517	0.1	3.0921E-05	325.410517
2.1	4.44E-11	325.435049	0.1	3.17669E-05	325.435049
2.19999	4.55E-11	325.45976	0.0999998	3.26104E-05	325.45976
2.29999	4.61E-11	325.484348	0.1000001	3.3458E-05	325.484348
2.39999	4.71E-11	325.508823	0.0999997	3.43052E-05	325.508823
2.49999	4.77E-11	325.533347	0.1	3.5153E-05	325.533347
2.59999	4.84E-11	325.557936	0.1	3.60016E-05	325.557936
2.69999	4.86E-11	325.582454	0.1000001	3.68511E-05	325.582454
2.79999	4.94E-11	325.606958	0.0999999	3.76999E-05	325.606958
2.89999	4.93E-11	325.631483	0.1000002	3.85506E-05	325.631483
2.99999	4.97E-11	325.656013	0.0999999	3.94016E-05	325.656013
3.09999	4.98E-11	325.680558	0.1000002	4.02529E-05	325.680558
3.19999	5.03E-11	325.705067	0.1000002	4.11033E-05	325.705067
3.29999	5.06E-11	325.729651	0.1	4.19552E-05	325.729651
3.39999	5.11E-11	325.754169	0.1000001	4.28077E-05	325.754169
3.49999	5.11E-11	325.778695	0.1000001	4.36595E-05	325.778695
3.59999	5.2E-11	325.803198	0.1000002	4.45121E-05	325.803198
3.69999	5.19E-11	325.827714	0.1000002	4.53655E-05	325.827714
3.79999	4.52E-11	325.885198	0.1000001	4.62098E-05	325.885198
3.89999	5.04E-11	325.909814	0.0999999	4.70674E-05	325.909814
3.99999	5.09E-11	325.934352	0.1000001	4.79228E-05	325.934352
4.09999	5.21E-11	325.958875	0.1	4.8779E-05	325.958875
4.19999	5.23E-11	325.983431	0.1	4.96348E-05	325.983431
4.29999	5.27E-11	326.007963	0.1000003	5.04908E-05	326.007963
4.39999	5.3E-11	326.032487	0.1	5.13478E-05	326.032487
4.49999	5.33E-11	326.057087	0.0999999	5.22058E-05	326.057087
4.59999	5.4E-11	326.081596	0.0999999	5.30633E-05	326.081596
4.69999	5.37E-11	326.106106	0.0999999	5.39212E-05	326.106106
4.79999	5.45E-11	326.130631	0.1	5.47806E-05	326.130631
4.89999	5.49E-11	326.155147	0.0999999	5.56407E-05	326.155147
4.99999	5.51E-11	326.179793	0.0999999	5.6501E-05	326.179793
5.09999	5.48E-11	326.2043	0.1000002	5.73625E-05	326.2043
5.19999	5.53E-11	326.228827	0.1	5.82249E-05	326.228827
5.29999	5.54E-11	326.253349	0.1	5.90876E-05	326.253349
5.39999	5.52E-11	326.277875	0.1000002	5.99507E-05	326.277875
5.49999	5.57E-11	326.302411	0.0999999	6.08143E-05	326.302411
5.59999	5.62E-11	326.326933	0.0999999	6.16804E-05	326.326933
5.69999	4.88E-11	326.386874	0.1	6.25358E-05	326.386874
5.79999	5.41E-11	326.411415	0.0999998	6.34069E-05	326.411415
5.89999	5.45E-11	326.435924	0.0999999	6.42756E-05	326.435924
5.99999	5.54E-11	326.460457	0.1000002	6.51445E-05	326.460457
6.09999	5.51E-11	326.485052	0.1000001	6.60145E-05	326.485052
6.19999	5.51E-11	326.509737	0.1000001	6.68853E-05	326.509737
6.29999	5.55E-11	326.534306	0.1000002	6.77567E-05	326.534306
6.39999	5.69E-11	326.558896	0.1	6.86286E-05	326.558896
6.49999	5.62E-11	326.583453	0.1	6.95023E-05	326.583453
6.59999	5.66E-11	326.607976	0.1000003	7.03765E-05	326.607976
6.69999	5.72E-11	326.632522	0.1000001	7.12502E-05	326.632522
6.79999	5.65E-11	326.657181	0.1	7.21258E-05	326.657181
6.89999	5.74E-11	326.681686	0.1	7.30025E-05	326.681686
6.99999	5.79E-11	326.706206	0.1	7.38797E-05	326.706206
7.09999	5.81E-11	326.7307	0.1000001	7.4757E-05	326.7307
7.19999	5.75E-11	326.755238	0.0999998	7.56365E-05	326.755238
7.29999	5.78E-11	326.779779	0.0999999	7.65169E-05	326.779779
7.39999	5.81E-11	326.804301	0.1000001	7.73978E-05	326.804301
7.49999	5.82E-11	326.828813	0.0999999	7.82787E-05	326.828813
7.59999	5.21E-11	326.883643	0.1	7.91542E-05	326.883643
7.69999	5.67E-11	326.908193	0.1000002	8.00404E-05	326.908193
7.79999	5.74E-11	326.932737	0.1000003	8.09254E-05	326.932737
7.89999	5.79E-11	326.957264	0.1000001	8.18119E-05	326.957264
7.99999	5.82E-11	326.981841	0.1000001	8.26991E-05	326.981841
8.09999	5.81E-11	327.006361	0.1000002	8.35872E-05	327.006361
8.19999	5.85E-11	327.03088	0.1000001	8.44759E-05	327.03088
8.29999	5.88E-11	327.055488	0.1	8.5365E-05	327.055488
8.39999	5.86E-11	327.080039	0.0999998	8.62554E-05	327.080039
8.49999	5.93E-11	327.104544	0.1	8.71481E-05	327.104544
8.59999	5.95E-11	327.129042	0.1000003	8.80404E-05	327.129042
8.69999	5.94E-11	327.153552	0.1000002	8.89332E-05	327.153552
8.79999	5.95E-11	327.178194	0.1000001	8.98273E-05	327.178194
8.89999	5.97E-11	327.202739	0.1000003	9.07232E-05	327.202739
8.99999	6.02E-11	327.227259	0.1000002	9.16178E-05	327.227259
9.09999	6.02E-11	327.251826	0.0999999	9.25151E-05	327.251826
9.19999	6.09E-11	327.276375	0.0999999	9.34122E-05	327.276375
9.29999	6.08E-11	327.300915	0.1000002	9.43089E-05	327.300915
9.39999	6.07E-11	327.325464	0.1000001	9.52111E-05	327.325464
9.49999	5.35E-11	327.387851	0.1000001	9.61065E-05	327.387851
9.59999	5.92E-11	327.412407	0.1	9.70138E-05	327.412407
9.69999	5.93E-11	327.436936	0.0999998	9.79192E-05	327.436936
9.79999	5.98E-11	327.461463	0.1000001	9.8824E-05	327.461463
9.89999	5.96E-11	327.486052	0.0999999	9.97299E-05	327.486052
9.99999	6.02E-11	327.510565	0.1	0.0001006392	327.510565
9.9	4.72E-11	327.535188	0.0999999	9.9717E-05	327.535188
9.8	4.41E-11	327.559778	0.0999997	9.88006E-05	327.559778
9.7	4.24E-11	327.58432	0.0999998	9.78879E-05	327.58432
9.6	4.04E-11	327.608831	0.1	9.69778E-05	327.608831
9.5	3.92E-11	327.633355	0.0999999	9.60687E-05	327.633355
9.4	3.82E-11	327.657879	0.1	9.51603E-05	327.657879
9.3	3.65E-11	327.682394	0.1	9.42536E-05	327.682394
9.2	3.56E-11	327.706947	0.1	9.33492E-05	327.706947
9.1	3.46E-11	327.731446	0.0999997	9.24439E-05	327.731446
9	3.41E-11	327.755996	0.0999997	9.15409E-05	327.755996
8.9	3.32E-11	327.780522	0.0999999	9.06436E-05	327.780522
8.8	3.28E-11	327.805034	0.1	8.97407E-05	327.805034
8.7	3.2E-11	327.829545	0.1	8.88385E-05	327.829545
8.6	3.81E-11	327.891404	0.0999998	8.79398E-05	327.891404
8.5	3.27E-11	327.916029	0.0999999	8.70384E-05	327.916029
8.4	3.16E-11	327.9406	0.1	8.61388E-05	327.9406
8.3	3.06E-11	327.965108	0.1	8.52412E-05	327.965108
8.2	3.05E-11	327.98973	0.0999996	8.4344E-05	327.98973
8.1	2.89E-11	328.014237	0.0999998	8.34484E-05	328.014237
8	2.83E-11	328.038743	0.1000001	8.25539E-05	328.038743
7.9	2.81E-11	328.06331	0.0999997	8.166E-05	328.06331
7.8	2.78E-11	328.087851	0.0999999	8.07682E-05	328.087851
7.7	2.79E-11	328.112383	0.0999998	7.98764E-05	328.112383
7.6	2.67E-11	328.136896	0.0999999	7.89862E-05	328.136896
7.5	2.64E-11	328.16141	0.1	7.80963E-05	328.16141
7.4	2.64E-11	328.186029	0.0999998	7.72068E-05	328.186029
7.3	2.61E-11	328.210544	0.0999998	7.63194E-05	328.210544
7.2	2.63E-11	328.235249	0.0999999	7.5432E-05	328.235249
7.1	2.55E-11	328.2598	0.1	7.45457E-05	328.2598
7	2.5E-11	328.284303	0.1000002	7.36593E-05	328.284303
6.9	2.52E-11	328.308903	0.0999999	7.27758E-05	328.308903
6.8	2.42E-11	328.333419	0.1000001	7.1892E-05	328.333419
6.7	2.99E-11	328.392413	0.0999998	7.10155E-05	328.392413
6.6	2.48E-11	328.41699	0.0999999	7.01319E-05	328.41699
6.5	2.38E-11	328.441499	0.1000002	6.92498E-05	328.441499
6.4	2.31E-11	328.466044	0.1	6.83692E-05	328.466044
6.3	2.31E-11	328.490615	0.0999997	6.74897E-05	328.490615
6.2	2.28E-11	328.515149	0.1000002	6.661E-05	328.515149
6.1	2.18E-11	328.539786	0.1	6.57319E-05	328.539786
6	2.15E-11	328.564435	0.0999999	6.48547E-05	328.564435
5.9	2.11E-11	328.588974	0.0999999	6.39794E-05	328.588974
5.8	2.07E-11	328.613462	0.0999999	6.31041E-05	328.613462
5.7	2.05E-11	328.637986	0.1	6.22289E-05	328.637986
5.6	1.98E-11	328.662529	0.0999999	6.13545E-05	328.662529
5.5	1.95E-11	328.687084	0.0999999	6.04827E-05	328.687084
5.4	1.92E-11	328.711612	0.1000002	5.96095E-05	328.711612
5.3	1.83E-11	328.736122	0.1000002	5.87386E-05	328.736122
5.2	1.81E-11	328.760663	0.0999998	5.78674E-05	328.760663
5.1	1.77E-11	328.785233	0.1000001	5.69987E-05	328.785233
5	1.7E-11	328.809732	0.0999999	5.61291E-05	328.809732
4.9	1.67E-11	328.834268	0.0999997	5.52605E-05	328.834268
4.8	2.31E-11	328.894233	0.1000001	5.43997E-05	328.894233
4.7	1.78E-11	328.918804	0.0999998	5.35324E-05	328.918804
4.6	1.67E-11	328.943329	0.1	5.26672E-05	328.943329
4.5	1.59E-11	328.967933	0.1000002	5.18015E-05	328.967933
4.4	1.59E-11	328.992509	0.0999999	5.09376E-05	328.992509
4.3	1.47E-11	329.017052	0.0999999	5.0075E-05	329.017052
4.2	1.42E-11	329.041592	0.1	4.92131E-05	329.041592
4.1	1.34E-11	329.066175	0.1000001	4.83514E-05	329.066175
4	1.28E-11	329.090734	0.1	4.74902E-05	329.090734
3.9	1.21E-11	329.115264	0.0999998	4.66307E-05	329.115264
3.8	1.17E-11	329.139789	0.1	4.57719E-05	329.139789
3.7	1.08E-11	329.164301	0.0999998	4.49143E-05	329.164301
3.6	1.04E-11	329.188915	0.0999999	4.40564E-05	329.188915
3.5	9.6E-12	329.213423	0.1	4.31998E-05	329.213423
3.4	9.2E-12	329.237929	0.1000002	4.23441E-05	329.237929
3.3	8.5E-12	329.262482	0.1000001	4.14888E-05	329.262482
3.2	7.9E-12	329.287074	0.1000002	4.06343E-05	329.287074
3.1	7.2E-12	329.311608	0.0999998	3.97814E-05	329.311608
3	6.8E-12	329.336127	0.1	3.89284E-05	329.336127
2.9	1.26E-11	329.395494	0.0999999	3.80819E-05	329.395494
2.8	6.7E-12	329.42003	0.1000001	3.72301E-05	329.42003
2.7	5.9E-12	329.444553	0.1	3.63798E-05	329.444553
2.6	4.8E-12	329.469106	0.0999999	3.55308E-05	329.469106
2.5	4E-12	329.493662	0.0999998	3.46824E-05	329.493662
2.4	3.2E-12	329.518325	0.1000002	3.38345E-05	329.518325
2.3	1.8E-12	329.542894	0.0999998	3.29881E-05	329.542894
2.2	1E-12	329.567499	0.0999999	3.21426E-05	329.567499
2.099999	3E-12	329.593919	0.0999999	3.13025E-05	329.593919
2	-7E-13	329.618413	0.0999999	3.04585E-05	329.618413
1.9	-1.9E-12	329.643019	0.1	2.96165E-05	329.643019
1.8	-3.3E-12	329.667566	0.1	2.87765E-05	329.667566
1.7	-4.1E-12	329.692127	0.0999998	2.79373E-05	329.692127
1.6	-5.6E-12	329.716633	0.1	2.70996E-05	329.716633
1.5	-7E-12	329.741151	0.1	2.62633E-05	329.741151
1.4	-7.8E-12	329.765691	0.1000001	2.54293E-05	329.765691
1.3	-9.9E-12	329.790214	0.1	2.45963E-05	329.790214
1.2	-1.12E-11	329.814722	0.1	2.37654E-05	329.814722
1.1	-1.21E-11	329.839249	0.0999999	2.29377E-05	329.839249
1	-7.2E-12	329.897189	0.0999999	2.21176E-05	329.897189
0.9	-1.35E-11	329.921782	0.0999998	2.12938E-05	329.921782
0.8	-1.59E-11	329.946334	0.0999998	2.04747E-05	329.946334
0.7	-1.84E-11	329.970875	0.1	1.96596E-05	329.970875
0.6	-2.04E-11	329.995448	0.1000001	1.88482E-05	329.995448
0.5	-2.28E-11	330.019974	0.0999999	1.80436E-05	330.019974
0.4	-2.5E-11	330.044482	0.1	1.72437E-05	330.044482
0.3	-2.75E-11	330.069123	0.1000001	1.64495E-05	330.069123
0.2	-2.63E-11	330.095639	0.0999998	1.56621E-05	330.095639
0.0999997	-3.15E-11	330.120138	0.0999997	1.48792E-05	330.120138
-4E-07	-3.38E-11	330.144627	0.1	1.41015E-05	330.144627
