#scan	iMeasureCycle=1	iMux=0	time=0.031	N=401	LocalTime=19/04/2023 20:25:39
#VGate(V)	IGate(A)	time(s)	VDrain(V)	IDrain(A)	time(s)
0	-1.605E-10	0.033871	0.0999999	8.08053E-06	0.033871
-0.1000003	-2.191E-10	0.058762	0.1000001	7.35935E-06	0.058762
-0.2000005	-2.681E-10	0.083271	0.1	6.6523E-06	0.083271
-0.300001	-2.071E-10	0.108003	0.1000001	5.96057E-06	0.108003
-0.4	-1.17E-10	0.132547	0.0999999	5.28726E-06	0.132547
-0.5	-9.15E-11	0.157059	0.0999998	4.63452E-06	0.157059
-0.6	-7.81E-11	0.181588	0.1000003	4.00776E-06	0.181588
-0.7	-7.08E-11	0.206129	0.1	3.41127E-06	0.206129
-0.8	-6.61E-11	0.230651	0.1	2.84996E-06	0.230651
-0.9	-6.3E-11	0.255172	0.1	2.32971E-06	0.255172
-1	-6.09E-11	0.27982	0.1000001	1.85581E-06	0.27982
-1.1	-5.94E-11	0.304372	0.1000001	1.43361E-06	0.304372
-1.2	-5.88E-11	0.328901	0.0999999	1.06778E-06	0.328901
-1.3	-5.43E-11	0.356302	0.0999995	7.62157E-07	0.356302
-1.4	-5.7E-11	0.380921	0.0999996	5.14038E-07	0.380921
-1.5	-5.67E-11	0.405447	0.0999995	3.24582E-07	0.405447
-1.6	-5.74E-11	0.429947	0.0999996	1.88931E-07	0.429947
-1.7	-5.72E-11	0.454469	0.0999998	9.9662E-08	0.454469
-1.8	-5.07E-11	0.492122	0.0999965	4.75855E-08	0.492122
-1.900001	-7.06E-11	0.515345	0.1000042	1.91819E-08	0.515345
-2.000001	-7.12E-11	0.538556	0.1000018	6.6317E-09	0.538556
-2.099999	-4.86E-11	0.601433	0.0999996	2.0471E-09	0.601433
-2.2	-6.89E-11	0.624897	0.1000003	4.696E-10	0.624897
-2.3	-6.84E-11	0.64827	0.1000001	8.68E-11	0.64827
-2.4	-6.94E-11	0.671566	0.1	7.4E-12	0.671566
-2.5	-7.17E-11	0.694829	0.1000003	-6.8E-12	0.694829
-2.6	-7.23E-11	0.718041	0.1000001	-8.7E-12	0.718041
-2.7	-7.08E-11	0.74133	0.1000002	-8.9E-12	0.74133
-2.8	-7.05E-11	0.764646	0.1	-9.2E-12	0.764646
-2.9	-7.32E-11	0.78787	0.1000001	-9E-12	0.78787
-3	-7.2E-11	0.811232	0.1	-9.2E-12	0.811232
-3.1	-7.19E-11	0.834562	0.1000001	-9E-12	0.834562
-3.2	-7.42E-11	0.857872	0.1000002	-8.8E-12	0.857872
-3.3	-7.35E-11	0.881172	0.1000002	-8.7E-12	0.881172
-3.4	-7.4E-11	0.904456	0.1000002	-9.1E-12	0.904456
-3.5	-7.63E-11	0.927649	0.1000001	-8.8E-12	0.927649
-3.6	-7.6E-11	0.950923	0.1000002	-9E-12	0.950923
-3.7	-7.45E-11	0.974217	0.1000003	-8.8E-12	0.974217
-3.8	-7.55E-11	0.997503	0.1000001	-8.7E-12	0.997503
-3.9	-7.6E-11	1.020718	0.1000002	-9E-12	1.020718
-4	-7.74E-11	1.043932	0.1	-8.3E-12	1.043932
-4.1	-5.63E-11	1.097526	0.0999998	-1.04E-11	1.097526
-4.2	-7.39E-11	1.120843	0.1000002	-9E-12	1.120843
-4.3	-7.7E-11	1.144051	0.1000003	-8.4E-12	1.144051
-4.4	-7.73E-11	1.167267	0.1000001	-8.5E-12	1.167267
-4.5	-7.77E-11	1.190544	0.1000002	-8.6E-12	1.190544
-4.6	-7.62E-11	1.213855	0.1000002	-8.8E-12	1.213855
-4.7	-7.8E-11	1.237086	0.1000002	-8.6E-12	1.237086
-4.8	-7.9E-11	1.260316	0.1000001	-8.4E-12	1.260316
-4.9	-7.69E-11	1.283697	0.1000001	-9.2E-12	1.283697
-5	-7.94E-11	1.306916	0.1000004	-8.7E-12	1.306916
-5.1	-7.8E-11	1.330222	0.0999999	-8.6E-12	1.330222
-5.2	-7.97E-11	1.353463	0.1000002	-8.6E-12	1.353463
-5.3	-7.86E-11	1.376875	0.1000001	-8.6E-12	1.376875
-5.4	-8.09E-11	1.400077	0.1000003	-8.5E-12	1.400077
-5.5	-7.85E-11	1.423369	0.1	-8.6E-12	1.423369
-5.6	-7.92E-11	1.446655	0.1000002	-8.6E-12	1.446655
-5.7	-7.92E-11	1.469943	0.1000001	-8.3E-12	1.469943
-5.8	-8.16E-11	1.49316	0.1	-8.2E-12	1.49316
-5.9	-8.02E-11	1.51645	0.1	-8.1E-12	1.51645
-6	-8.05E-11	1.539727	0.1000002	-8.4E-12	1.539727
-6.1	-6.07E-11	1.598849	0.1	-1E-11	1.598849
-6.2	-8.01E-11	1.622125	0.1000002	-8.2E-12	1.622125
-6.3	-8.08E-11	1.645349	0.1000001	-8.2E-12	1.645349
-6.4	-8.18E-11	1.66856	0.1	-8.5E-12	1.66856
-6.5	-7.95E-11	1.691896	0.0999999	-8.1E-12	1.691896
-6.6	-8.02E-11	1.715202	0.1000001	-8.1E-12	1.715202
-6.7	-8.21E-11	1.73841	0.1000001	-8.1E-12	1.73841
-6.8	-8.11E-11	1.761699	0.1000002	-8.5E-12	1.761699
-6.9	-8.16E-11	1.78499	0.1000002	-8.2E-12	1.78499
-7	-8.35E-11	1.808202	0.1000002	-8.4E-12	1.808202
-7.1	-8.31E-11	1.831446	0.1000003	-8.2E-12	1.831446
-7.2	-8.24E-11	1.854705	0.1000002	-8.1E-12	1.854705
-7.3	-8.14E-11	1.878011	0.1000001	-7.9E-12	1.878011
-7.4	-8.36E-11	1.901226	0.1000004	-7.5E-12	1.901226
-7.5	-8.4E-11	1.924442	0.1000001	-8E-12	1.924442
-7.6	-8.44E-11	1.947708	0.1	-7.9E-12	1.947708
-7.7	-8.24E-11	1.970994	0.1	-7.9E-12	1.970994
-7.8	-8.28E-11	1.9943	0.1000002	-7.6E-12	1.9943
-7.9	-8.46E-11	2.017522	0.1	-7.4E-12	2.017522
-8	-8.49E-11	2.04074	0.0999999	-7.8E-12	2.04074
-8.1	-6.35E-11	2.10042	0.1	-9.6E-12	2.10042
-8.2	-8.28E-11	2.12368	0.1000002	-7.7E-12	2.12368
-8.3	-8.45E-11	2.1469	0.1000002	-7.9E-12	2.1469
-8.4	-8.31E-11	2.170197	0.1000003	-8.4E-12	2.170197
-8.5	-8.3E-11	2.193625	0.1000002	-8E-12	2.193625
-8.6	-8.58E-11	2.216836	0.1000001	-7.7E-12	2.216836
-8.7	-8.44E-11	2.24013	0.1	-7.6E-12	2.24013
-8.8	-8.43E-11	2.263416	0.0999999	-7.6E-12	2.263416
-8.9	-8.66E-11	2.286743	0.1000001	-7.8E-12	2.286743
-9	-8.64E-11	2.309965	0.0999999	-7.8E-12	2.309965
-9.1	-8.52E-11	2.333264	0.1000001	-7.7E-12	2.333264
-9.2	-8.63E-11	2.35652	0.1000001	-7.6E-12	2.35652
-9.3	-8.69E-11	2.379759	0.1000001	-7.7E-12	2.379759
-9.4	-8.75E-11	2.402975	0.1000002	-7.5E-12	2.402975
-9.5	-8.52E-11	2.426265	0.1000002	-7.9E-12	2.426265
-9.6	-8.62E-11	2.449562	0.1000001	-7.5E-12	2.449562
-9.7	-8.78E-11	2.472778	0.0999999	-7.8E-12	2.472778
-9.8	-8.62E-11	2.496069	0.1000001	-7.7E-12	2.496069
-9.9	-8.71E-11	2.519354	0.1000002	-7.9E-12	2.519354
-10	-8.82E-11	2.54256	0.1000001	-7.8E-12	2.54256
-9.90001	-6.13E-11	2.601585	0.1000001	-9.4E-12	2.601585
-9.80001	-4.13E-11	2.624902	0.0999997	-1.11E-11	2.624902
-9.70001	-3.86E-11	2.648167	0.0999996	-1.14E-11	2.648167
-9.60001	-3.85E-11	2.671518	0.0999997	-1.14E-11	2.671518
-9.50001	-3.53E-11	2.694785	0.0999998	-1.13E-11	2.694785
-9.40001	-3.37E-11	2.718018	0.0999997	-1.14E-11	2.718018
-9.30001	-3.26E-11	2.741225	0.0999996	-1.14E-11	2.741225
-9.20001	-3.38E-11	2.764507	0.0999999	-1.16E-11	2.764507
-9.10001	-3.32E-11	2.787787	0.0999998	-1.15E-11	2.787787
-9.00001	-3.04E-11	2.811001	0.0999999	-1.14E-11	2.811001
-8.90001	-2.95E-11	2.834232	0.0999998	-1.15E-11	2.834232
-8.80001	-2.89E-11	2.857456	0.0999996	-1.12E-11	2.857456
-8.70001	-2.97E-11	2.880752	0.0999998	-1.15E-11	2.880752
-8.60001	-2.81E-11	2.903999	0.0999997	-1.12E-11	2.903999
-8.50001	-2.7E-11	2.927214	0.0999995	-1.18E-11	2.927214
-8.40001	-2.8E-11	2.950555	0.0999997	-1.16E-11	2.950555
-8.30001	-2.76E-11	2.973843	0.0999998	-1.18E-11	2.973843
-8.20001	-2.51E-11	2.997064	0.0999995	-1.19E-11	2.997064
-8.10001	-2.5E-11	3.020282	0.0999997	-1.18E-11	3.020282
-8	-2.6E-11	3.043566	0.0999997	-1.16E-11	3.043566
-7.90001	-4.55E-11	3.103112	0.0999999	-1.01E-11	3.103112
-7.80001	-2.58E-11	3.126342	0.0999996	-1.19E-11	3.126342
-7.70001	-2.63E-11	3.14964	0.0999998	-1.14E-11	3.14964
-7.6	-2.54E-11	3.172923	0.0999997	-1.17E-11	3.172923
-7.50001	-2.29E-11	3.196273	0.0999997	-1.15E-11	3.196273
-7.40001	-2.42E-11	3.219656	0.0999997	-1.18E-11	3.219656
-7.30001	-2.38E-11	3.242939	0.0999998	-1.2E-11	3.242939
-7.2	-2.23E-11	3.266176	0.0999996	-1.2E-11	3.266176
-7.10001	-2.11E-11	3.289442	0.0999998	-1.2E-11	3.289442
-7.00001	-2.24E-11	3.31275	0.0999998	-1.2E-11	3.31275
-6.90001	-2.2E-11	3.336064	0.0999996	-1.17E-11	3.336064
-6.80001	-2.04E-11	3.359325	0.0999997	-1.21E-11	3.359325
-6.70001	-1.98E-11	3.382546	0.0999998	-1.22E-11	3.382546
-6.60001	-2.1E-11	3.405838	0.1	-1.18E-11	3.405838
-6.50001	-2.08E-11	3.429133	0.0999997	-1.14E-11	3.429133
-6.40001	-1.82E-11	3.452345	0.0999998	-1.19E-11	3.452345
-6.30001	-1.83E-11	3.475554	0.0999998	-1.2E-11	3.475554
-6.20001	-1.96E-11	3.498928	0.0999997	-1.16E-11	3.498928
-6.10001	-1.91E-11	3.522217	0.0999999	-1.19E-11	3.522217
-6.00001	-1.69E-11	3.545425	0.0999997	-1.21E-11	3.545425
-5.90001	-3.74E-11	3.600404	0.0999998	-1.04E-11	3.600404
-5.80001	-1.79E-11	3.623671	0.0999996	-1.2E-11	3.623671
-5.70001	-1.7E-11	3.646887	0.0999997	-1.17E-11	3.646887
-5.60001	-1.81E-11	3.670176	0.0999998	-1.17E-11	3.670176
-5.50001	-1.56E-11	3.693448	0.0999998	-1.21E-11	3.693448
-5.40001	-1.47E-11	3.716677	0.0999998	-1.26E-11	3.716677
-5.30001	-1.49E-11	3.739885	0.0999998	-1.25E-11	3.739885
-5.20001	-1.57E-11	3.763166	0.0999996	-1.2E-11	3.763166
-5.1	-1.56E-11	3.786456	0.0999998	-1.2E-11	3.786456
-5.00001	-1.3E-11	3.809666	0.0999997	-1.26E-11	3.809666
-4.90001	-1.25E-11	3.832896	0.0999995	-1.26E-11	3.832896
-4.80001	-1.43E-11	3.856196	0.0999998	-1.29E-11	3.856196
-4.7	-1.2E-11	3.879509	0.0999997	-1.24E-11	3.879509
-4.60001	-1.14E-11	3.902814	0.0999996	-1.29E-11	3.902814
-4.50001	-1.31E-11	3.926113	0.0999998	-1.27E-11	3.926113
-4.40001	-1.24E-11	3.949467	0.0999998	-1.23E-11	3.949467
-4.3	-9.7E-12	3.972677	0.0999997	-1.31E-11	3.972677
-4.20001	-9.3E-12	3.995881	0.0999996	-1.29E-11	3.995881
-4.10001	-1.09E-11	4.019174	0.0999998	-1.26E-11	4.019174
-4.00001	-1.08E-11	4.042462	0.0999995	-1.29E-11	4.042462
-3.90001	-8.7E-12	4.065694	0.0999999	-1.33E-11	4.065694
-3.80001	-2.86E-11	4.10633	0.1	-1.17E-11	4.10633
-3.70001	-1.01E-11	4.129638	0.0999997	-1.29E-11	4.129638
-3.60001	-7.5E-12	4.152863	0.0999996	-1.32E-11	4.152863
-3.50001	-6.9E-12	4.176072	0.0999997	-1.35E-11	4.176072
-3.40001	-8.7E-12	4.199459	0.0999997	-1.31E-11	4.199459
-3.30001	-7.3E-12	4.222759	0.0999997	-1.31E-11	4.222759
-3.20001	-5.2E-12	4.24605	0.0999997	-1.35E-11	4.24605
-3.10001	-4.1E-12	4.269265	0.0999996	-1.38E-11	4.269265
-3.00001	-4.2E-12	4.292543	0.0999996	-1.34E-11	4.292543
-2.90001	-2.9E-12	4.315764	0.0999997	-1.35E-11	4.315764
-2.80001	-2.2E-12	4.339009	0.0999997	-1.33E-11	4.339009
-2.70001	-1.9E-12	4.362271	0.0999997	-1.38E-11	4.362271
-2.60001	-2.9E-12	4.385572	0.0999998	-1.29E-11	4.385572
-2.50001	-1E-12	4.408882	0.0999996	-7.2E-12	4.408882
-2.40001	-1.8E-12	4.43218	0.0999998	2.88E-11	4.43218
-2.30001	1E-13	4.455418	0.0999997	2.082E-10	4.455418
-2.20001	1E-13	4.478699	0.1	9.483E-10	4.478699
-2.099999	-1.43E-11	4.503794	0.1000015	3.5115E-09	4.503794
-2	3.6E-12	4.527013	0.100002	1.08786E-08	4.527013
-1.9	3.8E-12	4.550226	0.100003	2.84997E-08	4.550226
-1.800001	-1.7E-11	4.607436	0.1000066	6.27096E-08	4.607436
-1.700001	-1.67E-11	4.646933	0.1000002	1.25614E-07	4.646933
-1.6	-1.04E-11	4.671504	0.1000005	2.29956E-07	4.671504
-1.5	-9.2E-12	4.696072	0.1000006	3.81045E-07	4.696072
-1.4	-7.5E-12	4.720588	0.1000006	5.8582E-07	4.720588
-1.3	-6.9E-12	4.745097	0.1000011	8.4769E-07	4.745097
-1.200001	-1.04E-11	4.779655	0.1000001	1.16221E-06	4.779655
-1.100001	-4.5E-12	4.804147	0.1000002	1.54228E-06	4.804147
-1	-3.8E-12	4.828739	0.1	1.97479E-06	4.828739
-0.900001	-2.2E-12	4.853312	0.1	2.4559E-06	4.853312
-0.8	-5E-13	4.877931	0.1000001	2.981E-06	4.877931
-0.7	7E-13	4.902491	0.1000004	3.54547E-06	4.902491
-0.6	2.3E-12	4.926978	0.1000001	4.14329E-06	4.926978
-0.500001	3.4E-12	4.951593	0.1000001	4.7694E-06	4.951593
-0.4	4.9E-12	4.976103	0.1000002	5.4201E-06	4.976103
-0.3	6.3E-12	5.00062	0.1000001	6.09035E-06	5.00062
-0.2	5E-12	5.027062	0.0999999	6.77795E-06	5.027062
-0.0999996	1E-11	5.051587	0.1000002	7.48109E-06	5.051587
-2E-07	4.4E-12	5.115858	0.1	8.18387E-06	5.115858
0.1000003	1.12E-11	5.140356	0.0999999	8.91266E-06	5.140356
0.2000003	1.32E-11	5.164902	0.1	9.64843E-06	5.164902
0.299999	1.63E-11	5.189626	0.0999999	1.039006E-05	5.189626
0.399999	1.3E-11	5.22439	0.0999999	1.11307E-05	5.22439
0.5	1.98E-11	5.248928	0.1000001	1.18891E-05	5.248928
0.6	2.18E-11	5.273435	0.1000001	1.26528E-05	5.273435
0.7	2.38E-11	5.298036	0.0999999	1.34228E-05	5.298036
0.799999	2.64E-11	5.32255	0.0999999	1.41976E-05	5.32255
0.9	2.82E-11	5.347086	0.1000002	1.4977E-05	5.347086
0.999999	2.98E-11	5.371682	0.1000002	1.57608E-05	5.371682
1.1	3.2E-11	5.396207	0.1	1.65488E-05	5.396207
1.199999	3.33E-11	5.420849	0.1	1.73385E-05	5.420849
1.3	3.49E-11	5.445364	0.1000002	1.81311E-05	5.445364
1.4	3.7E-11	5.469884	0.1	1.89258E-05	5.469884
1.499999	3.8E-11	5.494386	0.1000005	1.97225E-05	5.494386
1.599999	3.9E-11	5.518905	0.1	2.05202E-05	5.518905
1.699999	4.02E-11	5.543402	0.0999999	2.13191E-05	5.543402
1.8	4.1E-11	5.567906	0.0999999	2.21189E-05	5.567906
1.899999	3.46E-11	5.614755	0.1	2.29117E-05	5.614755
2	4.02E-11	5.639336	0.1	2.37167E-05	5.639336
2.099999	4.15E-11	5.663855	0.1	2.45218E-05	5.663855
2.19999	4.23E-11	5.688576	0.1000002	2.53206E-05	5.688576
2.29999	4.29E-11	5.713136	0.1000001	2.61262E-05	5.713136
2.39999	4.35E-11	5.737735	0.1000001	2.69322E-05	5.737735
2.49999	4.42E-11	5.762251	0.1000002	2.77388E-05	5.762251
2.59999	4.45E-11	5.786743	0.0999999	2.85467E-05	5.786743
2.69999	4.55E-11	5.811251	0.0999999	2.93548E-05	5.811251
2.79999	4.53E-11	5.835798	0.1000002	3.0163E-05	5.835798
2.89999	4.62E-11	5.860326	0.0999999	3.09725E-05	5.860326
2.99999	4.64E-11	5.884934	0.1	3.17833E-05	5.884934
3.09999	4.65E-11	5.909457	0.1000002	3.25942E-05	5.909457
3.19999	4.69E-11	5.933964	0.1	3.34054E-05	5.933964
3.29999	4.78E-11	5.958544	0.1	3.42179E-05	5.958544
3.39999	4.77E-11	5.983051	0.1	3.50308E-05	5.983051
3.49999	4.82E-11	6.007582	0.1000001	3.58449E-05	6.007582
3.59999	4.87E-11	6.032092	0.1000001	3.66603E-05	6.032092
3.69999	4.89E-11	6.056607	0.1	3.74753E-05	6.056607
3.79999	4.18E-11	6.113523	0.1000001	3.82801E-05	6.113523
3.89999	4.66E-11	6.138062	0.0999999	3.91005E-05	6.138062
3.99999	4.74E-11	6.162592	0.1000002	3.99209E-05	6.162592
4.09999	4.82E-11	6.187094	0.0999999	4.07403E-05	6.187094
4.19999	4.85E-11	6.211713	0.1000001	4.15607E-05	6.211713
4.29999	4.91E-11	6.236253	0.1000002	4.23805E-05	6.236253
4.39999	4.92E-11	6.260789	0.1	4.32027E-05	6.260789
4.49999	4.88E-11	6.285537	0.1000002	4.40248E-05	6.285537
4.59999	5.04E-11	6.310084	0.1000003	4.48486E-05	6.310084
4.69999	4.96E-11	6.33486	0.0999999	4.56725E-05	6.33486
4.79999	5.09E-11	6.359381	0.0999999	4.64975E-05	6.359381
4.89999	5.09E-11	6.384019	0.1	4.73227E-05	6.384019
4.99999	5.09E-11	6.408522	0.1	4.81494E-05	6.408522
5.09999	5.15E-11	6.433045	0.0999998	4.89769E-05	6.433045
5.19999	5.17E-11	6.457603	0.1	4.98052E-05	6.457603
5.29999	5.17E-11	6.482115	0.0999999	5.06342E-05	6.482115
5.39999	5.23E-11	6.506658	0.1000003	5.14636E-05	6.506658
5.49999	5.21E-11	6.531165	0.1000002	5.22948E-05	6.531165
5.59999	5.23E-11	6.555696	0.0999999	5.31273E-05	6.555696
5.69999	4.55E-11	6.614925	0.1	5.39495E-05	6.614925
5.79999	5.11E-11	6.639492	0.1000001	5.47866E-05	6.639492
5.89999	5.16E-11	6.664127	0.1000001	5.56231E-05	6.664127
5.99999	5.19E-11	6.688642	0.1000001	5.64605E-05	6.688642
6.09999	5.23E-11	6.71322	0.1000001	5.72981E-05	6.71322
6.19999	5.22E-11	6.73773	0.1000002	5.81365E-05	6.73773
6.29999	5.3E-11	6.762251	0.1000001	5.89755E-05	6.762251
6.39999	5.3E-11	6.786765	0.0999999	5.98158E-05	6.786765
6.49999	5.32E-11	6.811309	0.1000001	6.06572E-05	6.811309
6.59999	5.29E-11	6.836157	0.1	6.14992E-05	6.836157
6.69999	5.31E-11	6.860703	0.1000001	6.23428E-05	6.860703
6.79999	5.34E-11	6.885312	0.0999999	6.31874E-05	6.885312
6.89999	5.37E-11	6.909817	0.1000002	6.40317E-05	6.909817
6.99999	5.41E-11	6.934353	0.0999998	6.48784E-05	6.934353
7.09999	5.48E-11	6.958919	0.1000001	6.57254E-05	6.958919
7.19999	5.46E-11	6.983429	0.1	6.65742E-05	6.983429
7.29999	5.47E-11	7.007965	0.1	6.74229E-05	7.007965
7.39999	5.48E-11	7.032511	0.1000003	6.8273E-05	7.032511
7.49999	5.49E-11	7.057042	0.0999999	6.91247E-05	7.057042
7.59999	4.87E-11	7.112274	0.1000001	6.99681E-05	7.112274
7.69999	5.36E-11	7.136726	0.1	7.08243E-05	7.136726
7.79999	5.38E-11	7.16126	0.1	7.16803E-05	7.16126
7.89999	5.53E-11	7.185779	0.1000002	7.25366E-05	7.185779
7.99999	5.56E-11	7.210364	0.1	7.33928E-05	7.210364
8.09999	5.51E-11	7.234878	0.0999999	7.42504E-05	7.234878
8.19999	5.55E-11	7.259402	0.1	7.51096E-05	7.259402
8.29999	5.6E-11	7.283953	0.1	7.59703E-05	7.283953
8.39999	5.55E-11	7.308526	0.1000001	7.68307E-05	7.308526
8.49999	5.54E-11	7.333037	0.1	7.7693E-05	7.333037
8.59999	5.57E-11	7.357624	0.0999999	7.85558E-05	7.357624
8.69999	5.61E-11	7.382239	0.1	7.94216E-05	7.382239
8.79999	5.63E-11	7.40675	0.1	8.02864E-05	7.40675
8.89999	5.58E-11	7.431285	0.0999999	8.11517E-05	7.431285
8.99999	5.66E-11	7.455898	0.0999999	8.20188E-05	7.455898
9.09999	5.68E-11	7.480426	0.0999999	8.28875E-05	7.480426
9.19999	5.71E-11	7.50493	0.1000001	8.3757E-05	7.50493
9.29999	5.71E-11	7.529457	0.0999998	8.46249E-05	7.529457
9.39999	5.68E-11	7.553983	0.0999999	8.54987E-05	7.553983
9.49999	4.98E-11	7.611591	0.1	8.6365E-05	7.611591
9.59999	5.55E-11	7.63617	0.1	8.7244E-05	7.63617
9.69999	5.56E-11	7.660736	0.1000001	8.81218E-05	7.660736
9.79999	5.65E-11	7.685277	0.1000002	8.89987E-05	7.685277
9.89999	5.72E-11	7.710041	0.1000001	8.98776E-05	7.710041
9.99999	5.69E-11	7.734554	0.1	9.07562E-05	7.734554
9.9	4.4E-11	7.759156	0.1000002	8.98635E-05	7.759156
9.8	4.05E-11	7.783679	0.0999999	8.89745E-05	7.783679
9.7	3.81E-11	7.80821	0.1	8.80897E-05	7.80821
9.6	3.65E-11	7.832734	0.1000002	8.72065E-05	7.832734
9.5	3.51E-11	7.857278	0.1	8.63235E-05	7.857278
9.4	3.39E-11	7.881864	0.0999999	8.54433E-05	7.881864
9.3	3.27E-11	7.906361	0.0999998	8.45638E-05	7.906361
9.2	3.11E-11	7.930913	0.1000002	8.36873E-05	7.930913
9.1	3.09E-11	7.955488	0.0999998	8.28094E-05	7.955488
9	3.02E-11	7.980068	0.1000001	8.19331E-05	7.980068
8.9	2.92E-11	8.0046	0.0999996	8.10642E-05	8.0046
8.8	2.8E-11	8.029145	0.1000002	8.01919E-05	8.029145
8.7	2.73E-11	8.053664	0.0999998	7.93169E-05	8.053664
8.6	3.39E-11	8.102331	0.0999999	7.84473E-05	8.102331
8.5	2.82E-11	8.126921	0.1000001	7.75746E-05	8.126921
8.4	2.76E-11	8.151533	0.0999999	7.67041E-05	8.151533
8.3	2.66E-11	8.176068	0.1000001	7.58352E-05	8.176068
8.2	2.93E-11	8.202237	0.1	7.49682E-05	8.202237
8.1	2.53E-11	8.226758	0.0999999	7.41012E-05	8.226758
8	2.42E-11	8.251369	0.0999999	7.32354E-05	8.251369
7.9	2.43E-11	8.275888	0.0999999	7.23723E-05	8.275888
7.8	2.35E-11	8.300465	0.1	7.15093E-05	8.300465
7.7	2.31E-11	8.32498	0.1	7.06471E-05	8.32498
7.6	2.28E-11	8.349495	0.0999997	6.97858E-05	8.349495
7.5	2.25E-11	8.374047	0.1	6.89272E-05	8.374047
7.4	2.18E-11	8.398576	0.0999998	6.80673E-05	8.398576
7.3	2.13E-11	8.423093	0.0999998	6.72095E-05	8.423093
7.2	2.12E-11	8.447649	0.0999998	6.63529E-05	8.447649
7.1	2.12E-11	8.472183	0.1	6.54972E-05	8.472183
7	2.09E-11	8.496688	0.1	6.46423E-05	8.496688
6.9	2.06E-11	8.521222	0.1	6.37877E-05	8.521222
6.8	1.99E-11	8.545726	0.1	6.29347E-05	8.545726
6.7	1.92E-11	8.57026	0.0999998	6.20828E-05	8.57026
6.6	2.49E-11	8.616681	0.0999999	6.12356E-05	8.616681
6.5	2.01E-11	8.641254	0.0999998	6.03851E-05	8.641254
6.4	1.96E-11	8.665905	0.1000001	5.95354E-05	8.665905
6.3	1.93E-11	8.690475	0.0999998	5.86874E-05	8.690475
6.2	1.85E-11	8.715056	0.0999999	5.78395E-05	8.715056
6.1	1.81E-11	8.739601	0.1000001	5.69932E-05	8.739601
6	1.72E-11	8.764142	0.0999997	5.6148E-05	8.764142
5.9	1.67E-11	8.78866	0.0999999	5.53039E-05	8.78866
5.8	1.64E-11	8.813172	0.1	5.44592E-05	8.813172
5.7	1.6E-11	8.837692	0.0999998	5.36164E-05	8.837692
5.6	1.56E-11	8.86226	0.1000001	5.27747E-05	8.86226
5.5	1.53E-11	8.886849	0.1000001	5.19338E-05	8.886849
5.4	1.51E-11	8.911352	0.0999998	5.10943E-05	8.911352
5.3	1.42E-11	8.935869	0.0999997	5.02553E-05	8.935869
5.2	1.37E-11	8.960384	0.0999999	4.94184E-05	8.960384
5.1	1.34E-11	8.984902	0.0999999	4.85809E-05	8.984902
5	1.31E-11	9.009441	0.1	4.77442E-05	9.009441
4.9	1.3E-11	9.033979	0.1000001	4.6909E-05	9.033979
4.8	1.27E-11	9.058518	0.1000001	4.60747E-05	9.058518
4.7	2.01E-11	9.120621	0.1	4.52474E-05	9.120621
4.6	1.41E-11	9.14518	0.1	4.44138E-05	9.14518
4.5	1.28E-11	9.169721	0.1	4.35818E-05	9.169721
4.4	1.19E-11	9.194241	0.1000001	4.27509E-05	9.194241
4.3	1.17E-11	9.218846	0.1	4.19205E-05	9.218846
4.2	1.03E-11	9.243356	0.0999999	4.10912E-05	9.243356
4.1	9.6E-12	9.267881	0.1	4.02636E-05	9.267881
4	9.5E-12	9.292587	0.0999999	3.94353E-05	9.292587
3.9	9.1E-12	9.317125	0.0999998	3.86088E-05	9.317125
3.8	8.2E-12	9.341654	0.1	3.77835E-05	9.341654
3.7	7.9E-12	9.366216	0.1	3.69597E-05	9.366216
3.6	7.2E-12	9.390833	0.1	3.61358E-05	9.390833
3.5	6.2E-12	9.415337	0.1	3.53129E-05	9.415337
3.4	5.9E-12	9.439871	0.0999999	3.44915E-05	9.439871
3.3	5.1E-12	9.46444	0.1	3.36703E-05	9.46444
3.2	4.1E-12	9.488972	0.0999996	3.28504E-05	9.488972
3.1	3.5E-12	9.513524	0.0999998	3.20313E-05	9.513524
3	2.5E-12	9.538054	0.1	3.12139E-05	9.538054
2.9	1.6E-12	9.562511	0.0999999	3.03966E-05	9.562511
2.8	8.3E-12	9.624082	0.1000001	2.95859E-05	9.624082
2.7	2.8E-12	9.648664	0.0999999	2.87698E-05	9.648664
2.6	1E-12	9.673173	0.0999997	2.79568E-05	9.673173
2.5	3E-13	9.697688	0.0999999	2.71437E-05	9.697688
2.4	-7E-13	9.722296	0.0999999	2.63322E-05	9.722296
2.3	-1.4E-12	9.746848	0.0999999	2.55208E-05	9.746848
2.2	-2.9E-12	9.771388	0.0999998	2.47114E-05	9.771388
2.099999	-3E-13	9.797819	0.1000001	2.39097E-05	9.797819
2	-4.9E-12	9.82234	0.1000002	2.31033E-05	9.82234
1.9	-5.8E-12	9.846842	0.0999999	2.22988E-05	9.846842
1.8	-6.7E-12	9.871371	0.0999999	2.14951E-05	9.871371
1.7	-8.1E-12	9.895932	0.0999999	2.0694E-05	9.895932
1.6	-8.5E-12	9.920469	0.1000001	1.98945E-05	9.920469
1.5	-1.08E-11	9.944973	0.0999999	1.90971E-05	9.944973
1.4	-1.19E-11	9.969691	0.0999999	1.83022E-05	9.969691
1.3	-1.32E-11	9.994222	0.1	1.75106E-05	9.994222
1.2	-1.5E-11	10.018736	0.1	1.67213E-05	10.018736
1.1	-1.66E-11	10.043245	0.1000001	1.59359E-05	10.043245
1	-1.8E-11	10.067791	0.0999998	1.51558E-05	10.067791
0.9	-1.3E-11	10.125275	0.0999999	1.43854E-05	10.125275
0.8	-1.95E-11	10.149813	0.1	1.36138E-05	10.149813
0.7	-2.17E-11	10.174316	0.0999999	1.28491E-05	10.174316
0.6	-2.46E-11	10.19887	0.1	1.20915E-05	10.19887
0.5	-2.66E-11	10.223436	0.0999999	1.1342E-05	10.223436
0.4	-2.91E-11	10.247954	0.1	1.06009E-05	10.247954
0.3	-3.13E-11	10.272545	0.0999997	9.8671E-06	10.272545
0.1999999	-3.05E-11	10.299018	0.0999999	9.1427E-06	10.299018
0.1	-3.2E-11	10.326099	0.1000001	8.43163E-06	10.326099
-4E-07	-3.84E-11	10.350613	0.1000001	7.7251E-06	10.350613
#scan	iMeasureCycle=2	iMux=0	time=279.697	N=401	LocalTime=19/04/2023 20:30:19
#VGate(V)	IGate(A)	time(s)	VDrain(V)	IDrain(A)	time(s)
-2E-07	-1.63E-11	279.704441	0.0999999	7.89534E-06	279.704441
-0.1000003	-2.42E-11	279.72932	0.1	7.18265E-06	279.72932
-0.1999999	-2.55E-11	279.755012	0.1	6.48518E-06	279.755012
-0.3	-3.17E-11	279.779731	0.1	5.80318E-06	279.779731
-0.4	-3.49E-11	279.804252	0.0999998	5.14001E-06	279.804252
-0.5	-3.73E-11	279.828792	0.1	4.49897E-06	279.828792
-0.6	-3.94E-11	279.853294	0.1000001	3.88392E-06	279.853294
-0.7	-4.14E-11	279.877837	0.0999999	3.29959E-06	279.877837
-0.8	-4.31E-11	279.902377	0.0999995	2.75028E-06	279.902377
-0.9	-4.47E-11	279.926959	0.1000001	2.24272E-06	279.926959
-1	-4.62E-11	279.951471	0.1	1.78116E-06	279.951471
-1.1	-4.71E-11	279.976009	0.0999998	1.37117E-06	279.976009
-1.2	-4.88E-11	280.000561	0.1	1.01635E-06	280.000561
-1.3	-4.55E-11	280.027866	0.0999995	7.2108E-07	280.027866
-1.4	-5.05E-11	280.052365	0.0999996	4.8278E-07	280.052365
-1.5	-5.13E-11	280.076887	0.0999996	3.02069E-07	280.076887
-1.6	-5.22E-11	280.101384	0.0999996	1.7382E-07	280.101384
-1.7	-4.7E-11	280.139077	0.0999943	9.16201E-08	280.139077
-1.800001	-6.7E-11	280.16228	0.1000105	4.18207E-08	280.16228
-1.900001	-6.65E-11	280.185566	0.1000039	1.66576E-08	280.185566
-2.000001	-6.66E-11	280.20886	0.1000018	5.6218E-09	280.20886
-2.1	-4.67E-11	280.272382	0.0999998	1.6968E-09	280.272382
-2.2	-6.79E-11	280.295806	0.1000006	3.783E-10	280.295806
-2.3	-6.88E-11	280.319102	0.1000004	6.63E-11	280.319102
-2.4	-6.97E-11	280.342327	0.1000004	3.1E-12	280.342327
-2.5	-6.86E-11	280.36567	0.1000003	-7.5E-12	280.36567
-2.6	-6.96E-11	280.388961	0.1000001	-9E-12	280.388961
-2.7	-7.17E-11	280.412165	0.1000001	-9.3E-12	280.412165
-2.8	-7.22E-11	280.4354	0.1000004	-9.4E-12	280.4354
-2.9	-7.11E-11	280.458683	0.1000002	-9.8E-12	280.458683
-3	-7.17E-11	280.48196	0.1000003	-9.3E-12	280.48196
-3.1	-7.38E-11	280.505177	0.1000004	-8.9E-12	280.505177
-3.2	-7.43E-11	280.528394	0.1000002	-9.3E-12	280.528394
-3.3	-7.29E-11	280.55168	0.1000002	-9.3E-12	280.55168
-3.4	-7.33E-11	280.574965	0.1000004	-8.8E-12	280.574965
-3.5	-7.5E-11	280.598246	0.1000002	-9.3E-12	280.598246
-3.6	-7.54E-11	280.621461	0.1000003	-9E-12	280.621461
-3.7	-7.43E-11	280.644744	0.1000003	-9.6E-12	280.644744
-3.8	-7.47E-11	280.668026	0.1000003	-9.2E-12	280.668026
-3.9	-7.71E-11	280.691214	0.1000003	-9E-12	280.691214
-4	-7.69E-11	280.714429	0.1000002	-9.1E-12	280.714429
-4.1	-5.57E-11	280.768166	0.1000001	-1.08E-11	280.768166
-4.2	-7.6E-11	280.791397	0.1000003	-9E-12	280.791397
-4.3	-7.64E-11	280.814706	0.1000002	-9E-12	280.814706
-4.4	-7.54E-11	280.838002	0.1000001	-9.3E-12	280.838002
-4.5	-7.55E-11	280.861344	0.1000001	-8.8E-12	280.861344
-4.6	-7.73E-11	280.884574	0.1000002	-9.3E-12	280.884574
-4.7	-7.79E-11	280.907788	0.1000004	-8.7E-12	280.907788
-4.8	-7.84E-11	280.931052	0.1000002	-8.6E-12	280.931052
-4.9	-7.72E-11	280.954351	0.1000003	-8.7E-12	280.954351
-5	-7.91E-11	280.977566	0.1000003	-8.8E-12	280.977566
-5.1	-7.9E-11	281.000814	0.1000002	-8.8E-12	281.000814
-5.2	-7.96E-11	281.024045	0.1000002	-8.8E-12	281.024045
-5.3	-7.83E-11	281.047343	0.1000004	-9E-12	281.047343
-5.4	-7.83E-11	281.070621	0.1000002	-9E-12	281.070621
-5.5	-8.05E-11	281.093817	0.1000002	-8.7E-12	281.093817
-5.6	-7.94E-11	281.117122	0.1000005	-8.9E-12	281.117122
-5.7	-7.89E-11	281.140411	0.1000002	-8.7E-12	281.140411
-5.8	-8.11E-11	281.163622	0.1000002	-8.7E-12	281.163622
-5.9	-8.14E-11	281.18684	0.1000003	-8.9E-12	281.18684
-6	-7.99E-11	281.210222	0.1000001	-8.7E-12	281.210222
-6.1	-5.98E-11	281.269767	0.1	-1.03E-11	281.269767
-6.2	-7.96E-11	281.293126	0.1000002	-8.6E-12	281.293126
-6.3	-7.92E-11	281.316488	0.1000003	-9.2E-12	281.316488
-6.4	-8.1E-11	281.339703	0.1000004	-8.6E-12	281.339703
-6.5	-8.17E-11	281.362967	0.1000003	-8.6E-12	281.362967
-6.6	-8.2E-11	281.386194	0.1000002	-8.4E-12	281.386194
-6.7	-8.2E-11	281.409412	0.1000002	-8.3E-12	281.409412
-6.8	-8.1E-11	281.432721	0.1000001	-8.9E-12	281.432721
-6.9	-8.3E-11	281.455932	0.1000004	-8E-12	281.455932
-7	-8.29E-11	281.479152	0.1000003	-8.1E-12	281.479152
-7.1	-8.16E-11	281.502531	0.1000002	-8.4E-12	281.502531
-7.2	-8.32E-11	281.525756	0.1000003	-8.1E-12	281.525756
-7.3	-8.4E-11	281.548969	0.1000003	-8E-12	281.548969
-7.4	-8.35E-11	281.572207	0.1000002	-8.3E-12	281.572207
-7.5	-8.24E-11	281.5955	0.1000002	-8.2E-12	281.5955
-7.6	-8.24E-11	281.618836	0.1000001	-8.4E-12	281.618836
-7.7	-8.49E-11	281.64205	0.1000004	-8.4E-12	281.64205
-7.8	-8.31E-11	281.665345	0.1000005	-8.5E-12	281.665345
-7.9	-8.36E-11	281.688626	0.1000003	-8.4E-12	281.688626
-8	-8.53E-11	281.711829	0.1000002	-8.2E-12	281.711829
-8.1	-6.35E-11	281.770951	0.1	-1E-11	281.770951
-8.2	-8.29E-11	281.7942	0.1000003	-8.1E-12	281.7942
-8.3	-8.39E-11	281.817499	0.1000004	-8E-12	281.817499
-8.4	-8.28E-11	281.840809	0.1000002	-7.9E-12	281.840809
-8.5	-8.53E-11	281.864082	0.1000003	-7.9E-12	281.864082
-8.6	-8.57E-11	281.887309	0.1000003	-8.1E-12	281.887309
-8.7	-8.55E-11	281.910522	0.1000002	-8.5E-12	281.910522
-8.8	-8.44E-11	281.933813	0.1000002	-8.3E-12	281.933813
-8.9	-8.59E-11	281.957104	0.1000005	-8.3E-12	281.957104
-9	-8.6E-11	281.980356	0.1000004	-8.1E-12	281.980356
-9.1	-8.6E-11	282.003572	0.1000004	-8.4E-12	282.003572
-9.2	-8.42E-11	282.026857	0.1000002	-8.3E-12	282.026857
-9.3	-8.46E-11	282.05015	0.1000003	-8.2E-12	282.05015
-9.4	-8.63E-11	282.073367	0.1000004	-8.1E-12	282.073367
-9.5	-8.52E-11	282.096659	0.1000001	-8.4E-12	282.096659
-9.6	-8.6E-11	282.120028	0.1000003	-8.4E-12	282.120028
-9.7	-8.66E-11	282.14324	0.1000002	-8.4E-12	282.14324
-9.8	-8.73E-11	282.16645	0.1000003	-7.9E-12	282.16645
-9.9	-8.6E-11	282.189746	0.1000002	-8.4E-12	282.189746
-10	-8.58E-11	282.213026	0.1000001	-8.3E-12	282.213026
-9.90001	-5.98E-11	282.263859	0.1	-1E-11	282.263859
-9.80001	-4.13E-11	282.287202	0.1	-1.19E-11	282.287202
-9.70001	-3.81E-11	282.310461	0.0999998	-1.14E-11	282.310461
-9.60001	-3.67E-11	282.33373	0.1	-1.2E-11	282.33373
-9.50001	-3.62E-11	282.359107	0.0999999	-1.14E-11	282.359107
-9.40001	-3.36E-11	282.382315	0.0999999	-1.18E-11	282.382315
-9.30001	-3.25E-11	282.405538	0.0999999	-1.12E-11	282.405538
-9.20001	-3.17E-11	282.428763	0.0999998	-1.14E-11	282.428763
-9.10001	-3.24E-11	282.45205	0.1	-1.16E-11	282.45205
-9.00001	-3.1E-11	282.475343	0.0999998	-1.16E-11	282.475343
-8.90001	-3.01E-11	282.498634	0.0999998	-1.16E-11	282.498634
-8.80001	-2.78E-11	282.521859	0.0999999	-1.17E-11	282.521859
-8.70001	-2.87E-11	282.545148	0.0999998	-1.16E-11	282.545148
-8.60001	-2.87E-11	282.568434	0.0999998	-1.15E-11	282.568434
-8.50001	-2.62E-11	282.59166	0.0999998	-1.16E-11	282.59166
-8.40001	-2.8E-11	282.615008	0.1	-1.16E-11	282.615008
-8.30001	-2.72E-11	282.638297	0.0999998	-1.17E-11	282.638297
-8.20001	-2.49E-11	282.661509	0.0999998	-1.21E-11	282.661509
-8.10001	-2.38E-11	282.684716	0.0999999	-1.19E-11	282.684716
-8	-2.54E-11	282.708001	0.0999997	-1.21E-11	282.708001
-7.90001	-2.51E-11	282.73129	0.0999999	-1.21E-11	282.73129
-7.80001	-4.36E-11	282.773963	0.0999999	-1.02E-11	282.773963
-7.70001	-2.56E-11	282.797277	0.0999998	-1.2E-11	282.797277
-7.6	-2.36E-11	282.820584	0.1	-1.2E-11	282.820584
-7.50001	-2.3E-11	282.843819	0.1	-1.2E-11	282.843819
-7.40001	-2.17E-11	282.867081	0.0999996	-1.2E-11	282.867081
-7.30001	-2.32E-11	282.890365	0.1	-1.16E-11	282.890365
-7.2	-2.29E-11	282.913654	0.0999998	-1.22E-11	282.913654
-7.10001	-2.07E-11	282.936867	0.0999999	-1.22E-11	282.936867
-7.00001	-2.08E-11	282.960147	0.0999997	-1.24E-11	282.960147
-6.90001	-2.19E-11	282.983446	0.0999999	-1.18E-11	282.983446
-6.80001	-1.98E-11	283.006665	0.0999997	-1.2E-11	283.006665
-6.70001	-1.99E-11	283.029914	0.0999999	-1.21E-11	283.029914
-6.60001	-1.88E-11	283.05313	0.0999997	-1.29E-11	283.05313
-6.50001	-2E-11	283.076411	0.0999998	-1.2E-11	283.076411
-6.40001	-1.99E-11	283.099696	0.1	-1.19E-11	283.099696
-6.30001	-1.77E-11	283.122894	0.0999998	-1.24E-11	283.122894
-6.20001	-1.72E-11	283.146114	0.0999998	-1.23E-11	283.146114
-6.10001	-1.82E-11	283.169404	0.0999997	-1.25E-11	283.169404
-6.00001	-1.78E-11	283.192691	0.0999998	-1.26E-11	283.192691
-5.90001	-1.57E-11	283.215895	0.0999998	-1.3E-11	283.215895
-5.80001	-3.67E-11	283.275583	0.1000002	-1.1E-11	283.275583
-5.70001	-1.88E-11	283.298928	0.0999999	-1.28E-11	283.298928
-5.60001	-1.59E-11	283.322244	0.0999999	-1.31E-11	283.322244
-5.50001	-1.46E-11	283.345461	0.1000001	-1.24E-11	283.345461
-5.40001	-1.55E-11	283.368803	0.0999998	-1.26E-11	283.368803
-5.30001	-1.51E-11	283.392038	0.0999997	-1.29E-11	283.392038
-5.20001	-1.35E-11	283.41525	0.0999999	-1.31E-11	283.41525
-5.1	-1.46E-11	283.438552	0.0999997	-1.3E-11	283.438552
-5.00001	-1.48E-11	283.461843	0.0999999	-1.28E-11	283.461843
-4.90001	-1.3E-11	283.485047	0.0999997	-1.31E-11	283.485047
-4.80001	-1.22E-11	283.508327	0.0999997	-1.32E-11	283.508327
-4.7	-1.32E-11	283.531615	0.0999997	-1.3E-11	283.531615
-4.60001	-1.27E-11	283.554921	0.0999996	-1.32E-11	283.554921
-4.50001	-1.06E-11	283.578132	0.0999997	-1.33E-11	283.578132
-4.40001	-1E-11	283.601351	0.0999997	-1.3E-11	283.601351
-4.3	-1.12E-11	283.624697	0.0999998	-1.29E-11	283.624697
-4.20001	-1.08E-11	283.648003	0.1	-1.29E-11	283.648003
-4.10001	-8.6E-12	283.671208	0.0999999	-1.3E-11	283.671208
-4.00001	-8.1E-12	283.694419	0.0999999	-1.35E-11	283.694419
-3.90001	-1E-11	283.717707	0.0999999	-1.32E-11	283.717707
-3.80001	-2.89E-11	283.776839	0.1	-1.16E-11	283.776839
-3.70001	-1.09E-11	283.800161	0.0999999	-1.33E-11	283.800161
-3.60001	-8E-12	283.823462	0.0999997	-1.36E-11	283.823462
-3.50001	-6.9E-12	283.846684	0.0999999	-1.37E-11	283.846684
-3.40001	-8.1E-12	283.870027	0.0999999	-1.34E-11	283.870027
-3.30001	-5.5E-12	283.893227	0.0999999	-1.39E-11	283.893227
-3.20001	-4.5E-12	283.916446	0.0999998	-1.4E-11	283.916446
-3.10001	-3.9E-12	283.939658	0.0999997	-1.4E-11	283.939658
-3.00001	-3.5E-12	283.962902	0.0999998	-1.42E-11	283.962902
-2.90001	-4.7E-12	283.986201	0.0999998	-1.38E-11	283.986201
-2.80001	-2.5E-12	284.009411	0.0999998	-1.41E-11	284.009411
-2.70001	-1.5E-12	284.03264	0.1	-1.43E-11	284.03264
-2.60001	-2.4E-12	284.055951	0.1	-1.33E-11	284.055951
-2.50001	-1.5E-12	284.079219	0.0999997	-8.8E-12	284.079219
-2.40001	1E-12	284.102419	0.0999999	1.9E-11	284.102419
-2.30001	1.9E-12	284.125624	0.1	1.628E-10	284.125624
-2.20001	4E-13	284.148922	0.1000001	7.773E-10	284.148922
-2.099999	-1.42E-11	284.174096	0.1000014	2.9394E-09	284.174096
-2	3.6E-12	284.197303	0.1000015	9.3424E-09	284.197303
-1.9	4.6E-12	284.220505	0.1000042	2.4991E-08	284.220505
-1.800001	-1.68E-11	284.278412	0.100006	5.61058E-08	284.278412
-1.700001	-1.64E-11	284.318146	0.1000001	1.14197E-07	284.318146
-1.6	-1.03E-11	284.342671	0.1000003	2.12123E-07	284.342671
-1.5	-8.7E-12	284.367215	0.1000005	3.5546E-07	284.367215
-1.400001	-7.7E-12	284.391761	0.1000007	5.51196E-07	284.391761
-1.3	-6.4E-12	284.416291	0.100001	8.03105E-07	284.416291
-1.200001	-1.03E-11	284.450823	0.1000001	1.10793E-06	284.450823
-1.100001	-4.9E-12	284.475365	0.1000001	1.4762E-06	284.475365
-1	-3.3E-12	284.499878	0.0999999	1.8963E-06	284.499878
-0.9	-2E-12	284.524393	0.1000001	2.36579E-06	284.524393
-0.8	-5E-13	284.548935	0.0999999	2.87884E-06	284.548935
-0.700001	7E-13	284.573438	0.1000002	3.43047E-06	284.573438
-0.6	1.7E-12	284.597997	0.1000001	4.01673E-06	284.597997
-0.500001	4.2E-12	284.622555	0.1000002	4.63182E-06	284.622555
-0.4	5.3E-12	284.647061	0.1000002	5.27134E-06	284.647061
-0.3	6.6E-12	284.671596	0.1	5.93137E-06	284.671596
-0.2	4.9E-12	284.698	0.0999999	6.60982E-06	284.698
-0.0999996	1E-11	284.722496	0.1000003	7.30404E-06	284.722496
0	4.4E-12	284.786511	0.1000001	7.99859E-06	284.786511
0.1000003	1.16E-11	284.811008	0.1000001	8.71923E-06	284.811008
0.2000004	1.41E-11	284.835603	0.1000002	9.44722E-06	284.835603
0.299999	1.55E-11	284.860439	0.1	1.018211E-05	284.860439
0.399999	1.3E-11	284.895031	0.1000002	1.0916E-05	284.895031
0.5	1.96E-11	284.919567	0.1000001	1.16692E-05	284.919567
0.6	2.18E-11	284.944064	0.1000001	1.2429E-05	284.944064
0.7	2.4E-11	284.968625	0.0999999	1.31953E-05	284.968625
0.8	2.57E-11	284.993171	0.1000001	1.39674E-05	284.993171
0.9	2.8E-11	285.017678	0.1	1.47453E-05	285.017678
0.999999	2.98E-11	285.042196	0.1000002	1.55284E-05	285.042196
1.1	3.14E-11	285.066724	0.1000001	1.63159E-05	285.066724
1.2	3.33E-11	285.091252	0.1	1.71065E-05	285.091252
1.3	3.46E-11	285.115763	0.1	1.79007E-05	285.115763
1.4	3.55E-11	285.140282	0.1	1.86976E-05	285.140282
1.5	3.74E-11	285.164736	0.0999999	1.94975E-05	285.164736
1.599999	3.8E-11	285.189269	0.1000001	2.02978E-05	285.189269
1.699999	3.93E-11	285.213791	0.1000001	2.11005E-05	285.213791
1.8	4.01E-11	285.238338	0.1	2.19049E-05	285.238338
1.899999	3.61E-11	285.272536	0.1	2.27082E-05	285.272536
1.999999	3.6E-11	285.306016	0.1	2.35135E-05	285.306016
2.099999	4.13E-11	285.330633	0.1	2.43232E-05	285.330633
2.19999	4.24E-11	285.355426	0.1000001	2.51269E-05	285.355426
2.29999	4.33E-11	285.379951	0.1000001	2.59375E-05	285.379951
2.39999	4.36E-11	285.404516	0.1	2.67484E-05	285.404516
2.49999	4.47E-11	285.429036	0.1000002	2.75599E-05	285.429036
2.59999	4.47E-11	285.453546	0.1000001	2.83727E-05	285.453546
2.69999	4.57E-11	285.478053	0.1	2.91862E-05	285.478053
2.79999	4.62E-11	285.502558	0.1	2.99999E-05	285.502558
2.89999	4.67E-11	285.527162	0.1000002	3.08132E-05	285.527162
2.99999	4.73E-11	285.551672	0.1	3.16279E-05	285.551672
3.09999	4.72E-11	285.57622	0.1	3.24428E-05	285.57622
3.19999	4.79E-11	285.600731	0.1	3.32583E-05	285.600731
3.29999	4.84E-11	285.625229	0.1000002	3.4074E-05	285.625229
3.39999	4.89E-11	285.64982	0.1000003	3.48897E-05	285.64982
3.49999	4.84E-11	285.674332	0.1000002	3.57066E-05	285.674332
3.59999	4.89E-11	285.698884	0.1000001	3.65241E-05	285.698884
3.69999	4.88E-11	285.723385	0.1000002	3.73418E-05	285.723385
3.79999	4.15E-11	285.784501	0.1	3.81488E-05	285.784501
3.89999	4.69E-11	285.809031	0.1000001	3.89718E-05	285.809031
3.99999	4.78E-11	285.833662	0.1000001	3.97929E-05	285.833662
4.09999	4.84E-11	285.858182	0.1000002	4.06148E-05	285.858182
4.19999	4.94E-11	285.882739	0.1000003	4.14362E-05	285.882739
4.29999	4.9E-11	285.907293	0.1000001	4.22582E-05	285.907293
4.39999	4.95E-11	285.931832	0.0999998	4.30815E-05	285.931832
4.49999	5.03E-11	285.956358	0.1000002	4.39055E-05	285.956358
4.59999	5.05E-11	285.980918	0.1000002	4.47291E-05	285.980918
4.69999	5.06E-11	286.00542	0.0999999	4.55542E-05	286.00542
4.79999	5.07E-11	286.029964	0.0999999	4.63801E-05	286.029964
4.89999	5.13E-11	286.054512	0.1000001	4.72064E-05	286.054512
4.99999	5.14E-11	286.079057	0.1	4.80334E-05	286.079057
5.09999	5.15E-11	286.103544	0.1	4.88621E-05	286.103544
5.19999	5.21E-11	286.128092	0.1000002	4.96906E-05	286.128092
5.29999	5.14E-11	286.152666	0.0999999	5.05206E-05	286.152666
5.39999	5.25E-11	286.177191	0.1000001	5.13514E-05	286.177191
5.49999	5.21E-11	286.201738	0.0999999	5.21835E-05	286.201738
5.59999	5.24E-11	286.226303	0.0999999	5.3017E-05	286.226303
5.69999	4.59E-11	286.286185	0.1000002	5.38391E-05	286.286185
5.79999	5.07E-11	286.310801	0.1000001	5.46766E-05	286.310801
5.89999	5.15E-11	286.335446	0.1	5.55139E-05	286.335446
5.99999	5.21E-11	286.359987	0.0999998	5.63512E-05	286.359987
6.09999	5.22E-11	286.384565	0.1000002	5.71905E-05	286.384565
6.19999	5.27E-11	286.409071	0.1	5.8029E-05	286.409071
6.29999	5.25E-11	286.433637	0.1000001	5.88685E-05	286.433637
6.39999	5.33E-11	286.458172	0.0999998	5.97097E-05	286.458172
6.49999	5.35E-11	286.482714	0.1	6.05511E-05	286.482714
6.59999	5.41E-11	286.50725	0.1000002	6.13934E-05	286.50725
6.69999	5.37E-11	286.531792	0.1	6.22372E-05	286.531792
6.79999	5.4E-11	286.556297	0.1000001	6.30817E-05	286.556297
6.89999	5.41E-11	286.580856	0.1000001	6.39276E-05	286.580856
6.99999	5.45E-11	286.60537	0.1	6.47742E-05	286.60537
7.09999	5.45E-11	286.629906	0.1000001	6.56212E-05	286.629906
7.19999	5.46E-11	286.654517	0.1000002	6.64701E-05	286.654517
7.29999	5.5E-11	286.679031	0.1000003	6.732E-05	286.679031
7.39999	5.53E-11	286.70355	0.1000001	6.81701E-05	286.70355
7.49999	5.57E-11	286.728049	0.0999999	6.90217E-05	286.728049
7.59999	4.98E-11	286.783132	0.0999999	6.98667E-05	286.783132
7.69999	5.43E-11	286.807676	0.1	7.07212E-05	286.807676
7.79999	5.47E-11	286.832292	0.1	7.15776E-05	286.832292
7.89999	5.49E-11	286.856818	0.1	7.24333E-05	286.856818
7.99999	5.52E-11	286.881424	0.1	7.32917E-05	286.881424
8.09999	5.56E-11	286.90596	0.1000003	7.41496E-05	286.90596
8.19999	5.61E-11	286.930468	0.0999999	7.50086E-05	286.930468
8.29999	5.58E-11	286.955022	0.0999998	7.58692E-05	286.955022
8.39999	5.58E-11	286.979604	0.1000001	7.67307E-05	286.979604
8.49999	5.62E-11	287.004141	0.1	7.75915E-05	287.004141
8.59999	5.58E-11	287.028686	0.0999998	7.84553E-05	287.028686
8.69999	5.63E-11	287.053197	0.0999999	7.9321E-05	287.053197
8.79999	5.62E-11	287.07775	0.0999999	8.01848E-05	287.07775
8.89999	5.67E-11	287.102319	0.1000001	8.10511E-05	287.102319
8.99999	5.68E-11	287.126835	0.0999998	8.19181E-05	287.126835
9.09999	5.7E-11	287.151377	0.1	8.27874E-05	287.151377
9.19999	5.66E-11	287.17593	0.1000001	8.36572E-05	287.17593
9.29999	5.71E-11	287.200433	0.1000003	8.45238E-05	287.200433
9.39999	5.72E-11	287.224961	0.1000001	8.53984E-05	287.224961
9.49999	4.98E-11	287.287269	0.1	8.62647E-05	287.287269
9.59999	5.52E-11	287.311861	0.1000001	8.71442E-05	287.311861
9.69999	5.55E-11	287.336518	0.0999999	8.8022E-05	287.336518
9.79999	5.66E-11	287.361032	0.1	8.89005E-05	287.361032
9.89999	5.72E-11	287.38559	0.1000001	8.97789E-05	287.38559
9.99999	5.75E-11	287.410098	0.0999999	9.06575E-05	287.410098
9.9	4.39E-11	287.434609	0.0999997	8.97647E-05	287.434609
9.8	4.07E-11	287.459118	0.1	8.88785E-05	287.459118
9.7	3.86E-11	287.483622	0.1000002	8.79919E-05	287.483622
9.6	3.72E-11	287.508122	0.0999997	8.7108E-05	287.508122
9.5	3.57E-11	287.532629	0.0999998	8.62255E-05	287.532629
9.4	3.43E-11	287.557118	0.0999998	8.53459E-05	287.557118
9.3	3.31E-11	287.58166	0.1	8.44668E-05	287.58166
9.2	3.19E-11	287.606171	0.0999999	8.35888E-05	287.606171
9.1	3.14E-11	287.630711	0.0999999	8.27122E-05	287.630711
9	3.08E-11	287.655308	0.1000002	8.18382E-05	287.655308
8.9	3.01E-11	287.679918	0.1	8.09677E-05	287.679918
8.8	2.95E-11	287.70447	0.1	8.00931E-05	287.70447
8.7	2.91E-11	287.728993	0.0999997	7.92195E-05	287.728993
8.6	3.51E-11	287.790285	0.1000001	7.83503E-05	287.790285
8.5	2.92E-11	287.81483	0.1000001	7.74762E-05	287.81483
8.4	2.83E-11	287.839431	0.1000001	7.66066E-05	287.839431
8.3	2.71E-11	287.863942	0.0999999	7.57377E-05	287.863942
8.2	2.65E-11	287.888532	0.0999997	7.48699E-05	287.888532
8.1	2.58E-11	287.913044	0.0999998	7.40039E-05	287.913044
8	2.54E-11	287.937542	0.1	7.31376E-05	287.937542
7.9	2.47E-11	287.96205	0.1	7.22747E-05	287.96205
7.8	2.41E-11	287.986605	0.1000002	7.14111E-05	287.986605
7.7	2.42E-11	288.011162	0.1000001	7.0549E-05	288.011162
7.6	2.4E-11	288.035716	0.1000001	6.96877E-05	288.035716
7.5	2.3E-11	288.060232	0.0999998	6.88286E-05	288.060232
7.4	2.26E-11	288.084848	0.1	6.79697E-05	288.084848
7.3	2.19E-11	288.109357	0.0999999	6.71111E-05	288.109357
7.2	2.16E-11	288.134027	0.1000001	6.62542E-05	288.134027
7.1	2.12E-11	288.158533	0.1	6.53987E-05	288.158533
7	2.09E-11	288.183088	0.1000001	6.45438E-05	288.183088
6.9	2.04E-11	288.207602	0.1000002	6.36883E-05	288.207602
6.8	2.04E-11	288.232154	0.0999999	6.28356E-05	288.232154
6.7	2.67E-11	288.292566	0.0999997	6.19899E-05	288.292566
6.6	2.16E-11	288.31715	0.1	6.11382E-05	288.31715
6.5	2.03E-11	288.341753	0.1	6.02866E-05	288.341753
6.4	1.98E-11	288.366293	0.1000001	5.94368E-05	288.366293
6.3	1.88E-11	288.390857	0.1000001	5.85897E-05	288.390857
6.2	1.84E-11	288.415371	0.1000001	5.77422E-05	288.415371
6.1	1.81E-11	288.439891	0.1	5.68953E-05	288.439891
6	1.77E-11	288.464414	0.0999997	5.60491E-05	288.464414
5.9	1.7E-11	288.48903	0.1	5.52055E-05	288.48903
5.8	1.66E-11	288.513708	0.1000002	5.43618E-05	288.513708
5.7	1.64E-11	288.538214	0.0999997	5.35191E-05	288.538214
5.6	1.6E-11	288.562759	0.0999998	5.26767E-05	288.562759
5.5	1.6E-11	288.587277	0.0999999	5.18363E-05	288.587277
5.4	1.51E-11	288.611824	0.0999999	5.09962E-05	288.611824
5.3	1.61E-11	288.636765	0.1000001	5.01572E-05	288.636765
5.2	1.44E-11	288.661309	0.0999998	4.93192E-05	288.661309
5.1	1.4E-11	288.685843	0.1000001	4.84819E-05	288.685843
5	1.35E-11	288.710376	0.1	4.7646E-05	288.710376
4.9	1.31E-11	288.734875	0.1000001	4.68098E-05	288.734875
4.8	1.97E-11	288.793781	0.1000001	4.59811E-05	288.793781
4.7	1.41E-11	288.818302	0.0999999	4.51466E-05	288.818302
4.6	1.3E-11	288.842924	0.0999999	4.43146E-05	288.842924
4.5	1.25E-11	288.867452	0.1000001	4.34822E-05	288.867452
4.4	1.13E-11	288.892007	0.0999999	4.26516E-05	288.892007
4.3	1.06E-11	288.916536	0.1000001	4.18213E-05	288.916536
4.2	9.8E-12	288.94105	0.0999999	4.0993E-05	288.94105
4.1	1E-11	288.965583	0.1000001	4.01649E-05	288.965583
4	9.3E-12	288.990151	0.0999998	3.93371E-05	288.990151
3.9	8.6E-12	289.014717	0.0999999	3.85106E-05	289.014717
3.8	8.2E-12	289.039248	0.1	3.76852E-05	289.039248
3.7	7.6E-12	289.063773	0.1	3.68602E-05	289.063773
3.6	6.2E-12	289.088273	0.1	3.60368E-05	289.088273
3.5	6E-12	289.112833	0.1	3.52147E-05	289.112833
3.4	5.8E-12	289.137339	0.1	3.43928E-05	289.137339
3.3	4.5E-12	289.161844	0.0999997	3.35718E-05	289.161844
3.2	4.2E-12	289.186375	0.1	3.27521E-05	289.186375
3.1	3.5E-12	289.210993	0.0999998	3.19335E-05	289.210993
3	2.8E-12	289.235508	0.1	3.11155E-05	289.235508
2.9	9.2E-12	289.295416	0.1	3.03033E-05	289.295416
2.8	3.3E-12	289.319989	0.1000001	2.94867E-05	289.319989
2.7	2.2E-12	289.344585	0.1000002	2.8671E-05	289.344585
2.6	1.3E-12	289.369158	0.0999998	2.78578E-05	289.369158
2.5	2E-13	289.393723	0.0999999	2.70448E-05	289.393723
2.4	-6E-13	289.418257	0.1	2.62323E-05	289.418257
2.3	-1.8E-12	289.442766	0.1	2.5422E-05	289.442766
2.2	-2.6E-12	289.467274	0.0999999	2.46136E-05	289.467274
2.099999	-3E-13	289.493712	0.0999999	2.38115E-05	289.493712
2	-4.3E-12	289.518345	0.0999999	2.30052E-05	289.518345
1.9	-5.9E-12	289.542859	0.0999999	2.22008E-05	289.542859
1.8	-7.2E-12	289.567368	0.1	2.13977E-05	289.567368
1.7	-8E-12	289.591868	0.1	2.05964E-05	289.591868
1.6	-9.3E-12	289.61639	0.1000003	1.97975E-05	289.61639
1.5	-1.07E-11	289.640917	0.0999999	1.90012E-05	289.640917
1.4	-1.15E-11	289.665456	0.1	1.82069E-05	289.665456
1.3	-1.3E-11	289.690005	0.1000001	1.74154E-05	289.690005
1.2	-1.43E-11	289.714501	0.0999999	1.66281E-05	289.714501
1.1	-1.61E-11	289.73902	0.0999999	1.5843E-05	289.73902
1	-1.12E-11	289.796202	0.0999999	1.50681E-05	289.796202
0.9	-1.79E-11	289.820722	0.1	1.42912E-05	289.820722
0.8	-2E-11	289.845304	0.0999999	1.35219E-05	289.845304
0.7	-2.25E-11	289.869834	0.1	1.27583E-05	289.869834
0.6	-2.44E-11	289.894411	0.0999999	1.20028E-05	289.894411
0.5	-2.7E-11	289.918927	0.0999999	1.12537E-05	289.918927
0.4	-2.94E-11	289.94347	0.1	1.05132E-05	289.94347
0.3	-3.13E-11	289.967996	0.1	9.7806E-06	289.967996
0.2	-3.04E-11	289.994494	0.1	9.0577E-06	289.994494
0.0999998	-3.2E-11	290.021664	0.0999999	8.34847E-06	290.021664
-3E-07	-3.77E-11	290.04615	0.0999999	7.64296E-06	290.04615
#scan	iMeasureCycle=3	iMux=0	time=319.748	N=401	LocalTime=19/04/2023 20:30:59
#VGate(V)	IGate(A)	time(s)	VDrain(V)	IDrain(A)	time(s)
-3E-07	-1.7E-11	319.755457	0.0999999	7.81061E-06	319.755457
-0.1000004	-2.45E-11	319.78041	0.0999997	7.10159E-06	319.78041
-0.2	-2.57E-11	319.806378	0.1000001	6.40737E-06	319.806378
-0.3	-3.21E-11	319.83111	0.1	5.72847E-06	319.83111
-0.4	-3.47E-11	319.855621	0.0999999	5.0693E-06	319.855621
-0.5	-3.7E-11	319.880244	0.0999998	4.43271E-06	319.880244
-0.6	-3.97E-11	319.904754	0.0999998	3.82195E-06	319.904754
-0.7	-4.18E-11	319.929301	0.1	3.24242E-06	319.929301
-0.8	-4.33E-11	319.953831	0.0999998	2.69886E-06	319.953831
-0.9	-4.46E-11	319.978358	0.0999999	2.19596E-06	319.978358
-1	-4.63E-11	320.002888	0.0999999	1.73995E-06	320.002888
-1.1	-4.72E-11	320.027495	0.1	1.33539E-06	320.027495
-1.2	-4.84E-11	320.052017	0.0999998	9.863E-07	320.052017
-1.3	-4.52E-11	320.079336	0.0999996	6.97219E-07	320.079336
-1.4	-4.99E-11	320.103869	0.0999996	4.64392E-07	320.103869
-1.5	-5.12E-11	320.12837	0.0999993	2.88414E-07	320.12837
-1.6	-5.16E-11	320.152912	0.0999998	1.64701E-07	320.152912
-1.699999	-4.69E-11	320.190597	0.0999947	8.59761E-08	320.190597
-1.800001	-6.75E-11	320.213811	0.1000092	3.87795E-08	320.213811
-1.900001	-6.66E-11	320.23709	0.1000031	1.51981E-08	320.23709
-2.000001	-6.88E-11	320.260283	0.1000018	5.0663E-09	320.260283
-2.1	-4.7E-11	320.323705	0.0999996	1.5031E-09	320.323705
-2.2	-6.61E-11	320.3472	0.1000003	3.332E-10	320.3472
-2.3	-6.71E-11	320.370542	0.1000003	5.57E-11	320.370542
-2.4	-7.02E-11	320.39384	0.1000002	1.5E-12	320.39384
-2.5	-7.09E-11	320.417108	0.1000002	-8.2E-12	320.417108
-2.6	-6.99E-11	320.440396	0.1000002	-9.3E-12	320.440396
-2.7	-7.24E-11	320.46359	0.1000001	-9.3E-12	320.46359
-2.8	-7.25E-11	320.486839	0.1000001	-9.9E-12	320.486839
-2.9	-7.17E-11	320.510131	0.1000002	-9.7E-12	320.510131
-3	-7.34E-11	320.533352	0.1000001	-9.2E-12	320.533352
-3.1	-7.35E-11	320.556574	0.1	-9.1E-12	320.556574
-3.2	-7.25E-11	320.579874	0.1000002	-8.9E-12	320.579874
-3.3	-7.47E-11	320.603109	0.1000001	-9.2E-12	320.603109
-3.4	-7.31E-11	320.626407	0.1000001	-9.5E-12	320.626407
-3.5	-7.57E-11	320.649609	0.1	-9.2E-12	320.649609
-3.6	-7.62E-11	320.672826	0.1000002	-8.8E-12	320.672826
-3.7	-7.59E-11	320.69604	0.1000003	-9.2E-12	320.69604
-3.8	-7.5E-11	320.719333	0.1	-9E-12	320.719333
-3.9	-7.48E-11	320.742621	0.1000002	-9.2E-12	320.742621
-4	-7.71E-11	320.765822	0.1000001	-9.2E-12	320.765822
-4.1	-5.55E-11	320.819778	0.0999997	-1.11E-11	320.819778
-4.2	-7.53E-11	320.843038	0.1	-9E-12	320.843038
-4.3	-7.64E-11	320.866248	0.1000001	-9E-12	320.866248
-4.4	-7.54E-11	320.889626	0.1000001	-9.2E-12	320.889626
-4.5	-7.71E-11	320.912888	0.1000001	-8.9E-12	320.912888
-4.6	-7.8E-11	320.936104	0.1000001	-8.7E-12	320.936104
-4.7	-7.81E-11	320.95931	0.1	-9.2E-12	320.95931
-4.8	-7.68E-11	320.982587	0.1000001	-9.2E-12	320.982587
-4.9	-7.58E-11	321.00594	0.1000001	-9.5E-12	321.00594
-5	-7.85E-11	321.029178	0.1000001	-8.6E-12	321.029178
-5.1	-7.82E-11	321.052515	0.1000002	-9.2E-12	321.052515
-5.2	-7.81E-11	321.075791	0.1000002	-9E-12	321.075791
-5.3	-8.03E-11	321.099009	0.1000002	-8.6E-12	321.099009
-5.4	-8.08E-11	321.122237	0.1000002	-8.8E-12	321.122237
-5.5	-7.94E-11	321.145516	0.1000002	-8.9E-12	321.145516
-5.6	-7.89E-11	321.168803	0.1	-9E-12	321.168803
-5.7	-8.09E-11	321.192017	0.1	-8.7E-12	321.192017
-5.8	-8.1E-11	321.215243	0.1000002	-8.8E-12	321.215243
-5.9	-7.97E-11	321.23853	0.1000002	-9E-12	321.23853
-6	-7.96E-11	321.261818	0.1000002	-9E-12	321.261818
-6.1	-6.01E-11	321.321096	0.1	-1.04E-11	321.321096
-6.2	-7.96E-11	321.344347	0.1000001	-8.4E-12	321.344347
-6.3	-8.08E-11	321.36761	0.1000002	-8.9E-12	321.36761
-6.4	-8E-11	321.390991	0.1000002	-9.1E-12	321.390991
-6.5	-8.15E-11	321.414274	0.1	-8.9E-12	321.414274
-6.6	-8.04E-11	321.437565	0.1000001	-9.2E-12	321.437565
-6.7	-8.05E-11	321.460847	0.1000001	-8.8E-12	321.460847
-6.8	-8.07E-11	321.484132	0.1000003	-8.6E-12	321.484132
-6.9	-8.27E-11	321.507341	0.1	-8.4E-12	321.507341
-7	-8.26E-11	321.530632	0.1000004	-8.3E-12	321.530632
-7.1	-8.11E-11	321.553924	0.1	-8.3E-12	321.553924
-7.2	-8.13E-11	321.577212	0.1000001	-8.7E-12	321.577212
-7.3	-8.39E-11	321.600504	0.1	-8.6E-12	321.600504
-7.4	-8.43E-11	321.623722	0.1000001	-8.3E-12	321.623722
-7.5	-8.18E-11	321.647013	0.1000002	-8.8E-12	321.647013
-7.6	-8.21E-11	321.670292	0.1000002	-8.5E-12	321.670292
-7.7	-8.42E-11	321.693505	0.1000001	-8.4E-12	321.693505
-7.8	-8.28E-11	321.716851	0.1	-8.5E-12	321.716851
-7.9	-8.26E-11	321.740141	0.1	-8.6E-12	321.740141
-8	-8.45E-11	321.763354	0.1	-8.6E-12	321.763354
-8.1	-6.34E-11	321.822494	0.0999999	-1.04E-11	321.822494
-8.2	-8.32E-11	321.845731	0.1000002	-8.6E-12	321.845731
-8.3	-8.32E-11	321.868968	0.1000001	-8.7E-12	321.868968
-8.4	-8.28E-11	321.892344	0.1000002	-8.9E-12	321.892344
-8.5	-8.42E-11	321.915653	0.1000001	-8.8E-12	321.915653
-8.6	-8.56E-11	321.938866	0.1000003	-8.3E-12	321.938866
-8.7	-8.39E-11	321.962155	0.1000001	-8.6E-12	321.962155
-8.8	-8.44E-11	321.985429	0.1000002	-8.8E-12	321.985429
-8.9	-8.6E-11	322.008639	0.1000003	-8.4E-12	322.008639
-9	-8.58E-11	322.031874	0.1000001	-8.7E-12	322.031874
-9.1	-8.46E-11	322.055215	0.1000002	-9E-12	322.055215
-9.2	-8.33E-11	322.078554	0.1	-8.5E-12	322.078554
-9.3	-8.58E-11	322.101769	0.1	-8.7E-12	322.101769
-9.4	-8.62E-11	322.124993	0.1000001	-8.4E-12	322.124993
-9.5	-8.48E-11	322.14829	0.1000002	-8.6E-12	322.14829
-9.6	-8.65E-11	322.171498	0.1000002	-8.7E-12	322.171498
-9.7	-8.72E-11	322.194712	0.1000001	-8.7E-12	322.194712
-9.8	-8.74E-11	322.217926	0.1000001	-8.3E-12	322.217926
-9.9	-8.6E-11	322.24122	0.1	-8.4E-12	322.24122
-10	-8.56E-11	322.26451	0.1000002	-8.4E-12	322.26451
-9.90001	-6.15E-11	322.323973	0.1	-1.03E-11	322.323973
-9.80001	-4E-11	322.347217	0.0999997	-1.18E-11	322.347217
-9.70001	-4.01E-11	322.370568	0.0999997	-1.18E-11	322.370568
-9.60001	-3.63E-11	322.393889	0.0999997	-1.18E-11	322.393889
-9.50001	-3.45E-11	322.417157	0.0999999	-1.23E-11	322.417157
-9.40001	-3.47E-11	322.440459	0.0999997	-1.19E-11	322.440459
-9.30001	-3.38E-11	322.463738	0.0999996	-1.18E-11	322.463738
-9.20001	-3.12E-11	322.486963	0.1	-1.21E-11	322.486963
-9.10001	-3.04E-11	322.510258	0.0999998	-1.22E-11	322.510258
-9.00001	-3.17E-11	322.533543	0.0999998	-1.16E-11	322.533543
-8.90001	-3.09E-11	322.556832	0.0999999	-1.2E-11	322.556832
-8.80001	-2.86E-11	322.58004	0.0999997	-1.18E-11	322.58004
-8.70001	-2.95E-11	322.603337	0.0999997	-1.18E-11	322.603337
-8.60001	-2.71E-11	322.626549	0.0999997	-1.24E-11	322.626549
-8.50001	-2.86E-11	322.649856	0.0999998	-1.22E-11	322.649856
-8.40001	-2.66E-11	322.673067	0.0999996	-1.17E-11	322.673067
-8.30001	-2.74E-11	322.696354	0.0999998	-1.17E-11	322.696354
-8.20001	-2.68E-11	322.719691	0.0999997	-1.23E-11	322.719691
-8.10001	-2.46E-11	322.7429	0.0999996	-1.21E-11	322.7429
-8	-2.41E-11	322.766113	0.0999998	-1.18E-11	322.766113
-7.90001	-4.45E-11	322.825477	0.1	-1.05E-11	322.825477
-7.80001	-2.66E-11	322.848787	0.0999998	-1.28E-11	322.848787
-7.70001	-2.54E-11	322.872091	0.0999996	-1.21E-11	322.872091
-7.6	-2.31E-11	322.895395	0.0999997	-1.23E-11	322.895395
-7.50001	-2.25E-11	322.918655	0.0999998	-1.29E-11	322.918655
-7.40001	-2.38E-11	322.94195	0.0999996	-1.23E-11	322.94195
-7.30001	-2.16E-11	322.965149	0.0999998	-1.22E-11	322.965149
-7.2	-2.13E-11	322.988358	0.0999995	-1.23E-11	322.988358
-7.10001	-2.06E-11	323.011571	0.0999997	-1.23E-11	323.011571
-7.00001	-2.3E-11	323.034919	0.0999997	-1.19E-11	323.034919
-6.90001	-1.93E-11	323.058141	0.0999998	-1.25E-11	323.058141
-6.80001	-1.95E-11	323.081363	0.0999999	-1.26E-11	323.081363
-6.70001	-1.94E-11	323.104577	0.0999997	-1.23E-11	323.104577
-6.60001	-2.06E-11	323.12786	0.0999996	-1.26E-11	323.12786
-6.50001	-2.01E-11	323.151162	0.0999997	-1.23E-11	323.151162
-6.40001	-1.76E-11	323.174366	0.0999998	-1.24E-11	323.174366
-6.30001	-1.78E-11	323.197578	0.0999997	-1.29E-11	323.197578
-6.20001	-1.89E-11	323.220865	0.0999998	-1.23E-11	323.220865
-6.10001	-2E-11	323.244207	0.0999999	-1.24E-11	323.244207
-6.00001	-1.65E-11	323.26741	0.0999997	-1.25E-11	323.26741
-5.90001	-3.71E-11	323.326703	0.0999999	-1.08E-11	323.326703
-5.80001	-1.93E-11	323.350022	0.0999997	-1.29E-11	323.350022
-5.70001	-1.83E-11	323.373368	0.0999997	-1.28E-11	323.373368
-5.60001	-1.56E-11	323.39667	0.0999998	-1.28E-11	323.39667
-5.50001	-1.67E-11	323.420102	0.0999998	-1.27E-11	323.420102
-5.40001	-1.61E-11	323.443416	0.0999997	-1.28E-11	323.443416
-5.30001	-1.42E-11	323.46663	0.1	-1.35E-11	323.46663
-5.20001	-1.36E-11	323.489834	0.0999997	-1.3E-11	323.489834
-5.1	-1.36E-11	323.513057	0.0999997	-1.3E-11	323.513057
-5.00001	-1.46E-11	323.536365	0.0999995	-1.27E-11	323.536365
-4.90001	-1.15E-11	323.559579	0.0999997	-1.3E-11	323.559579
-4.80001	-1.12E-11	323.582791	0.0999997	-1.31E-11	323.582791
-4.7	-1.31E-11	323.606088	0.0999996	-1.31E-11	323.606088
-4.60001	-1.25E-11	323.629379	0.0999997	-1.31E-11	323.629379
-4.50001	-1.22E-11	323.652682	0.0999999	-1.33E-11	323.652682
-4.40001	-1.08E-11	323.675919	0.0999998	-1.35E-11	323.675919
-4.3	-1.15E-11	323.699202	0.0999998	-1.33E-11	323.699202
-4.20001	-9.6E-12	323.722485	0.0999996	-1.36E-11	323.722485
-4.10001	-8.9E-12	323.745711	0.0999997	-1.3E-11	323.745711
-4.00001	-8.4E-12	323.76892	0.0999996	-1.34E-11	323.76892
-3.90001	-2.91E-11	323.828043	0.0999998	-1.18E-11	323.828043
-3.80001	-1.09E-11	323.851367	0.0999997	-1.34E-11	323.851367
-3.70001	-1.01E-11	323.874665	0.0999997	-1.32E-11	323.874665
-3.60001	-7.3E-12	323.897972	0.0999998	-1.35E-11	323.897972
-3.50001	-6.6E-12	323.921245	0.0999998	-1.33E-11	323.921245
-3.40001	-7.6E-12	323.944541	0.0999998	-1.34E-11	323.944541
-3.30001	-6.6E-12	323.967817	0.0999997	-1.37E-11	323.967817
-3.20001	-4.2E-12	323.991015	0.0999996	-1.37E-11	323.991015
-3.10001	-5.1E-12	324.01432	0.0999997	-1.38E-11	324.01432
-3.00001	-3.9E-12	324.037604	0.0999998	-1.36E-11	324.037604
-2.90001	-2.1E-12	324.060825	0.0999995	-1.4E-11	324.060825
-2.80001	-1.8E-12	324.084041	0.0999996	-1.42E-11	324.084041
-2.70001	-1.1E-12	324.107245	0.0999996	-1.45E-11	324.107245
-2.60001	-2.2E-12	324.130542	0.0999997	-1.33E-11	324.130542
-2.50001	-1.6E-12	324.153838	0.0999995	-9.3E-12	324.153838
-2.40001	1E-12	324.177047	0.0999996	1.5E-11	324.177047
-2.30001	2.1E-12	324.200258	0.0999999	1.437E-10	324.200258
-2.20001	7E-13	324.223536	0.0999999	6.858E-10	324.223536
-2.099999	-1.35E-11	324.248735	0.1000011	2.6447E-09	324.248735
-2	4.2E-12	324.271932	0.1000013	8.5036E-09	324.271932
-1.900001	-1.75E-11	324.329569	0.1000029	2.22474E-08	324.329569
-1.8	1.2E-12	324.352893	0.1000017	5.34934E-08	324.352893
-1.7	-1.7E-11	324.401082	0.1000001	1.07269E-07	324.401082
-1.600001	-1.1E-11	324.42564	0.1000004	2.01536E-07	324.42564
-1.5	-9.7E-12	324.450168	0.1000006	3.40549E-07	324.450168
-1.4	-8E-12	324.474655	0.1000007	5.31117E-07	324.474655
-1.3	-6.7E-12	324.499174	0.1000009	7.77741E-07	324.499174
-1.200001	-1.03E-11	324.533847	0.1000001	1.07633E-06	324.533847
-1.100001	-4.5E-12	324.558383	0.1	1.43951E-06	324.558383
-1	-3.5E-12	324.582924	0.1000002	1.85411E-06	324.582924
-0.900001	-2.1E-12	324.60749	0.0999999	2.31776E-06	324.60749
-0.8	-3E-13	324.632033	0.1000002	2.82595E-06	324.632033
-0.700001	1.1E-12	324.656544	0.1000003	3.37306E-06	324.656544
-0.6	2.5E-12	324.681055	0.1	3.95446E-06	324.681055
-0.500001	3.6E-12	324.705564	0.1000002	4.56535E-06	324.705564
-0.400001	5.2E-12	324.730152	0.1000002	5.20092E-06	324.730152
-0.3	6.9E-12	324.754666	0.1	5.85789E-06	324.754666
-0.2	5E-12	324.781057	0.1	6.53259E-06	324.781057
-0.1	3.7E-12	324.835611	0.0999999	7.21358E-06	324.835611
4E-07	9.8E-12	324.860111	0.1	7.92028E-06	324.860111
0.1000003	1.25E-11	324.884603	0.1000002	8.63669E-06	324.884603
0.2000002	1.43E-11	324.909211	0.1000002	9.36174E-06	324.909211
0.299999	1.63E-11	324.934006	0.1	1.009514E-05	324.934006
0.399999	1.36E-11	324.968565	0.1	1.08269E-05	324.968565
0.5	2.04E-11	324.993062	0.1000001	1.15779E-05	324.993062
0.599999	2.22E-11	325.017604	0.1000003	1.23349E-05	325.017604
0.7	2.46E-11	325.042135	0.0999999	1.3099E-05	325.042135
0.8	2.59E-11	325.066684	0.1000002	1.38693E-05	325.066684
0.9	2.81E-11	325.091191	0.1	1.46458E-05	325.091191
0.999999	2.98E-11	325.115694	0.1000001	1.54273E-05	325.115694
1.1	3.18E-11	325.140215	0.1000001	1.62134E-05	325.140215
1.2	3.33E-11	325.164745	0.1000002	1.70031E-05	325.164745
1.3	3.5E-11	325.189283	0.1000001	1.77964E-05	325.189283
1.399999	3.66E-11	325.213798	0.1000001	1.85924E-05	325.213798
1.499999	3.78E-11	325.238285	0.1	1.93906E-05	325.238285
1.599999	3.9E-11	325.26285	0.0999999	2.01912E-05	325.26285
1.699999	3.99E-11	325.287354	0.1000003	2.09932E-05	325.287354
1.799999	3.44E-11	325.333748	0.1	2.17919E-05	325.333748
1.899999	4E-11	325.358278	0.1	2.2599E-05	325.358278
2	4.13E-11	325.382882	0.1000002	2.34073E-05	325.382882
2.1	4.19E-11	325.407568	0.1000001	2.42161E-05	325.407568
2.19999	4.26E-11	325.432362	0.1	2.50202E-05	325.432362
2.29999	4.33E-11	325.457025	0.1000002	2.58304E-05	325.457025
2.39999	4.41E-11	325.481533	0.1	2.66425E-05	325.481533
2.49999	4.47E-11	325.506049	0.1000002	2.74553E-05	325.506049
2.59999	4.55E-11	325.530646	0.1	2.82683E-05	325.530646
2.69999	4.62E-11	325.555181	0.1	2.90822E-05	325.555181
2.79999	4.63E-11	325.579709	0.1	2.98968E-05	325.579709
2.89999	4.62E-11	325.604225	0.1	3.07123E-05	325.604225
2.99999	4.7E-11	325.628728	0.1000001	3.15286E-05	325.628728
3.09999	4.73E-11	325.653249	0.1	3.23451E-05	325.653249
3.19999	4.72E-11	325.67776	0.1000001	3.31619E-05	325.67776
3.29999	4.76E-11	325.702306	0.1000001	3.39791E-05	325.702306
3.39999	4.77E-11	325.726889	0.1000002	3.47966E-05	325.726889
3.49999	4.82E-11	325.751457	0.1000001	3.56152E-05	325.751457
3.59999	4.9E-11	325.775967	0.1000002	3.64346E-05	325.775967
3.69999	4.19E-11	325.835266	0.1000002	3.72452E-05	325.835266
3.79999	4.65E-11	325.859801	0.1000001	3.80675E-05	325.859801
3.89999	4.79E-11	325.884305	0.1000004	3.88888E-05	325.884305
3.99999	4.86E-11	325.908934	0.1000001	3.97108E-05	325.908934
4.09999	4.83E-11	325.933593	0.0999999	4.05333E-05	325.933593
4.19999	4.93E-11	325.958125	0.1	4.13559E-05	325.958125
4.29999	4.95E-11	325.98266	0.1	4.21786E-05	325.98266
4.39999	5.05E-11	326.007162	0.1000002	4.30018E-05	326.007162
4.49999	5.03E-11	326.03168	0.1000002	4.3826E-05	326.03168
4.59999	5.08E-11	326.056242	0.1000002	4.46509E-05	326.056242
4.69999	5.05E-11	326.080779	0.0999999	4.54764E-05	326.080779
4.79999	5.11E-11	326.105282	0.1	4.63026E-05	326.105282
4.89999	5.06E-11	326.129833	0.1	4.71302E-05	326.129833
4.99999	5.13E-11	326.154383	0.1000002	4.79576E-05	326.154383
5.09999	5.16E-11	326.178893	0.1000002	4.87859E-05	326.178893
5.19999	5.17E-11	326.203425	0.1	4.96162E-05	326.203425
5.29999	5.21E-11	326.227929	0.1000002	5.04458E-05	326.227929
5.39999	5.21E-11	326.25247	0.1000001	5.12769E-05	326.25247
5.49999	5.22E-11	326.276982	0.1	5.2109E-05	326.276982
5.59999	4.52E-11	326.337269	0.1	5.29319E-05	326.337269
5.69999	5.04E-11	326.361805	0.1000001	5.37695E-05	326.361805
5.79999	5.13E-11	326.386377	0.1000001	5.46056E-05	326.386377
5.89999	5.15E-11	326.411024	0.0999999	5.5442E-05	326.411024
5.99999	5.21E-11	326.435587	0.1000001	5.62795E-05	326.435587
6.09999	5.22E-11	326.460167	0.1	5.71179E-05	326.460167
6.19999	5.31E-11	326.484719	0.1	5.79562E-05	326.484719
6.29999	5.34E-11	326.509237	0.0999999	5.87959E-05	326.509237
6.39999	5.35E-11	326.533753	0.1000001	5.96372E-05	326.533753
6.49999	5.37E-11	326.558304	0.1000001	6.04784E-05	326.558304
6.59999	5.36E-11	326.582841	0.1	6.13211E-05	326.582841
6.69999	5.4E-11	326.607376	0.1	6.2165E-05	326.607376
6.79999	5.42E-11	326.631931	0.1000001	6.30101E-05	326.631931
6.89999	5.46E-11	326.656454	0.0999999	6.38557E-05	326.656454
6.99999	5.42E-11	326.680976	0.1	6.47018E-05	326.680976
7.09999	5.49E-11	326.705476	0.1000001	6.55494E-05	326.705476
7.19999	5.49E-11	326.730055	0.1000001	6.63991E-05	326.730055
7.29999	5.51E-11	326.754532	0.1000001	6.72473E-05	326.754532
7.39999	5.5E-11	326.77906	0.1000002	6.80977E-05	326.77906
7.49999	4.85E-11	326.838256	0.0999999	6.894E-05	326.838256
7.59999	5.36E-11	326.862785	0.1000001	6.9796E-05	326.862785
7.69999	5.41E-11	326.887322	0.0999999	7.06518E-05	326.887322
7.79999	5.4E-11	326.911958	0.0999999	7.15069E-05	326.911958
7.89999	5.46E-11	326.936552	0.0999998	7.23624E-05	326.936552
7.99999	5.47E-11	326.961155	0.0999998	7.32207E-05	326.961155
8.09999	5.51E-11	326.98568	0.1000001	7.40798E-05	326.98568
8.19999	5.58E-11	327.010187	0.1	7.49385E-05	327.010187
8.29999	5.63E-11	327.034699	0.0999998	7.57985E-05	327.034699
8.39999	5.62E-11	327.059311	0.1000002	7.66603E-05	327.059311
8.49999	5.58E-11	327.083827	0.1000002	7.75225E-05	327.083827
8.59999	5.63E-11	327.108359	0.1000001	7.83852E-05	327.108359
8.69999	5.63E-11	327.132891	0.1000002	7.925E-05	327.132891
8.79999	5.62E-11	327.157491	0.1	8.01158E-05	327.157491
8.89999	5.74E-11	327.182003	0.1000001	8.09822E-05	327.182003
8.99999	5.73E-11	327.206517	0.1000001	8.18489E-05	327.206517
9.09999	5.68E-11	327.231017	0.0999998	8.27172E-05	327.231017
9.19999	5.74E-11	327.255573	0.0999999	8.35881E-05	327.255573
9.29999	5.75E-11	327.280095	0.0999999	8.44558E-05	327.280095
9.39999	5.05E-11	327.340126	0.1000001	8.53235E-05	327.340126
9.49999	5.54E-11	327.364666	0.0999999	8.62009E-05	327.364666
9.59999	5.69E-11	327.38923	0.0999998	8.70784E-05	327.38923
9.69999	5.63E-11	327.41384	0.1000003	8.79558E-05	327.41384
9.79999	5.73E-11	327.438398	0.1000001	8.88331E-05	327.438398
9.89999	5.76E-11	327.462945	0.1000002	8.97108E-05	327.462945
9.99999	5.71E-11	327.487468	0.1000002	9.05909E-05	327.487468
9.9	4.41E-11	327.511996	0.1	8.96969E-05	327.511996
9.8	4.11E-11	327.536602	0.0999999	8.88086E-05	327.536602
9.7	3.85E-11	327.561117	0.0999998	8.79233E-05	327.561117
9.6	3.63E-11	327.585625	0.0999997	8.70397E-05	327.585625
9.5	3.49E-11	327.610139	0.1	8.61582E-05	327.610139
9.4	3.39E-11	327.634647	0.0999999	8.52782E-05	327.634647
9.3	3.3E-11	327.659209	0.0999997	8.43986E-05	327.659209
9.2	3.22E-11	327.683777	0.0999998	8.35208E-05	327.683777
9.1	3.12E-11	327.708319	0.1	8.26449E-05	327.708319
9	3.03E-11	327.73291	0.1000001	8.17689E-05	327.73291
8.9	2.97E-11	327.757444	0.0999999	8.08989E-05	327.757444
8.8	2.96E-11	327.782063	0.1000001	8.00245E-05	327.782063
8.7	3.49E-11	327.841691	0.0999998	7.91537E-05	327.841691
8.6	2.9E-11	327.866218	0.0999999	7.82792E-05	327.866218
8.5	2.8E-11	327.890737	0.1	7.74067E-05	327.890737
8.4	2.68E-11	327.915355	0.0999998	7.65368E-05	327.915355
8.3	2.65E-11	327.939943	0.1	7.56681E-05	327.939943
8.2	2.57E-11	327.964448	0.1000001	7.48003E-05	327.964448
8.1	2.55E-11	327.988958	0.1000001	7.39336E-05	327.988958
8	2.43E-11	328.013486	0.1	7.3069E-05	328.013486
7.9	2.44E-11	328.038024	0.0999999	7.22054E-05	328.038024
7.8	2.4E-11	328.062637	0.1	7.13415E-05	328.062637
7.7	2.36E-11	328.087207	0.0999999	7.04793E-05	328.087207
7.6	2.29E-11	328.111722	0.0999997	6.96188E-05	328.111722
7.5	2.25E-11	328.136255	0.1000002	6.87582E-05	328.136255
7.4	2.25E-11	328.160788	0.0999998	6.78996E-05	328.160788
7.3	2.21E-11	328.185433	0.0999998	6.70407E-05	328.185433
7.2	2.13E-11	328.209938	0.0999999	6.61841E-05	328.209938
7.1	2.09E-11	328.234501	0.0999999	6.53286E-05	328.234501
7	2.07E-11	328.259025	0.1000001	6.44735E-05	328.259025
6.9	2.05E-11	328.283652	0.0999997	6.36193E-05	328.283652
6.8	2.65E-11	328.343131	0.1000001	6.27725E-05	328.343131
6.7	2.1E-11	328.36766	0.0999999	6.19196E-05	328.36766
6.6	1.98E-11	328.392206	0.1	6.10668E-05	328.392206
6.5	1.93E-11	328.416823	0.0999997	6.02163E-05	328.416823
6.4	1.93E-11	328.441426	0.0999998	5.93668E-05	328.441426
6.3	1.81E-11	328.465948	0.0999999	5.85189E-05	328.465948
6.2	1.79E-11	328.490481	0.0999999	5.76717E-05	328.490481
6.1	1.74E-11	328.514996	0.1	5.68251E-05	328.514996
6	1.74E-11	328.539492	0.1000001	5.59792E-05	328.539492
5.9	1.73E-11	328.564	0.0999998	5.51352E-05	328.564
5.8	1.67E-11	328.588506	0.0999998	5.42903E-05	328.588506
5.7	1.65E-11	328.613042	0.1000002	5.34479E-05	328.613042
5.6	1.58E-11	328.637565	0.1000001	5.26063E-05	328.637565
5.5	1.58E-11	328.662096	0.0999998	5.17651E-05	328.662096
5.4	1.49E-11	328.686642	0.0999999	5.09259E-05	328.686642
5.3	1.46E-11	328.711182	0.1000002	5.00865E-05	328.711182
5.2	1.41E-11	328.735766	0.0999998	4.92486E-05	328.735766
5.1	1.37E-11	328.760302	0.1	4.84118E-05	328.760302
5	1.31E-11	328.784826	0.0999997	4.75749E-05	328.784826
4.9	1.92E-11	328.840143	0.1	4.67444E-05	328.840143
4.8	1.38E-11	328.864666	0.1	4.591E-05	328.864666
4.7	1.26E-11	328.889199	0.1	4.50756E-05	328.889199
4.6	1.28E-11	328.913839	0.1000002	4.42429E-05	328.913839
4.5	1.15E-11	328.938419	0.0999999	4.34107E-05	328.938419
4.4	1.12E-11	328.96293	0.1	4.258E-05	328.96293
4.3	1.02E-11	328.98744	0.0999999	4.17501E-05	328.98744
4.2	1E-11	329.011985	0.1000001	4.0921E-05	329.011985
4.1	9.3E-12	329.036514	0.0999999	4.00931E-05	329.036514
4	8.4E-12	329.061102	0.1000002	3.92662E-05	329.061102
3.9	8.1E-12	329.08562	0.1	3.84393E-05	329.08562
3.8	7.2E-12	329.110147	0.0999998	3.76136E-05	329.110147
3.7	7E-12	329.134674	0.0999998	3.67898E-05	329.134674
3.6	6.4E-12	329.159226	0.0999998	3.59659E-05	329.159226
3.5	5.6E-12	329.183749	0.0999999	3.51435E-05	329.183749
3.4	5E-12	329.208278	0.0999998	3.43214E-05	329.208278
3.3	4.3E-12	329.232774	0.1	3.35011E-05	329.232774
3.2	4E-12	329.257318	0.0999998	3.26817E-05	329.257318
3.1	3.6E-12	329.281847	0.0999999	3.1863E-05	329.281847
3	1.04E-11	329.344007	0.1	3.10505E-05	329.344007
2.9	4.7E-12	329.368598	0.1000001	3.02326E-05	329.368598
2.8	2.9E-12	329.393162	0.1000002	2.94168E-05	329.393162
2.7	1.9E-12	329.417775	0.0999999	2.86007E-05	329.417775
2.6	9E-13	329.442327	0.0999998	2.77867E-05	329.442327
2.5	2E-13	329.466838	0.0999999	2.69747E-05	329.466838
2.4	-9E-13	329.491372	0.1000001	2.61632E-05	329.491372
2.3	-2E-12	329.515892	0.1000001	2.53532E-05	329.515892
2.2	-2.8E-12	329.540504	0.0999997	2.45445E-05	329.540504
2.099999	-4E-13	329.56692	0.0999999	2.3744E-05	329.56692
2	-4.4E-12	329.59144	0.1	2.29371E-05	329.59144
1.9	-6.2E-12	329.615954	0.1	2.21326E-05	329.615954
1.8	-6.8E-12	329.640485	0.1000001	2.13305E-05	329.640485
1.699999	-8.4E-12	329.664979	0.1	2.05296E-05	329.664979
1.6	-9.5E-12	329.689503	0.1	1.97306E-05	329.689503
1.5	-1.08E-11	329.714017	0.1	1.89344E-05	329.714017
1.4	-1.18E-11	329.738629	0.0999999	1.81404E-05	329.738629
1.3	-1.32E-11	329.76313	0.1	1.73495E-05	329.76313
1.2	-1.52E-11	329.78766	0.1000001	1.65615E-05	329.78766
1.100001	-9.8E-12	329.847594	0.1	1.5783E-05	329.847594
1	-1.58E-11	329.872155	0.1000001	1.50023E-05	329.872155
0.9	-1.86E-11	329.896706	0.1	1.42271E-05	329.896706
0.8	-2.01E-11	329.921343	0.1000003	1.34575E-05	329.921343
0.7	-2.21E-11	329.945922	0.0999998	1.26949E-05	329.945922
0.6	-2.42E-11	329.970474	0.0999997	1.19398E-05	329.970474
0.5	-2.7E-11	329.995006	0.1	1.11922E-05	329.995006
0.4	-2.93E-11	330.019515	0.1	1.04525E-05	330.019515
0.3	-3.16E-11	330.044043	0.1	9.7213E-06	330.044043
0.1999998	-2.99E-11	330.070521	0.0999999	8.999E-06	330.070521
0.0999999	-3.21E-11	330.097647	0.0999998	8.29056E-06	330.097647
-4E-07	-3.81E-11	330.122164	0.1	7.58592E-06	330.122164
