#scan	iMeasureCycle=1	iMux=0	time=0.031	N=401	LocalTime=20/04/2023 05:19:42
#VGate(V)	IGate(A)	time(s)	VDrain(V)	IDrain(A)	time(s)
-2E-07	-1.51E-10	0.033869	0.0999999	1.98864E-05	0.033869
-0.1000003	-2.092E-10	0.058828	0.1000001	1.90626E-05	0.058828
-0.2000004	-2.582E-10	0.083379	0.1	1.82443E-05	0.083379
-0.300001	-1.987E-10	0.108089	0.1000001	1.74287E-05	0.108089
-0.4	-1.106E-10	0.132617	0.0999999	1.66179E-05	0.132617
-0.5	-8.46E-11	0.157144	0.0999998	1.58109E-05	0.157144
-0.6	-7.14E-11	0.181658	0.0999999	1.50086E-05	0.181658
-0.7	-6.45E-11	0.206206	0.1	1.42107E-05	0.206206
-0.8	-5.97E-11	0.230704	0.0999999	1.34183E-05	0.230704
-0.9	-5.65E-11	0.255316	0.0999999	1.26326E-05	0.255316
-1	-5.44E-11	0.279824	0.0999999	1.18536E-05	0.279824
-1.1	-5.35E-11	0.304345	0.1	1.10818E-05	0.304345
-1.2	-5.25E-11	0.328843	0.0999999	1.03192E-05	0.328843
-1.3	-5.14E-11	0.353453	0.0999998	9.5673E-06	0.353453
-1.4	-4.73E-11	0.38061	0.1	8.83069E-06	0.38061
-1.5	-5.09E-11	0.405121	0.0999999	8.10296E-06	0.405121
-1.6	-5.07E-11	0.429674	0.0999999	7.39158E-06	0.429674
-1.7	-5.05E-11	0.454209	0.0999997	6.69777E-06	0.454209
-1.8	-5.07E-11	0.478751	0.1	6.02445E-06	0.478751
-1.9	-5.06E-11	0.503281	0.1	5.37457E-06	0.503281
-2	-5.14E-11	0.527784	0.1	4.75146E-06	0.527784
-2.1	-5.09E-11	0.552397	0.0999999	4.15746E-06	0.552397
-2.2	-4.43E-11	0.60025	0.1	3.59955E-06	0.60025
-2.3	-4.92E-11	0.624772	0.0999999	3.07189E-06	0.624772
-2.4	-4.99E-11	0.649314	0.1	2.5849E-06	0.649314
-2.5	-5.08E-11	0.673931	0.0999998	2.13934E-06	0.673931
-2.6	-5.12E-11	0.698528	0.0999998	1.73758E-06	0.698528
-2.7	-5.21E-11	0.723066	0.0999999	1.38E-06	0.723066
-2.8	-5.28E-11	0.747652	0.1000002	1.06814E-06	0.747652
-2.9	-4.9E-11	0.774921	0.0999995	8.02625E-07	0.774921
-3	-5.31E-11	0.799465	0.0999995	5.8018E-07	0.799465
-3.1	-5.36E-11	0.823969	0.0999994	4.01261E-07	0.823969
-3.2	-5.37E-11	0.848472	0.0999997	2.62658E-07	0.848472
-3.3	-5.38E-11	0.872979	0.0999997	1.611E-07	0.872979
-3.4	-5.41E-11	0.897494	0.0999997	9.1335E-08	0.897494
-3.5	-4.89E-11	0.935183	0.0999965	4.79516E-08	0.935183
-3.6	-6.72E-11	0.958467	0.1000046	2.22885E-08	0.958467
-3.7	-6.89E-11	0.9817	0.1000019	9.306E-09	0.9817
-3.8	-6.85E-11	1.004985	0.1000009	3.4858E-09	1.004985
-3.9	-6.9E-11	1.028261	0.1000006	1.1608E-09	1.028261
-4	-6.87E-11	1.051645	0.1000002	3.39E-10	1.051645
-4.1	-4.99E-11	1.100683	0.1	8.31E-11	1.100683
-4.2	-6.95E-11	1.123915	0.1000003	1.27E-11	1.123915
-4.3	-7.04E-11	1.14714	0.1000002	-1.5E-12	1.14714
-4.4	-7.12E-11	1.170365	0.1000004	-4E-12	1.170365
-4.5	-6.98E-11	1.193701	0.1000001	-4.4E-12	1.193701
-4.6	-7.02E-11	1.216987	0.1000003	-3.8E-12	1.216987
-4.7	-7.24E-11	1.240199	0.1000002	-3.8E-12	1.240199
-4.8	-7.23E-11	1.263451	0.1000002	-4E-12	1.263451
-4.9	-7.12E-11	1.286747	0.1	-4.5E-12	1.286747
-5	-7.39E-11	1.309956	0.1000001	-4E-12	1.309956
-5.1	-7.35E-11	1.333172	0.1000001	-3.9E-12	1.333172
-5.2	-7.41E-11	1.356404	0.1000002	-4.3E-12	1.356404
-5.3	-7.23E-11	1.379778	0.1000002	-4.3E-12	1.379778
-5.4	-7.46E-11	1.402989	0.1000003	-3.9E-12	1.402989
-5.5	-7.41E-11	1.426254	0.1000001	-4E-12	1.426254
-5.6	-7.51E-11	1.449473	0.1000003	-3.8E-12	1.449473
-5.7	-7.49E-11	1.472709	0.0999999	-4.2E-12	1.472709
-5.8	-7.31E-11	1.496013	0.1000002	-4.3E-12	1.496013
-5.9	-7.57E-11	1.519221	0.1000001	-4.2E-12	1.519221
-6	-7.59E-11	1.542439	0.1000003	-3.6E-12	1.542439
-6.1	-5.44E-11	1.599277	0.0999999	-5.9E-12	1.599277
-6.2	-7.39E-11	1.622511	0.1000001	-4.3E-12	1.622511
-6.3	-7.49E-11	1.645727	0.1000002	-4.1E-12	1.645727
-6.4	-7.42E-11	1.669107	0.1000002	-4.2E-12	1.669107
-6.5	-7.53E-11	1.692393	0.1000001	-4.1E-12	1.692393
-6.6	-7.58E-11	1.715616	0.1000002	-3.7E-12	1.715616
-6.7	-7.45E-11	1.738906	0.1000001	-4E-12	1.738906
-6.8	-7.47E-11	1.762248	0.1	-4.3E-12	1.762248
-6.9	-7.68E-11	1.785476	0.1	-4E-12	1.785476
-7	-7.69E-11	1.808698	0.1000002	-3.8E-12	1.808698
-7.1	-7.58E-11	1.83199	0.1	-4E-12	1.83199
-7.2	-7.53E-11	1.855377	0.1000002	-3.7E-12	1.855377
-7.3	-7.78E-11	1.878591	0.1000001	-3.5E-12	1.878591
-7.4	-7.74E-11	1.901807	0.1000003	-3.8E-12	1.901807
-7.5	-7.65E-11	1.925088	0.1000001	-4E-12	1.925088
-7.6	-7.67E-11	1.948382	0.1	-3.6E-12	1.948382
-7.7	-7.87E-11	1.971694	0.1000002	-3.3E-12	1.971694
-7.8	-7.89E-11	1.994909	0.1000002	-3.4E-12	1.994909
-7.9	-7.71E-11	2.018204	0.1000004	-3.4E-12	2.018204
-8	-7.88E-11	2.041423	0.1000002	-3.6E-12	2.041423
-8.1	-5.79E-11	2.100972	0.0999999	-5.4E-12	2.100972
-8.2	-7.55E-11	2.124275	0.1000001	-4.2E-12	2.124275
-8.3	-7.58E-11	2.14758	0.1000002	-3.9E-12	2.14758
-8.4	-7.81E-11	2.1708	0.1000001	-3.7E-12	2.1708
-8.5	-7.89E-11	2.194048	0.1000001	-3.9E-12	2.194048
-8.6	-7.72E-11	2.217332	0.1000002	-3.8E-12	2.217332
-8.7	-7.67E-11	2.240626	0.1000002	-3.7E-12	2.240626
-8.8	-7.73E-11	2.26391	0.1	-3.9E-12	2.26391
-8.9	-7.9E-11	2.287132	0.1000001	-3.1E-12	2.287132
-9	-7.8E-11	2.310414	0.1000002	-3.7E-12	2.310414
-9.1	-7.82E-11	2.333704	0.1	-3.6E-12	2.333704
-9.2	-7.97E-11	2.356931	0.0999999	-3.3E-12	2.356931
-9.3	-7.86E-11	2.380216	0.1000002	-3.5E-12	2.380216
-9.4	-7.89E-11	2.40352	0.1000001	-3.3E-12	2.40352
-9.5	-8.07E-11	2.42673	0.1000002	-3.4E-12	2.42673
-9.6	-8.08E-11	2.450003	0.1000001	-3.3E-12	2.450003
-9.7	-8.04E-11	2.473228	0.1000001	-3.2E-12	2.473228
-9.8	-7.94E-11	2.496519	0.1000002	-3.9E-12	2.496519
-9.9	-8.09E-11	2.519727	0.1000002	-3.7E-12	2.519727
-10	-8.11E-11	2.542958	0.1	-3.1E-12	2.542958
-9.90001	-5.6E-11	2.602208	0.0999999	-5.2E-12	2.602208
-9.80001	-3.58E-11	2.625519	0.0999996	-7.2E-12	2.625519
-9.70001	-3.37E-11	2.648802	0.0999997	-7.5E-12	2.648802
-9.60001	-3.04E-11	2.672009	0.0999999	-7.3E-12	2.672009
-9.50001	-2.92E-11	2.695285	0.0999996	-7.1E-12	2.695285
-9.40001	-2.77E-11	2.718497	0.0999999	-7.6E-12	2.718497
-9.30001	-2.87E-11	2.741789	0.0999999	-6.9E-12	2.741789
-9.20001	-2.64E-11	2.764997	0.0999998	-7.2E-12	2.764997
-9.10001	-2.53E-11	2.788267	0.0999997	-7.4E-12	2.788267
-9.00001	-2.43E-11	2.811492	0.0999998	-7.2E-12	2.811492
-8.90001	-2.55E-11	2.834778	0.0999997	-7E-12	2.834778
-8.80001	-2.48E-11	2.858058	0.0999998	-7.3E-12	2.858058
-8.70001	-2.44E-11	2.88143	0.0999997	-7.5E-12	2.88143
-8.60001	-2.36E-11	2.904708	0.0999998	-7.4E-12	2.904708
-8.50001	-2.3E-11	2.927996	0.0999996	-7.6E-12	2.927996
-8.40001	-2.14E-11	2.951263	0.0999998	-7.2E-12	2.951263
-8.30001	-2.02E-11	2.974478	0.0999997	-7.7E-12	2.974478
-8.20001	-2.14E-11	2.997775	0.0999998	-7.4E-12	2.997775
-8.10001	-2.09E-11	3.021065	0.0999998	-7.6E-12	3.021065
-8.00001	-1.87E-11	3.044288	0.0999998	-8E-12	3.044288
-7.90001	-3.94E-11	3.104115	0.1	-5.8E-12	3.104115
-7.80001	-2E-11	3.127391	0.0999998	-7.3E-12	3.127391
-7.70001	-1.88E-11	3.150624	0.0999998	-7E-12	3.150624
-7.6	-1.93E-11	3.173918	0.0999996	-7.7E-12	3.173918
-7.50001	-1.89E-11	3.197263	0.0999998	-7.4E-12	3.197263
-7.40001	-1.85E-11	3.22055	0.0999995	-7.3E-12	3.22055
-7.30001	-1.67E-11	3.243779	0.0999998	-7.7E-12	3.243779
-7.2	-1.74E-11	3.267074	0.0999996	-7.3E-12	3.267074
-7.10001	-1.76E-11	3.290369	0.0999998	-7.5E-12	3.290369
-7.00001	-1.53E-11	3.313582	0.0999997	-7.9E-12	3.313582
-6.90001	-1.52E-11	3.336792	0.0999998	-7.9E-12	3.336792
-6.80001	-1.62E-11	3.360081	0.0999997	-7.9E-12	3.360081
-6.70001	-1.57E-11	3.383366	0.0999999	-7.9E-12	3.383366
-6.60001	-1.38E-11	3.406584	0.0999997	-8.1E-12	3.406584
-6.50001	-1.49E-11	3.430055	0.0999997	-7.5E-12	3.430055
-6.40001	-1.35E-11	3.453359	0.0999996	-7.7E-12	3.453359
-6.30001	-1.29E-11	3.476578	0.0999997	-7.8E-12	3.476578
-6.20001	-1.33E-11	3.499837	0.0999997	-7.6E-12	3.499837
-6.10001	-1.37E-11	3.523134	0.0999996	-7.6E-12	3.523134
-6.00001	-1.17E-11	3.546369	0.0999997	-7.9E-12	3.546369
-5.90001	-3.15E-11	3.600956	0.0999999	-5.8E-12	3.600956
-5.80001	-1.41E-11	3.624261	0.0999998	-7.8E-12	3.624261
-5.70001	-1.31E-11	3.64756	0.0999996	-7.9E-12	3.64756
-5.60001	-1.07E-11	3.670773	0.0999997	-7.9E-12	3.670773
-5.50001	-9.8E-12	3.694045	0.0999994	-8.1E-12	3.694045
-5.40001	-1.11E-11	3.717347	0.0999999	-8E-12	3.717347
-5.30001	-1.1E-11	3.740638	0.0999997	-8.1E-12	3.740638
-5.20001	-8.3E-12	3.763847	0.0999997	-8.4E-12	3.763847
-5.1	-8E-12	3.78711	0.0999999	-7.8E-12	3.78711
-5.00001	-9.6E-12	3.810411	0.0999999	-8.1E-12	3.810411
-4.90001	-8.1E-12	3.833648	0.0999997	-8.4E-12	3.833648
-4.80001	-7E-12	3.856955	0.0999997	-8.4E-12	3.856955
-4.7	-6E-12	3.880175	0.0999998	-8E-12	3.880175
-4.60001	-7.6E-12	3.903467	0.0999997	-7.9E-12	3.903467
-4.50001	-5.7E-12	3.926682	0.0999997	-8E-12	3.926682
-4.40001	-5.2E-12	3.949891	0.0999999	-7.2E-12	3.949891
-4.3	-4.5E-12	3.973107	0.0999998	-1.2E-12	3.973107
-4.20001	-5.6E-12	3.996405	0.0999997	3.18E-11	3.996405
-4.10001	-6E-12	4.019713	0.0999997	1.647E-10	4.019713
-4.00001	-3E-12	4.042921	0.0999998	6.155E-10	4.042921
-3.90001	-2.7E-12	4.066226	0.1000001	1.9347E-09	4.066226
-3.80001	-2.27E-11	4.107344	0.1000001	5.2283E-09	4.107344
-3.70001	-5.6E-12	4.130733	0.1000005	1.34217E-08	4.130733
-3.60001	-1.9E-12	4.153943	0.1000008	3.02672E-08	4.153943
-3.50001	-2.1E-12	4.17717	0.0999999	6.14776E-08	4.17717
-3.40001	-2.2E-11	4.225419	0.0999999	1.1103E-07	4.225419
-3.30001	-1.65E-11	4.250192	0.1000003	1.90894E-07	4.250192
-3.20001	-1.57E-11	4.274682	0.1000004	3.02852E-07	4.274682
-3.10001	-1.5E-11	4.299204	0.1000005	4.52026E-07	4.299204
-3.00001	-1.41E-11	4.323715	0.1000005	6.4119E-07	4.323715
-2.90001	-1.31E-11	4.348233	0.1000005	8.73475E-07	4.348233
-2.80001	-1.77E-11	4.382803	0.1000001	1.14567E-06	4.382803
-2.70001	-1.29E-11	4.407342	0.1	1.46924E-06	4.407342
-2.60001	-1.14E-11	4.431863	0.1	1.83576E-06	4.431863
-2.50001	-1.08E-11	4.456438	0.1000001	2.24635E-06	4.456438
-2.40001	-1.01E-11	4.480972	0.0999999	2.6983E-06	4.480972
-2.30001	-9.5E-12	4.505492	0.1000001	3.19128E-06	4.505492
-2.20001	-8.7E-12	4.530032	0.0999999	3.7214E-06	4.530032
-2.1	-1.13E-11	4.556582	0.1000002	4.28825E-06	4.556582
-2.000001	-1.4E-11	4.612068	0.0999999	4.87588E-06	4.612068
-1.900001	-8.4E-12	4.636598	0.1000001	5.50576E-06	4.636598
-1.800001	-6.9E-12	4.661129	0.1000001	6.15903E-06	4.661129
-1.7	-5.2E-12	4.685672	0.0999999	6.834E-06	4.685672
-1.6	-4.6E-12	4.710223	0.0999999	7.52811E-06	4.710223
-1.5	-3.3E-12	4.734765	0.1000001	8.24007E-06	4.734765
-1.400001	-2.6E-12	4.759308	0.1	8.96702E-06	4.759308
-1.3	-1E-12	4.783894	0.0999999	9.70644E-06	4.783894
-1.2	-1E-13	4.808444	0.1	1.045763E-05	4.808444
-1.100001	-4.1E-12	4.84283	0.0999999	1.12111E-05	4.84283
-1	1.7E-12	4.86734	0.1	1.19822E-05	4.86734
-0.9	3.3E-12	4.891868	0.1	1.276E-05	4.891868
-0.8	4.8E-12	4.916326	0.1	1.3544E-05	4.916326
-0.700001	5.7E-12	4.940854	0.1000001	1.43338E-05	4.940854
-0.6	7.8E-12	4.965364	0.1000001	1.51295E-05	4.965364
-0.500001	9E-12	4.98993	0.1000001	1.59285E-05	4.98993
-0.400001	1.03E-11	5.014439	0.1	1.67329E-05	5.014439
-0.3	1.19E-11	5.038968	0.1000002	1.75412E-05	5.038968
-0.2	9.8E-12	5.065449	0.1000001	1.83526E-05	5.065449
-0.1000001	9.1E-12	5.111008	0.0999999	1.91639E-05	5.111008
2E-07	1.52E-11	5.135536	0.1000002	1.99851E-05	5.135536
0.1000004	1.78E-11	5.160041	0.1	2.08101E-05	5.160041
0.2000003	1.98E-11	5.184526	0.1000001	2.16394E-05	5.184526
0.299999	2.19E-11	5.209333	0.1	2.2473E-05	5.209333
0.4	2.42E-11	5.233856	0.1	2.33122E-05	5.233856
0.5	2.59E-11	5.258358	0.1	2.41544E-05	5.258358
0.599999	2.75E-11	5.282887	0.1	2.4999E-05	5.282887
0.699999	2.94E-11	5.307397	0.1000001	2.58456E-05	5.307397
0.799999	3.16E-11	5.331898	0.0999999	2.66954E-05	5.331898
0.899999	3.32E-11	5.356427	0.1000001	2.75467E-05	5.356427
0.999999	3.47E-11	5.380938	0.1000002	2.83989E-05	5.380938
1.1	3.69E-11	5.405436	0.1000001	2.9253E-05	5.405436
1.2	3.87E-11	5.429911	0.0999998	3.01081E-05	5.429911
1.3	4.01E-11	5.454485	0.1	3.09638E-05	5.454485
1.4	4.12E-11	5.478988	0.1000003	3.18209E-05	5.478988
1.5	4.23E-11	5.503494	0.1000002	3.2678E-05	5.503494
1.6	4.35E-11	5.52801	0.1000001	3.35361E-05	5.52801
1.699999	4.36E-11	5.552689	0.1000001	3.43947E-05	5.552689
1.799999	3.85E-11	5.60827	0.0999999	3.52445E-05	5.60827
1.899999	4.37E-11	5.632825	0.1	3.61084E-05	5.632825
2	4.52E-11	5.657343	0.1000002	3.69707E-05	5.657343
2.099999	4.58E-11	5.681836	0.0999998	3.78321E-05	5.681836
2.19999	4.68E-11	5.706642	0.1000001	3.8691E-05	5.706642
2.29999	4.8E-11	5.731157	0.1000001	3.95537E-05	5.731157
2.39999	4.87E-11	5.755693	0.1000001	4.04177E-05	5.755693
2.49999	4.84E-11	5.780461	0.1000001	4.12817E-05	5.780461
2.59999	4.96E-11	5.805003	0.0999999	4.21454E-05	5.805003
2.69999	5.02E-11	5.829537	0.1	4.30102E-05	5.829537
2.79999	5.06E-11	5.854149	0.0999999	4.38756E-05	5.854149
2.89999	5.06E-11	5.878674	0.1000002	4.47411E-05	5.878674
2.99999	5.12E-11	5.903177	0.0999999	4.56071E-05	5.903177
3.09999	5.16E-11	5.927708	0.1	4.64745E-05	5.927708
3.19999	5.17E-11	5.952237	0.1	4.73426E-05	5.952237
3.29999	5.24E-11	5.976771	0.1000002	4.82103E-05	5.976771
3.39999	5.25E-11	6.001281	0.1000003	4.90792E-05	6.001281
3.49999	5.29E-11	6.025861	0.1000001	4.99488E-05	6.025861
3.59999	5.32E-11	6.050396	0.1	5.08182E-05	6.050396
3.69999	4.5E-11	6.112061	0.0999999	5.16738E-05	6.112061
3.79999	5.14E-11	6.136636	0.1000003	5.25511E-05	6.136636
3.89999	5.21E-11	6.161154	0.1	5.34256E-05	6.161154
3.99999	5.25E-11	6.185662	0.1000002	5.42992E-05	6.185662
4.09999	5.33E-11	6.21024	0.1000002	5.51741E-05	6.21024
4.19999	5.37E-11	6.234792	0.1000002	5.60478E-05	6.234792
4.29999	5.4E-11	6.259331	0.1	5.69238E-05	6.259331
4.39999	5.46E-11	6.283841	0.1	5.77997E-05	6.283841
4.49999	5.48E-11	6.308344	0.1000002	5.86767E-05	6.308344
4.59999	5.51E-11	6.332879	0.1000002	5.95533E-05	6.332879
4.69999	5.52E-11	6.357438	0.1	6.04318E-05	6.357438
4.79999	5.53E-11	6.382002	0.1000001	6.13107E-05	6.382002
4.89999	5.59E-11	6.40651	0.1000001	6.21911E-05	6.40651
4.99999	5.56E-11	6.431121	0.1	6.3071E-05	6.431121
5.09999	5.63E-11	6.455692	0.1	6.39527E-05	6.455692
5.19999	5.65E-11	6.480198	0.1000002	6.48336E-05	6.480198
5.29999	5.68E-11	6.504691	0.1	6.57159E-05	6.504691
5.39999	5.66E-11	6.529228	0.1000002	6.65994E-05	6.529228
5.49999	5.72E-11	6.553745	0.1000002	6.74843E-05	6.553745
5.59999	5.05E-11	6.615636	0.1000002	6.83582E-05	6.615636
5.69999	5.55E-11	6.640159	0.1000001	6.9247E-05	6.640159
5.79999	5.6E-11	6.664666	0.1000002	7.01356E-05	6.664666
5.89999	5.62E-11	6.689218	0.0999999	7.10248E-05	6.689218
5.99999	5.61E-11	6.713819	0.1000001	7.19132E-05	6.713819
6.09999	5.69E-11	6.738461	0.0999998	7.2803E-05	6.738461
6.19999	5.72E-11	6.762977	0.1000001	7.36931E-05	6.762977
6.29999	5.74E-11	6.787559	0.0999999	7.45848E-05	6.787559
6.39999	5.78E-11	6.812057	0.1000004	7.54763E-05	6.812057
6.49999	5.83E-11	6.836595	0.1	7.63676E-05	6.836595
6.59999	5.87E-11	6.861096	0.0999999	7.72608E-05	6.861096
6.69999	5.83E-11	6.885658	0.1000001	7.8157E-05	6.885658
6.79999	5.83E-11	6.910178	0.1000003	7.90513E-05	6.910178
6.89999	5.87E-11	6.934708	0.1	7.99473E-05	6.934708
6.99999	5.85E-11	6.959261	0.0999997	8.08434E-05	6.959261
7.09999	5.93E-11	6.983781	0.0999998	8.17421E-05	6.983781
7.19999	5.95E-11	7.008291	0.1000001	8.26402E-05	7.008291
7.29999	5.94E-11	7.032813	0.1000003	8.35385E-05	7.032813
7.39999	5.86E-11	7.057533	0.1000003	8.44392E-05	7.057533
7.49999	5.32E-11	7.117392	0.1	8.53311E-05	7.117392
7.59999	5.78E-11	7.141973	0.1000001	8.62366E-05	7.141973
7.69999	5.88E-11	7.16651	0.1	8.71418E-05	7.16651
7.79999	5.88E-11	7.191051	0.1	8.8047E-05	7.191051
7.89999	5.93E-11	7.21564	0.1000001	8.89516E-05	7.21564
7.99999	5.97E-11	7.240203	0.0999998	8.98579E-05	7.240203
8.09999	5.96E-11	7.264719	0.0999999	9.07639E-05	7.264719
8.19999	5.96E-11	7.289238	0.1000001	9.16703E-05	7.289238
8.29999	5.98E-11	7.313866	0.1	9.25789E-05	7.313866
8.39999	6.06E-11	7.338396	0.1000001	9.34895E-05	7.338396
8.49999	6.05E-11	7.362934	0.1	9.4399E-05	7.362934
8.59999	6.1E-11	7.387441	0.0999999	9.5309E-05	7.387441
8.69999	6.07E-11	7.411967	0.1000002	9.6222E-05	7.411967
8.79999	6.09E-11	7.436494	0.0999999	9.71351E-05	7.436494
8.89999	6.07E-11	7.461069	0.1000003	9.80488E-05	7.461069
8.99999	6.1E-11	7.485569	0.1	9.89621E-05	7.485569
9.09999	6.12E-11	7.510092	0.1000001	9.98783E-05	7.510092
9.19999	6.11E-11	7.534608	0.1000002	0.0001007956	7.534608
9.29999	6.09E-11	7.55918	0.1	0.0001017086	7.55918
9.39999	5.47E-11	7.618581	0.1	0.0001026249	7.618581
9.49999	6.02E-11	7.643108	0.1	0.0001035479	7.643108
9.59999	6.04E-11	7.667632	0.1000001	0.0001044697	7.667632
9.69999	5.66E-11	7.697216	0.0999998	0.000105363	7.697216
9.79999	6.06E-11	7.721795	0.1	0.000106285	7.721795
9.89999	6.11E-11	7.746349	0.0999999	0.00010721	7.746349
9.99999	6.2E-11	7.770862	0.1	0.000108134	7.770862
9.9	4.86E-11	7.795441	0.0999999	0.000107196	7.795441
9.8	4.57E-11	7.819974	0.0999998	0.000106263	7.819974
9.7	4.34E-11	7.844511	0.1000001	0.000105334	7.844511
9.6	4.16E-11	7.869103	0.0999999	0.000104405	7.869103
9.5	4E-11	7.893636	0.0999999	0.000103477	7.893636
9.4	3.91E-11	7.918182	0.0999998	0.000102551	7.918182
9.3	3.82E-11	7.942734	0.1000001	0.000101625	7.942734
9.2	3.69E-11	7.967256	0.1	0.000100701	7.967256
9.1	3.63E-11	7.991781	0.1	9.9777E-05	7.991781
9	3.52E-11	8.01628	0.1	9.8856E-05	8.01628
8.9	3.48E-11	8.040838	0.1000002	9.794E-05	8.040838
8.8	3.4E-11	8.065462	0.0999999	9.7017E-05	8.065462
8.7	3.94E-11	8.122907	0.1	9.6103E-05	8.122907
8.6	3.44E-11	8.147431	0.1000001	9.5179E-05	8.147431
8.5	3.32E-11	8.171984	0.1000001	9.426E-05	8.171984
8.4	3.22E-11	8.196508	0.0999999	9.3341E-05	8.196508
8.3	3.28E-11	8.222619	0.1	9.2424E-05	8.222619
8.2	3.16E-11	8.247184	0.0999999	9.1509E-05	8.247184
8.1	3.03E-11	8.271697	0.0999999	9.0593E-05	8.271697
8	2.99E-11	8.296262	0.0999999	8.968E-05	8.296262
7.9	3.3E-11	8.324136	0.0999999	8.87994E-05	8.324136
7.8	2.93E-11	8.348679	0.0999999	8.78886E-05	8.348679
7.7	2.88E-11	8.37322	0.1000001	8.69761E-05	8.37322
7.6	2.86E-11	8.397774	0.1000001	8.60659E-05	8.397774
7.5	2.82E-11	8.422284	0.1000001	8.51557E-05	8.422284
7.4	2.77E-11	8.446823	0.0999999	8.42481E-05	8.446823
7.3	2.72E-11	8.471399	0.1	8.33411E-05	8.471399
7.2	2.72E-11	8.495962	0.0999999	8.24338E-05	8.495962
7.1	2.62E-11	8.520464	0.0999999	8.15282E-05	8.520464
7	2.6E-11	8.544999	0.1	8.06238E-05	8.544999
6.9	2.57E-11	8.569583	0.0999999	7.97195E-05	8.569583
6.8	3.13E-11	8.620976	0.0999999	7.88225E-05	8.620976
6.7	2.65E-11	8.645587	0.0999999	7.79178E-05	8.645587
6.6	2.51E-11	8.670143	0.1	7.70151E-05	8.670143
6.5	2.49E-11	8.694657	0.0999999	7.61143E-05	8.694657
6.4	2.46E-11	8.719312	0.1000001	7.52143E-05	8.719312
6.3	2.32E-11	8.743771	0.0999997	7.43145E-05	8.743771
6.2	2.35E-11	8.768303	0.0999999	7.34149E-05	8.768303
6.1	2.31E-11	8.79281	0.0999999	7.25176E-05	8.79281
6	2.31E-11	8.817339	0.0999998	7.16208E-05	8.817339
5.9	2.22E-11	8.841837	0.1000001	7.07242E-05	8.841837
5.8	2.18E-11	8.866352	0.1	6.98286E-05	8.866352
5.7	2.09E-11	8.890854	0.1000001	6.89338E-05	8.890854
5.6	2.06E-11	8.915376	0.1000003	6.80388E-05	8.915376
5.5	2.04E-11	8.939891	0.1	6.7147E-05	8.939891
5.4	2.04E-11	8.96442	0.0999999	6.62535E-05	8.96442
5.3	2.01E-11	8.988916	0.1	6.53616E-05	8.988916
5.2	1.96E-11	9.013453	0.1	6.44719E-05	9.013453
5.1	1.9E-11	9.037964	0.0999999	6.35814E-05	9.037964
5	1.88E-11	9.062584	0.0999998	6.26912E-05	9.062584
4.9	2.47E-11	9.123744	0.1000001	6.18078E-05	9.123744
4.8	1.92E-11	9.148268	0.0999998	6.09204E-05	9.148268
4.7	1.89E-11	9.172805	0.1000002	6.00317E-05	9.172805
4.6	1.78E-11	9.197339	0.0999999	5.91439E-05	9.197339
4.5	1.76E-11	9.221952	0.1	5.82582E-05	9.221952
4.4	1.61E-11	9.246461	0.1000001	5.73735E-05	9.246461
4.3	1.66E-11	9.271	0.1	5.64894E-05	9.271
4.2	1.54E-11	9.295504	0.0999997	5.56052E-05	9.295504
4.1	1.49E-11	9.320042	0.0999998	5.47224E-05	9.320042
4	1.48E-11	9.344576	0.0999999	5.3841E-05	9.344576
3.9	1.37E-11	9.369094	0.1000001	5.29593E-05	9.369094
3.8	1.3E-11	9.393594	0.0999999	5.20789E-05	9.393594
3.7	1.27E-11	9.418105	0.0999999	5.11988E-05	9.418105
3.6	1.17E-11	9.442624	0.1	5.03203E-05	9.442624
3.5	1.15E-11	9.467223	0.1000001	4.94421E-05	9.467223
3.4	1.09E-11	9.491764	0.1	4.85654E-05	9.491764
3.3	9.8E-12	9.516274	0.0999999	4.7688E-05	9.516274
3.2	9.6E-12	9.54078	0.0999999	4.68124E-05	9.54078
3.1	8.9E-12	9.565318	0.1000001	4.59377E-05	9.565318
3	1.5E-11	9.625254	0.1000002	4.50682E-05	9.625254
2.9	9.4E-12	9.649797	0.1000001	4.41941E-05	9.649797
2.8	8.3E-12	9.674341	0.1	4.33205E-05	9.674341
2.7	6.9E-12	9.698849	0.0999998	4.24489E-05	9.698849
2.6	5.9E-12	9.723437	0.0999998	4.15771E-05	9.723437
2.5	5.4E-12	9.747947	0.0999998	4.07069E-05	9.747947
2.4	4.2E-12	9.77247	0.1	3.98368E-05	9.77247
2.3	3.4E-12	9.797029	0.1	3.89692E-05	9.797029
2.2	2.3E-12	9.821546	0.1000001	3.81007E-05	9.821546
2.099999	5.1E-12	9.847972	0.1	3.72364E-05	9.847972
2	5E-13	9.872672	0.0999999	3.63704E-05	9.872672
1.9	-7E-13	9.89718	0.0999999	3.55056E-05	9.89718
1.8	-1.5E-12	9.921696	0.0999999	3.46421E-05	9.921696
1.7	-2.7E-12	9.946214	0.0999998	3.37796E-05	9.946214
1.6	-4.2E-12	9.970681	0.0999999	3.29187E-05	9.970681
1.5	-5.5E-12	9.995211	0.1	3.20587E-05	9.995211
1.4	-6.5E-12	10.019726	0.0999999	3.11995E-05	10.019726
1.3	-8E-12	10.044234	0.1000001	3.03421E-05	10.044234
1.2	-9.2E-12	10.068979	0.1	2.9487E-05	10.068979
1.100001	-3.8E-12	10.126896	0.0999998	2.86375E-05	10.126896
1	-1.03E-11	10.151496	0.1	2.77852E-05	10.151496
0.9	-1.25E-11	10.176104	0.1000002	2.69355E-05	10.176104
0.8	-1.46E-11	10.200627	0.0999997	2.60883E-05	10.200627
0.7	-1.67E-11	10.225189	0.0999998	2.52444E-05	10.225189
0.6	-1.87E-11	10.249727	0.0999998	2.4404E-05	10.249727
0.5	-2.11E-11	10.274215	0.0999999	2.35668E-05	10.274215
0.4	-2.35E-11	10.298737	0.1	2.27343E-05	10.298737
0.3	-2.52E-11	10.323234	0.0999999	2.19063E-05	10.323234
0.1999999	-2.44E-11	10.349643	0.1	2.10842E-05	10.349643
0.0999996	-2.98E-11	10.37415	0.1	2.02664E-05	10.37415
-4E-07	-3.23E-11	10.398666	0.1	1.94535E-05	10.398666
#scan	iMeasureCycle=2	iMux=0	time=279.806	N=401	LocalTime=20/04/2023 05:24:22
#VGate(V)	IGate(A)	time(s)	VDrain(V)	IDrain(A)	time(s)
-1E-07	-1.16E-11	279.813469	0.1	1.96666E-05	279.813469
-0.1000004	-1.92E-11	279.838346	0.0999999	1.88473E-05	279.838346
-0.2	-2.02E-11	279.86434	0.1000001	1.80328E-05	279.86434
-0.3	-2.64E-11	279.889054	0.1000001	1.72216E-05	279.889054
-0.4	-2.9E-11	279.913611	0.1	1.64152E-05	279.913611
-0.5	-3.17E-11	279.938137	0.0999999	1.56132E-05	279.938137
-0.6	-3.37E-11	279.962645	0.0999998	1.48159E-05	279.962645
-0.7	-3.61E-11	279.98725	0.1	1.40233E-05	279.98725
-0.8	-3.69E-11	280.011854	0.1	1.32372E-05	280.011854
-0.9	-3.84E-11	280.036431	0.0999999	1.24569E-05	280.036431
-1	-4.06E-11	280.060934	0.1	1.16834E-05	280.060934
-1.1	-4.14E-11	280.085513	0.0999999	1.09181E-05	280.085513
-1.2	-4.29E-11	280.110033	0.1	1.01616E-05	280.110033
-1.3	-4.36E-11	280.134556	0.0999998	9.4156E-06	280.134556
-1.4	-4.07E-11	280.161658	0.0999998	8.68668E-06	280.161658
-1.5	-4.5E-11	280.186159	0.0999999	7.96695E-06	280.186159
-1.6	-4.63E-11	280.210644	0.0999999	7.26292E-06	280.210644
-1.7	-4.64E-11	280.235181	0.1	6.57774E-06	280.235181
-1.8	-4.74E-11	280.259701	0.1000001	5.91254E-06	280.259701
-1.9	-4.76E-11	280.284212	0.1	5.27099E-06	280.284212
-2	-4.84E-11	280.308766	0.0999999	4.6562E-06	280.308766
-2.1	-4.9E-11	280.333289	0.1000001	4.07036E-06	280.333289
-2.2	-4.29E-11	280.380055	0.1	3.5192E-06	280.380055
-2.3	-4.82E-11	280.404643	0.1	2.99965E-06	280.404643
-2.4	-4.99E-11	280.429154	0.0999997	2.52033E-06	280.429154
-2.5	-4.97E-11	280.45371	0.0999999	2.08242E-06	280.45371
-2.6	-5.06E-11	280.478284	0.1	1.68775E-06	280.478284
-2.7	-5.17E-11	280.502935	0.0999998	1.33722E-06	280.502935
-2.8	-5.15E-11	280.527512	0.0999999	1.03148E-06	280.527512
-2.9	-4.81E-11	280.554834	0.0999997	7.72159E-07	280.554834
-3	-5.18E-11	280.579366	0.0999996	5.55397E-07	280.579366
-3.1	-5.24E-11	280.603989	0.0999997	3.81957E-07	280.603989
-3.2	-5.26E-11	280.62853	0.0999998	2.48396E-07	280.62853
-3.3	-5.35E-11	280.653068	0.0999999	1.50959E-07	280.653068
-3.4	-4.83E-11	280.69074	0.0999953	8.57507E-08	280.69074
-3.5	-6.74E-11	280.714043	0.1000106	4.3644E-08	280.714043
-3.6	-6.72E-11	280.737381	0.1000032	2.0094E-08	280.737381
-3.7	-6.77E-11	280.760652	0.100002	8.3363E-09	280.760652
-3.8	-7E-11	280.783858	0.100001	3.1037E-09	280.783858
-3.9	-6.99E-11	280.807074	0.1000007	1.023E-09	280.807074
-4	-7.01E-11	280.830284	0.1000005	2.906E-10	280.830284
-4.1	-4.97E-11	280.880144	0.1	7.1E-11	280.880144
-4.2	-6.87E-11	280.903401	0.1000001	1.02E-11	280.903401
-4.3	-6.81E-11	280.926707	0.1	-2.4E-12	280.926707
-4.4	-6.89E-11	280.950006	0.1000002	-4.1E-12	280.950006
-4.5	-7.11E-11	280.973279	0.1000004	-4.4E-12	280.973279
-4.6	-7.22E-11	280.996579	0.1000001	-4.1E-12	280.996579
-4.7	-7.09E-11	281.019903	0.1000001	-4.7E-12	281.019903
-4.8	-7.28E-11	281.043104	0.1000001	-4.5E-12	281.043104
-4.9	-7.32E-11	281.066335	0.1000003	-4.6E-12	281.066335
-5	-7.32E-11	281.089557	0.1000001	-4.1E-12	281.089557
-5.1	-7.17E-11	281.112847	0.1000003	-4.2E-12	281.112847
-5.2	-7.15E-11	281.136141	0.1000003	-4E-12	281.136141
-5.3	-7.39E-11	281.15935	0.1000001	-4.2E-12	281.15935
-5.4	-7.24E-11	281.182638	0.1000001	-4.5E-12	281.182638
-5.5	-7.25E-11	281.205915	0.1	-3.9E-12	281.205915
-5.6	-7.52E-11	281.229121	0.1000002	-3.8E-12	281.229121
-5.7	-7.47E-11	281.252347	0.1	-3.8E-12	281.252347
-5.8	-7.5E-11	281.275556	0.1000001	-4.2E-12	281.275556
-5.9	-7.34E-11	281.298838	0.1	-4.1E-12	281.298838
-6	-7.34E-11	281.32213	0.0999999	-4.2E-12	281.32213
-6.1	-5.44E-11	281.379513	0.0999998	-5.8E-12	281.379513
-6.2	-7.47E-11	281.40279	0.1000002	-4.2E-12	281.40279
-6.3	-7.36E-11	281.426103	0.1000003	-4.6E-12	281.426103
-6.4	-7.45E-11	281.449335	0.0999999	-4.5E-12	281.449335
-6.5	-7.55E-11	281.472598	0.1000001	-4.2E-12	281.472598
-6.6	-7.62E-11	281.495883	0.1000001	-3.9E-12	281.495883
-6.7	-7.49E-11	281.519202	0.1000001	-4.4E-12	281.519202
-6.8	-7.62E-11	281.542429	0.1000001	-4.3E-12	281.542429
-6.9	-7.69E-11	281.56565	0.1000003	-3.9E-12	281.56565
-7	-7.7E-11	281.58886	0.1000002	-3.5E-12	281.58886
-7.1	-7.55E-11	281.612156	0.1	-3.9E-12	281.612156
-7.2	-7.61E-11	281.635453	0.1000002	-4.2E-12	281.635453
-7.3	-7.79E-11	281.658663	0.1000002	-3.7E-12	281.658663
-7.4	-7.77E-11	281.681887	0.1000002	-4.1E-12	281.681887
-7.5	-7.6E-11	281.705181	0.1	-4.1E-12	281.705181
-7.6	-7.85E-11	281.728483	0.1000002	-3.8E-12	281.728483
-7.7	-7.83E-11	281.751757	0.1000003	-3.8E-12	281.751757
-7.8	-7.68E-11	281.775049	0.1	-3.7E-12	281.775049
-7.9	-7.69E-11	281.798329	0.1000004	-3.5E-12	281.798329
-8	-7.83E-11	281.821556	0.1	-3.6E-12	281.821556
-8.1	-5.79E-11	281.880343	0.1	-5.7E-12	281.880343
-8.2	-7.76E-11	281.903566	0.1000003	-3.8E-12	281.903566
-8.3	-7.79E-11	281.926801	0.1	-3.5E-12	281.926801
-8.4	-7.83E-11	281.950046	0.1000002	-3.5E-12	281.950046
-8.5	-7.72E-11	281.973392	0.1000003	-4.1E-12	281.973392
-8.6	-7.73E-11	281.99678	0.1000001	-4E-12	281.99678
-8.7	-8E-11	282.020029	0.1000001	-3.9E-12	282.020029
-8.8	-8E-11	282.043246	0.1000002	-3.7E-12	282.043246
-8.9	-7.79E-11	282.066539	0.1	-4E-12	282.066539
-9	-8.03E-11	282.089806	0.1000003	-4E-12	282.089806
-9.1	-8.02E-11	282.113036	0.1000002	-3.7E-12	282.113036
-9.2	-7.87E-11	282.136338	0.1	-3.9E-12	282.136338
-9.3	-7.91E-11	282.15963	0.1000001	-3.8E-12	282.15963
-9.4	-8.05E-11	282.182845	0.1000003	-3.7E-12	282.182845
-9.5	-8.1E-11	282.20606	0.1000001	-4E-12	282.20606
-9.6	-7.87E-11	282.229389	0.1000001	-4E-12	282.229389
-9.7	-7.96E-11	282.252686	0.1000001	-3.5E-12	282.252686
-9.8	-8.11E-11	282.275903	0.1000001	-3.3E-12	282.275903
-9.9	-8.2E-11	282.299114	0.1	-3.7E-12	282.299114
-10	-8.03E-11	282.322415	0.1000002	-3.8E-12	282.322415
-9.90001	-5.61E-11	282.381859	0.0999998	-5.3E-12	282.381859
-9.80001	-3.44E-11	282.405222	0.0999998	-7.7E-12	282.405222
-9.70001	-3.22E-11	282.428447	0.0999998	-7.3E-12	282.428447
-9.60001	-3.25E-11	282.451739	0.0999997	-7.2E-12	282.451739
-9.50001	-3.09E-11	282.47509	0.0999998	-7.1E-12	282.47509
-9.40001	-2.83E-11	282.498396	0.0999998	-7.6E-12	282.498396
-9.30001	-2.7E-11	282.521628	0.0999997	-6.9E-12	282.521628
-9.20001	-2.79E-11	282.54493	0.0999998	-7.1E-12	282.54493
-9.10001	-2.56E-11	282.568122	0.0999997	-7E-12	282.568122
-9.00001	-2.43E-11	282.591322	0.0999996	-7.7E-12	282.591322
-8.90001	-2.39E-11	282.614525	0.0999995	-7.5E-12	282.614525
-8.80001	-2.49E-11	282.637898	0.1	-7.4E-12	282.637898
-8.70001	-2.19E-11	282.661101	0.0999996	-7.4E-12	282.661101
-8.60001	-2.23E-11	282.684319	0.0999999	-7.3E-12	282.684319
-8.50001	-2.17E-11	282.707547	0.0999995	-7.2E-12	282.707547
-8.40001	-2.27E-11	282.730907	0.0999998	-7.2E-12	282.730907
-8.30001	-2.06E-11	282.754159	0.0999998	-7.3E-12	282.754159
-8.20001	-1.99E-11	282.777391	0.0999996	-7.3E-12	282.777391
-8.10001	-2.12E-11	282.800674	0.0999997	-7.2E-12	282.800674
-8.00001	-2E-11	282.823952	0.0999998	-7.1E-12	282.823952
-7.90001	-3.95E-11	282.88323	0.0999998	-5.3E-12	282.88323
-7.80001	-2.03E-11	282.906471	0.0999996	-7.3E-12	282.906471
-7.70001	-1.9E-11	282.929693	0.0999997	-7.7E-12	282.929693
-7.6	-1.82E-11	282.95291	0.0999996	-7.6E-12	282.95291
-7.50001	-1.95E-11	282.976257	0.0999997	-7.5E-12	282.976257
-7.40001	-1.73E-11	282.999577	0.0999996	-7.7E-12	282.999577
-7.30001	-1.66E-11	283.022812	0.0999996	-7.9E-12	283.022812
-7.2	-1.66E-11	283.04605	0.0999998	-7.7E-12	283.04605
-7.10001	-1.8E-11	283.06934	0.0999998	-7.7E-12	283.06934
-7.00001	-1.58E-11	283.092616	0.0999998	-7.6E-12	283.092616
-6.90001	-1.52E-11	283.115845	0.0999997	-7.9E-12	283.115845
-6.80001	-1.61E-11	283.139143	0.0999996	-7.8E-12	283.139143
-6.70001	-1.62E-11	283.162441	0.0999998	-7.8E-12	283.162441
-6.60001	-1.41E-11	283.185645	0.0999994	-8.1E-12	283.185645
-6.50001	-1.35E-11	283.208861	0.0999996	-7.6E-12	283.208861
-6.40001	-1.49E-11	283.232165	0.0999997	-7.7E-12	283.232165
-6.30001	-1.48E-11	283.255459	0.0999998	-7.7E-12	283.255459
-6.20001	-1.32E-11	283.278702	0.0999998	-8.4E-12	283.278702
-6.10001	-1.23E-11	283.301919	0.0999999	-7.9E-12	283.301919
-6.00001	-1.29E-11	283.325198	0.0999999	-8.1E-12	283.325198
-5.90001	-3.26E-11	283.384906	0.0999999	-6.4E-12	283.384906
-5.80001	-1.3E-11	283.40817	0.0999997	-7.8E-12	283.40817
-5.70001	-1.38E-11	283.43146	0.0999997	-7.9E-12	283.43146
-5.60001	-1.32E-11	283.454759	0.0999996	-8.2E-12	283.454759
-5.50001	-1.07E-11	283.478027	0.0999996	-7.9E-12	283.478027
-5.40001	-9.7E-12	283.501317	0.0999999	-8.1E-12	283.501317
-5.30001	-1.1E-11	283.52463	0.0999997	-7.9E-12	283.52463
-5.20001	-8.9E-12	283.54791	0.0999999	-8.1E-12	283.54791
-5.1	-8E-12	283.571121	0.0999998	-8.5E-12	283.571121
-5.00001	-7.6E-12	283.594326	0.0999997	-8.8E-12	283.594326
-4.90001	-9E-12	283.617622	0.0999997	-8.3E-12	283.617622
-4.80001	-6.5E-12	283.640832	0.0999998	-8.7E-12	283.640832
-4.7	-6.7E-12	283.66405	0.0999996	-8.7E-12	283.66405
-4.60001	-6E-12	283.68726	0.0999997	-8.7E-12	283.68726
-4.50001	-6E-12	283.710484	0.0999998	-8.5E-12	283.710484
-4.40001	-7.1E-12	283.733786	0.0999998	-7.6E-12	283.733786
-4.3	-4.4E-12	283.757045	0.0999997	-2.7E-12	283.757045
-4.20001	-4.3E-12	283.780257	0.0999994	2.51E-11	283.780257
-4.10001	-5E-12	283.803541	0.0999999	1.401E-10	283.803541
-4.00001	-5.2E-12	283.826829	0.0999998	5.351E-10	283.826829
-3.90001	-2.45E-11	283.88649	0.1000002	1.637E-09	283.88649
-3.80001	-5.7E-12	283.909787	0.1000001	4.7696E-09	283.909787
-3.70001	-4.6E-12	283.933084	0.1000013	1.21402E-08	283.933084
-3.60001	-2E-12	283.956295	0.1000008	2.7586E-08	283.956295
-3.50001	-1.4E-12	283.979553	0.0999991	5.66024E-08	283.979553
-3.40001	-2.19E-11	284.02773	0.0999999	1.03143E-07	284.02773
-3.30001	-1.74E-11	284.052264	0.1000002	1.79192E-07	284.052264
-3.20001	-1.58E-11	284.076855	0.1000005	2.86661E-07	284.076855
-3.10001	-1.53E-11	284.101409	0.1000003	4.30642E-07	284.101409
-3.00001	-1.43E-11	284.125912	0.1000006	6.1476E-07	284.125912
-2.90001	-1.4E-11	284.150466	0.1000007	8.41032E-07	284.150466
-2.80001	-1.8E-11	284.185001	0.1	1.10722E-06	284.185001
-2.70001	-1.3E-11	284.209518	0.1000001	1.42414E-06	284.209518
-2.60001	-1.19E-11	284.23402	0.1000002	1.78378E-06	284.23402
-2.50001	-1.12E-11	284.258551	0.1	2.18679E-06	284.258551
-2.40001	-1.02E-11	284.283085	0.1000001	2.63165E-06	284.283085
-2.30001	-1E-11	284.307622	0.1	3.11632E-06	284.307622
-2.20001	-8.5E-12	284.332125	0.1	3.63863E-06	284.332125
-2.1	-1.49E-11	284.393845	0.1	4.18822E-06	284.393845
-2	-9.6E-12	284.418416	0.1	4.78083E-06	284.418416
-1.900001	-8.1E-12	284.442957	0.1000001	5.40008E-06	284.442957
-1.800001	-6.9E-12	284.467507	0.1000001	6.04441E-06	284.467507
-1.7	-5.8E-12	284.492117	0.1000001	6.71131E-06	284.492117
-1.6	-4.7E-12	284.516747	0.1	7.39728E-06	284.516747
-1.5	-3.6E-12	284.541315	0.1	8.10157E-06	284.541315
-1.4	-2.5E-12	284.565861	0.1	8.8208E-06	284.565861
-1.3	-1.2E-12	284.590361	0.0999999	9.55331E-06	284.590361
-1.2	-7E-13	284.614897	0.1	1.029764E-05	284.614897
-1.100001	-4.2E-12	284.649489	0.1000001	1.10448E-05	284.649489
-1	1.1E-12	284.674046	0.1	1.18103E-05	284.674046
-0.9	3E-12	284.698554	0.1	1.25824E-05	284.698554
-0.8	4E-12	284.723164	0.1000001	1.33611E-05	284.723164
-0.7	5.3E-12	284.747827	0.1	1.41463E-05	284.747827
-0.6	6.9E-12	284.772383	0.1	1.49362E-05	284.772383
-0.500001	8.4E-12	284.796945	0.1	1.57319E-05	284.796945
-0.400001	1E-11	284.82148	0.0999999	1.65312E-05	284.82148
-0.3	1.09E-11	284.84611	0.1000001	1.73344E-05	284.84611
-0.2	7E-12	284.89284	0.1	1.81366E-05	284.89284
-0.0999998	1.32E-11	284.917364	0.0999999	1.89499E-05	284.917364
5E-07	1.56E-11	284.941886	0.1	1.97657E-05	284.941886
0.1000003	1.8E-11	284.96641	0.0999999	2.05863E-05	284.96641
0.2000005	1.94E-11	284.990957	0.1000001	2.14111E-05	284.990957
0.299999	2.14E-11	285.015753	0.1	2.22416E-05	285.015753
0.4	2.38E-11	285.040286	0.1000001	2.30773E-05	285.040286
0.5	2.56E-11	285.064906	0.0999999	2.3916E-05	285.064906
0.599999	2.78E-11	285.089476	0.1	2.47587E-05	285.089476
0.699999	2.97E-11	285.113977	0.1	2.56053E-05	285.113977
0.799999	3.08E-11	285.138517	0.0999999	2.64548E-05	285.138517
0.899999	3.32E-11	285.163073	0.1	2.73063E-05	285.163073
0.999999	3.49E-11	285.187579	0.0999999	2.81605E-05	285.187579
1.1	3.67E-11	285.212103	0.1	2.90176E-05	285.212103
1.2	3.83E-11	285.236648	0.1	2.98754E-05	285.236648
1.3	3.95E-11	285.261166	0.0999999	3.07348E-05	285.261166
1.4	4.12E-11	285.285677	0.0999999	3.15959E-05	285.285677
1.5	4.21E-11	285.310225	0.1	3.24577E-05	285.310225
1.6	4.37E-11	285.334734	0.0999999	3.33208E-05	285.334734
1.699999	3.7E-11	285.39249	0.1	3.41783E-05	285.39249
1.8	4.3E-11	285.417051	0.1	3.50444E-05	285.417051
1.899999	4.41E-11	285.44158	0.1000001	3.59108E-05	285.44158
2	4.54E-11	285.466122	0.1	3.67771E-05	285.466122
2.099999	4.61E-11	285.490696	0.1000002	3.76445E-05	285.490696
2.19999	4.69E-11	285.515484	0.1000001	3.85099E-05	285.515484
2.29999	4.76E-11	285.540027	0.0999999	3.93772E-05	285.540027
2.39999	4.79E-11	285.564579	0.1	4.0246E-05	285.564579
2.49999	4.88E-11	285.589084	0.0999998	4.11147E-05	285.589084
2.59999	4.87E-11	285.613602	0.0999999	4.19838E-05	285.613602
2.69999	4.97E-11	285.638093	0.1000001	4.28527E-05	285.638093
2.79999	5.02E-11	285.662612	0.0999999	4.37223E-05	285.662612
2.89999	5.06E-11	285.687126	0.1	4.4593E-05	285.687126
2.99999	5.12E-11	285.711658	0.1000003	4.54631E-05	285.711658
3.09999	5.11E-11	285.736201	0.1000001	4.63329E-05	285.736201
3.19999	5.15E-11	285.760771	0.1	4.72041E-05	285.760771
3.29999	5.19E-11	285.785291	0.0999998	4.80753E-05	285.785291
3.39999	5.22E-11	285.809829	0.1000001	4.89471E-05	285.809829
3.49999	5.26E-11	285.834338	0.1000001	4.98183E-05	285.834338
3.59999	4.58E-11	285.894223	0.1000001	5.06802E-05	285.894223
3.69999	5.14E-11	285.918734	0.1000002	5.15566E-05	285.918734
3.79999	5.18E-11	285.943268	0.0999999	5.24319E-05	285.943268
3.89999	5.24E-11	285.967778	0.1000002	5.33069E-05	285.967778
3.99999	5.28E-11	285.992355	0.1000002	5.41819E-05	285.992355
4.09999	5.37E-11	286.01697	0.1	5.50571E-05	286.01697
4.19999	5.42E-11	286.0415	0.1000003	5.59334E-05	286.0415
4.29999	5.42E-11	286.066032	0.1	5.68099E-05	286.066032
4.39999	5.45E-11	286.090591	0.0999999	5.76872E-05	286.090591
4.49999	5.48E-11	286.115112	0.1000001	5.85639E-05	286.115112
4.59999	5.51E-11	286.139651	0.0999998	5.9442E-05	286.139651
4.69999	5.54E-11	286.164186	0.1000002	6.03212E-05	286.164186
4.79999	5.58E-11	286.188682	0.0999999	6.12008E-05	286.188682
4.89999	5.61E-11	286.213197	0.0999999	6.20819E-05	286.213197
4.99999	5.61E-11	286.237699	0.0999999	6.29635E-05	286.237699
5.09999	5.6E-11	286.262219	0.1000001	6.38451E-05	286.262219
5.19999	5.62E-11	286.286726	0.0999999	6.47276E-05	286.286726
5.29999	5.62E-11	286.311238	0.1000001	6.561E-05	286.311238
5.39999	5.64E-11	286.335751	0.0999999	6.64946E-05	286.335751
5.49999	5.01E-11	286.395417	0.1000001	6.73688E-05	286.395417
5.59999	5.47E-11	286.419992	0.1	6.82578E-05	286.419992
5.69999	5.54E-11	286.444552	0.1	6.91456E-05	286.444552
5.79999	5.62E-11	286.469067	0.1000001	7.00336E-05	286.469067
5.9	5.66E-11	286.493669	0.1000001	7.09224E-05	286.493669
5.99999	5.68E-11	286.518267	0.1000002	7.18119E-05	286.518267
6.09999	5.66E-11	286.542814	0.1000001	7.27011E-05	286.542814
6.19999	5.67E-11	286.567455	0.1000001	7.35905E-05	286.567455
6.29999	5.77E-11	286.591971	0.1	7.44818E-05	286.591971
6.39999	5.77E-11	286.616494	0.1	7.53743E-05	286.616494
6.49999	5.78E-11	286.640997	0.0999999	7.62674E-05	286.640997
6.59999	5.79E-11	286.665529	0.1000001	7.71603E-05	286.665529
6.69999	5.82E-11	286.690077	0.1	7.80561E-05	286.690077
6.79999	5.87E-11	286.714601	0.1000001	7.89522E-05	286.714601
6.89999	5.86E-11	286.739199	0.1	7.98476E-05	286.739199
6.99999	5.86E-11	286.763823	0.1	8.0744E-05	286.763823
7.09999	5.92E-11	286.788344	0.1	8.16427E-05	286.788344
7.19999	5.92E-11	286.812892	0.1000001	8.25402E-05	286.812892
7.29999	5.91E-11	286.837401	0.1000001	8.344E-05	286.837401
7.39999	5.29E-11	286.897198	0.0999999	8.4332E-05	286.897198
7.49999	5.76E-11	286.921705	0.0999999	8.52355E-05	286.921705
7.59999	5.81E-11	286.946229	0.1000002	8.61408E-05	286.946229
7.69999	5.81E-11	286.970775	0.1000001	8.70445E-05	286.970775
7.79999	5.89E-11	286.995367	0.1	8.79484E-05	286.995367
7.89999	5.88E-11	287.020008	0.1000003	8.88529E-05	287.020008
7.99999	5.93E-11	287.044576	0.1	8.97603E-05	287.044576
8.09999	5.95E-11	287.069207	0.1000002	9.06675E-05	287.069207
8.19999	5.99E-11	287.093762	0.1	9.15744E-05	287.093762
8.29999	6E-11	287.118278	0.1	9.24823E-05	287.118278
8.39999	6.01E-11	287.142826	0.0999998	9.33919E-05	287.142826
8.49999	6.07E-11	287.167374	0.1000001	9.43026E-05	287.167374
8.59999	6.03E-11	287.191909	0.1	9.5214E-05	287.191909
8.69999	6.05E-11	287.216419	0.1000002	9.61257E-05	287.216419
8.79999	6.04E-11	287.240956	0.0999999	9.70389E-05	287.240956
8.89999	6.1E-11	287.265474	0.1	9.79527E-05	287.265474
8.99999	6.04E-11	287.290016	0.0999999	9.8866E-05	287.290016
9.09999	6.07E-11	287.314556	0.1	9.97819E-05	287.314556
9.19999	6.06E-11	287.339096	0.1	0.0001006998	287.339096
9.29999	5.49E-11	287.398644	0.1000001	0.000101607	287.398644
9.39999	5.98E-11	287.423234	0.1000002	0.0001025309	287.423234
9.49999	5.98E-11	287.447759	0.0999999	0.0001034528	287.447759
9.59999	6.13E-11	287.472278	0.1	0.0001043745	287.472278
9.69999	5.72E-11	287.501892	0.0999999	0.000105265	287.501892
9.79999	6.08E-11	287.526588	0.0999999	0.000106189	287.526588
9.89999	6.09E-11	287.551131	0.0999998	0.000107115	287.551131
9.99999	6.17E-11	287.575671	0.1	0.000108038	287.575671
9.9	4.79E-11	287.6002	0.0999999	0.0001071	287.6002
9.8	4.46E-11	287.624714	0.1	0.000106167	287.624714
9.7	4.29E-11	287.649219	0.0999998	0.000105236	287.649219
9.6	4.2E-11	287.673784	0.1	0.000104308	287.673784
9.5	3.97E-11	287.698329	0.1000001	0.000103379	287.698329
9.4	3.89E-11	287.722843	0.1000001	0.000102455	287.722843
9.3	3.77E-11	287.747401	0.1	0.00010153	287.747401
9.2	3.69E-11	287.77197	0.1000001	0.000100605	287.77197
9.1	3.62E-11	287.796512	0.0999999	9.9683E-05	287.796512
9	3.53E-11	287.82102	0.0999999	9.8761E-05	287.82102
8.9	3.48E-11	287.845574	0.1	9.7845E-05	287.845574
8.8	3.91E-11	287.898673	0.1	9.6925E-05	287.898673
8.7	3.44E-11	287.923198	0.1	9.6001E-05	287.923198
8.6	3.32E-11	287.947731	0.1	9.508E-05	287.947731
8.5	3.25E-11	287.972261	0.0999999	9.4162E-05	287.972261
8.4	3.21E-11	287.996957	0.1000001	9.3244E-05	287.996957
8.3	3.17E-11	288.021569	0.0999998	9.2327E-05	288.021569
8.2	3.09E-11	288.046137	0.0999999	9.1411E-05	288.046137
8.1	3.02E-11	288.070691	0.1	9.0498E-05	288.070691
8	2.98E-11	288.095205	0.1	8.9582E-05	288.095205
7.9	3.34E-11	288.123074	0.0999999	8.87036E-05	288.123074
7.8	2.96E-11	288.147579	0.0999998	8.77919E-05	288.147579
7.7	2.91E-11	288.172128	0.1	8.68806E-05	288.172128
7.6	2.82E-11	288.196649	0.0999998	8.59705E-05	288.196649
7.5	2.79E-11	288.221158	0.0999999	8.50606E-05	288.221158
7.4	2.74E-11	288.245914	0.1000001	8.41534E-05	288.245914
7.3	2.73E-11	288.270431	0.1000001	8.32453E-05	288.270431
7.2	2.66E-11	288.294966	0.1	8.23382E-05	288.294966
7.1	2.6E-11	288.319479	0.0999997	8.14324E-05	288.319479
7	2.61E-11	288.344078	0.0999999	8.05281E-05	288.344078
6.9	3.28E-11	288.404693	0.1000001	7.96305E-05	288.404693
6.8	2.7E-11	288.429285	0.0999999	7.87264E-05	288.429285
6.7	2.62E-11	288.453799	0.0999999	7.78222E-05	288.453799
6.6	2.58E-11	288.478316	0.1	7.69207E-05	288.478316
6.5	2.47E-11	288.502871	0.1000001	7.60191E-05	288.502871
6.4	2.48E-11	288.527478	0.0999998	7.51176E-05	288.527478
6.3	2.41E-11	288.552004	0.1	7.42178E-05	288.552004
6.2	2.37E-11	288.576557	0.1000001	7.33197E-05	288.576557
6.1	2.29E-11	288.601155	0.1000002	7.2421E-05	288.601155
6	2.19E-11	288.625667	0.1000001	7.15242E-05	288.625667
5.9	2.14E-11	288.650172	0.0999999	7.06277E-05	288.650172
5.8	2.2E-11	288.674694	0.1	6.97322E-05	288.674694
5.7	2.2E-11	288.699289	0.1000002	6.88373E-05	288.699289
5.6	2.14E-11	288.723919	0.1	6.79425E-05	288.723919
5.5	2.03E-11	288.748593	0.1	6.70487E-05	288.748593
5.4	2.03E-11	288.773175	0.1000001	6.61575E-05	288.773175
5.3	2.01E-11	288.797692	0.1000002	6.52647E-05	288.797692
5.2	1.93E-11	288.822193	0.0999999	6.43744E-05	288.822193
5.1	1.91E-11	288.846738	0.0999997	6.34835E-05	288.846738
5	2.52E-11	288.903145	0.0999997	6.25989E-05	288.903145
4.9	1.99E-11	288.927701	0.1	6.17095E-05	288.927701
4.8	1.89E-11	288.952233	0.1	6.0821E-05	288.952233
4.7	1.85E-11	288.976761	0.0999999	5.9933E-05	288.976761
4.6	1.81E-11	289.001359	0.1	5.90465E-05	289.001359
4.5	1.74E-11	289.026004	0.1	5.81612E-05	289.026004
4.4	1.65E-11	289.050546	0.1	5.72764E-05	289.050546
4.3	1.63E-11	289.075063	0.1000001	5.63924E-05	289.075063
4.2	1.55E-11	289.09967	0.0999998	5.55084E-05	289.09967
4.1	1.48E-11	289.124184	0.0999998	5.46253E-05	289.124184
4	1.46E-11	289.148721	0.1000001	5.37431E-05	289.148721
3.9	1.39E-11	289.173259	0.0999999	5.28623E-05	289.173259
3.8	1.32E-11	289.197797	0.1	5.19818E-05	289.197797
3.7	1.24E-11	289.222335	0.1	5.11016E-05	289.222335
3.6	1.21E-11	289.246854	0.1000001	5.02229E-05	289.246854
3.5	1.17E-11	289.271378	0.0999999	4.93453E-05	289.271378
3.4	1.09E-11	289.295893	0.0999998	4.84674E-05	289.295893
3.3	1.03E-11	289.320399	0.0999998	4.75903E-05	289.320399
3.2	9.9E-12	289.344925	0.0999999	4.67153E-05	289.344925
3.1	1.55E-11	289.405123	0.0999998	4.58451E-05	289.405123
3	1E-11	289.429733	0.1	4.49704E-05	289.429733
2.9	9E-12	289.454261	0.0999999	4.40966E-05	289.454261
2.8	7.7E-12	289.478779	0.0999998	4.32244E-05	289.478779
2.7	6.9E-12	289.503372	0.1	4.23521E-05	289.503372
2.6	6E-12	289.527957	0.0999999	4.14812E-05	289.527957
2.5	5.2E-12	289.552499	0.1	4.06108E-05	289.552499
2.4	4.6E-12	289.577005	0.1000001	3.97409E-05	289.577005
2.3	3.4E-12	289.60152	0.1	3.88723E-05	289.60152
2.2	2.7E-12	289.626036	0.0999999	3.80051E-05	289.626036
2.099999	5.4E-12	289.652439	0.1000001	3.71399E-05	289.652439
2	9E-13	289.676935	0.1	3.62753E-05	289.676935
1.9	-5E-13	289.701535	0.1	3.54107E-05	289.701535
1.8	-1.5E-12	289.726046	0.1	3.4547E-05	289.726046
1.7	-3.2E-12	289.750584	0.0999999	3.36844E-05	289.750584
1.6	-3.5E-12	289.775195	0.1	3.28238E-05	289.775195
1.5	-5.2E-12	289.799681	0.0999998	3.19648E-05	289.799681
1.4	-6.3E-12	289.824212	0.1	3.1106E-05	289.824212
1.3	-7.7E-12	289.84875	0.0999998	3.02488E-05	289.84875
1.2	-2.9E-12	289.90649	0.1000002	2.9398E-05	289.90649
1.1	-9.1E-12	289.931015	0.1000001	2.85434E-05	289.931015
1	-1.08E-11	289.955546	0.0999999	2.76917E-05	289.955546
0.9	-1.32E-11	289.980092	0.0999998	2.68426E-05	289.980092
0.8	-1.5E-11	290.004797	0.0999998	2.59956E-05	290.004797
0.7	-1.72E-11	290.029417	0.1000001	2.51521E-05	290.029417
0.6	-1.91E-11	290.053971	0.1	2.43125E-05	290.053971
0.5	-2.13E-11	290.078507	0.1	2.34761E-05	290.078507
0.4	-2.38E-11	290.103053	0.0999999	2.26436E-05	290.103053
0.3	-2.58E-11	290.127573	0.0999999	2.18163E-05	290.127573
0.1999996	-2.43E-11	290.153977	0.1000002	2.09955E-05	290.153977
0.0999994	-3.01E-11	290.178499	0.1000001	2.01779E-05	290.178499
-4E-07	-3.19E-11	290.203105	0.0999998	1.93659E-05	290.203105
#scan	iMeasureCycle=3	iMux=0	time=319.821	N=401	LocalTime=20/04/2023 05:25:02
#VGate(V)	IGate(A)	time(s)	VDrain(V)	IDrain(A)	time(s)
-3E-07	-1.15E-11	319.828654	0.0999998	1.95701E-05	319.828654
-0.1000003	-1.94E-11	319.853516	0.0999999	1.87521E-05	319.853516
-0.2000001	-2.02E-11	319.879363	0.1	1.79395E-05	319.879363
-0.3	-2.62E-11	319.904094	0.1000002	1.71298E-05	319.904094
-0.4	-2.96E-11	319.928638	0.1	1.63248E-05	319.928638
-0.5	-3.14E-11	319.953165	0.1000001	1.55248E-05	319.953165
-0.6	-3.41E-11	319.97767	0.0999999	1.47289E-05	319.97767
-0.7	-3.53E-11	320.002226	0.0999999	1.39378E-05	320.002226
-0.8	-3.74E-11	320.026739	0.0999999	1.31534E-05	320.026739
-0.9	-3.88E-11	320.051244	0.1	1.23745E-05	320.051244
-1	-4.03E-11	320.07584	0.1	1.16031E-05	320.07584
-1.1	-4.17E-11	320.100478	0.0999998	1.08392E-05	320.100478
-1.2	-4.27E-11	320.124991	0.0999999	1.00858E-05	320.124991
-1.3	-4.38E-11	320.149517	0.1	9.3427E-06	320.149517
-1.4	-4.09E-11	320.176727	0.1000001	8.61552E-06	320.176727
-1.5	-4.45E-11	320.201362	0.0999999	7.89826E-06	320.201362
-1.6	-4.57E-11	320.225876	0.1000003	7.1973E-06	320.225876
-1.7	-4.63E-11	320.250387	0.0999999	6.5149E-06	320.250387
-1.8	-4.72E-11	320.274882	0.1	5.85299E-06	320.274882
-1.9	-4.78E-11	320.29942	0.0999998	5.21459E-06	320.29942
-2	-4.87E-11	320.323935	0.0999999	4.603E-06	320.323935
-2.1	-4.89E-11	320.348457	0.0999997	4.02086E-06	320.348457
-2.2	-4.33E-11	320.395055	0.1000002	3.47412E-06	320.395055
-2.3	-4.84E-11	320.419607	0.1	2.95827E-06	320.419607
-2.4	-4.92E-11	320.444114	0.1	2.48257E-06	320.444114
-2.5	-4.97E-11	320.468644	0.0999999	2.0479E-06	320.468644
-2.6	-5.06E-11	320.49323	0.1000001	1.6569E-06	320.49323
-2.7	-5.12E-11	320.517758	0.1	1.31045E-06	320.517758
-2.8	-5.16E-11	320.542258	0.1000001	1.00879E-06	320.542258
-2.9	-4.83E-11	320.569676	0.0999997	7.53333E-07	320.569676
-3	-5.2E-11	320.594205	0.0999996	5.40161E-07	320.594205
-3.1	-5.26E-11	320.618738	0.0999998	3.6998E-07	320.618738
-3.2	-5.28E-11	320.643241	0.0999997	2.39441E-07	320.643241
-3.3	-5.34E-11	320.667759	0.0999999	1.44681E-07	320.667759
-3.4	-4.8E-11	320.705505	0.0999948	8.1604E-08	320.705505
-3.5	-6.72E-11	320.728817	0.1000091	4.12472E-08	320.728817
-3.6	-6.91E-11	320.752029	0.1000043	1.88611E-08	320.752029
-3.7	-6.81E-11	320.775316	0.1000019	7.7241E-09	320.775316
-3.8	-6.82E-11	320.798598	0.100001	2.834E-09	320.798598
-3.9	-6.97E-11	320.821824	0.1000005	9.209E-10	320.821824
-4	-7.1E-11	320.845092	0.1000003	2.608E-10	320.845092
-4.1	-4.95E-11	320.895268	0.1	6.04E-11	320.895268
-4.2	-6.79E-11	320.918579	0.1000003	8.8E-12	320.918579
-4.3	-6.91E-11	320.941863	0.1000001	-2.4E-12	320.941863
-4.4	-7.12E-11	320.965081	0.1000002	-4E-12	320.965081
-4.5	-7.18E-11	320.988356	0.1000001	-4.2E-12	320.988356
-4.6	-7.02E-11	321.01166	0.1000002	-4E-12	321.01166
-4.7	-7.02E-11	321.034933	0.1000002	-4.3E-12	321.034933
-4.8	-7.19E-11	321.05826	0.1000003	-4.6E-12	321.05826
-4.9	-7.33E-11	321.081482	0.1000003	-4.1E-12	321.081482
-5	-7.15E-11	321.1048	0.1000002	-4.2E-12	321.1048
-5.1	-7.22E-11	321.128089	0.1000002	-4.3E-12	321.128089
-5.2	-7.4E-11	321.151293	0.1000004	-4E-12	321.151293
-5.3	-7.44E-11	321.174543	0.1000002	-4.2E-12	321.174543
-5.4	-7.24E-11	321.197838	0.1000002	-4E-12	321.197838
-5.5	-7.47E-11	321.221054	0.1000004	-3.8E-12	321.221054
-5.6	-7.53E-11	321.244265	0.1000001	-3.9E-12	321.244265
-5.7	-7.36E-11	321.267553	0.1000003	-3.9E-12	321.267553
-5.8	-7.33E-11	321.290823	0.1000003	-3.9E-12	321.290823
-5.9	-7.38E-11	321.314123	0.1000002	-4.3E-12	321.314123
-6	-7.48E-11	321.337339	0.1000002	-3.9E-12	321.337339
-6.1	-5.44E-11	321.393776	0.1000001	-5.5E-12	321.393776
-6.2	-7.24E-11	321.417094	0.1000004	-4E-12	321.417094
-6.3	-7.51E-11	321.440305	0.1000004	-4.1E-12	321.440305
-6.4	-7.55E-11	321.463525	0.1000002	-4E-12	321.463525
-6.5	-7.6E-11	321.486789	0.1000002	-3.5E-12	321.486789
-6.6	-7.46E-11	321.510122	0.1000004	-4.4E-12	321.510122
-6.7	-7.64E-11	321.533349	0.1000002	-4.3E-12	321.533349
-6.8	-7.64E-11	321.556575	0.1000002	-4.3E-12	321.556575
-6.9	-7.66E-11	321.579881	0.1000003	-4.2E-12	321.579881
-7	-7.55E-11	321.603199	0.1	-4.1E-12	321.603199
-7.1	-7.76E-11	321.626416	0.1000004	-3.7E-12	321.626416
-7.2	-7.72E-11	321.649625	0.1000005	-3.9E-12	321.649625
-7.3	-7.77E-11	321.672837	0.1000003	-4.1E-12	321.672837
-7.4	-7.62E-11	321.696119	0.1000004	-3.8E-12	321.696119
-7.5	-7.64E-11	321.719421	0.1000002	-3.9E-12	321.719421
-7.6	-7.82E-11	321.742634	0.1000004	-3.8E-12	321.742634
-7.7	-7.87E-11	321.765849	0.1000003	-3.7E-12	321.765849
-7.8	-7.65E-11	321.78914	0.1000001	-3.3E-12	321.78914
-7.9	-7.7E-11	321.812437	0.1000002	-4.2E-12	321.812437
-8	-7.83E-11	321.835718	0.1000002	-3.7E-12	321.835718
-8.1	-5.76E-11	321.890999	0.0999998	-5.2E-12	321.890999
-8.2	-7.56E-11	321.914307	0.1000002	-3.6E-12	321.914307
-8.3	-7.59E-11	321.937612	0.1000002	-3.6E-12	321.937612
-8.4	-7.67E-11	321.960895	0.1000002	-3.7E-12	321.960895
-8.5	-7.71E-11	321.984233	0.1000004	-3.7E-12	321.984233
-8.6	-7.77E-11	322.007512	0.1000004	-3.7E-12	322.007512
-8.7	-7.87E-11	322.030734	0.1000003	-3.4E-12	322.030734
-8.8	-7.92E-11	322.053958	0.1000002	-3.3E-12	322.053958
-8.9	-7.7E-11	322.077388	0.1000003	-3.7E-12	322.077388
-9	-7.78E-11	322.100699	0.1000002	-4.2E-12	322.100699
-9.1	-8.03E-11	322.123934	0.1000003	-3.6E-12	322.123934
-9.2	-8.01E-11	322.147145	0.1000004	-3.5E-12	322.147145
-9.3	-7.87E-11	322.17049	0.1000001	-3.6E-12	322.17049
-9.4	-7.82E-11	322.193782	0.1000001	-3.6E-12	322.193782
-9.5	-8.05E-11	322.217008	0.1000004	-3.6E-12	322.217008
-9.6	-8.12E-11	322.24021	0.1000002	-3.7E-12	322.24021
-9.7	-7.93E-11	322.263501	0.1000001	-4.1E-12	322.263501
-9.8	-7.9E-11	322.286792	0.1000002	-3.5E-12	322.286792
-9.9	-8E-11	322.310018	0.1000003	-3.1E-12	322.310018
-10	-8.07E-11	322.333237	0.1000003	-3E-12	322.333237
-9.90001	-4.03E-11	322.356519	0.1	-7.1E-12	322.356519
-9.80001	-5.4E-11	322.396772	0.1	-5.1E-12	322.396772
-9.70001	-3.33E-11	322.420009	0.0999998	-7.2E-12	322.420009
-9.60001	-3.16E-11	322.443242	0.0999998	-6.9E-12	322.443242
-9.50001	-2.97E-11	322.466452	0.0999998	-6.9E-12	322.466452
-9.40001	-3.02E-11	322.489803	0.0999997	-7.5E-12	322.489803
-9.30001	-2.77E-11	322.513062	0.0999998	-7.5E-12	322.513062
-9.20001	-2.63E-11	322.536285	0.0999998	-7.7E-12	322.536285
-9.10001	-2.6E-11	322.559504	0.0999999	-7.1E-12	322.559504
-9.00001	-2.61E-11	322.582879	0.0999998	-7.2E-12	322.582879
-8.90001	-2.4E-11	322.606113	0.0999998	-7.4E-12	322.606113
-8.80001	-2.38E-11	322.629347	0.0999999	-7.5E-12	322.629347
-8.70001	-2.54E-11	322.652632	0.0999998	-7.6E-12	322.652632
-8.60001	-2.3E-11	322.675861	0.0999998	-7.8E-12	322.675861
-8.50001	-2.36E-11	322.699142	0.0999999	-7E-12	322.699142
-8.40001	-2.23E-11	322.722396	0.0999997	-7.3E-12	322.722396
-8.30001	-2.06E-11	322.745627	0.0999996	-7.5E-12	322.745627
-8.20001	-2.16E-11	322.768915	0.0999999	-7.4E-12	322.768915
-8.10001	-1.98E-11	322.792119	0.1	-7.5E-12	322.792119
-8.00001	-1.95E-11	322.815333	0.0999999	-7.3E-12	322.815333
-7.90001	-1.87E-11	322.838592	0.0999999	-8E-12	322.838592
-7.80001	-3.95E-11	322.89856	0.0999999	-6.1E-12	322.89856
-7.70001	-1.97E-11	322.921799	0.0999999	-7.3E-12	322.921799
-7.6	-2.03E-11	322.945092	0.0999997	-7.7E-12	322.945092
-7.50001	-1.98E-11	322.968389	0.0999998	-7.5E-12	322.968389
-7.40001	-1.78E-11	322.99166	0.0999997	-7.5E-12	322.99166
-7.30001	-1.72E-11	323.014877	0.0999999	-7.5E-12	323.014877
-7.2	-1.84E-11	323.038171	0.0999998	-7.5E-12	323.038171
-7.10001	-1.63E-11	323.0614	0.0999998	-7.7E-12	323.0614
-7.00001	-1.58E-11	323.084713	0.0999996	-7.7E-12	323.084713
-6.90001	-1.58E-11	323.107953	0.0999997	-7.4E-12	323.107953
-6.80001	-1.74E-11	323.131403	0.0999998	-7.2E-12	323.131403
-6.70001	-1.45E-11	323.154617	0.0999998	-7.6E-12	323.154617
-6.60001	-1.4E-11	323.177889	0.0999997	-7.5E-12	323.177889
-6.50001	-1.51E-11	323.201181	0.0999999	-8E-12	323.201181
-6.40001	-1.53E-11	323.224495	0.0999998	-7.6E-12	323.224495
-6.30001	-1.3E-11	323.247707	0.1	-8.1E-12	323.247707
-6.20001	-1.42E-11	323.270992	0.0999998	-8E-12	323.270992
-6.10001	-1.36E-11	323.294279	0.0999998	-7.8E-12	323.294279
-6.00001	-1.15E-11	323.317481	0.0999998	-8E-12	323.317481
-5.90001	-1.14E-11	323.340708	0.0999996	-8.3E-12	323.340708
-5.80001	-3.18E-11	323.399883	0.1000001	-6.2E-12	323.399883
-5.70001	-1.24E-11	323.423132	0.0999997	-8.6E-12	323.423132
-5.60001	-1.15E-11	323.446367	0.1	-8.4E-12	323.446367
-5.50001	-1.25E-11	323.469662	0.0999998	-8.3E-12	323.469662
-5.40001	-1.07E-11	323.492961	0.0999999	-8.5E-12	323.492961
-5.30001	-8.9E-12	323.516221	0.0999997	-8.5E-12	323.516221
-5.20001	-1.04E-11	323.53952	0.0999998	-8.4E-12	323.53952
-5.1	-9E-12	323.56274	0.0999999	-8.4E-12	323.56274
-5.00001	-8.5E-12	323.586037	0.0999999	-8.3E-12	323.586037
-4.90001	-7.7E-12	323.609267	0.0999999	-8.8E-12	323.609267
-4.80001	-8.9E-12	323.632555	0.0999997	-8.4E-12	323.632555
-4.7	-6.4E-12	323.655768	0.0999998	-8.6E-12	323.655768
-4.60001	-6.4E-12	323.678978	0.0999997	-8.5E-12	323.678978
-4.50001	-6.2E-12	323.702192	0.0999998	-8.7E-12	323.702192
-4.40001	-7.2E-12	323.725485	0.0999998	-7.8E-12	323.725485
-4.3	-7E-12	323.748789	0.1	-3.2E-12	323.748789
-4.20001	-4.7E-12	323.771991	0.0999998	2.12E-11	323.771991
-4.10001	-4.2E-12	323.795208	0.0999999	1.223E-10	323.795208
-4.00001	-5.2E-12	323.81849	0.0999999	4.773E-10	323.81849
-3.90001	-5.2E-12	323.841842	0.1	1.5447E-09	323.841842
-3.80001	-2.4E-11	323.901219	0.1000006	4.2475E-09	323.901219
-3.70001	-4.4E-12	323.924454	0.1000005	1.11477E-08	323.924454
-3.60001	-4.8E-12	323.947746	0.1000011	2.58458E-08	323.947746
-3.50001	-4E-12	323.97104	0.1000008	5.35767E-08	323.97104
-3.40001	-1.7E-12	323.994314	0.0999951	1.005935E-07	323.994314
-3.30001	-2.14E-11	324.033793	0.1000002	1.71078E-07	324.033793
-3.20001	-1.68E-11	324.058318	0.1000003	2.76514E-07	324.058318
-3.10001	-1.52E-11	324.082901	0.1000004	4.17493E-07	324.082901
-3.00001	-1.45E-11	324.107474	0.1000005	5.98263E-07	324.107474
-2.90001	-1.37E-11	324.132011	0.1000007	8.21033E-07	324.132011
-2.80001	-1.8E-11	324.166788	0.1	1.08359E-06	324.166788
-2.70001	-1.32E-11	324.19135	0.1000001	1.39635E-06	324.19135
-2.60001	-1.19E-11	324.216058	0.1000003	1.75243E-06	324.216058
-2.50001	-1.15E-11	324.240647	0.1	2.15164E-06	324.240647
-2.40001	-1.1E-11	324.265186	0.1	2.59292E-06	324.265186
-2.30001	-9.6E-12	324.289692	0.1	3.07394E-06	324.289692
-2.20001	-9.1E-12	324.314223	0.1000001	3.59286E-06	324.314223
-2.1	-1.15E-11	324.340649	0.1000001	4.14706E-06	324.340649
-2.000001	-1.56E-11	324.404826	0.1000001	4.72075E-06	324.404826
-1.9	-9.6E-12	324.429388	0.1000001	5.33961E-06	324.429388
-1.800001	-7.5E-12	324.453916	0.1000001	5.98165E-06	324.453916
-1.7	-6.1E-12	324.478424	0.0999998	6.64611E-06	324.478424
-1.600001	-5.1E-12	324.503012	0.0999998	7.32988E-06	324.503012
-1.5	-3.7E-12	324.527518	0.1000002	8.0314E-06	324.527518
-1.4	-3.2E-12	324.552068	0.1000001	8.74828E-06	324.552068
-1.3	-2.2E-12	324.576688	0.1	9.47925E-06	324.576688
-1.2	-1.1E-12	324.601298	0.1000001	1.02215E-05	324.601298
-1.100001	-4.8E-12	324.63588	0.1	1.09671E-05	324.63588
-1	7E-13	324.660432	0.1000001	1.17307E-05	324.660432
-0.9	2.3E-12	324.684992	0.0999999	1.25008E-05	324.684992
-0.8	4.3E-12	324.709489	0.0999999	1.32776E-05	324.709489
-0.700001	5.8E-12	324.734049	0.1	1.40611E-05	324.734049
-0.6	6.8E-12	324.758557	0.1	1.48501E-05	324.758557
-0.500001	8.4E-12	324.783067	0.0999999	1.56433E-05	324.783067
-0.4	9.6E-12	324.807604	0.1000001	1.6441E-05	324.807604
-0.3	1.16E-11	324.832148	0.1	1.7243E-05	324.832148
-0.1999999	9.4E-12	324.858607	0.1000001	1.80487E-05	324.858607
-0.1	8.8E-12	324.901575	0.0999999	1.88547E-05	324.901575
3E-07	1.49E-11	324.926085	0.1	1.96701E-05	324.926085
0.1000003	1.77E-11	324.950584	0.1000002	2.049E-05	324.950584
0.2000002	1.92E-11	324.975097	0.1000001	2.13147E-05	324.975097
0.299999	2.14E-11	324.99985	0.1000001	2.21431E-05	324.99985
0.4	2.35E-11	325.024373	0.1	2.29767E-05	325.024373
0.5	2.54E-11	325.048912	0.1000001	2.38154E-05	325.048912
0.6	2.73E-11	325.073509	0.1000001	2.46576E-05	325.073509
0.7	2.88E-11	325.098042	0.1	2.5503E-05	325.098042
0.799999	3.15E-11	325.122579	0.1	2.63519E-05	325.122579
0.9	3.29E-11	325.147147	0.1	2.72023E-05	325.147147
0.999999	3.47E-11	325.171698	0.0999999	2.80568E-05	325.171698
1.1	3.61E-11	325.19645	0.1	2.8912E-05	325.19645
1.2	3.78E-11	325.220946	0.1	2.97697E-05	325.220946
1.3	3.93E-11	325.245473	0.0999999	3.0629E-05	325.245473
1.399999	4.07E-11	325.269974	0.0999999	3.14896E-05	325.269974
1.5	4.18E-11	325.294498	0.1000001	3.23515E-05	325.294498
1.599999	4.33E-11	325.319012	0.0999999	3.32128E-05	325.319012
1.699999	4.41E-11	325.343566	0.1	3.4077E-05	325.343566
1.799999	3.66E-11	325.405163	0.0999999	3.49344E-05	325.405163
1.9	4.25E-11	325.429727	0.0999997	3.58026E-05	325.429727
2	4.43E-11	325.454263	0.1000002	3.66697E-05	325.454263
2.099999	4.53E-11	325.47877	0.1000001	3.75377E-05	325.47877
2.19999	4.57E-11	325.503572	0.1000001	3.84042E-05	325.503572
2.29999	4.69E-11	325.528121	0.1000001	3.92722E-05	325.528121
2.39999	4.73E-11	325.552646	0.1	4.01425E-05	325.552646
2.49999	4.8E-11	325.577248	0.0999999	4.10117E-05	325.577248
2.59999	4.9E-11	325.602018	0.1000002	4.18828E-05	325.602018
2.69999	4.87E-11	325.626566	0.1000001	4.27529E-05	325.626566
2.79999	4.99E-11	325.651071	0.1000002	4.3624E-05	325.651071
2.89999	5.02E-11	325.675598	0.1	4.44957E-05	325.675598
2.99999	5.03E-11	325.700132	0.1000002	4.53673E-05	325.700132
3.09999	5.1E-11	325.724688	0.1000001	4.62393E-05	325.724688
3.19999	5.11E-11	325.749207	0.1000003	4.71125E-05	325.749207
3.29999	5.17E-11	325.773726	0.0999999	4.79856E-05	325.773726
3.39999	5.21E-11	325.798243	0.0999998	4.8859E-05	325.798243
3.49999	5.24E-11	325.82275	0.1	4.97321E-05	325.82275
3.59999	5.3E-11	325.847404	0.1000001	5.06053E-05	325.847404
3.69999	4.62E-11	325.908721	0.0999998	5.1471E-05	325.908721
3.79999	5.11E-11	325.93324	0.0999999	5.23489E-05	325.93324
3.89999	5.17E-11	325.957775	0.1000002	5.32259E-05	325.957775
3.99999	5.23E-11	325.982303	0.0999999	5.41014E-05	325.982303
4.09999	5.28E-11	326.006895	0.0999999	5.4978E-05	326.006895
4.19999	5.3E-11	326.031419	0.1	5.58555E-05	326.031419
4.29999	5.45E-11	326.055952	0.1000001	5.67321E-05	326.055952
4.39999	5.42E-11	326.080548	0.1	5.76097E-05	326.080548
4.49999	5.46E-11	326.105085	0.1000002	5.84881E-05	326.105085
4.59999	5.47E-11	326.129613	0.1	5.93666E-05	326.129613
4.69999	5.48E-11	326.154145	0.1000002	6.02465E-05	326.154145
4.79999	5.51E-11	326.178748	0.1000002	6.11273E-05	326.178748
4.89999	5.51E-11	326.20327	0.1	6.2008E-05	326.20327
4.99999	5.58E-11	326.227791	0.0999999	6.28899E-05	326.227791
5.09999	5.59E-11	326.252413	0.1	6.37719E-05	326.252413
5.19999	5.6E-11	326.27692	0.0999999	6.46549E-05	326.27692
5.29999	5.62E-11	326.301411	0.0999999	6.55386E-05	326.301411
5.39999	5.63E-11	326.325902	0.1000001	6.6423E-05	326.325902
5.49999	5.65E-11	326.350468	0.1	6.73077E-05	326.350468
5.59999	4.96E-11	326.410448	0.1000001	6.8183E-05	326.410448
5.69999	5.52E-11	326.434951	0.0999999	6.90728E-05	326.434951
5.79999	5.61E-11	326.459477	0.1000001	6.99614E-05	326.459477
5.89999	5.62E-11	326.483971	0.1	7.08515E-05	326.483971
5.99999	5.64E-11	326.508556	0.1000003	7.17405E-05	326.508556
6.09999	5.68E-11	326.533068	0.1000002	7.26303E-05	326.533068
6.19999	5.69E-11	326.557604	0.0999999	7.35216E-05	326.557604
6.29999	5.73E-11	326.582203	0.1000002	7.44131E-05	326.582203
6.39999	5.79E-11	326.606743	0.1	7.53054E-05	326.606743
6.49999	5.82E-11	326.631241	0.0999999	7.61982E-05	326.631241
6.59999	5.83E-11	326.655831	0.1000001	7.70922E-05	326.655831
6.69999	5.79E-11	326.680356	0.0999999	7.7988E-05	326.680356
6.79999	5.84E-11	326.704863	0.0999999	7.88828E-05	326.704863
6.89999	5.85E-11	326.729391	0.1000002	7.97802E-05	326.729391
6.99999	5.91E-11	326.753952	0.1000002	8.06763E-05	326.753952
7.09999	5.87E-11	326.778475	0.1000001	8.1574E-05	326.778475
7.19999	5.88E-11	326.802988	0.0999997	8.24722E-05	326.802988
7.29999	5.9E-11	326.827498	0.0999999	8.33715E-05	326.827498
7.39999	5.9E-11	326.85207	0.1000001	8.4273E-05	326.85207
7.49999	5.25E-11	326.91166	0.1	8.51654E-05	326.91166
7.59999	5.75E-11	326.936169	0.1000001	8.60711E-05	326.936169
7.69999	5.78E-11	326.960695	0.0999999	8.69748E-05	326.960695
7.79999	5.85E-11	326.985212	0.0999999	8.78804E-05	326.985212
7.89999	5.83E-11	327.009818	0.1000002	8.87868E-05	327.009818
7.99999	5.93E-11	327.034326	0.1000003	8.96921E-05	327.034326
8.09999	5.92E-11	327.058885	0.1000003	9.05993E-05	327.058885
8.19999	6.01E-11	327.083478	0.1000002	9.15067E-05	327.083478
8.29999	5.98E-11	327.108057	0.1000001	9.24151E-05	327.108057
8.39999	5.99E-11	327.132584	0.1000001	9.33244E-05	327.132584
8.49999	5.99E-11	327.157157	0.1000001	9.42344E-05	327.157157
8.59999	6.08E-11	327.181728	0.1000001	9.51451E-05	327.181728
8.69999	6.08E-11	327.206231	0.1	9.60586E-05	327.206231
8.79999	6.05E-11	327.230738	0.1000002	9.69718E-05	327.230738
8.89999	6.07E-11	327.255287	0.1000003	9.78854E-05	327.255287
8.99999	6.11E-11	327.279814	0.1000002	9.87997E-05	327.279814
9.09999	6.07E-11	327.30428	0.1000001	9.97157E-05	327.30428
9.19999	6.15E-11	327.3288	0.1000002	0.0001006339	327.3288
9.29999	6.15E-11	327.353333	0.1000002	0.0001015457	327.353333
9.39999	5.53E-11	327.413557	0.1000002	0.000102462	327.413557
9.49999	5.9E-11	327.438111	0.1000002	0.0001033859	327.438111
9.59999	6.03E-11	327.462586	0.1000002	0.0001043093	327.462586
9.69999	5.68E-11	327.492137	0.1	0.000105202	327.492137
9.79999	6.08E-11	327.516725	0.1	0.000106125	327.516725
9.89999	6.07E-11	327.541278	0.1	0.000107047	327.541278
9.99999	6.11E-11	327.565916	0.1000002	0.000107972	327.565916
9.9	4.78E-11	327.590533	0.0999999	0.000107033	327.590533
9.8	4.48E-11	327.615059	0.1000001	0.000106102	327.615059
9.7	4.31E-11	327.639628	0.1	0.000105168	327.639628
9.6	4.13E-11	327.664128	0.1000001	0.000104239	327.664128
9.5	3.99E-11	327.688654	0.0999999	0.000103312	327.688654
9.4	3.85E-11	327.713189	0.1000003	0.000102387	327.713189
9.3	3.76E-11	327.737714	0.0999999	0.000101461	327.737714
9.2	3.65E-11	327.762234	0.1000001	0.000100536	327.762234
9.1	3.61E-11	327.786787	0.1	9.9615E-05	327.786787
9	3.56E-11	327.811309	0.1	9.8695E-05	327.811309
8.9	3.43E-11	327.835846	0.0999999	9.7777E-05	327.835846
8.8	3.43E-11	327.860434	0.0999997	9.6855E-05	327.860434
8.7	3.95E-11	327.918049	0.1000001	9.5938E-05	327.918049
8.6	3.4E-11	327.942567	0.1	9.5016E-05	327.942567
8.5	3.33E-11	327.967115	0.1	9.4097E-05	327.967115
8.4	3.26E-11	327.991627	0.0999999	9.318E-05	327.991627
8.3	3.2E-11	328.016202	0.1	9.2263E-05	328.016202
8.2	3.16E-11	328.040763	0.0999999	9.1346E-05	328.040763
8.1	3.06E-11	328.065264	0.1	9.043E-05	328.065264
8	3.09E-11	328.089916	0.1	8.9518E-05	328.089916
7.9	3.36E-11	328.11782	0.1	8.86373E-05	328.11782
7.8	2.97E-11	328.142354	0.0999998	8.77264E-05	328.142354
7.7	2.89E-11	328.16689	0.1	8.68142E-05	328.16689
7.6	2.88E-11	328.191438	0.1000003	8.59038E-05	328.191438
7.5	2.79E-11	328.215969	0.0999997	8.49944E-05	328.215969
7.4	2.77E-11	328.240503	0.0999999	8.40875E-05	328.240503
7.3	2.71E-11	328.265122	0.0999999	8.318E-05	328.265122
7.2	2.66E-11	328.289632	0.0999999	8.2272E-05	328.289632
7.1	2.64E-11	328.314158	0.1	8.13671E-05	328.314158
7	2.63E-11	328.33869	0.0999997	8.04631E-05	328.33869
6.9	2.6E-11	328.363219	0.1000001	7.95577E-05	328.363219
6.8	3.14E-11	328.419431	0.1000002	7.86592E-05	328.419431
6.7	2.63E-11	328.44398	0.1	7.77563E-05	328.44398
6.6	2.56E-11	328.468535	0.1000001	7.68532E-05	328.468535
6.5	2.44E-11	328.493058	0.0999999	7.59517E-05	328.493058
6.4	2.4E-11	328.517676	0.0999999	7.50502E-05	328.517676
6.3	2.36E-11	328.542205	0.0999997	7.41521E-05	328.542205
6.2	2.32E-11	328.566741	0.1000001	7.32532E-05	328.566741
6.1	2.32E-11	328.591467	0.0999997	7.23545E-05	328.591467
6	2.21E-11	328.61599	0.0999999	7.14575E-05	328.61599
5.9	2.23E-11	328.640555	0.1000001	7.05616E-05	328.640555
5.8	2.16E-11	328.665068	0.1000001	6.96649E-05	328.665068
5.7	2.18E-11	328.689635	0.0999998	6.87701E-05	328.689635
5.6	2.13E-11	328.714149	0.0999997	6.78757E-05	328.714149
5.5	2.08E-11	328.738777	0.0999999	6.69828E-05	328.738777
5.4	2.01E-11	328.763334	0.0999998	6.60902E-05	328.763334
5.3	1.99E-11	328.787878	0.1000001	6.51974E-05	328.787878
5.2	1.92E-11	328.812405	0.0999999	6.43065E-05	328.812405
5.1	1.85E-11	328.83694	0.0999999	6.34166E-05	328.83694
5	1.79E-11	328.86153	0.1	6.25256E-05	328.86153
4.9	2.44E-11	328.918233	0.0999999	6.16419E-05	328.918233
4.8	1.9E-11	328.942779	0.0999998	6.07537E-05	328.942779
4.7	1.83E-11	328.967293	0.0999998	5.98653E-05	328.967293
4.6	1.79E-11	328.99191	0.1000001	5.89791E-05	328.99191
4.5	1.7E-11	329.016485	0.0999999	5.80933E-05	329.016485
4.4	1.64E-11	329.04101	0.1000001	5.72085E-05	329.04101
4.3	1.61E-11	329.065517	0.1000001	5.63232E-05	329.065517
4.2	1.51E-11	329.090126	0.1	5.54394E-05	329.090126
4.1	1.47E-11	329.114682	0.0999999	5.45573E-05	329.114682
4	1.42E-11	329.139192	0.1	5.36755E-05	329.139192
3.9	1.38E-11	329.163716	0.1000001	5.27944E-05	329.163716
3.8	1.33E-11	329.188311	0.1000001	5.19141E-05	329.188311
3.7	1.27E-11	329.212831	0.1000002	5.10341E-05	329.212831
3.6	1.18E-11	329.237338	0.1000002	5.01557E-05	329.237338
3.5	1.1E-11	329.261862	0.1	4.92777E-05	329.261862
3.4	1.04E-11	329.286397	0.0999999	4.84004E-05	329.286397
3.3	9.8E-12	329.310915	0.1000001	4.75236E-05	329.310915
3.2	9E-12	329.335409	0.0999998	4.66487E-05	329.335409
3.1	8.5E-12	329.359921	0.0999999	4.57735E-05	329.359921
3	1.52E-11	329.420188	0.1	4.49044E-05	329.420188
2.9	9.1E-12	329.444712	0.1000001	4.40294E-05	329.444712
2.8	8.1E-12	329.469236	0.0999998	4.31572E-05	329.469236
2.7	7.1E-12	329.493758	0.0999997	4.22845E-05	329.493758
2.6	6.5E-12	329.518387	0.1	4.14134E-05	329.518387
2.5	5.1E-12	329.542891	0.0999999	4.05423E-05	329.542891
2.4	4.3E-12	329.567416	0.0999999	3.96731E-05	329.567416
2.3	3.1E-12	329.592013	0.1000002	3.88047E-05	329.592013
2.2	2.2E-12	329.616545	0.1	3.79367E-05	329.616545
2.099999	4.9E-12	329.642986	0.0999999	3.70731E-05	329.642986
2	5E-13	329.66751	0.1000001	3.62076E-05	329.66751
1.9	-5E-13	329.692026	0.1000001	3.53429E-05	329.692026
1.8	-2E-12	329.716547	0.1000001	3.44795E-05	329.716547
1.7	-2.7E-12	329.741068	0.1	3.3618E-05	329.741068
1.6	-4.1E-12	329.765586	0.0999999	3.27571E-05	329.765586
1.5	-5.1E-12	329.790236	0.0999999	3.18972E-05	329.790236
1.4	-6.9E-12	329.814755	0.1000001	3.10387E-05	329.814755
1.3	-7.9E-12	329.839279	0.0999998	3.0182E-05	329.839279
1.2	-9.5E-12	329.863883	0.1	2.93267E-05	329.863883
1.100001	-4.1E-12	329.921612	0.0999999	2.84778E-05	329.921612
1	-1.06E-11	329.946119	0.0999999	2.76256E-05	329.946119
0.9	-1.27E-11	329.970652	0.0999999	2.6776E-05	329.970652
0.8	-1.53E-11	329.99516	0.0999999	2.59297E-05	329.99516
0.7	-1.72E-11	330.019753	0.1	2.50865E-05	330.019753
0.6	-1.96E-11	330.044271	0.1	2.4247E-05	330.044271
0.5	-2.08E-11	330.06884	0.0999999	2.34114E-05	330.06884
0.4	-2.3E-11	330.093571	0.1	2.25792E-05	330.093571
0.3	-2.61E-11	330.118105	0.0999997	2.17525E-05	330.118105
0.1999999	-2.46E-11	330.144503	0.0999998	2.09312E-05	330.144503
0.0999996	-3.06E-11	330.169006	0.0999999	2.01143E-05	330.169006
-2E-07	-3.29E-11	330.193554	0.0999997	1.93024E-05	330.193554
