#scan	iMeasureCycle=1	iMux=0	time=0.031	N=401	LocalTime=19/04/2023 23:13:40
#VGate(V)	IGate(A)	time(s)	VDrain(V)	IDrain(A)	time(s)
-3E-07	-1.56E-10	0.033913	0.0999998	1.18292E-05	0.033913
-0.1000005	-2.148E-10	0.058821	0.1000001	1.10614E-05	0.058821
-0.2000004	-2.639E-10	0.08334	0.0999999	1.0302E-05	0.08334
-0.300001	-1.948E-10	0.108149	0.1	9.55E-06	0.108149
-0.4	-1.033E-10	0.135283	0.1000001	8.81251E-06	0.135283
-0.5	-8.4E-11	0.159901	0.0999999	8.08042E-06	0.159901
-0.6	-7.33E-11	0.18442	0.1	7.36064E-06	0.18442
-0.7	-6.67E-11	0.209005	0.0999998	6.65517E-06	0.209005
-0.8	-6.16E-11	0.233539	0.1000001	5.96692E-06	0.233539
-0.9	-5.91E-11	0.258073	0.0999998	5.29904E-06	0.258073
-1	-5.77E-11	0.28258	0.0999999	4.654E-06	0.28258
-1.1	-5.6E-11	0.307111	0.0999999	4.03683E-06	0.307111
-1.2	-5.54E-11	0.331627	0.0999997	3.45089E-06	0.331627
-1.3	-5.48E-11	0.356152	0.0999999	2.9012E-06	0.356152
-1.4	-5.43E-11	0.380693	0.1000002	2.39215E-06	0.380693
-1.5	-5.4E-11	0.405211	0.0999999	1.92827E-06	0.405211
-1.6	-5.44E-11	0.429724	0.1	1.51443E-06	0.429724
-1.7	-5.37E-11	0.45426	0.0999999	1.15282E-06	0.45426
-1.8	-5.01E-11	0.481713	0.0999996	8.46701E-07	0.481713
-1.9	-5.38E-11	0.506264	0.0999997	5.92745E-07	0.506264
-2	-5.45E-11	0.530761	0.0999996	3.93228E-07	0.530761
-2.1	-5.44E-11	0.555274	0.0999997	2.43796E-07	0.555274
-2.2	-4.79E-11	0.599931	0.0999999	1.40198E-07	0.599931
-2.3	-4.78E-11	0.637699	0.0999954	7.28617E-08	0.637699
-2.4	-6.81E-11	0.660924	0.1000071	3.2967E-08	0.660924
-2.5	-6.7E-11	0.685346	0.1000026	1.29648E-08	0.685346
-2.6	-6.95E-11	0.708551	0.1000014	4.2884E-09	0.708551
-2.7	-7E-11	0.731769	0.1000007	1.1653E-09	0.731769
-2.8	-7.08E-11	0.754975	0.1000003	2.527E-10	0.754975
-2.9	-6.94E-11	0.77825	0.1000002	3.88E-11	0.77825
-3	-6.97E-11	0.801542	0.1000001	-1.1E-12	0.801542
-3.1	-7.14E-11	0.824841	0.1000002	-6.5E-12	0.824841
-3.2	-7.16E-11	0.848058	0.1	-6.8E-12	0.848058
-3.3	-7E-11	0.871388	0.1	-7.3E-12	0.871388
-3.4	-7.22E-11	0.894672	0.1000001	-7.1E-12	0.894672
-3.5	-7.12E-11	0.917972	0.0999999	-7.1E-12	0.917972
-3.6	-7.14E-11	0.941277	0.1000003	-7.6E-12	0.941277
-3.7	-7.16E-11	0.964565	0.1	-7E-12	0.964565
-3.8	-7.41E-11	0.987863	0.1000003	-7.2E-12	0.987863
-3.9	-7.25E-11	1.011152	0.1000001	-7.3E-12	1.011152
-4	-7.27E-11	1.03445	0.1000003	-7.3E-12	1.03445
-4.1	-7.47E-11	1.057641	0.1000002	-7E-12	1.057641
-4.2	-5.41E-11	1.100301	0.0999998	-8.8E-12	1.100301
-4.3	-7.22E-11	1.123605	0.1000001	-7.3E-12	1.123605
-4.4	-7.46E-11	1.146832	0.1000002	-6.7E-12	1.146832
-4.5	-7.53E-11	1.170102	0.1000003	-6.5E-12	1.170102
-4.6	-7.53E-11	1.193369	0.1000002	-6.6E-12	1.193369
-4.7	-7.37E-11	1.216664	0.1000001	-7.1E-12	1.216664
-4.8	-7.42E-11	1.239958	0.1	-7.5E-12	1.239958
-4.9	-7.46E-11	1.263253	0.1000001	-7E-12	1.263253
-5	-7.49E-11	1.286568	0.1000001	-7E-12	1.286568
-5.1	-7.51E-11	1.309845	0.1000002	-6.6E-12	1.309845
-5.2	-7.67E-11	1.333155	0.1000001	-6.8E-12	1.333155
-5.3	-7.75E-11	1.356362	0.1000001	-6.5E-12	1.356362
-5.4	-7.72E-11	1.379592	0.1000002	-6.6E-12	1.379592
-5.5	-7.63E-11	1.402886	0.1000002	-6.8E-12	1.402886
-5.6	-7.79E-11	1.426138	0.1	-6.5E-12	1.426138
-5.7	-7.83E-11	1.449368	0.1000002	-6.6E-12	1.449368
-5.8	-7.6E-11	1.472776	0.1000001	-6.9E-12	1.472776
-5.9	-7.82E-11	1.496068	0.1000002	-6.3E-12	1.496068
-6	-7.83E-11	1.519313	0.1	-6.4E-12	1.519313
-6.1	-7.76E-11	1.542615	0.1000003	-6.6E-12	1.542615
-6.2	-5.79E-11	1.598813	0.0999997	-7.9E-12	1.598813
-6.3	-7.59E-11	1.622125	0.1	-6.8E-12	1.622125
-6.4	-7.84E-11	1.645362	0.1000002	-6.7E-12	1.645362
-6.5	-7.97E-11	1.668582	0.0999998	-6E-12	1.668582
-6.6	-7.79E-11	1.691916	0.1000001	-6.4E-12	1.691916
-6.7	-7.81E-11	1.715205	0.1000002	-6.5E-12	1.715205
-6.8	-7.98E-11	1.738445	0.1000001	-6.4E-12	1.738445
-6.9	-7.96E-11	1.761665	0.1000001	-6.7E-12	1.761665
-7	-7.85E-11	1.784958	0.1	-6.5E-12	1.784958
-7.1	-7.84E-11	1.808252	0.1	-6.3E-12	1.808252
-7.2	-8.05E-11	1.831575	0.1000001	-6E-12	1.831575
-7.3	-8.02E-11	1.854824	0.1000001	-6.3E-12	1.854824
-7.4	-7.97E-11	1.878117	0.1000001	-6.6E-12	1.878117
-7.5	-8.08E-11	1.901314	0.1	-6.4E-12	1.901314
-7.6	-8.17E-11	1.924531	0.1000003	-6.4E-12	1.924531
-7.7	-8.18E-11	1.947765	0.1000001	-6.5E-12	1.947765
-7.8	-8.06E-11	1.971054	0.1000001	-6.4E-12	1.971054
-7.9	-8.18E-11	1.994366	0.1000003	-6.5E-12	1.994366
-8	-8.15E-11	2.017589	0.1000001	-6.5E-12	2.017589
-8.1	-8.05E-11	2.040957	0.1000002	-6.3E-12	2.040957
-8.2	-6.09E-11	2.100382	0.0999999	-7.7E-12	2.100382
-8.3	-7.99E-11	2.123636	0.1000001	-5.9E-12	2.123636
-8.4	-8.13E-11	2.146863	0.1000002	-5.9E-12	2.146863
-8.5	-8.03E-11	2.170215	0.1000002	-6.3E-12	2.170215
-8.6	-7.94E-11	2.193612	0.1000002	-6.2E-12	2.193612
-8.7	-8.22E-11	2.216818	0.1000003	-6.1E-12	2.216818
-8.8	-8.31E-11	2.240041	0.1000001	-6.2E-12	2.240041
-8.9	-8.15E-11	2.263338	0.1	-6.5E-12	2.263338
-9	-8.2E-11	2.286628	0.1000002	-6.7E-12	2.286628
-9.1	-8.33E-11	2.309848	0.1000002	-6.5E-12	2.309848
-9.2	-8.39E-11	2.333069	0.1000001	-6.4E-12	2.333069
-9.3	-8.24E-11	2.356356	0.1000003	-6E-12	2.356356
-9.4	-8.18E-11	2.379639	0.1000002	-6.1E-12	2.379639
-9.5	-8.25E-11	2.402916	0.1	-6.5E-12	2.402916
-9.6	-8.48E-11	2.426115	0.1	-6.2E-12	2.426115
-9.7	-8.3E-11	2.449433	0.1000001	-6.2E-12	2.449433
-9.8	-8.44E-11	2.472653	0.1	-6.3E-12	2.472653
-9.9	-8.44E-11	2.49596	0.1000001	-6.3E-12	2.49596
-10	-8.27E-11	2.51926	0.1000001	-6.4E-12	2.51926
-9.90001	-4.39E-11	2.54255	0.0999997	-9.4E-12	2.54255
-9.80001	-5.69E-11	2.601921	0.0999997	-7.7E-12	2.601921
-9.70001	-3.6E-11	2.625158	0.0999996	-9.6E-12	2.625158
-9.60001	-3.41E-11	2.648382	0.0999997	-9.9E-12	2.648382
-9.50001	-3.4E-11	2.671667	0.0999998	-9.8E-12	2.671667
-9.40001	-3.17E-11	2.694928	0.0999997	-1E-11	2.694928
-9.30001	-3.03E-11	2.718154	0.0999996	-9.5E-12	2.718154
-9.20001	-2.97E-11	2.741371	0.0999997	-9.2E-12	2.741371
-9.10001	-3.05E-11	2.764656	0.0999996	-8.7E-12	2.764656
-9.00001	-2.92E-11	2.787948	0.0999997	-9.3E-12	2.787948
-8.90001	-2.72E-11	2.811167	0.0999997	-9.8E-12	2.811167
-8.80001	-2.65E-11	2.834492	0.0999996	-1E-11	2.834492
-8.70001	-2.76E-11	2.857793	0.0999997	-9.6E-12	2.857793
-8.60001	-2.56E-11	2.881008	0.0999998	-9.8E-12	2.881008
-8.50001	-2.44E-11	2.904221	0.0999998	-1.01E-11	2.904221
-8.40001	-2.6E-11	2.927517	0.0999997	-9.7E-12	2.927517
-8.30001	-2.57E-11	2.950942	0.0999996	-1.01E-11	2.950942
-8.20001	-2.32E-11	2.974147	0.0999995	-1.01E-11	2.974147
-8.10001	-2.25E-11	2.997437	0.0999996	-1.04E-11	2.997437
-8.00001	-2.38E-11	3.020723	0.0999998	-1.01E-11	3.020723
-7.90001	-2.38E-11	3.044011	0.0999998	-1E-11	3.044011
-7.80001	-4.24E-11	3.10322	0.1	-8.6E-12	3.10322
-7.70001	-2.25E-11	3.126466	0.0999997	-1.01E-11	3.126466
-7.6	-2.12E-11	3.149683	0.1	-1.04E-11	3.149683
-7.50001	-2.33E-11	3.173072	0.0999997	-9.7E-12	3.173072
-7.40001	-2.06E-11	3.19635	0.0999998	-1.03E-11	3.19635
-7.30001	-1.93E-11	3.219568	0.0999998	-1.05E-11	3.219568
-7.2	-2.08E-11	3.242863	0.0999997	-1.01E-11	3.242863
-7.10001	-2.01E-11	3.266144	0.0999997	-1E-11	3.266144
-7.00001	-1.85E-11	3.28936	0.0999997	-1.02E-11	3.28936
-6.90001	-1.75E-11	3.312583	0.0999997	-1.04E-11	3.312583
-6.80001	-1.74E-11	3.335796	0.0999997	-1.07E-11	3.335796
-6.70001	-1.84E-11	3.359099	0.0999997	-1.04E-11	3.359099
-6.60001	-1.63E-11	3.382298	0.0999994	-1.03E-11	3.382298
-6.50001	-1.78E-11	3.405591	0.0999995	-1.03E-11	3.405591
-6.40001	-1.56E-11	3.428798	0.0999996	-9.9E-12	3.428798
-6.30001	-1.72E-11	3.452116	0.0999995	-1.05E-11	3.452116
-6.20001	-1.53E-11	3.475446	0.0999996	-1.02E-11	3.475446
-6.10001	-1.45E-11	3.498746	0.0999998	-1.04E-11	3.498746
-6.00001	-1.57E-11	3.52204	0.0999998	-1.02E-11	3.52204
-5.90001	-1.56E-11	3.545344	0.1000001	-1.03E-11	3.545344
-5.80001	-3.46E-11	3.604659	0.0999999	-8.8E-12	3.604659
-5.70001	-1.52E-11	3.627889	0.0999997	-1.07E-11	3.627889
-5.60001	-1.42E-11	3.651138	0.0999997	-1.07E-11	3.651138
-5.50001	-1.48E-11	3.67443	0.0999997	-1.07E-11	3.67443
-5.40001	-1.25E-11	3.697721	0.0999997	-1.02E-11	3.697721
-5.30001	-1.18E-11	3.720931	0.0999997	-1.05E-11	3.720931
-5.20001	-1.16E-11	3.744151	0.0999997	-1.07E-11	3.744151
-5.1	-1.3E-11	3.767442	0.0999999	-1.07E-11	3.767442
-5.00001	-1.05E-11	3.790638	0.0999997	-1.09E-11	3.790638
-4.90001	-1.12E-11	3.813874	0.0999998	-1.08E-11	3.813874
-4.80001	-1.15E-11	3.837281	0.0999998	-1.08E-11	3.837281
-4.7	-1E-11	3.860598	0.0999997	-1.11E-11	3.860598
-4.60001	-9.9E-12	3.883845	0.0999996	-1.14E-11	3.883845
-4.50001	-8.6E-12	3.907057	0.0999997	-1.12E-11	3.907057
-4.40001	-9.9E-12	3.930347	0.0999998	-1.06E-11	3.930347
-4.3	-9.7E-12	3.953671	0.0999997	-1.1E-11	3.953671
-4.20001	-7.1E-12	3.976884	0.0999997	-1.12E-11	3.976884
-4.10001	-6.3E-12	4.000175	0.0999996	-1.11E-11	4.000175
-4.00001	-7.4E-12	4.023474	0.0999998	-1.07E-11	4.023474
-3.90001	-5.4E-12	4.046682	0.0999995	-1.1E-11	4.046682
-3.80001	-2.66E-11	4.10676	0.0999999	-9.4E-12	4.10676
-3.70001	-6.9E-12	4.129989	0.0999999	-1.11E-11	4.129989
-3.60001	-5.9E-12	4.153222	0.0999997	-1.11E-11	4.153222
-3.50001	-6.8E-12	4.176577	0.0999997	-1.11E-11	4.176577
-3.40001	-6.3E-12	4.199931	0.0999997	-1.11E-11	4.199931
-3.30001	-3.5E-12	4.223143	0.0999998	-1.14E-11	4.223143
-3.20001	-4.5E-12	4.246433	0.0999996	-1.06E-11	4.246433
-3.10001	-2.3E-12	4.269659	0.0999997	-8.8E-12	4.269659
-3.00001	-2.9E-12	4.292964	0.0999996	9.8E-12	4.292964
-2.90001	-9E-13	4.316174	0.0999998	1.112E-10	4.316174
-2.80001	1E-13	4.339379	0.0999999	5.739E-10	4.339379
-2.70001	-1E-12	4.362665	0.1000003	2.2592E-09	4.362665
-2.60001	-5E-13	4.385963	0.1000015	7.2304E-09	4.385963
-2.50001	2.1E-12	4.409162	0.1000023	1.95709E-08	4.409162
-2.40001	2.8E-12	4.432375	0.1000021	4.57174E-08	4.432375
-2.30001	1.3E-12	4.455681	0.0999975	9.36728E-08	4.455681
-2.20001	-1.69E-11	4.495566	0.1000001	1.68858E-07	4.495566
-2.099999	-1.46E-11	4.521974	0.1000004	2.87943E-07	4.521974
-2.000001	-1.04E-11	4.54647	0.1000004	4.51735E-07	4.54647
-1.900001	-1.69E-11	4.610413	0.1000001	6.55792E-07	4.610413
-1.800001	-1.07E-11	4.634966	0.1000005	9.25997E-07	4.634966
-1.700001	-1.41E-11	4.669607	0.1	1.24306E-06	4.669607
-1.6	-8.5E-12	4.696421	0.1	1.61881E-06	4.696421
-1.5	-6.8E-12	4.720928	0.1	2.04395E-06	4.720928
-1.4	-5.6E-12	4.74549	0.1000001	2.51602E-06	4.74549
-1.3	-4.2E-12	4.770001	0.0999999	3.03135E-06	4.770001
-1.2	-3.2E-12	4.794522	0.0999998	3.58579E-06	4.794522
-1.100001	-1.8E-12	4.819031	0.1000002	4.17466E-06	4.819031
-1	-1.4E-12	4.843623	0.1000002	4.7938E-06	4.843623
-0.9	6E-13	4.868144	0.0999999	5.43862E-06	4.868144
-0.8	1.9E-12	4.892672	0.1000002	6.10652E-06	4.892672
-0.700001	3.2E-12	4.917171	0.1000002	6.79281E-06	4.917171
-0.6	4.8E-12	4.941693	0.1	7.49615E-06	4.941693
-0.500001	6.1E-12	4.966201	0.1000002	8.21303E-06	4.966201
-0.400001	7.2E-12	4.990761	0.1	8.94178E-06	4.990761
-0.3	9.4E-12	5.015346	0.1000002	9.68085E-06	5.015346
-0.1999999	7.2E-12	5.041757	0.1	1.042797E-05	5.041757
-0.1000001	3.6E-12	5.11686	0.1000001	1.11656E-05	5.11686
5E-07	1.13E-11	5.141375	0.1	1.19319E-05	5.141375
0.1000005	1.39E-11	5.16598	0.0999997	1.27026E-05	5.16598
0.2000002	1.6E-11	5.190514	0.1000001	1.34779E-05	5.190514
0.299999	1.82E-11	5.215266	0.1000002	1.42586E-05	5.215266
0.4	2.07E-11	5.239769	0.1000001	1.50458E-05	5.239769
0.5	2.28E-11	5.264284	0.1000003	1.58382E-05	5.264284
0.6	2.47E-11	5.288784	0.0999999	1.66346E-05	5.288784
0.699999	2.65E-11	5.313281	0.1000001	1.74369E-05	5.313281
0.799999	2.88E-11	5.337791	0.1000001	1.82415E-05	5.337791
0.9	3.06E-11	5.36229	0.1	1.90498E-05	5.36229
0.999999	3.23E-11	5.386836	0.1000002	1.98608E-05	5.386836
1.1	3.4E-11	5.411341	0.1000001	2.06744E-05	5.411341
1.2	3.55E-11	5.435834	0.0999999	2.14899E-05	5.435834
1.3	3.67E-11	5.460364	0.1000001	2.23082E-05	5.460364
1.399999	3.8E-11	5.484946	0.1000001	2.31265E-05	5.484946
1.5	3.97E-11	5.509557	0.1000001	2.39463E-05	5.509557
1.599999	4.02E-11	5.534192	0.1000002	2.47677E-05	5.534192
1.699999	4.17E-11	5.558686	0.1000001	2.55892E-05	5.558686
1.799999	3.52E-11	5.61532	0.1	2.64006E-05	5.61532
1.9	4.07E-11	5.639839	0.1	2.72283E-05	5.639839
2	4.28E-11	5.664366	0.0999998	2.8055E-05	5.664366
2.099999	4.35E-11	5.688912	0.0999998	2.88814E-05	5.688912
2.19999	4.41E-11	5.71369	0.1	2.97022E-05	5.71369
2.29999	4.55E-11	5.73819	0.1000001	3.05298E-05	5.73819
2.39999	4.57E-11	5.762709	0.1000002	3.13577E-05	5.762709
2.49999	4.62E-11	5.787252	0.1	3.21861E-05	5.787252
2.59999	4.65E-11	5.811769	0.0999999	3.30151E-05	5.811769
2.69999	4.71E-11	5.836393	0.1000001	3.38447E-05	5.836393
2.79999	4.74E-11	5.860947	0.0999999	3.46733E-05	5.860947
2.89999	4.76E-11	5.885477	0.1	3.55041E-05	5.885477
2.99999	4.86E-11	5.909981	0.0999999	3.63357E-05	5.909981
3.09999	4.9E-11	5.934508	0.1000001	3.71679E-05	5.934508
3.19999	4.91E-11	5.959063	0.1000003	3.80006E-05	5.959063
3.29999	5E-11	5.983591	0.1000002	3.88335E-05	5.983591
3.39999	5E-11	6.008195	0.1	3.96667E-05	6.008195
3.49999	5.01E-11	6.032719	0.1	4.05021E-05	6.032719
3.59999	5.04E-11	6.057277	0.1000003	4.13372E-05	6.057277
3.69999	4.37E-11	6.11379	0.1	4.21618E-05	6.11379
3.79999	4.87E-11	6.138306	0.0999999	4.30029E-05	6.138306
3.89999	4.98E-11	6.162833	0.1000001	4.38417E-05	6.162833
3.99999	4.98E-11	6.187388	0.1000002	4.4681E-05	6.187388
4.09999	5.08E-11	6.211954	0.1000001	4.55206E-05	6.211954
4.19999	5.1E-11	6.236499	0.1000002	4.63607E-05	6.236499
4.29999	5.11E-11	6.261055	0.1000003	4.72018E-05	6.261055
4.39999	5.14E-11	6.285588	0.0999999	4.80427E-05	6.285588
4.49999	5.15E-11	6.310136	0.1	4.88857E-05	6.310136
4.59999	5.27E-11	6.334639	0.1000001	4.97287E-05	6.334639
4.69999	5.26E-11	6.359175	0.1000001	5.05721E-05	6.359175
4.79999	5.28E-11	6.383733	0.1000002	5.14165E-05	6.383733
4.89999	5.31E-11	6.408244	0.1000001	5.22626E-05	6.408244
4.99999	5.34E-11	6.432758	0.1	5.31086E-05	6.432758
5.09999	5.38E-11	6.457276	0.1000001	5.39546E-05	6.457276
5.19999	5.43E-11	6.481791	0.1000001	5.48031E-05	6.481791
5.29999	5.38E-11	6.506397	0.1000001	5.56517E-05	6.506397
5.39999	5.44E-11	6.530923	0.1	5.65022E-05	6.530923
5.49999	5.44E-11	6.555432	0.0999999	5.73522E-05	6.555432
5.59999	4.76E-11	6.615866	0.1	5.81924E-05	6.615866
5.69999	5.3E-11	6.64041	0.0999999	5.90479E-05	6.64041
5.79999	5.36E-11	6.664921	0.0999999	5.99038E-05	6.664921
5.89999	5.39E-11	6.689524	0.1	6.07585E-05	6.689524
5.99999	5.43E-11	6.714137	0.1000002	6.16143E-05	6.714137
6.09999	5.44E-11	6.738674	0.1	6.24716E-05	6.738674
6.19999	5.51E-11	6.763222	0.1	6.33292E-05	6.763222
6.29999	5.58E-11	6.787727	0.1000001	6.41874E-05	6.787727
6.39999	5.57E-11	6.812267	0.1000004	6.50461E-05	6.812267
6.49999	5.61E-11	6.836887	0.0999999	6.5906E-05	6.836887
6.59999	5.56E-11	6.861417	0.1000001	6.67666E-05	6.861417
6.69999	5.59E-11	6.88596	0.1000002	6.7628E-05	6.88596
6.79999	5.62E-11	6.910507	0.0999999	6.84913E-05	6.910507
6.89999	5.67E-11	6.935022	0.0999999	6.93548E-05	6.935022
6.99999	5.69E-11	6.959605	0.0999999	7.02191E-05	6.959605
7.09999	5.67E-11	6.984118	0.0999998	7.10846E-05	6.984118
7.19999	5.69E-11	7.00873	0.1000001	7.1951E-05	7.00873
7.29999	5.73E-11	7.033235	0.0999999	7.28196E-05	7.033235
7.39999	5.79E-11	7.057752	0.1000001	7.36873E-05	7.057752
7.49999	5.02E-11	7.117042	0.1	7.4548E-05	7.117042
7.59999	5.53E-11	7.141568	0.0999999	7.54209E-05	7.141568
7.69999	5.61E-11	7.166079	0.1000001	7.62932E-05	7.166079
7.79999	5.62E-11	7.190659	0.0999998	7.71662E-05	7.190659
7.89999	5.71E-11	7.215242	0.1000003	7.80404E-05	7.215242
7.99999	5.7E-11	7.239766	0.0999999	7.89159E-05	7.239766
8.09999	5.75E-11	7.264281	0.0999998	7.97907E-05	7.264281
8.19999	5.79E-11	7.288789	0.1	8.06681E-05	7.288789
8.29999	5.77E-11	7.313335	0.1000002	8.15452E-05	7.313335
8.39999	5.78E-11	7.337863	0.1	8.2424E-05	7.337863
8.49999	5.8E-11	7.362365	0.1	8.33028E-05	7.362365
8.59999	5.84E-11	7.386897	0.0999998	8.41832E-05	7.386897
8.69999	5.8E-11	7.411486	0.0999999	8.50639E-05	7.411486
8.79999	5.83E-11	7.436014	0.1000002	8.59469E-05	7.436014
8.89999	5.9E-11	7.460549	0.1000001	8.68304E-05	7.460549
8.99999	5.89E-11	7.485161	0.1	8.77161E-05	7.485161
9.09999	5.86E-11	7.509775	0.1	8.86015E-05	7.509775
9.19999	5.9E-11	7.534286	0.1	8.9487E-05	7.534286
9.29999	5.88E-11	7.558817	0.0999999	9.03702E-05	7.558817
9.39999	5.22E-11	7.618859	0.1	9.12557E-05	7.618859
9.49999	5.73E-11	7.643406	0.1000003	9.21509E-05	7.643406
9.59999	5.78E-11	7.667939	0.1	9.30425E-05	7.667939
9.69999	5.84E-11	7.692483	0.1	9.39359E-05	7.692483
9.79999	5.86E-11	7.717064	0.1000002	9.48293E-05	7.717064
9.89999	5.87E-11	7.741581	0.1000002	9.57247E-05	7.741581
9.99999	5.93E-11	7.766141	0.1000002	9.66195E-05	7.766141
9.9	4.66E-11	7.790666	0.0999999	9.57094E-05	7.790666
9.8	4.34E-11	7.815234	0.0999999	9.48053E-05	7.815234
9.7	4.07E-11	7.839881	0.1000002	9.39036E-05	7.839881
9.6	3.9E-11	7.864455	0.0999999	9.30027E-05	7.864455
9.5	3.74E-11	7.888978	0.1	9.21055E-05	7.888978
9.4	3.69E-11	7.913506	0.1	9.12093E-05	7.913506
9.3	3.5E-11	7.938039	0.1	9.0315E-05	7.938039
9.2	3.46E-11	7.962608	0.1000001	8.94204E-05	7.962608
9.1	3.37E-11	7.987118	0.1000002	8.85272E-05	7.987118
9	3.28E-11	8.011714	0.1000001	8.76363E-05	8.011714
8.9	3.23E-11	8.036239	0.0999998	8.67483E-05	8.036239
8.8	3.19E-11	8.060748	0.1	8.58555E-05	8.060748
8.7	3.66E-11	8.120159	0.1000001	8.49671E-05	8.120159
8.6	3.06E-11	8.144712	0.1	8.40767E-05	8.144712
8.5	3E-11	8.169236	0.0999999	8.3187E-05	8.169236
8.4	2.97E-11	8.19381	0.0999999	8.22993E-05	8.19381
8.3	2.9E-11	8.218379	0.1	8.14136E-05	8.218379
8.2	2.85E-11	8.242899	0.0999998	8.05281E-05	8.242899
8.1	2.79E-11	8.267412	0.0999999	7.96445E-05	8.267412
8	2.81E-11	8.291972	0.0999998	7.87625E-05	8.291972
7.9	2.77E-11	8.316538	0.0999997	7.78788E-05	8.316538
7.8	2.64E-11	8.341066	0.1	7.6998E-05	8.341066
7.7	2.6E-11	8.365581	0.0999999	7.61186E-05	8.365581
7.6	2.55E-11	8.390078	0.0999999	7.52406E-05	8.390078
7.5	2.53E-11	8.414594	0.1	7.43624E-05	8.414594
7.4	2.46E-11	8.439092	0.0999999	7.3485E-05	8.439092
7.3	2.47E-11	8.463636	0.0999999	7.26102E-05	8.463636
7.2	2.41E-11	8.488143	0.1000002	7.17357E-05	8.488143
7.1	2.38E-11	8.512749	0.1	7.08614E-05	8.512749
7	2.33E-11	8.537259	0.0999999	6.99884E-05	8.537259
6.9	2.32E-11	8.561783	0.0999997	6.91162E-05	8.561783
6.8	2.92E-11	8.621807	0.0999998	6.82513E-05	8.621807
6.7	2.39E-11	8.646319	0.0999999	6.738E-05	8.646319
6.6	2.3E-11	8.670815	0.1000001	6.651E-05	8.670815
6.5	2.27E-11	8.695349	0.0999998	6.56407E-05	8.695349
6.4	2.17E-11	8.719928	0.0999998	6.47739E-05	8.719928
6.3	2.12E-11	8.744445	0.0999999	6.3907E-05	8.744445
6.2	2.09E-11	8.768958	0.1	6.30396E-05	8.768958
6.1	2.02E-11	8.793489	0.0999998	6.21743E-05	8.793489
6	2.04E-11	8.818035	0.0999999	6.13108E-05	8.818035
5.9	2E-11	8.842636	0.1	6.0447E-05	8.842636
5.8	1.95E-11	8.867178	0.0999998	5.95841E-05	8.867178
5.7	1.88E-11	8.891687	0.1	5.87221E-05	8.891687
5.6	1.87E-11	8.91629	0.0999998	5.78613E-05	8.91629
5.5	1.82E-11	8.940837	0.1	5.70012E-05	8.940837
5.4	1.79E-11	8.965404	0.0999998	5.61416E-05	8.965404
5.3	1.74E-11	8.989912	0.0999998	5.52832E-05	8.989912
5.2	1.63E-11	9.014479	0.1000001	5.44267E-05	9.014479
5.1	1.66E-11	9.038983	0.0999999	5.35693E-05	9.038983
5	1.58E-11	9.063487	0.1	5.2714E-05	9.063487
4.9	2.22E-11	9.12323	0.0999999	5.18646E-05	9.12323
4.8	1.71E-11	9.14776	0.0999999	5.10096E-05	9.14776
4.7	1.62E-11	9.172301	0.0999998	5.01556E-05	9.172301
4.6	1.5E-11	9.196874	0.1000001	4.93026E-05	9.196874
4.5	1.45E-11	9.221454	0.0999999	4.84511E-05	9.221454
4.4	1.42E-11	9.245973	0.0999999	4.75998E-05	9.245973
4.3	1.32E-11	9.270492	0.1000001	4.67504E-05	9.270492
4.2	1.28E-11	9.295017	0.1000001	4.59006E-05	9.295017
4.1	1.22E-11	9.319545	0.0999999	4.50522E-05	9.319545
4	1.21E-11	9.344116	0.1	4.4205E-05	9.344116
3.9	1.1E-11	9.368675	0.1000002	4.33583E-05	9.368675
3.8	1.05E-11	9.39317	0.0999998	4.25124E-05	9.39317
3.7	1.02E-11	9.417784	0.1000002	4.16675E-05	9.417784
3.6	9.4E-12	9.442324	0.0999999	4.08238E-05	9.442324
3.5	9.4E-12	9.467041	0.1	3.99807E-05	9.467041
3.4	8.1E-12	9.491574	0.0999999	3.91375E-05	9.491574
3.3	7.4E-12	9.516167	0.0999999	3.82958E-05	9.516167
3.2	6.8E-12	9.540698	0.1	3.74553E-05	9.540698
3.1	6E-12	9.565205	0.0999999	3.66155E-05	9.565205
3	1.22E-11	9.624793	0.0999999	3.57817E-05	9.624793
2.9	6.9E-12	9.649314	0.1	3.49428E-05	9.649314
2.8	5E-12	9.673847	0.0999998	3.41047E-05	9.673847
2.7	4E-12	9.698389	0.0999998	3.32683E-05	9.698389
2.6	3.3E-12	9.723003	0.0999999	3.24333E-05	9.723003
2.5	2.1E-12	9.747508	0.0999998	3.15983E-05	9.747508
2.4	1.4E-12	9.77208	0.1	3.07647E-05	9.77208
2.3	3E-13	9.796592	0.1	2.99318E-05	9.796592
2.2	-6E-13	9.821129	0.0999998	2.91006E-05	9.821129
2.099999	1.6E-12	9.847636	0.0999999	2.82754E-05	9.847636
2	-2.4E-12	9.872153	0.0999999	2.74462E-05	9.872153
1.9	-3.5E-12	9.896658	0.1	2.66188E-05	9.896658
1.8	-4.8E-12	9.921172	0.0999999	2.57922E-05	9.921172
1.7	-5.9E-12	9.945679	0.1	2.49674E-05	9.945679
1.6	-7.1E-12	9.970229	0.0999999	2.4144E-05	9.970229
1.5	-8.6E-12	9.994743	0.0999998	2.33229E-05	9.994743
1.4	-9.6E-12	10.019349	0.1	2.25031E-05	10.019349
1.3	-1.07E-11	10.043913	0.0999999	2.1686E-05	10.043913
1.2	-1.22E-11	10.068412	0.0999999	2.08712E-05	10.068412
1.100001	-7.8E-12	10.12161	0.1	2.00637E-05	10.12161
1	-1.37E-11	10.146187	0.0999999	1.92534E-05	10.146187
0.9	-1.59E-11	10.17073	0.0999998	1.84473E-05	10.17073
0.8	-1.82E-11	10.195318	0.1	1.76457E-05	10.195318
0.7	-1.99E-11	10.219892	0.0999997	1.68492E-05	10.219892
0.6	-2.21E-11	10.244448	0.1	1.60573E-05	10.244448
0.5	-2.41E-11	10.268955	0.0999999	1.52722E-05	10.268955
0.4	-2.64E-11	10.293471	0.0999998	1.4493E-05	10.293471
0.3	-2.88E-11	10.317982	0.0999999	1.3721E-05	10.317982
0.2	-2.75E-11	10.34439	0.1	1.29551E-05	10.34439
0.0999997	-3.34E-11	10.368888	0.0999999	1.21946E-05	10.368888
-5E-07	-3.53E-11	10.393398	0.1	1.14403E-05	10.393398
#scan	iMeasureCycle=2	iMux=0	time=279.878	N=401	LocalTime=19/04/2023 23:18:20
#VGate(V)	IGate(A)	time(s)	VDrain(V)	IDrain(A)	time(s)
-2E-07	-1.42E-11	279.88556	0.0999999	1.1629E-05	279.88556
-0.1000004	-2.16E-11	279.910468	0.0999999	1.08672E-05	279.910468
-0.2000002	-2.35E-11	279.936094	0.1	1.01139E-05	279.936094
-0.3	-2.94E-11	279.960836	0.0999999	9.3685E-06	279.960836
-0.4	-2.84E-11	279.987941	0.1	8.63859E-06	279.987941
-0.5	-3.42E-11	280.012537	0.0999998	7.91458E-06	280.012537
-0.6	-3.68E-11	280.03704	0.1	7.20344E-06	280.03704
-0.7	-3.88E-11	280.06155	0.0999999	6.50782E-06	280.06155
-0.8	-4.05E-11	280.086063	0.0999999	5.82862E-06	280.086063
-0.9	-4.15E-11	280.11056	0.0999997	5.17065E-06	280.11056
-1	-4.32E-11	280.135078	0.0999999	4.53653E-06	280.135078
-1.1	-4.4E-11	280.159621	0.0999998	3.92946E-06	280.159621
-1.2	-4.51E-11	280.18425	0.1	3.35393E-06	280.18425
-1.3	-4.64E-11	280.208763	0.0999999	2.81429E-06	280.208763
-1.4	-4.75E-11	280.233282	0.0999999	2.31601E-06	280.233282
-1.5	-4.79E-11	280.257829	0.1	1.86279E-06	280.257829
-1.6	-4.94E-11	280.282342	0.0999999	1.45827E-06	280.282342
-1.7	-4.95E-11	280.306872	0.1	1.10564E-06	280.306872
-1.8	-4.71E-11	280.334185	0.0999995	8.08204E-07	280.334185
-1.9	-5.06E-11	280.358702	0.0999995	5.6253E-07	280.358702
-2	-5.16E-11	280.383208	0.0999995	3.70281E-07	280.383208
-2.1	-5.22E-11	280.407791	0.0999999	2.2731E-07	280.407791
-2.2	-4.65E-11	280.452167	0.0999998	1.29302E-07	280.452167
-2.3	-4.61E-11	280.48985	0.0999959	6.61879E-08	280.48985
-2.4	-6.47E-11	280.513227	0.1000067	2.93939E-08	280.513227
-2.5	-6.57E-11	280.536976	0.1000028	1.12862E-08	280.536976
-2.6	-6.87E-11	280.560198	0.1000015	3.6643E-09	280.560198
-2.7	-6.92E-11	280.58341	0.1000007	9.739E-10	280.58341
-2.8	-6.99E-11	280.606614	0.1000004	2.082E-10	280.606614
-2.9	-6.81E-11	280.629899	0.1000005	3.05E-11	280.629899
-3	-6.86E-11	280.653205	0.1000003	-1.7E-12	280.653205
-3.1	-7.11E-11	280.676408	0.1000003	-6.6E-12	280.676408
-3.2	-7.15E-11	280.699621	0.1000006	-6.6E-12	280.699621
-3.3	-7.02E-11	280.722905	0.1000002	-6.7E-12	280.722905
-3.4	-6.99E-11	280.7462	0.1000002	-6.9E-12	280.7462
-3.5	-7.11E-11	280.769481	0.1000001	-6.7E-12	280.769481
-3.6	-7.34E-11	280.792679	0.1000003	-6.8E-12	280.792679
-3.7	-7.19E-11	280.815963	0.1000003	-7E-12	280.815963
-3.8	-7.29E-11	280.839229	0.1000001	-7E-12	280.839229
-3.9	-7.42E-11	280.862456	0.1000003	-6.8E-12	280.862456
-4	-7.43E-11	280.88569	0.1000003	-6.4E-12	280.88569
-4.1	-7.29E-11	280.908984	0.1000004	-7.1E-12	280.908984
-4.2	-5.35E-11	280.952252	0.1000001	-8.2E-12	280.952252
-4.3	-7.32E-11	280.975491	0.1000002	-6.7E-12	280.975491
-4.4	-7.45E-11	280.998708	0.1000002	-6.4E-12	280.998708
-4.5	-7.43E-11	281.022002	0.1000003	-6.3E-12	281.022002
-4.6	-7.32E-11	281.04534	0.1000003	-6.1E-12	281.04534
-4.7	-7.57E-11	281.068555	0.1000003	-6.1E-12	281.068555
-4.8	-7.57E-11	281.091773	0.1000003	-6.4E-12	281.091773
-4.9	-7.6E-11	281.114985	0.1000003	-6.1E-12	281.114985
-5	-7.51E-11	281.138346	0.1000003	-6.7E-12	281.138346
-5.1	-7.55E-11	281.161584	0.1000003	-6.4E-12	281.161584
-5.2	-7.71E-11	281.184889	0.1000002	-6.4E-12	281.184889
-5.3	-7.55E-11	281.208183	0.1000002	-6.3E-12	281.208183
-5.4	-7.6E-11	281.231468	0.1000003	-6.6E-12	281.231468
-5.5	-7.71E-11	281.254698	0.1000002	-6.3E-12	281.254698
-5.6	-7.84E-11	281.27791	0.1000004	-6E-12	281.27791
-5.7	-7.58E-11	281.301243	0.1000002	-6.5E-12	281.301243
-5.8	-7.68E-11	281.324522	0.1000002	-6.2E-12	281.324522
-5.9	-7.91E-11	281.347735	0.1000004	-6.2E-12	281.347735
-6	-7.88E-11	281.370952	0.1000003	-6E-12	281.370952
-6.1	-7.74E-11	281.394243	0.1000003	-6.5E-12	281.394243
-6.2	-5.83E-11	281.450729	0.1	-7.8E-12	281.450729
-6.3	-7.76E-11	281.473971	0.1000002	-6.3E-12	281.473971
-6.4	-7.68E-11	281.497265	0.1000003	-6.7E-12	281.497265
-6.5	-7.7E-11	281.520634	0.1000004	-6.6E-12	281.520634
-6.6	-7.93E-11	281.543898	0.1000004	-6.3E-12	281.543898
-6.7	-7.97E-11	281.567123	0.1000002	-6E-12	281.567123
-6.8	-7.99E-11	281.590332	0.1000003	-6E-12	281.590332
-6.9	-7.93E-11	281.613567	0.1000002	-6.2E-12	281.613567
-7	-7.82E-11	281.636876	0.1000003	-6.5E-12	281.636876
-7.1	-8.09E-11	281.660094	0.1000002	-5.7E-12	281.660094
-7.2	-8.13E-11	281.683305	0.1000003	-5.7E-12	281.683305
-7.3	-7.97E-11	281.706599	0.1000002	-5.9E-12	281.706599
-7.4	-7.97E-11	281.729891	0.1000002	-6E-12	281.729891
-7.5	-8.19E-11	281.753102	0.1000004	-5.9E-12	281.753102
-7.6	-8.21E-11	281.776325	0.1000004	-5.9E-12	281.776325
-7.7	-8.05E-11	281.799607	0.1000003	-6.3E-12	281.799607
-7.8	-8.04E-11	281.822895	0.1000003	-6.4E-12	281.822895
-7.9	-8.19E-11	281.846212	0.1000002	-6.2E-12	281.846212
-8	-8.3E-11	281.869437	0.1000004	-6E-12	281.869437
-8.1	-8.13E-11	281.892744	0.1000001	-6.3E-12	281.892744
-8.2	-6.12E-11	281.947608	0.1000001	-7.6E-12	281.947608
-8.3	-7.96E-11	281.970934	0.1000003	-6.2E-12	281.970934
-8.4	-8.16E-11	281.994149	0.1000002	-6.2E-12	281.994149
-8.5	-8.15E-11	282.017455	0.1000003	-5.8E-12	282.017455
-8.6	-8.06E-11	282.04081	0.1000002	-5.9E-12	282.04081
-8.7	-8.02E-11	282.064102	0.1000004	-6.4E-12	282.064102
-8.8	-8.04E-11	282.087384	0.1000003	-6.2E-12	282.087384
-8.9	-8.3E-11	282.110602	0.1000003	-6E-12	282.110602
-9	-8.13E-11	282.133892	0.1000003	-6.3E-12	282.133892
-9.1	-8.16E-11	282.157188	0.1000002	-5.9E-12	282.157188
-9.2	-8.34E-11	282.180494	0.1000003	-5.8E-12	282.180494
-9.3	-8.22E-11	282.203792	0.1000003	-6.3E-12	282.203792
-9.4	-8.24E-11	282.227075	0.1000003	-6.2E-12	282.227075
-9.5	-8.39E-11	282.250342	0.1000001	-5.9E-12	282.250342
-9.6	-8.35E-11	282.273587	0.1000003	-6E-12	282.273587
-9.7	-8.41E-11	282.296841	0.1000002	-6.3E-12	282.296841
-9.8	-8.27E-11	282.32013	0.1000003	-6E-12	282.32013
-9.9	-8.34E-11	282.343411	0.1000005	-6.2E-12	282.343411
-10	-8.48E-11	282.366632	0.1000002	-5.8E-12	282.366632
-9.90001	-4.39E-11	282.389918	0.0999998	-9.2E-12	282.389918
-9.80001	-3.94E-11	282.413248	0.0999998	-9.2E-12	282.413248
-9.70001	-5.51E-11	282.453889	0.1	-8.1E-12	282.453889
-9.60001	-3.64E-11	282.4772	0.0999998	-9.2E-12	282.4772
-9.50001	-3.38E-11	282.500445	0.0999998	-9.3E-12	282.500445
-9.40001	-3.21E-11	282.523756	0.0999998	-9.7E-12	282.523756
-9.30001	-3.11E-11	282.547021	0.0999997	-9.7E-12	282.547021
-9.20001	-3.16E-11	282.570328	0.0999998	-9.5E-12	282.570328
-9.10001	-3.26E-11	282.593696	0.1	-9.2E-12	282.593696
-9.00001	-2.82E-11	282.616898	0.0999999	-9.5E-12	282.616898
-8.90001	-2.88E-11	282.640182	0.0999998	-9.6E-12	282.640182
-8.80001	-2.85E-11	282.663469	0.0999996	-9.7E-12	282.663469
-8.70001	-2.57E-11	282.686682	0.0999997	-9.5E-12	282.686682
-8.60001	-2.68E-11	282.709979	0.0999998	-9.5E-12	282.709979
-8.50001	-2.61E-11	282.733263	0.0999999	-9.8E-12	282.733263
-8.40001	-2.6E-11	282.756559	0.0999998	-9.7E-12	282.756559
-8.30001	-2.33E-11	282.779772	0.0999999	-9.7E-12	282.779772
-8.20001	-2.52E-11	282.803065	0.0999998	-9.5E-12	282.803065
-8.10001	-2.47E-11	282.82634	0.0999999	-9.7E-12	282.82634
-8.00001	-2.27E-11	282.849662	0.0999998	-9E-12	282.849662
-7.90001	-2.2E-11	282.87289	0.0999999	-9.8E-12	282.87289
-7.80001	-2.2E-11	282.89613	0.0999997	-9.6E-12	282.89613
-7.70001	-4.22E-11	282.955267	0.1000001	-8E-12	282.955267
-7.6	-2.43E-11	282.97857	0.0999998	-9.9E-12	282.97857
-7.50001	-2.33E-11	283.001865	0.0999998	-9.9E-12	283.001865
-7.40001	-2.36E-11	283.025292	0.0999999	-9.3E-12	283.025292
-7.30001	-2.2E-11	283.048636	0.0999998	-9.2E-12	283.048636
-7.2	-2.01E-11	283.071859	0.1	-9.5E-12	283.071859
-7.10001	-1.92E-11	283.095082	0.0999999	-9.9E-12	283.095082
-7.00001	-1.86E-11	283.118304	0.0999996	-1E-11	283.118304
-6.90001	-2E-11	283.141596	0.0999999	-9.7E-12	283.141596
-6.80001	-1.96E-11	283.164884	0.1	-1E-11	283.164884
-6.70001	-1.73E-11	283.188184	0.0999997	-9.9E-12	283.188184
-6.60001	-1.94E-11	283.211513	0.0999998	-9.8E-12	283.211513
-6.50001	-1.81E-11	283.234796	0.1	-1E-11	283.234796
-6.40001	-1.68E-11	283.258027	0.1	-1.03E-11	283.258027
-6.30001	-1.57E-11	283.281248	0.1	-1.02E-11	283.281248
-6.20001	-1.69E-11	283.304556	0.0999998	-1.01E-11	283.304556
-6.10001	-1.68E-11	283.327849	0.1	-1E-11	283.327849
-6.00001	-1.65E-11	283.351114	0.1	-9.9E-12	283.351114
-5.90001	-1.44E-11	283.374325	0.0999998	-9.7E-12	283.374325
-5.80001	-1.58E-11	283.397609	0.0999997	-1.01E-11	283.397609
-5.70001	-3.42E-11	283.451664	0.1000001	-8.8E-12	283.451664
-5.60001	-1.65E-11	283.47497	0.0999998	-1E-11	283.47497
-5.50001	-1.48E-11	283.498212	0.0999999	-1.02E-11	283.498212
-5.40001	-1.34E-11	283.521501	0.0999999	-1.06E-11	283.521501
-5.30001	-1.44E-11	283.54484	0.1000001	-9.9E-12	283.54484
-5.20001	-1.28E-11	283.568088	0.0999997	-1.04E-11	283.568088
-5.1	-1.16E-11	283.591309	0.0999997	-1.04E-11	283.591309
-5.00001	-1.17E-11	283.614521	0.0999998	-1.06E-11	283.614521
-4.90001	-1.25E-11	283.637802	0.0999999	-1.05E-11	283.637802
-4.80001	-1.2E-11	283.66109	0.0999998	-1.06E-11	283.66109
-4.7	-1.06E-11	283.684344	0.0999998	-1.01E-11	283.684344
-4.60001	-1.09E-11	283.707628	0.0999999	-1.07E-11	283.707628
-4.50001	-1.06E-11	283.730909	0.1	-1.08E-11	283.730909
-4.40001	-8.3E-12	283.754113	0.0999996	-1.11E-11	283.754113
-4.3	-8.8E-12	283.777372	0.0999999	-1.06E-11	283.777372
-4.20001	-7E-12	283.800582	0.0999997	-1.09E-11	283.800582
-4.10001	-7.3E-12	283.82381	0.0999999	-1.07E-11	283.82381
-4.00001	-6.5E-12	283.847037	0.0999999	-1.11E-11	283.847037
-3.90001	-5.8E-12	283.870272	0.0999999	-1.12E-11	283.870272
-3.80001	-5.2E-12	283.893496	0.0999999	-1.16E-11	283.893496
-3.70001	-6.9E-12	283.916793	0.1	-1.11E-11	283.916793
-3.60001	-2.54E-11	283.957848	0.1000001	-9.5E-12	283.957848
-3.50001	-7.4E-12	283.981147	0.1	-1.09E-11	283.981147
-3.40001	-6.5E-12	284.004444	0.0999998	-1.06E-11	284.004444
-3.30001	-3.9E-12	284.027741	0.1	-1.13E-11	284.027741
-3.20001	-3.5E-12	284.051029	0.0999999	-1.1E-11	284.051029
-3.10001	-3.7E-12	284.074323	0.0999997	-9.1E-12	284.074323
-3.00001	-1.6E-12	284.097557	0.0999998	5.7E-12	284.097557
-2.90001	-8E-13	284.120772	0.1	8.78E-11	284.120772
-2.80001	-8E-13	284.143992	0.1000001	4.704E-10	284.143992
-2.70001	-9E-13	284.167274	0.1000004	1.8887E-09	284.167274
-2.60001	1.1E-12	284.19059	0.1000013	6.2075E-09	284.19059
-2.50001	2.7E-12	284.213799	0.1000026	1.7209E-08	284.213799
-2.40001	7E-13	284.237099	0.1000034	4.09145E-08	284.237099
-2.30001	1.7E-12	284.260378	0.1000007	8.52971E-08	284.260378
-2.20001	-1.66E-11	284.299861	0.1000002	1.56037E-07	284.299861
-2.1	-1.45E-11	284.326286	0.1000003	2.69001E-07	284.326286
-2.000001	-1.02E-11	284.350816	0.1000005	4.25976E-07	284.350816
-1.9	-9.5E-12	284.375349	0.1000006	6.31846E-07	284.375349
-1.800001	-8.8E-12	284.399902	0.1000008	8.89658E-07	284.399902
-1.700001	-1.57E-11	284.473645	0.1000001	1.18915E-06	284.473645
-1.600001	-9.5E-12	284.498183	0.1000001	1.55717E-06	284.498183
-1.5	-8E-12	284.522791	0.1000001	1.97309E-06	284.522791
-1.4	-6.7E-12	284.547397	0.1	2.43532E-06	284.547397
-1.3	-5.2E-12	284.572005	0.0999999	2.94067E-06	284.572005
-1.200001	-3.8E-12	284.596536	0.1000003	3.48512E-06	284.596536
-1.100001	-2.4E-12	284.621055	0.0999998	4.06334E-06	284.621055
-1	-1.1E-12	284.645577	0.1	4.67233E-06	284.645577
-0.9	4E-13	284.670107	0.1	5.30763E-06	284.670107
-0.8	1.4E-12	284.694648	0.1	5.96568E-06	284.694648
-0.700001	2.9E-12	284.719172	0.1	6.64353E-06	284.719172
-0.600001	4.4E-12	284.743699	0.0999999	7.33737E-06	284.743699
-0.500001	6E-12	284.768241	0.1	8.04589E-06	284.768241
-0.400001	7.8E-12	284.792749	0.1000002	8.76697E-06	284.792749
-0.3	9E-12	284.817281	0.1	9.49816E-06	284.817281
-0.2	7E-12	284.843691	0.0999999	1.023884E-05	284.843691
-0.1000001	7E-12	284.878499	0.1000001	1.09794E-05	284.878499
3E-07	1.35E-11	284.903007	0.1000001	1.1737E-05	284.903007
0.0999999	8.7E-12	284.965016	0.1	1.24919E-05	284.965016
0.2000002	1.51E-11	284.989572	0.0999999	1.32633E-05	284.989572
0.299999	1.8E-11	285.014315	0.0999999	1.40395E-05	285.014315
0.399999	2E-11	285.038825	0.1	1.48216E-05	285.038825
0.5	2.2E-11	285.063367	0.1000001	1.56098E-05	285.063367
0.599999	2.42E-11	285.087883	0.1000003	1.64033E-05	285.087883
0.7	2.63E-11	285.112381	0.1	1.72024E-05	285.112381
0.799999	2.85E-11	285.136888	0.0999999	1.8006E-05	285.136888
0.9	3E-11	285.161389	0.1000001	1.88138E-05	285.161389
0.999999	3.2E-11	285.185893	0.1000001	1.96251E-05	285.185893
1.1	3.33E-11	285.2104	0.1000001	2.04397E-05	285.2104
1.2	3.55E-11	285.234963	0.1000003	2.12571E-05	285.234963
1.299999	3.69E-11	285.25949	0.1000001	2.20764E-05	285.25949
1.4	3.84E-11	285.28402	0.1	2.28986E-05	285.28402
1.5	3.97E-11	285.308563	0.0999998	2.37222E-05	285.308563
1.599999	4.07E-11	285.333104	0.1000003	2.45472E-05	285.333104
1.699999	4.17E-11	285.357625	0.1	2.53733E-05	285.357625
1.8	4.28E-11	285.38207	0.1	2.6201E-05	285.38207
1.899999	4.32E-11	285.406599	0.1000001	2.70299E-05	285.406599
1.999999	3.69E-11	285.462158	0.1000001	2.78527E-05	285.462158
2.099999	4.25E-11	285.486681	0.1000003	2.86853E-05	285.486681
2.19999	4.36E-11	285.511436	0.1	2.95127E-05	285.511436
2.29999	4.46E-11	285.536066	0.1000002	3.03451E-05	285.536066
2.39999	4.52E-11	285.560665	0.1000001	3.11782E-05	285.560665
2.49999	4.55E-11	285.58519	0.1	3.20118E-05	285.58519
2.59999	4.67E-11	285.609699	0.0999999	3.28459E-05	285.609699
2.69999	4.69E-11	285.634191	0.1	3.36798E-05	285.634191
2.79999	4.75E-11	285.658699	0.0999998	3.45147E-05	285.658699
2.89999	4.76E-11	285.68324	0.1	3.53499E-05	285.68324
2.99999	4.82E-11	285.707763	0.0999998	3.61857E-05	285.707763
3.09999	4.87E-11	285.732275	0.0999999	3.70209E-05	285.732275
3.19999	4.89E-11	285.756778	0.1000001	3.7857E-05	285.756778
3.29999	4.93E-11	285.781314	0.1000001	3.86934E-05	285.781314
3.39999	4.96E-11	285.805862	0.1000001	3.95302E-05	285.805862
3.49999	4.95E-11	285.830404	0.1000001	4.03677E-05	285.830404
3.59999	5.02E-11	285.854961	0.0999999	4.12068E-05	285.854961
3.69999	5.12E-11	285.879478	0.1000001	4.20441E-05	285.879478
3.79999	5.1E-11	285.904076	0.0999999	4.2883E-05	285.904076
3.89999	4.44E-11	285.965404	0.1000001	4.3712E-05	285.965404
3.99999	4.9E-11	285.989963	0.1	4.45557E-05	285.989963
4.09999	4.99E-11	286.014521	0.1000001	4.53974E-05	286.014521
4.19999	5.08E-11	286.039114	0.0999999	4.62402E-05	286.039114
4.29999	5.13E-11	286.063676	0.0999998	4.70827E-05	286.063676
4.39999	5.16E-11	286.088176	0.1	4.79258E-05	286.088176
4.49999	5.16E-11	286.112703	0.1	4.877E-05	286.112703
4.59999	5.21E-11	286.13725	0.1	4.96138E-05	286.13725
4.69999	5.23E-11	286.161759	0.1000002	5.04582E-05	286.161759
4.79999	5.23E-11	286.186369	0.1	5.13049E-05	286.186369
4.89999	5.28E-11	286.210926	0.1000001	5.21504E-05	286.210926
4.99999	5.26E-11	286.235487	0.1000003	5.29972E-05	286.235487
5.09999	5.32E-11	286.259992	0.1	5.38451E-05	286.259992
5.19999	5.32E-11	286.284542	0.0999999	5.46943E-05	286.284542
5.29999	5.37E-11	286.309051	0.0999998	5.55431E-05	286.309051
5.39999	5.35E-11	286.333579	0.1000003	5.63931E-05	286.333579
5.49999	5.41E-11	286.358079	0.0999999	5.72445E-05	286.358079
5.59999	5.41E-11	286.382624	0.1000001	5.8097E-05	286.382624
5.69999	5.47E-11	286.407241	0.1000001	5.89502E-05	286.407241
5.79999	4.81E-11	286.467085	0.0999999	5.97925E-05	286.467085
5.89999	5.31E-11	286.491613	0.1000002	6.06512E-05	286.491613
5.99999	5.27E-11	286.516325	0.1	6.15082E-05	286.516325
6.09999	5.4E-11	286.540962	0.1000003	6.23662E-05	286.540962
6.19999	5.46E-11	286.56556	0.1000001	6.32249E-05	286.56556
6.29999	5.55E-11	286.590076	0.1000002	6.40831E-05	286.590076
6.39999	5.53E-11	286.614658	0.0999999	6.49428E-05	286.614658
6.49999	5.5E-11	286.639193	0.1	6.58031E-05	286.639193
6.59999	5.53E-11	286.663712	0.0999999	6.66637E-05	286.663712
6.69999	5.61E-11	286.688252	0.1000001	6.75269E-05	286.688252
6.79999	5.58E-11	286.712871	0.1000001	6.83906E-05	286.712871
6.89999	5.65E-11	286.737387	0.1000001	6.9254E-05	286.737387
6.99999	5.61E-11	286.761932	0.1	7.01194E-05	286.761932
7.09999	5.64E-11	286.786449	0.0999999	7.09846E-05	286.786449
7.19999	5.65E-11	286.811045	0.1	7.18526E-05	286.811045
7.29999	5.67E-11	286.835579	0.1000001	7.27193E-05	286.835579
7.39999	5.63E-11	286.860199	0.0999999	7.35882E-05	286.860199
7.49999	5.72E-11	286.884753	0.1000003	7.44579E-05	286.884753
7.59999	5.69E-11	286.909273	0.1	7.53289E-05	286.909273
7.69999	5.09E-11	286.968458	0.1	7.61906E-05	286.968458
7.79999	5.59E-11	286.992966	0.1000004	7.70663E-05	286.992966
7.89999	5.54E-11	287.017669	0.1	7.79414E-05	287.017669
7.99999	5.67E-11	287.042222	0.1000002	7.8816E-05	287.042222
8.09999	5.69E-11	287.066794	0.0999999	7.96927E-05	287.066794
8.19999	5.68E-11	287.091332	0.1000001	8.05693E-05	287.091332
8.29999	5.75E-11	287.115881	0.1000001	8.14466E-05	287.115881
8.39999	5.76E-11	287.140447	0.1000003	8.23257E-05	287.140447
8.49999	5.81E-11	287.164958	0.1000002	8.32055E-05	287.164958
8.59999	5.76E-11	287.189634	0.1000002	8.40857E-05	287.189634
8.69999	5.78E-11	287.214282	0.1	8.49676E-05	287.214282
8.79999	5.77E-11	287.238848	0.0999999	8.58506E-05	287.238848
8.89999	5.84E-11	287.263404	0.1	8.67343E-05	287.263404
8.99999	5.84E-11	287.287918	0.1	8.76195E-05	287.287918
9.09999	5.9E-11	287.312462	0.1	8.85048E-05	287.312462
9.19999	6E-11	287.336975	0.0999998	8.93911E-05	287.336975
9.29999	5.98E-11	287.361537	0.1	9.02774E-05	287.361537
9.39999	5.94E-11	287.38605	0.0999998	9.11661E-05	287.38605
9.49999	5.94E-11	287.410566	0.1000001	9.20576E-05	287.410566
9.59999	5.28E-11	287.469951	0.1000001	9.29432E-05	287.469951
9.69999	5.81E-11	287.494497	0.1	9.38382E-05	287.494497
9.79999	5.83E-11	287.519121	0.0999998	9.47334E-05	287.519121
9.89999	5.88E-11	287.543776	0.1000002	9.56284E-05	287.543776
9.99999	5.95E-11	287.568325	0.1000001	9.65246E-05	287.568325
9.9	4.59E-11	287.592857	0.1	9.5614E-05	287.592857
9.8	4.23E-11	287.617374	0.0999998	9.47108E-05	287.617374
9.7	4.04E-11	287.641938	0.0999999	9.38088E-05	287.641938
9.6	3.89E-11	287.666493	0.1	9.29089E-05	287.666493
9.5	3.68E-11	287.690999	0.0999997	9.20115E-05	287.690999
9.4	3.59E-11	287.715622	0.0999999	9.1116E-05	287.715622
9.3	3.5E-11	287.740135	0.1000001	9.02202E-05	287.740135
9.2	3.41E-11	287.764661	0.0999997	8.93249E-05	287.764661
9.1	3.28E-11	287.789185	0.0999999	8.8432E-05	287.789185
9	3.28E-11	287.813745	0.1000001	8.75411E-05	287.813745
8.9	3.17E-11	287.838256	0.1000001	8.66534E-05	287.838256
8.8	3.18E-11	287.862902	0.1000001	8.57612E-05	287.862902
8.7	3.1E-11	287.887399	0.0999997	8.48706E-05	287.887399
8.6	3.04E-11	287.912024	0.0999999	8.39811E-05	287.912024
8.5	3.57E-11	287.971522	0.0999999	8.30957E-05	287.971522
8.4	3.01E-11	287.996046	0.0999999	8.2207E-05	287.996046
8.3	2.96E-11	288.020649	0.1	8.13199E-05	288.020649
8.2	2.84E-11	288.045201	0.1	8.04362E-05	288.045201
8.1	2.79E-11	288.069793	0.1	7.95524E-05	288.069793
8	2.75E-11	288.0943	0.0999998	7.86682E-05	288.0943
7.9	2.68E-11	288.118806	0.0999997	7.77869E-05	288.118806
7.8	2.65E-11	288.143317	0.0999996	7.69062E-05	288.143317
7.7	2.63E-11	288.167825	0.0999999	7.60269E-05	288.167825
7.6	2.66E-11	288.192475	0.0999999	7.5147E-05	288.192475
7.5	2.58E-11	288.217025	0.0999998	7.42697E-05	288.217025
7.4	2.5E-11	288.241564	0.0999999	7.33929E-05	288.241564
7.3	2.41E-11	288.266096	0.1	7.25165E-05	288.266096
7.2	2.4E-11	288.290594	0.0999998	7.16414E-05	288.290594
7.1	2.37E-11	288.315176	0.1000002	7.07673E-05	288.315176
7	2.32E-11	288.339698	0.0999999	6.98938E-05	288.339698
6.9	2.35E-11	288.364234	0.1	6.90217E-05	288.364234
6.8	2.27E-11	288.388741	0.0999997	6.81503E-05	288.388741
6.7	2.26E-11	288.413442	0.0999999	6.72785E-05	288.413442
6.6	2.78E-11	288.468663	0.0999999	6.64158E-05	288.468663
6.5	2.27E-11	288.493176	0.1	6.55462E-05	288.493176
6.4	2.21E-11	288.517786	0.1000001	6.46771E-05	288.517786
6.3	2.14E-11	288.542397	0.0999997	6.38096E-05	288.542397
6.2	2.07E-11	288.566991	0.0999999	6.29441E-05	288.566991
6.1	2.02E-11	288.591522	0.1000001	6.20778E-05	288.591522
6	1.99E-11	288.616035	0.1000001	6.12129E-05	288.616035
5.9	1.95E-11	288.640577	0.0999998	6.03486E-05	288.640577
5.8	1.9E-11	288.665105	0.1000001	5.94868E-05	288.665105
5.7	1.8E-11	288.689633	0.0999999	5.86246E-05	288.689633
5.6	1.8E-11	288.714152	0.0999999	5.77638E-05	288.714152
5.5	1.76E-11	288.738692	0.1	5.69034E-05	288.738692
5.4	1.71E-11	288.763197	0.1000002	5.60449E-05	288.763197
5.3	1.71E-11	288.78775	0.1000001	5.51853E-05	288.78775
5.2	1.65E-11	288.812287	0.0999998	5.43286E-05	288.812287
5.1	1.6E-11	288.836843	0.0999998	5.34714E-05	288.836843
5	1.58E-11	288.861343	0.0999999	5.26164E-05	288.861343
4.9	1.56E-11	288.885855	0.1	5.17614E-05	288.885855
4.8	1.51E-11	288.910367	0.1000002	5.09067E-05	288.910367
4.7	2.22E-11	288.972854	0.0999997	5.00602E-05	288.972854
4.6	1.65E-11	288.997437	0.0999999	4.92066E-05	288.997437
4.5	1.54E-11	289.02199	0.0999998	4.83549E-05	289.02199
4.4	1.46E-11	289.04658	0.1	4.75043E-05	289.04658
4.3	1.39E-11	289.07116	0.1000001	4.66547E-05	289.07116
4.2	1.33E-11	289.095671	0.1	4.58049E-05	289.095671
4.1	1.31E-11	289.120187	0.1	4.49562E-05	289.120187
4	1.14E-11	289.144708	0.1000001	4.41086E-05	289.144708
3.9	1.1E-11	289.169222	0.1000002	4.32616E-05	289.169222
3.8	1.13E-11	289.193753	0.0999998	4.24155E-05	289.193753
3.7	9.9E-12	289.218373	0.1000001	4.15709E-05	289.218373
3.6	9.9E-12	289.242922	0.1000001	4.07265E-05	289.242922
3.5	8.8E-12	289.267437	0.1000001	3.98831E-05	289.267437
3.4	8E-12	289.291956	0.1000001	3.90403E-05	289.291956
3.3	7.6E-12	289.316463	0.1	3.81988E-05	289.316463
3.2	6.9E-12	289.341095	0.1	3.7359E-05	289.341095
3.1	6E-12	289.365623	0.0999999	3.65192E-05	289.365623
3	5.4E-12	289.390149	0.0999999	3.568E-05	289.390149
2.9	4.4E-12	289.414648	0.1	3.48421E-05	289.414648
2.8	1.12E-11	289.476319	0.1000001	3.40107E-05	289.476319
2.7	5.3E-12	289.500865	0.1	3.31738E-05	289.500865
2.6	5.7E-12	289.525644	0.1000002	3.23377E-05	289.525644
2.5	3.6E-12	289.550229	0.0999998	3.15029E-05	289.550229
2.4	2.4E-12	289.574795	0.1	3.06697E-05	289.574795
2.3	1.6E-12	289.599564	0.0999999	2.98369E-05	289.599564
2.2	2E-13	289.624079	0.0999999	2.90058E-05	289.624079
2.099999	2.6E-12	289.650538	0.0999998	2.81808E-05	289.650538
2	-2E-12	289.675039	0.0999999	2.73518E-05	289.675039
1.9	-3.2E-12	289.69955	0.0999998	2.65242E-05	289.69955
1.8	-4.1E-12	289.724089	0.1	2.56982E-05	289.724089
1.7	-5.4E-12	289.748612	0.0999999	2.48747E-05	289.748612
1.6	-6.7E-12	289.773117	0.1000003	2.40513E-05	289.773117
1.5	-7.9E-12	289.797667	0.1	2.323E-05	289.797667
1.4	-9.4E-12	289.822183	0.1	2.24108E-05	289.822183
1.3	-1.03E-11	289.846776	0.1	2.15939E-05	289.846776
1.2	-1.19E-11	289.871403	0.1	2.0779E-05	289.871403
1.1	-1.37E-11	289.895901	0.0999999	1.99674E-05	289.895901
1	-1.48E-11	289.920424	0.1	1.91586E-05	289.920424
0.9	-1.08E-11	289.973453	0.0999999	1.83584E-05	289.973453
0.8	-1.72E-11	289.997965	0.0999999	1.75572E-05	289.997965
0.7	-1.98E-11	290.022463	0.1	1.67602E-05	290.022463
0.6	-2.19E-11	290.047059	0.1	1.59693E-05	290.047059
0.5	-2.4E-11	290.071635	0.1	1.51849E-05	290.071635
0.4	-2.63E-11	290.096146	0.0999997	1.4407E-05	290.096146
0.3	-2.85E-11	290.12066	0.0999999	1.36345E-05	290.12066
0.1999998	-2.74E-11	290.147031	0.0999999	1.28697E-05	290.147031
0.0999996	-3.26E-11	290.171537	0.1	1.21106E-05	290.171537
-5E-07	-3.51E-11	290.196039	0.0999999	1.13576E-05	290.196039
#scan	iMeasureCycle=3	iMux=0	time=319.972	N=401	LocalTime=19/04/2023 23:19:00
#VGate(V)	IGate(A)	time(s)	VDrain(V)	IDrain(A)	time(s)
-1E-07	-1.41E-11	319.97952	0.0999998	1.15398E-05	319.97952
-0.1000004	-2.18E-11	320.004401	0.1	1.078E-05	320.004401
-0.2000001	-2.35E-11	320.030044	0.0999999	1.00297E-05	320.030044
-0.3	-2.91E-11	320.054797	0.1	9.2867E-06	320.054797
-0.4	-2.84E-11	320.082031	0.1	8.5594E-06	320.082031
-0.5	-3.44E-11	320.106543	0.0999998	7.83744E-06	320.106543
-0.6	-3.66E-11	320.131051	0.1000003	7.12918E-06	320.131051
-0.7	-3.84E-11	320.155564	0.1	6.43655E-06	320.155564
-0.8	-4.01E-11	320.180076	0.0999998	5.76094E-06	320.180076
-0.9	-4.15E-11	320.204591	0.1	5.10601E-06	320.204591
-1	-4.26E-11	320.229108	0.1	4.47559E-06	320.229108
-1.1	-4.42E-11	320.25366	0.1000001	3.87306E-06	320.25366
-1.2	-4.51E-11	320.278182	0.1000001	3.30228E-06	320.278182
-1.3	-4.63E-11	320.302726	0.1000001	2.76744E-06	320.302726
-1.4	-4.71E-11	320.327329	0.1	2.27363E-06	320.327329
-1.5	-4.77E-11	320.351847	0.0999997	1.82446E-06	320.351847
-1.6	-4.86E-11	320.376364	0.0999999	1.42556E-06	320.376364
-1.7	-4.94E-11	320.400868	0.0999996	1.07793E-06	320.400868
-1.8	-4.65E-11	320.428278	0.0999995	7.85118E-07	320.428278
-1.9	-5.1E-11	320.452787	0.0999996	5.44181E-07	320.452787
-2	-5.18E-11	320.477297	0.0999999	3.56198E-07	320.477297
-2.1	-5.24E-11	320.501792	0.0999996	2.17138E-07	320.501792
-2.2	-4.63E-11	320.546491	0.0999999	1.22595E-07	320.546491
-2.3	-4.63E-11	320.584373	0.0999957	6.21586E-08	320.584373
-2.4	-6.65E-11	320.607671	0.1000067	2.7277E-08	320.607671
-2.5	-6.56E-11	320.631459	0.1000026	1.03175E-08	320.631459
-2.6	-6.85E-11	320.654677	0.1000012	3.2927E-09	320.654677
-2.7	-6.92E-11	320.677884	0.1000005	8.627E-10	320.677884
-2.8	-6.95E-11	320.701104	0.1000004	1.767E-10	320.701104
-2.9	-6.88E-11	320.724394	0.1000002	2.42E-11	320.724394
-3	-6.86E-11	320.747688	0.1000001	-2.7E-12	320.747688
-3.1	-7.13E-11	320.770881	0.1000001	-6.1E-12	320.770881
-3.2	-7.13E-11	320.794094	0.1000002	-6.7E-12	320.794094
-3.3	-7.02E-11	320.817382	0.1000001	-6.7E-12	320.817382
-3.4	-6.97E-11	320.840719	0.1000001	-6.9E-12	320.840719
-3.5	-7.27E-11	320.863939	0.1000001	-6.6E-12	320.863939
-3.6	-7.14E-11	320.887234	0.1000001	-6.6E-12	320.887234
-3.7	-7.18E-11	320.910519	0.1000002	-6.1E-12	320.910519
-3.8	-7.22E-11	320.933879	0.1000002	-6.2E-12	320.933879
-3.9	-7.46E-11	320.957101	0.1000002	-6.5E-12	320.957101
-4	-7.43E-11	320.980318	0.1000001	-6.4E-12	320.980318
-4.1	-7.29E-11	321.003619	0.1000002	-6.3E-12	321.003619
-4.2	-5.39E-11	321.046616	0.1	-8E-12	321.046616
-4.3	-7.2E-11	321.06993	0.1000003	-6.1E-12	321.06993
-4.4	-7.43E-11	321.093224	0.1000001	-6.5E-12	321.093224
-4.5	-7.53E-11	321.116438	0.1000001	-6.4E-12	321.116438
-4.6	-7.36E-11	321.139773	0.1000001	-6.2E-12	321.139773
-4.7	-7.4E-11	321.163066	0.1000001	-6.7E-12	321.163066
-4.8	-7.69E-11	321.186268	0.1000001	-6.5E-12	321.186268
-4.9	-7.6E-11	321.2095	0.1000001	-6.3E-12	321.2095
-5	-7.54E-11	321.232788	0.1000003	-6.4E-12	321.232788
-5.1	-7.63E-11	321.256046	0.1000002	-6.1E-12	321.256046
-5.2	-7.73E-11	321.279287	0.1	-6.3E-12	321.279287
-5.3	-7.72E-11	321.302505	0.1000001	-6.3E-12	321.302505
-5.4	-7.62E-11	321.325795	0.1000002	-6E-12	321.325795
-5.5	-7.59E-11	321.349164	0.1000001	-5.9E-12	321.349164
-5.6	-7.8E-11	321.372371	0.1000001	-6E-12	321.372371
-5.7	-7.79E-11	321.395583	0.1000001	-6E-12	321.395583
-5.8	-7.65E-11	321.418872	0.1	-6.6E-12	321.418872
-5.9	-7.84E-11	321.442181	0.1000001	-6.4E-12	321.442181
-6	-7.88E-11	321.465393	0.1000003	-6.1E-12	321.465393
-6.1	-7.77E-11	321.488689	0.1	-6.3E-12	321.488689
-6.2	-5.79E-11	321.545342	0.1000001	-8.3E-12	321.545342
-6.3	-7.69E-11	321.56858	0.1000002	-6E-12	321.56858
-6.4	-7.6E-11	321.591952	0.1000001	-6.1E-12	321.591952
-6.5	-7.71E-11	321.615235	0.1	-6.2E-12	321.615235
-6.6	-7.91E-11	321.638511	0.1000002	-5.9E-12	321.638511
-6.7	-7.92E-11	321.661747	0.1000002	-6E-12	321.661747
-6.8	-7.78E-11	321.685039	0.1000002	-5.8E-12	321.685039
-6.9	-7.85E-11	321.708341	0.1000001	-6.1E-12	321.708341
-7	-8.07E-11	321.731564	0.1	-5.8E-12	321.731564
-7.1	-8.07E-11	321.754787	0.1	-5.9E-12	321.754787
-7.2	-7.93E-11	321.778073	0.1000002	-6E-12	321.778073
-7.3	-7.9E-11	321.801363	0.1	-6.3E-12	321.801363
-7.4	-8.15E-11	321.824573	0.1000002	-5.9E-12	321.824573
-7.5	-8.17E-11	321.847792	0.1000001	-6E-12	321.847792
-7.6	-8.03E-11	321.871069	0.1000002	-6E-12	321.871069
-7.7	-8E-11	321.894362	0.1000001	-6.1E-12	321.894362
-7.8	-8.14E-11	321.917607	0.1000002	-5.9E-12	321.917607
-7.9	-8.21E-11	321.9409	0.1000001	-5.9E-12	321.9409
-8	-8.08E-11	321.964206	0.1000002	-5.9E-12	321.964206
-8.1	-8.24E-11	321.987415	0.1	-5.5E-12	321.987415
-8.2	-6.17E-11	322.042315	0.1000001	-8.2E-12	322.042315
-8.3	-7.89E-11	322.065639	0.1000001	-6.3E-12	322.065639
-8.4	-8.15E-11	322.088921	0.1	-6.1E-12	322.088921
-8.5	-8E-11	322.112219	0.1000003	-6.3E-12	322.112219
-8.6	-7.95E-11	322.135689	0.1000001	-6.1E-12	322.135689
-8.7	-8.26E-11	322.158905	0.1000003	-5.9E-12	322.158905
-8.8	-8.09E-11	322.182192	0.1	-6.2E-12	322.182192
-8.9	-8.07E-11	322.205459	0.0999998	-6.1E-12	322.205459
-9	-8.31E-11	322.228657	0.1000002	-6.3E-12	322.228657
-9.1	-8.29E-11	322.251877	0.1000001	-5.9E-12	322.251877
-9.2	-8.33E-11	322.27518	0.1000001	-6.3E-12	322.27518
-9.3	-8.15E-11	322.298472	0.1	-6E-12	322.298472
-9.4	-8.4E-11	322.321689	0.1000002	-5.8E-12	322.321689
-9.5	-8.39E-11	322.344904	0.1000001	-5.3E-12	322.344904
-9.6	-8.41E-11	322.368115	0.1000003	-5.5E-12	322.368115
-9.7	-8.25E-11	322.3914	0.1000002	-5.7E-12	322.3914
-9.8	-8.44E-11	322.414714	0.1000002	-5.2E-12	322.414714
-9.9	-8.42E-11	322.438026	0.1000002	-4.7E-12	322.438026
-10	-8.3E-11	322.461319	0.1	-5.5E-12	322.461319
-9.90001	-4.42E-11	322.484604	0.0999997	-8.6E-12	322.484604
-9.80001	-4E-11	322.507844	0.0999998	-9.2E-12	322.507844
-9.70001	-5.57E-11	322.548586	0.0999999	-7.7E-12	322.548586
-9.60001	-3.69E-11	322.571913	0.0999998	-9.2E-12	322.571913
-9.50001	-3.31E-11	322.595208	0.0999996	-9.2E-12	322.595208
-9.40001	-3.17E-11	322.618427	0.0999997	-9.7E-12	322.618427
-9.30001	-3.23E-11	322.641763	0.0999998	-8.9E-12	322.641763
-9.20001	-2.98E-11	322.664994	0.0999996	-9.2E-12	322.664994
-9.10001	-2.88E-11	322.688205	0.0999998	-9.4E-12	322.688205
-9.00001	-2.82E-11	322.711429	0.0999996	-9.8E-12	322.711429
-8.90001	-2.88E-11	322.734725	0.0999997	-9.5E-12	322.734725
-8.80001	-2.59E-11	322.757955	0.0999997	-9.5E-12	322.757955
-8.70001	-2.57E-11	322.781169	0.0999998	-9.9E-12	322.781169
-8.60001	-2.53E-11	322.804382	0.0999998	-9.8E-12	322.804382
-8.50001	-2.62E-11	322.827669	0.0999999	-9.7E-12	322.827669
-8.40001	-2.64E-11	322.850953	0.0999997	-9.4E-12	322.850953
-8.30001	-2.38E-11	322.874163	0.0999997	-9.6E-12	322.874163
-8.20001	-2.3E-11	322.897378	0.0999997	-9.2E-12	322.897378
-8.10001	-2.45E-11	322.920672	0.0999997	-9.2E-12	322.920672
-8.00001	-2.19E-11	322.944073	0.0999996	-9.8E-12	322.944073
-7.90001	-2.15E-11	322.967288	0.0999996	-9.5E-12	322.967288
-7.80001	-2.1E-11	322.990507	0.0999997	-9.8E-12	322.990507
-7.70001	-3.01E-11	323.030613	0.0999998	-8.8E-12	323.030613
-7.60001	-4.03E-11	323.065444	0.1	-8.1E-12	323.065444
-7.50001	-2.13E-11	323.088759	0.0999997	-9.7E-12	323.088759
-7.40001	-2.04E-11	323.111984	0.0999997	-9.7E-12	323.111984
-7.30001	-2.16E-11	323.135284	0.0999998	-9.8E-12	323.135284
-7.2	-1.94E-11	323.15856	0.0999998	-9.8E-12	323.15856
-7.10001	-1.9E-11	323.181776	0.0999998	-1.01E-11	323.181776
-7.00001	-2.02E-11	323.205059	0.0999997	-9.8E-12	323.205059
-6.90001	-1.93E-11	323.228333	0.0999997	-9.6E-12	323.228333
-6.80001	-1.73E-11	323.251541	0.0999997	-1.01E-11	323.251541
-6.70001	-1.72E-11	323.274842	0.0999997	-9.9E-12	323.274842
-6.60001	-1.83E-11	323.298127	0.0999998	-9.5E-12	323.298127
-6.50001	-1.9E-11	323.321466	0.0999998	-1.01E-11	323.321466
-6.40001	-1.57E-11	323.344673	0.0999997	-1.03E-11	323.344673
-6.30001	-1.74E-11	323.367969	0.0999998	-1.01E-11	323.367969
-6.20001	-1.66E-11	323.391259	0.0999998	-9.9E-12	323.391259
-6.10001	-1.48E-11	323.414454	0.0999997	-1.02E-11	323.414454
-6.00001	-1.45E-11	323.437669	0.0999998	-1.04E-11	323.437669
-5.90001	-1.45E-11	323.460904	0.0999995	-1.02E-11	323.460904
-5.80001	-1.6E-11	323.484197	0.0999997	-1E-11	323.484197
-5.70001	-1.35E-11	323.507406	0.0999997	-9.7E-12	323.507406
-5.60001	-3.36E-11	323.551463	0.0999998	-8.2E-12	323.551463
-5.50001	-1.39E-11	323.574705	0.0999999	-9.9E-12	323.574705
-5.40001	-1.35E-11	323.597999	0.0999997	-1.08E-11	323.597999
-5.30001	-1.21E-11	323.621207	0.0999998	-1.01E-11	323.621207
-5.20001	-1.35E-11	323.644553	0.0999999	-1.02E-11	323.644553
-5.10001	-1.08E-11	323.667774	0.0999998	-1.02E-11	323.667774
-5.00001	-1.1E-11	323.690988	0.0999996	-1.04E-11	323.690988
-4.90001	-1.05E-11	323.714187	0.0999998	-1.04E-11	323.714187
-4.80001	-1.04E-11	323.737418	0.0999997	-1.04E-11	323.737418
-4.7	-1.11E-11	323.760723	0.0999999	-1.02E-11	323.760723
-4.60001	-8.6E-12	323.783926	0.0999997	-1.07E-11	323.783926
-4.50001	-1.01E-11	323.807221	0.0999998	-1.05E-11	323.807221
-4.40001	-1E-11	323.830494	0.0999997	-1.04E-11	323.830494
-4.3	-8.2E-12	323.85381	0.0999998	-1.05E-11	323.85381
-4.20001	-7.1E-12	323.877035	0.0999997	-1.07E-11	323.877035
-4.10001	-7.2E-12	323.900269	0.0999997	-1.07E-11	323.900269
-4.00001	-7.9E-12	323.923562	0.0999998	-1.08E-11	323.923562
-3.90001	-5.9E-12	323.946841	0.0999995	-1.11E-11	323.946841
-3.80001	-5.5E-12	323.970072	0.0999998	-1.12E-11	323.970072
-3.70001	-6.9E-12	323.993364	0.0999997	-1.09E-11	323.993364
-3.60001	-2.54E-11	324.048807	0.1000001	-9.2E-12	324.048807
-3.50001	-5.5E-12	324.072053	0.0999998	-1.06E-11	324.072053
-3.40001	-4.5E-12	324.095342	0.0999995	-1.1E-11	324.095342
-3.30001	-3.5E-12	324.118561	0.0999996	-1.12E-11	324.118561
-3.20001	-2.7E-12	324.141825	0.0999997	-1.11E-11	324.141825
-3.10001	-2.3E-12	324.165036	0.0999997	-9.4E-12	324.165036
-3.00001	-2.3E-12	324.188289	0.0999996	2.1E-12	324.188289
-2.90001	-4E-13	324.211502	0.0999997	7.34E-11	324.211502
-2.80001	-1.7E-12	324.234783	0.0999999	4.087E-10	324.234783
-2.70001	-2E-12	324.25818	0.1000003	1.6828E-09	324.25818
-2.60001	1.5E-12	324.281465	0.1000009	5.6342E-09	324.281465
-2.50001	7E-13	324.304841	0.1000025	1.58514E-08	324.304841
-2.40001	9E-13	324.328134	0.1000037	3.82162E-08	324.328134
-2.30001	3.2E-12	324.351352	0.1	8.05005E-08	324.351352
-2.20001	-1.67E-11	324.390836	0.1000001	1.48577E-07	324.390836
-2.099999	-1.46E-11	324.417313	0.1000006	2.57824E-07	324.417313
-2.000001	-1.04E-11	324.441816	0.1000006	4.10994E-07	324.441816
-1.900001	-9.3E-12	324.466339	0.1000007	6.12523E-07	324.466339
-1.800001	-8.4E-12	324.490846	0.1000009	8.66012E-07	324.490846
-1.700001	-1.63E-11	324.566242	0.1	1.15816E-06	324.566242
-1.6	-9.5E-12	324.590876	0.1	1.52211E-06	324.590876
-1.5	-7.5E-12	324.615471	0.1000001	1.93349E-06	324.615471
-1.400001	-8.6E-12	324.641053	0.1	2.39048E-06	324.641053
-1.3	-5E-12	324.665592	0.1000001	2.89249E-06	324.665592
-1.2	-3.6E-12	324.690142	0.1000002	3.43258E-06	324.690142
-1.100001	-2.4E-12	324.714665	0.1000004	4.00721E-06	324.714665
-1	-1.2E-12	324.739172	0.1000002	4.61202E-06	324.739172
-0.900001	-2E-13	324.763731	0.1000002	5.24359E-06	324.763731
-0.8	1.3E-12	324.788252	0.1	5.89807E-06	324.788252
-0.700001	2.6E-12	324.812795	0.1000002	6.57236E-06	324.812795
-0.6	4.1E-12	324.837295	0.1000002	7.26374E-06	324.837295
-0.500001	5.4E-12	324.861892	0.1	7.96987E-06	324.861892
-0.400001	7.6E-12	324.886413	0.1000001	8.68849E-06	324.886413
-0.3	8.7E-12	324.91097	0.1000001	9.41758E-06	324.91097
-0.1999998	7.5E-12	324.937459	0.1000001	1.015579E-05	324.937459
-0.1000001	7E-12	324.972053	0.1	1.08951E-05	324.972053
3E-07	1.31E-11	324.996598	0.1000002	1.16509E-05	324.996598
0.1	8.3E-12	325.059647	0.0999999	1.2404E-05	325.059647
0.2000003	1.52E-11	325.084206	0.1	1.31735E-05	325.084206
0.299999	1.78E-11	325.108917	0.0999999	1.3947E-05	325.108917
0.399999	2.04E-11	325.13342	0.1	1.47277E-05	325.13342
0.5	2.26E-11	325.157992	0.0999999	1.55141E-05	325.157992
0.599999	2.45E-11	325.182603	0.1	1.6306E-05	325.182603
0.699999	2.66E-11	325.207127	0.1	1.7104E-05	325.207127
0.799999	2.83E-11	325.231632	0.0999999	1.79062E-05	325.231632
0.9	3.03E-11	325.256149	0.0999999	1.87129E-05	325.256149
0.999999	3.2E-11	325.280737	0.1000002	1.95237E-05	325.280737
1.1	3.38E-11	325.305258	0.1	2.03373E-05	325.305258
1.2	3.56E-11	325.329796	0.1000001	2.11538E-05	325.329796
1.3	3.65E-11	325.354343	0.1	2.19729E-05	325.354343
1.4	3.83E-11	325.378857	0.1	2.27939E-05	325.378857
1.5	3.93E-11	325.403386	0.1000001	2.36173E-05	325.403386
1.599999	4.08E-11	325.427892	0.1000002	2.44417E-05	325.427892
1.699999	4.15E-11	325.452415	0.1000001	2.52675E-05	325.452415
1.8	4.28E-11	325.476952	0.1000001	2.60945E-05	325.476952
1.899999	4.34E-11	325.501462	0.0999998	2.69237E-05	325.501462
1.999999	3.64E-11	325.561294	0.1	2.77462E-05	325.561294
2.1	4.25E-11	325.585806	0.1	2.8579E-05	325.585806
2.19999	4.35E-11	325.610609	0.0999999	2.94062E-05	325.610609
2.29999	4.46E-11	325.63511	0.1	3.02389E-05	325.63511
2.39999	4.56E-11	325.659703	0.1000001	3.10731E-05	325.659703
2.49999	4.58E-11	325.684251	0.1	3.19075E-05	325.684251
2.59999	4.63E-11	325.708786	0.1	3.27418E-05	325.708786
2.69999	4.71E-11	325.733294	0.1000001	3.3578E-05	325.733294
2.79999	4.76E-11	325.757839	0.1000002	3.44142E-05	325.757839
2.89999	4.84E-11	325.782355	0.1000002	3.5251E-05	325.782355
2.99999	4.9E-11	325.8069	0.1000001	3.60878E-05	325.8069
3.09999	4.92E-11	325.831435	0.1	3.69257E-05	325.831435
3.19999	4.91E-11	325.855942	0.1000001	3.77634E-05	325.855942
3.29999	4.95E-11	325.880448	0.1000002	3.86018E-05	325.880448
3.39999	4.95E-11	325.904965	0.1000002	3.94407E-05	325.904965
3.49999	5.04E-11	325.929473	0.1000001	4.02802E-05	325.929473
3.59999	5E-11	325.954114	0.1000001	4.11193E-05	325.954114
3.69999	5.07E-11	325.978652	0.0999999	4.19588E-05	325.978652
3.79999	5.16E-11	326.003172	0.1000002	4.27994E-05	326.003172
3.89999	4.47E-11	326.060179	0.1	4.36317E-05	326.060179
3.99999	4.97E-11	326.084726	0.1	4.44752E-05	326.084726
4.09999	5.02E-11	326.109317	0.1	4.53176E-05	326.109317
4.19999	5.07E-11	326.133828	0.0999998	4.61614E-05	326.133828
4.29999	5.13E-11	326.158388	0.0999999	4.70045E-05	326.158388
4.39999	5.17E-11	326.182914	0.1000002	4.78474E-05	326.182914
4.49999	5.21E-11	326.207431	0.1000002	4.8692E-05	326.207431
4.59999	5.23E-11	326.231944	0.1000001	4.95378E-05	326.231944
4.69999	5.27E-11	326.256482	0.0999999	5.03825E-05	326.256482
4.79999	5.27E-11	326.281202	0.0999999	5.12283E-05	326.281202
4.89999	5.34E-11	326.305709	0.0999998	5.20755E-05	326.305709
4.99999	5.33E-11	326.330241	0.1	5.29238E-05	326.330241
5.09999	5.32E-11	326.354777	0.1000001	5.37715E-05	326.354777
5.19999	5.36E-11	326.379362	0.1	5.46204E-05	326.379362
5.29999	5.42E-11	326.403887	0.0999999	5.54699E-05	326.403887
5.39999	5.42E-11	326.428483	0.1000001	5.63214E-05	326.428483
5.49999	5.46E-11	326.452979	0.1	5.71726E-05	326.452979
5.59999	5.5E-11	326.477481	0.1	5.80249E-05	326.477481
5.69999	5.48E-11	326.502005	0.1000001	5.88778E-05	326.502005
5.79999	4.83E-11	326.562071	0.0999997	5.97219E-05	326.562071
5.89999	5.34E-11	326.586616	0.1000001	6.05809E-05	326.586616
5.99999	5.43E-11	326.611215	0.1	6.14388E-05	326.611215
6.09999	5.43E-11	326.635735	0.0999999	6.22961E-05	326.635735
6.19999	5.45E-11	326.660301	0.1	6.31544E-05	326.660301
6.29999	5.46E-11	326.684932	0.1000001	6.40144E-05	326.684932
6.39999	5.48E-11	326.709479	0.0999999	6.48732E-05	326.709479
6.49999	5.54E-11	326.733974	0.1000003	6.57332E-05	326.733974
6.59999	5.57E-11	326.75857	0.1000002	6.65955E-05	326.75857
6.69999	5.63E-11	326.783078	0.1000003	6.74578E-05	326.783078
6.79999	5.58E-11	326.807627	0.1000001	6.83211E-05	326.807627
6.89999	5.7E-11	326.832144	0.1000001	6.91847E-05	326.832144
6.99999	5.67E-11	326.856676	0.0999999	7.005E-05	326.856676
7.09999	5.64E-11	326.881203	0.1	7.09162E-05	326.881203
7.19999	5.63E-11	326.90576	0.1	7.17825E-05	326.90576
7.29999	5.65E-11	326.930275	0.1000001	7.26505E-05	326.930275
7.39999	5.69E-11	326.954898	0.0999999	7.35201E-05	326.954898
7.49999	5.75E-11	326.979408	0.1	7.43899E-05	326.979408
7.59999	5.7E-11	327.00397	0.0999999	7.5261E-05	327.00397
7.69999	5.06E-11	327.063481	0.1000001	7.6122E-05	327.063481
7.79999	5.58E-11	327.088065	0.1	7.69977E-05	327.088065
7.89999	5.65E-11	327.112682	0.1	7.78733E-05	327.112682
7.99999	5.69E-11	327.137225	0.1000001	7.87489E-05	327.137225
8.09999	5.75E-11	327.161845	0.1000001	7.96251E-05	327.161845
8.19999	5.78E-11	327.186368	0.1000003	8.05024E-05	327.186368
8.29999	5.76E-11	327.210907	0.0999999	8.13809E-05	327.210907
8.39999	5.77E-11	327.235416	0.1	8.22589E-05	327.235416
8.49999	5.78E-11	327.259938	0.1	8.31378E-05	327.259938
8.59999	5.78E-11	327.284557	0.1	8.40183E-05	327.284557
8.69999	5.8E-11	327.309109	0.1	8.49013E-05	327.309109
8.79999	5.81E-11	327.333622	0.1000001	8.57841E-05	327.333622
8.89999	5.86E-11	327.35815	0.0999999	8.66668E-05	327.35815
8.99999	5.87E-11	327.382644	0.1000002	8.75517E-05	327.382644
9.09999	5.89E-11	327.407245	0.0999999	8.8439E-05	327.407245
9.19999	5.86E-11	327.431777	0.1	8.93242E-05	327.431777
9.29999	5.84E-11	327.456334	0.1000002	9.0209E-05	327.456334
9.39999	5.86E-11	327.480855	0.1000001	9.11004E-05	327.480855
9.49999	5.89E-11	327.505335	0.1000001	9.19922E-05	327.505335
9.59999	5.24E-11	327.565277	0.1	9.2877E-05	327.565277
9.69999	5.72E-11	327.589884	0.0999998	9.37735E-05	327.589884
9.79999	5.74E-11	327.614538	0.1000002	9.4668E-05	327.614538
9.89999	5.82E-11	327.639068	0.0999998	9.55633E-05	327.639068
9.99999	5.81E-11	327.663628	0.0999999	9.64601E-05	327.663628
9.9	4.54E-11	327.688182	0.0999999	9.5549E-05	327.688182
9.8	4.23E-11	327.712715	0.1	9.46443E-05	327.712715
9.7	4E-11	327.737223	0.1	9.37428E-05	327.737223
9.6	3.87E-11	327.761771	0.1	9.28441E-05	327.761771
9.5	3.73E-11	327.786309	0.0999999	9.19459E-05	327.786309
9.4	3.63E-11	327.810954	0.0999999	9.1049E-05	327.810954
9.3	3.51E-11	327.835477	0.1	9.01547E-05	327.835477
9.2	3.42E-11	327.860003	0.1000001	8.92603E-05	327.860003
9.1	3.34E-11	327.884525	0.0999998	8.83672E-05	327.884525
9	3.23E-11	327.909053	0.1	8.74746E-05	327.909053
8.9	3.22E-11	327.933602	0.0999998	8.65875E-05	327.933602
8.8	3.14E-11	327.958201	0.1000001	8.56961E-05	327.958201
8.7	3.03E-11	327.982752	0.1000002	8.48047E-05	327.982752
8.6	3.05E-11	328.007303	0.0999997	8.39146E-05	328.007303
8.5	3.56E-11	328.066562	0.1	8.30285E-05	328.066562
8.4	3.04E-11	328.091269	0.0999998	8.21402E-05	328.091269
8.3	2.97E-11	328.115856	0.0999998	8.12538E-05	328.115856
8.2	2.84E-11	328.140362	0.1000002	8.0369E-05	328.140362
8.1	2.78E-11	328.164981	0.1000001	7.94842E-05	328.164981
8	2.74E-11	328.189526	0.0999996	7.86012E-05	328.189526
7.9	2.73E-11	328.214057	0.1	7.77194E-05	328.214057
7.8	2.64E-11	328.238594	0.0999998	7.68383E-05	328.238594
7.7	2.6E-11	328.263102	0.0999998	7.59588E-05	328.263102
7.6	2.52E-11	328.28772	0.1	7.50803E-05	328.28772
7.5	2.46E-11	328.312238	0.1	7.42032E-05	328.312238
7.4	2.47E-11	328.336799	0.1	7.3325E-05	328.336799
7.3	2.38E-11	328.361299	0.1000001	7.24496E-05	328.361299
7.2	2.39E-11	328.385832	0.0999998	7.15738E-05	328.385832
7.1	2.36E-11	328.410348	0.0999998	7.07002E-05	328.410348
7	2.27E-11	328.434973	0.0999999	6.98272E-05	328.434973
6.9	2.25E-11	328.459481	0.0999999	6.89536E-05	328.459481
6.8	2.28E-11	328.484003	0.0999998	6.80827E-05	328.484003
6.7	2.23E-11	328.508543	0.1000001	6.72126E-05	328.508543
6.6	2.8E-11	328.568169	0.0999999	6.63493E-05	328.568169
6.5	2.31E-11	328.592783	0.0999998	6.54788E-05	328.592783
6.4	2.26E-11	328.617461	0.1000002	6.46104E-05	328.617461
6.3	2.13E-11	328.641997	0.0999998	6.3743E-05	328.641997
6.2	2.09E-11	328.666558	0.0999999	6.28775E-05	328.666558
6.1	2.05E-11	328.691104	0.0999998	6.20108E-05	328.691104
6	1.97E-11	328.715615	0.0999999	6.11455E-05	328.715615
5.9	1.99E-11	328.740144	0.0999999	6.02821E-05	328.740144
5.8	1.91E-11	328.76465	0.0999998	5.94192E-05	328.76465
5.7	1.87E-11	328.789173	0.0999999	5.85572E-05	328.789173
5.6	1.82E-11	328.813697	0.1000001	5.76962E-05	328.813697
5.5	1.77E-11	328.838211	0.1000001	5.68365E-05	328.838211
5.4	1.76E-11	328.86272	0.1000001	5.59775E-05	328.86272
5.3	1.73E-11	328.887236	0.1	5.51185E-05	328.887236
5.2	1.64E-11	328.911751	0.1	5.42609E-05	328.911751
5.1	1.66E-11	328.93629	0.0999997	5.34049E-05	328.93629
5	1.58E-11	328.960877	0.0999999	5.255E-05	328.960877
4.9	1.55E-11	328.98543	0.0999996	5.16936E-05	328.98543
4.8	1.49E-11	329.010049	0.1	5.08396E-05	329.010049
4.7	2.08E-11	329.069139	0.1000002	4.9992E-05	329.069139
4.6	1.59E-11	329.0937	0.1	4.91387E-05	329.0937
4.5	1.45E-11	329.118288	0.1	4.82869E-05	329.118288
4.4	1.36E-11	329.142859	0.0999998	4.74357E-05	329.142859
4.3	1.29E-11	329.167433	0.1	4.65854E-05	329.167433
4.2	1.24E-11	329.191942	0.0999998	4.5737E-05	329.191942
4.1	1.18E-11	329.216452	0.0999998	4.48887E-05	329.216452
4	1.15E-11	329.240998	0.0999999	4.40405E-05	329.240998
3.9	1.07E-11	329.265548	0.1000002	4.31939E-05	329.265548
3.8	1E-11	329.29016	0.0999997	4.23491E-05	329.29016
3.7	9.9E-12	329.314734	0.1	4.15038E-05	329.314734
3.6	8.7E-12	329.339247	0.1	4.06596E-05	329.339247
3.5	8.1E-12	329.363807	0.1	3.9816E-05	329.363807
3.4	7.6E-12	329.388324	0.1	3.89732E-05	329.388324
3.3	7.1E-12	329.412848	0.0999999	3.81319E-05	329.412848
3.2	6.3E-12	329.437361	0.0999998	3.72911E-05	329.437361
3.1	5.7E-12	329.461881	0.1000001	3.6451E-05	329.461881
3	4.7E-12	329.486392	0.1	3.56126E-05	329.486392
2.9	4.5E-12	329.510944	0.1	3.47748E-05	329.510944
2.8	1.01E-11	329.567119	0.1	3.39419E-05	329.567119
2.7	4.4E-12	329.591658	0.0999999	3.31055E-05	329.591658
2.6	3.4E-12	329.616255	0.0999999	3.22701E-05	329.616255
2.5	2.2E-12	329.640768	0.0999998	3.14357E-05	329.640768
2.4	1.2E-12	329.665345	0.1	3.06021E-05	329.665345
2.3	5E-13	329.68989	0.1000002	2.97702E-05	329.68989
2.2	-5E-13	329.71445	0.1000001	2.8939E-05	329.71445
2.099999	1.5E-12	329.740864	0.0999999	2.81142E-05	329.740864
2	-2.6E-12	329.765374	0.0999998	2.72852E-05	329.765374
1.9	-3.9E-12	329.789884	0.0999999	2.64578E-05	329.789884
1.8	-4.8E-12	329.814403	0.0999998	2.56317E-05	329.814403
1.7	-5.8E-12	329.838925	0.1000001	2.48074E-05	329.838925
1.6	-7E-12	329.863445	0.1000001	2.3985E-05	329.863445
1.5	-8.4E-12	329.887959	0.0999998	2.31636E-05	329.887959
1.4	-9.4E-12	329.912466	0.0999999	2.23449E-05	329.912466
1.3	-1.14E-11	329.936978	0.0999999	2.15284E-05	329.936978
1.2	-1.23E-11	329.96159	0.1000001	2.07141E-05	329.96159
1.1	-1.41E-11	329.986107	0.1000001	1.99025E-05	329.986107
1	-1.56E-11	330.010622	0.0999999	1.9094E-05	330.010622
0.9	-1.01E-11	330.0725	0.0999999	1.82951E-05	330.0725
0.8	-1.66E-11	330.097091	0.1	1.74936E-05	330.097091
0.7	-1.93E-11	330.121675	0.1	1.66974E-05	330.121675
0.6	-2.18E-11	330.146194	0.1	1.59066E-05	330.146194
0.5	-2.39E-11	330.170762	0.0999998	1.51227E-05	330.170762
0.4	-2.64E-11	330.195288	0.1	1.43458E-05	330.195288
0.3	-2.84E-11	330.21985	0.1	1.35742E-05	330.21985
0.1999997	-2.81E-11	330.246264	0.0999998	1.28093E-05	330.246264
0.0999996	-3.38E-11	330.27077	0.1	1.20508E-05	330.27077
-5E-07	-3.56E-11	330.295353	0.1	1.12984E-05	330.295353
