#scan	iMeasureCycle=1	iMux=0	time=0.021	N=401	LocalTime=19/04/2023 15:49:37
#VGate(V)	IGate(A)	time(s)	VDrain(V)	IDrain(A)	time(s)
-5E-07	-1.633E-10	0.023899	0.1000002	2.71807E-06	0.023899
-0.1000004	-2.218E-10	0.048761	0.0999999	2.19457E-06	0.048761
-0.2000005	-2.706E-10	0.073293	0.1	1.71638E-06	0.073293
-0.300001	-2.013E-10	0.097998	0.0999998	1.29036E-06	0.097998
-0.4	-1.166E-10	0.122523	0.1	9.2377E-07	0.122523
-0.5	-8.44E-11	0.149837	0.0999995	6.23277E-07	0.149837
-0.6	-7.64E-11	0.174382	0.0999996	3.88753E-07	0.174382
-0.7	-6.99E-11	0.198889	0.0999997	2.20621E-07	0.198889
-0.8	-6.53E-11	0.223493	0.0999996	1.11456E-07	0.223493
-0.9	-5.41E-11	0.261156	0.0999952	5.01785E-08	0.261156
-1	-7.31E-11	0.284361	0.1000042	1.89324E-08	0.284361
-1.100001	-7.32E-11	0.307617	0.100002	6.2455E-09	0.307617
-1.200001	-7.1E-11	0.330907	0.1000006	1.8277E-09	0.330907
-1.300001	-7.06E-11	0.354198	0.1000004	4.664E-10	0.354198
-1.400001	-7.28E-11	0.377401	0.1000003	9.32E-11	0.377401
-1.500001	-7.23E-11	0.40061	0.1000002	8.4E-12	0.40061
-1.600001	-7.05E-11	0.423899	0.1	-7.6E-12	0.423899
-1.7	-7.02E-11	0.44719	0.1000002	-9.4E-12	0.44719
-1.800001	-7.24E-11	0.470397	0.1000003	-9.7E-12	0.470397
-1.900001	-7.1E-11	0.493686	0.1000005	-9.8E-12	0.493686
-2.000001	-7.11E-11	0.51698	0.1000003	-9.9E-12	0.51698
-2.100001	-7.24E-11	0.540205	0.1000003	-9.5E-12	0.540205
-2.2	-5.04E-11	0.591332	0.0999999	-1.14E-11	0.591332
-2.3	-7.06E-11	0.614569	0.1000004	-9.3E-12	0.614569
-2.4	-7.12E-11	0.637847	0.1000003	-9.1E-12	0.637847
-2.5	-7.01E-11	0.661135	0.1000004	-9.6E-12	0.661135
-2.6	-7.09E-11	0.684492	0.1000001	-1.01E-11	0.684492
-2.7	-7.24E-11	0.707837	0.1000002	-9.4E-12	0.707837
-2.8	-7.2E-11	0.731134	0.1000002	-9.2E-12	0.731134
-2.9	-7.21E-11	0.75446	0.1000003	-9.5E-12	0.75446
-3	-7.43E-11	0.777681	0.1000003	-8.8E-12	0.777681
-3.1	-7.5E-11	0.800895	0.1000001	-8.8E-12	0.800895
-3.2	-7.38E-11	0.824188	0.1000003	-9E-12	0.824188
-3.3	-7.36E-11	0.847478	0.1000003	-9.4E-12	0.847478
-3.4	-7.58E-11	0.870686	0.1000002	-8.5E-12	0.870686
-3.5	-7.55E-11	0.893929	0.1000004	-9.4E-12	0.893929
-3.6	-7.48E-11	0.917223	0.1000003	-9.3E-12	0.917223
-3.7	-7.52E-11	0.940496	0.1000002	-9.4E-12	0.940496
-3.8	-7.7E-11	0.963887	0.1000003	-9.1E-12	0.963887
-3.9	-7.59E-11	0.987168	0.1000001	-9.4E-12	0.987168
-4	-7.49E-11	1.010508	0.1000004	-9.5E-12	1.010508
-4.1	-7.77E-11	1.033716	0.1000003	-8.8E-12	1.033716
-4.2	-5.75E-11	1.082869	0.1000001	-1.05E-11	1.082869
-4.3	-7.49E-11	1.106182	0.1000002	-8.9E-12	1.106182
-4.4	-7.56E-11	1.129482	0.1000003	-8.9E-12	1.129482
-4.5	-7.75E-11	1.152684	0.1000005	-8.7E-12	1.152684
-4.6	-7.81E-11	1.175941	0.1000004	-8.8E-12	1.175941
-4.7	-7.68E-11	1.199316	0.1000001	-8.6E-12	1.199316
-4.8	-7.72E-11	1.222696	0.1000002	-8.7E-12	1.222696
-4.9	-7.88E-11	1.245942	0.1000003	-8.5E-12	1.245942
-5	-7.75E-11	1.269251	0.1000002	-8.5E-12	1.269251
-5.1	-7.83E-11	1.292536	0.1000003	-8.6E-12	1.292536
-5.2	-7.92E-11	1.31584	0.1000003	-8.8E-12	1.31584
-5.3	-7.89E-11	1.339135	0.1000002	-8.7E-12	1.339135
-5.4	-7.9E-11	1.362424	0.1000002	-8.8E-12	1.362424
-5.5	-7.91E-11	1.385721	0.1000002	-9.1E-12	1.385721
-5.6	-8.13E-11	1.408929	0.1000002	-8.6E-12	1.408929
-5.7	-8.14E-11	1.432149	0.1000003	-8.3E-12	1.432149
-5.8	-8E-11	1.455435	0.1000003	-8.1E-12	1.455435
-5.9	-8E-11	1.478732	0.1000003	-8.8E-12	1.478732
-6	-8.2E-11	1.50204	0.1000004	-8.4E-12	1.50204
-6.1	-8.05E-11	1.525334	0.1000001	-8.6E-12	1.525334
-6.2	-8.24E-11	1.548548	0.1000001	-8.6E-12	1.548548
-6.3	-6.28E-11	1.588531	0.1000002	-1.01E-11	1.588531
-6.4	-8.02E-11	1.611844	0.1000003	-9E-12	1.611844
-6.5	-8.24E-11	1.63513	0.1000001	-8.7E-12	1.63513
-6.6	-8.28E-11	1.658348	0.1000002	-8.5E-12	1.658348
-6.7	-8.16E-11	1.681693	0.1000002	-8.8E-12	1.681693
-6.8	-8.38E-11	1.705	0.1000003	-8.2E-12	1.705
-6.9	-8.38E-11	1.728304	0.1000002	-8E-12	1.728304
-7	-8.18E-11	1.751906	0.1000001	-8.8E-12	1.751906
-7.1	-8.46E-11	1.775129	0.1000002	-8.4E-12	1.775129
-7.2	-8.4E-11	1.798377	0.1000001	-8.4E-12	1.798377
-7.3	-8.28E-11	1.821666	0.1000001	-9E-12	1.821666
-7.4	-8.27E-11	1.844946	0.1000001	-8.7E-12	1.844946
-7.5	-8.54E-11	1.868158	0.1000004	-8.4E-12	1.868158
-7.6	-8.56E-11	1.89137	0.1000004	-8.4E-12	1.89137
-7.7	-8.35E-11	1.914657	0.1	-8.7E-12	1.914657
-7.8	-8.36E-11	1.937964	0.1000003	-8.3E-12	1.937964
-7.9	-8.56E-11	1.96117	0.1000004	-8.2E-12	1.96117
-8	-8.56E-11	1.984432	0.1000003	-8.2E-12	1.984432
-8.1	-8.38E-11	2.007815	0.1000003	-8.4E-12	2.007815
-8.2	-8.6E-11	2.031024	0.1000003	-8.4E-12	2.031024
-8.3	-6.47E-11	2.089905	0.0999999	-1.01E-11	2.089905
-8.4	-8.23E-11	2.113225	0.1000002	-8.5E-12	2.113225
-8.5	-8.5E-11	2.13646	0.1000003	-8.1E-12	2.13646
-8.6	-8.39E-11	2.159748	0.1000002	-8.1E-12	2.159748
-8.7	-8.39E-11	2.183095	0.1000002	-8.3E-12	2.183095
-8.8	-8.54E-11	2.206317	0.1000003	-7.9E-12	2.206317
-8.9	-8.45E-11	2.229688	0.1000002	-8.1E-12	2.229688
-9	-8.41E-11	2.253274	0.1000003	-8.1E-12	2.253274
-9.1	-8.7E-11	2.276487	0.1000003	-7.9E-12	2.276487
-9.2	-8.77E-11	2.299709	0.1000004	-8.1E-12	2.299709
-9.3	-8.46E-11	2.323047	0.1000001	-8E-12	2.323047
-9.4	-8.7E-11	2.346288	0.1000004	-7.8E-12	2.346288
-9.5	-8.74E-11	2.36953	0.1000004	-7.7E-12	2.36953
-9.6	-8.62E-11	2.392815	0.1000002	-7.7E-12	2.392815
-9.7	-8.63E-11	2.416115	0.1000002	-7.8E-12	2.416115
-9.8	-8.74E-11	2.439348	0.1000002	-7.9E-12	2.439348
-9.9	-8.78E-11	2.462557	0.1000003	-7.8E-12	2.462557
-10	-8.81E-11	2.485775	0.1000003	-7.6E-12	2.485775
-9.90001	-4.71E-11	2.509071	0.0999995	-1.09E-11	2.509071
-9.80001	-4.19E-11	2.532287	0.1000001	-1.12E-11	2.532287
-9.70001	-5.79E-11	2.591278	0.1000001	-9.5E-12	2.591278
-9.60001	-3.77E-11	2.614599	0.0999997	-1.12E-11	2.614599
-9.50001	-3.57E-11	2.637881	0.0999998	-1.13E-11	2.637881
-9.40001	-3.58E-11	2.661174	0.0999998	-1.16E-11	2.661174
-9.30001	-3.5E-11	2.684516	0.1	-1.11E-11	2.684516
-9.20001	-3.2E-11	2.707737	0.0999999	-1.17E-11	2.707737
-9.10001	-3.11E-11	2.730988	0.0999997	-1.15E-11	2.730988
-9.00001	-3.26E-11	2.75455	0.0999998	-1.13E-11	2.75455
-8.90001	-2.98E-11	2.777765	0.0999997	-1.18E-11	2.777765
-8.80001	-2.98E-11	2.800972	0.0999998	-1.13E-11	2.800972
-8.70001	-3.07E-11	2.824265	0.1	-1.17E-11	2.824265
-8.60001	-2.98E-11	2.847565	0.0999997	-1.13E-11	2.847565
-8.50001	-2.74E-11	2.870764	0.0999998	-1.21E-11	2.870764
-8.4	-2.71E-11	2.893976	0.0999997	-1.2E-11	2.893976
-8.30001	-2.83E-11	2.917342	0.1	-1.19E-11	2.917342
-8.20001	-2.57E-11	2.940559	0.0999998	-1.21E-11	2.940559
-8.10001	-2.53E-11	2.96378	0.0999999	-1.27E-11	2.96378
-8	-2.48E-11	2.987042	0.0999998	-1.22E-11	2.987042
-7.90001	-2.61E-11	3.010339	0.0999998	-1.21E-11	3.010339
-7.80001	-2.38E-11	3.033552	0.0999999	-1.22E-11	3.033552
-7.70001	-4.46E-11	3.092997	0.1000002	-1.07E-11	3.092997
-7.6	-2.46E-11	3.116229	0.0999999	-1.23E-11	3.116229
-7.50001	-2.55E-11	3.139534	0.0999999	-1.25E-11	3.139534
-7.40001	-2.35E-11	3.162743	0.0999999	-1.23E-11	3.162743
-7.30001	-2.34E-11	3.186021	0.0999998	-1.25E-11	3.186021
-7.2	-2.27E-11	3.209233	0.0999997	-1.24E-11	3.209233
-7.10001	-2.37E-11	3.232689	0.0999999	-1.18E-11	3.232689
-7.00001	-2.13E-11	3.256139	0.0999999	-1.19E-11	3.256139
-6.90001	-2.28E-11	3.279438	0.0999998	-1.22E-11	3.279438
-6.80001	-2.15E-11	3.302701	0.0999999	-1.21E-11	3.302701
-6.70001	-1.98E-11	3.325934	0.0999998	-1.25E-11	3.325934
-6.60001	-1.98E-11	3.349161	0.0999997	-1.28E-11	3.349161
-6.50001	-2.01E-11	3.372386	0.0999997	-1.22E-11	3.372386
-6.40001	-2.02E-11	3.395674	0.1	-1.26E-11	3.395674
-6.30001	-1.87E-11	3.418886	0.0999997	-1.23E-11	3.418886
-6.20001	-1.81E-11	3.442105	0.0999997	-1.28E-11	3.442105
-6.10001	-1.96E-11	3.465404	0.0999997	-1.25E-11	3.465404
-6.00001	-1.9E-11	3.488688	0.0999999	-1.25E-11	3.488688
-5.90001	-1.78E-11	3.51191	0.0999999	-1.29E-11	3.51191
-5.80001	-1.72E-11	3.53516	0.0999998	-1.28E-11	3.53516
-5.70001	-3.76E-11	3.594134	0.1	-1.07E-11	3.594134
-5.60001	-1.98E-11	3.617446	0.0999999	-1.24E-11	3.617446
-5.50001	-1.82E-11	3.640782	0.1	-1.23E-11	3.640782
-5.40001	-1.61E-11	3.663992	0.0999999	-1.26E-11	3.663992
-5.30001	-1.54E-11	3.687257	0.0999999	-1.25E-11	3.687257
-5.20001	-1.42E-11	3.710474	0.0999998	-1.27E-11	3.710474
-5.1	-1.61E-11	3.733823	0.0999996	-1.22E-11	3.733823
-5.00001	-1.4E-11	3.757309	0.0999998	-1.3E-11	3.757309
-4.90001	-1.31E-11	3.78052	0.0999999	-1.26E-11	3.78052
-4.80001	-1.42E-11	3.803816	0.0999999	-1.31E-11	3.803816
-4.7	-1.21E-11	3.827111	0.0999999	-1.34E-11	3.827111
-4.60001	-1.22E-11	3.850325	0.1	-1.31E-11	3.850325
-4.50001	-1.35E-11	3.873631	0.0999998	-1.3E-11	3.873631
-4.40001	-1.23E-11	3.896912	0.0999999	-1.3E-11	3.896912
-4.3	-1.02E-11	3.920111	0.0999997	-1.3E-11	3.920111
-4.20001	-9.8E-12	3.943343	0.0999998	-1.33E-11	3.943343
-4.10001	-9.1E-12	3.966552	0.0999997	-1.34E-11	3.966552
-4.00001	-1.01E-11	3.989897	0.0999998	-1.38E-11	3.989897
-3.90001	-8.3E-12	4.013127	0.0999999	-1.37E-11	4.013127
-3.80001	-7.9E-12	4.036355	0.0999999	-1.38E-11	4.036355
-3.70001	-2.87E-11	4.095461	0.1	-1.14E-11	4.095461
-3.60001	-9E-12	4.11869	0.0999999	-1.33E-11	4.11869
-3.50001	-8.2E-12	4.141939	0.1	-1.35E-11	4.141939
-3.40001	-8.7E-12	4.165228	0.1	-1.36E-11	4.165228
-3.30001	-6.7E-12	4.188519	0.0999997	-1.39E-11	4.188519
-3.20001	-4.9E-12	4.211734	0.0999997	-1.37E-11	4.211734
-3.10001	-6.8E-12	4.235101	0.0999998	-1.37E-11	4.235101
-3.00001	-4.2E-12	4.258637	0.0999999	-1.4E-11	4.258637
-2.90001	-5.6E-12	4.281934	0.0999998	-1.36E-11	4.281934
-2.80001	-3.4E-12	4.305174	0.0999997	-1.37E-11	4.305174
-2.70001	-1.9E-12	4.328387	0.0999999	-1.4E-11	4.328387
-2.60001	-1.5E-12	4.351618	0.0999999	-1.38E-11	4.351618
-2.50001	-4E-13	4.374826	0.0999997	-1.39E-11	4.374826
-2.40001	-1.8E-12	4.398115	0.0999998	-1.43E-11	4.398115
-2.30001	-6E-13	4.421392	0.0999998	-1.39E-11	4.421392
-2.20001	1.2E-12	4.444636	0.0999999	-1.42E-11	4.444636
-2.099999	-1.46E-11	4.469761	0.1000001	-1.27E-11	4.469761
-2	9E-13	4.493049	0.0999999	-1.44E-11	4.493049
-1.9	3.4E-12	4.516252	0.0999998	-1.44E-11	4.516252
-1.8	4.9E-12	4.539478	0.0999998	-1.47E-11	4.539478
-1.700001	-1.65E-11	4.596926	0.1	-1.18E-11	4.596926
-1.6	2.9E-12	4.620224	0.0999999	-6.9E-12	4.620224
-1.5	4.2E-12	4.643576	0.0999999	3.36E-11	4.643576
-1.4	7.1E-12	4.666813	0.1	2.154E-10	4.666813
-1.3	9E-12	4.690067	0.1000001	9.241E-10	4.690067
-1.2	8.1E-12	4.71336	0.1000014	3.303E-09	4.71336
-1.1	1.06E-11	4.736794	0.1000033	1.04094E-08	4.736794
-1	1.25E-11	4.760033	0.1000052	2.87656E-08	4.760033
-0.9	1.19E-11	4.783326	0.1000047	6.93122E-08	4.783326
-0.800001	-6.3E-12	4.822834	0.1000001	1.41817E-07	4.822834
-0.700001	-1E-13	4.847334	0.1000009	2.68226E-07	4.847334
-0.6	1.4E-12	4.871853	0.1000009	4.52999E-07	4.871853
-0.500001	3E-12	4.896371	0.100001	7.01884E-07	4.896371
-0.400001	4.5E-12	4.920876	0.1000011	1.015558E-06	4.920876
-0.300001	1.3E-12	4.955447	0.1000001	1.38401E-06	4.955447
-0.2	4E-12	4.981907	0.1000001	1.81639E-06	4.981907
-0.0999998	8.9E-12	5.00639	0.1	2.29688E-06	5.00639
4E-07	1.11E-11	5.0309	0.1000001	2.81807E-06	5.0309
0.1000002	1.31E-11	5.055416	0.1	3.37315E-06	5.055416
0.1999998	8.5E-12	5.105242	0.1000001	3.94536E-06	5.105242
0.299999	1.57E-11	5.12994	0.1000001	4.55494E-06	5.12994
0.4	1.77E-11	5.154456	0.1000001	5.18071E-06	5.154456
0.5	2.02E-11	5.178954	0.1000001	5.82138E-06	5.178954
0.599999	2.22E-11	5.203547	0.1	6.4752E-06	5.203547
0.699999	2.4E-11	5.228163	0.1	7.14056E-06	5.228163
0.799999	2.62E-11	5.252669	0.1	7.81629E-06	5.252669
0.899999	2.8E-11	5.277216	0.1000001	8.50256E-06	5.277216
0.999999	2.92E-11	5.301747	0.0999999	9.19735E-06	5.301747
1.1	3.12E-11	5.326439	0.1000003	9.89941E-06	5.326439
1.199999	2.76E-11	5.36101	0.1	1.05966E-05	5.36101
1.3	3.34E-11	5.385516	0.1000002	1.13131E-05	5.385516
1.399999	3.48E-11	5.410056	0.1000002	1.20322E-05	5.410056
1.5	3.63E-11	5.434582	0.1000002	1.27544E-05	5.434582
1.599999	3.73E-11	5.459191	0.1000002	1.348E-05	5.459191
1.699999	3.91E-11	5.483788	0.1000001	1.42087E-05	5.483788
1.8	3.98E-11	5.508303	0.1000001	1.49385E-05	5.508303
1.9	4.06E-11	5.532802	0.1	1.56714E-05	5.532802
1.999999	4.15E-11	5.557336	0.1000003	1.64059E-05	5.557336
2.099999	3.5E-11	5.603837	0.1	1.71315E-05	5.603837
2.19999	4.07E-11	5.628603	0.1	1.78688E-05	5.628603
2.29999	4.19E-11	5.653156	0.1000004	1.86095E-05	5.653156
2.39999	4.25E-11	5.677731	0.0999999	1.93508E-05	5.677731
2.49999	4.34E-11	5.702293	0.0999999	2.00926E-05	5.702293
2.59999	4.36E-11	5.72696	0.1	2.0836E-05	5.72696
2.69999	4.49E-11	5.751475	0.1000001	2.15808E-05	5.751475
2.79999	4.55E-11	5.776008	0.1	2.2327E-05	5.776008
2.89999	4.63E-11	5.800509	0.1000001	2.30739E-05	5.800509
2.99999	4.62E-11	5.825044	0.1000001	2.38219E-05	5.825044
3.09999	4.68E-11	5.849652	0.1000004	2.4571E-05	5.849652
3.19999	4.69E-11	5.874188	0.1000001	2.53215E-05	5.874188
3.29999	4.72E-11	5.898742	0.1	2.60723E-05	5.898742
3.39999	4.74E-11	5.923278	0.1000001	2.68251E-05	5.923278
3.49999	4.79E-11	5.947884	0.1000002	2.75795E-05	5.947884
3.59999	4.86E-11	5.972398	0.1000002	2.83344E-05	5.972398
3.69999	4.86E-11	5.996972	0.1000001	2.90906E-05	5.996972
3.79999	4.88E-11	6.021527	0.1	2.98478E-05	6.021527
3.89999	4.91E-11	6.046037	0.1	3.06069E-05	6.046037
3.99999	4.19E-11	6.102937	0.1	3.13549E-05	6.102937
4.09999	4.7E-11	6.127471	0.1	3.21198E-05	6.127471
4.19999	4.84E-11	6.152004	0.1000001	3.28843E-05	6.152004
4.29999	4.9E-11	6.176506	0.0999999	3.36482E-05	6.176506
4.39999	4.94E-11	6.201119	0.1000003	3.44128E-05	6.201119
4.49999	4.96E-11	6.225722	0.1000001	3.51792E-05	6.225722
4.59999	4.98E-11	6.250296	0.1	3.59466E-05	6.250296
4.69999	5.02E-11	6.274828	0.1000002	3.67152E-05	6.274828
4.79999	5.06E-11	6.29934	0.1000001	3.74849E-05	6.29934
4.89999	5.08E-11	6.323916	0.1	3.82554E-05	6.323916
4.99999	5.13E-11	6.348452	0.1000001	3.90278E-05	6.348452
5.09999	5.18E-11	6.372996	0.0999998	3.98009E-05	6.372996
5.19999	5.17E-11	6.397503	0.1000001	4.05754E-05	6.397503
5.29999	5.15E-11	6.422015	0.1000003	4.13512E-05	6.422015
5.39999	5.21E-11	6.446513	0.1	4.21278E-05	6.446513
5.49999	5.23E-11	6.471045	0.1000002	4.29058E-05	6.471045
5.59999	5.22E-11	6.495551	0.1000001	4.36853E-05	6.495551
5.69999	5.27E-11	6.520086	0.1000002	4.44656E-05	6.520086
5.79999	5.23E-11	6.544601	0.1000001	4.52475E-05	6.544601
5.89999	4.63E-11	6.604398	0.1000001	4.60202E-05	6.604398
5.99999	5.15E-11	6.628914	0.1	4.68085E-05	6.628914
6.09999	5.16E-11	6.653545	0.1000001	4.75954E-05	6.653545
6.19999	5.23E-11	6.67806	0.1000001	4.83835E-05	6.67806
6.29999	5.24E-11	6.702632	0.1	4.91723E-05	6.702632
6.39999	5.29E-11	6.727243	0.1000002	4.99616E-05	6.727243
6.49999	5.26E-11	6.75176	0.1	5.07527E-05	6.75176
6.59999	5.31E-11	6.776311	0.1000001	5.1545E-05	6.776311
6.69999	5.33E-11	6.800828	0.1	5.23379E-05	6.800828
6.79999	5.34E-11	6.825343	0.1	5.31334E-05	6.825343
6.89999	5.39E-11	6.849838	0.1000001	5.39294E-05	6.849838
6.99999	5.41E-11	6.874462	0.1000001	5.47272E-05	6.874462
7.09999	5.4E-11	6.898966	0.1	5.55253E-05	6.898966
7.19999	5.43E-11	6.92348	0.0999998	5.63248E-05	6.92348
7.29999	5.43E-11	6.948023	0.1000001	5.71266E-05	6.948023
7.39999	5.42E-11	6.97262	0.1000002	5.79288E-05	6.97262
7.49999	5.43E-11	6.997227	0.1000002	5.87318E-05	6.997227
7.59999	5.5E-11	7.021748	0.1	5.95365E-05	7.021748
7.69999	5.51E-11	7.046255	0.1000002	6.03438E-05	7.046255
7.79999	4.9E-11	7.105799	0.1	6.11413E-05	7.105799
7.89999	5.43E-11	7.13035	0.1000002	6.19532E-05	7.13035
7.99999	5.47E-11	7.154878	0.1000002	6.27642E-05	7.154878
8.09999	5.54E-11	7.179404	0.1	6.35762E-05	7.179404
8.19999	5.47E-11	7.203977	0.1	6.43899E-05	7.203977
8.29999	5.52E-11	7.228631	0.1000002	6.52044E-05	7.228631
8.39999	5.61E-11	7.253141	0.1000002	6.60203E-05	7.253141
8.49999	5.58E-11	7.277702	0.1000001	6.68374E-05	7.277702
8.59999	5.63E-11	7.302203	0.0999999	6.7656E-05	7.302203
8.69999	5.62E-11	7.326787	0.1000001	6.84747E-05	7.326787
8.79999	5.64E-11	7.351311	0.0999999	6.92966E-05	7.351311
8.89999	5.61E-11	7.37594	0.1000001	7.01181E-05	7.37594
8.99999	5.67E-11	7.400432	0.0999999	7.09416E-05	7.400432
9.09999	5.64E-11	7.424968	0.1000003	7.17663E-05	7.424968
9.19999	5.69E-11	7.449493	0.1	7.25912E-05	7.449493
9.29999	5.72E-11	7.474016	0.0999999	7.34154E-05	7.474016
9.39999	5.71E-11	7.498528	0.1	7.42471E-05	7.498528
9.49999	5.73E-11	7.523038	0.1000002	7.50782E-05	7.523038
9.59999	5.71E-11	7.547571	0.0999999	7.59098E-05	7.547571
9.69999	5.11E-11	7.607254	0.1000004	7.67354E-05	7.607254
9.79999	5.57E-11	7.631772	0.1000002	7.75721E-05	7.631772
9.89999	5.66E-11	7.656359	0.1	7.841E-05	7.656359
9.99999	5.71E-11	7.680864	0.1000001	7.92465E-05	7.680864
9.9	4.39E-11	7.705469	0.0999998	7.83933E-05	7.705469
9.8	4.1E-11	7.73013	0.1	7.75477E-05	7.73013
9.7	3.86E-11	7.754657	0.1	7.67038E-05	7.754657
9.6	3.67E-11	7.779223	0.0999998	7.58623E-05	7.779223
9.5	3.46E-11	7.80373	0.0999998	7.50221E-05	7.80373
9.4	3.34E-11	7.82827	0.1	7.41848E-05	7.82827
9.3	3.25E-11	7.852807	0.0999998	7.33479E-05	7.852807
9.2	3.14E-11	7.877364	0.0999997	7.25137E-05	7.877364
9.1	3.04E-11	7.901897	0.0999999	7.16803E-05	7.901897
9	2.99E-11	7.926405	0.0999998	7.08484E-05	7.926405
8.9	2.95E-11	7.950898	0.1000001	7.00212E-05	7.950898
8.8	2.89E-11	7.975427	0.0999998	6.91903E-05	7.975427
8.7	2.8E-11	8.00001	0.1000003	6.83616E-05	8.00001
8.6	2.79E-11	8.024519	0.0999999	6.75333E-05	8.024519
8.5	2.71E-11	8.04903	0.0999998	6.67062E-05	8.04903
8.4	3.25E-11	8.10896	0.1000001	6.58849E-05	8.10896
8.3	2.73E-11	8.133506	0.1000001	6.50598E-05	8.133506
8.2	2.63E-11	8.158038	0.1	6.42373E-05	8.158038
8.1	2.52E-11	8.182567	0.0999997	6.34155E-05	8.182567
8	2.46E-11	8.207128	0.0999998	6.2595E-05	8.207128
7.9	2.41E-11	8.231738	0.1	6.17766E-05	8.231738
7.8	2.37E-11	8.256251	0.0999999	6.09603E-05	8.256251
7.7	2.31E-11	8.280803	0.0999999	6.0145E-05	8.280803
7.6	2.27E-11	8.305342	0.1000001	5.93299E-05	8.305342
7.5	2.29E-11	8.329939	0.1	5.85174E-05	8.329939
7.4	2.28E-11	8.354462	0.0999999	5.7706E-05	8.354462
7.3	2.22E-11	8.379024	0.0999999	5.68952E-05	8.379024
7.2	2.14E-11	8.403588	0.0999999	5.60857E-05	8.403588
7.1	2.13E-11	8.428124	0.1	5.52782E-05	8.428124
7	2.14E-11	8.452684	0.1000001	5.44717E-05	8.452684
6.9	2.03E-11	8.477286	0.0999999	5.36662E-05	8.477286
6.8	2E-11	8.501808	0.0999997	5.28623E-05	8.501808
6.7	1.9E-11	8.526306	0.1	5.20595E-05	8.526306
6.6	1.87E-11	8.550838	0.0999999	5.12577E-05	8.550838
6.5	2.53E-11	8.610375	0.1000003	5.04633E-05	8.610375
6.4	1.99E-11	8.634896	0.1000001	4.96626E-05	8.634896
6.3	1.87E-11	8.659456	0.0999999	4.88647E-05	8.659456
6.2	1.83E-11	8.684007	0.1	4.80676E-05	8.684007
6.1	1.8E-11	8.708591	0.1	4.72717E-05	8.708591
6	1.72E-11	8.733204	0.0999999	4.64767E-05	8.733204
5.9	1.71E-11	8.757747	0.1	4.56827E-05	8.757747
5.8	1.65E-11	8.78229	0.0999998	4.48914E-05	8.78229
5.7	1.59E-11	8.806823	0.1000002	4.41009E-05	8.806823
5.6	1.55E-11	8.831327	0.1	4.33116E-05	8.831327
5.5	1.53E-11	8.855877	0.0999999	4.25229E-05	8.855877
5.4	1.48E-11	8.880401	0.0999997	4.17367E-05	8.880401
5.3	1.41E-11	8.904932	0.1000002	4.09508E-05	8.904932
5.2	1.36E-11	8.929449	0.1000001	4.01661E-05	8.929449
5.1	1.36E-11	8.953978	0.1	3.93826E-05	8.953978
5	1.28E-11	8.978487	0.0999998	3.86009E-05	8.978487
4.9	1.25E-11	9.00305	0.1000002	3.782E-05	9.00305
4.8	1.25E-11	9.027576	0.0999999	3.704E-05	9.027576
4.7	1.15E-11	9.052081	0.1000001	3.62619E-05	9.052081
4.6	1.81E-11	9.111809	0.0999998	3.54902E-05	9.111809
4.5	1.27E-11	9.136333	0.0999999	3.47139E-05	9.136333
4.4	1.2E-11	9.160884	0.0999999	3.39387E-05	9.160884
4.3	1.11E-11	9.185455	0.1	3.3165E-05	9.185455
4.2	1.04E-11	9.210056	0.1	3.23925E-05	9.210056
4.1	9.4E-12	9.234645	0.1	3.16229E-05	9.234645
4	8.9E-12	9.259166	0.1	3.08533E-05	9.259166
3.9	8.6E-12	9.283642	0.1000003	3.00847E-05	9.283642
3.8	7.6E-12	9.308161	0.1	2.93177E-05	9.308161
3.7	7.1E-12	9.33273	0.1000001	2.85527E-05	9.33273
3.6	6.6E-12	9.35728	0.1000001	2.77878E-05	9.35728
3.5	5.8E-12	9.381801	0.1	2.7025E-05	9.381801
3.4	5.5E-12	9.406374	0.0999998	2.62638E-05	9.406374
3.3	4.7E-12	9.430877	0.1	2.55037E-05	9.430877
3.2	4.3E-12	9.455389	0.0999999	2.47453E-05	9.455389
3.1	3.3E-12	9.479918	0.1	2.39881E-05	9.479918
3	2.4E-12	9.504433	0.0999998	2.32323E-05	9.504433
2.9	1.9E-12	9.52895	0.0999999	2.24788E-05	9.52895
2.8	1.6E-12	9.553478	0.0999998	2.17262E-05	9.553478
2.7	7.3E-12	9.613363	0.1000001	2.09809E-05	9.613363
2.6	1.9E-12	9.637894	0.0999999	2.02303E-05	9.637894
2.5	3E-13	9.662478	0.0999999	1.94828E-05	9.662478
2.4	-8E-13	9.686989	0.1	1.87371E-05	9.686989
2.3	-1.9E-12	9.711591	0.1	1.79927E-05	9.711591
2.2	-3.4E-12	9.736185	0.0999999	1.72505E-05	9.736185
2.099999	-7E-13	9.762597	0.1000002	1.65149E-05	9.762597
2	-5.2E-12	9.787135	0.0999999	1.57774E-05	9.787135
1.9	-6.2E-12	9.811706	0.1	1.50425E-05	9.811706
1.8	-7.4E-12	9.83621	0.0999999	1.43109E-05	9.83621
1.7	-8.7E-12	9.860762	0.0999998	1.35822E-05	9.860762
1.6	-9.9E-12	9.885262	0.0999999	1.28565E-05	9.885262
1.5	-1.12E-11	9.909781	0.0999998	1.21354E-05	9.909781
1.4	-1.2E-11	9.934297	0.1	1.14181E-05	9.934297
1.3	-1.35E-11	9.958806	0.0999999	1.07065E-05	9.958806
1.2	-1.5E-11	9.983306	0.0999998	1.00007E-05	9.983306
1.1	-1.63E-11	10.007964	0.1000002	9.3019E-06	10.007964
1	-1.44E-11	10.03511	0.0999999	8.61761E-06	10.03511
0.9	-1.95E-11	10.059625	0.0999998	7.93524E-06	10.059625
0.8	-1.55E-11	10.110286	0.1	7.26905E-06	10.110286
0.7	-2.19E-11	10.134811	0.1	6.60843E-06	10.134811
0.6	-2.46E-11	10.159327	0.1000002	5.96123E-06	10.159327
0.5	-2.63E-11	10.183875	0.1000001	5.32783E-06	10.183875
0.4	-2.89E-11	10.20846	0.0999999	4.70972E-06	10.20846
0.3	-3.07E-11	10.233097	0.1000001	4.11056E-06	10.233097
0.2	-3.04E-11	10.259535	0.0999998	3.53389E-06	10.259535
0.0999996	-3.6E-11	10.284096	0.1000001	2.98175E-06	10.284096
-2E-07	-3.83E-11	10.308643	0.0999999	2.4607E-06	10.308643
#scan	iMeasureCycle=2	iMux=0	time=279.895	N=401	LocalTime=19/04/2023 15:54:17
#VGate(V)	IGate(A)	time(s)	VDrain(V)	IDrain(A)	time(s)
-2E-07	-1.7E-11	279.902461	0.1	2.58557E-06	279.902461
-0.1000002	-2.5E-11	279.927372	0.1	2.07741E-06	279.927372
-0.2000002	-2.69E-11	279.952944	0.0999997	1.61607E-06	279.952944
-0.3	-3.22E-11	279.977655	0.0999999	1.20639E-06	279.977655
-0.4	-3.13E-11	280.004971	0.0999997	8.58075E-07	280.004971
-0.5	-3.72E-11	280.029519	0.0999995	5.71259E-07	280.029519
-0.6	-3.99E-11	280.054048	0.0999996	3.51453E-07	280.054048
-0.7	-4.18E-11	280.078573	0.0999996	1.95942E-07	280.078573
-0.8	-4.26E-11	280.103327	0.0999998	9.6849E-08	280.103327
-0.9	-3.92E-11	280.141012	0.0999958	4.25496E-08	280.141012
-1.000001	-5.82E-11	280.164307	0.1000034	1.56217E-08	280.164307
-1.100001	-6.18E-11	280.187516	0.1000019	5.0401E-09	280.187516
-1.200001	-6.17E-11	280.210799	0.1000006	1.4474E-09	280.210799
-1.300001	-6.26E-11	280.234095	0.1000005	3.57E-10	280.234095
-1.400001	-6.38E-11	280.257371	0.1000004	6.61E-11	280.257371
-1.500001	-6.43E-11	280.280639	0.1000004	2E-12	280.280639
-1.600001	-6.72E-11	280.30384	0.1000002	-8.4E-12	280.30384
-1.700001	-6.66E-11	280.327136	0.1	-1.03E-11	280.327136
-1.800001	-6.78E-11	280.35045	0.1000001	-1.03E-11	280.35045
-1.900001	-6.91E-11	280.373756	0.1000002	-1.02E-11	280.373756
-2.000001	-6.82E-11	280.397034	0.1000003	-1.07E-11	280.397034
-2.100001	-6.88E-11	280.420323	0.1000003	-1E-11	280.420323
-2.2	-4.89E-11	280.469919	0.1000001	-1.2E-11	280.469919
-2.3	-6.96E-11	280.493151	0.1000003	-9.9E-12	280.493151
-2.4	-6.92E-11	280.516445	0.1000002	-1.01E-11	280.516445
-2.5	-7.09E-11	280.539662	0.1000001	-1E-11	280.539662
-2.6	-7.16E-11	280.562936	0.1000001	-1.01E-11	280.562936
-2.7	-7.24E-11	280.586151	0.1000003	-1E-11	280.586151
-2.8	-7.15E-11	280.609428	0.1000003	-1.01E-11	280.609428
-2.9	-7.14E-11	280.632715	0.1000003	-9.9E-12	280.632715
-3	-7.39E-11	280.655939	0.1000001	-9.8E-12	280.655939
-3.1	-7.47E-11	280.67915	0.1000003	-1E-11	280.67915
-3.2	-7.32E-11	280.702435	0.1000002	-1E-11	280.702435
-3.3	-7.55E-11	280.725639	0.1000002	-9.9E-12	280.725639
-3.4	-7.38E-11	280.748937	0.1000002	-9.9E-12	280.748937
-3.5	-7.3E-11	280.772358	0.1000001	-1.02E-11	280.772358
-3.6	-7.29E-11	280.795752	0.1000002	-1.01E-11	280.795752
-3.7	-7.59E-11	280.81897	0.1000002	-9.8E-12	280.81897
-3.8	-7.57E-11	280.842215	0.1000004	-9.6E-12	280.842215
-3.9	-7.48E-11	280.865518	0.1000001	-9.9E-12	280.865518
-4	-7.69E-11	280.888765	0.1000003	-9.2E-12	280.888765
-4.1	-7.75E-11	280.911973	0.1000001	-9.4E-12	280.911973
-4.2	-5.63E-11	280.96546	0.1000001	-1.12E-11	280.96546
-4.3	-7.47E-11	280.988758	0.1000002	-9.4E-12	280.988758
-4.4	-7.62E-11	281.011991	0.1000003	-9.6E-12	281.011991
-4.5	-7.76E-11	281.035208	0.1000002	-9.1E-12	281.035208
-4.6	-7.63E-11	281.058556	0.1000003	-9.5E-12	281.058556
-4.7	-7.85E-11	281.081777	0.1000003	-9.2E-12	281.081777
-4.8	-7.81E-11	281.104996	0.1000003	-9.3E-12	281.104996
-4.9	-7.93E-11	281.128249	0.1000004	-9.7E-12	281.128249
-5	-7.79E-11	281.151545	0.1000003	-9.6E-12	281.151545
-5.1	-7.79E-11	281.174816	0.1000002	-9.4E-12	281.174816
-5.2	-7.99E-11	281.19803	0.1000002	-9.2E-12	281.19803
-5.3	-8.07E-11	281.221236	0.1000001	-9E-12	281.221236
-5.4	-8.11E-11	281.244456	0.1000004	-9.2E-12	281.244456
-5.5	-7.93E-11	281.267747	0.1000003	-9.2E-12	281.267747
-5.6	-8.1E-11	281.290961	0.1000001	-9.3E-12	281.290961
-5.7	-8.14E-11	281.314169	0.1000003	-9.2E-12	281.314169
-5.8	-8.14E-11	281.337383	0.1000003	-8.9E-12	281.337383
-5.9	-8.16E-11	281.360677	0.1000002	-9.2E-12	281.360677
-6	-8.06E-11	281.383995	0.1000002	-9.2E-12	281.383995
-6.1	-8.26E-11	281.407201	0.1000002	-8.8E-12	281.407201
-6.2	-6.18E-11	281.462904	0.1	-1.08E-11	281.462904
-6.3	-8.11E-11	281.486139	0.1000002	-9.1E-12	281.486139
-6.4	-8.13E-11	281.509387	0.1000002	-9E-12	281.509387
-6.5	-8.23E-11	281.532601	0.1000001	-8.9E-12	281.532601
-6.6	-8.05E-11	281.555941	0.1000002	-9E-12	281.555941
-6.7	-8.03E-11	281.579214	0.1000003	-9.1E-12	281.579214
-6.8	-8.32E-11	281.602416	0.1000004	-9E-12	281.602416
-6.9	-8.26E-11	281.625654	0.1000003	-9.1E-12	281.625654
-7	-8.32E-11	281.648892	0.1000004	-9.2E-12	281.648892
-7.1	-8.19E-11	281.672199	0.1000002	-8.7E-12	281.672199
-7.2	-8.45E-11	281.695409	0.1000003	-9E-12	281.695409
-7.3	-8.46E-11	281.718625	0.1000005	-8.7E-12	281.718625
-7.4	-8.33E-11	281.741918	0.1000002	-9E-12	281.741918
-7.5	-8.3E-11	281.765212	0.1000002	-8.8E-12	281.765212
-7.6	-8.49E-11	281.788423	0.1000002	-8.8E-12	281.788423
-7.7	-8.53E-11	281.811677	0.1000003	-9.2E-12	281.811677
-7.8	-8.41E-11	281.834965	0.1000003	-8.7E-12	281.834965
-7.9	-8.44E-11	281.858285	0.1000002	-8.6E-12	281.858285
-8	-8.49E-11	281.881524	0.1000003	-8.7E-12	281.881524
-8.1	-8.27E-11	281.904857	0.1000003	-9.1E-12	281.904857
-8.2	-8.43E-11	281.92815	0.1000002	-9.2E-12	281.92815
-8.3	-6.59E-11	281.964018	0.1	-1.08E-11	281.964018
-8.4	-8.41E-11	281.987318	0.1000003	-9.3E-12	281.987318
-8.5	-8.59E-11	282.010529	0.1000001	-8.4E-12	282.010529
-8.6	-8.51E-11	282.03377	0.1000002	-8.8E-12	282.03377
-8.7	-8.39E-11	282.057152	0.1000004	-8.7E-12	282.057152
-8.8	-8.48E-11	282.08045	0.1000002	-8.5E-12	282.08045
-8.9	-8.73E-11	282.103658	0.1000001	-8.9E-12	282.103658
-9	-8.71E-11	282.126872	0.1000002	-8.4E-12	282.126872
-9.1	-8.56E-11	282.150223	0.1000003	-8.7E-12	282.150223
-9.2	-8.75E-11	282.173439	0.1000002	-8.2E-12	282.173439
-9.3	-8.8E-11	282.196652	0.1000002	-8.3E-12	282.196652
-9.4	-8.77E-11	282.21987	0.1000002	-8.6E-12	282.21987
-9.5	-8.57E-11	282.243167	0.1000003	-8.5E-12	282.243167
-9.6	-8.58E-11	282.26647	0.1000003	-8.6E-12	282.26647
-9.7	-8.78E-11	282.289684	0.1000003	-8.2E-12	282.289684
-9.8	-8.79E-11	282.312895	0.1000003	-8.5E-12	282.312895
-9.9	-8.62E-11	282.336186	0.1000002	-8.9E-12	282.336186
-10	-8.8E-11	282.35949	0.1000001	-8.8E-12	282.35949
-9.90001	-4.6E-11	282.382724	0.0999997	-1.21E-11	282.382724
-9.80001	-4.18E-11	282.40594	0.0999999	-1.2E-11	282.40594
-9.70001	-4.19E-11	282.429233	0.1	-1.15E-11	282.429233
-9.60001	-5.68E-11	282.469884	0.0999998	-1.04E-11	282.469884
-9.50001	-3.64E-11	282.493142	0.0999998	-1.19E-11	282.493142
-9.40001	-3.66E-11	282.516434	0.1	-1.13E-11	282.516434
-9.30001	-3.58E-11	282.539728	0.0999999	-1.18E-11	282.539728
-9.20001	-3.3E-11	282.562985	0.0999998	-1.19E-11	282.562985
-9.10001	-3.35E-11	282.586278	0.0999998	-1.17E-11	282.586278
-9.00001	-3.25E-11	282.609652	0.0999999	-1.2E-11	282.609652
-8.90001	-3.01E-11	282.63286	0.0999998	-1.2E-11	282.63286
-8.80001	-2.95E-11	282.656156	0.0999999	-1.21E-11	282.656156
-8.70001	-3.05E-11	282.679452	0.0999999	-1.2E-11	282.679452
-8.60001	-2.98E-11	282.702737	0.0999999	-1.17E-11	282.702737
-8.50001	-2.76E-11	282.726025	0.0999999	-1.24E-11	282.726025
-8.40001	-2.85E-11	282.749333	0.0999999	-1.25E-11	282.749333
-8.30001	-2.81E-11	282.772722	0.0999997	-1.23E-11	282.772722
-8.20001	-2.65E-11	282.795959	0.0999998	-1.24E-11	282.795959
-8.10001	-2.53E-11	282.819224	0.0999999	-1.24E-11	282.819224
-8.00001	-2.47E-11	282.842437	0.0999999	-1.22E-11	282.842437
-7.90001	-2.44E-11	282.865741	0.0999997	-1.21E-11	282.865741
-7.80001	-2.43E-11	282.88898	0.0999998	-1.23E-11	282.88898
-7.70001	-2.41E-11	282.912214	0.0999997	-1.21E-11	282.912214
-7.60001	-4.47E-11	282.971366	0.1000002	-1.11E-11	282.971366
-7.50001	-2.66E-11	282.994672	0.0999997	-1.24E-11	282.994672
-7.40001	-2.56E-11	283.017978	0.1	-1.25E-11	283.017978
-7.30001	-2.25E-11	283.04118	0.0999997	-1.24E-11	283.04118
-7.2	-2.2E-11	283.064441	0.0999997	-1.26E-11	283.064441
-7.10001	-2.32E-11	283.087741	0.0999999	-1.25E-11	283.087741
-7.00001	-2.29E-11	283.111027	0.0999996	-1.26E-11	283.111027
-6.90001	-2.04E-11	283.134227	0.0999998	-1.26E-11	283.134227
-6.80001	-2E-11	283.157483	0.0999997	-1.27E-11	283.157483
-6.70001	-2.14E-11	283.180775	0.0999999	-1.26E-11	283.180775
-6.60001	-1.91E-11	283.203978	0.0999999	-1.28E-11	283.203978
-6.50001	-1.91E-11	283.227188	0.0999998	-1.3E-11	283.227188
-6.40001	-1.87E-11	283.250407	0.0999997	-1.32E-11	283.250407
-6.30001	-1.97E-11	283.2737	0.0999998	-1.3E-11	283.2737
-6.20001	-2.02E-11	283.297006	0.0999998	-1.32E-11	283.297006
-6.10001	-1.83E-11	283.320213	0.0999997	-1.27E-11	283.320213
-6.00001	-1.73E-11	283.343436	0.0999998	-1.27E-11	283.343436
-5.90001	-1.87E-11	283.366807	0.1	-1.29E-11	283.366807
-5.80001	-1.61E-11	283.390044	0.0999999	-1.3E-11	283.390044
-5.70001	-1.58E-11	283.413258	0.0999999	-1.31E-11	283.413258
-5.60001	-3.7E-11	283.472564	0.1000003	-1.11E-11	283.472564
-5.50001	-1.87E-11	283.495892	0.0999999	-1.28E-11	283.495892
-5.40001	-1.83E-11	283.519172	0.1	-1.35E-11	283.519172
-5.30001	-1.85E-11	283.542493	0.1	-1.31E-11	283.542493
-5.20001	-1.67E-11	283.565931	0.0999999	-1.33E-11	283.565931
-5.1	-1.59E-11	283.589228	0.0999998	-1.31E-11	283.589228
-5.00001	-1.38E-11	283.612438	0.0999999	-1.3E-11	283.612438
-4.90001	-1.48E-11	283.635737	0.0999999	-1.32E-11	283.635737
-4.80001	-1.41E-11	283.659026	0.0999999	-1.31E-11	283.659026
-4.7	-1.23E-11	283.682242	0.0999999	-1.37E-11	283.682242
-4.60001	-1.17E-11	283.705455	0.0999998	-1.36E-11	283.705455
-4.50001	-1.13E-11	283.728672	0.1	-1.37E-11	283.728672
-4.40001	-1.23E-11	283.751966	0.0999997	-1.36E-11	283.751966
-4.3	-1.22E-11	283.775261	0.0999998	-1.36E-11	283.775261
-4.20001	-9.7E-12	283.798464	0.0999998	-1.39E-11	283.798464
-4.10001	-9.1E-12	283.82173	0.0999999	-1.37E-11	283.82173
-4.00001	-1.09E-11	283.845021	0.0999997	-1.33E-11	283.845021
-3.90001	-8.7E-12	283.868329	0.0999999	-1.4E-11	283.868329
-3.80001	-7.7E-12	283.891562	0.0999998	-1.36E-11	283.891562
-3.70001	-8.8E-12	283.914853	0.1	-1.35E-11	283.914853
-3.60001	-2.85E-11	283.973851	0.0999999	-1.19E-11	283.973851
-3.50001	-9.9E-12	283.997153	0.0999997	-1.31E-11	283.997153
-3.40001	-9E-12	284.020434	0.0999998	-1.35E-11	284.020434
-3.30001	-6.5E-12	284.043649	0.0999999	-1.36E-11	284.043649
-3.20001	-5.7E-12	284.06692	0.0999999	-1.35E-11	284.06692
-3.10001	-6.7E-12	284.090222	0.0999997	-1.4E-11	284.090222
-3.00001	-6.6E-12	284.113517	0.0999997	-1.36E-11	284.113517
-2.90001	-3.8E-12	284.136729	0.0999998	-1.38E-11	284.136729
-2.80001	-2.6E-12	284.159978	0.0999998	-1.41E-11	284.159978
-2.70001	-2.4E-12	284.183205	0.0999998	-1.39E-11	284.183205
-2.60001	-4.1E-12	284.206544	0.0999997	-1.39E-11	284.206544
-2.50001	-1E-12	284.229756	0.0999998	-1.44E-11	284.229756
-2.40001	-4E-13	284.252967	0.0999999	-1.45E-11	284.252967
-2.30001	-7E-13	284.276257	0.0999998	-1.37E-11	284.276257
-2.20001	-5E-13	284.299551	0.0999999	-1.43E-11	284.299551
-2.099999	-1.53E-11	284.324661	0.1	-1.28E-11	284.324661
-2	2.8E-12	284.347927	0.1	-1.47E-11	284.347927
-1.9	2.1E-12	284.371281	0.1	-1.45E-11	284.371281
-1.8	4.9E-12	284.394526	0.0999997	-1.51E-11	284.394526
-1.699999	5E-12	284.417744	0.0999998	-1.45E-11	284.417744
-1.600001	-1.57E-11	284.475369	0.1000001	-8E-12	284.475369
-1.5	3.6E-12	284.498694	0.0999999	1.96E-11	284.498694
-1.4	4.9E-12	284.521992	0.0999998	1.618E-10	284.521992
-1.3	8.1E-12	284.545186	0.1000002	7.221E-10	284.545186
-1.2	8.2E-12	284.568511	0.100001	2.6495E-09	284.568511
-1.1	8.2E-12	284.59185	0.1000026	8.5377E-09	284.59185
-1	1.26E-11	284.615045	0.1000054	2.41621E-08	284.615045
-0.9	1.38E-11	284.638249	0.1000062	5.94452E-08	284.638249
-0.800001	-6.5E-12	284.677808	0.1000001	1.24446E-07	284.677808
-0.7	-3E-13	284.70234	0.1000006	2.40382E-07	284.70234
-0.6	1.7E-12	284.726857	0.1000006	4.12271E-07	284.726857
-0.500001	3.2E-12	284.751348	0.1000008	6.46724E-07	284.751348
-0.4	4.6E-12	284.776053	0.1000009	9.44515E-07	284.776053
-0.300001	9E-13	284.810691	0.1000002	1.29644E-06	284.810691
-0.2000001	3.3E-12	284.837108	0.1	1.71267E-06	284.837108
-0.0999998	9.4E-12	284.861691	0.1	2.1772E-06	284.861691
4E-07	1.07E-11	284.886518	0.1	2.68241E-06	284.886518
0.1000003	1.29E-11	284.911014	0.1000002	3.22272E-06	284.911014
0.2000004	1.45E-11	284.935492	0.1000002	3.79191E-06	284.935492
0.299999	9E-12	285.000701	0.1	4.37042E-06	285.000701
0.4	1.64E-11	285.025219	0.1000001	4.98974E-06	285.025219
0.5	1.87E-11	285.049749	0.1000001	5.62249E-06	285.049749
0.599999	2.12E-11	285.074251	0.1000001	6.26919E-06	285.074251
0.7	2.35E-11	285.098808	0.1000002	6.92864E-06	285.098808
0.799999	2.56E-11	285.123328	0.1	7.59944E-06	285.123328
0.9	2.74E-11	285.148082	0.0999999	8.28098E-06	285.148082
0.999999	2.9E-11	285.172618	0.1	8.97175E-06	285.172618
1.1	3.12E-11	285.197136	0.1	9.67116E-06	285.197136
1.2	3.26E-11	285.221647	0.1000002	1.037745E-05	285.221647
1.299999	2.87E-11	285.256191	0.1000001	1.10802E-05	285.256191
1.4	3.5E-11	285.280717	0.1	1.18001E-05	285.280717
1.5	3.66E-11	285.305263	0.1000002	1.25229E-05	285.305263
1.599999	3.8E-11	285.329777	0.1000001	1.32494E-05	285.329777
1.699999	3.87E-11	285.354264	0.1	1.39791E-05	285.354264
1.8	3.98E-11	285.378817	0.1	1.47125E-05	285.378817
1.9	4.04E-11	285.403386	0.1	1.54472E-05	285.403386
2	4.12E-11	285.427896	0.1000003	1.61843E-05	285.427896
2.099999	3.52E-11	285.482394	0.1000002	1.6916E-05	285.482394
2.19999	4.07E-11	285.50713	0.1000001	1.76563E-05	285.50713
2.29999	4.19E-11	285.531647	0.1000002	1.84004E-05	285.531647
2.39999	4.32E-11	285.556153	0.1	1.91464E-05	285.556153
2.49999	4.35E-11	285.580708	0.0999998	1.98933E-05	285.580708
2.59999	4.44E-11	285.605239	0.1000001	2.06416E-05	285.605239
2.69999	4.47E-11	285.629754	0.1	2.1391E-05	285.629754
2.79999	4.49E-11	285.654249	0.1000002	2.21414E-05	285.654249
2.89999	4.53E-11	285.678773	0.0999999	2.28936E-05	285.678773
2.99999	4.6E-11	285.703318	0.1000001	2.36466E-05	285.703318
3.09999	4.64E-11	285.727835	0.1000002	2.44008E-05	285.727835
3.19999	4.71E-11	285.752338	0.0999999	2.51557E-05	285.752338
3.29999	4.72E-11	285.776947	0.1000004	2.59113E-05	285.776947
3.39999	4.76E-11	285.801454	0.1	2.66677E-05	285.801454
3.49999	4.77E-11	285.826035	0.1	2.74251E-05	285.826035
3.59999	4.81E-11	285.850543	0.1000002	2.81832E-05	285.850543
3.69999	4.76E-11	285.875227	0.1000002	2.8943E-05	285.875227
3.79999	4.87E-11	285.899768	0.1000003	2.97038E-05	285.899768
3.89999	4.87E-11	285.924303	0.1	3.04654E-05	285.924303
3.99999	4.25E-11	285.981596	0.1000002	3.1216E-05	285.981596
4.09999	4.75E-11	286.006123	0.1	3.19822E-05	286.006123
4.19999	4.81E-11	286.030664	0.1000001	3.27476E-05	286.030664
4.29999	4.85E-11	286.055193	0.1	3.3514E-05	286.055193
4.39999	4.9E-11	286.079826	0.1000001	3.42812E-05	286.079826
4.49999	4.93E-11	286.104406	0.1	3.50487E-05	286.104406
4.59999	5.02E-11	286.128908	0.1	3.58174E-05	286.128908
4.69999	5.06E-11	286.153471	0.0999999	3.6587E-05	286.153471
4.79999	5.11E-11	286.177986	0.1000001	3.73583E-05	286.177986
4.89999	5.11E-11	286.202508	0.0999999	3.81296E-05	286.202508
4.99999	5.14E-11	286.227008	0.1000004	3.8903E-05	286.227008
5.09999	5.17E-11	286.251507	0.0999999	3.96777E-05	286.251507
5.19999	5.17E-11	286.276012	0.1000001	4.04525E-05	286.276012
5.29999	5.15E-11	286.300524	0.1000002	4.12291E-05	286.300524
5.39999	5.23E-11	286.325058	0.0999999	4.20067E-05	286.325058
5.49999	5.22E-11	286.3496	0.1000001	4.27863E-05	286.3496
5.59999	5.2E-11	286.37421	0.1	4.35659E-05	286.37421
5.69999	5.28E-11	286.398768	0.1	4.43476E-05	286.398768
5.79999	5.28E-11	286.423295	0.1	4.51304E-05	286.423295
5.89999	4.62E-11	286.478378	0.1	4.5905E-05	286.478378
5.99999	5.13E-11	286.502959	0.1000001	4.66924E-05	286.502959
6.09999	5.18E-11	286.527483	0.1000001	4.74799E-05	286.527483
6.19999	5.23E-11	286.551963	0.0999998	4.82686E-05	286.551963
6.29999	5.26E-11	286.576538	0.1000001	4.90578E-05	286.576538
6.39999	5.33E-11	286.601053	0.1000002	4.9848E-05	286.601053
6.49999	5.33E-11	286.625564	0.0999999	5.0639E-05	286.625564
6.59999	5.34E-11	286.650073	0.0999999	5.14328E-05	286.650073
6.69999	5.36E-11	286.674589	0.0999999	5.2227E-05	286.674589
6.79999	5.4E-11	286.699134	0.1000002	5.30217E-05	286.699134
6.89999	5.44E-11	286.723656	0.1000001	5.38185E-05	286.723656
6.99999	5.48E-11	286.748168	0.1000003	5.46166E-05	286.748168
7.09999	5.42E-11	286.772706	0.1000001	5.54147E-05	286.772706
7.19999	5.46E-11	286.797295	0.1000001	5.62155E-05	286.797295
7.29999	5.46E-11	286.821831	0.1000001	5.70172E-05	286.821831
7.39999	5.46E-11	286.846357	0.1000004	5.78207E-05	286.846357
7.49999	5.53E-11	286.870961	0.1	5.86242E-05	286.870961
7.59999	5.54E-11	286.89551	0.1000003	5.94296E-05	286.89551
7.69999	5.55E-11	286.920019	0.1000001	6.02364E-05	286.920019
7.79999	4.77E-11	286.982156	0.1	6.10327E-05	286.982156
7.89999	5.31E-11	287.006743	0.1000002	6.18463E-05	287.006743
7.99999	5.41E-11	287.031245	0.1000001	6.26584E-05	287.031245
8.09999	5.43E-11	287.055804	0.1	6.34719E-05	287.055804
8.19999	5.52E-11	287.080361	0.1	6.42863E-05	287.080361
8.29999	5.54E-11	287.105019	0.1	6.5101E-05	287.105019
8.39999	5.58E-11	287.129531	0.1000002	6.59167E-05	287.129531
8.49999	5.53E-11	287.154108	0.1	6.67349E-05	287.154108
8.59999	5.58E-11	287.178618	0.0999999	6.75529E-05	287.178618
8.69999	5.57E-11	287.20321	0.0999999	6.83734E-05	287.20321
8.79999	5.63E-11	287.227753	0.1000001	6.9194E-05	287.227753
8.89999	5.71E-11	287.252254	0.0999999	7.00164E-05	287.252254
8.99999	5.71E-11	287.276755	0.1	7.08403E-05	287.276755
9.09999	5.69E-11	287.301272	0.1	7.16643E-05	287.301272
9.19999	5.69E-11	287.325786	0.1000002	7.24904E-05	287.325786
9.29999	5.7E-11	287.350304	0.1000003	7.33162E-05	287.350304
9.39999	5.68E-11	287.37495	0.1	7.41458E-05	287.37495
9.49999	5.72E-11	287.399482	0.1000001	7.49772E-05	287.399482
9.59999	5.68E-11	287.424014	0.1000001	7.58107E-05	287.424014
9.69999	5.06E-11	287.481187	0.1000001	7.66369E-05	287.481187
9.79999	5.54E-11	287.505756	0.1000001	7.74736E-05	287.505756
9.89999	5.6E-11	287.530311	0.1	7.83113E-05	287.530311
9.99999	5.68E-11	287.554831	0.1000002	7.91485E-05	287.554831
9.9	4.36E-11	287.579416	0.1000003	7.82962E-05	287.579416
9.8	3.97E-11	287.603965	0.0999998	7.74501E-05	287.603965
9.7	3.74E-11	287.628497	0.1	7.66065E-05	287.628497
9.6	3.63E-11	287.653014	0.1000001	7.57651E-05	287.653014
9.5	3.42E-11	287.677515	0.0999999	7.49254E-05	287.677515
9.4	3.34E-11	287.702029	0.0999999	7.40877E-05	287.702029
9.3	3.19E-11	287.726586	0.0999997	7.32521E-05	287.726586
9.2	3.17E-11	287.751124	0.1	7.24164E-05	287.751124
9.1	3.06E-11	287.775664	0.1	7.15838E-05	287.775664
9	2.97E-11	287.800176	0.0999997	7.07524E-05	287.800176
8.9	2.89E-11	287.824712	0.1000001	6.99251E-05	287.824712
8.8	2.84E-11	287.849241	0.1	6.90942E-05	287.849241
8.7	2.78E-11	287.873856	0.0999999	6.82641E-05	287.873856
8.6	2.75E-11	287.89843	0.1	6.74362E-05	287.89843
8.5	2.69E-11	287.922968	0.0999998	6.66096E-05	287.922968
8.4	3.24E-11	287.985374	0.1000002	6.57897E-05	287.985374
8.3	2.69E-11	288.009934	0.1000001	6.49636E-05	288.009934
8.2	2.6E-11	288.034452	0.1	6.41412E-05	288.034452
8.1	2.56E-11	288.05896	0.1000001	6.33197E-05	288.05896
8	2.48E-11	288.083544	0.0999998	6.24999E-05	288.083544
7.9	2.38E-11	288.108052	0.1000001	6.16809E-05	288.108052
7.8	2.37E-11	288.132624	0.0999998	6.08638E-05	288.132624
7.7	2.4E-11	288.157374	0.0999998	6.00481E-05	288.157374
7.6	2.22E-11	288.181896	0.0999998	5.92339E-05	288.181896
7.5	2.23E-11	288.206398	0.1	5.84211E-05	288.206398
7.4	2.22E-11	288.23094	0.0999999	5.76088E-05	288.23094
7.3	2.12E-11	288.255446	0.0999997	5.67984E-05	288.255446
7.2	2.09E-11	288.27999	0.1000001	5.59886E-05	288.27999
7.1	2.09E-11	288.30452	0.0999999	5.51809E-05	288.30452
7	2.19E-11	288.329461	0.1	5.43743E-05	288.329461
6.9	1.98E-11	288.353974	0.1000002	5.35686E-05	288.353974
6.8	2.02E-11	288.378571	0.1000002	5.27642E-05	288.378571
6.7	1.9E-11	288.403117	0.0999997	5.19613E-05	288.403117
6.6	1.89E-11	288.427642	0.1	5.11591E-05	288.427642
6.5	2.51E-11	288.488806	0.1	5.03642E-05	288.488806
6.4	1.96E-11	288.51341	0.0999999	4.95643E-05	288.51341
6.3	1.88E-11	288.537959	0.1000002	4.87667E-05	288.537959
6.2	1.83E-11	288.562472	0.1000002	4.79687E-05	288.562472
6.1	1.79E-11	288.587057	0.1	4.71727E-05	288.587057
6	1.73E-11	288.611573	0.1000001	4.63785E-05	288.611573
5.9	1.68E-11	288.636097	0.0999998	4.55851E-05	288.636097
5.8	1.6E-11	288.660616	0.1	4.47936E-05	288.660616
5.7	1.59E-11	288.685132	0.1000001	4.40024E-05	288.685132
5.6	1.53E-11	288.709669	0.0999999	4.32124E-05	288.709669
5.5	1.5E-11	288.734211	0.1	4.24246E-05	288.734211
5.4	1.45E-11	288.758722	0.0999999	4.16376E-05	288.758722
5.3	1.41E-11	288.783324	0.1000001	4.08515E-05	288.783324
5.2	1.36E-11	288.807839	0.1	4.00673E-05	288.807839
5.1	1.31E-11	288.832597	0.0999999	3.92836E-05	288.832597
5	1.27E-11	288.857128	0.1	3.85022E-05	288.857128
4.9	1.27E-11	288.88173	0.0999999	3.77209E-05	288.88173
4.8	1.26E-11	288.906384	0.1	3.69418E-05	288.906384
4.7	1.2E-11	288.930932	0.1	3.6163E-05	288.930932
4.6	1.74E-11	288.985964	0.1	3.53905E-05	288.985964
4.5	1.28E-11	289.010513	0.0999999	3.46144E-05	289.010513
4.4	1.11E-11	289.035025	0.1	3.38391E-05	289.035025
4.3	1.11E-11	289.059549	0.0999999	3.30656E-05	289.059549
4.2	1E-11	289.084101	0.0999999	3.22938E-05	289.084101
4.1	9.8E-12	289.108683	0.1	3.15229E-05	289.108683
4	9.1E-12	289.133214	0.0999998	3.07529E-05	289.133214
3.9	8.1E-12	289.157734	0.1	2.99847E-05	289.157734
3.8	7.2E-12	289.182316	0.0999998	2.9218E-05	289.182316
3.7	6.8E-12	289.206827	0.1000001	2.84531E-05	289.206827
3.6	6.4E-12	289.231363	0.0999999	2.76887E-05	289.231363
3.5	5.9E-12	289.25587	0.0999998	2.69256E-05	289.25587
3.4	4.9E-12	289.280395	0.0999998	2.61643E-05	289.280395
3.3	4.9E-12	289.304898	0.1	2.54046E-05	289.304898
3.2	4.1E-12	289.32943	0.0999999	2.46456E-05	289.32943
3.1	3.2E-12	289.35395	0.1	2.38889E-05	289.35395
3	3E-12	289.378565	0.1000001	2.31333E-05	289.378565
2.9	1.9E-12	289.403093	0.0999999	2.23794E-05	289.403093
2.8	1E-12	289.427669	0.1	2.16267E-05	289.427669
2.7	7.9E-12	289.486147	0.1	2.08816E-05	289.486147
2.6	2E-12	289.510769	0.0999999	2.01311E-05	289.510769
2.5	1E-13	289.535302	0.1	1.93833E-05	289.535302
2.4	-1.1E-12	289.55982	0.1	1.86376E-05	289.55982
2.3	-2.3E-12	289.584385	0.0999999	1.78938E-05	289.584385
2.2	-2.6E-12	289.608936	0.1	1.71521E-05	289.608936
2.099999	2.7E-12	289.661564	0.0999998	1.64223E-05	289.661564
2	-3.5E-12	289.686091	0.0999998	1.56846E-05	289.686091
1.9	-5.3E-12	289.710592	0.0999998	1.49496E-05	289.710592
1.8	-6.2E-12	289.73515	0.0999999	1.42177E-05	289.73515
1.7	-8E-12	289.759707	0.0999996	1.34888E-05	289.759707
1.6	-9.2E-12	289.784253	0.0999999	1.27637E-05	289.784253
1.5	-1.06E-11	289.808754	0.1	1.20426E-05	289.808754
1.4	-1.18E-11	289.833369	0.0999998	1.13261E-05	289.833369
1.3	-1.38E-11	289.85788	0.0999999	1.06147E-05	289.85788
1.2	-1.53E-11	289.882481	0.0999999	9.91E-06	289.882481
1.1	-1.7E-11	289.907012	0.1	9.2125E-06	289.907012
1	-1.49E-11	289.934154	0.0999996	8.52862E-06	289.934154
0.9	-1.32E-11	289.993311	0.1	7.85406E-06	289.993311
0.8	-2.01E-11	290.017816	0.0999998	7.18179E-06	290.017816
0.7	-2.25E-11	290.042332	0.1	6.52315E-06	290.042332
0.6	-2.5E-11	290.066873	0.0999999	5.87749E-06	290.066873
0.5	-2.68E-11	290.091448	0.1	5.2461E-06	290.091448
0.4	-2.94E-11	290.115981	0.1000001	4.63118E-06	290.115981
0.3	-3.16E-11	290.140511	0.0999998	4.03403E-06	290.140511
0.2	-3.11E-11	290.166976	0.1	3.46063E-06	290.166976
0.0999998	-3.62E-11	290.191491	0.1	2.91214E-06	290.191491
-4E-07	-3.87E-11	290.215973	0.0999999	2.39584E-06	290.215973
#scan	iMeasureCycle=3	iMux=0	time=319.933	N=401	LocalTime=19/04/2023 15:54:57
#VGate(V)	IGate(A)	time(s)	VDrain(V)	IDrain(A)	time(s)
0	-1.71E-11	319.940846	0.0999998	2.52109E-06	319.940846
-0.1000004	-2.44E-11	319.965753	0.1000001	2.01982E-06	319.965753
-0.2000002	-2.7E-11	319.991369	0.1	1.56571E-06	319.991369
-0.3	-3.22E-11	320.016138	0.1	1.16356E-06	320.016138
-0.4	-3.16E-11	320.043458	0.0999997	8.22415E-07	320.043458
-0.5	-3.71E-11	320.06801	0.0999995	5.43522E-07	320.06801
-0.6	-3.98E-11	320.09251	0.0999994	3.31557E-07	320.09251
-0.7	-4.17E-11	320.117031	0.0999996	1.82736E-07	320.117031
-0.8	-3.73E-11	320.154675	0.0999924	9.07322E-08	320.154675
-0.900001	-5.8E-11	320.177896	0.1000081	3.81644E-08	320.177896
-1.000001	-6.08E-11	320.201096	0.1000033	1.39493E-08	320.201096
-1.100001	-6.04E-11	320.22444	0.1000012	4.471E-09	320.22444
-1.200001	-6.2E-11	320.247714	0.1000007	1.2745E-09	320.247714
-1.300001	-6.49E-11	320.270921	0.1000004	3.119E-10	320.270921
-1.400001	-6.57E-11	320.294122	0.1000003	5.67E-11	320.294122
-1.500001	-6.46E-11	320.317422	0.1000003	9E-13	320.317422
-1.600001	-6.49E-11	320.340697	0.1000003	-8.2E-12	320.340697
-1.7	-6.69E-11	320.363911	0.1000002	-9.6E-12	320.363911
-1.800001	-6.81E-11	320.387126	0.1000002	-9.3E-12	320.387126
-1.900001	-6.67E-11	320.410423	0.1000003	-9.9E-12	320.410423
-2.000001	-6.78E-11	320.433708	0.1	-9.6E-12	320.433708
-2.100001	-6.97E-11	320.457012	0.1000003	-9.5E-12	320.457012
-2.2	-4.85E-11	320.508189	0.1000001	-1.12E-11	320.508189
-2.3	-6.94E-11	320.53143	0.1000003	-9.4E-12	320.53143
-2.4	-6.85E-11	320.554772	0.1000003	-9.3E-12	320.554772
-2.5	-6.91E-11	320.578068	0.1000001	-9.4E-12	320.578068
-2.6	-7.13E-11	320.601443	0.1000003	-9.6E-12	320.601443
-2.7	-7.05E-11	320.62474	0.1000003	-1E-11	320.62474
-2.8	-7.1E-11	320.648017	0.1000004	-9.7E-12	320.648017
-2.9	-7.3E-11	320.671303	0.1000002	-9.4E-12	320.671303
-3	-7.35E-11	320.694521	0.1000003	-9.2E-12	320.694521
-3.1	-7.2E-11	320.717811	0.1000003	-9.4E-12	320.717811
-3.2	-7.27E-11	320.741095	0.1000002	-8.9E-12	320.741095
-3.3	-7.49E-11	320.764302	0.1000003	-9E-12	320.764302
-3.4	-7.55E-11	320.787605	0.1000002	-9.3E-12	320.787605
-3.5	-7.39E-11	320.810895	0.1000001	-9.6E-12	320.810895
-3.6	-7.62E-11	320.834117	0.1000003	-9.2E-12	320.834117
-3.7	-7.47E-11	320.85741	0.1000003	-9.2E-12	320.85741
-3.8	-7.74E-11	320.880627	0.1000002	-9E-12	320.880627
-3.9	-7.71E-11	320.903859	0.1000002	-9.1E-12	320.903859
-4	-7.53E-11	320.927165	0.1000001	-9.2E-12	320.927165
-4.1	-7.78E-11	320.950454	0.1000003	-8.8E-12	320.950454
-4.2	-5.71E-11	320.999528	0.1	-1.1E-11	320.999528
-4.3	-7.6E-11	321.022769	0.1000002	-9.5E-12	321.022769
-4.4	-7.52E-11	321.046056	0.1000004	-9.3E-12	321.046056
-4.5	-7.57E-11	321.069335	0.1000002	-9.4E-12	321.069335
-4.6	-7.79E-11	321.092607	0.1000003	-9.3E-12	321.092607
-4.7	-7.85E-11	321.115828	0.1000002	-8.9E-12	321.115828
-4.8	-7.7E-11	321.139118	0.1000003	-8.8E-12	321.139118
-4.9	-7.84E-11	321.162348	0.1000003	-8.6E-12	321.162348
-5	-7.74E-11	321.185645	0.1000003	-8.9E-12	321.185645
-5.1	-8.01E-11	321.208849	0.1000003	-8.1E-12	321.208849
-5.2	-7.72E-11	321.232233	0.1000004	-8.5E-12	321.232233
-5.3	-7.99E-11	321.255451	0.1000002	-8.4E-12	321.255451
-5.4	-8.03E-11	321.278661	0.1000003	-8.4E-12	321.278661
-5.5	-7.91E-11	321.301953	0.1000003	-8.6E-12	321.301953
-5.6	-7.91E-11	321.325247	0.1000002	-8.4E-12	321.325247
-5.7	-8.06E-11	321.348452	0.1000003	-8.6E-12	321.348452
-5.8	-8.13E-11	321.371654	0.1000001	-8.3E-12	321.371654
-5.9	-8E-11	321.394939	0.1000001	-8.2E-12	321.394939
-6	-8E-11	321.418242	0.1000001	-8.4E-12	321.418242
-6.1	-8.22E-11	321.441544	0.1000002	-8.2E-12	321.441544
-6.2	-8.22E-11	321.46477	0.1000001	-7.8E-12	321.46477
-6.3	-6.19E-11	321.505137	0.1	-9.8E-12	321.505137
-6.4	-7.98E-11	321.528455	0.1000001	-8.3E-12	321.528455
-6.5	-8.2E-11	321.551748	0.1000003	-8.2E-12	321.551748
-6.6	-8.25E-11	321.574963	0.1000002	-8.1E-12	321.574963
-6.7	-8.15E-11	321.598313	0.1000002	-8.2E-12	321.598313
-6.8	-8.12E-11	321.621612	0.1000002	-8.6E-12	321.621612
-6.9	-8.32E-11	321.644834	0.1000004	-8.5E-12	321.644834
-7	-8.34E-11	321.668045	0.1000002	-7.5E-12	321.668045
-7.1	-8.17E-11	321.691332	0.1000002	-8E-12	321.691332
-7.2	-8.2E-11	321.71463	0.1000001	-8.3E-12	321.71463
-7.3	-8.41E-11	321.737843	0.1000003	-8.1E-12	321.737843
-7.4	-8.4E-11	321.761049	0.1000002	-7.9E-12	321.761049
-7.5	-8.3E-11	321.784337	0.1000003	-8.5E-12	321.784337
-7.6	-8.29E-11	321.807628	0.1000002	-8.3E-12	321.807628
-7.7	-8.47E-11	321.830849	0.1000003	-8.4E-12	321.830849
-7.8	-8.47E-11	321.854073	0.1000002	-8.2E-12	321.854073
-7.9	-8.35E-11	321.877362	0.1000003	-8.2E-12	321.877362
-8	-8.57E-11	321.900654	0.1000004	-7.9E-12	321.900654
-8.1	-8.57E-11	321.923891	0.1000002	-8.1E-12	321.923891
-8.2	-8.61E-11	321.947179	0.1000002	-8.3E-12	321.947179
-8.3	-6.44E-11	322.006609	0.1000001	-9.8E-12	322.006609
-8.4	-8.22E-11	322.02994	0.1000003	-8.5E-12	322.02994
-8.5	-8.47E-11	322.053231	0.1000002	-8.3E-12	322.053231
-8.6	-8.5E-11	322.076482	0.1000002	-8E-12	322.076482
-8.7	-8.4E-11	322.099821	0.1000001	-8.1E-12	322.099821
-8.8	-8.61E-11	322.123045	0.1000001	-8E-12	322.123045
-8.9	-8.62E-11	322.14627	0.1000003	-8E-12	322.14627
-9	-8.49E-11	322.169554	0.1000003	-8E-12	322.169554
-9.1	-8.53E-11	322.192834	0.1000003	-8E-12	322.192834
-9.2	-8.47E-11	322.21614	0.1000004	-7.9E-12	322.21614
-9.3	-8.72E-11	322.239365	0.1000003	-7.7E-12	322.239365
-9.4	-8.51E-11	322.262654	0.1000002	-8.1E-12	322.262654
-9.5	-8.52E-11	322.285932	0.1000001	-7.8E-12	322.285932
-9.6	-8.71E-11	322.309166	0.1000002	-7.8E-12	322.309166
-9.7	-8.79E-11	322.332385	0.1000002	-8E-12	322.332385
-9.8	-8.61E-11	322.35568	0.1000003	-8.1E-12	322.35568
-9.9	-8.79E-11	322.378889	0.1000004	-7.6E-12	322.378889
-10	-8.73E-11	322.402134	0.1000003	-8E-12	322.402134
-9.90001	-4.69E-11	322.425436	0.0999998	-1.11E-11	322.425436
-9.80001	-4.3E-11	322.448806	0.0999997	-1.13E-11	322.448806
-9.70001	-5.76E-11	322.507907	0.1000001	-9.5E-12	322.507907
-9.60001	-3.73E-11	322.531149	0.0999999	-1.14E-11	322.531149
-9.50001	-3.5E-11	322.554419	0.0999995	-1.16E-11	322.554419
-9.40001	-3.62E-11	322.577714	0.0999998	-1.15E-11	322.577714
-9.30001	-3.52E-11	322.601061	0.0999999	-1.15E-11	322.601061
-9.20001	-3.29E-11	322.624289	0.0999999	-1.17E-11	322.624289
-9.10001	-3.13E-11	322.64751	0.0999997	-1.15E-11	322.64751
-9.00001	-3.19E-11	322.670808	0.0999997	-1.15E-11	322.670808
-8.90001	-3.1E-11	322.694074	0.0999999	-1.16E-11	322.694074
-8.80001	-2.91E-11	322.71729	0.0999997	-1.16E-11	322.71729
-8.70001	-2.83E-11	322.740523	0.0999998	-1.15E-11	322.740523
-8.60001	-2.8E-11	322.763735	0.0999998	-1.18E-11	322.763735
-8.50001	-2.93E-11	322.787111	0.0999997	-1.16E-11	322.787111
-8.40001	-2.66E-11	322.810323	0.0999998	-1.18E-11	322.810323
-8.30001	-2.59E-11	322.833536	0.0999998	-1.16E-11	322.833536
-8.20001	-2.71E-11	322.856834	0.0999999	-1.14E-11	322.856834
-8.10001	-2.66E-11	322.880109	0.1	-1.19E-11	322.880109
-8.00001	-2.46E-11	322.903398	0.0999999	-1.2E-11	322.903398
-7.90001	-2.4E-11	322.926624	0.0999997	-1.22E-11	322.926624
-7.80001	-2.53E-11	322.949992	0.0999998	-1.18E-11	322.949992
-7.70001	-4.47E-11	323.009489	0.1000001	-1.01E-11	323.009489
-7.6	-2.48E-11	323.032762	0.0999998	-1.2E-11	323.032762
-7.50001	-2.53E-11	323.05607	0.0999997	-1.18E-11	323.05607
-7.40001	-2.42E-11	323.07937	0.0999998	-1.14E-11	323.07937
-7.30001	-2.16E-11	323.102633	0.0999998	-1.2E-11	323.102633
-7.2	-2.29E-11	323.125889	0.0999999	-1.24E-11	323.125889
-7.10001	-2.27E-11	323.149183	0.0999999	-1.2E-11	323.149183
-7.00001	-2.24E-11	323.172471	0.0999997	-1.21E-11	323.172471
-6.90001	-2.02E-11	323.195673	0.0999999	-1.23E-11	323.195673
-6.80001	-1.99E-11	323.218891	0.0999998	-1.21E-11	323.218891
-6.70001	-2.12E-11	323.242205	0.0999999	-1.18E-11	323.242205
-6.60001	-2.09E-11	323.26549	0.0999998	-1.2E-11	323.26549
-6.50001	-1.84E-11	323.288703	0.0999999	-1.21E-11	323.288703
-6.40001	-2.06E-11	323.311993	0.0999998	-1.2E-11	323.311993
-6.30001	-1.97E-11	323.335276	0.0999999	-1.22E-11	323.335276
-6.20001	-1.76E-11	323.358475	0.0999999	-1.21E-11	323.358475
-6.10001	-1.76E-11	323.381724	0.0999999	-1.21E-11	323.381724
-6.00001	-1.65E-11	323.404953	0.0999999	-1.22E-11	323.404953
-5.90001	-1.79E-11	323.42823	0.0999999	-1.19E-11	323.42823
-5.80001	-1.63E-11	323.451546	0.0999999	-1.23E-11	323.451546
-5.70001	-3.67E-11	323.510724	0.1	-1.05E-11	323.510724
-5.60001	-1.7E-11	323.533961	0.0999999	-1.21E-11	323.533961
-5.50001	-1.78E-11	323.557317	0.0999999	-1.22E-11	323.557317
-5.40001	-1.74E-11	323.580598	0.0999998	-1.24E-11	323.580598
-5.30001	-1.49E-11	323.603878	0.0999997	-1.25E-11	323.603878
-5.20001	-1.38E-11	323.627094	0.0999997	-1.25E-11	323.627094
-5.1	-1.5E-11	323.650386	0.0999998	-1.26E-11	323.650386
-5.00001	-1.48E-11	323.673678	0.0999998	-1.26E-11	323.673678
-4.90001	-1.24E-11	323.696889	0.0999998	-1.28E-11	323.696889
-4.80001	-1.2E-11	323.720115	0.0999999	-1.25E-11	323.720115
-4.7	-1.31E-11	323.743402	0.1	-1.22E-11	323.743402
-4.60001	-1.26E-11	323.766692	0.0999997	-1.26E-11	323.766692
-4.50001	-1.07E-11	323.789903	0.0999997	-1.29E-11	323.789903
-4.40001	-1E-11	323.81311	0.0999999	-1.27E-11	323.81311
-4.3	-1.12E-11	323.836393	0.0999999	-1.23E-11	323.836393
-4.20001	-1.12E-11	323.859704	0.0999999	-1.25E-11	323.859704
-4.10001	-8.8E-12	323.882913	0.0999999	-1.25E-11	323.882913
-4.00001	-8.4E-12	323.906205	0.0999998	-1.32E-11	323.906205
-3.90001	-9.5E-12	323.929493	0.0999998	-1.31E-11	323.929493
-3.80001	-7.5E-12	323.952791	0.1	-1.3E-11	323.952791
-3.70001	-2.88E-11	324.012113	0.0999999	-1.16E-11	324.012113
-3.60001	-9.4E-12	324.035377	0.0999997	-1.29E-11	324.035377
-3.50001	-9.1E-12	324.058673	0.0999998	-1.31E-11	324.058673
-3.40001	-8.5E-12	324.081968	0.1	-1.29E-11	324.081968
-3.30001	-6E-12	324.105243	0.0999998	-1.3E-11	324.105243
-3.20001	-5.4E-12	324.128461	0.1	-1.35E-11	324.128461
-3.10001	-6.1E-12	324.151758	0.0999998	-1.33E-11	324.151758
-3.00001	-4E-12	324.174962	0.1	-1.34E-11	324.174962
-2.90001	-3.1E-12	324.198182	0.0999999	-1.34E-11	324.198182
-2.80001	-2.5E-12	324.22139	0.0999998	-1.42E-11	324.22139
-2.70001	-3.5E-12	324.244684	0.0999997	-1.38E-11	324.244684
-2.60001	-3.3E-12	324.26799	0.0999998	-1.4E-11	324.26799
-2.50001	1E-13	324.291186	0.1	-1.39E-11	324.291186
-2.40001	6E-13	324.314404	0.1	-1.41E-11	324.314404
-2.30001	-1E-13	324.337691	0.0999999	-1.37E-11	324.337691
-2.20001	1E-13	324.360993	0.1	-1.38E-11	324.360993
-2.099999	-1.43E-11	324.386097	0.1	-1.26E-11	324.386097
-2	3.5E-12	324.409308	0.1	-1.41E-11	324.409308
-1.9	1.9E-12	324.432635	0.0999998	-1.44E-11	324.432635
-1.8	5.2E-12	324.456026	0.0999999	-1.42E-11	324.456026
-1.700001	-1.58E-11	324.513832	0.1000001	-1.21E-11	324.513832
-1.6	3.2E-12	324.537144	0.0999999	-1E-11	324.537144
-1.5	6.2E-12	324.560422	0.0999998	1.52E-11	324.560422
-1.4	7.5E-12	324.583629	0.0999999	1.408E-10	324.583629
-1.3	6.2E-12	324.607003	0.1000001	6.373E-10	324.607003
-1.2	9.5E-12	324.63023	0.1000007	2.346E-09	324.63023
-1.1	1.12E-11	324.653443	0.1000022	7.6028E-09	324.653443
-1	1.29E-11	324.676664	0.1000045	2.18017E-08	324.676664
-0.899999	1.2E-11	324.699949	0.1000072	5.44569E-08	324.699949
-0.800001	-5.9E-12	324.739457	0.1000002	1.15288E-07	324.739457
-0.700001	5E-13	324.763971	0.1000005	2.25341E-07	324.763971
-0.6	1.9E-12	324.788585	0.1000007	3.9054E-07	324.788585
-0.500001	3.3E-12	324.813116	0.1000009	6.17394E-07	324.813116
-0.400001	5.3E-12	324.83762	0.100001	9.07782E-07	324.83762
-0.300001	1.3E-12	324.872165	0.1000001	1.25237E-06	324.872165
-0.1999999	4.2E-12	324.898633	0.1000001	1.66149E-06	324.898633
-0.0999997	9.2E-12	324.923133	0.0999999	2.11929E-06	324.923133
3E-07	1.01E-11	324.947883	0.1000001	2.61835E-06	324.947883
0.1000004	1.32E-11	324.972395	0.1000001	3.15337E-06	324.972395
0.1999998	8.5E-12	325.021772	0.0999998	3.70767E-06	325.021772
0.299999	1.55E-11	325.046482	0.0999999	4.30113E-06	325.046482
0.4	1.79E-11	325.070991	0.1	4.91263E-06	325.070991
0.5	2E-11	325.095492	0.1	5.54101E-06	325.095492
0.6	2.17E-11	325.120055	0.0999999	6.18447E-06	325.120055
0.699999	2.39E-11	325.144583	0.1000001	6.84023E-06	325.144583
0.799999	2.58E-11	325.169099	0.1000002	7.50805E-06	325.169099
0.9	2.75E-11	325.193599	0.1	8.18727E-06	325.193599
0.999999	3.01E-11	325.218094	0.1000002	8.87607E-06	325.218094
1.1	3.18E-11	325.242647	0.1000001	9.57342E-06	325.242647
1.2	3.32E-11	325.267167	0.1000001	1.027837E-05	325.267167
1.299999	2.94E-11	325.301701	0.1	1.09792E-05	325.301701
1.4	3.49E-11	325.326304	0.0999998	1.1698E-05	325.326304
1.5	3.69E-11	325.350815	0.1	1.24199E-05	325.350815
1.599999	3.78E-11	325.375357	0.1	1.31454E-05	325.375357
1.699999	3.93E-11	325.39989	0.0999999	1.38743E-05	325.39989
1.8	4.02E-11	325.424388	0.1000001	1.46063E-05	325.424388
1.899999	4.08E-11	325.448937	0.1000002	1.5341E-05	325.448937
2	4.17E-11	325.473447	0.1000001	1.60777E-05	325.473447
2.099999	3.64E-11	325.516229	0.1000001	1.68118E-05	325.516229
2.19999	4.13E-11	325.540939	0.1000001	1.75509E-05	325.540939
2.29999	4.26E-11	325.565553	0.1	1.82949E-05	325.565553
2.39999	4.38E-11	325.590085	0.1	1.90408E-05	325.590085
2.49999	4.39E-11	325.614654	0.1	1.97881E-05	325.614654
2.59999	4.49E-11	325.639207	0.1000001	2.05363E-05	325.639207
2.69999	4.53E-11	325.66375	0.0999999	2.12865E-05	325.66375
2.79999	4.57E-11	325.688273	0.1	2.20382E-05	325.688273
2.89999	4.62E-11	325.71278	0.1000002	2.27907E-05	325.71278
2.99999	4.66E-11	325.737338	0.0999999	2.35439E-05	325.737338
3.09999	4.69E-11	325.761883	0.1000003	2.42986E-05	325.761883
3.19999	4.68E-11	325.786452	0.1000001	2.5055E-05	325.786452
3.29999	4.77E-11	325.810958	0.1000002	2.5812E-05	325.810958
3.39999	4.83E-11	325.835508	0.1000004	2.65701E-05	325.835508
3.49999	4.81E-11	325.86004	0.0999999	2.73294E-05	325.86004
3.59999	4.85E-11	325.884588	0.1000001	2.80893E-05	325.884588
3.69999	4.9E-11	325.909163	0.1000001	2.885E-05	325.909163
3.79999	4.95E-11	325.933755	0.1000001	2.96119E-05	325.933755
3.89999	4.94E-11	325.958393	0.1	3.03751E-05	325.958393
3.99999	4.25E-11	326.019626	0.1	3.11281E-05	326.019626
4.09999	4.79E-11	326.044142	0.0999999	3.18955E-05	326.044142
4.19999	4.85E-11	326.068667	0.1	3.26632E-05	326.068667
4.29999	4.87E-11	326.093175	0.0999999	3.3431E-05	326.093175
4.39999	4.97E-11	326.117776	0.1000001	3.41986E-05	326.117776
4.49999	4.97E-11	326.142289	0.0999999	3.49675E-05	326.142289
4.59999	5.02E-11	326.166808	0.1000002	3.57373E-05	326.166808
4.69999	5.04E-11	326.19133	0.1	3.65077E-05	326.19133
4.79999	5.1E-11	326.215861	0.1000001	3.72789E-05	326.215861
4.89999	5.1E-11	326.24047	0.1	3.80512E-05	326.24047
4.99999	5.13E-11	326.264982	0.1000001	3.88248E-05	326.264982
5.09999	5.2E-11	326.289484	0.1	3.96003E-05	326.289484
5.19999	5.22E-11	326.314	0.1	4.03761E-05	326.314
5.29999	5.2E-11	326.338534	0.1000003	4.11527E-05	326.338534
5.39999	5.24E-11	326.36314	0.0999999	4.19312E-05	326.36314
5.49999	5.23E-11	326.387687	0.1000004	4.2711E-05	326.387687
5.59999	5.24E-11	326.412226	0.1	4.34909E-05	326.412226
5.69999	5.22E-11	326.436748	0.1000001	4.42729E-05	326.436748
5.79999	5.3E-11	326.461337	0.1	4.50561E-05	326.461337
5.89999	4.72E-11	326.51665	0.1000002	4.58303E-05	326.51665
5.99999	5.23E-11	326.541195	0.1	4.66184E-05	326.541195
6.09999	5.22E-11	326.565854	0.1000001	4.74066E-05	326.565854
6.19999	5.24E-11	326.590357	0.1	4.81953E-05	326.590357
6.29999	5.27E-11	326.614953	0.0999999	4.89845E-05	326.614953
6.39999	5.33E-11	326.639484	0.1000001	4.97753E-05	326.639484
6.49999	5.37E-11	326.664022	0.1	5.05679E-05	326.664022
6.59999	5.4E-11	326.688556	0.1000003	5.13608E-05	326.688556
6.69999	5.4E-11	326.713076	0.1000003	5.21549E-05	326.713076
6.79999	5.49E-11	326.737604	0.0999999	5.29499E-05	326.737604
6.89999	5.47E-11	326.762131	0.0999999	5.37475E-05	326.762131
6.99999	5.46E-11	326.786736	0.1000001	5.45453E-05	326.786736
7.09999	5.54E-11	326.81124	0.0999999	5.53443E-05	326.81124
7.19999	5.53E-11	326.835741	0.1000001	5.61446E-05	326.835741
7.29999	5.53E-11	326.86028	0.0999999	5.69473E-05	326.86028
7.39999	5.54E-11	326.884798	0.1	5.77491E-05	326.884798
7.49999	5.6E-11	326.909369	0.1000002	5.8554E-05	326.909369
7.59999	5.56E-11	326.933902	0.0999999	5.9359E-05	326.933902
7.69999	5.59E-11	326.958485	0.1000003	6.01664E-05	326.958485
7.79999	4.78E-11	327.020276	0.1000002	6.09626E-05	327.020276
7.89999	5.33E-11	327.044831	0.1000002	6.17761E-05	327.044831
7.99999	5.47E-11	327.069361	0.1000002	6.25887E-05	327.069361
8.09999	5.56E-11	327.093871	0.1000003	6.34025E-05	327.093871
8.19999	5.52E-11	327.118472	0.1000002	6.42163E-05	327.118472
8.29999	5.57E-11	327.14299	0.1000003	6.50304E-05	327.14299
8.39999	5.61E-11	327.167512	0.0999999	6.58472E-05	327.167512
8.49999	5.61E-11	327.192037	0.0999998	6.66645E-05	327.192037
8.59999	5.66E-11	327.21656	0.0999999	6.7483E-05	327.21656
8.69999	5.64E-11	327.241162	0.1	6.83032E-05	327.241162
8.79999	5.73E-11	327.265698	0.1	6.91251E-05	327.265698
8.89999	5.68E-11	327.290232	0.1	6.9947E-05	327.290232
8.99999	5.69E-11	327.314746	0.0999998	7.07707E-05	327.314746
9.09999	5.79E-11	327.339265	0.0999999	7.15946E-05	327.339265
9.19999	5.77E-11	327.36377	0.1000001	7.24216E-05	327.36377
9.29999	5.75E-11	327.388381	0.1	7.3246E-05	327.388381
9.39999	5.79E-11	327.412885	0.1	7.40769E-05	327.412885
9.49999	5.79E-11	327.437415	0.0999998	7.49088E-05	327.437415
9.59999	5.81E-11	327.462	0.1	7.57424E-05	327.462
9.69999	5.1E-11	327.524207	0.1	7.65672E-05	327.524207
9.79999	5.64E-11	327.548737	0.1000002	7.74045E-05	327.548737
9.89999	5.69E-11	327.573297	0.1000001	7.82423E-05	327.573297
9.99999	5.72E-11	327.59787	0.1000001	7.90801E-05	327.59787
9.9	4.4E-11	327.622452	0.1	7.82281E-05	327.622452
9.8	4.05E-11	327.646962	0.1000001	7.73811E-05	327.646962
9.7	3.84E-11	327.671487	0.1	7.65382E-05	327.671487
9.6	3.72E-11	327.696012	0.1	7.5697E-05	327.696012
9.5	3.53E-11	327.72052	0.1000002	7.48571E-05	327.72052
9.4	3.34E-11	327.745035	0.1	7.40186E-05	327.745035
9.3	3.29E-11	327.76954	0.0999998	7.31831E-05	327.76954
9.2	3.23E-11	327.79406	0.1	7.23489E-05	327.79406
9.1	3.1E-11	327.818611	0.0999999	7.15152E-05	327.818611
9	3.05E-11	327.843146	0.1000001	7.0683E-05	327.843146
8.9	2.98E-11	327.867682	0.0999998	6.98571E-05	327.867682
8.8	2.9E-11	327.892215	0.1	6.90251E-05	327.892215
8.7	2.84E-11	327.916799	0.0999999	6.81953E-05	327.916799
8.6	2.8E-11	327.941312	0.0999997	6.73673E-05	327.941312
8.5	2.72E-11	327.965925	0.1000001	6.65406E-05	327.965925
8.4	3.26E-11	328.025281	0.0999999	6.57187E-05	328.025281
8.3	2.75E-11	328.049795	0.1000001	6.48935E-05	328.049795
8.2	2.64E-11	328.074352	0.1	6.40707E-05	328.074352
8.1	2.54E-11	328.098918	0.0999999	6.32501E-05	328.098918
8	2.51E-11	328.123475	0.0999999	6.24309E-05	328.123475
7.9	2.44E-11	328.148011	0.0999999	6.16112E-05	328.148011
7.8	2.46E-11	328.172527	0.1	6.07941E-05	328.172527
7.7	2.44E-11	328.197146	0.0999999	5.99784E-05	328.197146
7.6	2.36E-11	328.22167	0.0999997	5.91644E-05	328.22167
7.5	2.26E-11	328.246245	0.1000001	5.83514E-05	328.246245
7.4	2.23E-11	328.270747	0.0999998	5.75395E-05	328.270747
7.3	2.2E-11	328.295317	0.0999999	5.67289E-05	328.295317
7.2	2.22E-11	328.319861	0.0999998	5.59195E-05	328.319861
7.1	2.15E-11	328.3444	0.1000001	5.51113E-05	328.3444
7	2.13E-11	328.369141	0.0999999	5.4304E-05	328.369141
6.9	2.09E-11	328.393664	0.1	5.34992E-05	328.393664
6.8	2.06E-11	328.418221	0.0999999	5.26947E-05	328.418221
6.7	1.99E-11	328.442719	0.1	5.18909E-05	328.442719
6.6	1.97E-11	328.467327	0.0999999	5.10898E-05	328.467327
6.5	2.54E-11	328.526855	0.1	5.02938E-05	328.526855
6.4	2.02E-11	328.551401	0.0999998	4.94943E-05	328.551401
6.3	1.94E-11	328.575998	0.1	4.86958E-05	328.575998
6.2	1.82E-11	328.60055	0.0999998	4.78978E-05	328.60055
6.1	1.8E-11	328.625122	0.1000001	4.71026E-05	328.625122
6	1.73E-11	328.649658	0.0999998	4.63085E-05	328.649658
5.9	1.7E-11	328.674197	0.1	4.55142E-05	328.674197
5.8	1.7E-11	328.698786	0.0999999	4.47223E-05	328.698786
5.7	1.64E-11	328.723324	0.1	4.39313E-05	328.723324
5.6	1.59E-11	328.747842	0.0999999	4.31415E-05	328.747842
5.5	1.56E-11	328.77236	0.0999998	4.23535E-05	328.77236
5.4	1.51E-11	328.796949	0.1000001	4.1566E-05	328.796949
5.3	1.46E-11	328.821457	0.1000001	4.07805E-05	328.821457
5.2	1.38E-11	328.845946	0.1	3.99963E-05	328.845946
5.1	1.37E-11	328.870665	0.0999999	3.92124E-05	328.870665
5	1.28E-11	328.895212	0.1	3.84304E-05	328.895212
4.9	1.26E-11	328.919771	0.1	3.765E-05	328.919771
4.8	1.22E-11	328.944282	0.1000001	3.68707E-05	328.944282
4.7	1.18E-11	328.96887	0.0999998	3.6092E-05	328.96887
4.6	1.84E-11	329.028366	0.0999999	3.53194E-05	329.028366
4.5	1.31E-11	329.052902	0.1	3.45429E-05	329.052902
4.4	1.19E-11	329.077413	0.1	3.3768E-05	329.077413
4.3	1.16E-11	329.101958	0.0999999	3.29951E-05	329.101958
4.2	1.05E-11	329.126525	0.0999998	3.22232E-05	329.126525
4.1	1E-11	329.151034	0.0999999	3.14524E-05	329.151034
4	8.9E-12	329.175534	0.0999999	3.06824E-05	329.175534
3.9	8.6E-12	329.200098	0.1000001	2.99142E-05	329.200098
3.8	7.6E-12	329.224617	0.1000001	2.91472E-05	329.224617
3.7	7.3E-12	329.249221	0.0999998	2.83816E-05	329.249221
3.6	6.8E-12	329.273771	0.1	2.76178E-05	329.273771
3.5	6.2E-12	329.298292	0.1	2.68554E-05	329.298292
3.4	5.6E-12	329.322814	0.1	2.60939E-05	329.322814
3.3	4.6E-12	329.34735	0.0999999	2.5334E-05	329.34735
3.2	4.3E-12	329.37187	0.1	2.45755E-05	329.37187
3.1	3.1E-12	329.396379	0.1000001	2.38179E-05	329.396379
3	2.5E-12	329.420903	0.0999999	2.3063E-05	329.420903
2.9	2.2E-12	329.445409	0.1	2.23088E-05	329.445409
2.8	1.9E-12	329.470032	0.1000001	2.15566E-05	329.470032
2.7	7.3E-12	329.529712	0.1000002	2.08112E-05	329.529712
2.6	1.6E-12	329.554269	0.0999999	2.00609E-05	329.554269
2.5	4E-13	329.578829	0.0999998	1.9313E-05	329.578829
2.4	-8E-13	329.603348	0.0999999	1.85682E-05	329.603348
2.3	-1.5E-12	329.627915	0.1	1.78248E-05	329.627915
2.2	-2.7E-12	329.65244	0.0999998	1.70824E-05	329.65244
2.099999	-6E-13	329.678847	0.1	1.63482E-05	329.678847
2	-4.8E-12	329.703363	0.0999998	1.56116E-05	329.703363
1.9	-5.9E-12	329.727864	0.1000001	1.48772E-05	329.727864
1.8	-6.7E-12	329.752432	0.1	1.41457E-05	329.752432
1.7	-8.6E-12	329.77694	0.1	1.34176E-05	329.77694
1.6	-9.2E-12	329.801491	0.0999999	1.2693E-05	329.801491
1.5	-1.07E-11	329.826006	0.0999999	1.19725E-05	329.826006
1.4	-1.19E-11	329.850515	0.0999998	1.12564E-05	329.850515
1.3	-1.31E-11	329.875075	0.0999999	1.05456E-05	329.875075
1.2	-1.48E-11	329.899591	0.0999998	9.8413E-06	329.899591
1.1	-1.63E-11	329.924208	0.1000001	9.1438E-06	329.924208
1	-1.41E-11	329.951352	0.0999997	8.4608E-06	329.951352
0.9	-1.92E-11	329.975941	0.0999997	7.78147E-06	329.975941
0.8	-1.49E-11	330.031635	0.0999998	7.11906E-06	330.031635
0.7	-2.14E-11	330.056142	0.1	6.46006E-06	330.056142
0.6	-2.39E-11	330.080661	0.1000001	5.81608E-06	330.080661
0.5	-2.63E-11	330.105167	0.1	5.18586E-06	330.105167
0.4	-2.85E-11	330.129732	0.0999999	4.57253E-06	330.129732
0.3	-3.14E-11	330.154253	0.1000002	3.9779E-06	330.154253
0.1999999	-3.01E-11	330.180695	0.0999999	3.40716E-06	330.180695
0.0999997	-3.6E-11	330.205196	0.1	2.86168E-06	330.205196
-4E-07	-3.8E-11	330.229749	0.0999999	2.34866E-06	330.229749
