#scan	iMeasureCycle=1	iMux=0	time=0.022	N=401	LocalTime=19/04/2023 21:43:39
#VGate(V)	IGate(A)	time(s)	VDrain(V)	IDrain(A)	time(s)
1E-07	-1.579E-10	0.02493	0.1	9.7862E-06	0.02493
-0.1000003	-2.172E-10	0.049811	0.0999999	9.0406E-06	0.049811
-0.1999999	-2.61E-10	0.076978	0.1000001	8.31097E-06	0.076978
-0.300001	-1.834E-10	0.101704	0.0999998	7.58675E-06	0.101704
-0.4	-1.094E-10	0.126245	0.0999999	6.87485E-06	0.126245
-0.5	-8.71E-11	0.150769	0.0999999	6.17915E-06	0.150769
-0.6	-7.49E-11	0.175418	0.1	5.50142E-06	0.175418
-0.7	-6.82E-11	0.199934	0.0999999	4.84501E-06	0.199934
-0.8	-6.36E-11	0.224492	0.1	4.21343E-06	0.224492
-0.9	-6.13E-11	0.248994	0.0999999	3.61129E-06	0.248994
-1	-5.91E-11	0.273503	0.1000001	3.04296E-06	0.273503
-1.1	-5.76E-11	0.298103	0.1	2.51371E-06	0.298103
-1.2	-5.66E-11	0.32263	0.1	2.02965E-06	0.32263
-1.3	-5.62E-11	0.347154	0.1	1.59465E-06	0.347154
-1.4	-5.57E-11	0.371676	0.0999998	1.21289E-06	0.371676
-1.5	-5.14E-11	0.399048	0.0999994	8.88366E-07	0.399048
-1.6	-5.52E-11	0.423558	0.0999995	6.19732E-07	0.423558
-1.7	-5.54E-11	0.448059	0.0999996	4.08195E-07	0.448059
-1.8	-5.54E-11	0.472587	0.0999993	2.50733E-07	0.472587
-1.9	-5.58E-11	0.49719	0.0999998	1.41171E-07	0.49719
-2	-4.94E-11	0.534868	0.0999955	7.24796E-08	0.534868
-2.1	-4.71E-11	0.590087	0.0999978	3.2879E-08	0.590087
-2.2	-6.79E-11	0.613529	0.1000037	1.24257E-08	0.613529
-2.3	-6.87E-11	0.636761	0.1000017	4.0002E-09	0.636761
-2.4	-7.01E-11	0.659969	0.1000006	1.0533E-09	0.659969
-2.5	-5.82E-11	0.692867	0.0999999	2.257E-10	0.692867
-2.6	-7E-11	0.716096	0.1000002	3.33E-11	0.716096
-2.7	-6.92E-11	0.73943	0.0999999	-2.1E-12	0.73943
-2.8	-6.99E-11	0.762709	0.1	-6.7E-12	0.762709
-2.9	-7.21E-11	0.785914	0.1000003	-7.1E-12	0.785914
-3	-7.26E-11	0.809135	0.1000001	-7.2E-12	0.809135
-3.1	-7.08E-11	0.83243	0.1000001	-7.5E-12	0.83243
-3.2	-7.16E-11	0.855715	0.1000002	-7.9E-12	0.855715
-3.3	-7.39E-11	0.87892	0.1000003	-7.7E-12	0.87892
-3.4	-7.39E-11	0.902135	0.1	-7.7E-12	0.902135
-3.5	-7.26E-11	0.925419	0.1000001	-7.4E-12	0.925419
-3.6	-7.29E-11	0.948705	0.1000003	-7.6E-12	0.948705
-3.7	-7.56E-11	0.971909	0.1000002	-7.2E-12	0.971909
-3.8	-7.54E-11	0.995215	0.1000003	-6.9E-12	0.995215
-3.9	-7.44E-11	1.018583	0.1000001	-7.3E-12	1.018583
-4	-7.56E-11	1.041797	0.1000001	-6.5E-12	1.041797
-4.1	-5.48E-11	1.091535	0.1	-8.7E-12	1.091535
-4.2	-7.29E-11	1.114855	0.0999999	-7E-12	1.114855
-4.3	-7.49E-11	1.138136	0.1000001	-7.1E-12	1.138136
-4.4	-7.6E-11	1.161348	0.1000001	-6.9E-12	1.161348
-4.5	-7.5E-11	1.184689	0.1	-7.5E-12	1.184689
-4.6	-7.5E-11	1.207998	0.1000001	-7.6E-12	1.207998
-4.7	-7.7E-11	1.231213	0.1000001	-6.8E-12	1.231213
-4.8	-7.72E-11	1.254445	0.1000003	-7.2E-12	1.254445
-4.9	-7.63E-11	1.277749	0.1000002	-7.5E-12	1.277749
-5	-7.63E-11	1.301045	0.1000001	-7.3E-12	1.301045
-5.1	-7.76E-11	1.324286	0.1000002	-7.2E-12	1.324286
-5.2	-7.87E-11	1.347494	0.1	-7.3E-12	1.347494
-5.3	-7.73E-11	1.370789	0.1000001	-7E-12	1.370789
-5.4	-7.91E-11	1.394017	0.1000002	-6.9E-12	1.394017
-5.5	-7.9E-11	1.417291	0.1000002	-7.2E-12	1.417291
-5.6	-7.93E-11	1.44051	0.1000002	-6.6E-12	1.44051
-5.7	-7.83E-11	1.463796	0.1000001	-6.8E-12	1.463796
-5.8	-7.88E-11	1.487097	0.0999999	-6.9E-12	1.487097
-5.9	-8.02E-11	1.510393	0.1000001	-6.7E-12	1.510393
-6	-7.86E-11	1.533693	0.1000002	-7.1E-12	1.533693
-6.1	-5.96E-11	1.590012	0.1	-8.8E-12	1.590012
-6.2	-7.78E-11	1.613333	0.1000001	-7E-12	1.613333
-6.3	-8.05E-11	1.636811	0.1000001	-6.8E-12	1.636811
-6.4	-7.94E-11	1.660103	0.1000001	-6.4E-12	1.660103
-6.5	-8.1E-11	1.683368	0.1000002	-6.2E-12	1.683368
-6.6	-8.04E-11	1.70661	0.1000003	-6.5E-12	1.70661
-6.7	-7.98E-11	1.72992	0.1	-6.4E-12	1.72992
-6.8	-8.01E-11	1.753269	0.0999999	-6.7E-12	1.753269
-6.9	-8.2E-11	1.776482	0.1000001	-6.9E-12	1.776482
-7	-8.21E-11	1.799692	0.1000001	-6.8E-12	1.799692
-7.1	-8.24E-11	1.82291	0.1000001	-6.8E-12	1.82291
-7.2	-8.09E-11	1.846203	0.1000001	-6.6E-12	1.846203
-7.3	-8.24E-11	1.869404	0.1000002	-6.6E-12	1.869404
-7.4	-8.28E-11	1.892619	0.1	-6.5E-12	1.892619
-7.5	-8.34E-11	1.915832	0.1000001	-6.5E-12	1.915832
-7.6	-8.19E-11	1.939121	0.1000001	-6.9E-12	1.939121
-7.7	-8.17E-11	1.96241	0.1	-6.8E-12	1.96241
-7.8	-8.31E-11	1.985621	0.1	-6.7E-12	1.985621
-7.9	-8.36E-11	2.008899	0.1000003	-6.8E-12	2.008899
-8	-8.26E-11	2.032193	0.1000001	-6.8E-12	2.032193
-8.1	-6.27E-11	2.091676	0.0999999	-8.3E-12	2.091676
-8.2	-8.2E-11	2.114922	0.1000002	-6.6E-12	2.114922
-8.3	-8.15E-11	2.138474	0.1	-6.5E-12	2.138474
-8.4	-8.38E-11	2.161671	0.1000003	-6.6E-12	2.161671
-8.5	-8.39E-11	2.184939	0.1	-6.6E-12	2.184939
-8.6	-8.4E-11	2.208147	0.1000001	-6.8E-12	2.208147
-8.7	-8.23E-11	2.231527	0.1	-6.8E-12	2.231527
-8.8	-8.45E-11	2.254714	0.1000001	-6.4E-12	2.254714
-8.9	-8.43E-11	2.277949	0.1000001	-6.4E-12	2.277949
-9	-8.55E-11	2.301153	0.1000002	-6.2E-12	2.301153
-9.1	-8.35E-11	2.324448	0.1000001	-6.3E-12	2.324448
-9.2	-8.38E-11	2.347749	0.1	-6.6E-12	2.347749
-9.3	-8.65E-11	2.370951	0.1000003	-6.6E-12	2.370951
-9.4	-8.6E-11	2.394168	0.1	-7.1E-12	2.394168
-9.5	-8.62E-11	2.417434	0.1000002	-6.6E-12	2.417434
-9.6	-8.43E-11	2.440734	0.1000001	-7.1E-12	2.440734
-9.7	-8.6E-11	2.463938	0.1000002	-6.8E-12	2.463938
-9.8	-8.63E-11	2.487161	0.1000001	-6.8E-12	2.487161
-9.9	-8.44E-11	2.510508	0.1000001	-6.3E-12	2.510508
-10	-8.46E-11	2.533816	0.1000002	-6.6E-12	2.533816
-9.90001	-6.03E-11	2.592805	0.1	-8.4E-12	2.592805
-9.80001	-3.91E-11	2.616031	0.0999999	-1E-11	2.616031
-9.70001	-3.7E-11	2.639525	0.0999997	-1.02E-11	2.639525
-9.60001	-3.73E-11	2.662818	0.0999997	-1.01E-11	2.662818
-9.50001	-3.39E-11	2.686097	0.0999998	-1.02E-11	2.686097
-9.40001	-3.3E-11	2.709312	0.0999998	-1.03E-11	2.709312
-9.30001	-3.16E-11	2.732522	0.0999997	-1.03E-11	2.732522
-9.20001	-3.25E-11	2.755873	0.0999998	-1.01E-11	2.755873
-9.10001	-2.98E-11	2.779077	0.0999997	-1.03E-11	2.779077
-9.00001	-2.88E-11	2.802295	0.0999997	-1E-11	2.802295
-8.90001	-2.84E-11	2.825521	0.0999998	-1E-11	2.825521
-8.80001	-2.94E-11	2.848875	0.0999996	-1.01E-11	2.848875
-8.70001	-2.87E-11	2.872158	0.0999998	-1.02E-11	2.872158
-8.60001	-2.8E-11	2.895431	0.0999998	-1.02E-11	2.895431
-8.50001	-2.81E-11	2.918753	0.0999998	-1.01E-11	2.918753
-8.40001	-2.7E-11	2.942047	0.0999997	-1.01E-11	2.942047
-8.30001	-2.61E-11	2.96533	0.0999998	-1.05E-11	2.96533
-8.20001	-2.42E-11	2.988522	0.0999995	-1.05E-11	2.988522
-8.10001	-2.54E-11	3.011882	0.0999996	-1.04E-11	3.011882
-8	-2.51E-11	3.035179	0.0999997	-1.04E-11	3.035179
-7.90001	-4.42E-11	3.095494	0.1	-8.9E-12	3.095494
-7.80001	-2.46E-11	3.11873	0.0999996	-1.03E-11	3.11873
-7.70001	-2.48E-11	3.142054	0.0999996	-1.03E-11	3.142054
-7.6	-2.45E-11	3.16535	0.0999999	-1.05E-11	3.16535
-7.50001	-2.38E-11	3.18868	0.0999997	-1.06E-11	3.18868
-7.40001	-2.13E-11	3.211884	0.0999997	-1.05E-11	3.211884
-7.30001	-2.26E-11	3.235179	0.0999995	-1.07E-11	3.235179
-7.2	-2.08E-11	3.258411	0.0999998	-1.09E-11	3.258411
-7.10001	-2.13E-11	3.281699	0.0999999	-1.07E-11	3.281699
-7.00001	-2.19E-11	3.30499	0.0999998	-1.06E-11	3.30499
-6.90001	-2.14E-11	3.328281	0.0999999	-1.04E-11	3.328281
-6.80001	-1.85E-11	3.351498	0.0999998	-1.08E-11	3.351498
-6.70001	-1.83E-11	3.37471	0.0999996	-1.09E-11	3.37471
-6.60001	-1.83E-11	3.397923	0.0999996	-1.06E-11	3.397923
-6.50001	-1.91E-11	3.421211	0.0999997	-1.07E-11	3.421211
-6.40001	-1.79E-11	3.444588	0.0999997	-1.09E-11	3.444588
-6.30001	-1.66E-11	3.467802	0.0999996	-1.06E-11	3.467802
-6.20001	-1.61E-11	3.491009	0.0999997	-1.09E-11	3.491009
-6.10001	-1.77E-11	3.514357	0.0999996	-1.12E-11	3.514357
-6.00001	-1.65E-11	3.537596	0.0999997	-1.11E-11	3.537596
-5.90001	-3.55E-11	3.591487	0.0999998	-9.3E-12	3.591487
-5.80001	-1.62E-11	3.614721	0.0999998	-1.15E-11	3.614721
-5.70001	-1.54E-11	3.637945	0.0999996	-1.14E-11	3.637945
-5.60001	-1.51E-11	3.661186	0.0999998	-1.11E-11	3.661186
-5.50001	-1.61E-11	3.684525	0.0999997	-1.13E-11	3.684525
-5.40001	-1.65E-11	3.707865	0.0999996	-1.02E-11	3.707865
-5.30001	-1.42E-11	3.731095	0.0999997	-1.12E-11	3.731095
-5.20001	-1.54E-11	3.754397	0.0999998	-1.09E-11	3.754397
-5.1	-1.45E-11	3.777735	0.0999997	-1.1E-11	3.777735
-5.00001	-1.22E-11	3.800941	0.0999996	-1.14E-11	3.800941
-4.90001	-1.19E-11	3.82415	0.0999995	-1.15E-11	3.82415
-4.80001	-1.31E-11	3.847453	0.0999998	-1.09E-11	3.847453
-4.7	-1.21E-11	3.870726	0.0999995	-1.15E-11	3.870726
-4.60001	-1.02E-11	3.89395	0.0999997	-1.14E-11	3.89395
-4.50001	-9.9E-12	3.917161	0.0999997	-1.13E-11	3.917161
-4.40001	-1.1E-11	3.940459	0.0999998	-1.1E-11	3.940459
-4.3	-1.03E-11	3.963735	0.0999995	-1.12E-11	3.963735
-4.20001	-8.8E-12	3.986945	0.0999996	-1.12E-11	3.986945
-4.10001	-7.9E-12	4.010246	0.0999997	-1.11E-11	4.010246
-4.00001	-9.4E-12	4.033622	0.0999996	-1.13E-11	4.033622
-3.90001	-7.6E-12	4.056857	0.0999998	-1.1E-11	4.056857
-3.80001	-2.7E-11	4.097588	0.1	-9.9E-12	4.097588
-3.70001	-7.3E-12	4.12087	0.0999996	-1.2E-11	4.12087
-3.60001	-6.6E-12	4.144379	0.0999997	-1.22E-11	4.144379
-3.50001	-6.1E-12	4.16763	0.0999997	-1.21E-11	4.16763
-3.40001	-6.8E-12	4.190987	0.0999998	-1.19E-11	4.190987
-3.30001	-4.5E-12	4.214193	0.0999996	-1.16E-11	4.214193
-3.20001	-3.5E-12	4.237401	0.0999997	-1.21E-11	4.237401
-3.10001	-5E-12	4.260704	0.0999997	-1.18E-11	4.260704
-3.00001	-4.5E-12	4.283989	0.0999998	-1.21E-11	4.283989
-2.90001	-2E-12	4.307203	0.0999999	-1.16E-11	4.307203
-2.80001	-1.1E-12	4.330478	0.0999997	-9.4E-12	4.330478
-2.70001	-2E-12	4.353865	0.0999998	5.8E-12	4.353865
-2.60001	-1.9E-12	4.37715	0.0999997	9.54E-11	4.37715
-2.50001	9E-13	4.400358	0.0999999	5.135E-10	4.400358
-2.40001	1.5E-12	4.423579	0.1000004	2.0579E-09	4.423579
-2.30001	7E-13	4.446904	0.1000016	6.7755E-09	4.446904
-2.20001	1.2E-12	4.470204	0.1000034	1.88222E-08	4.470204
-2.099999	-1.34E-11	4.495317	0.1000116	4.49293E-08	4.495317
-2	4.4E-12	4.518578	0.0999932	9.41277E-08	4.518578
-1.900001	-1.54E-11	4.558113	0.1000002	1.7289E-07	4.558113
-1.800001	-1.55E-11	4.600014	0.1000001	2.94757E-07	4.600014
-1.7	-9.9E-12	4.624526	0.1000007	4.69155E-07	4.624526
-1.6	-9E-12	4.649058	0.100001	6.95789E-07	4.649058
-1.5	-7.1E-12	4.673596	0.1000009	9.77739E-07	4.673596
-1.400001	-1.12E-11	4.70832	0.1	1.3104E-06	4.70832
-1.3	-5.6E-12	4.732838	0.1000001	1.70524E-06	4.732838
-1.2	-4.4E-12	4.757322	0.0999999	2.14998E-06	4.757322
-1.100001	-3.3E-12	4.781919	0.1000001	2.64167E-06	4.781919
-1	-1.9E-12	4.806419	0.1000001	3.17559E-06	4.806419
-0.900001	-8E-13	4.83096	0.0999999	3.74713E-06	4.83096
-0.8	2E-13	4.8555	0.1	4.35087E-06	4.8555
-0.7	2.1E-12	4.880016	0.1000001	4.98285E-06	4.880016
-0.6	3.6E-12	4.904513	0.1	5.63861E-06	4.904513
-0.500001	5.1E-12	4.929027	0.0999999	6.31456E-06	4.929027
-0.4	6.2E-12	4.953523	0.1	7.00793E-06	4.953523
-0.3	7.5E-12	4.978044	0.1	7.71493E-06	4.978044
-0.1999999	6.1E-12	5.004541	0.1000001	8.43441E-06	5.004541
-0.0999998	1.09E-11	5.029072	0.1000001	9.16561E-06	5.029072
4E-07	1.31E-11	5.053558	0.1000001	9.90533E-06	5.053558
0.0999999	7E-12	5.117688	0.1000001	1.06363E-05	5.117688
0.2000004	1.44E-11	5.142227	0.1	1.13945E-05	5.142227
0.299999	1.68E-11	5.166958	0.1000001	1.21567E-05	5.166958
0.4	1.89E-11	5.191528	0.0999998	1.29259E-05	5.191528
0.5	2.11E-11	5.216025	0.1000001	1.37004E-05	5.216025
0.599999	2.27E-11	5.240559	0.1000001	1.44806E-05	5.240559
0.7	2.52E-11	5.265162	0.1	1.52661E-05	5.265162
0.799999	2.7E-11	5.289656	0.1000002	1.60559E-05	5.289656
0.9	2.9E-11	5.314175	0.1000001	1.68503E-05	5.314175
0.999999	3.07E-11	5.33867	0.1	1.76476E-05	5.33867
1.1	3.23E-11	5.363227	0.1000001	1.84479E-05	5.363227
1.2	3.41E-11	5.387748	0.1000001	1.92508E-05	5.387748
1.3	3.56E-11	5.412265	0.1	2.0056E-05	5.412265
1.4	3.7E-11	5.436769	0.1000001	2.08626E-05	5.436769
1.5	3.82E-11	5.461339	0.1000002	2.16704E-05	5.461339
1.599999	3.95E-11	5.48585	0.1000002	2.248E-05	5.48585
1.699999	4.05E-11	5.510491	0.1000002	2.329E-05	5.510491
1.8	4.1E-11	5.535036	0.1000003	2.41009E-05	5.535036
1.899999	4.19E-11	5.559572	0.1	2.49134E-05	5.559572
1.999999	3.63E-11	5.606337	0.1000002	2.5717E-05	5.606337
2.099999	4.16E-11	5.630861	0.1000002	2.65346E-05	5.630861
2.19999	4.23E-11	5.655684	0.1000002	2.73451E-05	5.655684
2.29999	4.35E-11	5.680186	0.0999999	2.81618E-05	5.680186
2.39999	4.44E-11	5.704754	0.1000002	2.89785E-05	5.704754
2.49999	4.48E-11	5.729296	0.1000002	2.97954E-05	5.729296
2.59999	4.51E-11	5.753833	0.1000001	3.06135E-05	5.753833
2.69999	4.59E-11	5.778346	0.1000002	3.14326E-05	5.778346
2.79999	4.64E-11	5.802861	0.1000001	3.22514E-05	5.802861
2.89999	4.68E-11	5.82736	0.1000001	3.30704E-05	5.82736
2.99999	4.72E-11	5.851874	0.1000001	3.38908E-05	5.851874
3.09999	4.77E-11	5.876392	0.1000002	3.47128E-05	5.876392
3.19999	4.79E-11	5.900902	0.1000001	3.55346E-05	5.900902
3.29999	4.83E-11	5.925412	0.1000001	3.63567E-05	5.925412
3.39999	4.83E-11	5.949933	0.1000003	3.718E-05	5.949933
3.49999	4.87E-11	5.974471	0.1	3.80045E-05	5.974471
3.59999	4.87E-11	5.999022	0.0999998	3.88291E-05	5.999022
3.69999	4.91E-11	6.023628	0.1	3.96548E-05	6.023628
3.79999	4.94E-11	6.048163	0.1000001	4.04809E-05	6.048163
3.89999	4.28E-11	6.105492	0.1000002	4.12967E-05	6.105492
3.99999	4.84E-11	6.130075	0.1000001	4.21283E-05	6.130075
4.09999	4.91E-11	6.1546	0.1000001	4.29586E-05	6.1546
4.19999	4.94E-11	6.179193	0.1000002	4.37887E-05	6.179193
4.29999	5.01E-11	6.203793	0.1000002	4.46194E-05	6.203793
4.39999	5.05E-11	6.228316	0.0999998	4.54499E-05	6.228316
4.49999	5.09E-11	6.252859	0.1000001	4.62831E-05	6.252859
4.59999	5.11E-11	6.277435	0.1	4.71162E-05	6.277435
4.69999	5.16E-11	6.301952	0.0999998	4.79493E-05	6.301952
4.79999	5.11E-11	6.326502	0.0999998	4.8784E-05	6.326502
4.89999	5.21E-11	6.351019	0.1	4.96187E-05	6.351019
4.99999	5.23E-11	6.375521	0.1000001	5.04545E-05	6.375521
5.09999	5.22E-11	6.400052	0.1000001	5.12912E-05	6.400052
5.19999	5.24E-11	6.424562	0.1	5.21291E-05	6.424562
5.29999	5.26E-11	6.449177	0.1000001	5.29686E-05	6.449177
5.39999	5.28E-11	6.473684	0.1000002	5.38077E-05	6.473684
5.49999	5.31E-11	6.49822	0.0999997	5.46477E-05	6.49822
5.59999	5.24E-11	6.522853	0.1	5.54885E-05	6.522853
5.69999	5.27E-11	6.547377	0.1	5.63316E-05	6.547377
5.79999	4.64E-11	6.607146	0.0999999	5.71642E-05	6.607146
5.89999	5.15E-11	6.631674	0.0999999	5.8012E-05	6.631674
5.99999	5.22E-11	6.656201	0.1000003	5.88586E-05	6.656201
6.09999	5.28E-11	6.680815	0.0999997	5.97053E-05	6.680815
6.19999	5.3E-11	6.705385	0.1000001	6.05537E-05	6.705385
6.29999	5.32E-11	6.729899	0.1000001	6.14023E-05	6.729899
6.39999	5.38E-11	6.754404	0.1	6.22513E-05	6.754404
6.49999	5.27E-11	6.779204	0.1000001	6.31019E-05	6.779204
6.59999	5.37E-11	6.80377	0.1000002	6.39536E-05	6.80377
6.69999	5.45E-11	6.828273	0.1000001	6.48054E-05	6.828273
6.79999	5.46E-11	6.852784	0.1	6.56581E-05	6.852784
6.89999	5.46E-11	6.877304	0.1000001	6.65125E-05	6.877304
6.99999	5.44E-11	6.901864	0.1000001	6.73686E-05	6.901864
7.09999	5.52E-11	6.926373	0.1000002	6.82249E-05	6.926373
7.19999	5.5E-11	6.950915	0.0999998	6.90816E-05	6.950915
7.29999	5.53E-11	6.975433	0.0999999	6.99403E-05	6.975433
7.39999	5.53E-11	6.999981	0.0999999	7.07991E-05	6.999981
7.49999	5.61E-11	7.024581	0.0999999	7.16589E-05	7.024581
7.59999	5.57E-11	7.04909	0.0999998	7.25198E-05	7.04909
7.69999	4.91E-11	7.108725	0.1000002	7.3372E-05	7.108725
7.79999	5.46E-11	7.133323	0.1000002	7.42379E-05	7.133323
7.89999	5.46E-11	7.157855	0.1	7.51043E-05	7.157855
7.99999	5.47E-11	7.182417	0.1000001	7.59693E-05	7.182417
8.09999	5.53E-11	7.207003	0.1000001	7.68358E-05	7.207003
8.19999	5.58E-11	7.231511	0.1000001	7.77041E-05	7.231511
8.29999	5.6E-11	7.256026	0.1000002	7.85728E-05	7.256026
8.39999	5.56E-11	7.280642	0.1000001	7.94417E-05	7.280642
8.49999	5.59E-11	7.305169	0.1000002	8.03122E-05	7.305169
8.59999	5.63E-11	7.329716	0.1000002	8.11836E-05	7.329716
8.69999	5.68E-11	7.354238	0.1000004	8.20562E-05	7.354238
8.79999	5.68E-11	7.378775	0.0999999	8.29284E-05	7.378775
8.89999	5.68E-11	7.403349	0.1000002	8.38028E-05	7.403349
8.99999	5.73E-11	7.427853	0.1	8.46793E-05	7.427853
9.09999	5.76E-11	7.452431	0.1000001	8.55569E-05	7.452431
9.19999	5.73E-11	7.476951	0.1	8.64338E-05	7.476951
9.29999	5.75E-11	7.501465	0.0999998	8.73092E-05	7.501465
9.39999	5.75E-11	7.526091	0.0999999	8.81917E-05	7.526091
9.49999	5.78E-11	7.55063	0.1000002	8.90743E-05	7.55063
9.59999	5.13E-11	7.610081	0.0999999	8.99503E-05	7.610081
9.69999	5.64E-11	7.634612	0.1000002	9.08363E-05	7.634612
9.79999	5.71E-11	7.659189	0.1	9.1722E-05	7.659189
9.89999	5.75E-11	7.683717	0.1	9.26084E-05	7.683717
9.99999	5.77E-11	7.708303	0.1000001	9.34958E-05	7.708303
9.9	4.47E-11	7.732828	0.1000002	9.25946E-05	7.732828
9.8	4.05E-11	7.757369	0.1	9.16982E-05	7.757369
9.7	4E-11	7.78213	0.0999999	9.08057E-05	7.78213
9.6	3.72E-11	7.806673	0.0999998	8.99146E-05	7.806673
9.5	3.52E-11	7.831184	0.0999997	8.90247E-05	7.831184
9.4	3.43E-11	7.855725	0.1	8.81368E-05	7.855725
9.3	3.32E-11	7.880238	0.1	8.72506E-05	7.880238
9.2	3.22E-11	7.904775	0.0999998	8.6364E-05	7.904775
9.1	3.16E-11	7.929281	0.0999998	8.5479E-05	7.929281
9	3.09E-11	7.953805	0.0999999	8.45956E-05	7.953805
8.9	3.04E-11	7.978324	0.0999999	8.37183E-05	7.978324
8.8	2.92E-11	8.002857	0.1	8.28353E-05	8.002857
8.7	2.86E-11	8.027461	0.0999997	8.19537E-05	8.027461
8.6	2.81E-11	8.051971	0.0999998	8.10723E-05	8.051971
8.5	3.37E-11	8.111891	0.1	8.01968E-05	8.111891
8.4	2.86E-11	8.136461	0.0999999	7.9318E-05	8.136461
8.3	2.79E-11	8.161005	0.1000001	7.84402E-05	8.161005
8.2	2.69E-11	8.185588	0.0999999	7.7563E-05	8.185588
8.1	2.66E-11	8.210201	0.1	7.66885E-05	8.210201
8	2.62E-11	8.234717	0.0999999	7.58149E-05	8.234717
7.9	2.56E-11	8.259237	0.0999999	7.49418E-05	8.259237
7.8	2.46E-11	8.283882	0.0999998	7.40703E-05	8.283882
7.7	2.4E-11	8.3084	0.0999997	7.31996E-05	8.3084
7.6	2.33E-11	8.333116	0.0999998	7.23315E-05	8.333116
7.5	2.32E-11	8.357625	0.0999998	7.14629E-05	8.357625
7.4	2.32E-11	8.382215	0.0999995	7.0595E-05	8.382215
7.3	2.25E-11	8.406718	0.1	6.97282E-05	8.406718
7.2	2.24E-11	8.431278	0.0999998	6.88637E-05	8.431278
7.1	2.16E-11	8.455882	0.0999998	6.7998E-05	8.455882
7	2.15E-11	8.480385	0.1	6.7134E-05	8.480385
6.9	2.12E-11	8.50489	0.1	6.6271E-05	8.50489
6.8	2.09E-11	8.529498	0.1000001	6.54094E-05	8.529498
6.7	2.05E-11	8.55402	0.0999998	6.45485E-05	8.55402
6.6	2.61E-11	8.608754	0.0999999	6.36935E-05	8.608754
6.5	2.1E-11	8.63329	0.0999999	6.2834E-05	8.63329
6.4	2.01E-11	8.658062	0.0999999	6.19763E-05	8.658062
6.3	2.01E-11	8.682584	0.1	6.11179E-05	8.682584
6.2	1.94E-11	8.70716	0.0999998	6.02611E-05	8.70716
6.1	1.91E-11	8.73175	0.0999998	5.94054E-05	8.73175
6	1.88E-11	8.756295	0.1000001	5.85517E-05	8.756295
5.9	1.77E-11	8.780839	0.1	5.76982E-05	8.780839
5.8	1.72E-11	8.805421	0.0999998	5.68446E-05	8.805421
5.7	1.71E-11	8.829928	0.0999999	5.59928E-05	8.829928
5.6	1.65E-11	8.854493	0.0999998	5.51415E-05	8.854493
5.5	1.64E-11	8.879003	0.0999998	5.42915E-05	8.879003
5.4	1.58E-11	8.903538	0.1	5.34424E-05	8.903538
5.3	1.49E-11	8.928054	0.1000001	5.25953E-05	8.928054
5.2	1.45E-11	8.952574	0.0999999	5.17469E-05	8.952574
5.1	1.42E-11	8.977118	0.1000001	5.09002E-05	8.977118
5	1.39E-11	9.001731	0.0999998	5.00547E-05	9.001731
4.9	1.34E-11	9.026329	0.0999998	4.92105E-05	9.026329
4.8	1.29E-11	9.050838	0.0999998	4.83669E-05	9.050838
4.7	2E-11	9.109133	0.0999999	4.75297E-05	9.109133
4.6	1.41E-11	9.133748	0.1000001	4.66862E-05	9.133748
4.5	1.33E-11	9.158257	0.0999998	4.58444E-05	9.158257
4.4	1.24E-11	9.18279	0.1	4.50034E-05	9.18279
4.3	1.2E-11	9.207472	0.0999999	4.41645E-05	9.207472
4.2	1.1E-11	9.232017	0.1000001	4.33246E-05	9.232017
4.1	1.09E-11	9.256532	0.1000001	4.24869E-05	9.256532
4	1.01E-11	9.281029	0.0999998	4.16498E-05	9.281029
3.9	8.8E-12	9.305556	0.1	4.08141E-05	9.305556
3.8	8.4E-12	9.330091	0.0999998	3.99777E-05	9.330091
3.7	7.9E-12	9.354603	0.0999998	3.9143E-05	9.354603
3.6	7.7E-12	9.379148	0.0999999	3.83096E-05	9.379148
3.5	6.6E-12	9.403659	0.1000001	3.74769E-05	9.403659
3.4	5.9E-12	9.428176	0.1	3.66448E-05	9.428176
3.3	5.7E-12	9.452671	0.1	3.58137E-05	9.452671
3.2	4.8E-12	9.477248	0.1000001	3.49837E-05	9.477248
3.1	4.5E-12	9.501766	0.1	3.41541E-05	9.501766
3	3.8E-12	9.526359	0.1	3.33259E-05	9.526359
2.9	2.7E-12	9.550886	0.0999998	3.24984E-05	9.550886
2.8	1.02E-11	9.609524	0.1000001	3.16779E-05	9.609524
2.7	3.7E-12	9.63409	0.1	3.08513E-05	9.63409
2.6	2.8E-12	9.658709	0.1000001	3.00266E-05	9.658709
2.5	1.2E-12	9.683308	0.1	2.92027E-05	9.683308
2.4	0	9.707866	0.0999999	2.83801E-05	9.707866
2.3	-9E-13	9.732396	0.0999998	2.7559E-05	9.732396
2.2	-2.2E-12	9.756908	0.0999999	2.67389E-05	9.756908
2.099999	7E-13	9.783331	0.1	2.59258E-05	9.783331
2	-3.8E-12	9.807924	0.0999999	2.51079E-05	9.807924
1.9	-5E-12	9.832454	0.0999998	2.42925E-05	9.832454
1.8	-5.9E-12	9.856957	0.1	2.34776E-05	9.856957
1.7	-7.1E-12	9.881476	0.0999999	2.26652E-05	9.881476
1.6	-8.3E-12	9.905976	0.1	2.18535E-05	9.905976
1.5	-9.8E-12	9.930517	0.0999997	2.10446E-05	9.930517
1.4	-1.06E-11	9.955065	0.0999998	2.02378E-05	9.955065
1.3	-1.24E-11	9.979596	0.1000001	1.94331E-05	9.979596
1.2	-1.38E-11	10.004109	0.0999999	1.86316E-05	10.004109
1.1	-1.55E-11	10.028743	0.0999999	1.78334E-05	10.028743
1	-1.7E-11	10.053298	0.1	1.70383E-05	10.053298
0.9	-1.09E-11	10.115966	0.1	1.62544E-05	10.115966
0.8	-1.81E-11	10.140579	0.0999998	1.54668E-05	10.140579
0.7	-2.08E-11	10.165141	0.0999998	1.46861E-05	10.165141
0.6	-2.28E-11	10.189772	0.0999998	1.39115E-05	10.189772
0.5	-2.56E-11	10.214326	0.1	1.31438E-05	10.214326
0.4	-2.74E-11	10.23889	0.0999996	1.23832E-05	10.23889
0.3	-2.99E-11	10.263391	0.1000003	1.16297E-05	10.263391
0.1999998	-2.88E-11	10.289812	0.0999998	1.08846E-05	10.289812
0.0999996	-3.44E-11	10.314306	0.0999997	1.01459E-05	10.314306
-4E-07	-3.7E-11	10.33884	0.0999999	9.4135E-06	10.33884
#scan	iMeasureCycle=2	iMux=0	time=279.609	N=401	LocalTime=19/04/2023 21:48:19
#VGate(V)	IGate(A)	time(s)	VDrain(V)	IDrain(A)	time(s)
-2E-07	-1.58E-11	279.616444	0.1000001	9.5932E-06	279.616444
-0.1	-1.98E-11	279.643948	0.0999999	8.85954E-06	279.643948
-0.2000004	-2.72E-11	279.669726	0.0999999	8.13206E-06	279.669726
-0.3	-3.06E-11	279.69446	0.0999998	7.41556E-06	279.69446
-0.4	-3.34E-11	279.718987	0.1000002	6.71364E-06	279.718987
-0.5	-3.59E-11	279.743522	0.0999999	6.02741E-06	279.743522
-0.6	-3.81E-11	279.76803	0.0999998	5.35984E-06	279.76803
-0.7	-3.99E-11	279.792539	0.1000001	4.71392E-06	279.792539
-0.8	-4.18E-11	279.817055	0.1000001	4.09302E-06	279.817055
-0.9	-4.33E-11	279.841559	0.0999997	3.50246E-06	279.841559
-1	-4.47E-11	279.866103	0.1	2.94543E-06	279.866103
-1.1	-4.59E-11	279.890808	0.1	2.42823E-06	279.890808
-1.2	-4.7E-11	279.915349	0.0999999	1.95523E-06	279.915349
-1.3	-4.83E-11	279.939878	0.0999999	1.53107E-06	279.939878
-1.4	-4.89E-11	279.964412	0.1000001	1.15962E-06	279.964412
-1.5	-4.6E-11	279.991778	0.0999995	8.45105E-07	279.991778
-1.6	-5.07E-11	280.016305	0.0999995	5.85724E-07	280.016305
-1.7	-5.13E-11	280.040805	0.0999998	3.8287E-07	280.040805
-1.8	-5.17E-11	280.065312	0.0999997	2.32377E-07	280.065312
-1.9	-5.24E-11	280.089838	0.0999997	1.29001E-07	280.089838
-2	-4.72E-11	280.1275	0.0999946	6.52759E-08	280.1275
-2.1	-4.6E-11	280.181272	0.0999974	2.90721E-08	280.181272
-2.2	-6.68E-11	280.2047	0.1000035	1.0742E-08	280.2047
-2.3	-6.62E-11	280.227991	0.100001	3.3774E-09	280.227991
-2.4	-6.88E-11	280.251189	0.1000004	8.729E-10	280.251189
-2.5	-7E-11	280.274454	0.1	1.775E-10	280.274454
-2.6	-7.01E-11	280.297681	0.1	2.39E-11	280.297681
-2.7	-6.91E-11	280.321023	0.1000001	-4E-12	280.321023
-2.8	-7.15E-11	280.344236	0.1000002	-7.3E-12	280.344236
-2.9	-7.18E-11	280.367453	0.1000001	-7.9E-12	280.367453
-3	-7.26E-11	280.390738	0.1000002	-8E-12	280.390738
-3.1	-7.07E-11	280.414035	0.1000001	-7.4E-12	280.414035
-3.2	-7.17E-11	280.437316	0.1000001	-7.7E-12	280.437316
-3.3	-7.34E-11	280.460521	0.1000002	-7.6E-12	280.460521
-3.4	-7.4E-11	280.483728	0.1	-7.3E-12	280.483728
-3.5	-7.23E-11	280.507014	0.1	-7.5E-12	280.507014
-3.6	-7.25E-11	280.530327	0.1	-7.6E-12	280.530327
-3.7	-7.51E-11	280.553543	0.1000002	-7.6E-12	280.553543
-3.8	-7.3E-11	280.57683	0.1000002	-7.4E-12	280.57683
-3.9	-7.35E-11	280.600123	0.1000002	-7.6E-12	280.600123
-4	-7.49E-11	280.623327	0.1000001	-7.6E-12	280.623327
-4.1	-5.39E-11	280.683188	0.1000001	-9.4E-12	280.683188
-4.2	-7.22E-11	280.706528	0.1000002	-7.3E-12	280.706528
-4.3	-7.48E-11	280.729739	0.1000001	-7.2E-12	280.729739
-4.4	-7.57E-11	280.752964	0.1000002	-7.3E-12	280.752964
-4.5	-7.43E-11	280.7763	0.1	-7.5E-12	280.7763
-4.6	-7.59E-11	280.799601	0.1000001	-7.3E-12	280.799601
-4.7	-7.63E-11	280.822818	0.1000002	-7.5E-12	280.822818
-4.8	-7.68E-11	280.846026	0.1000001	-7.1E-12	280.846026
-4.9	-7.56E-11	280.869315	0.1	-7.1E-12	280.869315
-5	-7.73E-11	280.892622	0.1000001	-7.3E-12	280.892622
-5.1	-7.76E-11	280.915846	0.1000002	-7.1E-12	280.915846
-5.2	-7.87E-11	280.939061	0.1000002	-7.1E-12	280.939061
-5.3	-7.69E-11	280.96235	0.1000002	-7.2E-12	280.96235
-5.4	-7.7E-11	280.985703	0.1000001	-7.1E-12	280.985703
-5.5	-7.91E-11	281.008921	0.1	-7.1E-12	281.008921
-5.6	-7.93E-11	281.032159	0.1000001	-6.9E-12	281.032159
-5.7	-7.81E-11	281.055442	0.1	-7.2E-12	281.055442
-5.8	-7.92E-11	281.078649	0.1	-7.2E-12	281.078649
-5.9	-7.8E-11	281.102033	0.1000002	-7.1E-12	281.102033
-6	-7.95E-11	281.125268	0.1000001	-7.1E-12	281.125268
-6.1	-5.94E-11	281.177121	0.0999999	-8.6E-12	281.177121
-6.2	-7.9E-11	281.200347	0.1000001	-6.8E-12	281.200347
-6.3	-7.82E-11	281.223648	0.1	-7.3E-12	281.223648
-6.4	-7.99E-11	281.246884	0.1000001	-6.8E-12	281.246884
-6.5	-8.07E-11	281.270149	0.1000001	-6.6E-12	281.270149
-6.6	-8.08E-11	281.293374	0.1000001	-6.8E-12	281.293374
-6.7	-7.9E-11	281.316727	0.1	-6.9E-12	281.316727
-6.8	-8.1E-11	281.33994	0.1	-6.8E-12	281.33994
-6.9	-8.17E-11	281.363155	0.0999999	-6.9E-12	281.363155
-7	-8.07E-11	281.38653	0.1000002	-7.2E-12	281.38653
-7.1	-8.05E-11	281.409835	0.1000001	-7.1E-12	281.409835
-7.2	-8.21E-11	281.433051	0.1000002	-6.6E-12	281.433051
-7.3	-8.26E-11	281.456271	0.1000001	-6.5E-12	281.456271
-7.4	-8.07E-11	281.47956	0.1000003	-7E-12	281.47956
-7.5	-8.11E-11	281.502849	0.1	-6.9E-12	281.502849
-7.6	-8.22E-11	281.526089	0.1	-6.9E-12	281.526089
-7.7	-8.31E-11	281.549315	0.1000003	-6.4E-12	281.549315
-7.8	-8.22E-11	281.572694	0.1000002	-6.9E-12	281.572694
-7.9	-8.2E-11	281.595992	0.1000002	-7.1E-12	281.595992
-8	-8.38E-11	281.61921	0.1000001	-6.4E-12	281.61921
-8.1	-8.4E-11	281.642412	0.1000002	-6.7E-12	281.642412
-8.2	-6.39E-11	281.683113	0.1	-8.1E-12	281.683113
-8.3	-8.09E-11	281.706432	0.1000001	-7E-12	281.706432
-8.4	-8.26E-11	281.729655	0.1000001	-6.7E-12	281.729655
-8.5	-8.26E-11	281.75295	0.1000001	-6.7E-12	281.75295
-8.6	-8.22E-11	281.7763	0.1	-6.6E-12	281.7763
-8.7	-8.42E-11	281.799514	0.1000003	-6.4E-12	281.799514
-8.8	-8.27E-11	281.822804	0.1	-6.9E-12	281.822804
-8.9	-8.32E-11	281.846072	0.1000003	-7.2E-12	281.846072
-9	-8.49E-11	281.869303	0.1	-7.1E-12	281.869303
-9.1	-8.52E-11	281.892615	0.1000001	-7.2E-12	281.892615
-9.2	-8.54E-11	281.915844	0.1	-6.8E-12	281.915844
-9.3	-8.39E-11	281.939129	0.1000001	-7.1E-12	281.939129
-9.4	-8.58E-11	281.962333	0.1000001	-7.2E-12	281.962333
-9.5	-8.61E-11	281.985606	0.1	-7E-12	281.985606
-9.6	-8.5E-11	282.008853	0.1000002	-6.5E-12	282.008853
-9.7	-8.44E-11	282.032165	0.1000002	-6.5E-12	282.032165
-9.8	-8.65E-11	282.055365	0.1000003	-6.9E-12	282.055365
-9.9	-8.44E-11	282.078659	0.1000003	-6.7E-12	282.078659
-10	-8.46E-11	282.101949	0.1000002	-6.6E-12	282.101949
-9.90001	-4.52E-11	282.125238	0.0999998	-9.7E-12	282.125238
-9.80001	-5.89E-11	282.184557	0.0999999	-8.7E-12	282.184557
-9.70001	-3.8E-11	282.207796	0.0999997	-1.01E-11	282.207796
-9.60001	-3.61E-11	282.231007	0.0999997	-1.02E-11	282.231007
-9.50001	-3.59E-11	282.254292	0.0999997	-9.8E-12	282.254292
-9.40001	-3.45E-11	282.277644	0.0999997	-1E-11	282.277644
-9.30001	-3.19E-11	282.300946	0.0999997	-1.04E-11	282.300946
-9.20001	-3.25E-11	282.324289	0.0999998	-1.03E-11	282.324289
-9.10001	-3.22E-11	282.347623	0.0999997	-1.01E-11	282.347623
-9.00001	-2.93E-11	282.370836	0.0999997	-1.06E-11	282.370836
-8.90001	-2.85E-11	282.394142	0.0999999	-9.9E-12	282.394142
-8.80001	-2.92E-11	282.417445	0.0999999	-1.04E-11	282.417445
-8.70001	-2.73E-11	282.440652	0.0999998	-1.01E-11	282.440652
-8.60001	-2.66E-11	282.463871	0.0999996	-1.04E-11	282.463871
-8.50001	-2.56E-11	282.487091	0.0999997	-1.01E-11	282.487091
-8.40001	-2.7E-11	282.510381	0.0999997	-1.03E-11	282.510381
-8.30001	-2.67E-11	282.533698	0.0999996	-1.04E-11	282.533698
-8.20001	-2.44E-11	282.556918	0.0999999	-1.1E-11	282.556918
-8.10001	-2.35E-11	282.580128	0.0999997	-1.03E-11	282.580128
-8	-2.49E-11	282.603422	0.0999999	-1.05E-11	282.603422
-7.90001	-2.48E-11	282.626721	0.0999997	-1.02E-11	282.626721
-7.80001	-4.36E-11	282.686124	0.1	-9E-12	282.686124
-7.70001	-2.38E-11	282.709369	0.0999995	-1.05E-11	282.709369
-7.60001	-2.44E-11	282.732667	0.0999997	-1.09E-11	282.732667
-7.50001	-2.37E-11	282.755964	0.0999996	-1.09E-11	282.755964
-7.40001	-2.15E-11	282.77924	0.0999997	-1.11E-11	282.77924
-7.30001	-2.41E-11	282.802578	0.0999997	-1.07E-11	282.802578
-7.2	-2.23E-11	282.82587	0.0999996	-1.1E-11	282.82587
-7.10001	-2.02E-11	282.849082	0.0999996	-1.1E-11	282.849082
-7.00001	-1.93E-11	282.872285	0.0999996	-1.16E-11	282.872285
-6.90001	-2.1E-11	282.895662	0.0999997	-1.08E-11	282.895662
-6.80001	-2.21E-11	282.919027	0.0999997	-1.05E-11	282.919027
-6.70001	-1.8E-11	282.942244	0.0999997	-1.07E-11	282.942244
-6.60001	-1.79E-11	282.965464	0.0999997	-1.06E-11	282.965464
-6.50001	-1.9E-11	282.988808	0.0999997	-1.07E-11	282.988808
-6.40001	-1.71E-11	283.012017	0.0999999	-1.08E-11	283.012017
-6.30001	-1.63E-11	283.035252	0.0999995	-1.12E-11	283.035252
-6.20001	-1.6E-11	283.058473	0.0999997	-1.1E-11	283.058473
-6.10001	-1.59E-11	283.081684	0.0999999	-1.12E-11	283.081684
-6.00001	-1.69E-11	283.104968	0.0999997	-1.12E-11	283.104968
-5.90001	-1.47E-11	283.128186	0.0999998	-1.09E-11	283.128186
-5.80001	-3.59E-11	283.187434	0.1	-9.5E-12	283.187434
-5.70001	-1.59E-11	283.210746	0.0999998	-1.11E-11	283.210746
-5.60001	-1.64E-11	283.234042	0.0999996	-1.1E-11	283.234042
-5.50001	-1.6E-11	283.257327	0.0999998	-1.1E-11	283.257327
-5.40001	-1.43E-11	283.280595	0.0999998	-1.16E-11	283.280595
-5.30001	-1.54E-11	283.303884	0.0999997	-1.15E-11	283.303884
-5.20001	-1.45E-11	283.327219	0.0999999	-1.15E-11	283.327219
-5.1	-1.26E-11	283.350443	0.0999998	-1.12E-11	283.350443
-5.00001	-1.21E-11	283.373662	0.0999999	-1.16E-11	283.373662
-4.90001	-1.18E-11	283.396958	0.0999997	-1.16E-11	283.396958
-4.80001	-1.29E-11	283.420247	0.0999998	-1.17E-11	283.420247
-4.7	-1.1E-11	283.443471	0.0999998	-1.17E-11	283.443471
-4.60001	-1.04E-11	283.466688	0.0999998	-1.16E-11	283.466688
-4.50001	-9.7E-12	283.489901	0.0999996	-1.2E-11	283.489901
-4.40001	-1.07E-11	283.513185	0.0999996	-1.17E-11	283.513185
-4.3	-9E-12	283.536432	0.0999998	-1.17E-11	283.536432
-4.20001	-8.4E-12	283.559646	0.0999999	-1.17E-11	283.559646
-4.10001	-7.5E-12	283.582849	0.0999998	-1.2E-11	283.582849
-4.00001	-8.9E-12	283.606143	0.0999997	-1.17E-11	283.606143
-3.90001	-7E-12	283.629451	0.0999999	-1.17E-11	283.629451
-3.80001	-2.84E-11	283.689393	0.0999998	-9.9E-12	283.689393
-3.70001	-8.2E-12	283.71262	0.0999996	-1.17E-11	283.71262
-3.60001	-7.3E-12	283.735849	0.0999997	-1.2E-11	283.735849
-3.50001	-6.4E-12	283.759063	0.0999999	-1.23E-11	283.759063
-3.40001	-7.7E-12	283.782405	0.0999997	-1.18E-11	283.782405
-3.30001	-6.5E-12	283.805696	0.0999995	-1.2E-11	283.805696
-3.20001	-4.7E-12	283.828947	0.0999998	-1.2E-11	283.828947
-3.10001	-3.8E-12	283.852186	0.0999997	-1.22E-11	283.852186
-3.00001	-4.2E-12	283.875472	0.0999996	-1.22E-11	283.875472
-2.90001	-2.9E-12	283.898803	0.0999996	-1.22E-11	283.898803
-2.80001	-1.3E-12	283.922018	0.0999997	-1.07E-11	283.922018
-2.70001	-8E-13	283.94524	0.0999997	1E-12	283.94524
-2.60001	-1.6E-12	283.968519	0.0999997	7.13E-11	283.968519
-2.50001	-2.1E-12	283.99191	0.0999999	4.098E-10	283.99191
-2.40001	0	284.015195	0.1000002	1.711E-09	284.015195
-2.30001	8E-13	284.038499	0.1000012	5.7919E-09	284.038499
-2.20001	2.6E-12	284.061734	0.1000025	1.64923E-08	284.061734
-2.099999	-1.31E-11	284.086853	0.1000099	4.00666E-08	284.086853
-2	4.1E-12	284.110066	0.0999991	8.54566E-08	284.110066
-1.900001	-1.54E-11	284.149533	0.1000002	1.59004E-07	284.149533
-1.800001	-1.61E-11	284.191659	0.1000002	2.74178E-07	284.191659
-1.7	-9.9E-12	284.216175	0.1000005	4.40928E-07	284.216175
-1.6	-8.1E-12	284.240688	0.1000007	6.58997E-07	284.240688
-1.5	-7.4E-12	284.265215	0.1000009	9.31431E-07	284.265215
-1.400001	-1.19E-11	284.299877	0.1000001	1.25414E-06	284.299877
-1.3	-5.9E-12	284.324546	0.1000003	1.63828E-06	284.324546
-1.200001	-4.5E-12	284.349087	0.1	2.07239E-06	284.349087
-1.100001	-2.9E-12	284.373603	0.1000001	2.55259E-06	284.373603
-1	-2E-12	284.398166	0.1	3.07527E-06	284.398166
-0.9	-4E-13	284.422645	0.1	3.63514E-06	284.422645
-0.800001	8E-13	284.447153	0.0999997	4.22817E-06	284.447153
-0.7	2.1E-12	284.471655	0.0999999	4.84982E-06	284.471655
-0.6	3.7E-12	284.496151	0.1	5.49492E-06	284.496151
-0.500001	3.9E-12	284.52086	0.1	6.16103E-06	284.52086
-0.4	6.1E-12	284.545386	0.1000002	6.8453E-06	284.545386
-0.3	7.9E-12	284.569881	0.1000001	7.54398E-06	284.569881
-0.2	6E-12	284.596272	0.1000001	8.25532E-06	284.596272
-0.0999998	1.08E-11	284.620774	0.1000002	8.97869E-06	284.620774
4E-07	1.32E-11	284.645264	0.1	9.7113E-06	284.645264
0.0999997	8.2E-12	284.699024	0.0999999	1.044369E-05	284.699024
0.1999998	9.7E-12	284.733579	0.1	1.11862E-05	284.733579
0.3	1.64E-11	284.758293	0.1	1.19438E-05	284.758293
0.4	1.89E-11	284.782865	0.1000001	1.27067E-05	284.782865
0.5	2.12E-11	284.80737	0.1	1.34764E-05	284.80737
0.599999	2.33E-11	284.831887	0.1	1.42535E-05	284.831887
0.7	2.54E-11	284.856393	0.1	1.50352E-05	284.856393
0.799999	2.68E-11	284.880906	0.1	1.58232E-05	284.880906
0.9	2.89E-11	284.905509	0.1000001	1.66162E-05	284.905509
0.999999	3.13E-11	284.930038	0.1000001	1.74129E-05	284.930038
1.1	3.25E-11	284.954576	0.1000001	1.82138E-05	284.954576
1.199999	3.44E-11	284.979255	0.1000001	1.90174E-05	284.979255
1.3	3.57E-11	285.003823	0.0999998	1.98243E-05	285.003823
1.399999	3.71E-11	285.028383	0.0999999	2.06335E-05	285.028383
1.499999	3.83E-11	285.052921	0.1	2.14448E-05	285.052921
1.6	3.93E-11	285.077423	0.1	2.22573E-05	285.077423
1.699999	4.09E-11	285.101953	0.0999999	2.30721E-05	285.101953
1.8	4.18E-11	285.126461	0.1000001	2.38875E-05	285.126461
1.9	4.23E-11	285.150993	0.1000001	2.47047E-05	285.150993
1.999999	3.66E-11	285.197744	0.1000002	2.5517E-05	285.197744
2.1	4.2E-11	285.222288	0.1	2.63377E-05	285.222288
2.19999	4.23E-11	285.247036	0.1	2.71537E-05	285.247036
2.29999	4.31E-11	285.271541	0.1	2.79755E-05	285.271541
2.39999	4.42E-11	285.296112	0.0999999	2.87971E-05	285.296112
2.49999	4.37E-11	285.320864	0.0999998	2.96188E-05	285.320864
2.59999	4.51E-11	285.345479	0.1000003	3.04428E-05	285.345479
2.69999	4.62E-11	285.369989	0.1000002	3.12666E-05	285.369989
2.79999	4.65E-11	285.394603	0.1	3.20904E-05	285.394603
2.89999	4.7E-11	285.419112	0.0999999	3.29152E-05	285.419112
2.99999	4.7E-11	285.443628	0.1000001	3.37397E-05	285.443628
3.09999	4.77E-11	285.468168	0.0999999	3.4564E-05	285.468168
3.19999	4.78E-11	285.49275	0.1	3.53896E-05	285.49275
3.29999	4.82E-11	285.517268	0.1000002	3.62164E-05	285.517268
3.39999	4.86E-11	285.541829	0.1000003	3.70435E-05	285.541829
3.49999	4.96E-11	285.566357	0.1000001	3.78693E-05	285.566357
3.59999	4.92E-11	285.590856	0.1	3.86964E-05	285.590856
3.69999	4.96E-11	285.615373	0.1000003	3.95246E-05	285.615373
3.79999	4.98E-11	285.639918	0.1	4.0353E-05	285.639918
3.89999	4.32E-11	285.696842	0.0999999	4.11715E-05	285.696842
3.99999	4.86E-11	285.721358	0.1	4.20048E-05	285.721358
4.09999	4.91E-11	285.745892	0.1000003	4.28364E-05	285.745892
4.19999	4.96E-11	285.77043	0.0999999	4.36677E-05	285.77043
4.29999	5E-11	285.795037	0.1000001	4.45004E-05	285.795037
4.39999	5.04E-11	285.819551	0.1000004	4.53332E-05	285.819551
4.49999	5.07E-11	285.844073	0.1000002	4.61661E-05	285.844073
4.59999	5.13E-11	285.868583	0.1000002	4.7E-05	285.868583
4.69999	5.13E-11	285.893077	0.1000001	4.78344E-05	285.893077
4.79999	5.11E-11	285.917583	0.1000001	4.86711E-05	285.917583
4.89999	5.19E-11	285.942157	0.1000001	4.95057E-05	285.942157
4.99999	5.18E-11	285.966663	0.0999999	5.03426E-05	285.966663
5.09999	5.24E-11	285.991179	0.1	5.11811E-05	285.991179
5.19999	5.26E-11	286.01571	0.1000001	5.20195E-05	286.01571
5.29999	5.31E-11	286.040176	0.1000001	5.28584E-05	286.040176
5.39999	5.27E-11	286.064713	0.0999999	5.36989E-05	286.064713
5.49999	5.33E-11	286.089208	0.1000004	5.45403E-05	286.089208
5.59999	5.31E-11	286.113748	0.1	5.53823E-05	286.113748
5.69999	5.31E-11	286.138263	0.1	5.62243E-05	286.138263
5.79999	4.69E-11	286.193855	0.1000001	5.70593E-05	286.193855
5.89999	5.18E-11	286.21842	0.0999999	5.79076E-05	286.21842
5.99999	5.24E-11	286.242934	0.0999999	5.87543E-05	286.242934
6.09999	5.26E-11	286.267447	0.1000001	5.9601E-05	286.267447
6.19999	5.32E-11	286.292032	0.1	6.04487E-05	286.292032
6.29999	5.38E-11	286.316538	0.1000003	6.12982E-05	286.316538
6.39999	5.41E-11	286.341126	0.1000002	6.21484E-05	286.341126
6.49999	5.45E-11	286.365648	0.1000001	6.29986E-05	286.365648
6.59999	5.46E-11	286.390175	0.1	6.38506E-05	286.390175
6.69999	5.44E-11	286.414741	0.0999998	6.4703E-05	286.414741
6.79999	5.49E-11	286.439262	0.1000001	6.55563E-05	286.439262
6.89999	5.52E-11	286.46381	0.1	6.64097E-05	286.46381
6.99999	5.53E-11	286.488326	0.1	6.72662E-05	286.488326
7.09999	5.53E-11	286.512842	0.0999999	6.81229E-05	286.512842
7.19999	5.54E-11	286.53743	0.1	6.89797E-05	286.53743
7.29999	5.57E-11	286.562011	0.1000002	6.98378E-05	286.562011
7.39999	5.52E-11	286.586567	0.1	7.06979E-05	286.586567
7.49999	5.59E-11	286.611081	0.0999999	7.15588E-05	286.611081
7.59999	5.59E-11	286.6356	0.1000001	7.2419E-05	286.6356
7.69999	4.85E-11	286.697971	0.1000002	7.32687E-05	286.697971
7.79999	5.41E-11	286.722534	0.1	7.41366E-05	286.722534
7.89999	5.47E-11	286.747097	0.0999999	7.50033E-05	286.747097
7.99999	5.55E-11	286.771618	0.0999999	7.58693E-05	286.771618
8.09999	5.58E-11	286.796193	0.1000003	7.67352E-05	286.796193
8.19999	5.61E-11	286.82074	0.1000001	7.76046E-05	286.82074
8.29999	5.63E-11	286.845249	0.1000002	7.84729E-05	286.845249
8.39999	5.68E-11	286.869797	0.1	7.93433E-05	286.869797
8.49999	5.64E-11	286.894487	0.1000001	8.02133E-05	286.894487
8.59999	5.69E-11	286.919	0.1000001	8.10845E-05	286.919
8.69999	5.71E-11	286.943498	0.1	8.19577E-05	286.943498
8.79999	5.72E-11	286.96801	0.0999999	8.28307E-05	286.96801
8.89999	5.68E-11	286.992676	0.1000002	8.37049E-05	286.992676
8.99999	5.69E-11	287.017221	0.1000001	8.45817E-05	287.017221
9.09999	5.68E-11	287.041768	0.1000003	8.54571E-05	287.041768
9.19999	5.71E-11	287.066268	0.0999998	8.63357E-05	287.066268
9.29999	5.78E-11	287.090792	0.0999999	8.7211E-05	287.090792
9.39999	5.79E-11	287.115301	0.1	8.80951E-05	287.115301
9.49999	5.79E-11	287.139821	0.0999999	8.89769E-05	287.139821
9.59999	5.06E-11	287.201593	0.1	8.98525E-05	287.201593
9.69999	5.61E-11	287.226173	0.1000002	9.07393E-05	287.226173
9.79999	5.73E-11	287.250678	0.1	9.16268E-05	287.250678
9.89999	5.73E-11	287.275207	0.1000003	9.25126E-05	287.275207
9.99999	5.76E-11	287.299791	0.1000001	9.3399E-05	287.299791
9.9	4.46E-11	287.324321	0.0999998	9.2498E-05	287.324321
9.8	4.09E-11	287.3489	0.1	9.16035E-05	287.3489
9.7	3.87E-11	287.373417	0.1	9.07084E-05	287.373417
9.6	3.7E-11	287.397987	0.1	8.98182E-05	287.397987
9.5	3.58E-11	287.422508	0.0999998	8.89281E-05	287.422508
9.4	3.46E-11	287.447057	0.0999998	8.80416E-05	287.447057
9.3	3.3E-11	287.471695	0.0999998	8.71536E-05	287.471695
9.2	3.33E-11	287.496208	0.0999999	8.62669E-05	287.496208
9.1	3.17E-11	287.520733	0.0999999	8.53833E-05	287.520733
9	3.13E-11	287.545329	0.0999999	8.45009E-05	287.545329
8.9	3.03E-11	287.56985	0.1	8.3622E-05	287.56985
8.8	3.02E-11	287.594365	0.1	8.27398E-05	287.594365
8.7	2.95E-11	287.618899	0.0999998	8.18579E-05	287.618899
8.6	2.82E-11	287.643403	0.1000002	8.09767E-05	287.643403
8.5	3.42E-11	287.702955	0.0999998	8.01013E-05	287.702955
8.4	2.88E-11	287.727488	0.1000002	7.92218E-05	287.727488
8.3	2.8E-11	287.752001	0.1	7.8343E-05	287.752001
8.2	2.76E-11	287.776565	0.1	7.74663E-05	287.776565
8.1	2.7E-11	287.801157	0.1000002	7.65919E-05	287.801157
8	2.62E-11	287.825675	0.1	7.57181E-05	287.825675
7.9	2.59E-11	287.85021	0.0999998	7.48459E-05	287.85021
7.8	2.56E-11	287.874756	0.0999999	7.39748E-05	287.874756
7.7	2.48E-11	287.899316	0.0999998	7.31043E-05	287.899316
7.6	2.4E-11	287.923826	0.0999997	7.22345E-05	287.923826
7.5	2.37E-11	287.948337	0.0999999	7.13659E-05	287.948337
7.4	2.35E-11	287.972887	0.0999998	7.04987E-05	287.972887
7.3	2.31E-11	287.99743	0.0999999	6.96324E-05	287.99743
7.2	2.27E-11	288.021942	0.1000002	6.87658E-05	288.021942
7.1	2.18E-11	288.046516	0.0999998	6.79016E-05	288.046516
7	2.17E-11	288.071068	0.0999999	6.70375E-05	288.071068
6.9	2.15E-11	288.095606	0.1000002	6.61741E-05	288.095606
6.8	2.09E-11	288.12011	0.0999998	6.53131E-05	288.12011
6.7	2.03E-11	288.144631	0.0999999	6.44518E-05	288.144631
6.6	2.72E-11	288.204541	0.1000001	6.35981E-05	288.204541
6.5	2.18E-11	288.229071	0.0999998	6.27379E-05	288.229071
6.4	2.07E-11	288.25358	0.0999999	6.18799E-05	288.25358
6.3	2.03E-11	288.278165	0.1000001	6.10216E-05	288.278165
6.2	1.95E-11	288.302719	0.0999999	6.01645E-05	288.302719
6.1	1.9E-11	288.327233	0.1000002	5.93087E-05	288.327233
6	1.87E-11	288.351838	0.0999997	5.8454E-05	288.351838
5.9	1.82E-11	288.376361	0.0999998	5.76006E-05	288.376361
5.8	1.77E-11	288.400923	0.0999999	5.67472E-05	288.400923
5.7	1.71E-11	288.425448	0.1	5.58956E-05	288.425448
5.6	1.69E-11	288.449968	0.1	5.5045E-05	288.449968
5.5	1.62E-11	288.474462	0.1	5.41941E-05	288.474462
5.4	1.6E-11	288.498997	0.1	5.3344E-05	288.498997
5.3	1.59E-11	288.523522	0.0999998	5.24963E-05	288.523522
5.2	1.59E-11	288.548214	0.1000001	5.16484E-05	288.548214
5.1	1.48E-11	288.572743	0.1	5.08022E-05	288.572743
5	1.46E-11	288.597283	0.1	4.99568E-05	288.597283
4.9	1.43E-11	288.621809	0.0999999	4.91128E-05	288.621809
4.8	1.37E-11	288.646354	0.1000001	4.82692E-05	288.646354
4.7	1.95E-11	288.7062	0.0999998	4.74311E-05	288.7062
4.6	1.42E-11	288.7307	0.1000001	4.65885E-05	288.7307
4.5	1.35E-11	288.755266	0.0999998	4.57468E-05	288.755266
4.4	1.29E-11	288.779772	0.0999999	4.49059E-05	288.779772
4.3	1.19E-11	288.804346	0.1	4.40657E-05	288.804346
4.2	1.13E-11	288.828887	0.0999999	4.32267E-05	288.828887
4.1	1.07E-11	288.853453	0.0999999	4.23887E-05	288.853453
4	1.01E-11	288.878006	0.0999998	4.15517E-05	288.878006
3.9	1.01E-11	288.902591	0.0999999	4.07152E-05	288.902591
3.8	8.9E-12	288.927092	0.1	3.98796E-05	288.927092
3.7	8.6E-12	288.951622	0.0999999	3.90456E-05	288.951622
3.6	8.4E-12	288.976281	0.1000001	3.82123E-05	288.976281
3.5	6.9E-12	289.000833	0.1000002	3.73798E-05	289.000833
3.4	6.6E-12	289.025403	0.1	3.65479E-05	289.025403
3.3	5.9E-12	289.049937	0.1	3.5717E-05	289.049937
3.2	5.6E-12	289.074486	0.0999999	3.48874E-05	289.074486
3.1	4.5E-12	289.09901	0.1	3.4058E-05	289.09901
3	3.9E-12	289.123538	0.1	3.32295E-05	289.123538
2.9	3.3E-12	289.148065	0.0999998	3.24025E-05	289.148065
2.8	9.5E-12	289.207619	0.1000001	3.15812E-05	289.207619
2.7	3.5E-12	289.23214	0.1000001	3.07556E-05	289.23214
2.6	2.2E-12	289.256655	0.1	2.99304E-05	289.256655
2.5	1.2E-12	289.281202	0.1000001	2.9107E-05	289.281202
2.4	0	289.305791	0.0999999	2.82853E-05	289.305791
2.3	-3E-13	289.330332	0.1	2.74642E-05	289.330332
2.2	-2.1E-12	289.354921	0.0999999	2.66441E-05	289.354921
2.099999	3E-13	289.381348	0.1000001	2.58316E-05	289.381348
2	-3.6E-12	289.405993	0.0999999	2.50138E-05	289.405993
1.9	-4.8E-12	289.430505	0.0999999	2.41983E-05	289.430505
1.8	-5.7E-12	289.455031	0.0999997	2.33837E-05	289.455031
1.7	-6.9E-12	289.479638	0.1000001	2.25715E-05	289.479638
1.6	-8.2E-12	289.504172	0.0999999	2.17608E-05	289.504172
1.5	-9.5E-12	289.52868	0.1	2.0952E-05	289.52868
1.4	-1.09E-11	289.553209	0.0999997	2.01457E-05	289.553209
1.3	-1.27E-11	289.577717	0.0999999	1.93413E-05	289.577717
1.2	-1.4E-11	289.602237	0.0999998	1.85406E-05	289.602237
1.1	-1.56E-11	289.626753	0.0999999	1.77427E-05	289.626753
1	-1.7E-11	289.651254	0.1	1.69478E-05	289.651254
0.9	-1.2E-11	289.709064	0.1000002	1.61638E-05	289.709064
0.8	-1.91E-11	289.733566	0.0999999	1.5377E-05	289.733566
0.7	-2.1E-11	289.758087	0.0999999	1.45973E-05	289.758087
0.6	-2.33E-11	289.782688	0.1	1.38238E-05	289.782688
0.5	-2.56E-11	289.807262	0.0999999	1.30569E-05	289.807262
0.4	-2.81E-11	289.831805	0.0999998	1.22974E-05	289.831805
0.3	-3.05E-11	289.856324	0.1	1.15448E-05	289.856324
0.1999998	-2.9E-11	289.88276	0.0999998	1.08003E-05	289.88276
0.0999996	-3.47E-11	289.9074	0.0999999	1.00618E-05	289.9074
-6E-07	-3.76E-11	289.93188	0.0999998	9.3313E-06	289.93188
#scan	iMeasureCycle=3	iMux=0	time=319.618	N=401	LocalTime=19/04/2023 21:48:59
#VGate(V)	IGate(A)	time(s)	VDrain(V)	IDrain(A)	time(s)
-2E-07	-1.5E-11	319.625458	0.1000002	9.508E-06	319.625458
-0.0999999	-1.92E-11	319.652911	0.1	8.77689E-06	319.652911
-0.2000003	-2.66E-11	319.678976	0.0999999	8.05163E-06	319.678976
-0.3	-3.02E-11	319.703677	0.0999999	7.33794E-06	319.703677
-0.4	-3.3E-11	319.728232	0.0999997	6.63883E-06	319.728232
-0.5	-3.55E-11	319.752745	0.1	5.95575E-06	319.752745
-0.6	-3.78E-11	319.77726	0.1	5.29173E-06	319.77726
-0.7	-3.98E-11	319.801761	0.0999999	4.64978E-06	319.801761
-0.8	-4.14E-11	319.82631	0.1000001	4.03312E-06	319.82631
-0.9	-4.26E-11	319.850831	0.1000001	3.44702E-06	319.850831
-1	-4.42E-11	319.875434	0.0999997	2.89551E-06	319.875434
-1.100001	-4.57E-11	319.899958	0.0999999	2.38307E-06	319.899958
-1.2	-4.7E-11	319.924465	0.0999999	1.91515E-06	319.924465
-1.3	-4.79E-11	319.948982	0.0999999	1.49593E-06	319.948982
-1.4	-4.85E-11	319.973571	0.0999999	1.13006E-06	319.973571
-1.5	-4.56E-11	320.000889	0.0999995	8.21054E-07	320.000889
-1.6	-4.96E-11	320.025421	0.0999995	5.66705E-07	320.025421
-1.7	-5.05E-11	320.049967	0.0999996	3.68298E-07	320.049967
-1.8	-5.15E-11	320.074471	0.0999995	2.22228E-07	320.074471
-1.9	-5.17E-11	320.099002	0.0999997	1.22356E-07	320.099002
-2	-4.67E-11	320.136658	0.0999956	6.13021E-08	320.136658
-2.1	-4.55E-11	320.190545	0.0999978	2.70011E-08	320.190545
-2.2	-6.48E-11	320.214042	0.100003	9.8116E-09	320.214042
-2.3	-6.55E-11	320.237328	0.1000009	3.0287E-09	320.237328
-2.4	-6.82E-11	320.260528	0.1000006	7.704E-10	320.260528
-2.5	-6.86E-11	320.283786	0.1000002	1.526E-10	320.283786
-2.6	-6.8E-11	320.307069	0.1000004	1.96E-11	320.307069
-2.7	-6.86E-11	320.33035	0.1000003	-4.1E-12	320.33035
-2.8	-7.08E-11	320.353553	0.1000005	-7.5E-12	320.353553
-2.9	-7.14E-11	320.376775	0.1000002	-7.5E-12	320.376775
-3	-6.99E-11	320.400114	0.1000002	-7.8E-12	320.400114
-3.1	-7.04E-11	320.423406	0.1000002	-7.5E-12	320.423406
-3.2	-7.3E-11	320.446607	0.1000002	-7.6E-12	320.446607
-3.3	-7.17E-11	320.470062	0.1000001	-7.8E-12	320.470062
-3.4	-7.15E-11	320.49335	0.1000002	-7.8E-12	320.49335
-3.5	-7.32E-11	320.516556	0.1000005	-7.9E-12	320.516556
-3.6	-7.38E-11	320.539763	0.1000004	-7.5E-12	320.539763
-3.7	-7.21E-11	320.563057	0.1000003	-7.8E-12	320.563057
-3.8	-7.27E-11	320.586357	0.1000003	-7.6E-12	320.586357
-3.9	-7.51E-11	320.609574	0.1000003	-7.6E-12	320.609574
-4	-7.56E-11	320.632791	0.1000001	-8.1E-12	320.632791
-4.1	-5.3E-11	320.692244	0.1000001	-9.6E-12	320.692244
-4.2	-7.2E-11	320.71555	0.1	-8E-12	320.71555
-4.3	-7.25E-11	320.738898	0.1000002	-7.5E-12	320.738898
-4.4	-7.49E-11	320.762113	0.1000003	-7.4E-12	320.762113
-4.5	-7.29E-11	320.7855	0.1000002	-7.8E-12	320.7855
-4.6	-7.56E-11	320.808725	0.1000003	-7.4E-12	320.808725
-4.7	-7.64E-11	320.831943	0.1000002	-7.3E-12	320.831943
-4.8	-7.66E-11	320.855161	0.1000002	-7.5E-12	320.855161
-4.9	-7.53E-11	320.878457	0.1000003	-7.3E-12	320.878457
-5	-7.55E-11	320.901756	0.1000003	-7.4E-12	320.901756
-5.1	-7.58E-11	320.92504	0.1000002	-7.8E-12	320.92504
-5.2	-7.84E-11	320.948243	0.1000003	-7.3E-12	320.948243
-5.3	-7.65E-11	320.971616	0.1000003	-7.5E-12	320.971616
-5.4	-7.74E-11	320.994934	0.1000001	-7.6E-12	320.994934
-5.5	-7.88E-11	321.01816	0.1000003	-7.6E-12	321.01816
-5.6	-7.72E-11	321.041452	0.1000003	-7.6E-12	321.041452
-5.7	-7.98E-11	321.064794	0.1000001	-7.2E-12	321.064794
-5.8	-7.86E-11	321.08807	0.1000002	-7.3E-12	321.08807
-5.9	-7.97E-11	321.111281	0.1000003	-7.6E-12	321.111281
-6	-7.8E-11	321.134567	0.1000002	-7.5E-12	321.134567
-6.1	-5.92E-11	321.18638	0.1	-8.8E-12	321.18638
-6.2	-7.7E-11	321.209694	0.1000003	-7.1E-12	321.209694
-6.3	-7.75E-11	321.232993	0.1000003	-6.8E-12	321.232993
-6.4	-8.01E-11	321.256195	0.1000003	-7.3E-12	321.256195
-6.5	-7.95E-11	321.279468	0.1000001	-7.3E-12	321.279468
-6.6	-7.82E-11	321.30277	0.1000003	-7.3E-12	321.30277
-6.7	-7.9E-11	321.32606	0.1000001	-7.1E-12	321.32606
-6.8	-7.96E-11	321.349353	0.1000002	-7E-12	321.349353
-6.9	-8.11E-11	321.37256	0.1000003	-6.9E-12	321.37256
-7	-8E-11	321.395908	0.1000003	-7.3E-12	321.395908
-7.1	-8.12E-11	321.419123	0.1000003	-7.1E-12	321.419123
-7.2	-8.21E-11	321.442339	0.1000002	-6.7E-12	321.442339
-7.3	-8.18E-11	321.465633	0.1000004	-6.6E-12	321.465633
-7.4	-8.09E-11	321.488932	0.1000004	-6.9E-12	321.488932
-7.5	-8.25E-11	321.512146	0.1000004	-6.8E-12	321.512146
-7.6	-8.21E-11	321.535362	0.1000003	-6.5E-12	321.535362
-7.7	-8.26E-11	321.558573	0.1000003	-6.6E-12	321.558573
-7.8	-8.12E-11	321.581953	0.1	-7.1E-12	321.581953
-7.9	-8.35E-11	321.605195	0.1000004	-6.7E-12	321.605195
-8	-8.34E-11	321.628426	0.1000004	-6.5E-12	321.628426
-8.1	-8.15E-11	321.651714	0.1000003	-6.7E-12	321.651714
-8.2	-6.45E-11	321.687862	0.0999999	-8.1E-12	321.687862
-8.3	-8.15E-11	321.711172	0.1000003	-6.5E-12	321.711172
-8.4	-8.37E-11	321.734434	0.1000003	-6.5E-12	321.734434
-8.5	-8.43E-11	321.757653	0.1000002	-6.8E-12	321.757653
-8.6	-8.44E-11	321.780911	0.1000002	-6.6E-12	321.780911
-8.7	-8.24E-11	321.804215	0.1000003	-6.8E-12	321.804215
-8.8	-8.41E-11	321.827416	0.1000002	-6.6E-12	321.827416
-8.9	-8.28E-11	321.850709	0.1000002	-6.8E-12	321.850709
-9	-8.48E-11	321.873932	0.1000002	-6.5E-12	321.873932
-9.1	-8.3E-11	321.897238	0.1000001	-6.5E-12	321.897238
-9.2	-8.49E-11	321.920445	0.1000001	-7.2E-12	321.920445
-9.3	-8.51E-11	321.943655	0.1000003	-6.6E-12	321.943655
-9.4	-8.58E-11	321.966954	0.1000001	-6.7E-12	321.966954
-9.5	-8.33E-11	321.990257	0.1000003	-6.9E-12	321.990257
-9.6	-8.54E-11	322.013484	0.1000003	-6.8E-12	322.013484
-9.7	-8.57E-11	322.036709	0.1000003	-6.9E-12	322.036709
-9.8	-8.6E-11	322.059982	0.1000001	-6.9E-12	322.059982
-9.9	-8.42E-11	322.083273	0.1000003	-6.8E-12	322.083273
-10	-8.63E-11	322.10651	0.1	-6.6E-12	322.10651
-9.90001	-4.34E-11	322.129722	0.1	-1.06E-11	322.129722
-9.80001	-4E-11	322.152934	0.0999997	-1.03E-11	322.152934
-9.70001	-5.63E-11	322.193738	0.1	-8.8E-12	322.193738
-9.60001	-3.57E-11	322.216983	0.0999998	-1.04E-11	322.216983
-9.50001	-3.49E-11	322.240202	0.0999998	-1.05E-11	322.240202
-9.40001	-3.47E-11	322.26349	0.1	-1.04E-11	322.26349
-9.30001	-3.54E-11	322.286895	0.0999998	-1.04E-11	322.286895
-9.20001	-3.18E-11	322.310135	0.1	-1.05E-11	322.310135
-9.10001	-3.13E-11	322.333419	0.0999997	-1.05E-11	322.333419
-9.00001	-3.04E-11	322.356693	0.0999999	-1.07E-11	322.356693
-8.90001	-2.83E-11	322.379906	0.0999998	-1.11E-11	322.379906
-8.80001	-2.76E-11	322.40319	0.0999999	-1.08E-11	322.40319
-8.70001	-2.93E-11	322.42653	0.0999998	-1E-11	322.42653
-8.60001	-2.81E-11	322.449814	0.0999999	-1.03E-11	322.449814
-8.50001	-2.55E-11	322.473107	0.1	-1.03E-11	322.473107
-8.40001	-2.48E-11	322.496316	0.0999999	-1.08E-11	322.496316
-8.30001	-2.59E-11	322.519608	0.0999999	-1.04E-11	322.519608
-8.20001	-2.54E-11	322.542895	0.0999998	-1.08E-11	322.542895
-8.10001	-2.28E-11	322.566092	0.1	-1.07E-11	322.566092
-8	-2.45E-11	322.589635	0.0999999	-1.09E-11	322.589635
-7.90001	-2.28E-11	322.612867	0.0999997	-1.12E-11	322.612867
-7.80001	-2.21E-11	322.636099	0.0999998	-1.07E-11	322.636099
-7.70001	-4.27E-11	322.695114	0.1000001	-9.2E-12	322.695114
-7.6	-2.28E-11	322.718352	0.0999999	-1.1E-11	322.718352
-7.50001	-2.18E-11	322.741619	0.1	-1.09E-11	322.741619
-7.40001	-2.3E-11	322.76491	0.0999999	-1.07E-11	322.76491
-7.30001	-2.04E-11	322.788172	0.0999999	-1.11E-11	322.788172
-7.2	-1.99E-11	322.8114	0.0999999	-1.11E-11	322.8114
-7.10001	-2.16E-11	322.834694	0.0999999	-1.1E-11	322.834694
-7.00001	-2.15E-11	322.857974	0.0999999	-1.14E-11	322.857974
-6.90001	-2.06E-11	322.881248	0.0999997	-1.1E-11	322.881248
-6.80001	-1.84E-11	322.904457	0.0999999	-1.09E-11	322.904457
-6.70001	-1.8E-11	322.927672	0.0999999	-1.1E-11	322.927672
-6.60001	-1.97E-11	322.950957	0.0999998	-1.07E-11	322.950957
-6.50001	-1.84E-11	322.974279	0.0999999	-1.1E-11	322.974279
-6.40001	-1.7E-11	322.997567	0.0999999	-1.1E-11	322.997567
-6.30001	-1.8E-11	323.02087	0.0999998	-1.12E-11	323.02087
-6.20001	-1.74E-11	323.044145	0.0999999	-1.11E-11	323.044145
-6.10001	-1.55E-11	323.067419	0.0999998	-1.12E-11	323.067419
-6.00001	-1.73E-11	323.090963	0.0999998	-1.12E-11	323.090963
-5.90001	-1.7E-11	323.114259	0.0999997	-1.12E-11	323.114259
-5.80001	-1.5E-11	323.137458	0.0999998	-1.16E-11	323.137458
-5.70001	-3.51E-11	323.192234	0.1	-9.5E-12	323.192234
-5.60001	-1.52E-11	323.215481	0.0999999	-1.17E-11	323.215481
-5.50001	-1.42E-11	323.238702	0.0999998	-1.19E-11	323.238702
-5.40001	-1.39E-11	323.261911	0.0999998	-1.11E-11	323.261911
-5.30001	-1.5E-11	323.285246	0.1	-1.15E-11	323.285246
-5.20001	-1.26E-11	323.308464	0.0999997	-1.14E-11	323.308464
-5.1	-1.25E-11	323.331688	0.0999999	-1.17E-11	323.331688
-5.00001	-1.19E-11	323.354902	0.0999999	-1.18E-11	323.354902
-4.90001	-1.31E-11	323.378189	0.0999998	-1.12E-11	323.378189
-4.80001	-1.11E-11	323.401547	0.0999999	-1.16E-11	323.401547
-4.7	-1.05E-11	323.424775	0.0999998	-1.17E-11	323.424775
-4.60001	-1.18E-11	323.448069	0.0999999	-1.16E-11	323.448069
-4.50001	-1.13E-11	323.471448	0.0999999	-1.15E-11	323.471448
-4.40001	-9.8E-12	323.494665	0.0999998	-1.14E-11	323.494665
-4.3	-8.7E-12	323.517884	0.0999997	-1.18E-11	323.517884
-4.20001	-8.4E-12	323.541103	0.0999999	-1.19E-11	323.541103
-4.10001	-9.7E-12	323.564386	0.0999998	-1.2E-11	323.564386
-4.00001	-7.1E-12	323.58759	0.0999998	-1.22E-11	323.58759
-3.90001	-6.7E-12	323.61083	0.0999997	-1.25E-11	323.61083
-3.80001	-6E-12	323.634041	0.0999998	-1.2E-11	323.634041
-3.70001	-7.3E-12	323.657323	0.0999997	-1.21E-11	323.657323
-3.60001	-2.54E-11	323.694003	0.1000001	-1.04E-11	323.694003
-3.50001	-5.1E-12	323.717226	0.1	-1.21E-11	323.717226
-3.40001	-6.3E-12	323.740556	0.0999999	-1.2E-11	323.740556
-3.30001	-5.6E-12	323.76384	0.0999997	-1.21E-11	323.76384
-3.20001	-3.3E-12	323.787108	0.0999999	-1.21E-11	323.787108
-3.10001	-3E-12	323.810327	0.0999998	-1.25E-11	323.810327
-3.00001	-5.1E-12	323.833665	0.0999997	-1.25E-11	323.833665
-2.90001	-1.7E-12	323.856875	0.0999998	-1.25E-11	323.856875
-2.80001	-1.4E-12	323.880094	0.1	-1.1E-11	323.880094
-2.70001	-2.3E-12	323.903393	0.0999999	-1.1E-12	323.903393
-2.60001	-1.5E-12	323.926685	0.1	5.85E-11	323.926685
-2.50001	1.1E-12	323.949887	0.1	3.488E-10	323.949887
-2.40001	1.9E-12	323.973178	0.1000005	1.5117E-09	323.973178
-2.30001	2.1E-12	323.996411	0.1000012	5.2433E-09	323.996411
-2.20001	1.4E-12	324.019713	0.1000028	1.5128E-08	324.019713
-2.099999	-1.33E-11	324.044893	0.1000111	3.73751E-08	324.044893
-2	4.7E-12	324.068155	0.0999997	8.05455E-08	324.068155
-1.900001	-1.56E-11	324.107988	0.1	1.51153E-07	324.107988
-1.800001	-9.7E-12	324.132505	0.1000003	2.65725E-07	324.132505
-1.7	-9.2E-12	324.157059	0.1000005	4.26298E-07	324.157059
-1.600001	-1.44E-11	324.203423	0.1000002	6.33188E-07	324.203423
-1.5	-7.8E-12	324.227956	0.1000005	9.03446E-07	324.227956
-1.400001	-1.18E-11	324.262505	0.1000001	1.22206E-06	324.262505
-1.3	-6E-12	324.287371	0.1000003	1.60179E-06	324.287371
-1.200001	-4.6E-12	324.311984	0.1000001	2.03046E-06	324.311984
-1.100001	-3.3E-12	324.336502	0.1000002	2.50609E-06	324.336502
-1	-2.2E-12	324.360999	0.1	3.02355E-06	324.360999
-0.9	-9E-13	324.385524	0.1000002	3.5793E-06	324.385524
-0.8	3E-13	324.410087	0.1000001	4.16804E-06	324.410087
-0.700001	1.8E-12	324.434615	0.1000002	4.78536E-06	324.434615
-0.6	3.6E-12	324.459128	0.0999999	5.42689E-06	324.459128
-0.500001	5.1E-12	324.483735	0.1000001	6.09003E-06	324.483735
-0.4	6.4E-12	324.508242	0.0999998	6.77087E-06	324.508242
-0.3	7.3E-12	324.532797	0.1000001	7.46708E-06	324.532797
-0.1999998	6E-12	324.559198	0.1	8.17526E-06	324.559198
-0.0999998	1.13E-11	324.583727	0.1000002	8.89657E-06	324.583727
4E-07	1.28E-11	324.60824	0.1000001	9.6262E-06	324.60824
0.1000003	1.46E-11	324.632764	0.1000001	1.036509E-05	324.632764
0.1999999	8.3E-12	324.70761	0.1	1.10932E-05	324.70761
0.3	1.56E-11	324.732395	0.1000001	1.185E-05	324.732395
0.4	1.87E-11	324.756914	0.0999998	1.26121E-05	324.756914
0.5	2.08E-11	324.781439	0.1	1.33809E-05	324.781439
0.6	2.29E-11	324.806007	0.1000001	1.41554E-05	324.806007
0.7	2.5E-11	324.830544	0.1000001	1.49371E-05	324.830544
0.799999	2.69E-11	324.855091	0.0999999	1.57238E-05	324.855091
0.9	2.88E-11	324.879632	0.1	1.65157E-05	324.879632
0.999999	3.09E-11	324.904163	0.0999999	1.73117E-05	324.904163
1.1	3.27E-11	324.928667	0.0999999	1.81107E-05	324.928667
1.199999	3.41E-11	324.953226	0.1	1.89142E-05	324.953226
1.3	3.61E-11	324.977819	0.1	1.97205E-05	324.977819
1.399999	3.72E-11	325.002406	0.1000001	2.05289E-05	325.002406
1.5	3.81E-11	325.026956	0.0999999	2.13387E-05	325.026956
1.599999	3.99E-11	325.051438	0.1	2.21519E-05	325.051438
1.699999	4.07E-11	325.076008	0.1000001	2.29658E-05	325.076008
1.8	4.15E-11	325.100553	0.0999999	2.37813E-05	325.100553
1.9	4.22E-11	325.125089	0.1000002	2.45984E-05	325.125089
2	4.3E-11	325.14963	0.1000001	2.54161E-05	325.14963
2.099999	3.66E-11	325.202377	0.0999999	2.62291E-05	325.202377
2.19999	4.24E-11	325.227091	0.1	2.70462E-05	325.227091
2.29999	4.32E-11	325.251638	0.1	2.78681E-05	325.251638
2.39999	4.41E-11	325.276142	0.1000001	2.86909E-05	325.276142
2.49999	4.47E-11	325.300724	0.1	2.95141E-05	325.300724
2.59999	4.55E-11	325.325244	0.0999999	3.03382E-05	325.325244
2.69999	4.58E-11	325.349786	0.0999999	3.11633E-05	325.349786
2.79999	4.67E-11	325.37431	0.1	3.19883E-05	325.37431
2.89999	4.59E-11	325.39905	0.1000001	3.2814E-05	325.39905
2.99999	4.72E-11	325.423616	0.1	3.36398E-05	325.423616
3.09999	4.83E-11	325.44815	0.1000002	3.44669E-05	325.44815
3.19999	4.81E-11	325.472761	0.1000001	3.52946E-05	325.472761
3.29999	4.82E-11	325.49731	0.1000001	3.6122E-05	325.49731
3.39999	4.86E-11	325.52188	0.1	3.69499E-05	325.52188
3.49999	4.95E-11	325.546386	0.0999999	3.77786E-05	325.546386
3.59999	4.93E-11	325.570893	0.0999999	3.86079E-05	325.570893
3.69999	4.98E-11	325.595412	0.0999999	3.94369E-05	325.595412
3.79999	5.02E-11	325.619973	0.0999999	4.02668E-05	325.619973
3.89999	5.03E-11	325.64453	0.0999999	4.10979E-05	325.64453
3.99999	4.3E-11	325.709242	0.1000001	4.19162E-05	325.709242
4.09999	4.91E-11	325.733766	0.0999999	4.27514E-05	325.733766
4.19999	4.93E-11	325.758333	0.1	4.35855E-05	325.758333
4.29999	5.01E-11	325.782849	0.1	4.44193E-05	325.782849
4.39999	4.69E-11	325.809157	0.1000001	4.52525E-05	325.809157
4.49999	5.09E-11	325.833679	0.1000002	4.60878E-05	325.833679
4.59999	5.14E-11	325.858195	0.1	4.69225E-05	325.858195
4.69999	5.17E-11	325.882698	0.1000002	4.77571E-05	325.882698
4.79999	5.16E-11	325.907237	0.0999998	4.85931E-05	325.907237
4.89999	5.21E-11	325.931736	0.1000002	4.94303E-05	325.931736
4.99999	5.24E-11	325.956256	0.1000002	5.02672E-05	325.956256
5.09999	5.23E-11	325.980871	0.1000001	5.11053E-05	325.980871
5.19999	5.28E-11	326.005421	0.0999998	5.19449E-05	326.005421
5.29999	5.33E-11	326.029974	0.0999999	5.27857E-05	326.029974
5.39999	5.29E-11	326.054482	0.1	5.36257E-05	326.054482
5.49999	5.32E-11	326.079065	0.1000002	5.44659E-05	326.079065
5.59999	5.37E-11	326.103625	0.1000001	5.53077E-05	326.103625
5.69999	5.35E-11	326.12823	0.0999999	5.61516E-05	326.12823
5.79999	5.41E-11	326.152742	0.0999999	5.69956E-05	326.152742
5.89999	4.78E-11	326.203754	0.1	5.78332E-05	326.203754
5.99999	5.23E-11	326.228316	0.1000003	5.86811E-05	326.228316
6.09999	5.33E-11	326.252871	0.1000002	5.95291E-05	326.252871
6.19999	5.35E-11	326.277392	0.1	6.03782E-05	326.277392
6.29999	5.43E-11	326.301964	0.1000001	6.12274E-05	326.301964
6.39999	5.38E-11	326.326493	0.1	6.2077E-05	326.326493
6.49999	5.46E-11	326.351011	0.1000001	6.2928E-05	326.351011
6.59999	5.5E-11	326.375541	0.0999998	6.37799E-05	326.375541
6.69999	5.49E-11	326.400061	0.1	6.4633E-05	326.400061
6.79999	5.56E-11	326.424652	0.1	6.54856E-05	326.424652
6.89999	5.56E-11	326.449253	0.1	6.63395E-05	326.449253
6.99999	5.58E-11	326.473818	0.1000003	6.71965E-05	326.473818
7.09999	5.55E-11	326.498378	0.1000002	6.80528E-05	326.498378
7.19999	5.58E-11	326.522889	0.1000003	6.89112E-05	326.522889
7.29999	5.57E-11	326.547426	0.0999999	6.97686E-05	326.547426
7.39999	5.63E-11	326.571964	0.1000001	7.06285E-05	326.571964
7.49999	5.63E-11	326.596472	0.1000003	7.14885E-05	326.596472
7.59999	5.65E-11	326.620994	0.1	7.23501E-05	326.620994
7.69999	5.62E-11	326.645569	0.1	7.32118E-05	326.645569
7.79999	4.92E-11	326.707324	0.1	7.40639E-05	326.707324
7.89999	5.41E-11	326.731894	0.0999999	7.49323E-05	326.731894
7.99999	5.51E-11	326.756453	0.1	7.57986E-05	326.756453
8.09999	5.49E-11	326.780996	0.1000003	7.66656E-05	326.780996
8.19999	5.57E-11	326.805597	0.0999999	7.7535E-05	326.805597
8.29999	5.61E-11	326.83014	0.1000002	7.84041E-05	326.83014
8.39999	5.64E-11	326.854666	0.0999998	7.92745E-05	326.854666
8.49999	5.7E-11	326.879192	0.0999999	8.01447E-05	326.879192
8.59999	5.67E-11	326.90374	0.1000001	8.10168E-05	326.90374
8.69999	5.75E-11	326.928254	0.1	8.18894E-05	326.928254
8.79999	5.72E-11	326.952808	0.0999999	8.27622E-05	326.952808
8.89999	5.75E-11	326.977411	0.1	8.36372E-05	326.977411
8.99999	5.76E-11	327.002013	0.1	8.45141E-05	327.002013
9.09999	5.86E-11	327.026549	0.0999999	8.53898E-05	327.026549
9.19999	5.76E-11	327.051282	0.1000002	8.62682E-05	327.051282
9.29999	5.84E-11	327.075871	0.1	8.71449E-05	327.075871
9.39999	5.78E-11	327.100521	0.1000003	8.80276E-05	327.100521
9.49999	5.83E-11	327.125057	0.0999999	8.89096E-05	327.125057
9.59999	5.84E-11	327.14956	0.1	8.97928E-05	327.14956
9.69999	5.29E-11	327.206387	0.0999999	9.06712E-05	327.206387
9.79999	5.77E-11	327.230901	0.0999999	9.15583E-05	327.230901
9.89999	5.73E-11	327.255511	0.1000001	9.2445E-05	327.255511
9.99999	5.79E-11	327.280021	0.1	9.33325E-05	327.280021
9.9	4.48E-11	327.304602	0.1	9.24312E-05	327.304602
9.8	4.15E-11	327.32912	0.0999999	9.15354E-05	327.32912
9.7	3.91E-11	327.353686	0.0999999	9.0643E-05	327.353686
9.6	3.77E-11	327.378251	0.0999999	8.97535E-05	327.378251
9.5	3.61E-11	327.402792	0.1	8.88626E-05	327.402792
9.4	3.5E-11	327.427411	0.0999997	8.79744E-05	327.427411
9.3	3.37E-11	327.451972	0.0999997	8.70866E-05	327.451972
9.2	3.33E-11	327.47654	0.1000002	8.62023E-05	327.47654
9.1	3.21E-11	327.501042	0.0999999	8.53174E-05	327.501042
9	3.18E-11	327.525567	0.1000001	8.4434E-05	327.525567
8.9	3.06E-11	327.550114	0.0999999	8.35555E-05	327.550114
8.8	2.99E-11	327.57463	0.1	8.26731E-05	327.57463
8.7	2.92E-11	327.599134	0.0999997	8.17905E-05	327.599134
8.6	2.97E-11	327.623661	0.1	8.09092E-05	327.623661
8.5	2.85E-11	327.648262	0.1000001	8.00297E-05	327.648262
8.4	3.56E-11	327.710271	0.0999998	7.91575E-05	327.710271
8.3	2.98E-11	327.734839	0.1	7.82779E-05	327.734839
8.2	2.84E-11	327.759396	0.1000002	7.7401E-05	327.759396
8.1	2.78E-11	327.783922	0.0999998	7.65259E-05	327.783922
8	2.72E-11	327.808494	0.1	7.5652E-05	327.808494
7.9	2.58E-11	327.833037	0.0999999	7.47795E-05	327.833037
7.8	2.61E-11	327.857593	0.0999997	7.39074E-05	327.857593
7.7	2.5E-11	327.882095	0.1	7.30371E-05	327.882095
7.6	2.46E-11	327.906595	0.0999998	7.21679E-05	327.906595
7.5	2.44E-11	327.9311	0.0999998	7.12985E-05	327.9311
7.4	2.4E-11	327.955631	0.1000001	7.04309E-05	327.955631
7.3	2.35E-11	327.980238	0.0999999	6.95645E-05	327.980238
7.2	2.33E-11	328.004768	0.0999998	6.86991E-05	328.004768
7.1	2.24E-11	328.029262	0.1	6.78341E-05	328.029262
7	2.23E-11	328.0538	0.1	6.69696E-05	328.0538
6.9	2.16E-11	328.078367	0.1000002	6.61073E-05	328.078367
6.8	2.28E-11	328.103134	0.1	6.52456E-05	328.103134
6.7	2.2E-11	328.127668	0.1000001	6.43841E-05	328.127668
6.6	2.14E-11	328.152181	0.1	6.35237E-05	328.152181
6.5	2.77E-11	328.214143	0.1	6.2671E-05	328.214143
6.4	2.2E-11	328.238682	0.0999999	6.18113E-05	328.238682
6.3	2.09E-11	328.263205	0.1	6.09529E-05	328.263205
6.2	2.02E-11	328.287722	0.0999999	6.00959E-05	328.287722
6.1	2E-11	328.312342	0.0999998	5.92411E-05	328.312342
6	1.95E-11	328.336863	0.1000002	5.83854E-05	328.336863
5.9	1.94E-11	328.361395	0.0999998	5.7532E-05	328.361395
5.8	1.89E-11	328.385932	0.1	5.66784E-05	328.385932
5.7	1.81E-11	328.410466	0.0999999	5.58269E-05	328.410466
5.6	1.76E-11	328.43498	0.0999999	5.4976E-05	328.43498
5.5	1.74E-11	328.459502	0.0999997	5.41249E-05	328.459502
5.4	1.67E-11	328.48414	0.0999999	5.3276E-05	328.48414
5.3	1.62E-11	328.508653	0.0999999	5.24275E-05	328.508653
5.2	1.59E-11	328.533207	0.0999998	5.15798E-05	328.533207
5.1	1.5E-11	328.557847	0.0999999	5.07333E-05	328.557847
5	1.51E-11	328.582428	0.0999999	4.98879E-05	328.582428
4.9	1.49E-11	328.606966	0.1000001	4.90435E-05	328.606966
4.8	1.42E-11	328.631491	0.1	4.81995E-05	328.631491
4.7	1.36E-11	328.656013	0.0999998	4.73563E-05	328.656013
4.6	2.02E-11	328.715604	0.0999999	4.65191E-05	328.715604
4.5	1.47E-11	328.740115	0.0999998	4.56772E-05	328.740115
4.4	1.34E-11	328.764681	0.1	4.48368E-05	328.764681
4.3	1.29E-11	328.789221	0.0999999	4.39963E-05	328.789221
4.2	1.24E-11	328.813826	0.0999999	4.31578E-05	328.813826
4.1	1.13E-11	328.83836	0.0999998	4.23193E-05	328.83836
4	1.08E-11	328.862887	0.0999998	4.14831E-05	328.862887
3.9	9.5E-12	328.887395	0.0999999	4.06468E-05	328.887395
3.8	9.6E-12	328.911919	0.0999999	3.98114E-05	328.911919
3.7	8.8E-12	328.936421	0.0999999	3.89764E-05	328.936421
3.6	8.5E-12	328.960967	0.1	3.81436E-05	328.960967
3.5	7.7E-12	328.985565	0.1	3.73107E-05	328.985565
3.4	7.4E-12	329.010161	0.1	3.64785E-05	329.010161
3.3	6.6E-12	329.034684	0.0999997	3.56479E-05	329.034684
3.2	5.8E-12	329.059206	0.0999999	3.48181E-05	329.059206
3.1	5.3E-12	329.083787	0.1	3.3989E-05	329.083787
3	4.5E-12	329.108295	0.1000001	3.31604E-05	329.108295
2.9	4.1E-12	329.132851	0.1000001	3.2334E-05	329.132851
2.8	2.8E-12	329.157351	0.1	3.15085E-05	329.157351
2.7	9.1E-12	329.21742	0.1	3.06877E-05	329.21742
2.6	3.3E-12	329.241954	0.1	2.9863E-05	329.241954
2.5	1.7E-12	329.26651	0.0999999	2.90391E-05	329.26651
2.4	1E-12	329.291054	0.0999999	2.82165E-05	329.291054
2.3	-3E-13	329.315625	0.0999998	2.73956E-05	329.315625
2.2	-1.3E-12	329.340148	0.1000001	2.65758E-05	329.340148
2.1	1.5E-12	329.366645	0.0999999	2.57632E-05	329.366645
2	-3.2E-12	329.391167	0.1000001	2.49467E-05	329.391167
1.9	-4E-12	329.415804	0.0999999	2.41306E-05	329.415804
1.8	-5.3E-12	329.440344	0.1	2.33168E-05	329.440344
1.7	-6.4E-12	329.464865	0.1	2.25041E-05	329.464865
1.6	-7.3E-12	329.489479	0.1000001	2.16941E-05	329.489479
1.5	-8.5E-12	329.513989	0.1	2.08855E-05	329.513989
1.4	-9.9E-12	329.538533	0.0999998	2.0079E-05	329.538533
1.3	-1.18E-11	329.563038	0.0999998	1.92747E-05	329.563038
1.2	-1.3E-11	329.587554	0.1	1.84745E-05	329.587554
1.1	-1.43E-11	329.612116	0.0999997	1.7677E-05	329.612116
1	-1.63E-11	329.636645	0.1	1.6883E-05	329.636645
0.9	-1.78E-11	329.661202	0.0999999	1.60939E-05	329.661202
0.8	-1.27E-11	329.718278	0.0999999	1.53145E-05	329.718278
0.7	-1.95E-11	329.742798	0.0999999	1.45338E-05	329.742798
0.6	-2.25E-11	329.767376	0.1	1.37611E-05	329.767376
0.5	-2.48E-11	329.79192	0.0999999	1.29943E-05	329.79192
0.4	-2.71E-11	329.816528	0.1	1.22354E-05	329.816528
0.3	-2.95E-11	329.841024	0.1	1.14833E-05	329.841024
0.1999997	-2.86E-11	329.867452	0.0999998	1.07399E-05	329.867452
0.0999997	-3.4E-11	329.891992	0.0999999	1.00022E-05	329.891992
-4E-07	-3.66E-11	329.91648	0.0999998	9.2728E-06	329.91648
