#scan	iMeasureCycle=1	iMux=0	time=0.031	N=401	LocalTime=19/04/2023 16:43:37
#VGate(V)	IGate(A)	time(s)	VDrain(V)	IDrain(A)	time(s)
-1E-07	-1.637E-10	0.033891	0.0999998	3.69432E-06	0.033891
-0.1000007	-2.225E-10	0.058749	0.0999998	3.10734E-06	0.058749
-0.2000004	-2.713E-10	0.083289	0.0999999	2.55656E-06	0.083289
-0.300001	-2.089E-10	0.108004	0.1	2.04621E-06	0.108004
-0.400001	-1.192E-10	0.132528	0.0999999	1.58454E-06	0.132528
-0.5	-9.27E-11	0.157048	0.0999999	1.17806E-06	0.157048
-0.6	-7.36E-11	0.184439	0.0999994	8.34283E-07	0.184439
-0.7	-7.02E-11	0.208974	0.0999996	5.541E-07	0.208974
-0.8	-6.61E-11	0.233588	0.0999994	3.40939E-07	0.233588
-0.9	-6.33E-11	0.258112	0.0999996	1.90938E-07	0.258112
-1	-6.14E-11	0.282653	0.0999998	9.5297E-08	0.282653
-1.1	-5.28E-11	0.320336	0.0999954	4.25188E-08	0.320336
-1.200001	-7.24E-11	0.343629	0.1000047	1.58186E-08	0.343629
-1.300001	-7.04E-11	0.366933	0.1000013	5.1005E-09	0.366933
-1.400001	-7.17E-11	0.390186	0.1000008	1.423E-09	0.390186
-1.500001	-7.09E-11	0.413491	0.1000005	3.425E-10	0.413491
-1.600001	-7.07E-11	0.436768	0.1000001	6.25E-11	0.436768
-1.7	-7.31E-11	0.459971	0.1000003	1.5E-12	0.459971
-1.800001	-7.31E-11	0.483193	0.1000002	-9.1E-12	0.483193
-1.900001	-7.28E-11	0.506405	0.1000002	-1.06E-11	0.506405
-2.000001	-7.17E-11	0.529684	0.1000002	-1.05E-11	0.529684
-2.100001	-7.28E-11	0.553104	0.1000001	-1.03E-11	0.553104
-2.2	-5.14E-11	0.60131	0.1	-1.2E-11	0.60131
-2.3	-7.16E-11	0.624547	0.1000002	-1.05E-11	0.624547
-2.4	-6.96E-11	0.647883	0.1000002	-1.02E-11	0.647883
-2.5	-7.1E-11	0.671157	0.1000003	-1E-11	0.671157
-2.6	-7.34E-11	0.694441	0.1000003	-9.6E-12	0.694441
-2.7	-7.42E-11	0.717661	0.1000003	-9.6E-12	0.717661
-2.8	-7.24E-11	0.740951	0.1000003	-9.8E-12	0.740951
-2.9	-7.3E-11	0.764216	0.1000001	-9.5E-12	0.764216
-3	-7.46E-11	0.787428	0.1000004	-9.6E-12	0.787428
-3.1	-7.53E-11	0.810646	0.1000003	-9.7E-12	0.810646
-3.2	-7.55E-11	0.833936	0.1000003	-9.7E-12	0.833936
-3.3	-7.46E-11	0.857222	0.1000002	-9.4E-12	0.857222
-3.4	-7.68E-11	0.880609	0.1000002	-9.4E-12	0.880609
-3.5	-7.52E-11	0.903916	0.1000002	-9.6E-12	0.903916
-3.6	-7.53E-11	0.927229	0.1000003	-9.7E-12	0.927229
-3.7	-7.71E-11	0.950447	0.1000002	-9.4E-12	0.950447
-3.8	-7.79E-11	0.973659	0.1000001	-9.4E-12	0.973659
-3.9	-7.76E-11	0.996905	0.1000003	-9.3E-12	0.996905
-4	-7.67E-11	1.020208	0.1000004	-9.4E-12	1.020208
-4.1	-7.77E-11	1.043434	0.1000003	-9.4E-12	1.043434
-4.2	-5.72E-11	1.097141	0.1	-1.11E-11	1.097141
-4.3	-7.55E-11	1.120451	0.1000002	-9.3E-12	1.120451
-4.4	-7.73E-11	1.143697	0.1000002	-9.2E-12	1.143697
-4.5	-7.8E-11	1.166995	0.1000003	-9.4E-12	1.166995
-4.6	-7.72E-11	1.190329	0.1000002	-9.4E-12	1.190329
-4.7	-7.89E-11	1.213583	0.1000003	-9.2E-12	1.213583
-4.8	-7.97E-11	1.236824	0.1000003	-8.8E-12	1.236824
-4.9	-8.03E-11	1.260023	0.1000003	-9.1E-12	1.260023
-5	-7.84E-11	1.283315	0.1000002	-9.4E-12	1.283315
-5.1	-7.85E-11	1.306607	0.1000003	-8.8E-12	1.306607
-5.2	-8.08E-11	1.329946	0.1000002	-8.7E-12	1.329946
-5.3	-8.14E-11	1.353159	0.1000002	-8.7E-12	1.353159
-5.4	-8E-11	1.376451	0.1000002	-9.2E-12	1.376451
-5.5	-8.14E-11	1.399665	0.1000002	-9.2E-12	1.399665
-5.6	-8.24E-11	1.422901	0.1000003	-8.9E-12	1.422901
-5.7	-8.25E-11	1.446111	0.1000001	-8.8E-12	1.446111
-5.8	-8.09E-11	1.469386	0.1000003	-9.2E-12	1.469386
-5.9	-8.1E-11	1.492768	0.1000004	-9.1E-12	1.492768
-6	-8.31E-11	1.515979	0.1000003	-9E-12	1.515979
-6.1	-8.13E-11	1.539277	0.1000001	-9E-12	1.539277
-6.2	-6.15E-11	1.598653	0.1000001	-1.04E-11	1.598653
-6.3	-8.14E-11	1.621892	0.1000003	-8.8E-12	1.621892
-6.4	-8.21E-11	1.645109	0.1000003	-8.6E-12	1.645109
-6.5	-8.26E-11	1.668318	0.1000004	-8.9E-12	1.668318
-6.6	-8.11E-11	1.691669	0.1000001	-8.8E-12	1.691669
-6.7	-8.28E-11	1.714922	0.1000002	-8.8E-12	1.714922
-6.8	-8.19E-11	1.738252	0.1000003	-8.4E-12	1.738252
-6.9	-8.31E-11	1.761539	0.1000003	-8.5E-12	1.761539
-7	-8.34E-11	1.78483	0.1000004	-8.8E-12	1.78483
-7.1	-8.4E-11	1.808064	0.1000004	-8.5E-12	1.808064
-7.2	-8.51E-11	1.831374	0.1000004	-8.6E-12	1.831374
-7.3	-8.37E-11	1.854666	0.1000002	-9.1E-12	1.854666
-7.4	-8.35E-11	1.877959	0.1000004	-9.4E-12	1.877959
-7.5	-8.51E-11	1.901241	0.1000003	-8.9E-12	1.901241
-7.6	-8.61E-11	1.924484	0.1000003	-8.8E-12	1.924484
-7.7	-8.45E-11	1.947778	0.1000002	-8.9E-12	1.947778
-7.8	-8.62E-11	1.970969	0.1000003	-8.8E-12	1.970969
-7.9	-8.65E-11	1.994189	0.1000002	-8.4E-12	1.994189
-8	-8.67E-11	2.017418	0.1000004	-8.9E-12	2.017418
-8.1	-8.51E-11	2.040716	0.1000001	-9.2E-12	2.040716
-8.2	-6.58E-11	2.095848	0.0999999	-1.05E-11	2.095848
-8.3	-8.33E-11	2.119164	0.1000002	-9.1E-12	2.119164
-8.4	-8.6E-11	2.142376	0.1000002	-9.4E-12	2.142376
-8.5	-8.58E-11	2.16559	0.1000004	-8.8E-12	2.16559
-8.6	-8.48E-11	2.188932	0.1000001	-8.7E-12	2.188932
-8.7	-8.63E-11	2.212182	0.1000003	-8.7E-12	2.212182
-8.8	-8.64E-11	2.235482	0.1000002	-8.8E-12	2.235482
-8.9	-8.71E-11	2.258707	0.1000002	-8.6E-12	2.258707
-9	-8.57E-11	2.282005	0.1000004	-9.1E-12	2.282005
-9.1	-8.81E-11	2.305214	0.1000001	-8.7E-12	2.305214
-9.2	-8.79E-11	2.328448	0.1000002	-9E-12	2.328448
-9.3	-8.81E-11	2.35174	0.1000003	-8.8E-12	2.35174
-9.4	-8.62E-11	2.375036	0.1000003	-8.9E-12	2.375036
-9.5	-8.87E-11	2.398232	0.1000003	-8.4E-12	2.398232
-9.6	-8.85E-11	2.421484	0.1000001	-8.4E-12	2.421484
-9.7	-8.82E-11	2.444728	0.1000004	-8.4E-12	2.444728
-9.8	-8.87E-11	2.467953	0.1000003	-8.1E-12	2.467953
-9.9	-8.71E-11	2.491254	0.1000002	-8.6E-12	2.491254
-10	-8.82E-11	2.514512	0.1000004	-8.4E-12	2.514512
-9.90001	-4.64E-11	2.537722	0.1	-1.17E-11	2.537722
-9.80001	-4.39E-11	2.561104	0.0999999	-1.16E-11	2.561104
-9.70001	-5.91E-11	2.601264	0.1000002	-9.9E-12	2.601264
-9.60001	-3.87E-11	2.624508	0.1	-1.17E-11	2.624508
-9.50001	-3.69E-11	2.647726	0.0999997	-1.14E-11	2.647726
-9.40001	-3.47E-11	2.670942	0.0999999	-1.13E-11	2.670942
-9.30001	-3.58E-11	2.694278	0.0999999	-1.18E-11	2.694278
-9.20001	-3.34E-11	2.717506	0.0999998	-1.19E-11	2.717506
-9.10001	-3.22E-11	2.740725	0.0999999	-1.2E-11	2.740725
-9.00001	-3.32E-11	2.764094	0.0999999	-1.21E-11	2.764094
-8.90001	-3.16E-11	2.787367	0.1000001	-1.24E-11	2.787367
-8.80001	-3E-11	2.810585	0.0999997	-1.21E-11	2.810585
-8.70001	-2.95E-11	2.833897	0.0999997	-1.19E-11	2.833897
-8.60001	-3E-11	2.857194	0.0999997	-1.2E-11	2.857194
-8.50001	-2.97E-11	2.880487	0.1	-1.15E-11	2.880487
-8.40001	-2.76E-11	2.903788	0.0999999	-1.22E-11	2.903788
-8.30001	-2.67E-11	2.927024	0.0999998	-1.25E-11	2.927024
-8.20001	-2.65E-11	2.950252	0.0999998	-1.22E-11	2.950252
-8.10001	-2.77E-11	2.973544	0.0999999	-1.22E-11	2.973544
-8.00001	-2.59E-11	2.996761	0.1	-1.26E-11	2.996761
-7.90001	-2.56E-11	3.020006	0.1	-1.31E-11	3.020006
-7.80001	-2.58E-11	3.043297	0.0999999	-1.23E-11	3.043297
-7.70001	-4.49E-11	3.098229	0.0999999	-1.08E-11	3.098229
-7.60001	-2.61E-11	3.121543	0.1	-1.2E-11	3.121543
-7.50001	-2.42E-11	3.144749	0.0999999	-1.29E-11	3.144749
-7.40001	-2.36E-11	3.168047	0.0999999	-1.25E-11	3.168047
-7.30001	-2.33E-11	3.191311	0.0999999	-1.26E-11	3.191311
-7.2	-2.44E-11	3.214614	0.0999999	-1.24E-11	3.214614
-7.10001	-2.23E-11	3.237925	0.0999997	-1.27E-11	3.237925
-7.00001	-2.13E-11	3.261143	0.0999998	-1.32E-11	3.261143
-6.90001	-2.28E-11	3.284433	0.1	-1.3E-11	3.284433
-6.80001	-2.23E-11	3.307705	0.0999999	-1.27E-11	3.307705
-6.70001	-2.02E-11	3.330942	0.0999998	-1.27E-11	3.330942
-6.60001	-1.97E-11	3.354245	0.0999998	-1.26E-11	3.354245
-6.50001	-2.09E-11	3.37753	0.0999998	-1.26E-11	3.37753
-6.40001	-2.08E-11	3.400818	0.0999998	-1.29E-11	3.400818
-6.30001	-1.95E-11	3.424095	0.0999998	-1.3E-11	3.424095
-6.20001	-1.89E-11	3.447335	0.0999999	-1.3E-11	3.447335
-6.10001	-1.92E-11	3.470628	0.0999998	-1.26E-11	3.470628
-6.00001	-1.75E-11	3.493824	0.0999999	-1.29E-11	3.493824
-5.90001	-1.79E-11	3.517071	0.0999998	-1.25E-11	3.517071
-5.80001	-1.71E-11	3.540287	0.0999998	-1.26E-11	3.540287
-5.70001	-1.82E-11	3.563666	0.0999998	-1.25E-11	3.563666
-5.60001	-3.7E-11	3.604216	0.1000001	-1.08E-11	3.604216
-5.50001	-1.75E-11	3.627469	0.0999999	-1.28E-11	3.627469
-5.40001	-1.75E-11	3.650766	0.0999998	-1.25E-11	3.650766
-5.30001	-1.69E-11	3.674073	0.1	-1.29E-11	3.674073
-5.20001	-1.49E-11	3.697343	0.0999998	-1.27E-11	3.697343
-5.1	-1.5E-11	3.720557	0.0999998	-1.27E-11	3.720557
-5.00001	-1.54E-11	3.743858	0.0999998	-1.31E-11	3.743858
-4.90001	-1.37E-11	3.767063	0.0999999	-1.33E-11	3.767063
-4.80001	-1.32E-11	3.790356	0.0999997	-1.32E-11	3.790356
-4.7	-1.22E-11	3.813564	0.0999997	-1.37E-11	3.813564
-4.60001	-1.2E-11	3.836861	0.0999999	-1.34E-11	3.836861
-4.50001	-1.35E-11	3.860154	0.1	-1.33E-11	3.860154
-4.40001	-1.11E-11	3.883355	0.0999998	-1.34E-11	3.883355
-4.3	-1.03E-11	3.906656	0.0999999	-1.35E-11	3.906656
-4.20001	-1.06E-11	3.929918	0.0999999	-1.36E-11	3.929918
-4.10001	-1.02E-11	3.953117	0.0999999	-1.38E-11	3.953117
-4.00001	-8.8E-12	3.976332	0.0999998	-1.37E-11	3.976332
-3.90001	-9.2E-12	3.999576	0.0999998	-1.36E-11	3.999576
-3.80001	-9.7E-12	4.022886	0.0999997	-1.37E-11	4.022886
-3.70001	-9.7E-12	4.046174	0.0999999	-1.37E-11	4.046174
-3.60001	-2.85E-11	4.105625	0.1	-1.18E-11	4.105625
-3.50001	-8.9E-12	4.12885	0.0999998	-1.37E-11	4.12885
-3.40001	-9E-12	4.152143	0.0999999	-1.35E-11	4.152143
-3.30001	-6.6E-12	4.175346	0.0999999	-1.38E-11	4.175346
-3.20001	-6.1E-12	4.198611	0.0999999	-1.4E-11	4.198611
-3.10001	-6.5E-12	4.221888	0.0999996	-1.39E-11	4.221888
-3.00001	-6.2E-12	4.245207	0.0999998	-1.39E-11	4.245207
-2.90001	-4.2E-12	4.268418	0.0999999	-1.42E-11	4.268418
-2.80001	-3.2E-12	4.291636	0.0999999	-1.4E-11	4.291636
-2.70001	-4.5E-12	4.314923	0.0999999	-1.43E-11	4.314923
-2.60001	-3.8E-12	4.338291	0.0999998	-1.41E-11	4.338291
-2.50001	-2E-12	4.361531	0.0999997	-1.43E-11	4.361531
-2.40001	-5E-13	4.384745	0.0999998	-1.41E-11	4.384745
-2.30001	-1.5E-12	4.408036	0.0999998	-1.41E-11	4.408036
-2.20001	-9E-13	4.431364	0.0999999	-1.45E-11	4.431364
-2.099999	-1.51E-11	4.456491	0.1	-1.31E-11	4.456491
-2	2E-12	4.479709	0.0999998	-1.44E-11	4.479709
-1.9	1.5E-12	4.503003	0.0999999	-1.37E-11	4.503003
-1.8	2.5E-12	4.526284	0.0999998	-9.2E-12	4.526284
-1.699999	4.8E-12	4.549504	0.1	1.84E-11	4.549504
-1.600001	-1.61E-11	4.607071	0.1000001	1.453E-10	4.607071
-1.5	3.3E-12	4.630376	0.1	7.067E-10	4.630376
-1.4	4.8E-12	4.653674	0.1000007	2.6613E-09	4.653674
-1.3	8.2E-12	4.676892	0.1000023	8.6603E-09	4.676892
-1.2	7.6E-12	4.700237	0.1000056	2.4374E-08	4.700237
-1.1	8.8E-12	4.723518	0.1000071	5.92453E-08	4.723518
-1.000001	-9.3E-12	4.762981	0.1	1.22564E-07	4.762981
-0.9	-3E-12	4.787481	0.1000005	2.35102E-07	4.787481
-0.8	-1.8E-12	4.812052	0.100001	4.02061E-07	4.812052
-0.7	-2E-13	4.836648	0.1000008	6.31272E-07	4.836648
-0.6	1.1E-12	4.861209	0.1000011	9.24531E-07	4.861209
-0.500001	-2.7E-12	4.895925	0.1	1.27429E-06	4.895925
-0.400001	3.4E-12	4.920684	0.1000001	1.6911E-06	4.920684
-0.3	5.2E-12	4.945198	0.1000001	2.15823E-06	4.945198
-0.1999999	3.9E-12	4.971649	0.1000001	2.66921E-06	4.971649
-0.0999997	9.1E-12	4.996187	0.1000001	3.2199E-06	4.996187
3E-07	1.04E-11	5.020715	0.1000002	3.80157E-06	5.020715
0.1000003	1.29E-11	5.045288	0.1000001	4.40973E-06	5.045288
0.1999999	8.2E-12	5.093407	0.1000001	5.02951E-06	5.093407
0.299999	1.48E-11	5.118188	0.1000002	5.68021E-06	5.118188
0.399999	1.71E-11	5.142706	0.0999999	6.34434E-06	5.142706
0.5	1.94E-11	5.167342	0.1000001	7.01968E-06	5.167342
0.599999	2.17E-11	5.191871	0.0999999	7.70613E-06	5.191871
0.7	2.36E-11	5.216493	0.1000002	8.40209E-06	5.216493
0.799999	2.54E-11	5.241066	0.1000001	9.10735E-06	5.241066
0.9	2.73E-11	5.265608	0.1000001	9.82124E-06	5.265608
0.999999	2.39E-11	5.300173	0.1000002	1.05309E-05	5.300173
1.1	3.05E-11	5.324677	0.1000001	1.12601E-05	5.324677
1.199999	3.24E-11	5.349253	0.1000001	1.19932E-05	5.349253
1.3	3.37E-11	5.373753	0.1000002	1.27307E-05	5.373753
1.399999	3.52E-11	5.398257	0.1000001	1.34714E-05	5.398257
1.5	3.67E-11	5.423017	0.1	1.4215E-05	5.423017
1.599999	3.79E-11	5.447552	0.1000002	1.49614E-05	5.447552
1.699999	3.89E-11	5.472051	0.1000001	1.571E-05	5.472051
1.8	3.98E-11	5.49656	0.1000002	1.64607E-05	5.49656
1.899999	4.04E-11	5.521059	0.1000003	1.72133E-05	5.521059
2	4.1E-11	5.545602	0.1	1.79664E-05	5.545602
2.099999	3.45E-11	5.594908	0.1	1.87092E-05	5.594908
2.19999	4.04E-11	5.619705	0.1000002	1.94651E-05	5.619705
2.29999	4.19E-11	5.64422	0.1000002	2.02245E-05	5.64422
2.39999	4.27E-11	5.668749	0.1	2.0985E-05	5.668749
2.49999	4.29E-11	5.693254	0.1	2.17461E-05	5.693254
2.59999	4.38E-11	5.717836	0.0999999	2.25076E-05	5.717836
2.69999	4.43E-11	5.74234	0.1000001	2.32702E-05	5.74234
2.79999	4.47E-11	5.766874	0.1000002	2.40335E-05	5.766874
2.89999	4.56E-11	5.791402	0.1	2.47983E-05	5.791402
2.99999	4.59E-11	5.815924	0.1000003	2.55646E-05	5.815924
3.09999	4.58E-11	5.840607	0.1	2.63303E-05	5.840607
3.19999	4.7E-11	5.865133	0.1	2.70983E-05	5.865133
3.29999	4.72E-11	5.889667	0.1000001	2.78675E-05	5.889667
3.39999	4.75E-11	5.914258	0.1000002	2.86369E-05	5.914258
3.49999	4.79E-11	5.938804	0.1	2.94071E-05	5.938804
3.59999	4.83E-11	5.963346	0.1000001	3.01784E-05	5.963346
3.69999	4.83E-11	5.98787	0.1	3.0952E-05	5.98787
3.79999	4.84E-11	6.012366	0.1	3.1726E-05	6.012366
3.89999	4.87E-11	6.036886	0.1000001	3.25004E-05	6.036886
3.99999	4.89E-11	6.06141	0.1	3.32757E-05	6.06141
4.09999	4.29E-11	6.108711	0.1000001	3.40441E-05	6.108711
4.19999	4.76E-11	6.133245	0.1000001	3.4825E-05	6.133245
4.29999	4.82E-11	6.157765	0.1000002	3.56054E-05	6.157765
4.39999	4.87E-11	6.182303	0.1000001	3.6387E-05	6.182303
4.49999	4.95E-11	6.206866	0.1000001	3.71689E-05	6.206866
4.59999	4.96E-11	6.231483	0.0999999	3.79509E-05	6.231483
4.69999	4.95E-11	6.256044	0.1	3.87346E-05	6.256044
4.79999	4.99E-11	6.280558	0.1	3.95198E-05	6.280558
4.89999	5.02E-11	6.305059	0.1000002	4.03055E-05	6.305059
4.99999	5.04E-11	6.329601	0.1	4.10921E-05	6.329601
5.09999	5.09E-11	6.354202	0.0999999	4.18804E-05	6.354202
5.19999	5.07E-11	6.378748	0.1	4.26695E-05	6.378748
5.29999	5.1E-11	6.403295	0.1000001	4.34596E-05	6.403295
5.39999	5.15E-11	6.42783	0.1	4.4251E-05	6.42783
5.49999	5.09E-11	6.452389	0.0999999	4.50433E-05	6.452389
5.59999	5.2E-11	6.476912	0.1000001	4.58367E-05	6.476912
5.69999	5.19E-11	6.501441	0.1000001	4.66316E-05	6.501441
5.79999	5.26E-11	6.525941	0.1	4.74278E-05	6.525941
5.89999	5.22E-11	6.550474	0.1	4.82248E-05	6.550474
5.99999	4.51E-11	6.608052	0.1	4.90105E-05	6.608052
6.09999	5.03E-11	6.63263	0.1000002	4.98144E-05	6.63263
6.19999	5.12E-11	6.657179	0.1000002	5.06168E-05	6.657179
6.29999	5.19E-11	6.681721	0.0999999	5.14189E-05	6.681721
6.39999	5.22E-11	6.706284	0.0999999	5.22229E-05	6.706284
6.49999	5.24E-11	6.730827	0.1	5.30283E-05	6.730827
6.59999	5.29E-11	6.755381	0.1	5.38339E-05	6.755381
6.69999	5.33E-11	6.77989	0.1000001	5.46405E-05	6.77989
6.79999	5.35E-11	6.804398	0.1	5.54481E-05	6.804398
6.89999	5.35E-11	6.828905	0.0999999	5.62581E-05	6.828905
6.99999	5.31E-11	6.853549	0.1000001	5.70684E-05	6.853549
7.09999	5.37E-11	6.878111	0.1	5.78799E-05	6.878111
7.19999	5.39E-11	6.90272	0.1000002	5.86926E-05	6.90272
7.29999	5.43E-11	6.927255	0.0999997	5.95067E-05	6.927255
7.39999	5.38E-11	6.951889	0.0999999	6.03218E-05	6.951889
7.49999	5.39E-11	6.976404	0.1	6.11384E-05	6.976404
7.59999	5.41E-11	7.000906	0.1000001	6.19573E-05	7.000906
7.69999	5.43E-11	7.025428	0.1000002	6.27759E-05	7.025428
7.79999	5.47E-11	7.049944	0.1000002	6.35955E-05	7.049944
7.89999	4.82E-11	7.099107	0.1	6.44078E-05	7.099107
7.99999	5.37E-11	7.123697	0.1000002	6.52343E-05	7.123697
8.09999	5.45E-11	7.148287	0.1000003	6.60589E-05	7.148287
8.19999	5.49E-11	7.172897	0.1000002	6.68851E-05	7.172897
8.29999	5.21E-11	7.199081	0.1000001	6.7711E-05	7.199081
8.39999	5.51E-11	7.223636	0.0999999	6.8539E-05	7.223636
8.49999	5.52E-11	7.248213	0.1000002	6.93677E-05	7.248213
8.59999	5.61E-11	7.272724	0.1000001	7.01987E-05	7.272724
8.69999	5.58E-11	7.297238	0.1000001	7.10289E-05	7.297238
8.79999	5.62E-11	7.321739	0.1	7.18614E-05	7.321739
8.89999	5.58E-11	7.346317	0.1	7.26959E-05	7.346317
8.99999	5.67E-11	7.370839	0.1000001	7.35311E-05	7.370839
9.09999	5.64E-11	7.395385	0.1000001	7.43669E-05	7.395385
9.19999	5.63E-11	7.41989	0.0999999	7.52037E-05	7.41989
9.29999	5.65E-11	7.444472	0.1000001	7.60393E-05	7.444472
9.39999	5.68E-11	7.468991	0.1000002	7.68818E-05	7.468991
9.49999	5.66E-11	7.493496	0.0999999	7.77245E-05	7.493496
9.59999	5.63E-11	7.518038	0.0999999	7.85682E-05	7.518038
9.69999	5.71E-11	7.542542	0.1000001	7.94144E-05	7.542542
9.79999	5.74E-11	7.567154	0.1000002	8.02586E-05	7.567154
9.89999	5.13E-11	7.613206	0.1000002	8.10994E-05	7.613206
9.99999	5.6E-11	7.637713	0.1000001	8.19489E-05	7.637713
9.9	4.31E-11	7.662265	0.0999996	8.10873E-05	7.662265
9.8	3.97E-11	7.68678	0.0999999	8.02303E-05	7.68678
9.7	3.77E-11	7.711374	0.0999998	7.93758E-05	7.711374
9.6	3.52E-11	7.73588	0.0999999	7.8523E-05	7.73588
9.5	3.45E-11	7.760499	0.0999998	7.7672E-05	7.760499
9.4	3.3E-11	7.785014	0.0999999	7.6823E-05	7.785014
9.3	3.2E-11	7.809563	0.0999999	7.59752E-05	7.809563
9.2	3.11E-11	7.834069	0.1	7.51289E-05	7.834069
9.1	3.02E-11	7.858675	0.1	7.42847E-05	7.858675
9	2.98E-11	7.883195	0.0999999	7.34408E-05	7.883195
8.9	2.88E-11	7.907827	0.1	7.26023E-05	7.907827
8.8	2.81E-11	7.932394	0.0999998	7.17602E-05	7.932394
8.7	2.71E-11	7.9569	0.1000001	7.09197E-05	7.9569
8.6	2.67E-11	7.981427	0.0999999	7.00799E-05	7.981427
8.5	2.58E-11	8.005932	0.1	6.92405E-05	8.005932
8.4	2.56E-11	8.030465	0.0999998	6.84037E-05	8.030465
8.3	2.53E-11	8.054981	0.0999999	6.75686E-05	8.054981
8.2	3.21E-11	8.11695	0.1	6.67392E-05	8.11695
8.1	2.62E-11	8.141502	0.0999998	6.59041E-05	8.141502
8	2.51E-11	8.16604	0.1000001	6.50726E-05	8.16604
7.9	2.46E-11	8.190584	0.0999999	6.42418E-05	8.190584
7.8	2.36E-11	8.21516	0.0999998	6.34119E-05	8.21516
7.7	2.29E-11	8.239793	0.1000002	6.25834E-05	8.239793
7.6	2.34E-11	8.264323	0.0999998	6.17579E-05	8.264323
7.5	2.2E-11	8.288853	0.1	6.09318E-05	8.288853
7.4	2.18E-11	8.313391	0.1	6.0107E-05	8.313391
7.3	2.15E-11	8.33792	0.0999998	5.92836E-05	8.33792
7.2	2.1E-11	8.36255	0.1	5.84622E-05	8.36255
7.1	2.02E-11	8.387083	0.0999998	5.76419E-05	8.387083
7	1.99E-11	8.411627	0.0999998	5.68217E-05	8.411627
6.9	1.96E-11	8.436167	0.1	5.60032E-05	8.436167
6.8	1.93E-11	8.460673	0.0999997	5.51859E-05	8.460673
6.7	1.92E-11	8.485208	0.1000001	5.43699E-05	8.485208
6.6	1.88E-11	8.509725	0.1000001	5.35542E-05	8.509725
6.5	1.8E-11	8.534251	0.0999998	5.27416E-05	8.534251
6.4	1.73E-11	8.558766	0.1000001	5.19291E-05	8.558766
6.3	2.4E-11	8.620838	0.1	5.11239E-05	8.620838
6.2	1.86E-11	8.645365	0.1	5.03122E-05	8.645365
6.1	1.76E-11	8.669969	0.0999998	4.9503E-05	8.669969
6	1.69E-11	8.694498	0.1	4.86948E-05	8.694498
5.9	1.66E-11	8.719082	0.1	4.78877E-05	8.719082
5.8	1.6E-11	8.743593	0.0999999	4.70815E-05	8.743593
5.7	1.54E-11	8.768207	0.1	4.62765E-05	8.768207
5.6	1.45E-11	8.792706	0.1	4.54729E-05	8.792706
5.5	1.46E-11	8.817227	0.1	4.46704E-05	8.817227
5.4	1.41E-11	8.841755	0.0999999	4.38693E-05	8.841755
5.3	1.38E-11	8.866355	0.0999999	4.30687E-05	8.866355
5.2	1.31E-11	8.890911	0.0999997	4.22693E-05	8.890911
5.1	1.28E-11	8.915521	0.0999999	4.14712E-05	8.915521
5	1.23E-11	8.940055	0.1	4.06747E-05	8.940055
4.9	1.2E-11	8.964565	0.1000001	3.98782E-05	8.964565
4.8	1.13E-11	8.989088	0.0999999	3.90843E-05	8.989088
4.7	1.11E-11	9.013673	0.1	3.82901E-05	9.013673
4.6	1.03E-11	9.038189	0.1	3.74988E-05	9.038189
4.5	9.9E-12	9.062704	0.1	3.67071E-05	9.062704
4.4	1.66E-11	9.122102	0.1000001	3.59234E-05	9.122102
4.3	1.09E-11	9.14663	0.1	3.51327E-05	9.14663
4.2	1.02E-11	9.171262	0.0999999	3.43446E-05	9.171262
4.1	8.9E-12	9.195787	0.0999999	3.3558E-05	9.195787
4	8.1E-12	9.220366	0.1	3.27724E-05	9.220366
3.9	7.6E-12	9.24497	0.1000001	3.19882E-05	9.24497
3.8	7.2E-12	9.269534	0.1	3.12049E-05	9.269534
3.7	6.7E-12	9.294085	0.1000002	3.0423E-05	9.294085
3.6	5.8E-12	9.318636	0.1000001	2.96419E-05	9.318636
3.5	5E-12	9.343166	0.1	2.88624E-05	9.343166
3.4	4.9E-12	9.367823	0.0999998	2.80838E-05	9.367823
3.3	3.9E-12	9.392339	0.0999999	2.7307E-05	9.392339
3.2	3.2E-12	9.416904	0.0999999	2.65311E-05	9.416904
3.1	2.2E-12	9.441467	0.0999999	2.57565E-05	9.441467
3	1.6E-12	9.465981	0.0999999	2.49836E-05	9.465981
2.9	1.1E-12	9.490503	0.1000001	2.42115E-05	9.490503
2.8	7E-13	9.51501	0.0999999	2.34412E-05	9.51501
2.7	-9E-13	9.53951	0.0999999	2.26718E-05	9.53951
2.6	-1.1E-12	9.564067	0.0999999	2.1904E-05	9.564067
2.5	5.1E-12	9.623929	0.1	2.11429E-05	9.623929
2.4	-7E-13	9.648441	0.1000002	2.03772E-05	9.648441
2.3	-2.4E-12	9.672975	0.1	1.96133E-05	9.672975
2.2	-2.9E-12	9.697533	0.0999999	1.8852E-05	9.697533
2.099999	-1.1E-12	9.724011	0.0999999	1.80982E-05	9.724011
2	-5.5E-12	9.748556	0.0999999	1.73401E-05	9.748556
1.9	-6.5E-12	9.773073	0.0999999	1.65855E-05	9.773073
1.8	-7.7E-12	9.797584	0.1	1.58331E-05	9.797584
1.7	-8.9E-12	9.822091	0.0999999	1.50832E-05	9.822091
1.6	-9.9E-12	9.846579	0.0999998	1.43361E-05	9.846579
1.5	-1.15E-11	9.87115	0.1	1.35923E-05	9.87115
1.4	-1.25E-11	9.895669	0.1	1.28525E-05	9.895669
1.3	-1.39E-11	9.920304	0.1000001	1.2118E-05	9.920304
1.2	-1.54E-11	9.944838	0.0999998	1.13874E-05	9.944838
1.1	-1.69E-11	9.969383	0.0999998	1.06636E-05	9.969383
1	-1.86E-11	9.993895	0.0999999	9.9464E-06	9.993895
0.9	-2.06E-11	10.018399	0.0999998	9.2372E-06	10.018399
0.8	-1.82E-11	10.045548	0.1	8.54359E-06	10.045548
0.7	-2.4E-11	10.070257	0.0999999	7.85329E-06	10.070257
0.6	-2.01E-11	10.120932	0.1	7.17968E-06	10.120932
0.5	-2.62E-11	10.145456	0.0999998	6.51018E-06	10.145456
0.4	-2.91E-11	10.16995	0.1	5.8553E-06	10.16995
0.3	-3.18E-11	10.194463	0.0999998	5.21419E-06	10.194463
0.1999998	-3.1E-11	10.220966	0.0999999	4.59243E-06	10.220966
0.0999998	-3.58E-11	10.245612	0.1000001	3.98885E-06	10.245612
-5E-07	-3.89E-11	10.270099	0.0999998	3.40988E-06	10.270099
#scan	iMeasureCycle=2	iMux=0	time=279.789	N=401	LocalTime=19/04/2023 16:48:17
#VGate(V)	IGate(A)	time(s)	VDrain(V)	IDrain(A)	time(s)
-3E-07	-1.76E-11	279.796509	0.1	3.54627E-06	279.796509
-0.1000004	-2.57E-11	279.821389	0.1000001	2.97371E-06	279.821389
-0.2000001	-2.71E-11	279.847075	0.1000001	2.43787E-06	279.847075
-0.3	-3.32E-11	279.871803	0.0999999	1.94261E-06	279.871803
-0.4	-3.59E-11	279.896344	0.1	1.4966E-06	279.896344
-0.5	-3.86E-11	279.920894	0.0999999	1.10571E-06	279.920894
-0.6	-3.72E-11	279.948192	0.0999996	7.77171E-07	279.948192
-0.7	-4.27E-11	279.972803	0.0999996	5.11215E-07	279.972803
-0.8	-4.44E-11	279.997299	0.0999994	3.1061E-07	279.997299
-0.9	-4.57E-11	280.021918	0.0999996	1.71209E-07	280.021918
-0.999999	-4.13E-11	280.059601	0.0999936	8.51398E-08	280.059601
-1.100001	-6.2E-11	280.08281	0.1000095	3.6016E-08	280.08281
-1.200001	-6.42E-11	280.106022	0.1000033	1.31966E-08	280.106022
-1.300001	-6.38E-11	280.1293	0.1000013	4.1793E-09	280.1293
-1.400001	-6.45E-11	280.15258	0.1000005	1.1532E-09	280.15258
-1.500001	-6.7E-11	280.175773	0.1000004	2.668E-10	280.175773
-1.600001	-6.81E-11	280.199077	0.1000003	4.58E-11	280.199077
-1.700001	-6.7E-11	280.222366	0.1000003	-1.5E-12	280.222366
-1.800001	-6.76E-11	280.245649	0.1000004	-8.9E-12	280.245649
-1.900001	-7.04E-11	280.268853	0.1	-9.8E-12	280.268853
-2.000001	-7.09E-11	280.292066	0.1000004	-1.02E-11	280.292066
-2.100001	-6.93E-11	280.315345	0.1000001	-1.01E-11	280.315345
-2.2	-4.97E-11	280.364138	0.1000001	-1.21E-11	280.364138
-2.3	-7.05E-11	280.387377	0.1000002	-9.9E-12	280.387377
-2.4	-7E-11	280.410667	0.1000002	-1.05E-11	280.410667
-2.5	-6.98E-11	280.433962	0.1000003	-1E-11	280.433962
-2.6	-7.25E-11	280.457224	0.1000001	-1.01E-11	280.457224
-2.7	-7.38E-11	280.480518	0.1000002	-9.6E-12	280.480518
-2.8	-7.23E-11	280.503811	0.1000003	-9.5E-12	280.503811
-2.9	-7.43E-11	280.527024	0.1000003	-9.6E-12	280.527024
-3	-7.44E-11	280.55026	0.1000003	-9.4E-12	280.55026
-3.1	-7.54E-11	280.573463	0.1000004	-9.5E-12	280.573463
-3.2	-7.32E-11	280.596749	0.1000003	-9.5E-12	280.596749
-3.3	-7.42E-11	280.620035	0.1000001	-9.4E-12	280.620035
-3.4	-7.63E-11	280.643247	0.1000002	-8.9E-12	280.643247
-3.5	-7.38E-11	280.666577	0.1000004	-9.6E-12	280.666577
-3.6	-7.56E-11	280.689923	0.1000002	-9.9E-12	280.689923
-3.7	-7.77E-11	280.713142	0.1000002	-9.3E-12	280.713142
-3.8	-7.79E-11	280.736352	0.1000002	-9.3E-12	280.736352
-3.9	-7.65E-11	280.759642	0.1000002	-9.6E-12	280.759642
-4	-7.78E-11	280.782863	0.1000002	-9.7E-12	280.782863
-4.1	-7.75E-11	280.806106	0.1000002	-9E-12	280.806106
-4.2	-5.73E-11	280.859728	0.1000001	-1.1E-11	280.859728
-4.3	-7.52E-11	280.88306	0.1000004	-9.4E-12	280.88306
-4.4	-7.77E-11	280.906271	0.1000003	-9.5E-12	280.906271
-4.5	-7.8E-11	280.929496	0.1000003	-9.5E-12	280.929496
-4.6	-7.66E-11	280.952847	0.1000003	-9.5E-12	280.952847
-4.7	-7.66E-11	280.976243	0.1000004	-9.4E-12	280.976243
-4.8	-7.98E-11	280.999446	0.1000004	-9E-12	280.999446
-4.9	-7.99E-11	281.022743	0.1000001	-9.6E-12	281.022743
-5	-7.84E-11	281.046062	0.1000002	-9.4E-12	281.046062
-5.1	-8.04E-11	281.069281	0.1000003	-9.2E-12	281.069281
-5.2	-8.03E-11	281.092492	0.1000001	-9E-12	281.092492
-5.3	-8.11E-11	281.115706	0.1000003	-9.3E-12	281.115706
-5.4	-7.95E-11	281.138998	0.1000003	-9.1E-12	281.138998
-5.5	-7.98E-11	281.162302	0.1000001	-9.1E-12	281.162302
-5.6	-8.2E-11	281.185513	0.1000004	-9.2E-12	281.185513
-5.7	-8.21E-11	281.208726	0.1000001	-9.2E-12	281.208726
-5.8	-8.18E-11	281.23198	0.1000002	-9.1E-12	281.23198
-5.9	-8.04E-11	281.255287	0.1000003	-9.4E-12	281.255287
-6	-8.08E-11	281.278571	0.1000003	-8.7E-12	281.278571
-6.1	-8.3E-11	281.301781	0.1000004	-8.8E-12	281.301781
-6.2	-6.16E-11	281.361369	0.1000001	-1.09E-11	281.361369
-6.3	-8.09E-11	281.384617	0.1000003	-9.2E-12	281.384617
-6.4	-8.22E-11	281.407837	0.1000003	-8.7E-12	281.407837
-6.5	-8.23E-11	281.43106	0.1000002	-9E-12	281.43106
-6.6	-8.13E-11	281.454413	0.1000002	-9E-12	281.454413
-6.7	-8.38E-11	281.477754	0.1000001	-8.9E-12	281.477754
-6.8	-8.38E-11	281.500986	0.1000003	-9E-12	281.500986
-6.9	-8.2E-11	281.52428	0.1000001	-9E-12	281.52428
-7	-8.27E-11	281.547602	0.1000004	-8.9E-12	281.547602
-7.1	-8.45E-11	281.570806	0.1000004	-8.5E-12	281.570806
-7.2	-8.33E-11	281.594096	0.1	-8.9E-12	281.594096
-7.3	-8.33E-11	281.617383	0.1000002	-8.8E-12	281.617383
-7.4	-8.51E-11	281.640606	0.1000003	-8.6E-12	281.640606
-7.5	-8.54E-11	281.66382	0.1000004	-8.6E-12	281.66382
-7.6	-8.53E-11	281.68706	0.1000003	-8.7E-12	281.68706
-7.7	-8.42E-11	281.710441	0.1000002	-8.9E-12	281.710441
-7.8	-8.57E-11	281.733662	0.1000003	-8.4E-12	281.733662
-7.9	-8.6E-11	281.756877	0.1000003	-8.8E-12	281.756877
-8	-8.63E-11	281.780083	0.1000002	-8.7E-12	281.780083
-8.1	-8.49E-11	281.803373	0.1000002	-8.6E-12	281.803373
-8.2	-6.55E-11	281.858281	0.1000001	-1.08E-11	281.858281
-8.3	-8.29E-11	281.881585	0.1000001	-8.6E-12	281.881585
-8.4	-8.55E-11	281.904807	0.1000003	-8.2E-12	281.904807
-8.5	-8.62E-11	281.928028	0.1000002	-8.2E-12	281.928028
-8.6	-8.69E-11	281.951296	0.1000001	-8.5E-12	281.951296
-8.7	-8.7E-11	281.974531	0.1000002	-8.5E-12	281.974531
-8.8	-8.46E-11	281.997837	0.1000002	-8.6E-12	281.997837
-8.9	-8.69E-11	282.021051	0.1000003	-8.8E-12	282.021051
-9	-8.73E-11	282.044333	0.1000002	-8.6E-12	282.044333
-9.1	-8.55E-11	282.067631	0.1000002	-8.5E-12	282.067631
-9.2	-8.57E-11	282.090934	0.1000001	-8.6E-12	282.090934
-9.3	-8.72E-11	282.114171	0.1000001	-8.1E-12	282.114171
-9.4	-8.78E-11	282.137392	0.1000001	-8.5E-12	282.137392
-9.5	-8.69E-11	282.160681	0.1000002	-8.3E-12	282.160681
-9.6	-8.87E-11	282.183886	0.1000003	-8.2E-12	282.183886
-9.7	-8.89E-11	282.207184	0.1000004	-8.1E-12	282.207184
-9.8	-8.87E-11	282.230405	0.1000003	-7.8E-12	282.230405
-9.9	-8.67E-11	282.253704	0.1000003	-8.7E-12	282.253704
-10	-8.93E-11	282.276911	0.1000003	-8.2E-12	282.276911
-9.90001	-4.65E-11	282.300143	0.0999999	-1.17E-11	282.300143
-9.80001	-4.24E-11	282.323354	0.0999999	-1.2E-11	282.323354
-9.70001	-5.92E-11	282.36404	0.1000001	-1E-11	282.36404
-9.60001	-3.85E-11	282.387317	0.0999996	-1.22E-11	282.387317
-9.50001	-3.64E-11	282.410525	0.0999997	-1.24E-11	282.410525
-9.40001	-3.73E-11	282.433819	0.0999999	-1.21E-11	282.433819
-9.30001	-3.67E-11	282.457163	0.1	-1.19E-11	282.457163
-9.20001	-3.33E-11	282.480502	0.0999998	-1.21E-11	282.480502
-9.10001	-3.43E-11	282.503804	0.0999998	-1.22E-11	282.503804
-9.00001	-3.36E-11	282.527076	0.0999999	-1.2E-11	282.527076
-8.90001	-3.16E-11	282.550329	0.0999999	-1.18E-11	282.550329
-8.80001	-3E-11	282.573537	0.0999998	-1.23E-11	282.573537
-8.70001	-3.09E-11	282.596824	0.0999998	-1.2E-11	282.596824
-8.60001	-3.1E-11	282.620096	0.0999998	-1.2E-11	282.620096
-8.50001	-2.9E-11	282.643334	0.0999999	-1.23E-11	282.643334
-8.40001	-2.9E-11	282.666623	0.1000001	-1.2E-11	282.666623
-8.30001	-2.91E-11	282.689898	0.0999997	-1.2E-11	282.689898
-8.20001	-2.86E-11	282.713291	0.0999998	-1.23E-11	282.713291
-8.10001	-2.63E-11	282.736508	0.0999997	-1.24E-11	282.736508
-8.00001	-2.55E-11	282.759712	0.0999998	-1.23E-11	282.759712
-7.90001	-2.72E-11	282.783	0.0999999	-1.25E-11	282.783
-7.80001	-2.64E-11	282.806292	0.0999997	-1.18E-11	282.806292
-7.70001	-4.58E-11	282.865718	0.1	-1.04E-11	282.865718
-7.6	-2.72E-11	282.889032	0.0999999	-1.22E-11	282.889032
-7.50001	-2.48E-11	282.912258	0.0999998	-1.21E-11	282.912258
-7.40001	-2.42E-11	282.935491	0.0999999	-1.22E-11	282.935491
-7.30001	-2.38E-11	282.958759	0.0999998	-1.3E-11	282.958759
-7.2	-2.21E-11	282.982063	0.0999999	-1.23E-11	282.982063
-7.10001	-2.4E-11	283.005401	0.0999998	-1.22E-11	283.005401
-7.00001	-2.23E-11	283.028617	0.0999998	-1.24E-11	283.028617
-6.90001	-2.12E-11	283.051916	0.0999999	-1.26E-11	283.051916
-6.80001	-2.26E-11	283.075221	0.1	-1.24E-11	283.075221
-6.70001	-2.21E-11	283.09853	0.1	-1.21E-11	283.09853
-6.60001	-2.01E-11	283.121736	0.0999998	-1.27E-11	283.121736
-6.50001	-1.97E-11	283.144952	0.1	-1.25E-11	283.144952
-6.40001	-2.09E-11	283.168252	0.0999997	-1.24E-11	283.168252
-6.30001	-1.88E-11	283.191467	0.0999999	-1.29E-11	283.191467
-6.20001	-1.87E-11	283.214692	0.0999999	-1.3E-11	283.214692
-6.10001	-1.88E-11	283.237914	0.0999999	-1.32E-11	283.237914
-6.00001	-2.01E-11	283.261212	0.0999999	-1.25E-11	283.261212
-5.90001	-1.9E-11	283.28449	0.0999998	-1.23E-11	283.28449
-5.80001	-1.74E-11	283.3077	0.0999999	-1.27E-11	283.3077
-5.70001	-3.81E-11	283.367136	0.1000002	-1.14E-11	283.367136
-5.60001	-2E-11	283.39048	0.0999998	-1.26E-11	283.39048
-5.50001	-1.87E-11	283.413779	0.0999999	-1.25E-11	283.413779
-5.40001	-1.72E-11	283.437023	0.0999999	-1.3E-11	283.437023
-5.30001	-1.58E-11	283.460276	0.0999998	-1.32E-11	283.460276
-5.20001	-1.54E-11	283.483607	0.0999999	-1.32E-11	283.483607
-5.1	-1.5E-11	283.506827	0.0999999	-1.31E-11	283.506827
-5.00001	-1.45E-11	283.530038	0.0999998	-1.34E-11	283.530038
-4.90001	-1.44E-11	283.553276	0.0999998	-1.31E-11	283.553276
-4.80001	-1.48E-11	283.576563	0.0999999	-1.31E-11	283.576563
-4.7	-1.28E-11	283.599846	0.1	-1.3E-11	283.599846
-4.60001	-1.21E-11	283.623068	0.0999997	-1.32E-11	283.623068
-4.50001	-1.13E-11	283.646284	0.1	-1.34E-11	283.646284
-4.40001	-1.31E-11	283.669566	0.0999998	-1.32E-11	283.669566
-4.3	-1.29E-11	283.692853	0.1	-1.32E-11	283.692853
-4.20001	-1.06E-11	283.716158	0.0999998	-1.36E-11	283.716158
-4.10001	-1.2E-11	283.739453	0.0999999	-1.37E-11	283.739453
-4.00001	-1.07E-11	283.762744	0.0999998	-1.4E-11	283.762744
-3.90001	-9.3E-12	283.785959	0.0999998	-1.36E-11	283.785959
-3.80001	-8.3E-12	283.809169	0.0999997	-1.39E-11	283.809169
-3.70001	-2.89E-11	283.86843	0.1	-1.18E-11	283.86843
-3.60001	-1.1E-11	283.891726	0.0999997	-1.35E-11	283.891726
-3.50001	-9.9E-12	283.915015	0.0999998	-1.36E-11	283.915015
-3.40001	-7.2E-12	283.938223	0.1	-1.35E-11	283.938223
-3.30001	-6.3E-12	283.961482	0.0999998	-1.36E-11	283.961482
-3.20001	-7.6E-12	283.984867	0.0999999	-1.35E-11	283.984867
-3.10001	-6.7E-12	284.008157	0.0999997	-1.37E-11	284.008157
-3.00001	-4.3E-12	284.031364	0.0999998	-1.42E-11	284.031364
-2.90001	-3.4E-12	284.054659	0.0999998	-1.44E-11	284.054659
-2.80001	-4.4E-12	284.077952	0.0999998	-1.38E-11	284.077952
-2.70001	-2.5E-12	284.101164	0.0999998	-1.45E-11	284.101164
-2.60001	-1.6E-12	284.124395	0.0999998	-1.4E-11	284.124395
-2.50001	-1.3E-12	284.147606	0.0999999	-1.43E-11	284.147606
-2.40001	-2E-12	284.170903	0.0999997	-1.43E-11	284.170903
-2.30001	-1.8E-12	284.194196	0.0999998	-1.42E-11	284.194196
-2.20001	9E-13	284.217502	0.0999998	-1.45E-11	284.217502
-2.099999	-1.52E-11	284.242618	0.1000001	-1.33E-11	284.242618
-2	7E-13	284.265913	0.0999997	-1.44E-11	284.265913
-1.9	1.2E-12	284.289202	0.0999999	-1.4E-11	284.289202
-1.8	4E-12	284.312402	0.0999998	-1.09E-11	284.312402
-1.700001	-1.66E-11	284.369989	0.1	1.05E-11	284.369989
-1.6	1.9E-12	284.39335	0.0999998	1.178E-10	284.39335
-1.5	5.5E-12	284.416563	0.1	5.649E-10	284.416563
-1.4	5.4E-12	284.439846	0.1000004	2.1749E-09	284.439846
-1.3	8E-12	284.463104	0.100002	7.1981E-09	284.463104
-1.2	9.3E-12	284.486434	0.1000041	2.06885E-08	284.486434
-1.1	1.06E-11	284.509653	0.1000059	5.14944E-08	284.509653
-1.000001	-9.1E-12	284.54916	0.1000001	1.08634E-07	284.54916
-0.900001	-3.5E-12	284.573726	0.1000006	2.11926E-07	284.573726
-0.8	-1.9E-12	284.59823	0.1000008	3.68077E-07	284.59823
-0.700001	-2E-13	284.622768	0.1000008	5.84519E-07	284.622768
-0.6	8E-13	284.647284	0.100001	8.63789E-07	284.647284
-0.500001	-2.9E-12	284.681827	0.0999999	1.19884E-06	284.681827
-0.400001	3.6E-12	284.706384	0.0999999	1.60062E-06	284.706384
-0.300001	5.4E-12	284.730933	0.1000001	2.05228E-06	284.730933
-0.1999999	3.4E-12	284.757363	0.1000001	2.54777E-06	284.757363
-0.0999996	8.8E-12	284.781881	0.1000001	3.08367E-06	284.781881
4E-07	1.04E-11	284.806358	0.1	3.65187E-06	284.806358
0.1000003	1.22E-11	284.83089	0.1000002	4.24703E-06	284.83089
0.1999997	6.7E-12	284.892077	0.1	4.8521E-06	284.892077
0.3	1.36E-11	284.916852	0.1000002	5.49343E-06	284.916852
0.4	1.62E-11	284.941392	0.0999999	6.14841E-06	284.941392
0.5	1.86E-11	284.965948	0.1000001	6.81624E-06	284.965948
0.599999	2.1E-11	284.990539	0.1	7.4961E-06	284.990539
0.7	2.3E-11	285.015062	0.1000002	8.1864E-06	285.015062
0.799999	2.47E-11	285.039738	0.0999999	8.88718E-06	285.039738
0.9	2.67E-11	285.064303	0.1000002	9.59706E-06	285.064303
0.999999	2.88E-11	285.088805	0.0999999	1.031537E-05	285.088805
1.099999	2.54E-11	285.123392	0.1000001	1.10296E-05	285.123392
1.2	3.1E-11	285.147888	0.1000001	1.17626E-05	285.147888
1.3	3.27E-11	285.172435	0.1000001	1.24997E-05	285.172435
1.399999	3.45E-11	285.196926	0.0999999	1.32407E-05	285.196926
1.499999	3.58E-11	285.221455	0.1000001	1.39862E-05	285.221455
1.599999	3.69E-11	285.245956	0.1000003	1.47342E-05	285.245956
1.699999	3.76E-11	285.27054	0.1	1.54852E-05	285.27054
1.8	3.92E-11	285.29507	0.0999999	1.62386E-05	285.29507
1.9	4E-11	285.319574	0.1	1.69945E-05	285.319574
1.999999	3.36E-11	285.377315	0.0999999	1.7743E-05	285.377315
2.099999	3.96E-11	285.401846	0.1	1.85051E-05	285.401846
2.19999	4.02E-11	285.426569	0.1000002	1.92616E-05	285.426569
2.29999	4.12E-11	285.451073	0.1	2.00253E-05	285.451073
2.39999	4.24E-11	285.475659	0.1000001	2.07898E-05	285.475659
2.49999	4.3E-11	285.500205	0.1000002	2.15555E-05	285.500205
2.59999	4.36E-11	285.524766	0.1000001	2.23221E-05	285.524766
2.69999	4.45E-11	285.549291	0.1000001	2.30894E-05	285.549291
2.79999	4.39E-11	285.57393	0.1	2.38584E-05	285.57393
2.89999	4.52E-11	285.598444	0.1000003	2.46269E-05	285.598444
2.99999	4.55E-11	285.622961	0.1000001	2.53975E-05	285.622961
3.09999	4.6E-11	285.647459	0.0999999	2.61681E-05	285.647459
3.19999	4.62E-11	285.671976	0.1	2.69399E-05	285.671976
3.29999	4.65E-11	285.696484	0.0999999	2.77126E-05	285.696484
3.39999	4.67E-11	285.721082	0.0999999	2.84862E-05	285.721082
3.49999	4.73E-11	285.745606	0.1000001	2.92598E-05	285.745606
3.59999	4.78E-11	285.770152	0.1000001	3.00343E-05	285.770152
3.69999	4.76E-11	285.794674	0.0999999	3.08095E-05	285.794674
3.79999	4.8E-11	285.819173	0.1000001	3.15858E-05	285.819173
3.89999	4.11E-11	285.87629	0.1000002	3.23528E-05	285.87629
3.99999	4.62E-11	285.900859	0.0999999	3.31333E-05	285.900859
4.09999	4.72E-11	285.925376	0.1	3.39142E-05	285.925376
4.19999	4.8E-11	285.949939	0.1	3.46952E-05	285.949939
4.29999	4.85E-11	285.974485	0.1	3.5476E-05	285.974485
4.39999	4.83E-11	285.999121	0.1	3.62581E-05	285.999121
4.49999	4.89E-11	286.023634	0.1	3.7041E-05	286.023634
4.59999	4.94E-11	286.048368	0.1	3.78246E-05	286.048368
4.69999	4.97E-11	286.072887	0.0999999	3.8609E-05	286.072887
4.79999	4.97E-11	286.097393	0.1	3.93951E-05	286.097393
4.89999	5.01E-11	286.121905	0.1	4.01832E-05	286.121905
4.99999	5.06E-11	286.146411	0.1000003	4.09706E-05	286.146411
5.09999	5.08E-11	286.17098	0.1000001	4.17589E-05	286.17098
5.19999	5.1E-11	286.195493	0.1000002	4.25488E-05	286.195493
5.29999	5.07E-11	286.220135	0.1000001	4.33401E-05	286.220135
5.39999	5.12E-11	286.244652	0.1000001	4.41325E-05	286.244652
5.49999	5.15E-11	286.269188	0.1	4.4925E-05	286.269188
5.59999	5.13E-11	286.293697	0.0999997	4.57191E-05	286.293697
5.69999	5.19E-11	286.318223	0.0999999	4.65155E-05	286.318223
5.79999	4.49E-11	286.377596	0.1	4.73011E-05	286.377596
5.89999	5.05E-11	286.402161	0.0999998	4.81028E-05	286.402161
5.99999	5.12E-11	286.426681	0.0999999	4.8903E-05	286.426681
6.09999	5.16E-11	286.451189	0.1	4.97034E-05	286.451189
6.19999	5.17E-11	286.475747	0.1000001	5.05053E-05	286.475747
6.29999	5.23E-11	286.500334	0.1000001	5.13077E-05	286.500334
6.39999	5.26E-11	286.524846	0.1000002	5.21114E-05	286.524846
6.49999	5.25E-11	286.549637	0.1	5.29164E-05	286.549637
6.59999	5.29E-11	286.574217	0.1000002	5.37238E-05	286.574217
6.69999	5.3E-11	286.598725	0.1000005	5.45305E-05	286.598725
6.79999	5.35E-11	286.623235	0.1000002	5.53386E-05	286.623235
6.89999	5.35E-11	286.647775	0.0999999	5.61492E-05	286.647775
6.99999	5.38E-11	286.67229	0.1	5.69599E-05	286.67229
7.09999	5.38E-11	286.696812	0.1	5.77714E-05	286.696812
7.19999	5.4E-11	286.721421	0.0999999	5.85843E-05	286.721421
7.29999	5.41E-11	286.745931	0.0999999	5.93998E-05	286.745931
7.39999	5.41E-11	286.770464	0.1000002	6.02152E-05	286.770464
7.49999	5.44E-11	286.794988	0.1000002	6.10315E-05	286.794988
7.59999	5.46E-11	286.819515	0.1000001	6.18497E-05	286.819515
7.69999	4.77E-11	286.878958	0.0999999	6.26603E-05	286.878958
7.79999	5.26E-11	286.903477	0.0999999	6.34837E-05	286.903477
7.89999	5.3E-11	286.928014	0.1	6.43068E-05	286.928014
7.99999	5.35E-11	286.952517	0.1000001	6.51301E-05	286.952517
8.09999	5.39E-11	286.977111	0.1000001	6.59548E-05	286.977111
8.19999	5.46E-11	287.001709	0.1000001	6.67809E-05	287.001709
8.29999	5.47E-11	287.026257	0.0999999	6.76076E-05	287.026257
8.39999	5.51E-11	287.05108	0.1000002	6.84355E-05	287.05108
8.49999	5.55E-11	287.075598	0.1	6.92648E-05	287.075598
8.59999	5.54E-11	287.100133	0.0999999	7.00951E-05	287.100133
8.69999	5.57E-11	287.124641	0.1000001	7.09268E-05	287.124641
8.79999	5.61E-11	287.149156	0.1000002	7.1759E-05	287.149156
8.89999	5.62E-11	287.1737	0.1	7.25938E-05	287.1737
8.99999	5.57E-11	287.198222	0.1000002	7.34287E-05	287.198222
9.09999	5.67E-11	287.222765	0.0999999	7.42651E-05	287.222765
9.19999	5.65E-11	287.24731	0.1	7.51021E-05	287.24731
9.29999	5.65E-11	287.27187	0.0999999	7.5939E-05	287.27187
9.39999	5.69E-11	287.296389	0.1	7.67809E-05	287.296389
9.49999	5.7E-11	287.320901	0.1000001	7.76237E-05	287.320901
9.59999	4.8E-11	287.406846	0.1000001	7.84551E-05	287.406846
9.69999	5.4E-11	287.431429	0.1000001	7.93042E-05	287.431429
9.79999	5.54E-11	287.455925	0.1000001	8.01521E-05	287.455925
9.89999	5.54E-11	287.480599	0.1000001	8.09991E-05	287.480599
9.99999	5.64E-11	287.505148	0.1	8.18487E-05	287.505148
9.9	4.25E-11	287.529675	0.1000001	8.09857E-05	287.529675
9.8	3.96E-11	287.554212	0.0999998	8.01287E-05	287.554212
9.7	3.69E-11	287.578749	0.1000001	7.92745E-05	287.578749
9.6	3.5E-11	287.603267	0.1000002	7.84224E-05	287.603267
9.5	3.38E-11	287.62779	0.0999999	7.75708E-05	287.62779
9.4	3.28E-11	287.652304	0.1000001	7.67219E-05	287.652304
9.3	3.17E-11	287.676819	0.0999999	7.5874E-05	287.676819
9.2	3.11E-11	287.701341	0.1000001	7.50292E-05	287.701341
9.1	2.97E-11	287.725862	0.1	7.41839E-05	287.725862
9	2.9E-11	287.750491	0.1000001	7.33399E-05	287.750491
8.9	2.81E-11	287.775	0.0999998	7.25026E-05	287.775
8.8	2.75E-11	287.799526	0.1	7.16605E-05	287.799526
8.7	2.7E-11	287.824055	0.0999999	7.08194E-05	287.824055
8.6	2.66E-11	287.848588	0.0999999	6.99788E-05	287.848588
8.5	3.21E-11	287.899692	0.0999999	6.91435E-05	287.899692
8.4	2.65E-11	287.924218	0.0999998	6.83058E-05	287.924218
8.3	2.57E-11	287.948763	0.1000001	6.74695E-05	287.948763
8.2	2.49E-11	287.973274	0.1000002	6.66335E-05	287.973274
8.1	2.43E-11	287.997893	0.0999998	6.58001E-05	287.997893
8	2.35E-11	288.022408	0.0999998	6.49688E-05	288.022408
7.9	2.3E-11	288.046934	0.0999999	6.41387E-05	288.046934
7.8	2.31E-11	288.071466	0.1000001	6.3309E-05	288.071466
7.7	2.24E-11	288.096056	0.1000001	6.24807E-05	288.096056
7.6	2.16E-11	288.120561	0.0999996	6.16549E-05	288.120561
7.5	2.16E-11	288.145116	0.0999997	6.0829E-05	288.145116
7.4	2.15E-11	288.16964	0.0999997	6.00046E-05	288.16964
7.3	2.14E-11	288.194187	0.0999999	5.91806E-05	288.194187
7.2	2.01E-11	288.218773	0.1000001	5.83592E-05	288.218773
7.1	2.02E-11	288.24329	0.1	5.75383E-05	288.24329
7	1.95E-11	288.267835	0.0999999	5.67187E-05	288.267835
6.9	1.95E-11	288.292349	0.0999999	5.59003E-05	288.292349
6.8	1.91E-11	288.316867	0.0999999	5.50838E-05	288.316867
6.7	1.86E-11	288.341381	0.0999998	5.42672E-05	288.341381
6.6	2.47E-11	288.401073	0.1000001	5.34583E-05	288.401073
6.5	1.98E-11	288.425683	0.0999998	5.26431E-05	288.425683
6.4	1.91E-11	288.4502	0.0999999	5.18299E-05	288.4502
6.3	1.77E-11	288.474712	0.1000002	5.10187E-05	288.474712
6.2	1.74E-11	288.499323	0.0999998	5.02077E-05	288.499323
6.1	1.68E-11	288.523846	0.1	4.93985E-05	288.523846
6	1.67E-11	288.548381	0.0999999	4.85908E-05	288.548381
5.9	1.6E-11	288.572907	0.0999999	4.77832E-05	288.572907
5.8	1.57E-11	288.597449	0.1000001	4.69774E-05	288.597449
5.7	1.55E-11	288.621949	0.0999997	4.61721E-05	288.621949
5.6	1.49E-11	288.64646	0.0999999	4.53687E-05	288.64646
5.5	1.47E-11	288.671003	0.1000001	4.45664E-05	288.671003
5.4	1.41E-11	288.695516	0.1000001	4.37641E-05	288.695516
5.3	1.37E-11	288.720055	0.0999996	4.29638E-05	288.720055
5.2	1.34E-11	288.744712	0.1000001	4.21657E-05	288.744712
5.1	1.23E-11	288.769243	0.1000001	4.13671E-05	288.769243
5	1.15E-11	288.79375	0.1	4.05703E-05	288.79375
4.9	1.12E-11	288.81827	0.0999999	3.97746E-05	288.81827
4.8	1.13E-11	288.842794	0.0999999	3.89806E-05	288.842794
4.7	1.82E-11	288.9029	0.1000003	3.81922E-05	288.9029
4.6	1.27E-11	288.927456	0.1000001	3.73986E-05	288.927456
4.5	1.21E-11	288.952025	0.1	3.6607E-05	288.952025
4.4	1.08E-11	288.976536	0.1	3.58164E-05	288.976536
4.3	1E-11	289.001225	0.0999999	3.50275E-05	289.001225
4.2	9.6E-12	289.025751	0.0999996	3.42398E-05	289.025751
4.1	9.1E-12	289.050255	0.0999998	3.34535E-05	289.050255
4	7.9E-12	289.074813	0.0999999	3.26683E-05	289.074813
3.9	6.9E-12	289.099362	0.1	3.18838E-05	289.099362
3.8	7.1E-12	289.123878	0.1000001	3.11006E-05	289.123878
3.7	6.5E-12	289.148419	0.1	3.03183E-05	289.148419
3.6	5.8E-12	289.172943	0.0999999	2.95381E-05	289.172943
3.5	5.2E-12	289.19748	0.0999999	2.87581E-05	289.19748
3.4	4.4E-12	289.222024	0.1000001	2.79801E-05	289.222024
3.3	3.7E-12	289.246555	0.0999998	2.72035E-05	289.246555
3.2	3.2E-12	289.27111	0.1	2.64283E-05	289.27111
3.1	2.2E-12	289.295612	0.1	2.56529E-05	289.295612
3	2E-12	289.320135	0.1	2.48799E-05	289.320135
2.9	8E-13	289.344651	0.1000001	2.41083E-05	289.344651
2.8	7E-12	289.404133	0.0999999	2.33427E-05	289.404133
2.7	1.7E-12	289.428729	0.0999999	2.25724E-05	289.428729
2.6	1E-13	289.453261	0.0999999	2.18046E-05	289.453261
2.5	-8E-13	289.477806	0.0999999	2.10387E-05	289.477806
2.4	-2.2E-12	289.502491	0.1	2.02744E-05	289.502491
2.3	-2.9E-12	289.526999	0.1	1.95119E-05	289.526999
2.2	-4.3E-12	289.551505	0.1	1.8751E-05	289.551505
2.099999	-1.9E-12	289.577941	0.0999999	1.79975E-05	289.577941
2	-5.7E-12	289.602489	0.1	1.72405E-05	289.602489
1.9	-7.6E-12	289.627009	0.0999998	1.64861E-05	289.627009
1.8	-8.4E-12	289.651513	0.1	1.57339E-05	289.651513
1.7	-9.5E-12	289.676063	0.1000001	1.49846E-05	289.676063
1.6	-1.1E-11	289.700582	0.0999997	1.42381E-05	289.700582
1.5	-1.26E-11	289.725084	0.0999998	1.34956E-05	289.725084
1.4	-1.37E-11	289.749587	0.1	1.2756E-05	289.749587
1.3	-1.46E-11	289.774093	0.1	1.20221E-05	289.774093
1.2	-1.61E-11	289.798593	0.1	1.12927E-05	289.798593
1.1	-1.75E-11	289.823218	0.1	1.057E-05	289.823218
1	-1.94E-11	289.84775	0.0999998	9.8536E-06	289.84775
0.9	-1.44E-11	289.905149	0.1000001	9.151E-06	289.905149
0.8	-1.7E-11	289.932286	0.1	8.45722E-06	289.932286
0.7	-2.34E-11	289.956801	0.1000001	7.76774E-06	289.956801
0.6	-2.54E-11	289.981331	0.1	7.08901E-06	289.981331
0.5	-2.8E-11	290.005936	0.1	6.42376E-06	290.005936
0.4	-3.03E-11	290.030439	0.0999999	5.77098E-06	290.030439
0.3	-3.27E-11	290.054964	0.0999998	5.13319E-06	290.054964
0.2	-3.18E-11	290.081474	0.1	4.51418E-06	290.081474
0.0999996	-3.74E-11	290.10599	0.0999998	3.91417E-06	290.10599
-3E-07	-3.96E-11	290.130519	0.1	3.33901E-06	290.130519
#scan	iMeasureCycle=3	iMux=0	time=319.885	N=401	LocalTime=19/04/2023 16:48:57
#VGate(V)	IGate(A)	time(s)	VDrain(V)	IDrain(A)	time(s)
-1E-07	-1.71E-11	319.892558	0.1000002	3.47528E-06	319.892558
-0.1000003	-2.54E-11	319.917453	0.0999999	2.90784E-06	319.917453
-0.2000002	-2.63E-11	319.943034	0.0999998	2.37774E-06	319.943034
-0.3	-3.25E-11	319.967755	0.1	1.88919E-06	319.967755
-0.4	-3.52E-11	319.992288	0.0999999	1.45037E-06	319.992288
-0.5	-3.8E-11	320.016816	0.0999997	1.06637E-06	320.016816
-0.6	-3.6E-11	320.044201	0.0999995	7.45323E-07	320.044201
-0.7	-4.18E-11	320.068695	0.0999993	4.86478E-07	320.068695
-0.8	-4.37E-11	320.093211	0.0999995	2.93051E-07	320.093211
-0.9	-4.54E-11	320.117738	0.0999996	1.59554E-07	320.117738
-1	-4.08E-11	320.155374	0.0999944	7.84141E-08	320.155374
-1.100001	-5.96E-11	320.178654	0.1000055	3.2648E-08	320.178654
-1.200001	-6.31E-11	320.201881	0.1000034	1.17457E-08	320.201881
-1.300001	-6.43E-11	320.225119	0.1000015	3.6601E-09	320.225119
-1.400001	-6.58E-11	320.248327	0.1000006	9.95E-10	320.248327
-1.500001	-6.53E-11	320.271611	0.1000003	2.258E-10	320.271611
-1.600001	-6.54E-11	320.294913	0.1000002	3.69E-11	320.294913
-1.700001	-6.82E-11	320.318127	0.1000003	-2.5E-12	320.318127
-1.800001	-6.87E-11	320.341329	0.1000003	-8.5E-12	320.341329
-1.900001	-6.81E-11	320.364611	0.1000002	-9.8E-12	320.364611
-2.000001	-6.82E-11	320.387901	0.1000002	-1.03E-11	320.387901
-2.100001	-7.07E-11	320.411121	0.1000002	-9.6E-12	320.411121
-2.2	-4.93E-11	320.460349	0.1	-1.13E-11	320.460349
-2.3	-6.98E-11	320.483645	0.1000005	-9.8E-12	320.483645
-2.4	-6.94E-11	320.507025	0.1000003	-9.4E-12	320.507025
-2.5	-7.13E-11	320.530256	0.1000003	-9.7E-12	320.530256
-2.6	-7.23E-11	320.553531	0.1000004	-9.7E-12	320.553531
-2.7	-7.13E-11	320.576825	0.1000003	-9.9E-12	320.576825
-2.8	-7.35E-11	320.600303	0.1000002	-9.6E-12	320.600303
-2.9	-7.38E-11	320.623524	0.1000003	-9.3E-12	320.623524
-3	-7.29E-11	320.646819	0.1000002	-9.9E-12	320.646819
-3.1	-7.32E-11	320.670099	0.1000003	-9.2E-12	320.670099
-3.2	-7.5E-11	320.693319	0.1000002	-9.3E-12	320.693319
-3.3	-7.55E-11	320.716538	0.1000003	-9.5E-12	320.716538
-3.4	-7.43E-11	320.739825	0.1000003	-9.2E-12	320.739825
-3.5	-7.49E-11	320.763102	0.1000002	-9.2E-12	320.763102
-3.6	-7.61E-11	320.786343	0.1000002	-9.1E-12	320.786343
-3.7	-7.65E-11	320.809684	0.1000002	-9.2E-12	320.809684
-3.8	-7.56E-11	320.832988	0.1000002	-9.8E-12	320.832988
-3.9	-7.77E-11	320.85619	0.1000002	-9.1E-12	320.85619
-4	-7.77E-11	320.879405	0.1000002	-8.9E-12	320.879405
-4.1	-7.81E-11	320.902641	0.1000002	-8.9E-12	320.902641
-4.2	-5.71E-11	320.951702	0.1	-1.12E-11	320.951702
-4.3	-7.48E-11	320.975019	0.1000004	-9.4E-12	320.975019
-4.4	-7.48E-11	320.998455	0.1000003	-9.9E-12	320.998455
-4.5	-7.81E-11	321.021686	0.1000003	-9.3E-12	321.021686
-4.6	-7.84E-11	321.044989	0.1000004	-9E-12	321.044989
-4.7	-7.7E-11	321.068282	0.1000002	-9.4E-12	321.068282
-4.8	-7.92E-11	321.091497	0.1000004	-9.2E-12	321.091497
-4.9	-7.96E-11	321.11475	0.1000002	-9.1E-12	321.11475
-5	-7.96E-11	321.137952	0.1000002	-9.4E-12	321.137952
-5.1	-7.83E-11	321.161338	0.1000003	-9.2E-12	321.161338
-5.2	-8.02E-11	321.184556	0.1000003	-9E-12	321.184556
-5.3	-8.1E-11	321.207775	0.1000002	-9.4E-12	321.207775
-5.4	-8.15E-11	321.231011	0.1000001	-9E-12	321.231011
-5.5	-7.95E-11	321.254303	0.1000002	-9.3E-12	321.254303
-5.6	-8.15E-11	321.277519	0.1000004	-9.3E-12	321.277519
-5.7	-8.17E-11	321.300819	0.1000002	-9.2E-12	321.300819
-5.8	-8E-11	321.324113	0.1000002	-9.2E-12	321.324113
-5.9	-8.07E-11	321.347384	0.1000002	-8.9E-12	321.347384
-6	-8.22E-11	321.370608	0.1000002	-8.7E-12	321.370608
-6.1	-8.24E-11	321.393822	0.1000003	-8.5E-12	321.393822
-6.2	-8.04E-11	321.417164	0.1000003	-9.2E-12	321.417164
-6.3	-6.23E-11	321.457253	0.0999998	-1.07E-11	321.457253
-6.4	-8.03E-11	321.48064	0.1000003	-8.9E-12	321.48064
-6.5	-8.28E-11	321.503934	0.1000001	-9.1E-12	321.503934
-6.6	-8.29E-11	321.527145	0.1000002	-8.7E-12	321.527145
-6.7	-8.17E-11	321.550521	0.1000003	-9E-12	321.550521
-6.8	-8.38E-11	321.573743	0.1	-8.7E-12	321.573743
-6.9	-8.49E-11	321.596956	0.1	-8.6E-12	321.596956
-7	-8.45E-11	321.620195	0.1000004	-9E-12	321.620195
-7.1	-8.3E-11	321.643487	0.1000001	-9.1E-12	321.643487
-7.2	-8.29E-11	321.666772	0.1	-9.3E-12	321.666772
-7.3	-8.5E-11	321.689979	0.1000002	-9.2E-12	321.689979
-7.4	-8.46E-11	321.713208	0.1000004	-9.1E-12	321.713208
-7.5	-8.35E-11	321.736507	0.1000002	-9E-12	321.736507
-7.6	-8.3E-11	321.759802	0.1000002	-9.2E-12	321.759802
-7.7	-8.55E-11	321.783016	0.1000003	-9.1E-12	321.783016
-7.8	-8.39E-11	321.806398	0.1000002	-8.4E-12	321.806398
-7.9	-8.38E-11	321.829787	0.1000002	-8.5E-12	321.829787
-8	-8.6E-11	321.853006	0.1000001	-8.6E-12	321.853006
-8.1	-8.54E-11	321.876294	0.1000003	-8.8E-12	321.876294
-8.2	-8.51E-11	321.899583	0.1000003	-8.6E-12	321.899583
-8.3	-6.62E-11	321.954395	0.1000001	-1.04E-11	321.954395
-8.4	-8.4E-11	321.977695	0.1000002	-8.6E-12	321.977695
-8.5	-8.36E-11	322.000997	0.1000004	-8.6E-12	322.000997
-8.6	-8.57E-11	322.024218	0.1000004	-8.5E-12	322.024218
-8.7	-8.65E-11	322.047513	0.1000001	-8.2E-12	322.047513
-8.8	-8.51E-11	322.070813	0.1000002	-8.5E-12	322.070813
-8.9	-8.66E-11	322.094023	0.1000003	-8.5E-12	322.094023
-9	-8.68E-11	322.117278	0.1000002	-8.9E-12	322.117278
-9.1	-8.56E-11	322.140578	0.1000002	-9E-12	322.140578
-9.2	-8.78E-11	322.163881	0.1000003	-8.2E-12	322.163881
-9.3	-8.79E-11	322.187093	0.1000003	-8.2E-12	322.187093
-9.4	-8.8E-11	322.210475	0.1000002	-8E-12	322.210475
-9.5	-8.62E-11	322.23378	0.1	-8.5E-12	322.23378
-9.6	-8.65E-11	322.25707	0.1000002	-8.4E-12	322.25707
-9.7	-8.81E-11	322.28028	0.1000002	-8.4E-12	322.28028
-9.8	-8.84E-11	322.303506	0.1000003	-8.4E-12	322.303506
-9.9	-8.73E-11	322.326803	0.1000002	-8.9E-12	322.326803
-10	-8.75E-11	322.350084	0.1000004	-8.6E-12	322.350084
-9.90001	-4.63E-11	322.373292	0.0999999	-1.19E-11	322.373292
-9.80001	-4.25E-11	322.396501	0.0999996	-1.15E-11	322.396501
-9.70001	-4.19E-11	322.419798	0.0999999	-1.18E-11	322.419798
-9.60001	-5.74E-11	322.460349	0.1000002	-1.03E-11	322.460349
-9.50001	-3.79E-11	322.483675	0.0999999	-1.17E-11	322.483675
-9.40001	-3.69E-11	322.506977	0.0999999	-1.17E-11	322.506977
-9.30001	-3.57E-11	322.530269	0.0999998	-1.22E-11	322.530269
-9.20001	-3.32E-11	322.553574	0.0999998	-1.22E-11	322.553574
-9.10001	-3.24E-11	322.576798	0.0999998	-1.21E-11	322.576798
-9.00001	-3.34E-11	322.600092	0.0999997	-1.23E-11	322.600092
-8.90001	-3.24E-11	322.623404	0.0999998	-1.2E-11	322.623404
-8.80001	-2.96E-11	322.646621	0.0999997	-1.2E-11	322.646621
-8.70001	-2.96E-11	322.669849	0.1000001	-1.22E-11	322.669849
-8.60001	-3.01E-11	322.693134	0.0999996	-1.22E-11	322.693134
-8.50001	-2.81E-11	322.716427	0.1	-1.23E-11	322.716427
-8.40001	-2.72E-11	322.73965	0.0999999	-1.25E-11	322.73965
-8.30001	-2.65E-11	322.762857	0.0999997	-1.24E-11	322.762857
-8.20001	-2.79E-11	322.786147	0.0999997	-1.2E-11	322.786147
-8.10001	-2.77E-11	322.809441	0.0999997	-1.19E-11	322.809441
-8.00001	-2.5E-11	322.83273	0.0999999	-1.25E-11	322.83273
-7.90001	-2.7E-11	322.856021	0.1	-1.25E-11	322.856021
-7.80001	-2.62E-11	322.879302	0.0999999	-1.22E-11	322.879302
-7.70001	-2.48E-11	322.902532	0.0999999	-1.23E-11	322.902532
-7.60001	-4.44E-11	322.95784	0.0999999	-1.08E-11	322.95784
-7.50001	-2.51E-11	322.981073	0.0999997	-1.27E-11	322.981073
-7.40001	-2.56E-11	323.004368	0.1	-1.23E-11	323.004368
-7.30001	-2.53E-11	323.027663	0.0999999	-1.2E-11	323.027663
-7.2	-2.24E-11	323.050961	0.0999997	-1.28E-11	323.050961
-7.10001	-2.17E-11	323.074176	0.0999997	-1.23E-11	323.074176
-7.00001	-2.33E-11	323.097469	0.0999998	-1.28E-11	323.097469
-6.90001	-2.09E-11	323.1208	0.0999998	-1.24E-11	323.1208
-6.80001	-2.07E-11	323.144015	0.0999998	-1.25E-11	323.144015
-6.70001	-2.18E-11	323.167404	0.0999999	-1.24E-11	323.167404
-6.60001	-2.14E-11	323.190703	0.0999999	-1.24E-11	323.190703
-6.50001	-2.15E-11	323.21399	0.0999999	-1.25E-11	323.21399
-6.40001	-1.89E-11	323.237205	0.0999999	-1.26E-11	323.237205
-6.30001	-2.02E-11	323.260479	0.0999998	-1.3E-11	323.260479
-6.20001	-1.78E-11	323.283688	0.0999999	-1.28E-11	323.283688
-6.10001	-1.74E-11	323.306914	0.0999998	-1.3E-11	323.306914
-6.00001	-1.7E-11	323.330133	0.0999999	-1.29E-11	323.330133
-5.90001	-1.86E-11	323.353427	0.0999998	-1.27E-11	323.353427
-5.80001	-1.84E-11	323.376715	0.0999996	-1.27E-11	323.376715
-5.70001	-1.78E-11	323.400002	0.0999998	-1.32E-11	323.400002
-5.60001	-1.83E-11	323.423419	0.1	-1.29E-11	323.423419
-5.50001	-3.54E-11	323.463835	0.1	-1.11E-11	323.463835
-5.40001	-1.59E-11	323.48715	0.0999999	-1.33E-11	323.48715
-5.30001	-1.51E-11	323.510463	0.1	-1.27E-11	323.510463
-5.20001	-1.64E-11	323.533756	0.1	-1.27E-11	323.533756
-5.1	-1.49E-11	323.557071	0.0999998	-1.29E-11	323.557071
-5.00001	-1.38E-11	323.580298	0.0999999	-1.3E-11	323.580298
-4.90001	-1.31E-11	323.603506	0.0999998	-1.31E-11	323.603506
-4.80001	-1.43E-11	323.626826	0.0999997	-1.28E-11	323.626826
-4.7	-1.27E-11	323.650031	0.0999998	-1.34E-11	323.650031
-4.60001	-1.21E-11	323.673243	0.0999998	-1.34E-11	323.673243
-4.50001	-1.18E-11	323.696448	0.0999997	-1.35E-11	323.696448
-4.40001	-1.26E-11	323.719737	0.1	-1.34E-11	323.719737
-4.3	-1.24E-11	323.743043	0.0999998	-1.32E-11	323.743043
-4.20001	-9.9E-12	323.766249	0.0999999	-1.31E-11	323.766249
-4.10001	-9.5E-12	323.789457	0.0999998	-1.31E-11	323.789457
-4.00001	-1.08E-11	323.812736	0.0999999	-1.32E-11	323.812736
-3.90001	-8.9E-12	323.836041	0.0999998	-1.39E-11	323.836041
-3.80001	-8.1E-12	323.859253	0.0999998	-1.4E-11	323.859253
-3.70001	-7.8E-12	323.882464	0.0999999	-1.33E-11	323.882464
-3.60001	-9.2E-12	323.905752	0.0999998	-1.35E-11	323.905752
-3.50001	-2.83E-11	323.964899	0.1000002	-1.22E-11	323.964899
-3.40001	-1.02E-11	323.988201	0.0999998	-1.4E-11	323.988201
-3.30001	-6.9E-12	324.011409	0.0999998	-1.42E-11	324.011409
-3.20001	-6.4E-12	324.034622	0.0999997	-1.41E-11	324.034622
-3.10001	-7.1E-12	324.057993	0.1	-1.37E-11	324.057993
-3.00001	-7.1E-12	324.081286	0.0999999	-1.39E-11	324.081286
-2.90001	-4.3E-12	324.104487	0.0999999	-1.41E-11	324.104487
-2.80001	-3.5E-12	324.127727	0.0999998	-1.38E-11	324.127727
-2.70001	-4.5E-12	324.151023	0.0999997	-1.4E-11	324.151023
-2.60001	-3.8E-12	324.174331	0.0999999	-1.43E-11	324.174331
-2.50001	-1E-12	324.197539	0.0999997	-1.45E-11	324.197539
-2.40001	-5E-13	324.220843	0.0999997	-1.41E-11	324.220843
-2.30001	-1.6E-12	324.244144	0.0999998	-1.44E-11	324.244144
-2.20001	1E-12	324.267348	0.0999998	-1.44E-11	324.267348
-2.099999	-1.54E-11	324.292467	0.1	-1.27E-11	324.292467
-2	2.6E-12	324.315695	0.0999997	-1.43E-11	324.315695
-1.9	1.5E-12	324.338984	0.0999998	-1.42E-11	324.338984
-1.8	2.3E-12	324.362262	0.0999998	-1.14E-11	324.362262
-1.7	4.9E-12	324.385463	0.0999999	5.8E-12	324.385463
-1.6	6E-12	324.408665	0.0999998	9.56E-11	324.408665
-1.500001	-1.44E-11	324.46179	0.1000003	4.547E-10	324.46179
-1.4	6.1E-12	324.485025	0.1000003	1.8595E-09	324.485025
-1.3	5.7E-12	324.508393	0.100002	6.3205E-09	324.508393
-1.2	8.9E-12	324.531597	0.1000042	1.85449E-08	324.531597
-1.1	1.01E-11	324.554907	0.1000054	4.69409E-08	324.554907
-1.000001	-9.8E-12	324.602912	0.1000001	9.9792E-08	324.602912
-0.9	-4.1E-12	324.627467	0.1000005	1.98211E-07	324.627467
-0.8	-2.3E-12	324.65203	0.1000004	3.4828E-07	324.65203
-0.7	-4E-13	324.676518	0.1000006	5.57723E-07	324.676518
-0.6	1.5E-12	324.701014	0.1000011	8.29804E-07	324.701014
-0.500001	-2.7E-12	324.735519	0.0999998	1.15797E-06	324.735519
-0.400001	3.3E-12	324.76006	0.1000001	1.55248E-06	324.76006
-0.3	4.9E-12	324.784594	0.1	1.9978E-06	324.784594
-0.1999999	3.7E-12	324.811038	0.1000003	2.48695E-06	324.811038
-0.0999998	8.6E-12	324.835625	0.1000006	3.0174E-06	324.835625
4E-07	1.06E-11	324.860152	0.1000003	3.5807E-06	324.860152
0.1000002	1.29E-11	324.884641	0.1000003	4.17181E-06	324.884641
0.2000004	1.46E-11	324.909145	0.1000001	4.7857E-06	324.909145
0.299999	9.1E-12	324.974621	0.1	5.40646E-06	324.974621
0.4	1.58E-11	324.999138	0.1000001	6.06033E-06	324.999138
0.5	1.87E-11	325.023663	0.0999999	6.72612E-06	325.023663
0.599999	2.1E-11	325.048197	0.1	7.40302E-06	325.048197
0.7	2.32E-11	325.07276	0.1000003	8.09172E-06	325.07276
0.799999	2.5E-11	325.097281	0.0999999	8.7903E-06	325.097281
0.9	2.66E-11	325.121804	0.1000001	9.49797E-06	325.121804
0.999999	2.86E-11	325.146338	0.0999999	1.02144E-05	325.146338
1.099999	2.53E-11	325.180978	0.1	1.09273E-05	325.180978
1.2	3.12E-11	325.205464	0.1000001	1.16589E-05	325.205464
1.3	3.33E-11	325.229954	0.1	1.23943E-05	325.229954
1.399999	3.44E-11	325.254535	0.1	1.31345E-05	325.254535
1.5	3.59E-11	325.279039	0.1000001	1.38784E-05	325.279039
1.599999	3.69E-11	325.303538	0.1000001	1.46264E-05	325.303538
1.699999	3.82E-11	325.328046	0.1000001	1.53766E-05	325.328046
1.8	3.92E-11	325.352563	0.1000001	1.61295E-05	325.352563
1.899999	4.02E-11	325.377062	0.1000003	1.68844E-05	325.377062
2	4.1E-11	325.401571	0.1000001	1.76416E-05	325.401571
2.1	4.17E-11	325.426064	0.0999999	1.84013E-05	325.426064
2.19999	3.54E-11	325.473339	0.1	1.91507E-05	325.473339
2.29999	4.15E-11	325.49803	0.1000001	1.99155E-05	325.49803
2.39999	4.25E-11	325.52256	0.1000002	2.0681E-05	325.52256
2.49999	4.28E-11	325.547165	0.0999998	2.1447E-05	325.547165
2.59999	4.37E-11	325.571765	0.0999999	2.22139E-05	325.571765
2.69999	4.43E-11	325.596309	0.1000001	2.29824E-05	325.596309
2.79999	4.47E-11	325.620852	0.0999999	2.37519E-05	325.620852
2.89999	4.56E-11	325.645371	0.0999999	2.45225E-05	325.645371
2.99999	4.57E-11	325.669903	0.1000002	2.52934E-05	325.669903
3.09999	4.6E-11	325.69441	0.1000001	2.60661E-05	325.69441
3.19999	4.68E-11	325.71896	0.1	2.68391E-05	325.71896
3.29999	4.67E-11	325.743489	0.1000001	2.76133E-05	325.743489
3.39999	4.74E-11	325.768004	0.1	2.83879E-05	325.768004
3.49999	4.71E-11	325.792566	0.1000002	2.91636E-05	325.792566
3.59999	4.77E-11	325.817079	0.1	2.99401E-05	325.817079
3.69999	4.8E-11	325.841693	0.1000004	3.07171E-05	325.841693
3.79999	4.85E-11	325.866203	0.1	3.14954E-05	325.866203
3.89999	4.83E-11	325.890754	0.1000002	3.22742E-05	325.890754
3.99999	4.93E-11	325.915262	0.0999999	3.30534E-05	325.915262
4.09999	4.29E-11	325.967899	0.1	3.38242E-05	325.967899
4.19999	4.8E-11	325.992427	0.0999998	3.46075E-05	325.992427
4.29999	4.82E-11	326.016979	0.1	3.5391E-05	326.016979
4.39999	4.87E-11	326.04151	0.1000001	3.61748E-05	326.04151
4.49999	4.96E-11	326.066119	0.1000002	3.69583E-05	326.066119
4.59999	4.96E-11	326.090615	0.1	3.77433E-05	326.090615
4.69999	4.94E-11	326.115184	0.1	3.85288E-05	326.115184
4.79999	5.05E-11	326.139705	0.1000001	3.93156E-05	326.139705
4.89999	4.98E-11	326.164342	0.1000001	4.01027E-05	326.164342
4.99999	5.06E-11	326.188848	0.0999999	4.08911E-05	326.188848
5.09999	5.07E-11	326.213444	0.0999998	4.16806E-05	326.213444
5.19999	5.11E-11	326.237979	0.1000002	4.24708E-05	326.237979
5.29999	5.21E-11	326.262498	0.1000003	4.32625E-05	326.262498
5.39999	5.14E-11	326.287036	0.0999998	4.40547E-05	326.287036
5.49999	5.17E-11	326.311536	0.1000002	4.48495E-05	326.311536
5.59999	5.23E-11	326.336069	0.1	4.56437E-05	326.336069
5.69999	5.24E-11	326.360564	0.1000003	4.64387E-05	326.360564
5.79999	5.23E-11	326.385124	0.1000003	4.7236E-05	326.385124
5.89999	5.26E-11	326.409664	0.0999999	4.80344E-05	326.409664
5.99999	4.54E-11	326.466905	0.1000002	4.88211E-05	326.466905
6.09999	5.01E-11	326.491657	0.1	4.96258E-05	326.491657
6.19999	5.16E-11	326.516202	0.1	5.04292E-05	326.516202
6.29999	5.21E-11	326.54072	0.0999997	5.1233E-05	326.54072
6.39999	5.25E-11	326.565323	0.1	5.2037E-05	326.565323
6.49999	5.28E-11	326.589843	0.1000001	5.28428E-05	326.589843
6.59999	5.29E-11	326.61439	0.1	5.36488E-05	326.61439
6.69999	5.32E-11	326.638892	0.1000002	5.44571E-05	326.638892
6.79999	5.36E-11	326.663413	0.1000002	5.52655E-05	326.663413
6.89999	5.37E-11	326.687928	0.1000002	5.60756E-05	326.687928
6.99999	5.41E-11	326.712486	0.1000001	5.68862E-05	326.712486
7.09999	5.42E-11	326.737026	0.1	5.76979E-05	326.737026
7.19999	5.45E-11	326.76156	0.1000002	5.85125E-05	326.76156
7.29999	5.45E-11	326.786064	0.1000001	5.93273E-05	326.786064
7.39999	5.43E-11	326.810585	0.1000002	6.01421E-05	326.810585
7.49999	5.45E-11	326.835224	0.1000001	6.09591E-05	326.835224
7.59999	5.45E-11	326.859751	0.1000002	6.17778E-05	326.859751
7.69999	5.51E-11	326.88427	0.1000002	6.25973E-05	326.88427
7.79999	5.5E-11	326.908782	0.1000002	6.34181E-05	326.908782
7.89999	4.85E-11	326.957859	0.1000001	6.42309E-05	326.957859
7.99999	5.34E-11	326.982456	0.1000001	6.50572E-05	326.982456
8.09999	5.43E-11	327.007065	0.1	6.58829E-05	327.007065
8.19999	5.51E-11	327.031628	0.0999999	6.67087E-05	327.031628
8.29999	5.13E-11	327.057827	0.1	6.75353E-05	327.057827
8.39999	5.5E-11	327.082414	0.1000002	6.83638E-05	327.082414
8.49999	5.51E-11	327.106956	0.0999998	6.91935E-05	327.106956
8.59999	5.55E-11	327.131521	0.1000002	7.0025E-05	327.131521
8.69999	5.56E-11	327.156069	0.1000001	7.0857E-05	327.156069
8.79999	5.6E-11	327.180683	0.1000002	7.16889E-05	327.180683
8.89999	5.6E-11	327.205232	0.0999999	7.25226E-05	327.205232
8.99999	5.65E-11	327.22976	0.1000002	7.33585E-05	327.22976
9.09999	5.7E-11	327.254262	0.1	7.41947E-05	327.254262
9.19999	5.66E-11	327.278791	0.1000002	7.50326E-05	327.278791
9.29999	5.72E-11	327.303299	0.0999998	7.58696E-05	327.303299
9.39999	5.72E-11	327.327826	0.1000002	7.67119E-05	327.327826
9.49999	5.74E-11	327.352336	0.0999999	7.7555E-05	327.352336
9.59999	5.73E-11	327.37695	0.1000002	7.83992E-05	327.37695
9.69999	5.75E-11	327.401497	0.1000001	7.9245E-05	327.401497
9.79999	5.73E-11	327.426038	0.0999998	8.00901E-05	327.426038
9.89999	5.1E-11	327.476351	0.0999999	8.09307E-05	327.476351
9.99999	5.61E-11	327.500975	0.1000001	8.17814E-05	327.500975
9.9	4.28E-11	327.525487	0.1	8.09189E-05	327.525487
9.8	3.95E-11	327.550016	0.1	8.00617E-05	327.550016
9.7	3.77E-11	327.574598	0.0999996	7.92089E-05	327.574598
9.6	3.65E-11	327.599125	0.0999999	7.83555E-05	327.599125
9.5	3.46E-11	327.623649	0.1000002	7.7505E-05	327.623649
9.4	3.35E-11	327.648162	0.0999999	7.66551E-05	327.648162
9.3	3.21E-11	327.672667	0.0999999	7.58078E-05	327.672667
9.2	3.1E-11	327.697193	0.0999999	7.49616E-05	327.697193
9.1	3.05E-11	327.721692	0.1	7.41163E-05	327.721692
9	2.97E-11	327.746248	0.0999999	7.32731E-05	327.746248
8.9	2.92E-11	327.770843	0.1000001	7.24355E-05	327.770843
8.8	2.87E-11	327.795413	0.0999999	7.15929E-05	327.795413
8.7	2.78E-11	327.819923	0.0999999	7.07517E-05	327.819923
8.6	2.74E-11	327.844566	0.0999998	6.99128E-05	327.844566
8.5	2.68E-11	327.869099	0.1000001	6.90746E-05	327.869099
8.4	2.57E-11	327.893606	0.0999998	6.82368E-05	327.893606
8.3	2.52E-11	327.918141	0.1	6.74007E-05	327.918141
8.2	3.14E-11	327.977879	0.0999998	6.65691E-05	327.977879
8.1	2.6E-11	328.002414	0.0999999	6.57351E-05	328.002414
8	2.48E-11	328.026934	0.1	6.49042E-05	328.026934
7.9	2.43E-11	328.05146	0.0999999	6.40724E-05	328.05146
7.8	2.41E-11	328.076057	0.0999996	6.32432E-05	328.076057
7.7	2.32E-11	328.10061	0.1	6.24156E-05	328.10061
7.6	2.24E-11	328.125141	0.1	6.15881E-05	328.125141
7.5	2.22E-11	328.149686	0.0999998	6.07624E-05	328.149686
7.4	2.19E-11	328.174294	0.0999999	5.99379E-05	328.174294
7.3	2.11E-11	328.198819	0.0999996	5.91153E-05	328.198819
7.2	2.09E-11	328.223503	0.1	5.82932E-05	328.223503
7.1	2.04E-11	328.24801	0.0999999	5.74717E-05	328.24801
7	2.07E-11	328.272627	0.0999999	5.6652E-05	328.272627
6.9	2.01E-11	328.297168	0.0999998	5.58338E-05	328.297168
6.8	1.97E-11	328.32174	0.1	5.50161E-05	328.32174
6.7	1.88E-11	328.346256	0.1	5.4199E-05	328.346256
6.6	1.89E-11	328.370788	0.0999998	5.33843E-05	328.370788
6.5	1.77E-11	328.395303	0.1	5.25702E-05	328.395303
6.4	1.79E-11	328.419866	0.1	5.1757E-05	328.419866
6.3	2.36E-11	328.474837	0.0999999	5.09505E-05	328.474837
6.2	1.83E-11	328.499338	0.0999999	5.01398E-05	328.499338
6.1	1.77E-11	328.523879	0.0999998	4.93301E-05	328.523879
6	1.74E-11	328.548402	0.0999998	4.85217E-05	328.548402
5.9	1.66E-11	328.573027	0.1	4.77145E-05	328.573027
5.8	1.63E-11	328.59755	0.1	4.69087E-05	328.59755
5.7	1.58E-11	328.622085	0.1000002	4.61036E-05	328.622085
5.6	1.51E-11	328.646579	0.1	4.52997E-05	328.646579
5.5	1.49E-11	328.671113	0.0999998	4.44978E-05	328.671113
5.4	1.43E-11	328.695623	0.0999998	4.36961E-05	328.695623
5.3	1.4E-11	328.720157	0.1	4.28956E-05	328.720157
5.2	1.34E-11	328.744668	0.0999999	4.20961E-05	328.744668
5.1	1.33E-11	328.769179	0.0999998	4.12985E-05	328.769179
5	1.3E-11	328.793699	0.0999998	4.05015E-05	328.793699
4.9	1.24E-11	328.818225	0.1	3.97054E-05	328.818225
4.8	1.15E-11	328.842858	0.0999997	3.89108E-05	328.842858
4.7	1.1E-11	328.867359	0.0999999	3.81178E-05	328.867359
4.6	1.06E-11	328.891873	0.0999999	3.73255E-05	328.891873
4.5	1E-11	328.91642	0.1000001	3.65341E-05	328.91642
4.4	1.8E-11	328.978974	0.0999999	3.57497E-05	328.978974
4.3	1.18E-11	329.003548	0.1000001	3.49598E-05	329.003548
4.2	1E-11	329.028057	0.0999999	3.41712E-05	329.028057
4.1	9.1E-12	329.052583	0.1	3.33845E-05	329.052583
4	8.2E-12	329.077202	0.1	3.25991E-05	329.077202
3.9	7.9E-12	329.101763	0.1	3.18152E-05	329.101763
3.8	7.3E-12	329.126305	0.0999999	3.10315E-05	329.126305
3.7	6.6E-12	329.150826	0.0999998	3.02495E-05	329.150826
3.6	5.8E-12	329.175475	0.0999999	2.94685E-05	329.175475
3.5	5E-12	329.200075	0.0999998	2.86894E-05	329.200075
3.4	4.3E-12	329.22462	0.1	2.7911E-05	329.22462
3.3	4E-12	329.249129	0.0999998	2.71341E-05	329.249129
3.2	3.2E-12	329.273644	0.1	2.63588E-05	329.273644
3.1	2.6E-12	329.298155	0.1000001	2.55844E-05	329.298155
3	1.7E-12	329.3227	0.0999999	2.48106E-05	329.3227
2.9	1.4E-12	329.34723	0.0999998	2.40392E-05	329.34723
2.8	3E-13	329.371753	0.1	2.32688E-05	329.371753
2.7	-2E-13	329.396261	0.1000001	2.25002E-05	329.396261
2.6	-7E-13	329.420814	0.0999999	2.17324E-05	329.420814
2.5	5E-12	329.482212	0.0999998	2.0972E-05	329.482212
2.4	-6E-13	329.506839	0.0999999	2.02064E-05	329.506839
2.3	-1.8E-12	329.531358	0.1000001	1.94431E-05	329.531358
2.2	-2.9E-12	329.555931	0.0999999	1.86818E-05	329.555931
2.099999	-7E-13	329.58244	0.0999999	1.79288E-05	329.58244
2	-5E-12	329.607011	0.1	1.71719E-05	329.607011
1.9	-6.5E-12	329.631536	0.1000001	1.64171E-05	329.631536
1.8	-7.4E-12	329.656053	0.1	1.5665E-05	329.656053
1.7	-8.7E-12	329.680563	0.1	1.49156E-05	329.680563
1.6	-9.6E-12	329.70521	0.1000001	1.41697E-05	329.70521
1.5	-1.13E-11	329.729744	0.0999998	1.34268E-05	329.729744
1.4	-1.28E-11	329.754255	0.0999998	1.26879E-05	329.754255
1.3	-1.43E-11	329.778784	0.0999999	1.19541E-05	329.778784
1.2	-1.55E-11	329.803289	0.0999998	1.12251E-05	329.803289
1.1	-1.76E-11	329.827806	0.1	1.05025E-05	329.827806
1	-1.9E-11	329.852405	0.0999999	9.7873E-06	329.852405
0.9	-2.07E-11	329.876923	0.0999997	9.0802E-06	329.876923
0.8	-1.9E-11	329.904049	0.0999999	8.38831E-06	329.904049
0.7	-2.42E-11	329.928594	0.1000002	7.70035E-06	329.928594
0.6	-1.96E-11	329.984041	0.0999999	7.03012E-06	329.984041
0.5	-2.7E-11	330.008689	0.0999999	6.36346E-06	330.008689
0.4	-2.94E-11	330.033233	0.0999998	5.71165E-06	330.033233
0.3	-3.19E-11	330.057757	0.0999997	5.07502E-06	330.057757
0.2	-3.08E-11	330.084255	0.0999999	4.4578E-06	330.084255
0.0999998	-3.65E-11	330.10879	0.0999999	3.85934E-06	330.10879
-3E-07	-3.89E-11	330.133356	0.0999998	3.28682E-06	330.133356
