#scan	iMeasureCycle=1	iMux=0	time=0.022	N=401	LocalTime=20/04/2023 01:07:40
#VGate(V)	IGate(A)	time(s)	VDrain(V)	IDrain(A)	time(s)
-3E-07	-1.544E-10	0.024891	0.0999999	1.43917E-05	0.024891
-0.1000005	-2.128E-10	0.049765	0.1000001	1.36018E-05	0.049765
-0.2000005	-2.613E-10	0.074283	0.1	1.28184E-05	0.074283
-0.300001	-2.02E-10	0.099	0.0999999	1.20408E-05	0.099
-0.4	-1.127E-10	0.123525	0.0999999	1.12697E-05	0.123525
-0.5	-8.69E-11	0.148037	0.0999998	1.05061E-05	0.148037
-0.6	-7.35E-11	0.17256	0.0999999	9.7503E-06	0.17256
-0.7	-6.67E-11	0.197074	0.0999999	9.0039E-06	0.197074
-0.8	-5.72E-11	0.224226	0.0999998	8.27329E-06	0.224226
-0.9	-5.79E-11	0.248737	0.1000001	7.55116E-06	0.248737
-1	-5.58E-11	0.273281	0.1000003	6.84318E-06	0.273281
-1.1	-5.46E-11	0.297899	0.0999999	6.15358E-06	0.297899
-1.2	-5.39E-11	0.322461	0.1	5.48399E-06	0.322461
-1.3	-5.29E-11	0.347021	0.0999999	4.83871E-06	0.347021
-1.4	-5.27E-11	0.371567	0.0999999	4.22097E-06	0.371567
-1.5	-5.22E-11	0.396171	0.0999999	3.63384E-06	0.396171
-1.6	-5.26E-11	0.420683	0.0999999	3.08193E-06	0.420683
-1.7	-5.26E-11	0.445234	0.0999997	2.56909E-06	0.445234
-1.8	-5.28E-11	0.469745	0.0999998	2.10027E-06	0.469745
-1.9	-5.26E-11	0.494255	0.0999999	1.67764E-06	0.494255
-2	-5.27E-11	0.518867	0.0999999	1.30467E-06	0.518867
-2.1	-5.3E-11	0.543371	0.0999998	9.829E-07	0.543371
-2.2	-4.61E-11	0.59347	0.0999999	7.16181E-07	0.59347
-2.3	-5.1E-11	0.618065	0.0999996	4.95142E-07	0.618065
-2.4	-5.21E-11	0.642576	0.0999996	3.24436E-07	0.642576
-2.5	-5.29E-11	0.667068	0.0999997	1.98627E-07	0.667068
-2.6	-5.32E-11	0.691659	0.0999997	1.11818E-07	0.691659
-2.7	-4.81E-11	0.729359	0.0999963	5.7784E-08	0.729359
-2.8	-6.83E-11	0.752566	0.1000059	2.59005E-08	0.752566
-2.9	-6.68E-11	0.775851	0.1000023	1.01356E-08	0.775851
-3	-6.79E-11	0.799128	0.1000013	3.4683E-09	0.799128
-3.1	-6.93E-11	0.82237	0.1000007	1.0478E-09	0.82237
-3.2	-6.79E-11	0.8457	0.1000004	2.896E-10	0.8457
-3.3	-6.9E-11	0.868976	0.1000002	6.67E-11	0.868976
-3.4	-7.08E-11	0.892282	0.1000002	8.6E-12	0.892282
-3.5	-7.11E-11	0.915504	0.1000003	-3.8E-12	0.915504
-3.6	-7.17E-11	0.938719	0.1000003	-5.5E-12	0.938719
-3.7	-7.03E-11	0.962095	0.1000003	-6E-12	0.962095
-3.8	-7.24E-11	0.985295	0.1000003	-6.2E-12	0.985295
-3.9	-7.26E-11	1.008682	0.1000002	-5.5E-12	1.008682
-4	-7.11E-11	1.03205	0.1000003	-5.6E-12	1.03205
-4.1	-5.15E-11	1.090796	0.1	-7.8E-12	1.090796
-4.2	-6.9E-11	1.114149	0.1000002	-6.4E-12	1.114149
-4.3	-7.02E-11	1.137448	0.1000002	-5.9E-12	1.137448
-4.4	-7.28E-11	1.160655	0.1000003	-5.9E-12	1.160655
-4.5	-7.38E-11	1.183915	0.1000003	-5.8E-12	1.183915
-4.6	-7.25E-11	1.207203	0.1000003	-6.1E-12	1.207203
-4.7	-7.26E-11	1.230488	0.1000002	-6E-12	1.230488
-4.8	-7.44E-11	1.253702	0.1000002	-5.8E-12	1.253702
-4.9	-7.42E-11	1.276928	0.1000002	-5.5E-12	1.276928
-5	-7.34E-11	1.300299	0.1000004	-5.8E-12	1.300299
-5.1	-7.28E-11	1.323676	0.1000001	-6E-12	1.323676
-5.2	-7.62E-11	1.346892	0.1000003	-5.9E-12	1.346892
-5.3	-7.6E-11	1.370103	0.1000004	-5.9E-12	1.370103
-5.4	-7.45E-11	1.393473	0.1000003	-5.7E-12	1.393473
-5.5	-7.64E-11	1.416707	0.1000002	-5.7E-12	1.416707
-5.6	-7.69E-11	1.43993	0.1	-5.6E-12	1.43993
-5.7	-7.55E-11	1.463219	0.1000002	-5.7E-12	1.463219
-5.8	-7.58E-11	1.486498	0.1000004	-5.7E-12	1.486498
-5.9	-7.73E-11	1.509713	0.1000003	-5.4E-12	1.509713
-6	-7.79E-11	1.53293	0.1000002	-5.5E-12	1.53293
-6.1	-5.7E-11	1.589491	0.1	-7E-12	1.589491
-6.2	-7.62E-11	1.612732	0.1000003	-5.7E-12	1.612732
-6.3	-7.68E-11	1.635991	0.1000003	-5.6E-12	1.635991
-6.4	-7.75E-11	1.659205	0.1000003	-5.3E-12	1.659205
-6.5	-7.63E-11	1.682552	0.1000003	-5.3E-12	1.682552
-6.6	-7.71E-11	1.705835	0.1000002	-5.8E-12	1.705835
-6.7	-7.85E-11	1.729066	0.1000003	-5.2E-12	1.729066
-6.8	-7.73E-11	1.75236	0.1000001	-5.9E-12	1.75236
-6.9	-7.73E-11	1.775634	0.1000001	-5.5E-12	1.775634
-7	-7.81E-11	1.798927	0.1000003	-6E-12	1.798927
-7.1	-8.01E-11	1.822402	0.1000002	-5.5E-12	1.822402
-7.2	-7.89E-11	1.845695	0.1000003	-5.2E-12	1.845695
-7.3	-7.89E-11	1.868982	0.1000002	-5.4E-12	1.868982
-7.4	-8.09E-11	1.892277	0.1000005	-5.3E-12	1.892277
-7.5	-7.88E-11	1.915566	0.1000002	-5.3E-12	1.915566
-7.6	-7.85E-11	1.938862	0.1000002	-5.5E-12	1.938862
-7.7	-8.07E-11	1.962186	0.1	-5E-12	1.962186
-7.8	-8.12E-11	1.985402	0.1000004	-5.2E-12	1.985402
-7.9	-7.98E-11	2.008693	0.1000004	-5.1E-12	2.008693
-8	-8E-11	2.031987	0.1000003	-5.4E-12	2.031987
-8.1	-6.04E-11	2.09097	0.1000001	-7.3E-12	2.09097
-8.2	-7.98E-11	2.114204	0.1000003	-5.2E-12	2.114204
-8.3	-8.03E-11	2.137447	0.1000002	-5.4E-12	2.137447
-8.4	-8.09E-11	2.160665	0.1000003	-5.4E-12	2.160665
-8.5	-7.98E-11	2.184007	0.1000003	-5.4E-12	2.184007
-8.6	-7.96E-11	2.2073	0.1000003	-5.9E-12	2.2073
-8.7	-8.19E-11	2.230527	0.1000003	-5.4E-12	2.230527
-8.8	-8.08E-11	2.253814	0.1000002	-5.5E-12	2.253814
-8.9	-8.05E-11	2.277097	0.1000002	-5.8E-12	2.277097
-9	-8.22E-11	2.300416	0.1000001	-5.2E-12	2.300416
-9.1	-8.12E-11	2.32397	0.1000003	-5.6E-12	2.32397
-9.2	-8.11E-11	2.347274	0.1000003	-5.4E-12	2.347274
-9.3	-8.3E-11	2.370485	0.1000003	-5.3E-12	2.370485
-9.4	-8.25E-11	2.393799	0.1000004	-5.3E-12	2.393799
-9.5	-8.14E-11	2.417087	0.1000001	-5.5E-12	2.417087
-9.6	-8.3E-11	2.440324	0.1000002	-5.5E-12	2.440324
-9.7	-8.28E-11	2.463548	0.1000002	-5.6E-12	2.463548
-9.8	-8.32E-11	2.486788	0.1000002	-5.2E-12	2.486788
-9.9	-8.18E-11	2.510078	0.1000003	-5.3E-12	2.510078
-10	-8.18E-11	2.533378	0.1000003	-5.2E-12	2.533378
-9.90001	-5.81E-11	2.588032	0.1	-7.4E-12	2.588032
-9.80001	-3.81E-11	2.611352	0.0999997	-8.7E-12	2.611352
-9.70001	-3.52E-11	2.634656	0.0999998	-9.1E-12	2.634656
-9.60001	-3.3E-11	2.657878	0.1	-9.2E-12	2.657878
-9.50001	-3.4E-11	2.681231	0.1	-9.3E-12	2.681231
-9.40001	-3.26E-11	2.704498	0.0999999	-8.9E-12	2.704498
-9.30001	-2.9E-11	2.727769	0.0999997	-9E-12	2.727769
-9.20001	-2.98E-11	2.751059	0.0999999	-9.3E-12	2.751059
-9.10001	-2.93E-11	2.774359	0.0999999	-8.7E-12	2.774359
-9.00001	-2.88E-11	2.797644	0.1	-8.9E-12	2.797644
-8.90001	-2.57E-11	2.820841	0.1	-9.1E-12	2.820841
-8.80001	-2.53E-11	2.844076	0.0999998	-8.7E-12	2.844076
-8.70001	-2.64E-11	2.867364	0.1	-8.6E-12	2.867364
-8.60001	-2.62E-11	2.890668	0.0999999	-8.7E-12	2.890668
-8.50001	-2.35E-11	2.913965	0.0999998	-9.1E-12	2.913965
-8.40001	-2.24E-11	2.937177	0.0999999	-9.4E-12	2.937177
-8.30001	-2.43E-11	2.960552	0.0999997	-9.1E-12	2.960552
-8.20001	-2.19E-11	2.983766	0.0999997	-9.2E-12	2.983766
-8.10001	-2.12E-11	3.007033	0.0999996	-9.7E-12	3.007033
-8	-2.23E-11	3.030421	0.0999998	-9.3E-12	3.030421
-7.90001	-2.24E-11	3.053723	0.0999998	-9.5E-12	3.053723
-7.80001	-4.06E-11	3.094202	0.1	-7.7E-12	3.094202
-7.70001	-2.24E-11	3.117516	0.0999999	-9.2E-12	3.117516
-7.6	-2.19E-11	3.14082	0.0999999	-9.7E-12	3.14082
-7.50001	-1.94E-11	3.16404	0.0999999	-9.6E-12	3.16404
-7.40001	-1.87E-11	3.187312	0.1000001	-9.8E-12	3.187312
-7.30001	-2E-11	3.210601	0.0999998	-9.2E-12	3.210601
-7.2	-1.99E-11	3.233906	0.1	-9.6E-12	3.233906
-7.10001	-1.76E-11	3.25712	0.0999999	-1E-11	3.25712
-7.00001	-1.91E-11	3.280417	0.0999998	-9.7E-12	3.280417
-6.90001	-1.89E-11	3.303792	0.0999998	-9.7E-12	3.303792
-6.80001	-1.61E-11	3.327252	0.0999998	-1E-11	3.327252
-6.70001	-1.61E-11	3.350477	0.0999999	-9.8E-12	3.350477
-6.60001	-1.71E-11	3.373767	0.1	-9.7E-12	3.373767
-6.50001	-1.59E-11	3.397077	0.0999998	-9.9E-12	3.397077
-6.40001	-1.54E-11	3.420297	0.0999998	-9.6E-12	3.420297
-6.30001	-1.64E-11	3.443604	0.1000001	-9.6E-12	3.443604
-6.20001	-1.52E-11	3.466883	0.0999999	-9.8E-12	3.466883
-6.10001	-1.44E-11	3.490105	0.0999998	-1.02E-11	3.490105
-6.00001	-1.42E-11	3.513351	0.0999998	-1.04E-11	3.513351
-5.90001	-1.47E-11	3.536644	0.1	-1E-11	3.536644
-5.80001	-3.36E-11	3.595434	0.0999999	-8.8E-12	3.595434
-5.70001	-1.47E-11	3.618722	0.0999998	-1.02E-11	3.618722
-5.60001	-1.49E-11	3.642035	0.0999999	-1.02E-11	3.642035
-5.50001	-1.26E-11	3.665254	0.1	-1.03E-11	3.665254
-5.40001	-1.23E-11	3.688516	0.0999997	-1.03E-11	3.688516
-5.30001	-1.34E-11	3.711808	0.0999998	-1E-11	3.711808
-5.20001	-1.3E-11	3.735088	0.0999998	-1.05E-11	3.735088
-5.1	-1.03E-11	3.758302	0.0999998	-1.07E-11	3.758302
-5.00001	-9.9E-12	3.781519	0.0999999	-1.04E-11	3.781519
-4.90001	-9.3E-12	3.804733	0.0999999	-1.07E-11	3.804733
-4.80001	-1.15E-11	3.828324	0.0999997	-1.01E-11	3.828324
-4.7	-8.3E-12	3.85154	0.0999998	-1.06E-11	3.85154
-4.60001	-7.7E-12	3.874745	0.1	-1.08E-11	3.874745
-4.50001	-9E-12	3.898112	0.0999999	-1.06E-11	3.898112
-4.40001	-8.9E-12	3.921392	0.0999999	-1.03E-11	3.921392
-4.3	-6.3E-12	3.944602	0.0999996	-1.05E-11	3.944602
-4.20001	-6E-12	3.967891	0.0999999	-1.07E-11	3.967891
-4.10001	-7.5E-12	3.991185	0.0999998	-1.1E-11	3.991185
-4.00001	-5.8E-12	4.014425	0.0999999	-1.09E-11	4.014425
-3.90001	-4.8E-12	4.037635	0.0999998	-1.09E-11	4.037635
-3.80001	-2.53E-11	4.096887	0.1	-9.2E-12	4.096887
-3.70001	-5.2E-12	4.120113	0.0999999	-1.1E-11	4.120113
-3.60001	-6.1E-12	4.143415	0.0999999	-1.01E-11	4.143415
-3.50001	-4E-12	4.166656	0.0999997	-4.5E-12	4.166656
-3.40001	-2.7E-12	4.18993	0.0999999	2.38E-11	4.18993
-3.30001	-2.4E-12	4.213141	0.0999998	1.399E-10	4.213141
-3.20001	-3.5E-12	4.236427	0.1000002	5.444E-10	4.236427
-3.10001	-1.1E-12	4.259658	0.1000004	1.8618E-09	4.259658
-3.00001	-7E-13	4.282894	0.1000011	5.73E-09	4.282894
-2.90001	2E-13	4.306191	0.1000017	1.53641E-08	4.306191
-2.80001	6E-13	4.329676	0.1000021	3.61153E-08	4.329676
-2.70001	1.3E-12	4.352904	0.0999977	7.49149E-08	4.352904
-2.60001	-1.91E-11	4.39237	0.1	1.36742E-07	4.39237
-2.50001	-1.39E-11	4.416945	0.1000003	2.35627E-07	4.416945
-2.40001	-1.28E-11	4.441456	0.1000006	3.73526E-07	4.441456
-2.30001	-1.15E-11	4.466012	0.1000005	5.56529E-07	4.466012
-2.20001	-1.07E-11	4.490518	0.1000009	7.87981E-07	4.490518
-2.099999	-1.48E-11	4.526706	0.1	1.06577E-06	4.526706
-2.000001	-9.5E-12	4.55123	0.1	1.40164E-06	4.55123
-1.900001	-1.52E-11	4.602374	0.1	1.7769E-06	4.602374
-1.800001	-9.3E-12	4.62698	0.1	2.21203E-06	4.62698
-1.7	-8.2E-12	4.651511	0.1000001	2.69044E-06	4.651511
-1.600001	-6.5E-12	4.676029	0.1000001	3.20961E-06	4.676029
-1.5	-5.5E-12	4.700596	0.1000002	3.7661E-06	4.700596
-1.400001	-4.2E-12	4.72514	0.1	4.35703E-06	4.72514
-1.3	-3.1E-12	4.749747	0.1000001	4.97754E-06	4.749747
-1.2	-2.4E-12	4.774313	0.1000001	5.62361E-06	4.774313
-1.100001	-6E-13	4.79882	0.1000002	6.29355E-06	4.79882
-1	6E-13	4.823346	0.1000002	6.98274E-06	4.823346
-0.900001	1.9E-12	4.847878	0.1000001	7.68903E-06	4.847878
-0.8	3E-12	4.872393	0.1	8.4092E-06	4.872393
-0.700001	4E-12	4.897016	0.1000001	9.14153E-06	4.897016
-0.6	5.4E-12	4.921571	0.1000002	9.88573E-06	4.921571
-0.500001	1.9E-12	4.956305	0.0999999	1.06307E-05	4.956305
-0.4	7.7E-12	4.980824	0.1	1.13928E-05	4.980824
-0.3	9.5E-12	5.00547	0.1000002	1.21604E-05	5.00547
-0.1999999	7.9E-12	5.031895	0.1000001	1.29342E-05	5.031895
-0.0999995	1.29E-11	5.056422	0.1000002	1.37141E-05	5.056422
0	8.4E-12	5.104197	0.1	1.44933E-05	5.104197
0.1000003	1.51E-11	5.128718	0.1000002	1.52852E-05	5.128718
0.2000004	1.77E-11	5.153219	0.1000001	1.60809E-05	5.153219
0.299999	1.97E-11	5.17795	0.1	1.68809E-05	5.17795
0.4	2.2E-11	5.202507	0.1	1.76872E-05	5.202507
0.5	2.41E-11	5.227018	0.1	1.84981E-05	5.227018
0.6	2.55E-11	5.251517	0.1000002	1.93126E-05	5.251517
0.7	2.74E-11	5.276041	0.1000001	2.01314E-05	5.276041
0.8	2.92E-11	5.300675	0.1000002	2.09532E-05	5.300675
0.9	3.14E-11	5.325183	0.1000001	2.17781E-05	5.325183
0.999999	3.3E-11	5.349706	0.0999999	2.2605E-05	5.349706
1.1	3.5E-11	5.374259	0.1	2.34331E-05	5.374259
1.2	3.62E-11	5.398875	0.1000002	2.4263E-05	5.398875
1.3	3.8E-11	5.423431	0.1000001	2.50941E-05	5.423431
1.399999	3.9E-11	5.447954	0.1	2.59262E-05	5.447954
1.499999	4.03E-11	5.472486	0.1000001	2.67601E-05	5.472486
1.599999	4.16E-11	5.497013	0.1000001	2.75942E-05	5.497013
1.699999	4.29E-11	5.521507	0.1000001	2.84296E-05	5.521507
1.799999	4.34E-11	5.546044	0.0999998	2.92654E-05	5.546044
1.899999	3.63E-11	5.605813	0.0999998	3.00889E-05	5.605813
2	4.18E-11	5.630426	0.0999999	3.09307E-05	5.630426
2.099999	4.36E-11	5.654937	0.1	3.17706E-05	5.654937
2.19999	4.46E-11	5.679673	0.1000002	3.26063E-05	5.679673
2.29999	4.55E-11	5.704279	0.1	3.34459E-05	5.704279
2.39999	4.61E-11	5.728785	0.1000001	3.42869E-05	5.728785
2.49999	4.68E-11	5.753313	0.1	3.51273E-05	5.753313
2.59999	4.73E-11	5.777837	0.1000001	3.59685E-05	5.777837
2.69999	4.69E-11	5.802389	0.1000002	3.68107E-05	5.802389
2.79999	4.82E-11	5.826921	0.0999999	3.76537E-05	5.826921
2.89999	4.86E-11	5.851476	0.1	3.84966E-05	5.851476
2.99999	4.93E-11	5.876097	0.1000001	3.93396E-05	5.876097
3.09999	4.85E-11	5.900748	0.1	4.01835E-05	5.900748
3.19999	4.95E-11	5.925277	0.1000001	4.10293E-05	5.925277
3.29999	4.98E-11	5.949781	0.1000002	4.18743E-05	5.949781
3.39999	5.02E-11	5.974394	0.1000001	4.2721E-05	5.974394
3.49999	5.12E-11	5.998903	0.0999999	4.35682E-05	5.998903
3.59999	5.12E-11	6.023436	0.1000001	4.4416E-05	6.023436
3.69999	5.12E-11	6.047946	0.1000003	4.52637E-05	6.047946
3.79999	4.44E-11	6.104486	0.1000002	4.61024E-05	6.104486
3.89999	4.97E-11	6.129007	0.1	4.69555E-05	6.129007
3.99999	5.03E-11	6.153601	0.1	4.78075E-05	6.153601
4.09999	5.12E-11	6.178122	0.0999999	4.86595E-05	6.178122
4.19999	5.14E-11	6.202705	0.0999999	4.95119E-05	6.202705
4.29999	5.24E-11	6.227221	0.1000003	5.03647E-05	6.227221
4.39999	5.19E-11	6.251768	0.1000002	5.12179E-05	6.251768
4.49999	5.27E-11	6.276278	0.1000002	5.20729E-05	6.276278
4.59999	5.26E-11	6.300905	0.1000002	5.29283E-05	6.300905
4.69999	5.3E-11	6.325415	0.1000001	5.37838E-05	6.325415
4.79999	5.33E-11	6.349966	0.1000001	5.46394E-05	6.349966
4.89999	5.32E-11	6.374496	0.1	5.54967E-05	6.374496
4.99999	5.4E-11	6.399018	0.0999999	5.63553E-05	6.399018
5.09999	5.43E-11	6.423604	0.1	5.7214E-05	6.423604
5.19999	5.43E-11	6.448172	0.1000002	5.80735E-05	6.448172
5.29999	5.51E-11	6.472694	0.1000001	5.89337E-05	6.472694
5.39999	5.48E-11	6.497249	0.1000001	5.97954E-05	6.497249
5.49999	5.48E-11	6.521759	0.1000004	6.06586E-05	6.521759
5.59999	5.48E-11	6.546267	0.1	6.15214E-05	6.546267
5.69999	4.81E-11	6.606128	0.1	6.23741E-05	6.606128
5.79999	5.3E-11	6.630731	0.1000001	6.32426E-05	6.630731
5.89999	5.37E-11	6.655263	0.0999999	6.41108E-05	6.655263
5.99999	5.39E-11	6.679772	0.1	6.49785E-05	6.679772
6.09999	5.48E-11	6.704348	0.1000001	6.58465E-05	6.704348
6.19999	5.51E-11	6.728861	0.1000001	6.67151E-05	6.728861
6.29999	5.56E-11	6.753382	0.0999998	6.75852E-05	6.753382
6.39999	5.6E-11	6.777913	0.1000001	6.84559E-05	6.777913
6.49999	5.65E-11	6.802421	0.1000001	6.93261E-05	6.802421
6.59999	5.62E-11	6.826953	0.1000001	7.01982E-05	6.826953
6.69999	5.65E-11	6.851484	0.0999998	7.10722E-05	6.851484
6.79999	5.64E-11	6.876	0.1	7.19453E-05	6.876
6.89999	5.66E-11	6.900528	0.1000002	7.28201E-05	6.900528
6.99999	5.71E-11	6.92517	0.0999999	7.36951E-05	6.92517
7.09999	5.76E-11	6.949686	0.0999999	7.4573E-05	6.949686
7.19999	5.76E-11	6.974416	0.1000002	7.54505E-05	6.974416
7.29999	5.8E-11	6.998897	0.1000002	7.63289E-05	6.998897
7.39999	5.7E-11	7.023432	0.0999999	7.72084E-05	7.023432
7.49999	5.76E-11	7.047941	0.0999999	7.80895E-05	7.047941
7.59999	5.06E-11	7.108133	0.1	7.89617E-05	7.108133
7.69999	5.58E-11	7.132688	0.1000002	7.98468E-05	7.132688
7.79999	5.63E-11	7.157196	0.0999999	8.07313E-05	7.157196
7.89999	5.66E-11	7.181739	0.0999999	8.16156E-05	7.181739
7.99999	5.75E-11	7.206307	0.1000002	8.2501E-05	7.206307
8.09999	5.74E-11	7.230893	0.1000002	8.33879E-05	7.230893
8.19999	5.74E-11	7.255413	0.1000001	8.42748E-05	7.255413
8.29999	5.77E-11	7.279964	0.1000002	8.51626E-05	7.279964
8.39999	5.79E-11	7.30457	0.0999999	8.60532E-05	7.30457
8.49999	5.82E-11	7.329079	0.1	8.69426E-05	7.329079
8.59999	5.85E-11	7.353628	0.1000003	8.78341E-05	7.353628
8.69999	5.85E-11	7.378223	0.1	8.87263E-05	7.378223
8.79999	5.85E-11	7.402759	0.0999999	8.96197E-05	7.402759
8.89999	5.82E-11	7.427324	0.1000002	9.0513E-05	7.427324
8.99999	5.8E-11	7.451896	0.0999999	9.14076E-05	7.451896
9.09999	5.84E-11	7.476427	0.1000001	9.2303E-05	7.476427
9.19999	5.88E-11	7.500967	0.1000002	9.32002E-05	7.500967
9.29999	5.87E-11	7.525482	0.1000001	9.40937E-05	7.525482
9.39999	5.89E-11	7.550035	0.1000003	9.49956E-05	7.550035
9.49999	5.29E-11	7.609361	0.0999997	9.58914E-05	7.609361
9.59999	5.78E-11	7.633974	0.1000001	9.67949E-05	7.633974
9.69999	5.81E-11	7.658488	0.1	9.76997E-05	7.658488
9.79999	5.78E-11	7.683026	0.1	9.86042E-05	7.683026
9.89999	5.88E-11	7.707594	0.1000002	9.95088E-05	7.707594
9.99999	5.9E-11	7.732108	0.1000002	0.0001004146	7.732108
9.9	4.66E-11	7.756621	0.1000001	9.94955E-05	7.756621
9.8	4.29E-11	7.781178	0.1000001	9.85807E-05	7.781178
9.7	4.06E-11	7.805695	0.0999999	9.76688E-05	7.805695
9.6	3.89E-11	7.830222	0.0999999	9.67588E-05	7.830222
9.5	3.79E-11	7.854753	0.1000002	9.58507E-05	7.854753
9.4	3.67E-11	7.879294	0.0999999	9.49437E-05	7.879294
9.3	3.55E-11	7.903815	0.1000002	9.40381E-05	7.903815
9.2	3.45E-11	7.928437	0.1	9.31334E-05	7.928437
9.1	3.38E-11	7.952959	0.1	9.22313E-05	7.952959
9	3.33E-11	7.977578	0.0999999	9.13287E-05	7.977578
8.9	3.23E-11	8.002143	0.1000001	9.04321E-05	8.002143
8.8	3.17E-11	8.026664	0.1000002	8.95311E-05	8.026664
8.7	3.07E-11	8.0512	0.0999998	8.86293E-05	8.0512
8.6	3.65E-11	8.111003	0.0999999	8.77331E-05	8.111003
8.5	3.1E-11	8.135534	0.1	8.68323E-05	8.135534
8.4	3.07E-11	8.160045	0.1	8.59331E-05	8.160045
8.3	2.94E-11	8.184572	0.0999998	8.50359E-05	8.184572
8.2	2.86E-11	8.209116	0.0999999	8.41415E-05	8.209116
8.1	2.87E-11	8.233687	0.1	8.3246E-05	8.233687
8	2.75E-11	8.258201	0.0999998	8.2353E-05	8.258201
7.9	2.75E-11	8.282773	0.0999999	8.14605E-05	8.282773
7.8	2.65E-11	8.307367	0.1	8.05704E-05	8.307367
7.7	2.64E-11	8.331891	0.1000001	7.9679E-05	8.331891
7.6	2.58E-11	8.356413	0.0999999	7.87884E-05	8.356413
7.5	2.53E-11	8.380934	0.0999997	7.79006E-05	8.380934
7.4	2.52E-11	8.40551	0.1000001	7.70136E-05	8.40551
7.3	2.48E-11	8.430131	0.1000001	7.61266E-05	8.430131
7.2	2.43E-11	8.454702	0.0999999	7.52405E-05	8.454702
7.1	2.38E-11	8.479215	0.1	7.43558E-05	8.479215
7	2.39E-11	8.503785	0.0999999	7.34714E-05	8.503785
6.9	2.32E-11	8.528284	0.0999999	7.25878E-05	8.528284
6.8	2.31E-11	8.552818	0.1000001	7.17052E-05	8.552818
6.7	2.93E-11	8.612699	0.0999999	7.08299E-05	8.612699
6.6	2.38E-11	8.637313	0.1	6.99477E-05	8.637313
6.5	2.29E-11	8.661836	0.1	6.90684E-05	8.661836
6.4	2.21E-11	8.68635	0.1000001	6.81886E-05	8.68635
6.3	2.16E-11	8.710943	0.0999999	6.73096E-05	8.710943
6.2	2.11E-11	8.735443	0.1	6.6432E-05	8.735443
6.1	2.04E-11	8.759971	0.0999999	6.55559E-05	8.759971
6	2.02E-11	8.784525	0.0999998	6.468E-05	8.784525
5.9	1.98E-11	8.809058	0.1	6.38048E-05	8.809058
5.8	1.95E-11	8.833603	0.1	6.29306E-05	8.833603
5.7	1.9E-11	8.858165	0.1000001	6.20577E-05	8.858165
5.6	1.88E-11	8.882667	0.0999999	6.11842E-05	8.882667
5.5	1.82E-11	8.907224	0.0999999	6.0312E-05	8.907224
5.4	1.75E-11	8.931833	0.0999998	5.94413E-05	8.931833
5.3	1.75E-11	8.956353	0.0999999	5.85725E-05	8.956353
5.2	1.64E-11	8.980979	0.1	5.7703E-05	8.980979
5.1	1.64E-11	9.00559	0.0999999	5.68338E-05	9.00559
5	1.62E-11	9.030154	0.1000001	5.59672E-05	9.030154
4.9	1.6E-11	9.054668	0.1000002	5.51004E-05	9.054668
4.8	2.16E-11	9.113868	0.0999997	5.42401E-05	9.113868
4.7	1.6E-11	9.138402	0.1	5.33738E-05	9.138402
4.6	1.51E-11	9.162947	0.1000001	5.25093E-05	9.162947
4.5	1.47E-11	9.187476	0.0999998	5.16446E-05	9.187476
4.4	1.42E-11	9.212173	0.1000002	5.07825E-05	9.212173
4.3	1.35E-11	9.236718	0.0999999	4.99205E-05	9.236718
4.2	1.32E-11	9.261219	0.1	4.90587E-05	9.261219
4.1	1.23E-11	9.285771	0.0999998	4.81981E-05	9.285771
4	1.14E-11	9.310411	0.0999998	4.73394E-05	9.310411
3.9	1.12E-11	9.334918	0.0999998	4.64801E-05	9.334918
3.8	1.02E-11	9.359473	0.0999999	4.56223E-05	9.359473
3.7	9.9E-12	9.383969	0.1000002	4.47655E-05	9.383969
3.6	9.7E-12	9.40852	0.1000001	4.39089E-05	9.40852
3.5	9.3E-12	9.433096	0.1000001	4.30531E-05	9.433096
3.4	8.6E-12	9.457623	0.1000002	4.21986E-05	9.457623
3.3	7.8E-12	9.48213	0.1	4.13443E-05	9.48213
3.2	7.5E-12	9.506676	0.1	4.04913E-05	9.506676
3.1	6.9E-12	9.531187	0.1	3.96382E-05	9.531187
3	6.2E-12	9.555724	0.1	3.87869E-05	9.555724
2.9	1.17E-11	9.615473	0.0999999	3.79409E-05	9.615473
2.8	6.2E-12	9.640206	0.0999999	3.70902E-05	9.640206
2.7	4.9E-12	9.664768	0.1	3.62407E-05	9.664768
2.6	4.1E-12	9.689285	0.0999999	3.53918E-05	9.689285
2.5	3.2E-12	9.713933	0.0999999	3.45449E-05	9.713933
2.4	1.7E-12	9.73845	0.1	3.36984E-05	9.73845
2.3	9E-13	9.762962	0.1000001	3.28536E-05	9.762962
2.2	1E-13	9.787475	0.1000001	3.20096E-05	9.787475
2.099999	2.2E-12	9.813937	0.0999997	3.117E-05	9.813937
2	-1.7E-12	9.838466	0.1000002	3.03275E-05	9.838466
1.9	-2.7E-12	9.862999	0.0999998	2.94867E-05	9.862999
1.8	-4.1E-12	9.887507	0.1	2.86466E-05	9.887507
1.7	-4.6E-12	9.912117	0.0999999	2.78087E-05	9.912117
1.6	-6.4E-12	9.936646	0.0999999	2.69719E-05	9.936646
1.5	-7.5E-12	9.961165	0.1000001	2.61364E-05	9.961165
1.4	-8.7E-12	9.9858	0.0999999	2.53028E-05	9.9858
1.3	-1.03E-11	10.010353	0.1	2.44708E-05	10.010353
1.2	-1.16E-11	10.034878	0.0999999	2.36414E-05	10.034878
1.1	-1.33E-11	10.05942	0.1	2.28141E-05	10.05942
1	-8.5E-12	10.112678	0.0999999	2.19937E-05	10.112678
0.9	-1.46E-11	10.137224	0.0999999	2.11713E-05	10.137224
0.8	-1.72E-11	10.161727	0.0999998	2.03532E-05	10.161727
0.7	-1.95E-11	10.186248	0.0999998	1.95383E-05	10.186248
0.6	-2.12E-11	10.210829	0.1000001	1.87285E-05	10.210829
0.5	-2.33E-11	10.235344	0.0999999	1.79237E-05	10.235344
0.4	-2.52E-11	10.259856	0.0999999	1.71245E-05	10.259856
0.3	-2.82E-11	10.28438	0.0999997	1.63318E-05	10.28438
0.1999998	-2.67E-11	10.310955	0.1	1.5545E-05	10.310955
0.0999997	-3.23E-11	10.335492	0.0999998	1.47626E-05	10.335492
-3E-07	-3.47E-11	10.360038	0.1	1.39853E-05	10.360038
#scan	iMeasureCycle=2	iMux=0	time=279.878	N=401	LocalTime=20/04/2023 01:12:20
#VGate(V)	IGate(A)	time(s)	VDrain(V)	IDrain(A)	time(s)
-2E-07	-1.29E-11	279.885518	0.0999999	1.41821E-05	279.885518
-0.1000004	-2.03E-11	279.910441	0.0999998	1.33976E-05	279.910441
-0.2000002	-2.15E-11	279.936538	0.1	1.262E-05	279.936538
-0.3	-2.73E-11	279.961297	0.1000002	1.18475E-05	279.961297
-0.4	-3.04E-11	279.985799	0.1	1.10819E-05	279.985799
-0.5	-3.31E-11	280.010319	0.1	1.03251E-05	280.010319
-0.6	-3.54E-11	280.034874	0.1000001	9.5767E-06	280.034874
-0.7	-3.34E-11	280.062006	0.0999998	8.84262E-06	280.062006
-0.8	-3.83E-11	280.086698	0.1000001	8.1151E-06	280.086698
-0.9	-4.03E-11	280.111234	0.0999998	7.40022E-06	280.111234
-1	-4.16E-11	280.13578	0.1000001	6.70184E-06	280.13578
-1.1	-4.25E-11	280.160302	0.1	6.02123E-06	280.160302
-1.2	-4.39E-11	280.184809	0.0999999	5.36133E-06	280.184809
-1.3	-4.46E-11	280.20933	0.1	4.72542E-06	280.20933
-1.4	-4.56E-11	280.233844	0.1	4.11714E-06	280.233844
-1.5	-4.7E-11	280.258364	0.0999999	3.53949E-06	280.258364
-1.6	-4.77E-11	280.282872	0.0999999	2.99722E-06	280.282872
-1.7	-4.83E-11	280.30739	0.0999998	2.49404E-06	280.30739
-1.8	-4.88E-11	280.331901	0.0999999	2.03422E-06	280.331901
-1.9	-4.95E-11	280.356425	0.1	1.62059E-06	280.356425
-2	-5.03E-11	280.380916	0.1	1.25637E-06	280.380916
-2.1	-5.06E-11	280.40543	0.0999997	9.428E-07	280.40543
-2.2	-4.45E-11	280.455415	0.0999998	6.84249E-07	280.455415
-2.3	-4.97E-11	280.479922	0.0999997	4.7007E-07	280.479922
-2.4	-5.08E-11	280.50444	0.0999995	3.05456E-07	280.50444
-2.5	-5.16E-11	280.528911	0.0999997	1.85202E-07	280.528911
-2.6	-5.25E-11	280.553452	0.0999998	1.03063E-07	280.553452
-2.7	-4.71E-11	280.591119	0.0999961	5.255E-08	280.591119
-2.8	-6.52E-11	280.614396	0.1000056	2.3097E-08	280.614396
-2.9	-6.6E-11	280.637688	0.1000018	8.8889E-09	280.637688
-3	-6.71E-11	280.660972	0.1000009	2.9706E-09	280.660972
-3.1	-7.01E-11	280.684167	0.1000004	8.856E-10	280.684167
-3.2	-6.99E-11	280.707387	0.1000003	2.331E-10	280.707387
-3.3	-6.87E-11	280.730684	0.1000003	5.3E-11	280.730684
-3.4	-7.08E-11	280.7539	0.1000003	5.2E-12	280.7539
-3.5	-7.11E-11	280.777202	0.1	-4.2E-12	280.777202
-3.6	-6.99E-11	280.800492	0.1000002	-5.7E-12	280.800492
-3.7	-7.02E-11	280.823776	0.1000001	-5.9E-12	280.823776
-3.8	-7.23E-11	280.846995	0.1000003	-5.4E-12	280.846995
-3.9	-7.07E-11	280.870273	0.1000001	-5.6E-12	280.870273
-4	-7.29E-11	280.893503	0.1000002	-5.9E-12	280.893503
-4.1	-5.13E-11	280.952561	0.0999999	-7.6E-12	280.952561
-4.2	-6.9E-11	280.975873	0.1000002	-5.9E-12	280.975873
-4.3	-7.13E-11	280.999095	0.1	-5.7E-12	280.999095
-4.4	-7.17E-11	281.022341	0.1000001	-6.2E-12	281.022341
-4.5	-7.13E-11	281.045682	0.1	-6E-12	281.045682
-4.6	-7.1E-11	281.069025	0.1000002	-6.4E-12	281.069025
-4.7	-7.36E-11	281.092243	0.1	-6E-12	281.092243
-4.8	-7.35E-11	281.115545	0.1000001	-5.8E-12	281.115545
-4.9	-7.31E-11	281.138827	0.1	-5.7E-12	281.138827
-5	-7.47E-11	281.162047	0.1	-5.5E-12	281.162047
-5.1	-7.53E-11	281.185268	0.1000002	-5.8E-12	281.185268
-5.2	-7.52E-11	281.208472	0.1000002	-5.9E-12	281.208472
-5.3	-7.4E-11	281.231763	0.1000002	-5.8E-12	281.231763
-5.4	-7.41E-11	281.255051	0.1	-6.4E-12	281.255051
-5.5	-7.66E-11	281.278253	0.1000004	-6.2E-12	281.278253
-5.6	-7.64E-11	281.301479	0.1000003	-6E-12	281.301479
-5.7	-7.49E-11	281.324769	0.1000002	-6.1E-12	281.324769
-5.8	-7.5E-11	281.348071	0.1000001	-5.9E-12	281.348071
-5.9	-7.68E-11	281.371295	0.1000001	-5.4E-12	281.371295
-6	-7.71E-11	281.394508	0.1000001	-5.4E-12	281.394508
-6.1	-5.6E-11	281.451766	0.0999999	-6.9E-12	281.451766
-6.2	-7.37E-11	281.475069	0.1	-5.8E-12	281.475069
-6.3	-7.64E-11	281.498291	0.1000003	-5.3E-12	281.498291
-6.4	-7.71E-11	281.521503	0.1000001	-5.5E-12	281.521503
-6.5	-7.75E-11	281.544764	0.1000001	-5.3E-12	281.544764
-6.6	-7.57E-11	281.568059	0.1000003	-5.8E-12	281.568059
-6.7	-7.6E-11	281.591351	0.1000001	-5.6E-12	281.591351
-6.8	-7.83E-11	281.614556	0.1000003	-5.6E-12	281.614556
-6.9	-7.8E-11	281.637796	0.1000003	-6E-12	281.637796
-7	-7.66E-11	281.661101	0.1000001	-5.5E-12	281.661101
-7.1	-7.67E-11	281.684405	0.1000001	-5.8E-12	281.684405
-7.2	-7.88E-11	281.707623	0.1	-5.9E-12	281.707623
-7.3	-7.6E-11	281.730958	0.1000002	-6.1E-12	281.730958
-7.4	-7.79E-11	281.754267	0.1000001	-6E-12	281.754267
-7.5	-7.9E-11	281.77748	0.1000003	-5.5E-12	281.77748
-7.6	-7.98E-11	281.800776	0.1000002	-6.1E-12	281.800776
-7.7	-7.85E-11	281.824069	0.1	-6E-12	281.824069
-7.8	-7.88E-11	281.847361	0.1000002	-5.6E-12	281.847361
-7.9	-8.07E-11	281.870587	0.1000003	-5.8E-12	281.870587
-8	-8.07E-11	281.893823	0.1000002	-5.5E-12	281.893823
-8.1	-5.95E-11	281.952749	0.0999999	-7.4E-12	281.952749
-8.2	-7.93E-11	281.975979	0.1000002	-5.7E-12	281.975979
-8.3	-8.02E-11	281.999196	0.1	-5.5E-12	281.999196
-8.4	-7.88E-11	282.022487	0.1	-5.5E-12	282.022487
-8.5	-8.11E-11	282.045885	0.1000002	-5.2E-12	282.045885
-8.6	-8.02E-11	282.069137	0.1000001	-5.5E-12	282.069137
-8.7	-7.94E-11	282.092431	0.1	-5.6E-12	282.092431
-8.8	-7.96E-11	282.115716	0.1000001	-5.8E-12	282.115716
-8.9	-8.1E-11	282.13903	0.1000001	-5.6E-12	282.13903
-9	-8.18E-11	282.162247	0.1000001	-5.5E-12	282.162247
-9.1	-8.03E-11	282.185539	0.1	-5.3E-12	282.185539
-9.2	-8.19E-11	282.208756	0.1000001	-5.2E-12	282.208756
-9.3	-8.26E-11	282.231967	0.1	-5E-12	282.231967
-9.4	-8.23E-11	282.2552	0.1	-5.3E-12	282.2552
-9.5	-8.05E-11	282.278489	0.1000002	-5.2E-12	282.278489
-9.6	-8.06E-11	282.30178	0.1000001	-5.4E-12	282.30178
-9.7	-8.1E-11	282.325054	0.1000001	-5.3E-12	282.325054
-9.8	-8.16E-11	282.348409	0.1000001	-5.3E-12	282.348409
-9.9	-8.14E-11	282.371692	0.1000002	-5.4E-12	282.371692
-10	-8.28E-11	282.394925	0.1000002	-5.2E-12	282.394925
-9.90001	-5.75E-11	282.449979	0.0999998	-6.6E-12	282.449979
-9.80001	-3.61E-11	282.473274	0.0999996	-8.8E-12	282.473274
-9.70001	-3.56E-11	282.496578	0.0999998	-8.8E-12	282.496578
-9.60001	-3.19E-11	282.519797	0.0999997	-9.1E-12	282.519797
-9.50001	-3.12E-11	282.543064	0.0999999	-9E-12	282.543064
-9.40001	-2.96E-11	282.566299	0.0999997	-8.9E-12	282.566299
-9.30001	-2.84E-11	282.589501	0.0999997	-8.9E-12	282.589501
-9.20001	-2.92E-11	282.612784	0.0999997	-8.6E-12	282.612784
-9.10001	-2.89E-11	282.636068	0.0999995	-9E-12	282.636068
-9.00001	-2.61E-11	282.659279	0.0999995	-9.4E-12	282.659279
-8.90001	-2.71E-11	282.682572	0.0999998	-9E-12	282.682572
-8.80001	-2.61E-11	282.705851	0.0999998	-9E-12	282.705851
-8.70001	-2.4E-11	282.729052	0.0999997	-9.2E-12	282.729052
-8.60001	-2.4E-11	282.752381	0.0999996	-9E-12	282.752381
-8.50001	-2.44E-11	282.77568	0.0999996	-9.2E-12	282.77568
-8.40001	-2.45E-11	282.799076	0.0999997	-9.1E-12	282.799076
-8.30001	-2.35E-11	282.822356	0.0999998	-9.2E-12	282.822356
-8.20001	-2.34E-11	282.845634	0.0999997	-9.2E-12	282.845634
-8.10001	-2.27E-11	282.868931	0.0999998	-9.5E-12	282.868931
-8.00001	-2.07E-11	282.892127	0.0999997	-9.6E-12	282.892127
-7.90001	-2.08E-11	282.915375	0.0999998	-9.6E-12	282.915375
-7.80001	-3.99E-11	282.9561	0.0999999	-7.5E-12	282.9561
-7.70001	-2.01E-11	282.979349	0.0999997	-9.5E-12	282.979349
-7.6	-1.93E-11	283.002564	0.0999997	-9.6E-12	283.002564
-7.50001	-1.88E-11	283.025774	0.0999998	-9.7E-12	283.025774
-7.40001	-2.04E-11	283.049125	0.0999997	-9.4E-12	283.049125
-7.30001	-1.99E-11	283.07242	0.0999998	-9.4E-12	283.07242
-7.2	-1.71E-11	283.095621	0.0999997	-9.9E-12	283.095621
-7.10001	-1.67E-11	283.118837	0.0999997	-9.5E-12	283.118837
-7.00001	-1.78E-11	283.142219	0.0999998	-9.5E-12	283.142219
-6.90001	-1.58E-11	283.165434	0.0999998	-9.9E-12	283.165434
-6.80001	-1.57E-11	283.18865	0.0999997	-9.7E-12	283.18865
-6.70001	-1.53E-11	283.211863	0.0999998	-9.6E-12	283.211863
-6.60001	-1.63E-11	283.235161	0.0999994	-9.8E-12	283.235161
-6.50001	-1.45E-11	283.25846	0.0999997	-9.6E-12	283.25846
-6.40001	-1.48E-11	283.281697	0.0999999	-9.7E-12	283.281697
-6.30001	-1.36E-11	283.304907	0.0999998	-9.7E-12	283.304907
-6.20001	-1.5E-11	283.328197	0.0999998	-9.3E-12	283.328197
-6.10001	-1.47E-11	283.351487	0.0999998	-9.7E-12	283.351487
-6.00001	-1.31E-11	283.374734	0.0999997	-9.7E-12	283.374734
-5.90001	-1.37E-11	283.398028	0.0999998	-1E-11	283.398028
-5.80001	-3.3E-11	283.453181	0.1	-8.3E-12	283.453181
-5.70001	-1.33E-11	283.476464	0.0999998	-1.03E-11	283.476464
-5.60001	-1.22E-11	283.49968	0.0999996	-1.02E-11	283.49968
-5.50001	-1.17E-11	283.522899	0.0999998	-9.9E-12	283.522899
-5.40001	-1.12E-11	283.546156	0.0999997	-1.03E-11	283.546156
-5.30001	-1.29E-11	283.569503	0.0999999	-9.8E-12	283.569503
-5.20001	-1.02E-11	283.592721	0.0999998	-9.9E-12	283.592721
-5.1	-1E-11	283.615936	0.0999997	-1.02E-11	283.615936
-5.00001	-9.1E-12	283.639154	0.0999997	-1.02E-11	283.639154
-4.90001	-1.09E-11	283.662522	0.0999995	-1.01E-11	283.662522
-4.80001	-8.3E-12	283.685729	0.0999997	-1.01E-11	283.685729
-4.7	-8.4E-12	283.708943	0.0999998	-1.05E-11	283.708943
-4.60001	-7.6E-12	283.732155	0.0999994	-1.02E-11	283.732155
-4.50001	-8.8E-12	283.755435	0.0999997	-1.01E-11	283.755435
-4.40001	-8.5E-12	283.77874	0.0999996	-1.03E-11	283.77874
-4.3	-6.7E-12	283.802042	0.0999997	-1.05E-11	283.802042
-4.20001	-7.6E-12	283.825337	0.0999996	-1E-11	283.825337
-4.10001	-6.9E-12	283.848614	0.0999998	-1.01E-11	283.848614
-4.00001	-5.4E-12	283.871852	0.0999998	-1.07E-11	283.871852
-3.90001	-3.9E-12	283.895065	0.0999998	-1.05E-11	283.895065
-3.80001	-3.7E-12	283.918284	0.0999997	-1.02E-11	283.918284
-3.70001	-2.38E-11	283.95928	0.1	-9E-12	283.95928
-3.60001	-6.1E-12	283.982593	0.0999999	-9.7E-12	283.982593
-3.50001	-5.1E-12	284.005881	0.0999995	-5.3E-12	284.005881
-3.40001	-2.2E-12	284.029079	0.0999997	1.8E-11	284.029079
-3.30001	-1.6E-12	284.052345	0.0999999	1.157E-10	284.052345
-3.20001	-1.3E-12	284.075587	0.0999997	4.6E-10	284.075587
-3.10001	-2E-12	284.098873	0.1000002	1.5947E-09	284.098873
-3.00001	1E-13	284.122095	0.1000009	4.974E-09	284.122095
-2.90001	8E-13	284.145395	0.1000016	1.36165E-08	284.145395
-2.80001	1.9E-12	284.16862	0.100002	3.24915E-08	284.16862
-2.70001	5E-13	284.191916	0.1000015	6.84237E-08	284.191916
-2.60001	-1.83E-11	284.231397	0.1000001	1.26494E-07	284.231397
-2.50001	-1.26E-11	284.255938	0.1000004	2.20461E-07	284.255938
-2.40001	-1.2E-11	284.280531	0.1000004	3.52594E-07	284.280531
-2.30001	-1.09E-11	284.305044	0.1000006	5.29089E-07	284.305044
-2.20001	-9.9E-12	284.329539	0.1000007	7.53253E-07	284.329539
-2.1	-1.25E-11	284.355946	0.1000005	1.027457E-06	284.355946
-2.000001	-1.38E-11	284.390498	0.0999999	1.34797E-06	284.390498
-1.9	-8.5E-12	284.41503	0.1000001	1.72505E-06	284.41503
-1.800001	-1.38E-11	284.464208	0.0999999	2.1402E-06	284.464208
-1.7	-8.3E-12	284.488771	0.1000002	2.61142E-06	284.488771
-1.600001	-6.5E-12	284.51333	0.0999999	3.12208E-06	284.51333
-1.5	-5.6E-12	284.537898	0.1000002	3.66978E-06	284.537898
-1.400001	-4.1E-12	284.5625	0.1	4.25117E-06	284.5625
-1.300001	-3E-12	284.587107	0.1000002	4.86195E-06	284.587107
-1.200001	-1.4E-12	284.611633	0.1	5.49969E-06	284.611633
-1.100001	-5E-13	284.636166	0.1	6.15983E-06	284.636166
-1	8E-13	284.660688	0.1000001	6.83976E-06	284.660688
-0.900001	2.1E-12	284.685195	0.1000002	7.53744E-06	284.685195
-0.800001	3.2E-12	284.709768	0.1000001	8.24979E-06	284.709768
-0.7	4.6E-12	284.734266	0.1	8.97483E-06	284.734266
-0.6	5.8E-12	284.758813	0.1000001	9.71163E-06	284.758813
-0.500001	7.2E-12	284.783326	0.1000003	1.045818E-05	284.783326
-0.400001	4E-12	284.818004	0.1	1.1204E-05	284.818004
-0.3	9.7E-12	284.842535	0.1	1.19668E-05	284.842535
-0.2000001	8.2E-12	284.868952	0.0999999	1.27351E-05	284.868952
-0.0999999	1.34E-11	284.893486	0.1000001	1.35101E-05	284.893486
2E-07	1.5E-11	284.918049	0.1000002	1.42895E-05	284.918049
0.1	1.06E-11	284.965665	0.1	1.50682E-05	284.965665
0.2000003	1.75E-11	284.990228	0.1000001	1.58604E-05	284.990228
0.3	2E-11	285.014926	0.0999999	1.66565E-05	285.014926
0.399999	2.09E-11	285.039664	0.0999999	1.74587E-05	285.039664
0.5	2.38E-11	285.064233	0.0999999	1.82651E-05	285.064233
0.599999	2.56E-11	285.08873	0.1	1.90777E-05	285.08873
0.7	2.79E-11	285.113301	0.1	1.98945E-05	285.113301
0.799999	2.98E-11	285.137887	0.1000001	2.07152E-05	285.137887
0.9	3.13E-11	285.162405	0.1000001	2.15396E-05	285.162405
1	3.33E-11	285.186933	0.1000001	2.23667E-05	285.186933
1.1	3.53E-11	285.211472	0.1000001	2.31966E-05	285.211472
1.2	3.69E-11	285.235975	0.0999999	2.40288E-05	285.235975
1.3	3.8E-11	285.260486	0.0999998	2.48628E-05	285.260486
1.399999	3.96E-11	285.285017	0.1000003	2.56988E-05	285.285017
1.5	4.07E-11	285.309529	0.1	2.65359E-05	285.309529
1.599999	4.19E-11	285.334044	0.1	2.73752E-05	285.334044
1.699999	4.3E-11	285.358549	0.1000002	2.8215E-05	285.358549
1.8	4.38E-11	285.383087	0.0999999	2.90553E-05	285.383087
1.899999	4.46E-11	285.407582	0.1000001	2.98968E-05	285.407582
1.999999	3.77E-11	285.466212	0.1	3.0731E-05	285.466212
2.099999	4.3E-11	285.490787	0.1000001	3.15769E-05	285.490787
2.19999	4.4E-11	285.515508	0.1000002	3.24196E-05	285.515508
2.29999	4.51E-11	285.54002	0.1000002	3.32641E-05	285.54002
2.39999	4.55E-11	285.56464	0.1000001	3.41094E-05	285.56464
2.49999	4.65E-11	285.589199	0.1000001	3.49561E-05	285.589199
2.59999	4.72E-11	285.613733	0.1	3.58034E-05	285.613733
2.69999	4.84E-11	285.638231	0.1000002	3.66497E-05	285.638231
2.79999	4.86E-11	285.662754	0.0999999	3.74961E-05	285.662754
2.89999	4.93E-11	285.687263	0.1	3.83437E-05	285.687263
2.99999	4.93E-11	285.711801	0.1000002	3.91914E-05	285.711801
3.09999	4.98E-11	285.736313	0.1000002	4.00398E-05	285.736313
3.19999	5.05E-11	285.760866	0.1000002	4.0888E-05	285.760866
3.29999	5.08E-11	285.785382	0.1000003	4.17368E-05	285.785382
3.39999	5.07E-11	285.810028	0.1000001	4.25862E-05	285.810028
3.49999	5.13E-11	285.834536	0.0999999	4.34349E-05	285.834536
3.59999	5.15E-11	285.859084	0.1000002	4.42858E-05	285.859084
3.69999	5.17E-11	285.883614	0.1	4.51364E-05	285.883614
3.79999	5.19E-11	285.908164	0.1	4.59871E-05	285.908164
3.89999	4.47E-11	285.966409	0.0999999	4.68285E-05	285.966409
3.99999	5E-11	285.990967	0.0999999	4.76839E-05	285.990967
4.09999	5.14E-11	286.015488	0.1	4.8538E-05	286.015488
4.19999	5.18E-11	286.040007	0.1	4.93923E-05	286.040007
4.29999	5.2E-11	286.064602	0.1000003	5.02469E-05	286.064602
4.39999	5.26E-11	286.089137	0.0999999	5.11015E-05	286.089137
4.49999	5.26E-11	286.113685	0.1000001	5.19566E-05	286.113685
4.59999	5.35E-11	286.138233	0.1	5.28135E-05	286.138233
4.69999	5.37E-11	286.162739	0.1000001	5.36698E-05	286.162739
4.79999	5.37E-11	286.187338	0.1000002	5.45278E-05	286.187338
4.89999	5.4E-11	286.211847	0.1000003	5.53854E-05	286.211847
4.99999	5.45E-11	286.236381	0.0999999	5.62447E-05	286.236381
5.09999	5.45E-11	286.260904	0.1	5.71049E-05	286.260904
5.19999	5.43E-11	286.285458	0.1000001	5.79652E-05	286.285458
5.29999	5.48E-11	286.309973	0.1000001	5.88258E-05	286.309973
5.39999	5.48E-11	286.334533	0.1000002	5.96881E-05	286.334533
5.49999	5.51E-11	286.359038	0.1000001	6.05518E-05	286.359038
5.59999	5.56E-11	286.383533	0.1000001	6.14151E-05	286.383533
5.69999	5.6E-11	286.408049	0.1	6.22789E-05	286.408049
5.79999	4.93E-11	286.463818	0.0999998	6.31363E-05	286.463818
5.89999	5.41E-11	286.488435	0.1000002	6.40055E-05	286.488435
5.99999	5.56E-11	286.512961	0.1	6.48742E-05	286.512961
6.09999	5.54E-11	286.537489	0.1000002	6.57427E-05	286.537489
6.19999	5.59E-11	286.562097	0.1	6.66129E-05	286.562097
6.29999	5.63E-11	286.58662	0.0999999	6.74827E-05	286.58662
6.39999	5.59E-11	286.61116	0.1000002	6.83534E-05	286.61116
6.49999	5.64E-11	286.635707	0.1	6.92244E-05	286.635707
6.59999	5.64E-11	286.660248	0.1	7.00974E-05	286.660248
6.69999	5.7E-11	286.684787	0.0999999	7.0971E-05	286.684787
6.79999	5.68E-11	286.709323	0.1000001	7.18448E-05	286.709323
6.89999	5.7E-11	286.733842	0.1000001	7.27197E-05	286.733842
6.99999	5.74E-11	286.758346	0.1000001	7.3596E-05	286.758346
7.09999	5.74E-11	286.782858	0.1000003	7.44732E-05	286.782858
7.19999	5.74E-11	286.807427	0.1	7.53509E-05	286.807427
7.29999	5.76E-11	286.831957	0.1000001	7.62289E-05	286.831957
7.39999	5.81E-11	286.85648	0.1	7.7109E-05	286.85648
7.49999	5.81E-11	286.880996	0.1000002	7.79905E-05	286.880996
7.59999	5.8E-11	286.905507	0.1000002	7.88716E-05	286.905507
7.69999	5.08E-11	286.967541	0.0999997	7.97422E-05	286.967541
7.79999	5.61E-11	286.992135	0.1000001	8.06307E-05	286.992135
7.89999	5.69E-11	287.016668	0.1	8.15161E-05	287.016668
7.99999	5.76E-11	287.041177	0.1	8.24016E-05	287.041177
8.09999	5.78E-11	287.065778	0.1000002	8.32892E-05	287.065778
8.19999	5.85E-11	287.090307	0.0999998	8.41782E-05	287.090307
8.29999	5.83E-11	287.114921	0.1000001	8.50657E-05	287.114921
8.39999	5.79E-11	287.139594	0.0999999	8.5956E-05	287.139594
8.49999	5.88E-11	287.164116	0.1000002	8.68457E-05	287.164116
8.59999	5.9E-11	287.188624	0.1000002	8.77393E-05	287.188624
8.69999	5.88E-11	287.213157	0.1	8.86307E-05	287.213157
8.79999	5.95E-11	287.237699	0.1000001	8.95225E-05	287.237699
8.89999	5.99E-11	287.262237	0.1000001	9.04169E-05	287.262237
8.99999	5.98E-11	287.286737	0.0999998	9.13126E-05	287.286737
9.09999	5.94E-11	287.311275	0.1000002	9.22065E-05	287.311275
9.19999	5.98E-11	287.335786	0.1000001	9.31041E-05	287.335786
9.29999	5.97E-11	287.3603	0.1000001	9.39989E-05	287.3603
9.39999	6.05E-11	287.384837	0.1	9.49002E-05	287.384837
9.49999	6.01E-11	287.409391	0.1000002	9.58018E-05	287.409391
9.59999	5.39E-11	287.466876	0.0999997	9.66994E-05	287.466876
9.69999	5.88E-11	287.491545	0.1	9.76045E-05	287.491545
9.79999	5.97E-11	287.516071	0.1000001	9.85091E-05	287.516071
9.89999	6.01E-11	287.540598	0.1000001	9.94139E-05	287.540598
9.99999	6E-11	287.565178	0.1	0.0001003215	287.565178
9.9	4.77E-11	287.589699	0.1000001	9.94019E-05	287.589699
9.8	4.42E-11	287.614243	0.1000001	9.84861E-05	287.614243
9.7	4.14E-11	287.638764	0.0999999	9.75744E-05	287.638764
9.6	4.02E-11	287.663274	0.1	9.66654E-05	287.663274
9.5	3.89E-11	287.687788	0.1000002	9.57564E-05	287.687788
9.4	3.77E-11	287.712303	0.1000001	9.48499E-05	287.712303
9.3	3.65E-11	287.736853	0.1000001	9.39439E-05	287.736853
9.2	3.62E-11	287.761414	0.0999998	9.30399E-05	287.761414
9.1	3.5E-11	287.785921	0.1000001	9.21372E-05	287.785921
9	3.48E-11	287.810499	0.0999999	9.12334E-05	287.810499
8.9	3.34E-11	287.835025	0.1000001	9.03372E-05	287.835025
8.8	3.31E-11	287.859545	0.0999999	8.94358E-05	287.859545
8.7	3.23E-11	287.884074	0.0999999	8.85344E-05	287.884074
8.6	3.19E-11	287.908599	0.1000002	8.76344E-05	287.908599
8.5	3.75E-11	287.966508	0.1	8.67397E-05	287.966508
8.4	3.22E-11	287.991084	0.1000002	8.58396E-05	287.991084
8.3	3.11E-11	288.015608	0.0999999	8.49418E-05	288.015608
8.2	3.03E-11	288.040151	0.1	8.40466E-05	288.040151
8.1	2.95E-11	288.064814	0.1000001	8.31511E-05	288.064814
8	2.88E-11	288.089347	0.1000001	8.22575E-05	288.089347
7.9	2.85E-11	288.113876	0.0999998	8.13646E-05	288.113876
7.8	2.81E-11	288.138436	0.0999999	8.04744E-05	288.138436
7.7	2.73E-11	288.163087	0.0999999	7.95844E-05	288.163087
7.6	2.7E-11	288.18759	0.1000001	7.86938E-05	288.18759
7.5	2.68E-11	288.212149	0.0999999	7.78049E-05	288.212149
7.4	2.61E-11	288.236658	0.1000001	7.69171E-05	288.236658
7.3	2.6E-11	288.26118	0.0999998	7.60303E-05	288.26118
7.2	2.55E-11	288.285695	0.1	7.51443E-05	288.285695
7.1	2.54E-11	288.310322	0.0999999	7.42591E-05	288.310322
7	2.44E-11	288.334852	0.1	7.33755E-05	288.334852
6.9	2.43E-11	288.359371	0.0999999	7.24918E-05	288.359371
6.8	2.42E-11	288.383899	0.1000002	7.16093E-05	288.383899
6.7	2.37E-11	288.408407	0.1	7.07265E-05	288.408407
6.6	3.06E-11	288.472613	0.0999998	6.9853E-05	288.472613
6.5	2.49E-11	288.497261	0.1000001	6.89715E-05	288.497261
6.4	2.35E-11	288.521815	0.0999998	6.80918E-05	288.521815
6.3	2.29E-11	288.546377	0.1000001	6.72133E-05	288.546377
6.2	2.21E-11	288.570947	0.1	6.63352E-05	288.570947
6.1	2.19E-11	288.595563	0.1000001	6.54577E-05	288.595563
6	2.13E-11	288.620105	0.0999999	6.45824E-05	288.620105
5.9	2.1E-11	288.64462	0.1000001	6.37073E-05	288.64462
5.8	2.06E-11	288.669153	0.0999999	6.2833E-05	288.669153
5.7	2.01E-11	288.693667	0.0999999	6.19602E-05	288.693667
5.6	1.98E-11	288.7183	0.0999999	6.10872E-05	288.7183
5.5	1.92E-11	288.742852	0.0999999	6.02153E-05	288.742852
5.4	1.88E-11	288.767409	0.0999999	5.93446E-05	288.767409
5.3	1.84E-11	288.791902	0.1000001	5.84739E-05	288.791902
5.2	1.77E-11	288.816673	0.0999997	5.7605E-05	288.816673
5.1	1.76E-11	288.841185	0.1	5.67369E-05	288.841185
5	1.7E-11	288.865688	0.1	5.58688E-05	288.865688
4.9	1.68E-11	288.890218	0.0999999	5.50027E-05	288.890218
4.8	1.62E-11	288.914791	0.1	5.41373E-05	288.914791
4.7	2.23E-11	288.971526	0.1	5.32759E-05	288.971526
4.6	1.68E-11	288.996044	0.0999998	5.2411E-05	288.996044
4.5	1.6E-11	289.020581	0.0999999	5.15471E-05	289.020581
4.4	1.6E-11	289.045091	0.1000001	5.06839E-05	289.045091
4.3	1.49E-11	289.069677	0.0999998	4.98227E-05	289.069677
4.2	1.41E-11	289.094192	0.0999998	4.89615E-05	289.094192
4.1	1.41E-11	289.118797	0.0999999	4.81018E-05	289.118797
4	1.29E-11	289.143307	0.1	4.72423E-05	289.143307
3.9	1.26E-11	289.16793	0.0999999	4.63831E-05	289.16793
3.8	1.12E-11	289.192418	0.1	4.55252E-05	289.192418
3.7	1.15E-11	289.216974	0.0999999	4.46686E-05	289.216974
3.6	1.08E-11	289.241488	0.1000001	4.38116E-05	289.241488
3.5	1E-11	289.266001	0.1	4.29559E-05	289.266001
3.4	9.2E-12	289.290507	0.1	4.21012E-05	289.290507
3.3	8.6E-12	289.315024	0.1	4.12479E-05	289.315024
3.2	8.2E-12	289.339572	0.1000002	4.03947E-05	289.339572
3.1	7.6E-12	289.364068	0.0999998	3.95422E-05	289.364068
3	6.5E-12	289.388566	0.0999998	3.86906E-05	289.388566
2.9	6.3E-12	289.413107	0.1000001	3.78395E-05	289.413107
2.8	1.33E-11	289.47659	0.0999999	3.69952E-05	289.47659
2.7	6.9E-12	289.501244	0.1000001	3.61455E-05	289.501244
2.6	5.8E-12	289.525776	0.1000001	3.52976E-05	289.525776
2.5	4.2E-12	289.550316	0.1000002	3.44503E-05	289.550316
2.4	3.3E-12	289.574879	0.0999999	3.36035E-05	289.574879
2.3	1.5E-12	289.599389	0.0999999	3.27582E-05	289.599389
2.2	9E-13	289.623892	0.1	3.19139E-05	289.623892
2.099999	3.7E-12	289.650329	0.1	3.10743E-05	289.650329
2	-1.1E-12	289.674837	0.1	3.02326E-05	289.674837
1.9	-1.8E-12	289.699378	0.0999999	2.93921E-05	289.699378
1.8	-3E-12	289.723908	0.1	2.85529E-05	289.723908
1.7	-4.5E-12	289.748467	0.1000002	2.77149E-05	289.748467
1.6	-5.3E-12	289.773008	0.0999998	2.68781E-05	289.773008
1.5	-6.8E-12	289.797555	0.0999998	2.60428E-05	289.797555
1.4	-8E-12	289.822169	0.1	2.52097E-05	289.822169
1.3	-9.2E-12	289.846675	0.1000001	2.43778E-05	289.846675
1.2	-1.08E-11	289.871217	0.1	2.35481E-05	289.871217
1.1	-1.26E-11	289.895724	0.0999998	2.27211E-05	289.895724
1	-1.42E-11	289.920261	0.1	2.18971E-05	289.920261
0.9	-8.9E-12	289.978956	0.1	2.10816E-05	289.978956
0.8	-1.58E-11	290.003476	0.1	2.02623E-05	290.003476
0.7	-1.82E-11	290.028007	0.1	1.94484E-05	290.028007
0.6	-2.01E-11	290.052666	0.0999999	1.86392E-05	290.052666
0.5	-2.28E-11	290.077225	0.0999998	1.78357E-05	290.077225
0.4	-2.45E-11	290.101748	0.1000001	1.7037E-05	290.101748
0.3	-2.74E-11	290.126245	0.0999999	1.62438E-05	290.126245
0.1999998	-2.65E-11	290.152749	0.0999999	1.54581E-05	290.152749
0.0999995	-3.18E-11	290.17724	0.0999998	1.4676E-05	290.17724
-5E-07	-3.4E-11	290.201733	0.1000001	1.39E-05	290.201733
#scan	iMeasureCycle=3	iMux=0	time=319.881	N=401	LocalTime=20/04/2023 01:13:00
#VGate(V)	IGate(A)	time(s)	VDrain(V)	IDrain(A)	time(s)
-1E-07	-1.31E-11	319.888588	0.0999998	1.40908E-05	319.888588
-0.1000004	-2.08E-11	319.913522	0.0999998	1.33083E-05	319.913522
-0.2000001	-2.19E-11	319.93913	0.0999997	1.2532E-05	319.93913
-0.3	-2.82E-11	319.96385	0.1	1.17615E-05	319.96385
-0.4	-3.07E-11	319.988365	0.0999999	1.09984E-05	319.988365
-0.5	-3.32E-11	320.01288	0.0999999	1.02437E-05	320.01288
-0.6	-3.57E-11	320.037402	0.1000001	9.4966E-06	320.037402
-0.7	-3.37E-11	320.06463	0.1	8.76575E-06	320.06463
-0.8	-3.91E-11	320.089148	0.1	8.04083E-06	320.089148
-0.9	-4.05E-11	320.113718	0.1	7.33003E-06	320.113718
-1	-4.21E-11	320.138255	0.0999998	6.63425E-06	320.138255
-1.1	-4.36E-11	320.162763	0.0999998	5.95708E-06	320.162763
-1.2	-4.45E-11	320.18727	0.0999999	5.30049E-06	320.18727
-1.3	-4.5E-11	320.211964	0.0999999	4.66847E-06	320.211964
-1.4	-4.6E-11	320.236587	0.0999999	4.06326E-06	320.236587
-1.5	-4.71E-11	320.261142	0.0999998	3.4904E-06	320.261142
-1.6	-4.84E-11	320.285648	0.0999999	2.95246E-06	320.285648
-1.7	-4.84E-11	320.310197	0.1	2.45399E-06	320.310197
-1.8	-4.94E-11	320.334758	0.1	1.99841E-06	320.334758
-1.9	-5.01E-11	320.359264	0.1000001	1.58917E-06	320.359264
-2	-5.06E-11	320.383769	0.0999997	1.22903E-06	320.383769
-2.1	-5.03E-11	320.408304	0.0999999	9.1969E-07	320.408304
-2.2	-4.45E-11	320.457609	0.0999997	6.64582E-07	320.457609
-2.3	-4.97E-11	320.48214	0.0999997	4.54449E-07	320.48214
-2.4	-5.09E-11	320.506656	0.0999997	2.93799E-07	320.506656
-2.5	-5.13E-11	320.531244	0.0999997	1.77082E-07	320.531244
-2.6	-5.22E-11	320.555848	0.0999998	9.7843E-08	320.555848
-2.7	-4.71E-11	320.593532	0.0999961	4.94697E-08	320.593532
-2.8	-6.71E-11	320.616833	0.1000056	2.15808E-08	320.616833
-2.9	-6.67E-11	320.640129	0.1000018	8.1889E-09	320.640129
-3	-6.92E-11	320.663332	0.1000011	2.7142E-09	320.663332
-3.1	-6.96E-11	320.686542	0.1000005	8E-10	320.686542
-3.2	-6.98E-11	320.709757	0.1000005	2.148E-10	320.709757
-3.3	-6.91E-11	320.733047	0.1000004	4.76E-11	320.733047
-3.4	-6.9E-11	320.75633	0.1000002	3.6E-12	320.75633
-3.5	-7.19E-11	320.77953	0.1000003	-5.1E-12	320.77953
-3.6	-7.09E-11	320.802779	0.1000002	-6.1E-12	320.802779
-3.7	-7.05E-11	320.826069	0.1000002	-6.2E-12	320.826069
-3.8	-7.07E-11	320.849365	0.1000002	-6.4E-12	320.849365
-3.9	-7.27E-11	320.872568	0.1000004	-6.5E-12	320.872568
-4	-7.3E-11	320.895874	0.1000002	-6.5E-12	320.895874
-4.1	-5.14E-11	320.955012	0.1000001	-7.7E-12	320.955012
-4.2	-7E-11	320.978319	0.1000003	-6.6E-12	320.978319
-4.3	-7.04E-11	321.00162	0.1000004	-6.2E-12	321.00162
-4.4	-7.29E-11	321.024863	0.1000004	-5.9E-12	321.024863
-4.5	-7.34E-11	321.048139	0.1000004	-5.7E-12	321.048139
-4.6	-7.22E-11	321.07143	0.1	-6E-12	321.07143
-4.7	-7.19E-11	321.09471	0.1000001	-6.1E-12	321.09471
-4.8	-7.43E-11	321.117975	0.1000002	-6E-12	321.117975
-4.9	-7.32E-11	321.141281	0.1000002	-6.1E-12	321.141281
-5	-7.33E-11	321.164558	0.1000001	-6.1E-12	321.164558
-5.1	-7.48E-11	321.187774	0.1000003	-5.8E-12	321.187774
-5.2	-7.49E-11	321.210979	0.1	-5.8E-12	321.210979
-5.3	-7.53E-11	321.234273	0.1000002	-6.1E-12	321.234273
-5.4	-7.39E-11	321.257568	0.1000003	-6.1E-12	321.257568
-5.5	-7.57E-11	321.280786	0.1000001	-5.5E-12	321.280786
-5.6	-7.58E-11	321.304028	0.1000004	-6.1E-12	321.304028
-5.7	-7.45E-11	321.327331	0.1000003	-6E-12	321.327331
-5.8	-7.48E-11	321.350613	0.1000001	-5.8E-12	321.350613
-5.9	-7.67E-11	321.373832	0.1000002	-5.8E-12	321.373832
-6	-7.54E-11	321.397134	0.1000002	-6.1E-12	321.397134
-6.1	-5.66E-11	321.449377	0.1	-7.4E-12	321.449377
-6.2	-7.4E-11	321.472692	0.1000004	-6.1E-12	321.472692
-6.3	-7.68E-11	321.495906	0.1000003	-5.5E-12	321.495906
-6.4	-7.64E-11	321.51923	0.1000001	-5.9E-12	321.51923
-6.5	-7.61E-11	321.542672	0.1000005	-6E-12	321.542672
-6.6	-7.82E-11	321.56597	0.1000004	-5.7E-12	321.56597
-6.7	-7.63E-11	321.589257	0.1000003	-5.8E-12	321.589257
-6.8	-7.66E-11	321.612648	0.1000001	-6.2E-12	321.612648
-6.9	-7.65E-11	321.635929	0.1000003	-6.1E-12	321.635929
-7	-7.9E-11	321.659211	0.1000002	-6E-12	321.659211
-7.1	-7.9E-11	321.682423	0.1000003	-5.6E-12	321.682423
-7.2	-7.79E-11	321.705711	0.1000001	-5.7E-12	321.705711
-7.3	-7.76E-11	321.72901	0.1000002	-6E-12	321.72901
-7.4	-7.75E-11	321.752345	0.1000003	-5.8E-12	321.752345
-7.5	-7.85E-11	321.775634	0.1000003	-6.1E-12	321.775634
-7.6	-7.86E-11	321.798924	0.1000001	-5.9E-12	321.798924
-7.7	-8.01E-11	321.822144	0.1000004	-5.6E-12	321.822144
-7.8	-8.03E-11	321.845488	0.1000004	-6E-12	321.845488
-7.9	-7.98E-11	321.868777	0.1000003	-5.6E-12	321.868777
-8	-8.07E-11	321.89209	0.1000004	-5.5E-12	321.89209
-8.1	-8.02E-11	321.915343	0.1000003	-5.7E-12	321.915343
-8.2	-6.12E-11	321.955531	0.1000001	-7.2E-12	321.955531
-8.3	-8.05E-11	321.978759	0.1000002	-5.5E-12	321.978759
-8.4	-7.92E-11	322.002055	0.1000002	-5.8E-12	322.002055
-8.5	-8.1E-11	322.025295	0.1000002	-5.7E-12	322.025295
-8.6	-8.14E-11	322.048621	0.1000003	-5.4E-12	322.048621
-8.7	-8E-11	322.071998	0.1000003	-5.4E-12	322.071998
-8.8	-8.04E-11	322.095299	0.1000003	-5.5E-12	322.095299
-8.9	-8.24E-11	322.11858	0.1000003	-5.2E-12	322.11858
-9	-8.23E-11	322.141802	0.1000002	-5.2E-12	322.141802
-9.1	-8.07E-11	322.165109	0.1000004	-5.6E-12	322.165109
-9.2	-8.05E-11	322.1884	0.1000002	-5.3E-12	322.1884
-9.3	-8.25E-11	322.211611	0.1000002	-4.9E-12	322.211611
-9.4	-8.27E-11	322.234897	0.1000002	-5.2E-12	322.234897
-9.5	-8.14E-11	322.258201	0.1000004	-5.1E-12	322.258201
-9.6	-8.32E-11	322.281405	0.1000004	-5.5E-12	322.281405
-9.7	-8.36E-11	322.304623	0.1000004	-5.1E-12	322.304623
-9.8	-8.29E-11	322.327873	0.1000004	-5.1E-12	322.327873
-9.9	-8.18E-11	322.351239	0.1000002	-5.5E-12	322.351239
-10	-8.28E-11	322.374469	0.1000002	-5.7E-12	322.374469
-9.90001	-4.1E-11	322.397684	0.0999998	-8.9E-12	322.397684
-9.80001	-5.63E-11	322.456836	0.1000001	-7.2E-12	322.456836
-9.70001	-3.5E-11	322.480074	0.0999999	-8.8E-12	322.480074
-9.60001	-3.47E-11	322.503362	0.0999999	-9E-12	322.503362
-9.50001	-3.31E-11	322.526674	0.0999999	-8.9E-12	322.526674
-9.40001	-3.01E-11	322.549942	0.0999997	-8.8E-12	322.549942
-9.30001	-3.09E-11	322.573329	0.1000001	-9E-12	322.573329
-9.20001	-2.99E-11	322.596613	0.1	-8.5E-12	322.596613
-9.10001	-2.75E-11	322.619921	0.0999998	-8.8E-12	322.619921
-9.00001	-2.67E-11	322.643135	0.0999998	-8.8E-12	322.643135
-8.90001	-2.6E-11	322.66637	0.0999999	-8.7E-12	322.66637
-8.80001	-2.7E-11	322.689655	0.0999997	-9.1E-12	322.689655
-8.70001	-2.44E-11	322.712865	0.0999995	-9.5E-12	322.712865
-8.60001	-2.33E-11	322.736086	0.0999996	-9.5E-12	322.736086
-8.50001	-2.5E-11	322.759372	0.0999998	-9E-12	322.759372
-8.40001	-2.43E-11	322.782666	0.1	-9E-12	322.782666
-8.30001	-2.25E-11	322.805876	0.0999997	-9.1E-12	322.805876
-8.20001	-2.2E-11	322.829088	0.0999998	-9.1E-12	322.829088
-8.10001	-2.32E-11	322.852383	0.0999998	-8.8E-12	322.852383
-8	-2.28E-11	322.875665	0.1	-9E-12	322.875665
-7.90001	-2.01E-11	322.898962	0.0999999	-9E-12	322.898962
-7.80001	-4.13E-11	322.958526	0.1	-7.6E-12	322.958526
-7.70001	-2.27E-11	322.981834	0.0999998	-9E-12	322.981834
-7.60001	-2.03E-11	323.005068	0.0999998	-9.6E-12	323.005068
-7.50001	-1.96E-11	323.028298	0.0999999	-9.6E-12	323.028298
-7.40001	-1.9E-11	323.051553	0.0999997	-1E-11	323.051553
-7.30001	-2.03E-11	323.074852	0.0999998	-9.7E-12	323.074852
-7.2	-1.77E-11	323.098054	0.0999998	-1.03E-11	323.098054
-7.10001	-1.77E-11	323.121331	0.0999999	-1.03E-11	323.121331
-7.00001	-1.74E-11	323.14455	0.0999999	-1.05E-11	323.14455
-6.90001	-1.92E-11	323.167852	0.0999997	-9.6E-12	323.167852
-6.80001	-1.7E-11	323.191054	0.0999999	-9.9E-12	323.191054
-6.70001	-1.64E-11	323.214263	0.0999999	-9.5E-12	323.214263
-6.60001	-1.59E-11	323.237565	0.0999998	-9.6E-12	323.237565
-6.50001	-1.71E-11	323.260948	0.0999999	-9.7E-12	323.260948
-6.40001	-1.52E-11	323.284148	0.0999998	-9.9E-12	323.284148
-6.30001	-1.43E-11	323.307362	0.0999998	-1E-11	323.307362
-6.20001	-1.61E-11	323.330671	0.0999999	-1E-11	323.330671
-6.10001	-1.54E-11	323.353954	0.1	-9.6E-12	323.353954
-6.00001	-1.31E-11	323.377152	0.0999999	-1.03E-11	323.377152
-5.90001	-1.48E-11	323.400444	0.0999999	-9.8E-12	323.400444
-5.80001	-3.34E-11	323.455352	0.1	-8.1E-12	323.455352
-5.70001	-1.38E-11	323.478589	0.0999997	-1E-11	323.478589
-5.60001	-1.23E-11	323.501802	0.0999997	-1E-11	323.501802
-5.50001	-1.4E-11	323.525123	0.0999997	-1E-11	323.525123
-5.40001	-1.15E-11	323.5484	0.1	-1.06E-11	323.5484
-5.30001	-1.13E-11	323.571697	0.0999999	-1.01E-11	323.571697
-5.20001	-1.06E-11	323.594908	0.0999998	-1.02E-11	323.594908
-5.1	-1.2E-11	323.618288	0.0999998	-1.04E-11	323.618288
-5.00001	-1E-11	323.641505	0.0999997	-1.03E-11	323.641505
-4.90001	-9.2E-12	323.664808	0.0999997	-1.03E-11	323.664808
-4.80001	-1.04E-11	323.688093	0.0999998	-1.07E-11	323.688093
-4.7	-1.06E-11	323.71137	0.1	-1.05E-11	323.71137
-4.60001	-8.3E-12	323.734583	0.1	-1.07E-11	323.734583
-4.50001	-7.4E-12	323.7578	0.0999997	-1.08E-11	323.7578
-4.40001	-8.7E-12	323.781098	0.0999998	-1.04E-11	323.781098
-4.3	-7.9E-12	323.804449	0.0999999	-1.04E-11	323.804449
-4.20001	-6.1E-12	323.827657	0.0999998	-1.03E-11	323.827657
-4.10001	-6E-12	323.85089	0.0999998	-1.08E-11	323.85089
-4.00001	-6.7E-12	323.874189	0.0999999	-1.06E-11	323.874189
-3.90001	-5.1E-12	323.897497	0.0999998	-1.07E-11	323.897497
-3.80001	-5E-12	323.920729	0.0999999	-1.08E-11	323.920729
-3.70001	-2.39E-11	323.957091	0.1000002	-8.4E-12	323.957091
-3.60001	-5.8E-12	323.980401	0.1000001	-1.03E-11	323.980401
-3.50001	-4.9E-12	324.003695	0.1	-6.1E-12	324.003695
-3.40001	-2.4E-12	324.026915	0.1	1.45E-11	324.026915
-3.30001	-1.8E-12	324.050179	0.0999997	9.99E-11	324.050179
-3.20001	-2.8E-12	324.073545	0.1	4.08E-10	324.073545
-3.10001	-6E-13	324.09675	0.1000002	1.4427E-09	324.09675
-3.00001	0	324.120052	0.1000006	4.5559E-09	324.120052
-2.90001	1E-12	324.143259	0.1000016	1.25906E-08	324.143259
-2.80001	-3E-13	324.166546	0.1000022	3.03795E-08	324.166546
-2.70001	1.8E-12	324.18975	0.1	6.4641E-08	324.18975
-2.60001	-1.82E-11	324.229293	0.1	1.20554E-07	324.229293
-2.50001	-1.3E-11	324.253842	0.1000003	2.114E-07	324.253842
-2.40001	-1.19E-11	324.278355	0.1000006	3.40264E-07	324.278355
-2.30001	-1.12E-11	324.302875	0.1000006	5.12707E-07	324.302875
-2.20001	-1.04E-11	324.327378	0.1000007	7.32621E-07	324.327378
-2.1	-1.3E-11	324.353788	0.1000007	1.002943E-06	324.353788
-2.000001	-1.42E-11	324.388367	0.1	1.31946E-06	324.388367
-1.900001	-9.1E-12	324.412911	0.1000002	1.69162E-06	324.412911
-1.800001	-1.41E-11	324.466688	0.1	2.10189E-06	324.466688
-1.7	-8.3E-12	324.491212	0.1	2.569E-06	324.491212
-1.6	-6.7E-12	324.515713	0.1	3.0752E-06	324.515713
-1.5	-5.6E-12	324.540265	0.1000001	3.61922E-06	324.540265
-1.4	-4.2E-12	324.564896	0.1000001	4.19616E-06	324.564896
-1.300001	-3.2E-12	324.589424	0.1	4.80354E-06	324.589424
-1.200001	-2E-12	324.613904	0.1000001	5.43779E-06	324.613904
-1.100001	-9E-13	324.638434	0.1	6.09471E-06	324.638434
-1	5E-13	324.663029	0.1000003	6.77209E-06	324.663029
-0.900001	1.4E-12	324.687576	0.1000001	7.46696E-06	324.687576
-0.8	2.4E-12	324.712106	0.0999997	8.17643E-06	324.712106
-0.7	4.1E-12	324.736644	0.1	8.89956E-06	324.736644
-0.6	5.7E-12	324.761169	0.1	9.63362E-06	324.761169
-0.500001	6.9E-12	324.78568	0.1	1.03776E-05	324.78568
-0.400001	3.3E-12	324.820236	0.0999999	1.1122E-05	324.820236
-0.3	9.6E-12	324.84475	0.1	1.18828E-05	324.84475
-0.1999999	7.7E-12	324.871195	0.1000001	1.26493E-05	324.871195
-0.0999999	1.18E-11	324.895885	0.1	1.34217E-05	324.895885
3E-07	1.46E-11	324.920376	0.0999999	1.41996E-05	324.920376
0.1	1.03E-11	324.968717	0.0999999	1.49765E-05	324.968717
0.2000004	1.66E-11	324.993225	0.0999998	1.57678E-05	324.993225
0.299999	1.92E-11	325.017956	0.1000001	1.65619E-05	325.017956
0.4	2.16E-11	325.042481	0.0999999	1.73623E-05	325.042481
0.5	2.35E-11	325.067062	0.1	1.8168E-05	325.067062
0.6	2.57E-11	325.091569	0.1	1.89795E-05	325.091569
0.7	2.75E-11	325.116122	0.0999999	1.97948E-05	325.116122
0.799999	2.93E-11	325.140655	0.1	2.0614E-05	325.140655
0.9	3.1E-11	325.165223	0.0999999	2.14376E-05	325.165223
0.999999	3.31E-11	325.189718	0.1	2.22635E-05	325.189718
1.1	3.51E-11	325.214224	0.1000001	2.30925E-05	325.214224
1.2	3.67E-11	325.238824	0.1	2.39239E-05	325.238824
1.3	3.81E-11	325.263348	0.0999999	2.47572E-05	325.263348
1.4	3.94E-11	325.28786	0.1	2.55934E-05	325.28786
1.5	4.06E-11	325.312349	0.1000002	2.64299E-05	325.312349
1.599999	4.16E-11	325.33691	0.1	2.72684E-05	325.33691
1.699999	4.33E-11	325.361414	0.1000002	2.81076E-05	325.361414
1.8	4.33E-11	325.385979	0.0999999	2.89482E-05	325.385979
1.9	4.44E-11	325.410513	0.1000002	2.97899E-05	325.410513
1.999999	3.77E-11	325.469795	0.0999999	3.06261E-05	325.469795
2.099999	4.33E-11	325.494315	0.1	3.14717E-05	325.494315
2.19999	4.41E-11	325.519022	0.1000001	3.23138E-05	325.519022
2.29999	4.52E-11	325.543559	0.1000003	3.31598E-05	325.543559
2.39999	4.62E-11	325.568186	0.1000003	3.40059E-05	325.568186
2.49999	4.66E-11	325.592693	0.0999999	3.48529E-05	325.592693
2.59999	4.7E-11	325.617279	0.0999999	3.57017E-05	325.617279
2.69999	4.8E-11	325.641795	0.0999999	3.65495E-05	325.641795
2.79999	4.83E-11	325.666316	0.1000001	3.73978E-05	325.666316
2.89999	4.89E-11	325.690839	0.1	3.82468E-05	325.690839
2.99999	4.9E-11	325.715389	0.1000001	3.90961E-05	325.715389
3.09999	4.96E-11	325.739888	0.1000001	3.99464E-05	325.739888
3.19999	4.99E-11	325.764445	0.1000002	4.07958E-05	325.764445
3.29999	5.07E-11	325.789029	0.1000002	4.16463E-05	325.789029
3.39999	5.13E-11	325.813558	0.1000002	4.24974E-05	325.813558
3.49999	5.11E-11	325.838087	0.1000002	4.33482E-05	325.838087
3.59999	5.16E-11	325.862638	0.1	4.41992E-05	325.862638
3.69999	5.15E-11	325.887174	0.1000002	4.50518E-05	325.887174
3.79999	5.19E-11	325.911808	0.1000001	4.59038E-05	325.911808
3.89999	4.52E-11	325.968513	0.1	4.6748E-05	325.968513
3.99999	5.03E-11	325.993076	0.1	4.76035E-05	325.993076
4.09999	5.1E-11	326.017681	0.1000003	4.84591E-05	326.017681
4.19999	5.13E-11	326.04223	0.1000001	4.93142E-05	326.04223
4.29999	5.18E-11	326.066839	0.1	5.01688E-05	326.066839
4.39999	5.22E-11	326.091359	0.1	5.1025E-05	326.091359
4.49999	5.29E-11	326.115905	0.1	5.18814E-05	326.115905
4.59999	5.3E-11	326.140505	0.1	5.27377E-05	326.140505
4.69999	5.33E-11	326.165006	0.1	5.35957E-05	326.165006
4.79999	5.36E-11	326.189526	0.0999998	5.44539E-05	326.189526
4.89999	5.36E-11	326.214078	0.1	5.5313E-05	326.214078
4.99999	5.42E-11	326.238674	0.1000002	5.61722E-05	326.238674
5.09999	5.44E-11	326.263218	0.1000001	5.7032E-05	326.263218
5.19999	5.43E-11	326.287751	0.1	5.78937E-05	326.287751
5.29999	5.45E-11	326.312295	0.1000001	5.87561E-05	326.312295
5.39999	5.51E-11	326.336823	0.1000003	5.96174E-05	326.336823
5.49999	5.56E-11	326.361332	0.1000001	6.04806E-05	326.361332
5.59999	5.5E-11	326.385869	0.0999999	6.1345E-05	326.385869
5.69999	5.56E-11	326.410369	0.1000002	6.22099E-05	326.410369
5.79999	4.87E-11	326.470213	0.1000001	6.30648E-05	326.470213
5.89999	5.37E-11	326.494707	0.1000001	6.3935E-05	326.494707
5.99999	5.43E-11	326.519257	0.1	6.48032E-05	326.519257
6.09999	5.39E-11	326.543787	0.1	6.56725E-05	326.543787
6.19999	5.49E-11	326.568403	0.1000002	6.65428E-05	326.568403
6.29999	5.6E-11	326.592924	0.1	6.74117E-05	326.592924
6.39999	5.59E-11	326.617454	0.1000003	6.82837E-05	326.617454
6.49999	5.63E-11	326.642088	0.1000001	6.91552E-05	326.642088
6.59999	5.61E-11	326.666593	0.1000001	7.00283E-05	326.666593
6.69999	5.64E-11	326.691101	0.0999999	7.09019E-05	326.691101
6.79999	5.66E-11	326.715616	0.0999999	7.17761E-05	326.715616
6.89999	5.68E-11	326.74012	0.0999998	7.26518E-05	326.74012
6.99999	5.69E-11	326.764655	0.1000003	7.35276E-05	326.764655
7.09999	5.71E-11	326.789221	0.1000001	7.4404E-05	326.789221
7.19999	5.73E-11	326.813745	0.0999999	7.52821E-05	326.813745
7.29999	5.73E-11	326.838298	0.0999998	7.61612E-05	326.838298
7.39999	5.83E-11	326.862811	0.1	7.70413E-05	326.862811
7.49999	5.78E-11	326.887422	0.1000003	7.79224E-05	326.887422
7.59999	5.8E-11	326.912016	0.1000001	7.88038E-05	326.912016
7.69999	5.19E-11	326.971445	0.0999998	7.96774E-05	326.971445
7.79999	5.64E-11	326.99597	0.1000001	8.05643E-05	326.99597
7.89999	5.66E-11	327.020518	0.0999998	8.14509E-05	327.020518
7.99999	5.69E-11	327.045085	0.1000003	8.23356E-05	327.045085
8.09999	5.72E-11	327.069668	0.1000001	8.32221E-05	327.069668
8.19999	5.79E-11	327.094172	0.0999999	8.41106E-05	327.094172
8.29999	5.78E-11	327.118714	0.1000002	8.49994E-05	327.118714
8.39999	5.87E-11	327.143313	0.0999999	8.58894E-05	327.143313
8.49999	5.85E-11	327.167845	0.1000001	8.67794E-05	327.167845
8.59999	5.83E-11	327.192389	0.0999999	8.76713E-05	327.192389
8.69999	5.87E-11	327.216897	0.0999997	8.85643E-05	327.216897
8.79999	5.91E-11	327.241494	0.0999999	8.94563E-05	327.241494
8.89999	5.91E-11	327.266008	0.0999998	9.03515E-05	327.266008
8.99999	5.88E-11	327.29055	0.0999999	9.12459E-05	327.29055
9.09999	5.91E-11	327.315066	0.1	9.21416E-05	327.315066
9.19999	5.93E-11	327.339604	0.1000002	9.3039E-05	327.339604
9.29999	5.95E-11	327.364111	0.1000001	9.39328E-05	327.364111
9.39999	5.97E-11	327.388709	0.1000001	9.48349E-05	327.388709
9.49999	5.9E-11	327.413308	0.1000001	9.57379E-05	327.413308
9.59999	5.39E-11	327.468867	0.1000002	9.66343E-05	327.468867
9.69999	5.84E-11	327.493476	0.0999999	9.75393E-05	327.493476
9.79999	5.87E-11	327.518008	0.1000003	9.84452E-05	327.518008
9.89999	5.92E-11	327.542575	0.1	9.93496E-05	327.542575
9.99999	5.95E-11	327.56717	0.1000001	0.0001002555	327.56717
9.9	4.67E-11	327.591774	0.1	9.93354E-05	327.591774
9.8	4.3E-11	327.616301	0.1	9.84215E-05	327.616301
9.7	4.1E-11	327.640911	0.0999999	9.75101E-05	327.640911
9.6	3.98E-11	327.665416	0.1	9.66002E-05	327.665416
9.5	3.79E-11	327.689931	0.0999999	9.56916E-05	327.689931
9.4	3.65E-11	327.714465	0.1000002	9.47856E-05	327.714465
9.3	3.54E-11	327.738972	0.0999999	9.38797E-05	327.738972
9.2	3.47E-11	327.763485	0.0999999	9.29745E-05	327.763485
9.1	3.43E-11	327.788007	0.1	9.20722E-05	327.788007
9	3.33E-11	327.812555	0.1000001	9.11699E-05	327.812555
8.9	3.23E-11	327.837082	0.1	9.02733E-05	327.837082
8.8	3.18E-11	327.861597	0.0999999	8.93707E-05	327.861597
8.7	3.16E-11	327.88612	0.0999996	8.84701E-05	327.88612
8.6	3.03E-11	327.910663	0.1	8.75705E-05	327.910663
8.5	3.7E-11	327.972651	0.0999998	8.66742E-05	327.972651
8.4	3.14E-11	327.997223	0.1	8.57745E-05	327.997223
8.3	3.02E-11	328.021759	0.0999998	8.48769E-05	328.021759
8.2	2.94E-11	328.046289	0.0999999	8.39808E-05	328.046289
8.1	2.86E-11	328.070966	0.1000002	8.30861E-05	328.070966
8	2.79E-11	328.095486	0.1	8.21925E-05	328.095486
7.9	2.71E-11	328.120006	0.0999998	8.13005E-05	328.120006
7.8	2.7E-11	328.14464	0.0999997	8.04095E-05	328.14464
7.7	2.62E-11	328.169156	0.0999998	7.9518E-05	328.169156
7.6	2.65E-11	328.19372	0.0999999	7.86275E-05	328.19372
7.5	2.58E-11	328.218235	0.1000001	7.77402E-05	328.218235
7.4	2.55E-11	328.242852	0.0999998	7.68516E-05	328.242852
7.3	2.47E-11	328.267355	0.1	7.5964E-05	328.267355
7.2	2.46E-11	328.291881	0.0999997	7.50777E-05	328.291881
7.1	2.41E-11	328.316529	0.1	7.41935E-05	328.316529
7	2.35E-11	328.341045	0.1000002	7.33095E-05	328.341045
6.9	2.32E-11	328.365573	0.0999999	7.24255E-05	328.365573
6.8	2.3E-11	328.390123	0.0999998	7.15434E-05	328.390123
6.7	2.26E-11	328.414657	0.1	7.06618E-05	328.414657
6.6	2.91E-11	328.471734	0.0999999	6.97857E-05	328.471734
6.5	2.37E-11	328.496289	0.0999995	6.89048E-05	328.496289
6.4	2.34E-11	328.520841	0.0999999	6.80249E-05	328.520841
6.3	2.26E-11	328.545377	0.0999999	6.71464E-05	328.545377
6.2	2.2E-11	328.56995	0.0999999	6.62675E-05	328.56995
6.1	2.09E-11	328.594524	0.1000001	6.53913E-05	328.594524
6	2.08E-11	328.619076	0.1000001	6.45164E-05	328.619076
5.9	2.08E-11	328.643683	0.0999998	6.36405E-05	328.643683
5.8	2.02E-11	328.668195	0.0999999	6.27663E-05	328.668195
5.7	1.95E-11	328.692708	0.0999998	6.18923E-05	328.692708
5.6	1.93E-11	328.717297	0.1	6.10189E-05	328.717297
5.5	1.91E-11	328.741841	0.1	6.01475E-05	328.741841
5.4	1.86E-11	328.766351	0.1000001	5.92765E-05	328.766351
5.3	1.79E-11	328.790853	0.1	5.84063E-05	328.790853
5.2	1.73E-11	328.815521	0.0999999	5.75378E-05	328.815521
5.1	1.71E-11	328.840085	0.1	5.66689E-05	328.840085
5	1.67E-11	328.864593	0.0999998	5.58006E-05	328.864593
4.9	1.62E-11	328.889111	0.1	5.49341E-05	328.889111
4.8	1.59E-11	328.913704	0.1000001	5.40689E-05	328.913704
4.7	2.31E-11	328.975904	0.0999999	5.32096E-05	328.975904
4.6	1.72E-11	329.000475	0.0999999	5.23437E-05	329.000475
4.5	1.61E-11	329.024998	0.1000002	5.14806E-05	329.024998
4.4	1.52E-11	329.049577	0.0999998	5.06173E-05	329.049577
4.3	1.44E-11	329.074156	0.0999999	4.97556E-05	329.074156
4.2	1.4E-11	329.098703	0.0999999	4.88944E-05	329.098703
4.1	1.33E-11	329.123218	0.0999999	4.80342E-05	329.123218
4	1.3E-11	329.147852	0.0999999	4.71749E-05	329.147852
3.9	1.24E-11	329.172377	0.0999998	4.6315E-05	329.172377
3.8	1.17E-11	329.19688	0.0999998	4.54571E-05	329.19688
3.7	1.09E-11	329.221411	0.1	4.46011E-05	329.221411
3.6	1.03E-11	329.246003	0.1000001	4.37445E-05	329.246003
3.5	1.01E-11	329.270521	0.1000002	4.28883E-05	329.270521
3.4	9.2E-12	329.295027	0.1000002	4.20332E-05	329.295027
3.3	8.4E-12	329.319555	0.1	4.11803E-05	329.319555
3.2	7.7E-12	329.344097	0.1	4.03271E-05	329.344097
3.1	7.3E-12	329.368659	0.1	3.94744E-05	329.368659
3	6.2E-12	329.393196	0.0999998	3.8623E-05	329.393196
2.9	5.7E-12	329.417728	0.1	3.77727E-05	329.417728
2.8	1.22E-11	329.479469	0.1000001	3.69283E-05	329.479469
2.7	6.1E-12	329.503993	0.0999999	3.60781E-05	329.503993
2.6	5.1E-12	329.52853	0.1	3.52302E-05	329.52853
2.5	4.1E-12	329.55308	0.1	3.43837E-05	329.55308
2.4	3.5E-12	329.577718	0.1000001	3.35376E-05	329.577718
2.3	1.9E-12	329.602235	0.1000001	3.26924E-05	329.602235
2.2	1.6E-12	329.626945	0.1000001	3.18482E-05	329.626945
2.099999	3.4E-12	329.653382	0.1	3.10087E-05	329.653382
2	-9E-13	329.677906	0.0999998	3.01671E-05	329.677906
1.9	-2.5E-12	329.702407	0.0999999	2.93264E-05	329.702407
1.8	-2.9E-12	329.726927	0.0999998	2.84875E-05	329.726927
1.7	-4.5E-12	329.751432	0.1000001	2.7649E-05	329.751432
1.6	-5.6E-12	329.775938	0.1000001	2.68127E-05	329.775938
1.5	-7.3E-12	329.800447	0.1	2.5978E-05	329.800447
1.4	-8.1E-12	329.824968	0.1000002	2.51448E-05	329.824968
1.3	-9.8E-12	329.849477	0.0999999	2.43133E-05	329.849477
1.2	-1.13E-11	329.874005	0.0999999	2.34848E-05	329.874005
1.1	-1.27E-11	329.898507	0.1000001	2.26586E-05	329.898507
1	-1.43E-11	329.923127	0.1	2.18342E-05	329.923127
0.9	-9.9E-12	329.976583	0.1	2.10179E-05	329.976583
0.8	-1.61E-11	330.001114	0.0999998	2.01992E-05	330.001114
0.7	-1.86E-11	330.025659	0.0999998	1.93856E-05	330.025659
0.6	-2.11E-11	330.050206	0.1	1.8577E-05	330.050206
0.5	-2.3E-11	330.07477	0.1	1.7773E-05	330.07477
0.4	-2.55E-11	330.099283	0.0999999	1.69744E-05	330.099283
0.3	-2.74E-11	330.123803	0.0999999	1.61822E-05	330.123803
0.1999999	-2.66E-11	330.150303	0.1	1.53975E-05	330.150303
0.0999995	-3.2E-11	330.174827	0.0999999	1.46164E-05	330.174827
-5E-07	-3.44E-11	330.199337	0.1	1.38407E-05	330.199337
