#scan	iMeasureCycle=1	iMux=0	time=0.031	N=401	LocalTime=19/04/2023 23:49:40
#VGate(V)	IGate(A)	time(s)	VDrain(V)	IDrain(A)	time(s)
-1E-07	-1.564E-10	0.033929	0.1	1.26345E-05	0.033929
-0.1000003	-2.148E-10	0.058796	0.0999999	1.18581E-05	0.058796
-0.2000005	-2.633E-10	0.083346	0.0999999	1.10903E-05	0.083346
-0.300001	-2.031E-10	0.108062	0.0999999	1.03293E-05	0.108062
-0.4	-1.141E-10	0.132573	0.0999999	9.5766E-06	0.132573
-0.5	-8.17E-11	0.15978	0.1000001	8.83793E-06	0.15978
-0.6	-7.31E-11	0.184354	0.0999997	8.10512E-06	0.184354
-0.7	-6.64E-11	0.208879	0.0999999	7.38552E-06	0.208879
-0.8	-6.22E-11	0.233387	0.0999999	6.67983E-06	0.233387
-0.9	-5.9E-11	0.257973	0.0999999	5.99253E-06	0.257973
-1	-5.76E-11	0.282496	0.1	5.32437E-06	0.282496
-1.1	-5.65E-11	0.307008	0.1000001	4.68008E-06	0.307008
-1.2	-5.55E-11	0.331521	0.0999997	4.06375E-06	0.331521
-1.3	-5.47E-11	0.35604	0.1	3.47875E-06	0.35604
-1.4	-5.44E-11	0.380652	0.0999999	2.93047E-06	0.380652
-1.5	-5.4E-11	0.405201	0.0999999	2.42234E-06	0.405201
-1.6	-5.45E-11	0.429742	0.0999999	1.95891E-06	0.429742
-1.7	-5.44E-11	0.454276	0.1000001	1.54501E-06	0.454276
-1.8	-5.4E-11	0.478813	0.0999999	1.18246E-06	0.478813
-1.9	-5.05E-11	0.506141	0.0999997	8.7409E-07	0.506141
-2	-5.37E-11	0.530765	0.0999996	6.17928E-07	0.530765
-2.1	-5.43E-11	0.555293	0.0999995	4.14537E-07	0.555293
-2.2	-4.83E-11	0.600089	0.0999997	2.62566E-07	0.600089
-2.3	-5.28E-11	0.624659	0.0999997	1.52232E-07	0.624659
-2.4	-4.84E-11	0.662319	0.0999943	8.1837E-08	0.662319
-2.5	-6.82E-11	0.685591	0.100008	3.8733E-08	0.685591
-2.6	-6.89E-11	0.70889	0.100004	1.61119E-08	0.70889
-2.7	-6.82E-11	0.732186	0.1000014	5.7704E-09	0.732186
-2.8	-6.9E-11	0.75546	0.1000004	1.7269E-09	0.75546
-2.9	-7.03E-11	0.778676	0.1000003	4.242E-10	0.778676
-3	-7.12E-11	0.801881	0.1000003	7.97E-11	0.801881
-3.1	-6.99E-11	0.825176	0.1000001	6.7E-12	0.825176
-3.2	-7E-11	0.848453	0.1000001	-5E-12	0.848453
-3.3	-7.13E-11	0.871692	0.1	-6.4E-12	0.871692
-3.4	-7.25E-11	0.894978	0.1000001	-6.6E-12	0.894978
-3.5	-7.1E-11	0.918269	0.1000002	-6.3E-12	0.918269
-3.6	-7.16E-11	0.941555	0.1000002	-6.6E-12	0.941555
-3.7	-7.36E-11	0.964791	0.1000002	-6.3E-12	0.964791
-3.8	-7.44E-11	0.988014	0.1000001	-6.4E-12	0.988014
-3.9	-7.27E-11	1.011303	0.1000002	-7E-12	1.011303
-4	-7.45E-11	1.034601	0.1000001	-6.7E-12	1.034601
-4.1	-7.42E-11	1.057849	0.1000001	-6.4E-12	1.057849
-4.2	-5.36E-11	1.10056	0.1	-8.1E-12	1.10056
-4.3	-7.18E-11	1.123873	0.1000002	-6.4E-12	1.123873
-4.4	-7.43E-11	1.147084	0.1	-6.5E-12	1.147084
-4.5	-7.47E-11	1.170306	0.1	-6.2E-12	1.170306
-4.6	-7.35E-11	1.193648	0.1	-6.8E-12	1.193648
-4.7	-7.38E-11	1.216936	0.1000001	-6.5E-12	1.216936
-4.8	-7.56E-11	1.240166	0.1000001	-6.2E-12	1.240166
-4.9	-7.46E-11	1.263464	0.1000001	-6.3E-12	1.263464
-5	-7.45E-11	1.286757	0.1	-6.4E-12	1.286757
-5.1	-7.68E-11	1.310065	0.1000002	-6E-12	1.310065
-5.2	-7.71E-11	1.333283	0.1000004	-5.9E-12	1.333283
-5.3	-7.57E-11	1.356576	0.1	-6.4E-12	1.356576
-5.4	-7.47E-11	1.380019	0.1000001	-6.4E-12	1.380019
-5.5	-7.79E-11	1.403255	0.1000002	-6.1E-12	1.403255
-5.6	-7.85E-11	1.426459	0.1000002	-5.7E-12	1.426459
-5.7	-7.64E-11	1.449744	0.1000002	-6.4E-12	1.449744
-5.8	-7.86E-11	1.472959	0.1000001	-6.1E-12	1.472959
-5.9	-7.85E-11	1.496192	0.1000002	-5.9E-12	1.496192
-6	-7.87E-11	1.519414	0.1000002	-6.2E-12	1.519414
-6.1	-7.78E-11	1.542805	0.1	-5.8E-12	1.542805
-6.2	-5.83E-11	1.599337	0.1	-7.8E-12	1.599337
-6.3	-7.79E-11	1.622565	0.1000003	-5.9E-12	1.622565
-6.4	-7.65E-11	1.645872	0.1	-6.3E-12	1.645872
-6.5	-7.76E-11	1.669142	0.1000002	-6.2E-12	1.669142
-6.6	-7.97E-11	1.692412	0.1000002	-5.7E-12	1.692412
-6.7	-7.95E-11	1.715699	0.1000004	-5.5E-12	1.715699
-6.8	-7.79E-11	1.738989	0.1000001	-5.9E-12	1.738989
-6.9	-7.8E-11	1.762282	0.1000001	-5.7E-12	1.762282
-7	-8E-11	1.785513	0.1	-5.7E-12	1.785513
-7.1	-7.88E-11	1.808811	0.1000002	-5.7E-12	1.808811
-7.2	-8.1E-11	1.832076	0.1000003	-5.7E-12	1.832076
-7.3	-7.92E-11	1.855375	0.1000001	-6.2E-12	1.855375
-7.4	-8.11E-11	1.878584	0.1000002	-5.5E-12	1.878584
-7.5	-8.16E-11	1.901819	0.1000001	-6E-12	1.901819
-7.6	-8.01E-11	1.925101	0.1000002	-5.8E-12	1.925101
-7.7	-7.97E-11	1.948381	0.1000002	-5.6E-12	1.948381
-7.8	-8E-11	1.971664	0.1000001	-5.7E-12	1.971664
-7.9	-8.21E-11	1.994876	0.1000001	-5.3E-12	1.994876
-8	-8.01E-11	2.01817	0.1000003	-5.5E-12	2.01817
-8.1	-8.21E-11	2.041482	0.1000002	-5.4E-12	2.041482
-8.2	-6.16E-11	2.100555	0.1000001	-7.1E-12	2.100555
-8.3	-8.09E-11	2.123788	0.1000001	-4.9E-12	2.123788
-8.4	-8.18E-11	2.146997	0.1000003	-4.9E-12	2.146997
-8.5	-8E-11	2.17029	0.1000001	-5.5E-12	2.17029
-8.6	-7.9E-11	2.193681	0.1000002	-5.6E-12	2.193681
-8.7	-8.27E-11	2.216895	0.1000002	-5.6E-12	2.216895
-8.8	-8.28E-11	2.240105	0.1	-5.5E-12	2.240105
-8.9	-8.14E-11	2.263396	0.1000001	-5.7E-12	2.263396
-9	-8.1E-11	2.286691	0.1000002	-5.8E-12	2.286691
-9.1	-8.31E-11	2.309904	0.1000001	-5.2E-12	2.309904
-9.2	-8.33E-11	2.333118	0.1000001	-5.4E-12	2.333118
-9.3	-8.15E-11	2.356401	0.1000001	-5.7E-12	2.356401
-9.4	-8.33E-11	2.379815	0.1000002	-5.3E-12	2.379815
-9.5	-8.32E-11	2.403088	0.1000001	-5.3E-12	2.403088
-9.6	-8.25E-11	2.426372	0.1000003	-5.5E-12	2.426372
-9.7	-8.22E-11	2.449683	0.1000001	-5.5E-12	2.449683
-9.8	-8.29E-11	2.472958	0.1000002	-5.5E-12	2.472958
-9.9	-8.5E-11	2.496174	0.1000001	-5.7E-12	2.496174
-10	-8.37E-11	2.519456	0.1000001	-5.7E-12	2.519456
-9.90001	-4.32E-11	2.542766	0.0999999	-9.1E-12	2.542766
-9.80001	-5.65E-11	2.602105	0.1	-7.2E-12	2.602105
-9.70001	-3.69E-11	2.625342	0.0999995	-8.8E-12	2.625342
-9.60001	-3.61E-11	2.648631	0.0999997	-8.8E-12	2.648631
-9.50001	-3.49E-11	2.67193	0.0999997	-8.6E-12	2.67193
-9.40001	-3.13E-11	2.695207	0.0999996	-9.2E-12	2.695207
-9.30001	-3.08E-11	2.718493	0.0999998	-9E-12	2.718493
-9.20001	-3.13E-11	2.741802	0.0999998	-9.1E-12	2.741802
-9.10001	-2.87E-11	2.765008	0.0999995	-9.6E-12	2.765008
-9.00001	-2.76E-11	2.788218	0.0999998	-9.3E-12	2.788218
-8.90001	-2.71E-11	2.811437	0.0999998	-9.2E-12	2.811437
-8.80001	-2.79E-11	2.834731	0.0999997	-8.7E-12	2.834731
-8.70001	-2.77E-11	2.858029	0.0999996	-9E-12	2.858029
-8.60001	-2.52E-11	2.881233	0.0999996	-9.4E-12	2.881233
-8.50001	-2.39E-11	2.904477	0.0999995	-9.3E-12	2.904477
-8.40001	-2.59E-11	2.927768	0.0999997	-9E-12	2.927768
-8.30001	-2.55E-11	2.951055	0.0999997	-9.6E-12	2.951055
-8.20001	-2.29E-11	2.974263	0.0999996	-9.5E-12	2.974263
-8.10001	-2.27E-11	2.997507	0.0999998	-9.5E-12	2.997507
-8.00001	-2.38E-11	3.020788	0.0999998	-9.2E-12	3.020788
-7.90001	-2.15E-11	3.04409	0.0999996	-9E-12	3.04409
-7.80001	-4.23E-11	3.103624	0.0999999	-7.3E-12	3.103624
-7.70001	-2.22E-11	3.126849	0.0999998	-9E-12	3.126849
-7.6	-2.25E-11	3.150136	0.0999997	-9.2E-12	3.150136
-7.50001	-2.04E-11	3.173355	0.0999999	-9.4E-12	3.173355
-7.40001	-2E-11	3.196626	0.0999997	-9.9E-12	3.196626
-7.30001	-1.99E-11	3.219856	0.0999996	-9.7E-12	3.219856
-7.2	-2.06E-11	3.243151	0.0999997	-9.2E-12	3.243151
-7.10001	-1.93E-11	3.266388	0.0999999	-9.4E-12	3.266388
-7.00001	-1.81E-11	3.289622	0.0999995	-9.5E-12	3.289622
-6.90001	-1.75E-11	3.312912	0.0999997	-9.7E-12	3.312912
-6.80001	-1.89E-11	3.336209	0.0999997	-9.5E-12	3.336209
-6.70001	-1.71E-11	3.359405	0.0999998	-9.6E-12	3.359405
-6.60001	-1.68E-11	3.382699	0.0999996	-9.8E-12	3.382699
-6.50001	-1.8E-11	3.406017	0.0999996	-9.6E-12	3.406017
-6.40001	-1.73E-11	3.429297	0.0999996	-9.7E-12	3.429297
-6.30001	-1.59E-11	3.452507	0.0999996	-1.01E-11	3.452507
-6.20001	-1.49E-11	3.475734	0.0999996	-1E-11	3.475734
-6.10001	-1.55E-11	3.498983	0.0999996	-9.9E-12	3.498983
-6.00001	-1.57E-11	3.522283	0.0999999	-9.8E-12	3.522283
-5.90001	-1.36E-11	3.545585	0.0999996	-1E-11	3.545585
-5.80001	-3.41E-11	3.60072	0.0999999	-7.9E-12	3.60072
-5.70001	-1.48E-11	3.623947	0.0999998	-9.9E-12	3.623947
-5.60001	-1.63E-11	3.647241	0.0999997	-9.8E-12	3.647241
-5.50001	-1.52E-11	3.670523	0.0999997	-1.04E-11	3.670523
-5.40001	-1.3E-11	3.693866	0.0999998	-1.04E-11	3.693866
-5.30001	-1.24E-11	3.717152	0.0999999	-1.02E-11	3.717152
-5.20001	-1.33E-11	3.74045	0.0999999	-1.03E-11	3.74045
-5.1	-1.28E-11	3.763724	0.0999998	-1.04E-11	3.763724
-5.00001	-1.1E-11	3.786933	0.0999997	-1.06E-11	3.786933
-4.90001	-9.8E-12	3.810157	0.0999996	-1.03E-11	3.810157
-4.80001	-1.16E-11	3.83345	0.0999997	-1.03E-11	3.83345
-4.7	-1.1E-11	3.856753	0.0999996	-1.05E-11	3.856753
-4.60001	-9.2E-12	3.879967	0.0999997	-1.04E-11	3.879967
-4.50001	-1E-11	3.903285	0.0999997	-1.03E-11	3.903285
-4.40001	-9.6E-12	3.926573	0.0999998	-1.06E-11	3.926573
-4.3	-7.1E-12	3.949771	0.0999997	-1.05E-11	3.949771
-4.20001	-6.8E-12	3.97298	0.0999997	-1.04E-11	3.97298
-4.10001	-8.6E-12	3.996391	0.0999998	-1.02E-11	3.996391
-4.00001	-7.5E-12	4.019692	0.0999998	-1.02E-11	4.019692
-3.90001	-5.4E-12	4.04299	0.0999997	-1.1E-11	4.04299
-3.80001	-5E-12	4.066216	0.0999996	-1.06E-11	4.066216
-3.70001	-2.42E-11	4.102993	0.0999999	-8.8E-12	4.102993
-3.60001	-4.5E-12	4.126227	0.0999996	-1.06E-11	4.126227
-3.50001	-3.6E-12	4.149439	0.0999997	-1.07E-11	4.149439
-3.40001	-4.7E-12	4.172728	0.0999996	-1.06E-11	4.172728
-3.30001	-4.5E-12	4.196095	0.0999999	-9.7E-12	4.196095
-3.20001	-1.8E-12	4.21931	0.0999997	-4.5E-12	4.21931
-3.10001	-8E-13	4.242509	0.0999998	2.99E-11	4.242509
-3.00001	-2.2E-12	4.265795	0.0999998	1.975E-10	4.265795
-2.90001	2E-13	4.288998	0.0999999	8.809E-10	4.288998
-2.80001	7E-13	4.312224	0.1000006	3.1251E-09	4.312224
-2.70001	-4E-13	4.335521	0.1000014	9.3134E-09	4.335521
-2.60001	6E-13	4.358794	0.1000025	2.36197E-08	4.358794
-2.50001	2.9E-12	4.382095	0.1000018	5.24175E-08	4.382095
-2.40001	-1.79E-11	4.430213	0.1	1.00947E-07	4.430213
-2.30001	-1.27E-11	4.454706	0.1000005	1.84431E-07	4.454706
-2.20001	-1.11E-11	4.479234	0.1000006	3.06274E-07	4.479234
-2.1	-1.44E-11	4.505661	0.1000006	4.73309E-07	4.505661
-2	-9.7E-12	4.530242	0.1000006	6.90603E-07	4.530242
-1.900001	-8.6E-12	4.554778	0.1000008	9.59324E-07	4.554778
-1.800001	-1.52E-11	4.622288	0.1000001	1.2691E-06	4.622288
-1.7	-9.1E-12	4.6468	0.1000001	1.64711E-06	4.6468
-1.6	-7.3E-12	4.671306	0.1	2.07249E-06	4.671306
-1.5	-6.2E-12	4.696454	0.0999999	2.54425E-06	4.696454
-1.4	-4.9E-12	4.721046	0.1000002	3.05942E-06	4.721046
-1.3	-3.5E-12	4.74561	0.1	3.61356E-06	4.74561
-1.200001	-2.7E-12	4.77013	0.1000001	4.20189E-06	4.77013
-1.100001	-1.5E-12	4.794663	0.1000003	4.81995E-06	4.794663
-1	-8E-13	4.819245	0.1000001	5.46491E-06	4.819245
-0.9	9E-13	4.843784	0.1000001	6.13196E-06	4.843784
-0.800001	2.2E-12	4.868317	0.1000002	6.81835E-06	4.868317
-0.7	3.8E-12	4.892826	0.1000002	7.52224E-06	4.892826
-0.6	5.3E-12	4.917362	0.1000001	8.24003E-06	4.917362
-0.500001	6.3E-12	4.941885	0.1000001	8.97019E-06	4.941885
-0.4	8.5E-12	4.966402	0.1000001	9.70982E-06	4.966402
-0.3	9.8E-12	4.990893	0.1	1.045879E-05	4.990893
-0.2	6E-12	5.02718	0.0999999	1.12078E-05	5.02718
-0.0999996	1.2E-11	5.051764	0.0999998	1.19735E-05	5.051764
0	7.3E-12	5.113392	0.1000002	1.27354E-05	5.113392
0.1000003	1.43E-11	5.137912	0.1000001	1.35141E-05	5.137912
0.2000003	1.68E-11	5.162419	0.1	1.42967E-05	5.162419
0.299999	1.9E-11	5.187144	0.1000002	1.50835E-05	5.187144
0.399999	2.14E-11	5.21173	0.1000002	1.58775E-05	5.21173
0.5	2.33E-11	5.236261	0.0999999	1.66758E-05	5.236261
0.6	2.54E-11	5.260758	0.1000001	1.7479E-05	5.260758
0.699999	2.72E-11	5.28528	0.1000001	1.82865E-05	5.28528
0.799999	2.91E-11	5.309886	0.0999999	1.9097E-05	5.309886
0.9	3.09E-11	5.334414	0.1	1.99109E-05	5.334414
0.999999	3.27E-11	5.358944	0.1000001	2.07275E-05	5.358944
1.1	3.5E-11	5.383576	0.1000004	2.15467E-05	5.383576
1.2	3.65E-11	5.408351	0.0999999	2.23665E-05	5.408351
1.3	3.84E-11	5.432847	0.1	2.31884E-05	5.432847
1.399999	3.92E-11	5.457364	0.0999999	2.40125E-05	5.457364
1.5	4.05E-11	5.481867	0.1000002	2.4837E-05	5.481867
1.599999	4.14E-11	5.506423	0.1000001	2.56622E-05	5.506423
1.699999	4.22E-11	5.531041	0.1000001	2.64889E-05	5.531041
1.8	4.34E-11	5.555563	0.1000001	2.73167E-05	5.555563
1.899999	3.63E-11	5.615094	0.1	2.8131E-05	5.615094
2	4.22E-11	5.639637	0.0999999	2.89643E-05	5.639637
2.1	4.4E-11	5.664133	0.1000001	2.97956E-05	5.664133
2.19999	4.42E-11	5.688869	0.1000001	3.06226E-05	5.688869
2.29999	4.53E-11	5.713494	0.0999999	3.14548E-05	5.713494
2.39999	4.59E-11	5.738031	0.1000003	3.2287E-05	5.738031
2.49999	4.64E-11	5.76255	0.1000003	3.31192E-05	5.76255
2.59999	4.75E-11	5.787057	0.0999999	3.39519E-05	5.787057
2.69999	4.72E-11	5.811604	0.1000001	3.47854E-05	5.811604
2.79999	4.77E-11	5.836152	0.1000002	3.56199E-05	5.836152
2.89999	4.82E-11	5.860665	0.1000001	3.64541E-05	5.860665
2.99999	4.84E-11	5.885199	0.1	3.72902E-05	5.885199
3.09999	4.84E-11	5.910017	0.1000002	3.81266E-05	5.910017
3.19999	4.94E-11	5.934545	0.1000002	3.89628E-05	5.934545
3.29999	4.98E-11	5.959048	0.1000002	3.98E-05	5.959048
3.39999	4.98E-11	5.983567	0.1000001	4.06382E-05	5.983567
3.49999	5.06E-11	6.008065	0.0999999	4.14768E-05	6.008065
3.59999	5.04E-11	6.032687	0.0999999	4.23154E-05	6.032687
3.69999	5.07E-11	6.057291	0.0999999	4.31557E-05	6.057291
3.79999	4.37E-11	6.113811	0.1	4.39855E-05	6.113811
3.89999	4.91E-11	6.138369	0.0999999	4.48309E-05	6.138369
3.99999	5E-11	6.16288	0.0999999	4.56753E-05	6.16288
4.09999	5.06E-11	6.187392	0.0999999	4.65184E-05	6.187392
4.19999	5.08E-11	6.211997	0.1000001	4.73637E-05	6.211997
4.29999	5.15E-11	6.23651	0.1000001	4.82079E-05	6.23651
4.39999	5.19E-11	6.261031	0.1000002	4.90535E-05	6.261031
4.49999	5.22E-11	6.285569	0.1	4.99E-05	6.285569
4.59999	5.23E-11	6.310077	0.1000001	5.07475E-05	6.310077
4.69999	5.23E-11	6.334605	0.1000001	5.15948E-05	6.334605
4.79999	5.26E-11	6.359154	0.1000002	5.24432E-05	6.359154
4.89999	5.29E-11	6.383773	0.1000001	5.32925E-05	6.383773
4.99999	5.23E-11	6.408486	0.1000001	5.41424E-05	6.408486
5.09999	5.29E-11	6.433019	0.1	5.49939E-05	6.433019
5.19999	5.35E-11	6.457512	0.1000001	5.58459E-05	6.457512
5.29999	5.33E-11	6.482041	0.1	5.6699E-05	6.482041
5.39999	5.33E-11	6.506556	0.1000001	5.75526E-05	6.506556
5.49999	5.39E-11	6.531095	0.1000001	5.84069E-05	6.531095
5.59999	5.41E-11	6.555673	0.1000001	5.92621E-05	6.555673
5.69999	4.79E-11	6.615376	0.1000001	6.01069E-05	6.615376
5.79999	5.26E-11	6.640006	0.1000002	6.09679E-05	6.640006
5.89999	5.32E-11	6.664536	0.0999999	6.18284E-05	6.664536
5.99999	5.45E-11	6.689089	0.1	6.26881E-05	6.689089
6.09999	5.44E-11	6.713631	0.1000004	6.35486E-05	6.713631
6.19999	5.47E-11	6.738203	0.0999999	6.44108E-05	6.738203
6.29999	5.51E-11	6.762724	0.1	6.52722E-05	6.762724
6.39999	5.54E-11	6.787228	0.0999999	6.6135E-05	6.787228
6.49999	5.56E-11	6.811736	0.0999999	6.69975E-05	6.811736
6.59999	5.55E-11	6.836246	0.1000001	6.78633E-05	6.836246
6.69999	5.55E-11	6.860759	0.1000001	6.87289E-05	6.860759
6.79999	5.61E-11	6.885255	0.1000001	6.95948E-05	6.885255
6.89999	5.57E-11	6.9099	0.1000001	7.04615E-05	6.9099
6.99999	5.63E-11	6.934433	0.0999998	7.13304E-05	6.934433
7.09999	5.63E-11	6.958941	0.0999997	7.21997E-05	6.958941
7.19999	5.6E-11	6.983461	0.0999999	7.30694E-05	6.983461
7.29999	5.62E-11	7.007996	0.1	7.39398E-05	7.007996
7.39999	5.66E-11	7.032613	0.1	7.48129E-05	7.032613
7.49999	5.78E-11	7.057208	0.1000001	7.56857E-05	7.057208
7.59999	5.11E-11	7.112629	0.1000002	7.65508E-05	7.112629
7.69999	5.62E-11	7.137143	0.1000002	7.74289E-05	7.137143
7.79999	5.67E-11	7.161685	0.1000001	7.83066E-05	7.161685
7.89999	5.7E-11	7.18619	0.0999998	7.9184E-05	7.18619
7.99999	5.74E-11	7.210794	0.1000001	8.00618E-05	7.210794
8.09999	5.75E-11	7.235307	0.1	8.09406E-05	7.235307
8.19999	5.77E-11	7.259842	0.1	8.18209E-05	7.259842
8.29999	5.72E-11	7.284372	0.1000003	8.27018E-05	7.284372
8.39999	5.77E-11	7.308976	0.1000002	8.35834E-05	7.308976
8.49999	5.77E-11	7.333576	0.0999998	8.44673E-05	7.333576
8.59999	5.78E-11	7.358135	0.0999999	8.53511E-05	7.358135
8.69999	5.78E-11	7.382693	0.0999999	8.6235E-05	7.382693
8.79999	5.76E-11	7.407237	0.1	8.71217E-05	7.407237
8.89999	5.82E-11	7.431819	0.1000001	8.80099E-05	7.431819
8.99999	5.87E-11	7.456362	0.1000001	8.88965E-05	7.456362
9.09999	5.88E-11	7.480921	0.1000001	8.97865E-05	7.480921
9.19999	5.9E-11	7.505427	0.0999999	9.06762E-05	7.505427
9.29999	5.93E-11	7.529951	0.1000002	9.15632E-05	7.529951
9.39999	5.94E-11	7.554536	0.1	9.24568E-05	7.554536
9.49999	5.18E-11	7.616527	0.1	9.33426E-05	7.616527
9.59999	5.71E-11	7.64112	0.1000002	9.42419E-05	7.64112
9.69999	5.8E-11	7.665641	0.1000001	9.51391E-05	7.665641
9.79999	5.79E-11	7.690169	0.0999999	9.6037E-05	7.690169
9.89999	5.72E-11	7.714903	0.1000001	9.6935E-05	7.714903
9.99999	5.87E-11	7.739487	0.1000001	9.78337E-05	7.739487
9.9	4.59E-11	7.764047	0.1	9.69215E-05	7.764047
9.8	4.32E-11	7.788581	0.0999999	9.60125E-05	7.788581
9.7	4.07E-11	7.813088	0.1000001	9.51079E-05	7.813088
9.6	3.91E-11	7.837693	0.0999998	9.42053E-05	7.837693
9.5	3.69E-11	7.862226	0.1000001	9.33042E-05	7.862226
9.4	3.59E-11	7.886743	0.1000001	9.24042E-05	7.886743
9.3	3.63E-11	7.911535	0.1000002	9.15049E-05	7.911535
9.2	3.46E-11	7.936054	0.1000002	9.06083E-05	7.936054
9.1	3.37E-11	7.960572	0.1	8.97118E-05	7.960572
9	3.25E-11	7.985084	0.1000001	8.8816E-05	7.985084
8.9	3.22E-11	8.009597	0.1	8.79253E-05	8.009597
8.8	3.12E-11	8.034104	0.1	8.70303E-05	8.034104
8.7	3.09E-11	8.058699	0.1000001	8.61364E-05	8.058699
8.6	3.66E-11	8.120345	0.0999998	8.52456E-05	8.120345
8.5	3.1E-11	8.144905	0.1	8.43526E-05	8.144905
8.4	3.03E-11	8.169418	0.1	8.34614E-05	8.169418
8.3	2.94E-11	8.193936	0.1000001	8.25712E-05	8.193936
8.2	2.84E-11	8.218508	0.0999999	8.16817E-05	8.218508
8.1	2.88E-11	8.243109	0.0999997	8.07938E-05	8.243109
8	2.77E-11	8.267628	0.0999999	7.99095E-05	8.267628
7.9	2.7E-11	8.292142	0.0999999	7.90249E-05	8.292142
7.8	2.71E-11	8.316667	0.1	7.81394E-05	8.316667
7.7	2.62E-11	8.341175	0.1	7.72558E-05	8.341175
7.6	2.62E-11	8.365711	0.0999999	7.63746E-05	8.365711
7.5	2.58E-11	8.390351	0.0999998	7.54925E-05	8.390351
7.4	2.56E-11	8.414908	0.0999998	7.46135E-05	8.414908
7.3	2.49E-11	8.439423	0.0999999	7.37327E-05	8.439423
7.2	2.41E-11	8.463963	0.0999998	7.28548E-05	8.463963
7.1	2.43E-11	8.488467	0.1	7.19774E-05	8.488467
7	2.41E-11	8.513013	0.1000001	7.11E-05	8.513013
6.9	2.33E-11	8.537508	0.0999998	7.02242E-05	8.537508
6.8	2.3E-11	8.562107	0.0999997	6.93496E-05	8.562107
6.7	2.87E-11	8.621589	0.1000002	6.84824E-05	8.621589
6.6	2.37E-11	8.646118	0.1	6.7607E-05	8.646118
6.5	2.26E-11	8.670625	0.0999999	6.6734E-05	8.670625
6.4	2.21E-11	8.695146	0.0999998	6.58625E-05	8.695146
6.3	2.19E-11	8.719793	0.1	6.49917E-05	8.719793
6.2	2.08E-11	8.744362	0.1	6.41222E-05	8.744362
6.1	2.05E-11	8.768909	0.1	6.32522E-05	8.768909
6	2.01E-11	8.793424	0.0999999	6.23839E-05	8.793424
5.9	1.99E-11	8.817961	0.0999999	6.15173E-05	8.817961
5.8	1.91E-11	8.842478	0.1000002	6.065E-05	8.842478
5.7	1.9E-11	8.866999	0.1000001	5.9784E-05	8.866999
5.6	1.87E-11	8.891499	0.0999998	5.8919E-05	8.891499
5.5	1.82E-11	8.916019	0.1000001	5.80554E-05	8.916019
5.4	1.76E-11	8.940531	0.1	5.71929E-05	8.940531
5.3	1.74E-11	8.965145	0.0999999	5.63301E-05	8.965145
5.2	1.67E-11	8.989663	0.0999997	5.54687E-05	8.989663
5.1	1.66E-11	9.014191	0.1	5.46086E-05	9.014191
5	1.59E-11	9.038687	0.0999998	5.37492E-05	9.038687
4.9	1.58E-11	9.063305	0.1	5.28902E-05	9.063305
4.8	2.19E-11	9.122901	0.0999997	5.20373E-05	9.122901
4.7	1.7E-11	9.147423	0.0999999	5.11789E-05	9.147423
4.6	1.57E-11	9.171947	0.1	5.03226E-05	9.171947
4.5	1.5E-11	9.196506	0.1	4.94667E-05	9.196506
4.4	1.43E-11	9.221065	0.0999999	4.86117E-05	9.221065
4.3	1.4E-11	9.245575	0.1	4.77578E-05	9.245575
4.2	1.31E-11	9.270086	0.1	4.69051E-05	9.270086
4.1	1.26E-11	9.294609	0.0999999	4.60525E-05	9.294609
4	1.19E-11	9.319217	0.1	4.52003E-05	9.319217
3.9	1.11E-11	9.343757	0.0999997	4.43503E-05	9.343757
3.8	1.07E-11	9.368275	0.0999999	4.35003E-05	9.368275
3.7	1.01E-11	9.392905	0.0999999	4.2652E-05	9.392905
3.6	9.5E-12	9.417449	0.1	4.18035E-05	9.417449
3.5	8.6E-12	9.441974	0.0999998	4.09562E-05	9.441974
3.4	8.1E-12	9.466486	0.0999999	4.01101E-05	9.466486
3.3	7.8E-12	9.491015	0.0999998	3.92634E-05	9.491015
3.2	7.4E-12	9.51553	0.1	3.84186E-05	9.51553
3.1	6.6E-12	9.540048	0.1000001	3.75746E-05	9.540048
3	5.6E-12	9.564651	0.1	3.67321E-05	9.564651
2.9	1.1E-11	9.620101	0.0999999	3.58941E-05	9.620101
2.8	5.3E-12	9.644612	0.1	3.50515E-05	9.644612
2.7	4.7E-12	9.669216	0.0999998	3.421E-05	9.669216
2.6	3.5E-12	9.693725	0.0999997	3.33703E-05	9.693725
2.5	2.8E-12	9.7183	0.1000002	3.25315E-05	9.7183
2.4	2.1E-12	9.742871	0.0999999	3.16938E-05	9.742871
2.3	3E-13	9.767397	0.0999999	3.08579E-05	9.767397
2.2	-1E-13	9.791922	0.1	3.00216E-05	9.791922
2.099999	2E-12	9.818337	0.0999998	2.91921E-05	9.818337
2	-1.7E-12	9.842845	0.1	2.83585E-05	9.842845
1.9	-3.2E-12	9.867368	0.0999999	2.75262E-05	9.867368
1.8	-4.4E-12	9.891884	0.0999998	2.66957E-05	9.891884
1.7	-5.4E-12	9.9164	0.0999998	2.58667E-05	9.9164
1.6	-6.8E-12	9.940934	0.1	2.50392E-05	9.940934
1.5	-8.2E-12	9.965442	0.1	2.42128E-05	9.965442
1.4	-8.9E-12	9.989944	0.1	2.3388E-05	9.989944
1.3	-1.07E-11	10.014477	0.0999999	2.25664E-05	10.014477
1.2	-1.23E-11	10.038994	0.0999999	2.17464E-05	10.038994
1.1	-1.34E-11	10.063618	0.1	2.09293E-05	10.063618
1	-8.8E-12	10.122027	0.1000001	2.01198E-05	10.122027
0.9	-1.5E-11	10.146549	0.1000002	1.93078E-05	10.146549
0.8	-1.72E-11	10.171063	0.1	1.85004E-05	10.171063
0.7	-1.93E-11	10.195602	0.1	1.76978E-05	10.195602
0.6	-2.17E-11	10.220168	0.1000001	1.69004E-05	10.220168
0.5	-2.42E-11	10.24468	0.0999998	1.6108E-05	10.24468
0.4	-2.61E-11	10.269235	0.1000001	1.5322E-05	10.269235
0.3	-2.84E-11	10.293754	0.1	1.45421E-05	10.293754
0.1999999	-2.75E-11	10.320142	0.1	1.37693E-05	10.320142
0.0999997	-3.33E-11	10.344655	0.0999999	1.30016E-05	10.344655
-3E-07	-3.54E-11	10.369146	0.0999999	1.22399E-05	10.369146
#scan	iMeasureCycle=2	iMux=0	time=279.632	N=401	LocalTime=19/04/2023 23:54:20
#VGate(V)	IGate(A)	time(s)	VDrain(V)	IDrain(A)	time(s)
0	-1.4E-11	279.639451	0.1000001	1.24301E-05	279.639451
-0.1000004	-2.13E-11	279.664335	0.1	1.16606E-05	279.664335
-0.2	-2.25E-11	279.690209	0.1	1.08987E-05	279.690209
-0.3	-2.87E-11	279.714928	0.1	1.01437E-05	279.714928
-0.4	-3.17E-11	279.739493	0.1	9.3981E-06	279.739493
-0.5	-3.04E-11	279.766628	0.1000001	8.66699E-06	279.766628
-0.6	-3.63E-11	279.791145	0.0999999	7.94195E-06	279.791145
-0.7	-3.84E-11	279.815613	0.0999999	7.2302E-06	279.815613
-0.8	-4E-11	279.840142	0.0999998	6.53381E-06	279.840142
-0.9	-4.15E-11	279.864634	0.0999999	5.85577E-06	279.864634
-1	-4.28E-11	279.889186	0.1000001	5.19803E-06	279.889186
-1.1	-4.4E-11	279.9137	0.0999998	4.56393E-06	279.9137
-1.2	-4.48E-11	279.938257	0.0999999	3.95788E-06	279.938257
-1.3	-4.62E-11	279.962764	0.0999998	3.38326E-06	279.962764
-1.4	-4.7E-11	279.987319	0.0999998	2.84428E-06	279.987319
-1.5	-4.77E-11	280.011822	0.1	2.34616E-06	280.011822
-1.6	-4.79E-11	280.036386	0.1000001	1.89338E-06	280.036386
-1.7	-4.91E-11	280.060961	0.1	1.48821E-06	280.060961
-1.8	-4.99E-11	280.085581	0.1	1.13445E-06	280.085581
-1.9	-4.65E-11	280.112883	0.0999994	8.34799E-07	280.112883
-2	-5.08E-11	280.137431	0.0999996	5.86468E-07	280.137431
-2.1	-5.18E-11	280.161929	0.0999995	3.90432E-07	280.161929
-2.2	-4.58E-11	280.205947	0.1000001	2.44997E-07	280.205947
-2.3	-5.09E-11	280.230563	0.0999998	1.40529E-07	280.230563
-2.4	-4.65E-11	280.26824	0.0999953	7.4483E-08	280.26824
-2.5	-6.66E-11	280.291525	0.100008	3.46136E-08	280.291525
-2.6	-6.79E-11	280.314749	0.1000037	1.41377E-08	280.314749
-2.7	-6.66E-11	280.33804	0.1000015	4.9287E-09	280.33804
-2.8	-6.77E-11	280.361327	0.1000005	1.4587E-09	280.361327
-2.9	-6.96E-11	280.384633	0.1000003	3.521E-10	280.384633
-3	-7.02E-11	280.407853	0.1000002	6.41E-11	280.407853
-3.1	-6.95E-11	280.431144	0.1000002	4.7E-12	280.431144
-3.2	-6.94E-11	280.454431	0.1000003	-5E-12	280.454431
-3.3	-7.15E-11	280.47764	0.1000002	-6E-12	280.47764
-3.4	-7.21E-11	280.500856	0.1000001	-6.6E-12	280.500856
-3.5	-7.06E-11	280.524228	0.1000001	-6.7E-12	280.524228
-3.6	-7.29E-11	280.547433	0.1000002	-6.3E-12	280.547433
-3.7	-7.27E-11	280.570729	0.0999999	-6.7E-12	280.570729
-3.8	-7.3E-11	280.593946	0.1000002	-6.4E-12	280.593946
-3.9	-7.21E-11	280.617243	0.1000001	-6.4E-12	280.617243
-4	-7.4E-11	280.640459	0.1000001	-6.2E-12	280.640459
-4.1	-7.35E-11	280.663699	0.1000001	-6.4E-12	280.663699
-4.2	-5.37E-11	280.706657	0.1	-8.2E-12	280.706657
-4.3	-7.34E-11	280.729894	0.1000002	-6.2E-12	280.729894
-4.4	-7.41E-11	280.75313	0.1000001	-6.1E-12	280.75313
-4.5	-7.3E-11	280.776412	0.1000001	-6.2E-12	280.776412
-4.6	-7.31E-11	280.79976	0.1000001	-6.6E-12	280.79976
-4.7	-7.49E-11	280.822972	0.1000003	-5.8E-12	280.822972
-4.8	-7.56E-11	280.846193	0.1	-6E-12	280.846193
-4.9	-7.39E-11	280.86958	0.1000002	-6.2E-12	280.86958
-5	-7.6E-11	280.892802	0.1000001	-6.2E-12	280.892802
-5.1	-7.65E-11	280.916028	0.1	-5.7E-12	280.916028
-5.2	-7.7E-11	280.939245	0.1000003	-5.9E-12	280.939245
-5.3	-7.53E-11	280.962525	0.0999999	-5.8E-12	280.962525
-5.4	-7.53E-11	280.98582	0.1000001	-5.5E-12	280.98582
-5.5	-7.77E-11	281.009035	0.0999998	-5.4E-12	281.009035
-5.6	-7.81E-11	281.032254	0.1000002	-5.5E-12	281.032254
-5.7	-7.63E-11	281.055548	0.1000001	-6E-12	281.055548
-5.8	-7.66E-11	281.078836	0.1000001	-6.2E-12	281.078836
-5.9	-7.65E-11	281.102126	0.1000001	-6E-12	281.102126
-6	-7.69E-11	281.125423	0.1000002	-6.2E-12	281.125423
-6.1	-7.67E-11	281.148707	0.1000001	-6.4E-12	281.148707
-6.2	-5.81E-11	281.200299	0.1	-7.7E-12	281.200299
-6.3	-7.61E-11	281.223618	0.1000001	-5.5E-12	281.223618
-6.4	-7.84E-11	281.246897	0.1000002	-6.4E-12	281.246897
-6.5	-7.79E-11	281.270159	0.0999999	-6.2E-12	281.270159
-6.6	-7.86E-11	281.293443	0.1	-5.6E-12	281.293443
-6.7	-7.92E-11	281.316659	0.1000002	-6.1E-12	281.316659
-6.8	-7.78E-11	281.339948	0.1000002	-5.9E-12	281.339948
-6.9	-7.95E-11	281.36317	0.1	-5.8E-12	281.36317
-7	-8E-11	281.38646	0.1000002	-5.7E-12	281.38646
-7.1	-7.82E-11	281.409746	0.1000001	-6.3E-12	281.409746
-7.2	-7.89E-11	281.433032	0.1000001	-5.9E-12	281.433032
-7.3	-8.05E-11	281.456248	0.1000002	-6.1E-12	281.456248
-7.4	-8.1E-11	281.479455	0.1000002	-6E-12	281.479455
-7.5	-7.97E-11	281.502746	0.1000002	-6E-12	281.502746
-7.6	-8.01E-11	281.526031	0.1000001	-6.1E-12	281.526031
-7.7	-8.15E-11	281.549251	0.1000003	-5.6E-12	281.549251
-7.8	-8.14E-11	281.572561	0.0999999	-5.2E-12	281.572561
-7.9	-7.99E-11	281.595849	0.1000002	-5.8E-12	281.595849
-8	-7.84E-11	281.619201	0.1000002	-5.8E-12	281.619201
-8.1	-8.21E-11	281.642415	0.1000001	-5.7E-12	281.642415
-8.2	-8.05E-11	281.665706	0.1	-5.9E-12	281.665706
-8.3	-6.19E-11	281.706157	0.0999998	-7.5E-12	281.706157
-8.4	-8.07E-11	281.729406	0.1000001	-5.9E-12	281.729406
-8.5	-8.16E-11	281.75264	0.1000001	-6E-12	281.75264
-8.6	-8.21E-11	281.775857	0.1000002	-5.9E-12	281.775857
-8.7	-8.24E-11	281.799122	0.1000002	-5.5E-12	281.799122
-8.8	-7.95E-11	281.822467	0.1000002	-5.8E-12	281.822467
-8.9	-8.24E-11	281.845685	0.1000002	-5.8E-12	281.845685
-9	-8.29E-11	281.868944	0.1	-5.5E-12	281.868944
-9.1	-8.17E-11	281.892246	0.1000001	-5.5E-12	281.892246
-9.2	-8.34E-11	281.915512	0.1	-5.5E-12	281.915512
-9.3	-8.31E-11	281.938825	0.1000002	-5.2E-12	281.938825
-9.4	-8.14E-11	281.962127	0.1000001	-5.5E-12	281.962127
-9.5	-8.19E-11	281.985405	0.1000002	-5.4E-12	281.985405
-9.6	-8.4E-11	282.008608	0.1	-5.4E-12	282.008608
-9.7	-8.26E-11	282.031908	0.1000002	-5.2E-12	282.031908
-9.8	-8.27E-11	282.055193	0.1000001	-5.3E-12	282.055193
-9.9	-8.39E-11	282.078502	0.0999999	-5.3E-12	282.078502
-10	-8.42E-11	282.101709	0.1000002	-5.5E-12	282.101709
-9.90001	-4.23E-11	282.124951	0.0999996	-8.7E-12	282.124951
-9.80001	-4E-11	282.148248	0.0999996	-9.1E-12	282.148248
-9.70001	-5.46E-11	282.207518	0.1	-7.4E-12	282.207518
-9.60001	-3.52E-11	282.230793	0.0999999	-9.1E-12	282.230793
-9.50001	-3.2E-11	282.25404	0.0999997	-9.2E-12	282.25404
-9.40001	-3.38E-11	282.277379	0.0999998	-8.9E-12	282.277379
-9.30001	-3.2E-11	282.300726	0.0999998	-9E-12	282.300726
-9.20001	-2.92E-11	282.323939	0.0999999	-9.5E-12	282.323939
-9.10001	-2.81E-11	282.347161	0.0999998	-9.1E-12	282.347161
-9.00001	-2.71E-11	282.370416	0.0999999	-9.3E-12	282.370416
-8.90001	-2.61E-11	282.39364	0.0999996	-9.1E-12	282.39364
-8.80001	-2.6E-11	282.416877	0.0999996	-9.6E-12	282.416877
-8.70001	-2.52E-11	282.440104	0.0999996	-9.1E-12	282.440104
-8.60001	-2.62E-11	282.463394	0.0999997	-9.2E-12	282.463394
-8.50001	-2.6E-11	282.486682	0.0999996	-9.1E-12	282.486682
-8.40001	-2.48E-11	282.509919	0.0999995	-9.3E-12	282.509919
-8.30001	-2.31E-11	282.533147	0.0999998	-9.2E-12	282.533147
-8.20001	-2.27E-11	282.556361	0.0999998	-9.6E-12	282.556361
-8.10001	-2.17E-11	282.579658	0.0999996	-9.5E-12	282.579658
-8.00001	-2.18E-11	282.60288	0.0999997	-9.7E-12	282.60288
-7.90001	-2.15E-11	282.626101	0.0999997	-9.8E-12	282.626101
-7.80001	-2.08E-11	282.649315	0.0999997	-9.4E-12	282.649315
-7.70001	-4.13E-11	282.708913	0.1	-7.6E-12	282.708913
-7.6	-2.19E-11	282.732172	0.0999998	-9.2E-12	282.732172
-7.50001	-2.06E-11	282.755421	0.0999997	-9.8E-12	282.755421
-7.40001	-2.13E-11	282.77871	0.0999997	-9.5E-12	282.77871
-7.30001	-2.1E-11	282.802062	0.0999996	-9.6E-12	282.802062
-7.2	-1.8E-11	282.82527	0.0999996	-9.8E-12	282.82527
-7.10001	-1.88E-11	282.848614	0.0999996	-9.2E-12	282.848614
-7.00001	-1.82E-11	282.871864	0.0999995	-9.3E-12	282.871864
-6.90001	-1.72E-11	282.895093	0.0999997	-9.9E-12	282.895093
-6.80001	-1.67E-11	282.918368	0.0999998	-9.9E-12	282.918368
-6.70001	-1.66E-11	282.941588	0.0999996	-1E-11	282.941588
-6.60001	-1.76E-11	282.964887	0.0999996	-1E-11	282.964887
-6.50001	-1.77E-11	282.988178	0.0999998	-9.9E-12	282.988178
-6.40001	-1.54E-11	283.011389	0.0999997	-9.7E-12	283.011389
-6.30001	-1.57E-11	283.034615	0.0999997	-9.9E-12	283.034615
-6.20001	-1.57E-11	283.05791	0.0999997	-9.7E-12	283.05791
-6.10001	-1.6E-11	283.081202	0.0999999	-9.7E-12	283.081202
-6.00001	-1.39E-11	283.104402	0.0999996	-9.9E-12	283.104402
-5.90001	-1.55E-11	283.127703	0.0999998	-9.5E-12	283.127703
-5.80001	-1.5E-11	283.151001	0.0999996	-9.8E-12	283.151001
-5.70001	-3.37E-11	283.210426	0.0999999	-8.1E-12	283.210426
-5.60001	-1.47E-11	283.2337	0.0999998	-1E-11	283.2337
-5.50001	-1.28E-11	283.256943	0.0999998	-9.7E-12	283.256943
-5.40001	-1.46E-11	283.280236	0.0999998	-1.02E-11	283.280236
-5.30001	-1.26E-11	283.303513	0.0999996	-1E-11	283.303513
-5.20001	-1.15E-11	283.326733	0.0999996	-1.02E-11	283.326733
-5.1	-1.28E-11	283.350029	0.0999997	-1.04E-11	283.350029
-5.00001	-1.04E-11	283.373279	0.0999998	-9.8E-12	283.373279
-4.90001	-9.8E-12	283.396497	0.0999996	-1.04E-11	283.396497
-4.80001	-9.8E-12	283.419747	0.0999998	-1.01E-11	283.419747
-4.7	-1.07E-11	283.443044	0.0999996	-9.6E-12	283.443044
-4.60001	-1.01E-11	283.466339	0.0999997	-1E-11	283.466339
-4.50001	-8.2E-12	283.489555	0.0999996	-1.02E-11	283.489555
-4.40001	-7.8E-12	283.512781	0.0999998	-1.01E-11	283.512781
-4.3	-7.6E-12	283.536016	0.0999999	-1.05E-11	283.536016
-4.20001	-6.8E-12	283.55926	0.0999995	-1.07E-11	283.55926
-4.10001	-6.9E-12	283.582586	0.0999997	-1.01E-11	283.582586
-4.00001	-5.9E-12	283.605803	0.0999997	-1.01E-11	283.605803
-3.90001	-7.1E-12	283.629102	0.0999996	-1.03E-11	283.629102
-3.80001	-6.6E-12	283.652385	0.0999997	-1.02E-11	283.652385
-3.70001	-2.61E-11	283.712168	0.0999999	-9E-12	283.712168
-3.60001	-7.6E-12	283.735487	0.0999997	-1.09E-11	283.735487
-3.50001	-5.4E-12	283.758833	0.0999997	-1.1E-11	283.758833
-3.40001	-4.1E-12	283.782039	0.0999999	-1.11E-11	283.782039
-3.30001	-3E-12	283.805306	0.0999998	-1.04E-11	283.805306
-3.20001	-4.6E-12	283.828602	0.0999997	-6.3E-12	283.828602
-3.10001	-1.5E-12	283.851813	0.0999998	2.12E-11	283.851813
-3.00001	-1.1E-12	283.875122	0.0999998	1.62E-10	283.875122
-2.90001	-2.3E-12	283.898421	0.1	7.351E-10	283.898421
-2.80001	-1.3E-12	283.921789	0.1000003	2.6617E-09	283.921789
-2.70001	6E-13	283.945002	0.1000012	8.0743E-09	283.945002
-2.60001	1.8E-12	283.968211	0.1000021	2.09085E-08	283.968211
-2.50001	1E-13	283.991484	0.1000024	4.71099E-08	283.991484
-2.40001	9E-13	284.01477	0.1000001	9.4739E-08	284.01477
-2.30001	-1.72E-11	284.054194	0.1000003	1.69553E-07	284.054194
-2.20001	-1.14E-11	284.078777	0.1000004	2.85936E-07	284.078777
-2.1	-1.41E-11	284.105224	0.1000005	4.46636E-07	284.105224
-2.000001	-9.8E-12	284.12972	0.1000008	6.56237E-07	284.12972
-1.9	-9.1E-12	284.154241	0.1000007	9.16566E-07	284.154241
-1.800001	-1.59E-11	284.227634	0.1000002	1.21764E-06	284.227634
-1.7	-9.7E-12	284.25223	0.1000001	1.58627E-06	284.25223
-1.6	-7.8E-12	284.27674	0.1000001	2.00245E-06	284.27674
-1.5	-6.6E-12	284.301335	0.1000001	2.46468E-06	284.301335
-1.4	-5.5E-12	284.325846	0.1	2.96965E-06	284.325846
-1.3	-4.6E-12	284.350379	0.1000001	3.51351E-06	284.350379
-1.200001	-3.8E-12	284.375063	0.1000001	4.09117E-06	284.375063
-1.100001	-2.1E-12	284.399628	0.1000001	4.69995E-06	284.399628
-1	-7E-13	284.424166	0.1	5.33534E-06	284.424166
-0.900001	5E-13	284.448674	0.1	5.99355E-06	284.448674
-0.8	2.4E-12	284.473186	0.1000002	6.67069E-06	284.473186
-0.7	3E-12	284.497719	0.1	7.36587E-06	284.497719
-0.6	4.4E-12	284.522267	0.1000002	8.0756E-06	284.522267
-0.500001	6.1E-12	284.546804	0.1000001	8.79773E-06	284.546804
-0.400001	7.6E-12	284.571358	0.1	9.53046E-06	284.571358
-0.3	9.3E-12	284.595892	0.1	1.027225E-05	284.595892
-0.2	5.2E-12	284.632173	0.1000001	1.10143E-05	284.632173
-0.0999996	1.13E-11	284.65671	0.1000001	1.17739E-05	284.65671
-2E-07	7E-12	284.719015	0.1	1.25302E-05	284.719015
0.1000004	1.43E-11	284.743513	0.0999999	1.33035E-05	284.743513
0.2000002	1.6E-11	284.76804	0.1000001	1.40802E-05	284.76804
0.299999	1.86E-11	284.792764	0.1000003	1.48625E-05	284.792764
0.4	2.11E-11	284.817309	0.1	1.56514E-05	284.817309
0.5	2.33E-11	284.841856	0.1	1.64461E-05	284.841856
0.599999	2.49E-11	284.866387	0.1	1.72459E-05	284.866387
0.7	2.68E-11	284.891018	0.1000002	1.80508E-05	284.891018
0.8	2.87E-11	284.915614	0.1000001	1.88605E-05	284.915614
0.9	3.06E-11	284.94021	0.0999999	1.9674E-05	284.94021
0.999999	3.25E-11	284.964723	0.1000002	2.04902E-05	284.964723
1.1	3.38E-11	284.989257	0.1000001	2.131E-05	284.989257
1.2	3.56E-11	285.013787	0.0999998	2.21319E-05	285.013787
1.3	3.71E-11	285.03832	0.1	2.29564E-05	285.03832
1.4	3.86E-11	285.062854	0.1000001	2.37829E-05	285.062854
1.499999	3.96E-11	285.087388	0.1	2.46113E-05	285.087388
1.599999	4.07E-11	285.111948	0.1	2.54409E-05	285.111948
1.699999	4.18E-11	285.136486	0.1000001	2.62716E-05	285.136486
1.8	4.27E-11	285.161101	0.1000002	2.71038E-05	285.161101
1.899999	3.59E-11	285.220554	0.0999999	2.79299E-05	285.220554
2	4.18E-11	285.245165	0.1000001	2.87654E-05	285.245165
2.099999	4.33E-11	285.269695	0.0999999	2.96013E-05	285.269695
2.19999	4.39E-11	285.294465	0.1	3.04341E-05	285.294465
2.29999	4.53E-11	285.319117	0.0999999	3.12707E-05	285.319117
2.39999	4.59E-11	285.343657	0.1000001	3.21071E-05	285.343657
2.49999	4.64E-11	285.368217	0.0999999	3.29454E-05	285.368217
2.59999	4.69E-11	285.392788	0.1	3.37834E-05	285.392788
2.69999	4.78E-11	285.417306	0.1000001	3.46215E-05	285.417306
2.79999	4.82E-11	285.441841	0.1	3.54603E-05	285.441841
2.89999	4.9E-11	285.466369	0.1000001	3.62996E-05	285.466369
2.99999	4.91E-11	285.490918	0.1	3.71395E-05	285.490918
3.09999	4.92E-11	285.515471	0.0999999	3.79793E-05	285.515471
3.19999	5.02E-11	285.539982	0.0999999	3.88198E-05	285.539982
3.29999	5E-11	285.564541	0.1	3.96604E-05	285.564541
3.39999	5.05E-11	285.589128	0.0999998	4.05014E-05	285.589128
3.49999	5.09E-11	285.613675	0.0999999	4.13421E-05	285.613675
3.59999	5.1E-11	285.638171	0.1000001	4.21842E-05	285.638171
3.69999	5.13E-11	285.662732	0.1	4.30264E-05	285.662732
3.79999	4.46E-11	285.719448	0.1000001	4.38598E-05	285.719448
3.89999	4.96E-11	285.743975	0.1000001	4.47064E-05	285.743975
3.99999	5.06E-11	285.768511	0.1	4.55514E-05	285.768511
4.09999	5.12E-11	285.793025	0.1	4.6397E-05	285.793025
4.19999	5.19E-11	285.817566	0.0999998	4.7243E-05	285.817566
4.29999	5.24E-11	285.842084	0.0999999	4.80893E-05	285.842084
4.39999	5.23E-11	285.866602	0.0999998	4.89367E-05	285.866602
4.49999	5.29E-11	285.8912	0.1000002	4.97833E-05	285.8912
4.59999	5.28E-11	285.915823	0.1	5.06309E-05	285.915823
4.69999	5.32E-11	285.940332	0.0999999	5.14796E-05	285.940332
4.79999	5.3E-11	285.964925	0.0999999	5.233E-05	285.964925
4.89999	5.35E-11	285.989463	0.1000003	5.31798E-05	285.989463
4.99999	5.34E-11	286.014005	0.1000001	5.40309E-05	286.014005
5.09999	5.36E-11	286.038499	0.1	5.48815E-05	286.038499
5.19999	5.42E-11	286.063021	0.1	5.5735E-05	286.063021
5.29999	5.4E-11	286.087601	0.1000001	5.65888E-05	286.087601
5.39999	5.4E-11	286.112141	0.1	5.74425E-05	286.112141
5.49999	5.45E-11	286.136656	0.1000001	5.82972E-05	286.136656
5.59999	5.47E-11	286.161166	0.1000001	5.91538E-05	286.161166
5.69999	4.81E-11	286.221147	0.1	6.00001E-05	286.221147
5.79999	5.28E-11	286.245786	0.1000002	6.08603E-05	286.245786
5.89999	5.33E-11	286.270382	0.1000003	6.17216E-05	286.270382
5.99999	5.44E-11	286.294896	0.1000002	6.25814E-05	286.294896
6.09999	5.41E-11	286.319509	0.0999999	6.34429E-05	286.319509
6.19999	5.47E-11	286.344071	0.1000001	6.43053E-05	286.344071
6.29999	5.53E-11	286.368579	0.0999999	6.51666E-05	286.368579
6.39999	5.51E-11	286.393219	0.1000002	6.603E-05	286.393219
6.49999	5.55E-11	286.417719	0.0999998	6.68946E-05	286.417719
6.59999	5.54E-11	286.442272	0.0999999	6.77589E-05	286.442272
6.69999	5.6E-11	286.466773	0.1000003	6.86252E-05	286.466773
6.79999	5.59E-11	286.491317	0.1000001	6.94921E-05	286.491317
6.89999	5.62E-11	286.515833	0.1000003	7.03601E-05	286.515833
6.99999	5.6E-11	286.54039	0.1000002	7.12276E-05	286.54039
7.09999	5.7E-11	286.564926	0.1	7.20966E-05	286.564926
7.19999	5.66E-11	286.589539	0.1000002	7.29672E-05	286.589539
7.29999	5.73E-11	286.61404	0.1000001	7.38402E-05	286.61404
7.39999	5.69E-11	286.638554	0.0999999	7.47106E-05	286.638554
7.49999	5.7E-11	286.663057	0.0999998	7.55837E-05	286.663057
7.59999	5.09E-11	286.722703	0.1000002	7.64486E-05	286.722703
7.69999	5.57E-11	286.747233	0.1	7.73269E-05	286.747233
7.79999	5.59E-11	286.771756	0.0999999	7.82053E-05	286.771756
7.89999	5.72E-11	286.796269	0.1000002	7.90831E-05	286.796269
7.99999	5.72E-11	286.820826	0.1000002	7.9962E-05	286.820826
8.09999	5.72E-11	286.845356	0.0999999	8.08409E-05	286.845356
8.19999	5.79E-11	286.869866	0.1	8.17223E-05	286.869866
8.29999	5.84E-11	286.894468	0.0999999	8.26016E-05	286.894468
8.39999	5.85E-11	286.91909	0.1000001	8.34837E-05	286.91909
8.49999	5.85E-11	286.943621	0.0999998	8.43687E-05	286.943621
8.59999	5.83E-11	286.968133	0.0999999	8.5252E-05	286.968133
8.69999	5.85E-11	286.992687	0.0999999	8.61372E-05	286.992687
8.79999	5.86E-11	287.017302	0.1000001	8.70222E-05	287.017302
8.89999	5.82E-11	287.041858	0.1	8.79109E-05	287.041858
8.99999	5.89E-11	287.066368	0.1000002	8.87993E-05	287.066368
9.09999	5.93E-11	287.090899	0.0999998	8.96871E-05	287.090899
9.19999	5.99E-11	287.115409	0.1	9.05769E-05	287.115409
9.29999	5.98E-11	287.139923	0.0999999	9.14646E-05	287.139923
9.39999	6.01E-11	287.164428	0.1000001	9.236E-05	287.164428
9.49999	5.28E-11	287.224215	0.1	9.32482E-05	287.224215
9.59999	5.8E-11	287.248823	0.1000002	9.41463E-05	287.248823
9.69999	5.84E-11	287.273354	0.1	9.50428E-05	287.273354
9.79999	5.92E-11	287.297972	0.1000002	9.59413E-05	287.297972
9.89999	5.94E-11	287.322538	0.1	9.68393E-05	287.322538
9.99999	6E-11	287.347058	0.0999998	9.77382E-05	287.347058
9.9	4.66E-11	287.371579	0.0999999	9.68252E-05	287.371579
9.8	4.34E-11	287.396288	0.0999998	9.59181E-05	287.396288
9.7	4.05E-11	287.420793	0.1	9.50132E-05	287.420793
9.6	3.91E-11	287.445311	0.0999997	9.41104E-05	287.445311
9.5	3.8E-11	287.469845	0.1000002	9.32079E-05	287.469845
9.4	3.71E-11	287.494372	0.0999999	9.23097E-05	287.494372
9.3	3.55E-11	287.518887	0.1000001	9.14111E-05	287.518887
9.2	3.48E-11	287.543402	0.0999998	9.05134E-05	287.543402
9.1	3.34E-11	287.567908	0.1000001	8.9617E-05	287.567908
9	3.3E-11	287.592534	0.1000001	8.87225E-05	287.592534
8.9	3.28E-11	287.617098	0.1000001	8.78318E-05	287.617098
8.8	3.18E-11	287.64163	0.1	8.69364E-05	287.64163
8.7	3.14E-11	287.666156	0.1	8.60414E-05	287.666156
8.6	3.66E-11	287.725856	0.1	8.51511E-05	287.725856
8.5	3.12E-11	287.750386	0.0999997	8.42578E-05	287.750386
8.4	3.01E-11	287.774955	0.1000001	8.33671E-05	287.774955
8.3	2.98E-11	287.799569	0.1	8.24765E-05	287.799569
8.2	2.9E-11	287.824144	0.0999999	8.1588E-05	287.824144
8.1	2.83E-11	287.848657	0.0999999	8.07012E-05	287.848657
8	2.76E-11	287.87318	0.1000001	7.98148E-05	287.87318
7.9	2.77E-11	287.897785	0.0999999	7.8929E-05	287.897785
7.8	2.71E-11	287.922398	0.0999999	7.80439E-05	287.922398
7.7	2.62E-11	287.94691	0.1	7.71616E-05	287.94691
7.6	2.59E-11	287.971437	0.0999999	7.62795E-05	287.971437
7.5	2.56E-11	287.995949	0.1	7.53979E-05	287.995949
7.4	2.55E-11	288.020482	0.0999997	7.45178E-05	288.020482
7.3	2.44E-11	288.044995	0.0999999	7.36386E-05	288.044995
7.2	2.45E-11	288.069553	0.1	7.27593E-05	288.069553
7.1	2.37E-11	288.094093	0.0999999	7.1882E-05	288.094093
7	2.34E-11	288.118659	0.0999999	7.10048E-05	288.118659
6.9	2.31E-11	288.143212	0.1000001	7.01296E-05	288.143212
6.8	2.24E-11	288.167753	0.0999999	6.92546E-05	288.167753
6.7	2.84E-11	288.227652	0.0999999	6.8387E-05	288.227652
6.6	2.36E-11	288.25225	0.0999998	6.75116E-05	288.25225
6.5	2.26E-11	288.276802	0.0999999	6.66393E-05	288.276802
6.4	2.24E-11	288.301338	0.1000001	6.57672E-05	288.301338
6.3	2.16E-11	288.325925	0.1000002	6.48955E-05	288.325925
6.2	2.07E-11	288.350446	0.1	6.40257E-05	288.350446
6.1	2.11E-11	288.374974	0.0999998	6.31565E-05	288.374974
6	2.04E-11	288.399665	0.1	6.22887E-05	288.399665
5.9	2.1E-11	288.4243	0.1000001	6.14206E-05	288.4243
5.8	1.96E-11	288.448807	0.1	6.05533E-05	288.448807
5.7	1.93E-11	288.473341	0.0999998	5.9688E-05	288.473341
5.6	1.86E-11	288.49787	0.1000001	5.88239E-05	288.49787
5.5	1.84E-11	288.522392	0.1000002	5.79598E-05	288.522392
5.4	1.81E-11	288.546943	0.0999999	5.70963E-05	288.546943
5.3	1.73E-11	288.571461	0.0999999	5.62342E-05	288.571461
5.2	1.69E-11	288.596016	0.1000001	5.53735E-05	288.596016
5.1	1.66E-11	288.620526	0.1	5.45127E-05	288.620526
5	1.59E-11	288.645051	0.1	5.36523E-05	288.645051
4.9	1.52E-11	288.669589	0.1	5.27936E-05	288.669589
4.8	2.18E-11	288.728903	0.0999999	5.19411E-05	288.728903
4.7	1.63E-11	288.753458	0.0999999	5.10828E-05	288.753458
4.6	1.5E-11	288.777993	0.1000001	5.02258E-05	288.777993
4.5	1.46E-11	288.802522	0.0999999	4.93704E-05	288.802522
4.4	1.44E-11	288.827122	0.1	4.8515E-05	288.827122
4.3	1.36E-11	288.851627	0.1	4.76617E-05	288.851627
4.2	1.25E-11	288.876137	0.1000002	4.68083E-05	288.876137
4.1	1.26E-11	288.900853	0.1000002	4.59559E-05	288.900853
4	1.16E-11	288.925472	0.0999999	4.51047E-05	288.925472
3.9	1.11E-11	288.950029	0.1000001	4.42545E-05	288.950029
3.8	1.14E-11	288.974564	0.0999999	4.34047E-05	288.974564
3.7	1.04E-11	288.999072	0.1	4.25556E-05	288.999072
3.6	9.7E-12	289.023612	0.1000002	4.17081E-05	289.023612
3.5	8.7E-12	289.04811	0.0999998	4.08605E-05	289.04811
3.4	8.5E-12	289.072644	0.1	4.00146E-05	289.072644
3.3	7.7E-12	289.097145	0.1000001	3.91684E-05	289.097145
3.2	6.7E-12	289.121698	0.0999999	3.83231E-05	289.121698
3.1	6.3E-12	289.146202	0.0999998	3.74794E-05	289.146202
3	5.6E-12	289.170717	0.0999998	3.66357E-05	289.170717
2.9	1.2E-11	289.230436	0.1	3.57987E-05	289.230436
2.8	6.2E-12	289.255036	0.0999999	3.49568E-05	289.255036
2.7	5E-12	289.279575	0.1	3.41161E-05	289.279575
2.6	3.3E-12	289.304089	0.1000003	3.32767E-05	289.304089
2.5	2.7E-12	289.328659	0.1	3.24377E-05	289.328659
2.4	1.9E-12	289.353174	0.1	3.15996E-05	289.353174
2.3	1.2E-12	289.377692	0.0999998	3.0763E-05	289.377692
2.2	1E-13	289.402345	0.1000003	2.99275E-05	289.402345
2.099999	2.4E-12	289.428847	0.0999997	2.90977E-05	289.428847
2	-1.5E-12	289.453348	0.1000001	2.82645E-05	289.453348
1.9	-3E-12	289.477862	0.1000001	2.7433E-05	289.477862
1.8	-4.6E-12	289.502365	0.1	2.66022E-05	289.502365
1.7	-5.7E-12	289.526919	0.1	2.57726E-05	289.526919
1.6	-6.7E-12	289.551425	0.0999999	2.49456E-05	289.551425
1.5	-8.2E-12	289.575979	0.0999999	2.41195E-05	289.575979
1.4	-9.6E-12	289.600582	0.0999998	2.32954E-05	289.600582
1.3	-1.1E-11	289.625096	0.0999999	2.24737E-05	289.625096
1.2	-1.22E-11	289.649592	0.0999999	2.16538E-05	289.649592
1.1	-1.4E-11	289.674141	0.0999998	2.08378E-05	289.674141
1	-9.4E-12	289.727726	0.1000001	2.00277E-05	289.727726
0.9	-1.52E-11	289.752301	0.1000002	1.92166E-05	289.752301
0.8	-1.79E-11	289.776834	0.0999999	1.84096E-05	289.776834
0.7	-1.99E-11	289.801348	0.0999998	1.76074E-05	289.801348
0.6	-2.19E-11	289.82591	0.0999998	1.68104E-05	289.82591
0.5	-2.43E-11	289.850418	0.1	1.60191E-05	289.850418
0.4	-2.64E-11	289.87492	0.0999999	1.52343E-05	289.87492
0.3	-2.84E-11	289.899527	0.1	1.44547E-05	289.899527
0.2	-2.71E-11	289.926035	0.1000001	1.36824E-05	289.926035
0.0999997	-3.28E-11	289.950568	0.0999999	1.29154E-05	289.950568
-2E-07	-3.51E-11	289.975048	0.1000001	1.21548E-05	289.975048
#scan	iMeasureCycle=3	iMux=0	time=319.651	N=401	LocalTime=19/04/2023 23:55:00
#VGate(V)	IGate(A)	time(s)	VDrain(V)	IDrain(A)	time(s)
-1E-07	-1.37E-11	319.658613	0.1000001	1.23417E-05	319.658613
-0.1000004	-2.15E-11	319.683489	0.1000001	1.15743E-05	319.683489
-0.2000001	-2.24E-11	319.709522	0.1000001	1.0815E-05	319.709522
-0.3	-2.89E-11	319.734236	0.1000001	1.00613E-05	319.734236
-0.4	-3.18E-11	319.758797	0.1	9.3178E-06	319.758797
-0.5	-3.06E-11	319.785919	0.1	8.58968E-06	319.785919
-0.6	-3.6E-11	319.810711	0.1	7.8673E-06	319.810711
-0.7	-3.83E-11	319.835212	0.1	7.15856E-06	319.835212
-0.8	-3.99E-11	319.859723	0.0999999	6.46596E-06	319.859723
-0.9	-4.11E-11	319.884272	0.1	5.78995E-06	319.884272
-1	-4.32E-11	319.908798	0.1	5.13544E-06	319.908798
-1.1	-4.38E-11	319.933348	0.1	4.50538E-06	319.933348
-1.2	-4.45E-11	319.957974	0.0999999	3.90302E-06	319.957974
-1.3	-4.59E-11	319.982494	0.0999999	3.3327E-06	319.982494
-1.4	-4.68E-11	320.00709	0.0999998	2.79836E-06	320.00709
-1.5	-4.76E-11	320.031616	0.0999999	2.30484E-06	320.031616
-1.6	-4.83E-11	320.056117	0.0999998	1.85629E-06	320.056117
-1.7	-4.92E-11	320.08066	0.0999999	1.45628E-06	320.08066
-1.8	-5.01E-11	320.105204	0.1	1.10718E-06	320.105204
-1.9	-4.66E-11	320.132529	0.0999994	8.12592E-07	320.132529
-2	-5.1E-11	320.157023	0.0999995	5.68729E-07	320.157023
-2.1	-5.16E-11	320.181556	0.0999996	3.76872E-07	320.181556
-2.2	-4.56E-11	320.225688	0.0999999	2.35203E-07	320.225688
-2.3	-5.08E-11	320.250196	0.0999997	1.33816E-07	320.250196
-2.4	-4.6E-11	320.287886	0.0999957	7.02969E-08	320.287886
-2.5	-6.68E-11	320.311271	0.100007	3.23656E-08	320.311271
-2.6	-6.77E-11	320.334567	0.1000035	1.3045E-08	320.334567
-2.7	-6.64E-11	320.357859	0.1000011	4.5018E-09	320.357859
-2.8	-6.94E-11	320.381063	0.1000006	1.3085E-09	320.381063
-2.9	-6.98E-11	320.404281	0.1000002	3.099E-10	320.404281
-3	-6.84E-11	320.427571	0.1000002	5.56E-11	320.427571
-3.1	-7.04E-11	320.450875	0.1000001	3.4E-12	320.450875
-3.2	-7.08E-11	320.474104	0.1000001	-5E-12	320.474104
-3.3	-6.9E-11	320.497387	0.1	-6.6E-12	320.497387
-3.4	-6.97E-11	320.520678	0.1	-6.7E-12	320.520678
-3.5	-7.18E-11	320.543885	0.1	-6.3E-12	320.543885
-3.6	-7.18E-11	320.567095	0.1000002	-6.3E-12	320.567095
-3.7	-7.27E-11	320.590293	0.1000001	-6.2E-12	320.590293
-3.8	-7.1E-11	320.613661	0.1000003	-6.7E-12	320.613661
-3.9	-7.31E-11	320.636865	0.1	-6.7E-12	320.636865
-4	-7.31E-11	320.660173	0.1000001	-6.5E-12	320.660173
-4.1	-7.4E-11	320.683387	0.1000002	-5.7E-12	320.683387
-4.2	-5.24E-11	320.743556	0.1	-7.9E-12	320.743556
-4.3	-7.03E-11	320.766863	0.1000001	-6.1E-12	320.766863
-4.4	-7.08E-11	320.790167	0.1000002	-6.2E-12	320.790167
-4.5	-7.26E-11	320.813437	0.1000002	-6.1E-12	320.813437
-4.6	-7.45E-11	320.836705	0.1000001	-6.2E-12	320.836705
-4.7	-7.32E-11	320.860002	0.1	-6.4E-12	320.860002
-4.8	-7.21E-11	320.883335	0.1000003	-6.6E-12	320.883335
-4.9	-7.56E-11	320.906554	0.1000002	-6.3E-12	320.906554
-5	-7.36E-11	320.929844	0.1000001	-6.3E-12	320.929844
-5.1	-7.34E-11	320.95323	0.1000001	-6.3E-12	320.95323
-5.2	-7.6E-11	320.976439	0.1000001	-6.4E-12	320.976439
-5.3	-7.63E-11	320.999738	0.1	-5.7E-12	320.999738
-5.4	-7.5E-11	321.023035	0.1000002	-6.7E-12	321.023035
-5.5	-7.51E-11	321.04633	0.1000002	-5.9E-12	321.04633
-5.6	-7.75E-11	321.069533	0.1000002	-6E-12	321.069533
-5.7	-7.75E-11	321.09274	0.1	-6.3E-12	321.09274
-5.8	-7.62E-11	321.116022	0.1	-6.1E-12	321.116022
-5.9	-7.56E-11	321.139325	0.1000001	-6.3E-12	321.139325
-6	-7.85E-11	321.162531	0.1000002	-6E-12	321.162531
-6.1	-5.72E-11	321.209955	0.1	-8.1E-12	321.209955
-6.2	-7.53E-11	321.233309	0.1	-6.6E-12	321.233309
-6.3	-7.74E-11	321.256512	0.1000001	-6.1E-12	321.256512
-6.4	-7.72E-11	321.279733	0.1000001	-6.2E-12	321.279733
-6.5	-7.6E-11	321.303024	0.1000001	-6.4E-12	321.303024
-6.6	-7.68E-11	321.326406	0.1	-6.5E-12	321.326406
-6.7	-7.9E-11	321.349612	0.1000001	-6.1E-12	321.349612
-6.8	-7.88E-11	321.372849	0.1000002	-6E-12	321.372849
-6.9	-7.81E-11	321.396134	0.1000002	-5.9E-12	321.396134
-7	-7.73E-11	321.419471	0.1000002	-6.2E-12	321.419471
-7.1	-8.02E-11	321.442787	0.1000001	-6.2E-12	321.442787
-7.2	-8E-11	321.466007	0.1000003	-5.7E-12	321.466007
-7.3	-7.86E-11	321.489295	0.1000001	-5.6E-12	321.489295
-7.4	-7.88E-11	321.512602	0.1000001	-6.1E-12	321.512602
-7.5	-8.13E-11	321.535819	0.1000003	-6.1E-12	321.535819
-7.6	-8.13E-11	321.559034	0.1000001	-6.2E-12	321.559034
-7.7	-7.94E-11	321.582328	0.1000001	-6.4E-12	321.582328
-7.8	-7.94E-11	321.605625	0.1000001	-6.1E-12	321.605625
-7.9	-8.15E-11	321.628843	0.1000001	-6.1E-12	321.628843
-8	-8.19E-11	321.652054	0.1000002	-5.4E-12	321.652054
-8.1	-8.02E-11	321.675435	0.1000001	-5.9E-12	321.675435
-8.2	-6.12E-11	321.725919	0.0999998	-7.5E-12	321.725919
-8.3	-8.07E-11	321.749163	0.0999999	-5.6E-12	321.749163
-8.4	-8.1E-11	321.772376	0.1000002	-5.7E-12	321.772376
-8.5	-8.16E-11	321.795584	0.1000001	-5.8E-12	321.795584
-8.6	-7.93E-11	321.818971	0.1	-6E-12	321.818971
-8.7	-8.22E-11	321.842189	0.1000002	-5.7E-12	321.842189
-8.8	-8.26E-11	321.865401	0.1000003	-5.4E-12	321.865401
-8.9	-7.96E-11	321.888803	0.1000002	-5.8E-12	321.888803
-9	-8.22E-11	321.912029	0.1	-5.3E-12	321.912029
-9.1	-8.26E-11	321.935251	0.1	-5.9E-12	321.935251
-9.2	-8.16E-11	321.95863	0.1000001	-5.5E-12	321.95863
-9.3	-8.31E-11	321.981848	0.1000001	-6.1E-12	321.981848
-9.4	-8.34E-11	322.005164	0.1000001	-5.7E-12	322.005164
-9.5	-8.18E-11	322.028556	0.1000001	-5.9E-12	322.028556
-9.6	-8.19E-11	322.051838	0.1	-5.7E-12	322.051838
-9.7	-8.35E-11	322.075054	0.1000001	-5.5E-12	322.075054
-9.8	-8.41E-11	322.098351	0.1000001	-5.5E-12	322.098351
-9.9	-8.2E-11	322.121641	0.1000002	-6E-12	322.121641
-10	-8.18E-11	322.144935	0.1	-5.8E-12	322.144935
-9.90001	-4.09E-11	322.168141	0.0999997	-9.7E-12	322.168141
-9.80001	-5.63E-11	322.227167	0.0999998	-7.4E-12	322.227167
-9.70001	-3.5E-11	322.250407	0.0999998	-9.3E-12	322.250407
-9.60001	-3.35E-11	322.273621	0.0999997	-9.3E-12	322.273621
-9.50001	-3.34E-11	322.296913	0.0999997	-9.3E-12	322.296913
-9.40001	-3.28E-11	322.320265	0.0999997	-9.1E-12	322.320265
-9.30001	-2.93E-11	322.343539	0.0999996	-9.5E-12	322.343539
-9.20001	-2.89E-11	322.366754	0.0999998	-9.4E-12	322.366754
-9.10001	-2.94E-11	322.390029	0.0999998	-9.1E-12	322.390029
-9.00001	-2.9E-11	322.413329	0.0999997	-9.2E-12	322.413329
-8.90001	-2.63E-11	322.436544	0.0999997	-9.3E-12	322.436544
-8.80001	-2.62E-11	322.459845	0.0999997	-9.9E-12	322.459845
-8.70001	-2.67E-11	322.483147	0.0999997	-9.6E-12	322.483147
-8.60001	-2.42E-11	322.506351	0.0999997	-9.8E-12	322.506351
-8.50001	-2.36E-11	322.529566	0.1	-9.7E-12	322.529566
-8.40001	-2.46E-11	322.552873	0.0999996	-9.7E-12	322.552873
-8.30001	-2.42E-11	322.576156	0.0999998	-9.2E-12	322.576156
-8.20001	-2.2E-11	322.599358	0.0999997	-9.7E-12	322.599358
-8.10001	-2.17E-11	322.622579	0.0999996	-9.9E-12	322.622579
-8	-2.29E-11	322.645871	0.0999997	-9.5E-12	322.645871
-7.90001	-2.17E-11	322.669205	0.0999998	-9.9E-12	322.669205
-7.80001	-4.16E-11	322.729248	0.0999999	-8.4E-12	322.729248
-7.70001	-2.38E-11	322.752577	0.0999998	-9.4E-12	322.752577
-7.60001	-2.08E-11	322.775792	0.0999998	-9.7E-12	322.775792
-7.50001	-2.05E-11	322.799025	0.0999997	-9.8E-12	322.799025
-7.40001	-2.08E-11	322.822366	0.0999998	-9.6E-12	322.822366
-7.30001	-1.9E-11	322.845596	0.0999995	-9.6E-12	322.845596
-7.2	-1.91E-11	322.868806	0.0999997	-1.01E-11	322.868806
-7.10001	-1.86E-11	322.892026	0.0999998	-9.9E-12	322.892026
-7.00001	-1.97E-11	322.91539	0.0999999	-9.6E-12	322.91539
-6.90001	-1.8E-11	322.938712	0.0999997	-1.01E-11	322.938712
-6.80001	-1.66E-11	322.962011	0.0999997	-9.9E-12	322.962011
-6.70001	-1.8E-11	322.985303	0.0999995	-1.01E-11	322.985303
-6.60001	-1.83E-11	323.008692	0.0999996	-1.02E-11	323.008692
-6.50001	-1.65E-11	323.031905	0.0999996	-1.01E-11	323.031905
-6.40001	-1.71E-11	323.0552	0.0999996	-9.6E-12	323.0552
-6.30001	-1.64E-11	323.078474	0.0999996	-9.8E-12	323.078474
-6.20001	-1.42E-11	323.101683	0.0999997	-1.04E-11	323.101683
-6.10001	-1.44E-11	323.124907	0.0999998	-1E-11	323.124907
-6.00001	-1.37E-11	323.148127	0.0999995	-1.01E-11	323.148127
-5.90001	-1.53E-11	323.17141	0.0999998	-9.9E-12	323.17141
-5.80001	-3.36E-11	323.226057	0.0999999	-8.5E-12	323.226057
-5.70001	-1.45E-11	323.249302	0.0999997	-1.05E-11	323.249302
-5.60001	-1.5E-11	323.2726	0.0999997	-1.02E-11	323.2726
-5.50001	-1.42E-11	323.295889	0.0999996	-1.03E-11	323.295889
-5.40001	-1.26E-11	323.319346	0.0999997	-1.01E-11	323.319346
-5.30001	-1.34E-11	323.342809	0.0999997	-1.01E-11	323.342809
-5.20001	-1.14E-11	323.366024	0.0999997	-1.05E-11	323.366024
-5.1	-1.09E-11	323.389233	0.1	-1.07E-11	323.389233
-5.00001	-1.02E-11	323.412453	0.0999996	-1.04E-11	323.412453
-4.90001	-1.19E-11	323.435745	0.0999996	-1.01E-11	323.435745
-4.80001	-9.7E-12	323.459055	0.0999998	-1.08E-11	323.459055
-4.7	-8.6E-12	323.482268	0.0999996	-1.07E-11	323.482268
-4.60001	-8E-12	323.505495	0.0999997	-1.04E-11	323.505495
-4.50001	-7.8E-12	323.528711	0.0999998	-1.07E-11	323.528711
-4.40001	-9.3E-12	323.552026	0.0999996	-1.03E-11	323.552026
-4.3	-7.1E-12	323.575247	0.0999997	-1.07E-11	323.575247
-4.20001	-6.4E-12	323.59846	0.0999998	-1.1E-11	323.59846
-4.10001	-9.1E-12	323.621782	0.0999998	-1.05E-11	323.621782
-4.00001	-5.6E-12	323.64499	0.0999999	-1.09E-11	323.64499
-3.90001	-5.5E-12	323.668292	0.0999998	-1.09E-11	323.668292
-3.80001	-4.9E-12	323.691502	0.0999998	-1.13E-11	323.691502
-3.70001	-2.42E-11	323.72796	0.0999999	-9.4E-12	323.72796
-3.60001	-4.6E-12	323.751207	0.0999997	-1.11E-11	323.751207
-3.50001	-4E-12	323.774419	0.0999999	-1.16E-11	323.774419
-3.40001	-3E-12	323.797628	0.0999997	-1.11E-11	323.797628
-3.30001	-3.9E-12	323.820959	0.0999998	-1.07E-11	323.820959
-3.20001	-3.7E-12	323.844265	0.0999997	-7.4E-12	323.844265
-3.10001	-9E-13	323.867482	0.0999995	1.57E-11	323.867482
-3.00001	-5E-13	323.890697	0.0999998	1.364E-10	323.890697
-2.90001	-1.8E-12	323.913986	0.0999999	6.406E-10	323.913986
-2.80001	-1.1E-12	323.93728	0.1000004	2.3861E-09	323.93728
-2.70001	1.5E-12	323.960543	0.1000011	7.3791E-09	323.960543
-2.60001	3E-13	323.983843	0.1000029	1.93629E-08	323.983843
-2.50001	-1E-13	324.007258	0.1000031	4.4257E-08	324.007258
-2.40001	1.4E-12	324.030552	0.1000012	8.98081E-08	324.030552
-2.30001	-1.67E-11	324.070025	0.1	1.61779E-07	324.070025
-2.20001	-1.13E-11	324.094641	0.1000003	2.75098E-07	324.094641
-2.1	-1.38E-11	324.12104	0.1000005	4.32016E-07	324.12104
-2	-9.4E-12	324.145561	0.1000007	6.37257E-07	324.145561
-1.9	-8.8E-12	324.170084	0.1000008	8.93585E-07	324.170084
-1.800001	-1.64E-11	324.244974	0.1	1.18787E-06	324.244974
-1.7	-9.7E-12	324.269506	0.1	1.55254E-06	324.269506
-1.6	-8.3E-12	324.29403	0.0999998	1.96471E-06	324.29403
-1.5	-6.9E-12	324.320781	0.1000001	2.4222E-06	324.320781
-1.4	-5E-12	324.345377	0.1000001	2.92321E-06	324.345377
-1.3	-4.1E-12	324.369913	0.0999999	3.46251E-06	324.369913
-1.2	-2.8E-12	324.39442	0.1000002	4.03685E-06	324.39442
-1.100001	-1.7E-12	324.418973	0.1	4.64186E-06	324.418973
-1	-2E-13	324.443476	0.1000002	5.27336E-06	324.443476
-0.9	9E-13	324.468107	0.1000002	5.92847E-06	324.468107
-0.8	2.3E-12	324.492623	0.1000001	6.60356E-06	324.492623
-0.700001	3.6E-12	324.517153	0.1	7.29595E-06	324.517153
-0.600001	5E-12	324.541688	0.1000001	8.0028E-06	324.541688
-0.500001	6.7E-12	324.566211	0.1	8.72181E-06	324.566211
-0.4	7.7E-12	324.590735	0.1	9.4525E-06	324.590735
-0.3	9.3E-12	324.615262	0.1000002	1.019273E-05	324.615262
-0.1999999	5.7E-12	324.651645	0.0999999	1.09322E-05	324.651645
-0.0999997	1.19E-11	324.676268	0.1	1.16901E-05	324.676268
-1E-07	7.2E-12	324.738675	0.1	1.24441E-05	324.738675
0.1000003	1.42E-11	324.763212	0.1	1.32153E-05	324.763212
0.2000002	1.65E-11	324.787738	0.1000002	1.39915E-05	324.787738
0.3	1.87E-11	324.812542	0.1000001	1.47721E-05	324.812542
0.4	2.08E-11	324.837104	0.1000002	1.55592E-05	324.837104
0.5	2.29E-11	324.861618	0.1	1.63523E-05	324.861618
0.599999	2.53E-11	324.88611	0.1000002	1.71504E-05	324.88611
0.7	2.69E-11	324.910613	0.1000002	1.79543E-05	324.910613
0.799999	2.9E-11	324.935119	0.0999999	1.87624E-05	324.935119
0.9	3.1E-11	324.959676	0.1	1.9574E-05	324.959676
0.999999	3.29E-11	324.98419	0.1	2.03903E-05	324.98419
1.1	3.45E-11	325.008822	0.1	2.12083E-05	325.008822
1.2	3.61E-11	325.033321	0.1	2.20303E-05	325.033321
1.3	3.75E-11	325.057838	0.1	2.28549E-05	325.057838
1.399999	3.9E-11	325.082387	0.1000001	2.36801E-05	325.082387
1.5	4E-11	325.10689	0.1000002	2.45072E-05	325.10689
1.599999	4.1E-11	325.131409	0.1000001	2.53369E-05	325.131409
1.699999	4.22E-11	325.155969	0.1000001	2.61674E-05	325.155969
1.8	4.25E-11	325.180504	0.1	2.69996E-05	325.180504
1.899999	3.64E-11	325.235891	0.0999997	2.78267E-05	325.235891
2	4.22E-11	325.260405	0.0999998	2.86622E-05	325.260405
2.099999	4.32E-11	325.284967	0.0999999	2.94982E-05	325.284967
2.19999	4.44E-11	325.30967	0.1	3.03303E-05	325.30967
2.29999	4.51E-11	325.334322	0.1000001	3.11677E-05	325.334322
2.39999	4.62E-11	325.358867	0.0999998	3.2006E-05	325.358867
2.49999	4.64E-11	325.383384	0.0999998	3.28442E-05	325.383384
2.59999	4.72E-11	325.407906	0.1000001	3.36831E-05	325.407906
2.69999	4.77E-11	325.432412	0.1	3.45227E-05	325.432412
2.79999	4.82E-11	325.45704	0.1	3.5363E-05	325.45704
2.89999	4.89E-11	325.481564	0.1	3.62029E-05	325.481564
2.99999	4.89E-11	325.506099	0.1000001	3.70442E-05	325.506099
3.09999	4.97E-11	325.530597	0.1000001	3.78848E-05	325.530597
3.19999	4.98E-11	325.555125	0.0999999	3.87281E-05	325.555125
3.29999	4.99E-11	325.579638	0.0999998	3.95701E-05	325.579638
3.39999	5E-11	325.604187	0.1	4.04124E-05	325.604187
3.49999	5.02E-11	325.628722	0.0999999	4.12564E-05	325.628722
3.59999	5.03E-11	325.653267	0.1000001	4.20998E-05	325.653267
3.69999	5.06E-11	325.677883	0.1000001	4.2943E-05	325.677883
3.79999	4.42E-11	325.739481	0.0999999	4.3777E-05	325.739481
3.89999	4.93E-11	325.764	0.0999999	4.46248E-05	325.764
3.99999	4.98E-11	325.788651	0.1000002	4.5472E-05	325.788651
4.09999	5.07E-11	325.813182	0.0999999	4.63184E-05	325.813182
4.19999	5.09E-11	325.837771	0.0999998	4.71648E-05	325.837771
4.29999	5.15E-11	325.862335	0.1	4.80123E-05	325.862335
4.39999	5.18E-11	325.886847	0.0999999	4.88601E-05	325.886847
4.49999	5.23E-11	325.911364	0.0999999	4.97073E-05	325.911364
4.59999	5.25E-11	325.935863	0.1	5.05556E-05	325.935863
4.69999	5.25E-11	325.960481	0.1000001	5.14061E-05	325.960481
4.79999	5.31E-11	325.98501	0.1000001	5.22563E-05	325.98501
4.89999	5.28E-11	326.009622	0.0999999	5.31069E-05	326.009622
4.99999	5.36E-11	326.03414	0.1000002	5.39581E-05	326.03414
5.09999	5.37E-11	326.058642	0.0999999	5.48101E-05	326.058642
5.19999	5.41E-11	326.083149	0.1000001	5.56635E-05	326.083149
5.29999	5.41E-11	326.107742	0.0999999	5.65168E-05	326.107742
5.39999	5.41E-11	326.132293	0.0999999	5.73714E-05	326.132293
5.49999	5.47E-11	326.156851	0.1000001	5.82275E-05	326.156851
5.59999	5.49E-11	326.181385	0.1000002	5.90831E-05	326.181385
5.69999	4.83E-11	326.241002	0.1000002	5.99315E-05	326.241002
5.79999	5.32E-11	326.265538	0.0999999	6.07913E-05	326.265538
5.89999	5.37E-11	326.290061	0.1000001	6.16523E-05	326.290061
5.99999	5.46E-11	326.314582	0.1000002	6.25137E-05	326.314582
6.09999	5.5E-11	326.339111	0.1	6.33745E-05	326.339111
6.19999	5.48E-11	326.363683	0.1000002	6.42358E-05	326.363683
6.29999	5.54E-11	326.388195	0.1000002	6.50985E-05	326.388195
6.39999	5.55E-11	326.412711	0.1000001	6.59625E-05	326.412711
6.49999	5.6E-11	326.437216	0.0999999	6.6826E-05	326.437216
6.59999	5.58E-11	326.461823	0.1000002	6.76917E-05	326.461823
6.69999	5.61E-11	326.486331	0.1	6.85572E-05	326.486331
6.79999	5.63E-11	326.51097	0.1000001	6.94248E-05	326.51097
6.89999	5.62E-11	326.535503	0.1	7.02923E-05	326.535503
6.99999	5.65E-11	326.560014	0.0999999	7.11613E-05	326.560014
7.09999	5.7E-11	326.584563	0.0999997	7.20309E-05	326.584563
7.19999	5.77E-11	326.609078	0.1	7.29017E-05	326.609078
7.29999	5.73E-11	326.633603	0.1	7.3773E-05	326.633603
7.39999	5.71E-11	326.658124	0.1000002	7.46452E-05	326.658124
7.49999	5.73E-11	326.682709	0.0999999	7.55179E-05	326.682709
7.59999	5.04E-11	326.742393	0.1	7.63835E-05	326.742393
7.69999	5.59E-11	326.767029	0.0999999	7.72622E-05	326.767029
7.79999	5.64E-11	326.791546	0.1	7.81386E-05	326.791546
7.89999	5.67E-11	326.816111	0.1000002	7.90167E-05	326.816111
7.99999	5.72E-11	326.840669	0.1000001	7.98964E-05	326.840669
8.09999	5.73E-11	326.865203	0.1000001	8.07768E-05	326.865203
8.19999	5.72E-11	326.889742	0.1000003	8.16558E-05	326.889742
8.29999	5.74E-11	326.914264	0.1000002	8.25372E-05	326.914264
8.39999	5.8E-11	326.938783	0.0999999	8.34194E-05	326.938783
8.49999	5.76E-11	326.963417	0.0999999	8.4304E-05	326.963417
8.59999	5.86E-11	326.987943	0.1000001	8.51874E-05	326.987943
8.69999	5.83E-11	327.012585	0.1000003	8.60722E-05	327.012585
8.79999	5.91E-11	327.037088	0.0999999	8.69584E-05	327.037088
8.89999	5.89E-11	327.061588	0.1000001	8.78481E-05	327.061588
8.99999	5.89E-11	327.086102	0.1	8.87353E-05	327.086102
9.09999	5.94E-11	327.110616	0.1	8.96237E-05	327.110616
9.19999	5.92E-11	327.135127	0.1000001	9.05136E-05	327.135127
9.29999	5.93E-11	327.159637	0.1	9.14006E-05	327.159637
9.39999	5.96E-11	327.184171	0.1000001	9.22956E-05	327.184171
9.49999	5.29E-11	327.244064	0.1000002	9.31842E-05	327.244064
9.59999	5.76E-11	327.268711	0.1000002	9.40818E-05	327.268711
9.69999	5.81E-11	327.293242	0.0999998	9.49794E-05	327.293242
9.79999	5.85E-11	327.317758	0.0999999	9.58776E-05	327.317758
9.89999	5.94E-11	327.342273	0.0999999	9.67755E-05	327.342273
9.99999	5.91E-11	327.366875	0.1	9.76746E-05	327.366875
9.9	4.53E-11	327.391393	0.1	9.67624E-05	327.391393
9.8	4.26E-11	327.415904	0.1000001	9.58555E-05	327.415904
9.7	4.06E-11	327.440413	0.0999998	9.49493E-05	327.440413
9.6	3.88E-11	327.465027	0.1	9.4046E-05	327.465027
9.5	3.74E-11	327.489552	0.0999996	9.31448E-05	327.489552
9.4	3.58E-11	327.514058	0.0999999	9.22455E-05	327.514058
9.3	3.57E-11	327.538603	0.1000002	9.13456E-05	327.538603
9.2	3.43E-11	327.563115	0.1000001	9.0449E-05	327.563115
9.1	3.33E-11	327.587639	0.0999997	8.95528E-05	327.587639
9	3.3E-11	327.612178	0.1000002	8.86572E-05	327.612178
8.9	3.24E-11	327.636701	0.1000001	8.77669E-05	327.636701
8.8	3.18E-11	327.661205	0.1000002	8.68711E-05	327.661205
8.7	3.09E-11	327.685833	0.0999999	8.59779E-05	327.685833
8.6	3.64E-11	327.745656	0.1000002	8.5088E-05	327.745656
8.5	3.04E-11	327.77019	0.0999999	8.41951E-05	327.77019
8.4	2.97E-11	327.794735	0.0999999	8.33023E-05	327.794735
8.3	2.88E-11	327.819251	0.0999999	8.24121E-05	327.819251
8.2	2.84E-11	327.843814	0.0999998	8.15236E-05	327.843814
8.1	2.76E-11	327.868326	0.0999997	8.06363E-05	327.868326
8	2.73E-11	327.892997	0.0999998	7.97499E-05	327.892997
7.9	2.65E-11	327.917505	0.1000001	7.88646E-05	327.917505
7.8	2.68E-11	327.942038	0.1	7.79807E-05	327.942038
7.7	2.6E-11	327.966665	0.0999998	7.70964E-05	327.966665
7.6	2.59E-11	327.991271	0.1	7.62139E-05	327.991271
7.5	2.51E-11	328.01587	0.1000001	7.53323E-05	328.01587
7.4	2.5E-11	328.040399	0.0999998	7.44524E-05	328.040399
7.3	2.45E-11	328.0649	0.1000001	7.35718E-05	328.0649
7.2	2.5E-11	328.089603	0.1	7.26936E-05	328.089603
7.1	2.37E-11	328.114174	0.1	7.18165E-05	328.114174
7	2.36E-11	328.138686	0.0999998	7.09396E-05	328.138686
6.9	2.36E-11	328.163217	0.1	7.00632E-05	328.163217
6.8	2.31E-11	328.187766	0.1	6.91875E-05	328.187766
6.7	2.89E-11	328.246753	0.1000002	6.83196E-05	328.246753
6.6	2.38E-11	328.271259	0.0999998	6.74453E-05	328.271259
6.5	2.26E-11	328.295793	0.1	6.65731E-05	328.295793
6.4	2.28E-11	328.320357	0.0999998	6.57003E-05	328.320357
6.3	2.14E-11	328.344905	0.1	6.48294E-05	328.344905
6.2	2.12E-11	328.369424	0.0999997	6.39592E-05	328.369424
6.1	2.03E-11	328.393955	0.1	6.30898E-05	328.393955
6	2.05E-11	328.418502	0.1	6.2221E-05	328.418502
5.9	1.99E-11	328.443013	0.1000001	6.13533E-05	328.443013
5.8	1.97E-11	328.467635	0.0999998	6.04867E-05	328.467635
5.7	1.95E-11	328.492167	0.1	5.96216E-05	328.492167
5.6	1.9E-11	328.516717	0.1	5.87556E-05	328.516717
5.5	1.83E-11	328.541227	0.0999999	5.78922E-05	328.541227
5.4	1.83E-11	328.565755	0.1000001	5.70292E-05	328.565755
5.3	1.72E-11	328.590268	0.1000001	5.61677E-05	328.590268
5.2	1.71E-11	328.61481	0.1000001	5.53052E-05	328.61481
5.1	1.67E-11	328.639309	0.0999998	5.44443E-05	328.639309
5	1.57E-11	328.663867	0.0999998	5.35855E-05	328.663867
4.9	1.55E-11	328.68846	0.0999998	5.27271E-05	328.68846
4.8	2.19E-11	328.748598	0.1	5.18727E-05	328.748598
4.7	1.68E-11	328.77315	0.0999998	5.10154E-05	328.77315
4.6	1.56E-11	328.79768	0.1000002	5.01585E-05	328.79768
4.5	1.53E-11	328.822205	0.0999999	4.93022E-05	328.822205
4.4	1.47E-11	328.846798	0.1000001	4.84478E-05	328.846798
4.3	1.36E-11	328.871308	0.1	4.75938E-05	328.871308
4.2	1.28E-11	328.895818	0.1000001	4.67408E-05	328.895818
4.1	1.2E-11	328.920356	0.0999998	4.58888E-05	328.920356
4	1.2E-11	328.94491	0.0999998	4.50377E-05	328.94491
3.9	1.16E-11	328.969504	0.0999999	4.41864E-05	328.969504
3.8	1.05E-11	328.994042	0.0999998	4.33364E-05	328.994042
3.7	9.6E-12	329.018642	0.0999998	4.24875E-05	329.018642
3.6	9.4E-12	329.043162	0.0999997	4.16393E-05	329.043162
3.5	8.7E-12	329.067664	0.1	4.07922E-05	329.067664
3.4	8E-12	329.092271	0.0999998	3.9946E-05	329.092271
3.3	7.2E-12	329.116782	0.0999998	3.91009E-05	329.116782
3.2	6.7E-12	329.141282	0.0999999	3.82561E-05	329.141282
3.1	6.2E-12	329.165792	0.1	3.74126E-05	329.165792
3	5.4E-12	329.190349	0.0999997	3.65686E-05	329.190349
2.9	1.16E-11	329.249865	0.0999999	3.57318E-05	329.249865
2.8	6.2E-12	329.274394	0.1	3.48895E-05	329.274394
2.7	4.6E-12	329.298911	0.1	3.40489E-05	329.298911
2.6	3.6E-12	329.323456	0.1	3.32093E-05	329.323456
2.5	2.3E-12	329.347957	0.1	3.23705E-05	329.347957
2.4	1.9E-12	329.37249	0.1	3.15332E-05	329.37249
2.3	9E-13	329.397042	0.1	3.06968E-05	329.397042
2.2	-3E-13	329.421582	0.1	2.98609E-05	329.421582
2.099999	2.1E-12	329.447994	0.0999999	2.90311E-05	329.447994
2	-1.9E-12	329.472621	0.1000001	2.81981E-05	329.472621
1.9	-3.3E-12	329.497137	0.1000001	2.73667E-05	329.497137
1.8	-4.1E-12	329.521654	0.0999999	2.65361E-05	329.521654
1.7	-5.5E-12	329.546155	0.1	2.57074E-05	329.546155
1.6	-6.3E-12	329.570707	0.0999999	2.48804E-05	329.570707
1.5	-8.2E-12	329.595219	0.1	2.40546E-05	329.595219
1.4	-9E-12	329.619766	0.0999999	2.3231E-05	329.619766
1.3	-1.09E-11	329.644278	0.0999998	2.24094E-05	329.644278
1.2	-1.2E-11	329.668809	0.1000001	2.159E-05	329.668809
1.1	-1.35E-11	329.693396	0.1000001	2.0773E-05	329.693396
1	-8.6E-12	329.751305	0.1000001	1.9964E-05	329.751305
0.9	-1.5E-11	329.775865	0.0999998	1.91539E-05	329.775865
0.8	-1.78E-11	329.800376	0.0999999	1.8347E-05	329.800376
0.7	-1.95E-11	329.824912	0.1	1.75452E-05	329.824912
0.6	-2.17E-11	329.849456	0.1000001	1.6749E-05	329.849456
0.5	-2.38E-11	329.873998	0.0999998	1.59575E-05	329.873998
0.4	-2.67E-11	329.89846	0.0999999	1.51727E-05	329.89846
0.3	-2.85E-11	329.922994	0.0999999	1.43951E-05	329.922994
0.1999998	-2.71E-11	329.949395	0.0999998	1.36232E-05	329.949395
0.0999995	-3.31E-11	329.973997	0.1000002	1.28567E-05	329.973997
-1E-07	-3.51E-11	329.998578	0.0999998	1.2096E-05	329.998578
