#scan	iMeasureCycle=1	iMux=0	time=0.031	N=401	LocalTime=19/04/2023 11:43:36
#VGate(V)	IGate(A)	time(s)	VDrain(V)	IDrain(A)	time(s)
-1E-07	-1.633E-10	0.033963	0.1000007	2.084E-10	0.033963
-0.1000012	-2.345E-10	0.057598	0.1000002	-2.93E-11	0.057598
-0.2000011	-2.847E-10	0.080782	0.1000002	-4.56E-11	0.080782
-0.300001	-2.48E-10	0.10426	0.0999999	-4.39E-11	0.10426
-0.400001	-1.342E-10	0.127531	0.1	-2.34E-11	0.127531
-0.500001	-1.041E-10	0.150725	0.1000003	-1.34E-11	0.150725
-0.600001	-8.93E-11	0.174031	0.1	-9.3E-12	0.174031
-0.700001	-7.92E-11	0.197321	0.1000002	-6.4E-12	0.197321
-0.800001	-7.35E-11	0.220613	0.1000003	-5E-12	0.220613
-0.900001	-7.21E-11	0.243825	0.1000002	-3.4E-12	0.243825
-1.000001	-7E-11	0.267034	0.1000003	-2.8E-12	0.267034
-1.100001	-6.62E-11	0.290464	0.1000002	-1.9E-12	0.290464
-1.200001	-6.68E-11	0.313694	0.1	-1.1E-12	0.313694
-1.300001	-6.64E-11	0.336903	0.0999999	-1.3E-12	0.336903
-1.400001	-6.61E-11	0.36011	0.1000001	-9E-13	0.36011
-1.500001	-6.41E-11	0.383393	0.1000001	-1E-12	0.383393
-1.600001	-6.5E-11	0.4066	0.1000003	-6E-13	0.4066
-1.700001	-6.54E-11	0.429837	0.1000002	-8E-13	0.429837
-1.800001	-6.36E-11	0.453126	0.1000001	-3E-13	0.453126
-1.900001	-6.41E-11	0.476399	0.1000003	-3E-13	0.476399
-2.000001	-6.54E-11	0.499619	0.1000001	2E-13	0.499619
-2.100001	-6.58E-11	0.522838	0.0999999	5E-13	0.522838
-2.2	-6.38E-11	0.546335	0.0999999	1E-13	0.546335
-2.3	-4.41E-11	0.599073	0.1	-1.4E-12	0.599073
-2.4	-6.37E-11	0.622336	0.1	5E-13	0.622336
-2.5	-6.28E-11	0.645641	0.1000001	5E-13	0.645641
-2.6	-6.49E-11	0.668959	0.1	9E-13	0.668959
-2.7	-6.54E-11	0.692239	0.1000001	5E-13	0.692239
-2.8	-6.45E-11	0.715536	0.1000001	7E-13	0.715536
-2.9	-6.49E-11	0.73882	0.1	2E-13	0.73882
-3	-6.71E-11	0.762032	0.1000003	5E-13	0.762032
-3.1	-6.74E-11	0.785246	0.1000001	6E-13	0.785246
-3.2	-6.74E-11	0.808467	0.1000002	6E-13	0.808467
-3.3	-6.63E-11	0.831756	0.1000002	7E-13	0.831756
-3.4	-6.82E-11	0.855064	0.1000001	7E-13	0.855064
-3.5	-6.85E-11	0.87828	0.1000001	1E-12	0.87828
-3.6	-6.76E-11	0.901657	0.1000001	1E-12	0.901657
-3.7	-6.92E-11	0.924886	0.1000004	9E-13	0.924886
-3.8	-6.96E-11	0.948148	0.1	1E-12	0.948148
-3.9	-6.85E-11	0.971437	0.1000001	9E-13	0.971437
-4	-6.84E-11	0.994715	0.1000003	1.3E-12	0.994715
-4.1	-7.04E-11	1.017944	0.1000002	1.2E-12	1.017944
-4.2	-7.02E-11	1.041175	0.1000001	1.4E-12	1.041175
-4.3	-4.98E-11	1.097574	0.1	-6E-13	1.097574
-4.4	-6.92E-11	1.12083	0.1	1.4E-12	1.12083
-4.5	-7E-11	1.14404	0.1000001	1.2E-12	1.14404
-4.6	-7.01E-11	1.167439	0.1000002	1.1E-12	1.167439
-4.7	-7.14E-11	1.190699	0.1000003	1.2E-12	1.190699
-4.8	-6.97E-11	1.213989	0.1000001	1.2E-12	1.213989
-4.9	-7.2E-11	1.237205	0.1000001	1.4E-12	1.237205
-5	-7.19E-11	1.260425	0.1000001	1E-12	1.260425
-5.1	-7.03E-11	1.283763	0.1000001	1.1E-12	1.283763
-5.2	-7.07E-11	1.307067	0.1	1.2E-12	1.307067
-5.3	-7.28E-11	1.330284	0.1000002	1.6E-12	1.330284
-5.4	-7.32E-11	1.353495	0.1000003	1.3E-12	1.353495
-5.5	-7.2E-11	1.376781	0.1000001	1.2E-12	1.376781
-5.6	-7.16E-11	1.400063	0.1000001	1.4E-12	1.400063
-5.7	-7.33E-11	1.423301	0.1000003	1.2E-12	1.423301
-5.8	-7.14E-11	1.446596	0.1000002	1.1E-12	1.446596
-5.9	-7.25E-11	1.469881	0.1000002	1.5E-12	1.469881
-6	-7.37E-11	1.493098	0.1000001	1.7E-12	1.493098
-6.1	-7.43E-11	1.516305	0.1000002	1.4E-12	1.516305
-6.2	-7.28E-11	1.53961	0.1000001	1.1E-12	1.53961
-6.3	-5.38E-11	1.594632	0.0999998	-2E-13	1.594632
-6.4	-7.13E-11	1.617975	0.1000001	9E-13	1.617975
-6.5	-7.41E-11	1.641189	0.1000001	1.7E-12	1.641189
-6.6	-7.47E-11	1.664405	0.1000002	1.5E-12	1.664405
-6.7	-7.52E-11	1.687678	0.1	1.5E-12	1.687678
-6.8	-7.34E-11	1.710976	0.1000002	1.6E-12	1.710976
-6.9	-7.39E-11	1.734269	0.1000002	1.4E-12	1.734269
-7	-7.64E-11	1.757471	0.1	1.5E-12	1.757471
-7.1	-7.62E-11	1.780677	0.1000001	1.5E-12	1.780677
-7.2	-7.53E-11	1.803971	0.1000001	1.6E-12	1.803971
-7.3	-7.53E-11	1.827263	0.1000001	1.8E-12	1.827263
-7.4	-7.72E-11	1.850478	0.1000002	1.5E-12	1.850478
-7.5	-7.53E-11	1.873769	0.1000001	1.6E-12	1.873769
-7.6	-7.54E-11	1.897053	0.1000002	1.4E-12	1.897053
-7.7	-7.3E-11	1.920437	0.1000002	1.2E-12	1.920437
-7.8	-7.77E-11	1.943668	0.1	1.9E-12	1.943668
-7.9	-7.62E-11	1.967013	0.1000003	1.7E-12	1.967013
-8	-7.79E-11	1.990216	0.1000002	1.5E-12	1.990216
-8.1	-7.85E-11	2.01344	0.1000003	1.6E-12	2.01344
-8.2	-7.88E-11	2.036653	0.1000001	1.6E-12	2.036653
-8.3	-7.67E-11	2.059942	0.1000001	1.3E-12	2.059942
-8.4	-5.9E-11	2.096191	0.0999998	-3E-13	2.096191
-8.5	-7.83E-11	2.119423	0.1000004	1.1E-12	2.119423
-8.6	-7.9E-11	2.14264	0.1000001	1.8E-12	2.14264
-8.7	-7.88E-11	2.165859	0.1000001	1.6E-12	2.165859
-8.8	-7.61E-11	2.189239	0.1	1.8E-12	2.189239
-8.9	-7.67E-11	2.212541	0.1000001	1.6E-12	2.212541
-9	-7.92E-11	2.235762	0.1000002	1.4E-12	2.235762
-9.1	-7.93E-11	2.25898	0.1000001	1.9E-12	2.25898
-9.2	-7.73E-11	2.282331	0.1000001	1.6E-12	2.282331
-9.3	-7.97E-11	2.305545	0.1000001	1.9E-12	2.305545
-9.4	-7.96E-11	2.328767	0.1000001	2E-12	2.328767
-9.5	-7.99E-11	2.351977	0.1000003	2.4E-12	2.351977
-9.6	-7.86E-11	2.375268	0.1	1.7E-12	2.375268
-9.7	-8.04E-11	2.398465	0.1000001	2.2E-12	2.398465
-9.8	-7.61E-11	2.421895	0.1000002	1.6E-12	2.421895
-9.9	-7.74E-11	2.445234	0.1	1.7E-12	2.445234
-10	-8.09E-11	2.468451	0.1	1.7E-12	2.468451
-9.90001	-3.88E-11	2.491662	0.0999998	-1.4E-12	2.491662
-9.80001	-3.51E-11	2.514868	0.0999997	-2.1E-12	2.514868
-9.70001	-3.48E-11	2.538155	0.0999999	-1.5E-12	2.538155
-9.60001	-3.38E-11	2.561458	0.0999996	-1.7E-12	2.561458
-9.50001	-4.96E-11	2.601698	0.0999998	0	2.601698
-9.40001	-2.91E-11	2.624962	0.0999995	-1.8E-12	2.624962
-9.30001	-2.77E-11	2.648199	0.0999996	-1.5E-12	2.648199
-9.20001	-2.86E-11	2.671581	0.0999996	-1.5E-12	2.671581
-9.10001	-2.61E-11	2.694857	0.0999998	-1.2E-12	2.694857
-9.00001	-2.57E-11	2.718104	0.0999997	-1.5E-12	2.718104
-8.90001	-2.53E-11	2.741395	0.0999997	-1.6E-12	2.741395
-8.80001	-2.53E-11	2.764681	0.0999997	-1.5E-12	2.764681
-8.70001	-2.28E-11	2.787888	0.0999997	-2.3E-12	2.787888
-8.60001	-2.38E-11	2.811173	0.0999996	-1.7E-12	2.811173
-8.50001	-2.28E-11	2.834463	0.0999996	-1.9E-12	2.834463
-8.40001	-2.15E-11	2.85774	0.0999995	-1.9E-12	2.85774
-8.30001	-2.02E-11	2.880959	0.0999996	-1.9E-12	2.880959
-8.20001	-2E-11	2.904178	0.0999997	-1.7E-12	2.904178
-8.10001	-2.08E-11	2.927485	0.0999998	-1.9E-12	2.927485
-8.00001	-1.95E-11	2.950769	0.0999997	-2.2E-12	2.950769
-7.90001	-1.89E-11	2.973987	0.0999998	-2.2E-12	2.973987
-7.80001	-2.01E-11	2.997282	0.0999999	-2E-12	2.997282
-7.70001	-1.98E-11	3.020559	0.0999997	-1.9E-12	3.020559
-7.6	-1.93E-11	3.043856	0.0999999	-2.2E-12	3.043856
-7.50001	-3.79E-11	3.103171	0.0999999	-5E-13	3.103171
-7.40001	-2.01E-11	3.126483	0.0999998	-2.1E-12	3.126483
-7.30001	-1.9E-11	3.149778	0.0999997	-2.1E-12	3.149778
-7.2	-1.7E-11	3.173088	0.0999998	-2.3E-12	3.173088
-7.10001	-1.61E-11	3.196354	0.0999996	-2.2E-12	3.196354
-7.00001	-1.74E-11	3.219646	0.0999998	-2.2E-12	3.219646
-6.90001	-1.55E-11	3.242869	0.0999997	-2.3E-12	3.242869
-6.80001	-1.5E-11	3.266102	0.0999996	-2.3E-12	3.266102
-6.70001	-1.42E-11	3.289369	0.0999999	-2E-12	3.289369
-6.60001	-1.53E-11	3.312663	0.0999998	-2.1E-12	3.312663
-6.50001	-1.34E-11	3.335873	0.0999994	-2.3E-12	3.335873
-6.40001	-1.51E-11	3.359179	0.0999999	-1.8E-12	3.359179
-6.30001	-1.52E-11	3.382466	0.0999996	-2.1E-12	3.382466
-6.20001	-1.39E-11	3.40575	0.0999999	-2.1E-12	3.40575
-6.10001	-1.22E-11	3.429	0.0999996	-2.5E-12	3.429
-6.00001	-1.17E-11	3.452234	0.0999994	-2.4E-12	3.452234
-5.90001	-1.28E-11	3.475523	0.0999997	-2.4E-12	3.475523
-5.80001	-1.22E-11	3.498809	0.1	-2.2E-12	3.498809
-5.70001	-1.01E-11	3.522013	0.0999997	-2.7E-12	3.522013
-5.60001	-9.6E-12	3.54524	0.0999996	-2.2E-12	3.54524
-5.50001	-3.06E-11	3.604445	0.0999999	-6E-13	3.604445
-5.40001	-1.28E-11	3.627795	0.1	-2.3E-12	3.627795
-5.30001	-1.16E-11	3.651106	0.0999995	-2E-12	3.651106
-5.20001	-9.8E-12	3.674408	0.0999997	-3E-12	3.674408
-5.1	-1.18E-11	3.697788	0.0999996	-2.7E-12	3.697788
-5.00001	-1.03E-11	3.721078	0.0999997	-2.5E-12	3.721078
-4.90001	-8.1E-12	3.744387	0.0999995	-2.5E-12	3.744387
-4.80001	-9.1E-12	3.76768	0.0999996	-2.3E-12	3.76768
-4.7	-8.9E-12	3.790962	0.0999996	-2.5E-12	3.790962
-4.60001	-7.6E-12	3.814199	0.0999999	-2.7E-12	3.814199
-4.50001	-6E-12	3.837405	0.0999998	-2.7E-12	3.837405
-4.40001	-7.7E-12	3.860703	0.0999997	-2.8E-12	3.860703
-4.3	-7E-12	3.883986	0.0999998	-2.8E-12	3.883986
-4.20001	-4.7E-12	3.907201	0.0999996	-3.3E-12	3.907201
-4.10001	-4.4E-12	3.930459	0.0999999	-3.5E-12	3.930459
-4.00001	-4.9E-12	3.953801	0.0999999	-3.1E-12	3.953801
-3.90001	-5.4E-12	3.977087	0.0999999	-2.8E-12	3.977087
-3.80001	-2.6E-12	4.000292	0.0999998	-3.1E-12	4.000292
-3.70001	-2.6E-12	4.023503	0.0999997	-3.6E-12	4.023503
-3.60001	-3.1E-12	4.046798	0.0999996	-3.2E-12	4.046798
-3.50001	-2.17E-11	4.101398	0.0999997	-1.4E-12	4.101398
-3.40001	-1.9E-12	4.124633	0.0999998	-3.6E-12	4.124633
-3.30001	-2.7E-12	4.147937	0.0999997	-2.9E-12	4.147937
-3.20001	-2.3E-12	4.171242	0.0999999	-3.2E-12	4.171242
-3.10001	4E-13	4.194506	0.0999998	-3.4E-12	4.194506
-3.00001	1.4E-12	4.217721	0.0999997	-3.7E-12	4.217721
-2.90001	3E-13	4.241009	0.0999994	-3.2E-12	4.241009
-2.80001	5E-13	4.264316	0.0999995	-3.5E-12	4.264316
-2.70001	3E-12	4.287667	0.1	-3.7E-12	4.287667
-2.60001	1.3E-12	4.310992	0.0999998	-3.6E-12	4.310992
-2.50001	1.5E-12	4.334332	0.0999995	-3.6E-12	4.334332
-2.40001	5.3E-12	4.357559	0.0999998	-4.2E-12	4.357559
-2.30001	6.1E-12	4.38076	0.0999995	-3.9E-12	4.38076
-2.20001	5E-12	4.404042	0.0999997	-4.1E-12	4.404042
-2.099999	-9.6E-12	4.429151	0.0999998	-2.6E-12	4.429151
-2	8E-12	4.452433	0.0999999	-3.8E-12	4.452433
-1.9	9.1E-12	4.475656	0.0999996	-4.6E-12	4.475656
-1.8	8.1E-12	4.498947	0.0999996	-4.5E-12	4.498947
-1.699999	8.7E-12	4.522238	0.0999997	-4.3E-12	4.522238
-1.6	1.17E-11	4.545458	0.0999996	-4.7E-12	4.545458
-1.500001	-9E-12	4.591901	0.0999998	-3.2E-12	4.591901
-1.4	1.02E-11	4.615259	0.1	-4.9E-12	4.615259
-1.3	1.28E-11	4.638541	0.0999997	-4.9E-12	4.638541
-1.2	1.46E-11	4.66177	0.0999997	-5.1E-12	4.66177
-1.1	1.45E-11	4.685156	0.1	-4.8E-12	4.685156
-1	1.53E-11	4.708508	0.0999996	-5.3E-12	4.708508
-0.9	1.85E-11	4.731718	0.0999997	-5.4E-12	4.731718
-0.8	1.82E-11	4.755082	0.0999998	-5.2E-12	4.755082
-0.7	1.95E-11	4.778363	0.0999997	-5.4E-12	4.778363
-0.599999	2.25E-11	4.80161	0.0999997	-5.5E-12	4.80161
-0.5	2.43E-11	4.824817	0.0999998	-6E-12	4.824817
-0.4	2.51E-11	4.848063	0.0999999	-5.8E-12	4.848063
-0.299999	2.52E-11	4.87136	0.1	-5.9E-12	4.87136
-0.1999998	1.18E-11	4.89646	0.0999998	-7E-13	4.89646
-0.0999992	3.07E-11	4.919667	0.0999999	4.1E-11	4.919667
1E-06	3.07E-11	4.943047	0.1000003	3.946E-10	4.943047
0.1000011	3.29E-11	4.966355	0.100002	2.4493E-09	4.966355
0.2000011	3.67E-11	4.98954	0.100008	1.10157E-08	4.98954
0.3	3.95E-11	5.012934	0.1000178	3.7163E-08	5.012934
0.400001	3.98E-11	5.036204	0.1000276	9.72672E-08	5.036204
0.499999	1.81E-11	5.113742	0.1000002	1.92388E-07	5.113742
0.599999	2.6E-11	5.138264	0.1000009	3.65441E-07	5.138264
0.699999	2.84E-11	5.162774	0.1000012	5.97931E-07	5.162774
0.799999	3.03E-11	5.187405	0.1000017	8.86314E-07	5.187405
0.899999	2.71E-11	5.222005	0.1000001	1.21525E-06	5.222005
1	3.37E-11	5.246502	0.1000001	1.59952E-06	5.246502
1.1	3.54E-11	5.271032	0.1000001	2.01566E-06	5.271032
1.199999	3.76E-11	5.295592	0.1000002	2.4597E-06	5.295592
1.3	3.86E-11	5.320111	0.1000003	2.92647E-06	5.320111
1.399999	4.05E-11	5.34461	0.1000001	3.41216E-06	5.34461
1.5	4.18E-11	5.369157	0.1	3.91385E-06	5.369157
1.6	4.32E-11	5.393687	0.1000003	4.42865E-06	5.393687
1.699999	4.38E-11	5.418208	0.1000001	4.95505E-06	5.418208
1.8	4.49E-11	5.442758	0.1000001	5.49114E-06	5.442758
1.9	4.59E-11	5.467333	0.1000001	6.03671E-06	5.467333
1.999999	4.6E-11	5.491883	0.1	6.59025E-06	5.491883
2.099999	4.75E-11	5.516381	0.1	7.15123E-06	5.516381
2.19999	4.78E-11	5.541105	0.1000001	7.72174E-06	5.541105
2.29999	4.8E-11	5.565627	0.1000001	8.29477E-06	5.565627
2.39999	4.2E-11	5.613831	0.1000002	8.86185E-06	5.613831
2.49999	4.77E-11	5.638405	0.1	9.44989E-06	5.638405
2.59999	4.88E-11	5.662939	0.1000001	1.004052E-05	5.662939
2.69999	4.37E-11	5.699611	0.1000001	1.06283E-05	5.699611
2.79999	4.94E-11	5.724112	0.1000001	1.12292E-05	5.724112
2.89999	5E-11	5.748658	0.1000001	1.18326E-05	5.748658
2.99999	5.06E-11	5.773196	0.1000001	1.2439E-05	5.773196
3.09999	5.09E-11	5.797695	0.1000002	1.30494E-05	5.797695
3.19999	5.15E-11	5.822206	0.1000001	1.36627E-05	5.822206
3.29999	5.19E-11	5.846733	0.1000001	1.42793E-05	5.846733
3.39999	5.26E-11	5.871297	0.1	1.48992E-05	5.871297
3.49999	5.32E-11	5.895821	0.1	1.55224E-05	5.895821
3.59999	5.35E-11	5.920327	0.1	1.61485E-05	5.920327
3.69999	5.36E-11	5.944837	0.1000001	1.67774E-05	5.944837
3.79999	5.36E-11	5.969535	0.1000001	1.74097E-05	5.969535
3.89999	5.39E-11	5.994066	0.1	1.80444E-05	5.994066
3.99999	5.46E-11	6.018572	0.1000001	1.86821E-05	6.018572
4.09999	5.5E-11	6.043074	0.1000002	1.93221E-05	6.043074
4.19999	5.46E-11	6.067601	0.0999999	1.99654E-05	6.067601
4.29999	4.86E-11	6.112858	0.1000002	2.06016E-05	6.112858
4.39999	5.35E-11	6.137364	0.1	2.12522E-05	6.137364
4.49999	5.45E-11	6.161885	0.0999999	2.19047E-05	6.161885
4.59999	5.45E-11	6.186491	0.1000001	2.25589E-05	6.186491
4.69999	5.48E-11	6.21106	0.1000001	2.32149E-05	6.21106
4.79999	5.5E-11	6.235583	0.1000001	2.38739E-05	6.235583
4.89999	5.52E-11	6.260091	0.1000002	2.45352E-05	6.260091
4.99999	5.55E-11	6.284626	0.1000001	2.51991E-05	6.284626
5.09999	5.55E-11	6.309182	0.1000001	2.58646E-05	6.309182
5.19999	5.58E-11	6.333704	0.1000001	2.65323E-05	6.333704
5.29999	5.57E-11	6.358251	0.1	2.72027E-05	6.358251
5.39999	5.63E-11	6.3828	0.1000001	2.78751E-05	6.3828
5.49999	5.69E-11	6.407307	0.1000001	2.85493E-05	6.407307
5.59999	5.59E-11	6.432064	0.1000001	2.92266E-05	6.432064
5.69999	5.66E-11	6.456676	0.1000001	2.99057E-05	6.456676
5.79999	5.71E-11	6.48122	0.1000002	3.0587E-05	6.48122
5.89999	5.72E-11	6.505774	0.1000001	3.12702E-05	6.505774
5.99999	5.76E-11	6.53031	0.1	3.19553E-05	6.53031
6.09999	5.75E-11	6.554848	0.1	3.26432E-05	6.554848
6.19999	5.14E-11	6.614063	0.1000001	3.33211E-05	6.614063
6.29999	5.64E-11	6.638618	0.1	3.40159E-05	6.638618
6.39999	5.72E-11	6.663224	0.1000001	3.47109E-05	6.663224
6.49999	5.74E-11	6.687832	0.1000001	3.54071E-05	6.687832
6.59999	5.78E-11	6.712438	0.1000003	3.61056E-05	6.712438
6.69999	5.8E-11	6.736983	0.1000001	3.68061E-05	6.736983
6.79999	5.86E-11	6.761469	0.1	3.75083E-05	6.761469
6.89999	5.89E-11	6.785992	0.1000002	3.82121E-05	6.785992
6.99999	5.86E-11	6.810525	0.1	3.89178E-05	6.810525
7.09999	5.92E-11	6.835043	0.1000001	3.96261E-05	6.835043
7.19999	5.93E-11	6.85964	0.1	4.03364E-05	6.85964
7.29999	5.93E-11	6.884167	0.1000003	4.10484E-05	6.884167
7.39999	5.96E-11	6.908678	0.1	4.17615E-05	6.908678
7.49999	5.9E-11	6.933399	0.1	4.24765E-05	6.933399
7.59999	6.03E-11	6.957994	0.1000001	4.31945E-05	6.957994
7.69999	6.04E-11	6.982518	0.0999999	4.39134E-05	6.982518
7.79999	6.04E-11	7.007035	0.1000001	4.46343E-05	7.007035
7.89999	6.04E-11	7.031541	0.1	4.53565E-05	7.031541
7.99999	6.08E-11	7.056064	0.1000001	4.60812E-05	7.056064
8.09999	5.45E-11	7.115227	0.0999999	4.67962E-05	7.115227
8.19999	5.92E-11	7.139741	0.0999999	4.7528E-05	7.139741
8.29999	5.91E-11	7.164338	0.1000001	4.82585E-05	7.164338
8.39999	6.03E-11	7.188943	0.1	4.89911E-05	7.188943
8.49999	6.06E-11	7.213506	0.1000001	4.97254E-05	7.213506
8.59999	6.06E-11	7.238021	0.1000001	5.04613E-05	7.238021
8.69999	6.06E-11	7.262535	0.1	5.11989E-05	7.262535
8.79999	6.12E-11	7.287102	0.1	5.19379E-05	7.287102
8.89999	6.09E-11	7.311665	0.1	5.26787E-05	7.311665
8.99999	6.12E-11	7.336193	0.1	5.34217E-05	7.336193
9.09999	6.15E-11	7.360706	0.1000002	5.41663E-05	7.360706
9.19999	6.2E-11	7.385242	0.1000001	5.4912E-05	7.385242
9.29999	6.22E-11	7.409744	0.1000002	5.56579E-05	7.409744
9.39999	6.11E-11	7.434521	0.1	5.64097E-05	7.434521
9.49999	6.22E-11	7.459148	0.0999999	5.71624E-05	7.459148
9.59999	6.22E-11	7.483668	0.1000002	5.79159E-05	7.483668
9.69999	6.18E-11	7.508183	0.1	5.86716E-05	7.508183
9.79999	6.22E-11	7.532696	0.1	5.94278E-05	7.532696
9.89999	6.25E-11	7.557221	0.1000002	6.01881E-05	7.557221
9.99999	5.6E-11	7.61697	0.1	6.09387E-05	7.61697
9.9	4.85E-11	7.641556	0.1000001	6.01627E-05	7.641556
9.8	4.5E-11	7.666048	0.0999999	5.93913E-05	7.666048
9.7	4.37E-11	7.69068	0.1	5.86234E-05	7.69068
9.6	4.2E-11	7.715274	0.1000001	5.78587E-05	7.715274
9.5	4.1E-11	7.739781	0.0999999	5.70958E-05	7.739781
9.4	3.97E-11	7.764296	0.1	5.63342E-05	7.764296
9.3	3.87E-11	7.788883	0.0999999	5.5575E-05	7.788883
9.2	3.76E-11	7.813393	0.0999999	5.48188E-05	7.813393
9.1	3.69E-11	7.837889	0.0999999	5.40638E-05	7.837889
9	3.59E-11	7.862386	0.1	5.33105E-05	7.862386
8.9	3.53E-11	7.886862	0.1	5.25617E-05	7.886862
8.8	3.53E-11	7.911363	0.0999999	5.18109E-05	7.911363
8.7	3.57E-11	7.936066	0.1	5.10627E-05	7.936066
8.6	3.42E-11	7.960668	0.1	5.03156E-05	7.960668
8.5	3.36E-11	7.985194	0.1	4.95703E-05	7.985194
8.4	3.32E-11	8.009732	0.1000002	4.88273E-05	8.009732
8.3	3.23E-11	8.034231	0.1	4.80866E-05	8.034231
8.2	3.18E-11	8.058761	0.0999997	4.73468E-05	8.058761
8.1	3.69E-11	8.118177	0.1000001	4.66134E-05	8.118177
8	3.22E-11	8.142711	0.0999999	4.58766E-05	8.142711
7.9	3.18E-11	8.167251	0.1	4.51427E-05	8.167251
7.8	3.11E-11	8.191898	0.1000001	4.441E-05	8.191898
7.7	3.01E-11	8.216462	0.1	4.36806E-05	8.216462
7.6	2.99E-11	8.241005	0.0999998	4.29526E-05	8.241005
7.5	2.95E-11	8.265506	0.0999998	4.2226E-05	8.265506
7.4	2.9E-11	8.290105	0.0999998	4.15015E-05	8.290105
7.3	2.8E-11	8.314695	0.1	4.07802E-05	8.314695
7.2	2.76E-11	8.339209	0.1000001	4.00595E-05	8.339209
7.1	2.74E-11	8.363708	0.1000001	3.93404E-05	8.363708
7	2.7E-11	8.388223	0.1	3.86241E-05	8.388223
6.9	2.71E-11	8.412754	0.1	3.79099E-05	8.412754
6.8	2.68E-11	8.437419	0.1000001	3.71974E-05	8.437419
6.7	2.57E-11	8.46196	0.1	3.64871E-05	8.46196
6.6	2.58E-11	8.4865	0.0999998	3.57779E-05	8.4865
6.5	2.54E-11	8.511033	0.0999998	3.50711E-05	8.511033
6.4	2.53E-11	8.535543	0.0999999	3.43666E-05	8.535543
6.3	2.46E-11	8.560104	0.1000001	3.36638E-05	8.560104
6.2	3.03E-11	8.619794	0.1000001	3.29685E-05	8.619794
6.1	2.56E-11	8.644388	0.0999999	3.22685E-05	8.644388
6	2.42E-11	8.668897	0.0999999	3.15719E-05	8.668897
5.9	2.39E-11	8.693513	0.0999997	3.0878E-05	8.693513
5.8	2.35E-11	8.718092	0.0999998	3.01856E-05	8.718092
5.7	2.29E-11	8.74259	0.1	2.94955E-05	8.74259
5.6	2.25E-11	8.767113	0.0999999	2.88078E-05	8.767113
5.5	2.18E-11	8.791631	0.1	2.81228E-05	8.791631
5.4	2.14E-11	8.816165	0.0999999	2.74396E-05	8.816165
5.3	2.06E-11	8.840673	0.1000001	2.67583E-05	8.840673
5.2	2.07E-11	8.865281	0.1000001	2.60786E-05	8.865281
5.1	2.03E-11	8.889785	0.1	2.54029E-05	8.889785
5	1.92E-11	8.914338	0.0999998	2.47291E-05	8.914338
4.9	1.91E-11	8.938882	0.0999998	2.40577E-05	8.938882
4.8	1.97E-11	8.963662	0.1	2.33886E-05	8.963662
4.7	1.83E-11	8.988202	0.1	2.27223E-05	8.988202
4.6	1.79E-11	9.012744	0.1000001	2.20582E-05	9.012744
4.5	1.72E-11	9.037277	0.1	2.13969E-05	9.037277
4.4	1.66E-11	9.061771	0.1	2.07378E-05	9.061771
4.3	2.23E-11	9.121276	0.0999999	2.00868E-05	9.121276
4.2	1.77E-11	9.145796	0.0999999	1.94329E-05	9.145796
4.1	1.69E-11	9.170354	0.1000001	1.87824E-05	9.170354
4	1.64E-11	9.194966	0.0999999	1.81348E-05	9.194966
3.9	1.53E-11	9.219539	0.0999999	1.74908E-05	9.219539
3.8	1.43E-11	9.244041	0.0999999	1.6849E-05	9.244041
3.7	1.4E-11	9.268557	0.0999999	1.62106E-05	9.268557
3.6	1.31E-11	9.293088	0.0999999	1.55759E-05	9.293088
3.5	1.27E-11	9.317663	0.1	1.49438E-05	9.317663
3.4	1.2E-11	9.3422	0.1000001	1.43157E-05	9.3422
3.3	1.11E-11	9.366717	0.1000001	1.36911E-05	9.366717
3.2	1.05E-11	9.391322	0.0999999	1.30709E-05	9.391322
3.1	9.8E-12	9.415827	0.0999999	1.24543E-05	9.415827
3	9.5E-12	9.44035	0.0999999	1.18409E-05	9.44035
2.9	8.7E-12	9.464862	0.1	1.12323E-05	9.464862
2.8	7.6E-12	9.489375	0.1	1.06281E-05	9.489375
2.7	6.7E-12	9.513892	0.1	1.00285E-05	9.513892
2.6	6.3E-12	9.538408	0.1	9.4336E-06	9.538408
2.5	9.1E-12	9.565527	0.0999998	8.84451E-06	9.565527
2.4	1.18E-11	9.622973	0.0999999	8.26496E-06	9.622973
2.3	5.6E-12	9.647547	0.0999997	7.68527E-06	9.647547
2.2	4.1E-12	9.672062	0.0999999	7.11312E-06	9.672062
2.099999	6.2E-12	9.698551	0.1	6.546E-06	9.698551
2	1.9E-12	9.723163	0.1	5.98809E-06	9.723163
1.9	8E-13	9.747666	0.0999998	5.43918E-06	9.747666
1.8	-4E-13	9.772194	0.0999999	4.89955E-06	9.772194
1.7	-1.9E-12	9.796714	0.1	4.37093E-06	9.796714
1.6	-3E-12	9.821247	0.0999999	3.85409E-06	9.821247
1.5	-4.2E-12	9.845752	0.0999997	3.35157E-06	9.845752
1.4	-5.9E-12	9.870254	0.0999999	2.86529E-06	9.870254
1.3	-7.6E-12	9.894775	0.0999998	2.39893E-06	9.894775
1.2	-8.9E-12	9.919288	0.1	1.95653E-06	9.919288
1.1	-1E-11	9.943825	0.1	1.54383E-06	9.943825
1	-1.21E-11	9.968359	0.1	1.16657E-06	9.968359
0.9	-9.9E-12	9.995767	0.0999993	8.34414E-07	9.995767
0.8	-1.58E-11	10.020249	0.0999995	5.52355E-07	10.020249
0.7	-1.76E-11	10.04478	0.0999992	3.30341E-07	10.04478
0.6	-2.01E-11	10.069262	0.0999997	1.71752E-07	10.069262
0.500001	-1.4E-11	10.13689	0.0999941	7.75626E-08	10.13689
0.399999	-3.62E-11	10.160116	0.1000042	2.5853E-08	10.160116
0.299999	-3.92E-11	10.183314	0.1000016	6.5209E-09	10.183314
0.1999998	-2.4E-11	10.209743	0.0999991	1.2132E-09	10.209743
0.0999988	-4.24E-11	10.233037	0.1000001	1.571E-10	10.233037
-1E-06	-4.65E-11	10.256216	0.1000003	1.32E-11	10.256216
#scan	iMeasureCycle=2	iMux=0	time=279.626	N=401	LocalTime=19/04/2023 11:48:16
#VGate(V)	IGate(A)	time(s)	VDrain(V)	IDrain(A)	time(s)
-2E-07	-1.14E-11	279.633747	0.1000007	1.041E-10	279.633747
-0.1000009	-3.33E-11	279.657332	0.1000002	6.4E-12	279.657332
-0.2000011	-3.43E-11	279.680701	0.1	-2E-13	279.680701
-0.300001	-4.07E-11	279.704163	0.1000002	-8E-13	279.704163
-0.400001	-4.34E-11	279.727452	0.1	-1.1E-12	279.727452
-0.500001	-4.39E-11	279.75075	0.1	-1.1E-12	279.75075
-0.600001	-4.6E-11	279.774031	0.0999999	-9E-13	279.774031
-0.700001	-4.94E-11	279.797236	0.1000001	-7E-13	279.797236
-0.800001	-5.12E-11	279.820458	0.1000002	-5E-13	279.820458
-0.900001	-5.13E-11	279.843746	0.0999999	-6E-13	279.843746
-1.000001	-5.22E-11	279.867027	0.1000002	-2E-13	279.867027
-1.100001	-5.53E-11	279.890262	0.1	0	279.890262
-1.200001	-5.62E-11	279.913475	0.1000002	-4E-13	279.913475
-1.300001	-5.47E-11	279.936852	0.1000001	-1E-12	279.936852
-1.400001	-5.64E-11	279.960152	0.1	-5E-13	279.960152
-1.500001	-5.95E-11	279.983365	0.1000002	-2E-13	279.983365
-1.600001	-6.01E-11	280.006578	0.1000001	-4E-13	280.006578
-1.700001	-5.88E-11	280.029867	0.1	-3E-13	280.029867
-1.800001	-6.17E-11	280.053153	0.1	2E-13	280.053153
-1.900001	-6.21E-11	280.076364	0.0999999	3E-13	280.076364
-2.000001	-6.28E-11	280.099568	0.1000003	2E-13	280.099568
-2.100001	-6.16E-11	280.122856	0.1000002	-3E-13	280.122856
-2.2	-6.34E-11	280.146377	0.1000001	4E-13	280.146377
-2.3	-4.24E-11	280.198525	0.0999999	-1.7E-12	280.198525
-2.4	-6.26E-11	280.221756	0.1000001	3E-13	280.221756
-2.5	-6.21E-11	280.245051	0.1000004	1E-13	280.245051
-2.6	-6.26E-11	280.268389	0.1	1E-13	280.268389
-2.7	-6.5E-11	280.291662	0.1000002	2E-13	280.291662
-2.8	-6.36E-11	280.31495	0.1000001	1E-13	280.31495
-2.9	-6.44E-11	280.338223	0.1000002	4E-13	280.338223
-3	-6.63E-11	280.361432	0.1000002	1E-13	280.361432
-3.1	-6.69E-11	280.384682	0.1	-2E-13	280.384682
-3.2	-6.62E-11	280.407967	0.1000002	1E-13	280.407967
-3.3	-6.61E-11	280.431247	0.1000001	4E-13	280.431247
-3.4	-6.71E-11	280.454495	0.1000001	6E-13	280.454495
-3.5	-6.82E-11	280.477714	0.1000002	5E-13	280.477714
-3.6	-6.69E-11	280.501004	0.1000003	2E-13	280.501004
-3.7	-6.75E-11	280.524277	0.1000001	5E-13	280.524277
-3.8	-6.94E-11	280.547491	0.1000002	8E-13	280.547491
-3.9	-6.92E-11	280.570711	0.1000001	3E-13	280.570711
-4	-6.69E-11	280.594092	0.1	3E-13	280.594092
-4.1	-6.84E-11	280.617388	0.1000003	6E-13	280.617388
-4.2	-7.02E-11	280.640647	0.1000003	5E-13	280.640647
-4.3	-4.97E-11	280.697226	0.1	-9E-13	280.697226
-4.4	-6.8E-11	280.720529	0.1	3E-13	280.720529
-4.5	-7.01E-11	280.743737	0.1000001	5E-13	280.743737
-4.6	-7.06E-11	280.766955	0.0999999	9E-13	280.766955
-4.7	-6.93E-11	280.790298	0.1000003	4E-13	280.790298
-4.8	-6.97E-11	280.813585	0.1	7E-13	280.813585
-4.9	-7.01E-11	280.836871	0.1000001	6E-13	280.836871
-5	-7.2E-11	280.86009	0.1000001	1.1E-12	280.86009
-5.1	-7.18E-11	280.883349	0.1000001	9E-13	280.883349
-5.2	-7.13E-11	280.906638	0.1	4E-13	280.906638
-5.3	-7.31E-11	280.929902	0.0999999	1.1E-12	280.929902
-5.4	-7.32E-11	280.953109	0.1000001	5E-13	280.953109
-5.5	-7.17E-11	280.976477	0.1000002	5E-13	280.976477
-5.6	-7.27E-11	280.999721	0.1000001	8E-13	280.999721
-5.7	-7.4E-11	281.022931	0.1000002	8E-13	281.022931
-5.8	-7.44E-11	281.046143	0.1000002	6E-13	281.046143
-5.9	-7.45E-11	281.069371	0.1000003	9E-13	281.069371
-6	-7.28E-11	281.092664	0.1000002	1.1E-12	281.092664
-6.1	-7.49E-11	281.115872	0.0999999	1.4E-12	281.115872
-6.2	-7.26E-11	281.139248	0.1000003	1.1E-12	281.139248
-6.3	-5.45E-11	281.194271	0.1000001	-5E-13	281.194271
-6.4	-7.37E-11	281.217502	0.1	1.3E-12	281.217502
-6.5	-7.24E-11	281.240804	0.1000002	8E-13	281.240804
-6.6	-7.45E-11	281.264078	0.1000004	9E-13	281.264078
-6.7	-7.33E-11	281.287424	0.1000002	7E-13	281.287424
-6.8	-7.35E-11	281.310705	0.1000001	8E-13	281.310705
-6.9	-7.53E-11	281.33392	0.1000002	1.4E-12	281.33392
-7	-7.63E-11	281.357126	0.1000001	1.3E-12	281.357126
-7.1	-7.48E-11	281.380535	0.1000001	1E-12	281.380535
-7.2	-7.47E-11	281.403822	0.1000003	1.3E-12	281.403822
-7.3	-7.55E-11	281.427107	0.1000001	1.2E-12	281.427107
-7.4	-7.58E-11	281.4504	0.1	1.2E-12	281.4504
-7.5	-7.59E-11	281.473684	0.1000001	1.6E-12	281.473684
-7.6	-7.72E-11	281.496893	0.1000003	1.2E-12	281.496893
-7.7	-7.57E-11	281.520194	0.1000002	1E-12	281.520194
-7.8	-7.61E-11	281.54347	0.1000003	9E-13	281.54347
-7.9	-7.77E-11	281.56669	0.1000003	1.3E-12	281.56669
-8	-7.77E-11	281.589978	0.1000003	1.6E-12	281.589978
-8.1	-7.83E-11	281.613199	0.1000002	7E-13	281.613199
-8.2	-7.66E-11	281.636576	0.1000003	9E-13	281.636576
-8.3	-7.77E-11	281.659827	0.1000002	1.4E-12	281.659827
-8.4	-5.84E-11	281.700086	0.1000001	-4E-13	281.700086
-8.5	-7.69E-11	281.723357	0.1000001	1.6E-12	281.723357
-8.6	-7.63E-11	281.746665	0.1000003	1E-12	281.746665
-8.7	-7.7E-11	281.769957	0.0999998	1.4E-12	281.769957
-8.8	-7.92E-11	281.793217	0.1	1.9E-12	281.793217
-8.9	-7.91E-11	281.816435	0.1000001	1.7E-12	281.816435
-9	-7.75E-11	281.83972	0.1000004	1.4E-12	281.83972
-9.1	-7.77E-11	281.863013	0.1000004	1.6E-12	281.863013
-9.2	-7.99E-11	281.886249	0.1000001	1.5E-12	281.886249
-9.3	-7.95E-11	281.909461	0.1000001	1.4E-12	281.909461
-9.4	-7.81E-11	281.932799	0.1000001	1.1E-12	281.932799
-9.5	-7.78E-11	281.956082	0.1000003	1.4E-12	281.956082
-9.6	-7.84E-11	281.979366	0.1000003	1.4E-12	281.979366
-9.7	-8.09E-11	282.002575	0.1000002	1.6E-12	282.002575
-9.8	-7.86E-11	282.025856	0.1000001	1.5E-12	282.025856
-9.9	-8.06E-11	282.049073	0.0999999	1.6E-12	282.049073
-10	-8.13E-11	282.07229	0.1000002	1.7E-12	282.07229
-9.90001	-4.09E-11	282.095583	0.0999998	-1.5E-12	282.095583
-9.80001	-3.8E-11	282.118878	0.0999997	-1.5E-12	282.118878
-9.70001	-3.38E-11	282.142211	0.0999997	-1.8E-12	282.142211
-9.60001	-5.05E-11	282.201366	0.0999999	-2E-13	282.201366
-9.50001	-2.99E-11	282.224599	0.0999997	-1.7E-12	282.224599
-9.40001	-3.04E-11	282.247908	0.0999997	-1.7E-12	282.247908
-9.30001	-2.94E-11	282.271272	0.0999999	-1.6E-12	282.271272
-9.20001	-2.67E-11	282.294535	0.0999998	-1.9E-12	282.294535
-9.10001	-2.57E-11	282.317742	0.0999995	-1.8E-12	282.317742
-9.00001	-2.64E-11	282.341028	0.0999995	-2.3E-12	282.341028
-8.90001	-2.6E-11	282.364321	0.0999997	-1.8E-12	282.364321
-8.80001	-2.35E-11	282.387567	0.0999998	-2E-12	282.387567
-8.70001	-2.49E-11	282.410857	0.0999997	-2.2E-12	282.410857
-8.60001	-2.4E-11	282.434137	0.0999998	-2.3E-12	282.434137
-8.50001	-2.35E-11	282.457422	0.0999999	-1.9E-12	282.457422
-8.40001	-2.14E-11	282.480671	0.0999997	-1.8E-12	282.480671
-8.30001	-2.23E-11	282.503953	0.0999999	-2.1E-12	282.503953
-8.20001	-2.21E-11	282.527239	0.0999998	-2E-12	282.527239
-8.10001	-1.98E-11	282.550443	0.0999997	-2.2E-12	282.550443
-8.00001	-1.95E-11	282.57365	0.0999997	-2.7E-12	282.57365
-7.90001	-2.06E-11	282.59699	0.0999999	-2.3E-12	282.59699
-7.80001	-2E-11	282.620292	0.0999997	-2.6E-12	282.620292
-7.70001	-1.79E-11	282.643606	0.0999998	-2.1E-12	282.643606
-7.60001	-3.79E-11	282.702583	0.1	-2E-13	282.702583
-7.50001	-1.86E-11	282.725822	0.0999996	-2.4E-12	282.725822
-7.40001	-1.94E-11	282.749116	0.1	-2.3E-12	282.749116
-7.30001	-1.87E-11	282.772386	0.0999999	-2.4E-12	282.772386
-7.2	-1.72E-11	282.795724	0.0999995	-2.4E-12	282.795724
-7.10001	-1.64E-11	282.818943	0.0999998	-2.3E-12	282.818943
-7.00001	-1.74E-11	282.842223	0.0999995	-2E-12	282.842223
-6.90001	-1.68E-11	282.865526	0.0999997	-2.3E-12	282.865526
-6.80001	-1.45E-11	282.888771	0.0999998	-2.2E-12	282.888771
-6.70001	-1.5E-11	282.912007	0.0999997	-2.6E-12	282.912007
-6.60001	-1.34E-11	282.935272	0.0999996	-2.5E-12	282.935272
-6.50001	-1.34E-11	282.958485	0.0999999	-2.7E-12	282.958485
-6.40001	-1.31E-11	282.981703	0.0999999	-2.7E-12	282.981703
-6.30001	-1.27E-11	283.004925	0.0999996	-2.3E-12	283.004925
-6.20001	-1.39E-11	283.02821	0.0999997	-2.4E-12	283.02821
-6.10001	-1.37E-11	283.051501	0.0999998	-2.5E-12	283.051501
-6.00001	-1.17E-11	283.074703	0.0999997	-2.9E-12	283.074703
-5.90001	-1.13E-11	283.097996	0.0999997	-3.4E-12	283.097996
-5.80001	-1.22E-11	283.121279	0.0999998	-2.9E-12	283.121279
-5.70001	-1.07E-11	283.14459	0.0999997	-2.9E-12	283.14459
-5.60001	-3.08E-11	283.20406	0.0999998	-7E-13	283.20406
-5.50001	-1.3E-11	283.227366	0.0999997	-2.4E-12	283.227366
-5.40001	-1.26E-11	283.250666	0.0999998	-2.4E-12	283.250666
-5.30001	-1.01E-11	283.273941	0.0999997	-2.7E-12	283.273941
-5.20001	-1E-11	283.297226	0.0999996	-2.4E-12	283.297226
-5.1	-1.05E-11	283.320523	0.0999995	-2.8E-12	283.320523
-5.00001	-8.4E-12	283.343724	0.0999995	-2.7E-12	283.343724
-4.90001	-8.2E-12	283.366945	0.0999997	-2.7E-12	283.366945
-4.80001	-7.6E-12	283.390184	0.0999996	-3E-12	283.390184
-4.7	-8.5E-12	283.413463	0.0999997	-2.9E-12	283.413463
-4.60001	-8.4E-12	283.436751	0.0999999	-3.4E-12	283.436751
-4.50001	-6.4E-12	283.459968	0.0999997	-3E-12	283.459968
-4.40001	-6.4E-12	283.483199	0.0999995	-3.3E-12	283.483199
-4.3	-7.2E-12	283.506489	0.0999998	-3.1E-12	283.506489
-4.20001	-6.3E-12	283.529764	0.0999997	-3E-12	283.529764
-4.10001	-4.3E-12	283.552978	0.1	-3.2E-12	283.552978
-4.00001	-3.5E-12	283.576182	0.0999996	-3.1E-12	283.576182
-3.90001	-5.1E-12	283.599536	0.0999995	-3.4E-12	283.599536
-3.80001	-2.9E-12	283.622739	0.0999997	-3.4E-12	283.622739
-3.70001	-1.9E-12	283.646035	0.0999996	-3.2E-12	283.646035
-3.60001	-2.31E-11	283.705421	0.1	-1.9E-12	283.705421
-3.50001	-5E-12	283.728797	0.0999996	-3.2E-12	283.728797
-3.40001	-2.6E-12	283.752025	0.0999997	-3.5E-12	283.752025
-3.30001	-1.2E-12	283.775232	0.0999997	-3.2E-12	283.775232
-3.20001	-2E-12	283.798568	0.0999996	-3E-12	283.798568
-3.10001	-1.1E-12	283.82185	0.0999997	-3.1E-12	283.82185
-3.00001	8E-13	283.845053	0.0999997	-3.7E-12	283.845053
-2.90001	1.4E-12	283.868268	0.0999998	-3.7E-12	283.868268
-2.80001	2.4E-12	283.891496	0.0999999	-3.8E-12	283.891496
-2.70001	1.2E-12	283.914798	0.0999998	-3.4E-12	283.914798
-2.60001	3.5E-12	283.938077	0.0999997	-3.8E-12	283.938077
-2.50001	4.7E-12	283.96129	0.0999997	-4.1E-12	283.96129
-2.40001	3.6E-12	283.984584	0.0999998	-4.1E-12	283.984584
-2.30001	3.8E-12	284.007961	0.0999996	-4E-12	284.007961
-2.20001	6.6E-12	284.031155	0.0999996	-4E-12	284.031155
-2.1	-9.8E-12	284.056284	0.1	-2.8E-12	284.056284
-2	6.2E-12	284.07957	0.0999996	-4.3E-12	284.07957
-1.9	6.9E-12	284.102854	0.0999999	-4.5E-12	284.102854
-1.8	9.4E-12	284.126068	0.0999997	-4.8E-12	284.126068
-1.7	1.06E-11	284.149372	0.0999996	-4.8E-12	284.149372
-1.600001	-9.9E-12	284.20243	0.0999998	-3.4E-12	284.20243
-1.5	1.04E-11	284.225666	0.0999998	-4.8E-12	284.225666
-1.4	1.08E-11	284.24896	0.0999996	-4.8E-12	284.24896
-1.3	1.27E-11	284.27224	0.0999998	-5E-12	284.27224
-1.2	1.41E-11	284.295521	0.0999997	-5E-12	284.295521
-1.1	1.55E-11	284.318761	0.0999997	-5.2E-12	284.318761
-1	1.55E-11	284.342044	0.0999995	-5.4E-12	284.342044
-0.9	1.83E-11	284.365254	0.0999998	-5.6E-12	284.365254
-0.8	1.97E-11	284.388475	0.0999996	-5.9E-12	284.388475
-0.7	1.92E-11	284.411849	0.0999998	-5.8E-12	284.411849
-0.599999	2.06E-11	284.43514	0.0999995	-5.7E-12	284.43514
-0.5	2.39E-11	284.458347	0.0999996	-5.8E-12	284.458347
-0.4	2.52E-11	284.481554	0.0999999	-5.7E-12	284.481554
-0.3	2.58E-11	284.504832	0.1	-5.9E-12	284.504832
-0.1999999	1.15E-11	284.530002	0.0999998	-2.9E-12	284.530002
-0.099999	3E-11	284.553205	0.0999998	9.2E-12	284.553205
1.1E-06	3.21E-11	284.576398	0.0999998	1.458E-10	284.576398
0.1000012	3.2E-11	284.599797	0.1000007	1.0595E-09	284.599797
0.2000012	3.44E-11	284.62306	0.1000048	5.4526E-09	284.62306
0.3	3.8E-11	284.646555	0.1000108	2.08758E-08	284.646555
0.399999	1.8E-11	284.692782	0.1000077	5.74965E-08	284.692782
0.499999	1.93E-11	284.73232	0.1000002	1.37328E-07	284.73232
0.6	2.59E-11	284.756819	0.1000009	2.77928E-07	284.756819
0.699999	2.86E-11	284.781306	0.100001	4.78376E-07	284.781306
0.799999	3.02E-11	284.805849	0.1000015	7.38676E-07	284.805849
0.899999	2.76E-11	284.840343	0.1	1.04638E-06	284.840343
0.999999	3.33E-11	284.864848	0.1000001	1.41099E-06	284.864848
1.1	3.61E-11	284.889367	0.1000002	1.81212E-06	284.889367
1.199999	3.74E-11	284.91387	0.1000001	2.24487E-06	284.91387
1.3	3.93E-11	284.938425	0.1000001	2.70336E-06	284.938425
1.4	4.02E-11	284.962959	0.1000002	3.18313E-06	284.962959
1.5	4.12E-11	284.98745	0.1000001	3.68025E-06	284.98745
1.599999	4.31E-11	285.011958	0.1000001	4.19228E-06	285.011958
1.699999	4.42E-11	285.036457	0.1	4.71717E-06	285.036457
1.8	4.54E-11	285.060952	0.0999999	5.25227E-06	285.060952
1.899999	4.59E-11	285.085447	0.1000003	5.79788E-06	285.085447
2	4.69E-11	285.109947	0.1000001	6.35153E-06	285.109947
2.099999	4.74E-11	285.134449	0.1000001	6.91265E-06	285.134449
2.19999	4.79E-11	285.159243	0.1000001	7.4832E-06	285.159243
2.29999	4.19E-11	285.213373	0.0999999	8.0478E-06	285.213373
2.39999	4.68E-11	285.237891	0.1000002	8.63128E-06	285.237891
2.49999	4.82E-11	285.262461	0.0999999	9.21889E-06	285.262461
2.59999	4.86E-11	285.286992	0.1000001	9.81112E-06	285.286992
2.69999	4.93E-11	285.311643	0.1	1.040729E-05	285.311643
2.79999	4.49E-11	285.346235	0.0999999	1.10049E-05	285.346235
2.89999	4.91E-11	285.370754	0.1	1.16117E-05	285.370754
2.99999	5.02E-11	285.395292	0.0999998	1.22218E-05	285.395292
3.09999	5.06E-11	285.419804	0.1	1.28358E-05	285.419804
3.19999	5.08E-11	285.444315	0.1000001	1.34535E-05	285.444315
3.29999	5.13E-11	285.468817	0.1000001	1.40744E-05	285.468817
3.39999	5.2E-11	285.493343	0.1000001	1.46982E-05	285.493343
3.49999	5.23E-11	285.517848	0.1000001	1.5326E-05	285.517848
3.59999	5.22E-11	285.542381	0.1	1.59564E-05	285.542381
3.69999	5.27E-11	285.566925	0.1000001	1.65903E-05	285.566925
3.79999	5.32E-11	285.591464	0.1	1.72266E-05	285.591464
3.89999	5.35E-11	285.616065	0.1000001	1.78657E-05	285.616065
3.99999	5.36E-11	285.640584	0.1	1.85076E-05	285.640584
4.09999	5.4E-11	285.665211	0.1	1.91524E-05	285.665211
4.19999	4.83E-11	285.71221	0.0999999	1.97924E-05	285.71221
4.29999	5.31E-11	285.736791	0.1000001	2.0444E-05	285.736791
4.39999	5.36E-11	285.76131	0.0999999	2.10972E-05	285.76131
4.49999	5.44E-11	285.785837	0.1000001	2.17518E-05	285.785837
4.59999	5.46E-11	285.810505	0.1	2.24089E-05	285.810505
4.69999	5.49E-11	285.83503	0.1000001	2.30683E-05	285.83503
4.79999	5.56E-11	285.859543	0.1	2.37301E-05	285.859543
4.89999	5.57E-11	285.884044	0.1000003	2.43937E-05	285.884044
4.99999	5.57E-11	285.908575	0.1	2.50592E-05	285.908575
5.09999	5.55E-11	285.933112	0.1	2.57269E-05	285.933112
5.19999	5.61E-11	285.957653	0.1000001	2.63969E-05	285.957653
5.29999	5.68E-11	285.982162	0.0999998	2.70692E-05	285.982162
5.39999	5.66E-11	286.006666	0.0999999	2.77435E-05	286.006666
5.49999	5.69E-11	286.031191	0.1	2.84197E-05	286.031191
5.59999	5.72E-11	286.055692	0.0999999	2.90982E-05	286.055692
5.69999	5.72E-11	286.080247	0.1000003	2.97785E-05	286.080247
5.79999	5.75E-11	286.104759	0.0999999	3.0462E-05	286.104759
5.89999	5.8E-11	286.129276	0.1000001	3.11463E-05	286.129276
5.99999	5.83E-11	286.153897	0.1	3.1833E-05	286.153897
6.09999	5.25E-11	286.209343	0.1	3.25128E-05	286.209343
6.19999	5.67E-11	286.233869	0.0999998	3.3206E-05	286.233869
6.29999	5.72E-11	286.258382	0.1000001	3.39001E-05	286.258382
6.39999	5.74E-11	286.282982	0.1000001	3.4596E-05	286.282982
6.49999	5.8E-11	286.307564	0.1000001	3.52932E-05	286.307564
6.59999	5.78E-11	286.332086	0.1000001	3.59926E-05	286.332086
6.69999	5.83E-11	286.35661	0.1	3.66937E-05	286.35661
6.79999	5.86E-11	286.381107	0.0999999	3.73964E-05	286.381107
6.89999	5.87E-11	286.405655	0.1	3.81015E-05	286.405655
6.99999	5.9E-11	286.430171	0.1000001	3.88079E-05	286.430171
7.09999	5.91E-11	286.45472	0.1000002	3.95166E-05	286.45472
7.19999	5.94E-11	286.479235	0.1000001	4.02274E-05	286.479235
7.29999	5.95E-11	286.503769	0.1000002	4.09409E-05	286.503769
7.39999	5.92E-11	286.528305	0.1000003	4.16538E-05	286.528305
7.49999	5.97E-11	286.552834	0.1	4.237E-05	286.552834
7.59999	5.98E-11	286.577331	0.1000001	4.30881E-05	286.577331
7.69999	5.99E-11	286.601856	0.1	4.3808E-05	286.601856
7.79999	6.01E-11	286.626398	0.1	4.453E-05	286.626398
7.89999	5.99E-11	286.651024	0.1	4.52536E-05	286.651024
7.99999	5.34E-11	286.70882	0.1000002	4.59672E-05	286.70882
8.09999	5.87E-11	286.733362	0.1	4.66982E-05	286.733362
8.19999	5.94E-11	286.757899	0.1	4.74285E-05	286.757899
8.29999	6E-11	286.782399	0.0999999	4.81603E-05	286.782399
8.39999	6E-11	286.807008	0.1000001	4.8894E-05	286.807008
8.49999	6.02E-11	286.831526	0.1000001	4.96288E-05	286.831526
8.59999	6.06E-11	286.856073	0.0999999	5.03645E-05	286.856073
8.69999	6.08E-11	286.880588	0.1	5.11028E-05	286.880588
8.79999	6.08E-11	286.905124	0.0999999	5.1843E-05	286.905124
8.89999	6.1E-11	286.929654	0.1000001	5.25844E-05	286.929654
8.99999	6.1E-11	286.954249	0.1000001	5.33272E-05	286.954249
9.09999	6.12E-11	286.978763	0.0999998	5.40722E-05	286.978763
9.19999	6.11E-11	287.003263	0.1000001	5.48195E-05	287.003263
9.29999	6.16E-11	287.027782	0.1	5.55667E-05	287.027782
9.39999	6.17E-11	287.05229	0.1000001	5.63178E-05	287.05229
9.49999	6.21E-11	287.076842	0.1000002	5.7071E-05	287.076842
9.59999	6.18E-11	287.101339	0.1000001	5.78257E-05	287.101339
9.69999	6.21E-11	287.125882	0.1000001	5.8582E-05	287.125882
9.79999	6.23E-11	287.150471	0.1	5.93396E-05	287.150471
9.89999	5.55E-11	287.199389	0.0999998	6.00899E-05	287.199389
9.99999	6.03E-11	287.224	0.1000001	6.08542E-05	287.224
9.9	4.87E-11	287.248611	0.1	6.00771E-05	287.248611
9.8	4.6E-11	287.273228	0.1	5.93062E-05	287.273228
9.7	4.69E-11	287.299398	0.1	5.85395E-05	287.299398
9.6	4.25E-11	287.32396	0.0999997	5.77738E-05	287.32396
9.5	4.07E-11	287.348486	0.1000001	5.70105E-05	287.348486
9.4	3.89E-11	287.372993	0.1	5.62501E-05	287.372993
9.3	3.81E-11	287.397524	0.0999998	5.54914E-05	287.397524
9.2	3.72E-11	287.422029	0.1	5.47353E-05	287.422029
9.1	3.7E-11	287.446556	0.1	5.39801E-05	287.446556
9	3.59E-11	287.471057	0.1000001	5.32272E-05	287.471057
8.9	3.55E-11	287.495598	0.1	5.24781E-05	287.495598
8.8	3.5E-11	287.52015	0.0999997	5.1728E-05	287.52015
8.7	3.42E-11	287.544663	0.0999999	5.09791E-05	287.544663
8.6	3.38E-11	287.569194	0.1000001	5.02323E-05	287.569194
8.5	3.35E-11	287.593717	0.0999999	4.94876E-05	287.593717
8.4	3.28E-11	287.6183	0.0999999	4.87452E-05	287.6183
8.3	3.16E-11	287.64281	0.1	4.80035E-05	287.64281
8.2	3.16E-11	287.667467	0.0999999	4.72648E-05	287.667467
8.1	3.69E-11	287.718209	0.1000001	4.65304E-05	287.718209
8	3.22E-11	287.742805	0.1	4.57943E-05	287.742805
7.9	3.1E-11	287.76733	0.1	4.50604E-05	287.76733
7.8	3.05E-11	287.791868	0.0999999	4.43288E-05	287.791868
7.7	3.05E-11	287.81649	0.1	4.35987E-05	287.81649
7.6	2.97E-11	287.840999	0.0999999	4.28712E-05	287.840999
7.5	2.9E-11	287.865542	0.0999999	4.21447E-05	287.865542
7.4	2.83E-11	287.890041	0.1000001	4.14205E-05	287.890041
7.3	2.84E-11	287.914615	0.1	4.06993E-05	287.914615
7.2	2.85E-11	287.939156	0.0999999	3.99791E-05	287.939156
7.1	2.82E-11	287.963697	0.1000001	3.92602E-05	287.963697
7	2.8E-11	287.988215	0.0999999	3.85441E-05	287.988215
6.9	2.67E-11	288.012771	0.0999998	3.78297E-05	288.012771
6.8	2.65E-11	288.037349	0.1	3.7117E-05	288.037349
6.7	2.62E-11	288.061863	0.1	3.64066E-05	288.061863
6.6	2.61E-11	288.086411	0.1	3.56977E-05	288.086411
6.5	2.53E-11	288.110945	0.1000001	3.49915E-05	288.110945
6.4	2.54E-11	288.135461	0.0999999	3.42869E-05	288.135461
6.3	2.49E-11	288.160074	0.0999999	3.35848E-05	288.160074
6.2	3E-11	288.214825	0.0999999	3.28885E-05	288.214825
6.1	2.56E-11	288.239458	0.0999999	3.21897E-05	288.239458
6	2.43E-11	288.263986	0.1000001	3.14926E-05	288.263986
5.9	2.4E-11	288.28857	0.1	3.07981E-05	288.28857
5.8	2.32E-11	288.313144	0.0999999	3.01059E-05	288.313144
5.7	2.34E-11	288.337659	0.0999999	2.94163E-05	288.337659
5.6	2.19E-11	288.362171	0.1	2.87287E-05	288.362171
5.5	2.23E-11	288.38668	0.0999999	2.80426E-05	288.38668
5.4	2.14E-11	288.411197	0.0999998	2.73595E-05	288.411197
5.3	2.16E-11	288.435719	0.1	2.66792E-05	288.435719
5.2	2.09E-11	288.460237	0.0999999	2.60009E-05	288.460237
5.1	2.07E-11	288.484795	0.1	2.53246E-05	288.484795
5	2.01E-11	288.509311	0.0999999	2.4651E-05	288.509311
4.9	1.96E-11	288.533833	0.0999999	2.39798E-05	288.533833
4.8	1.87E-11	288.558343	0.0999999	2.33115E-05	288.558343
4.7	1.84E-11	288.582911	0.0999999	2.26449E-05	288.582911
4.6	1.77E-11	288.60745	0.0999999	2.19811E-05	288.60745
4.5	1.76E-11	288.632005	0.1	2.13204E-05	288.632005
4.4	1.71E-11	288.656602	0.0999998	2.0662E-05	288.656602
4.3	2.37E-11	288.718837	0.0999999	2.00119E-05	288.718837
4.2	1.77E-11	288.743392	0.1	1.93576E-05	288.743392
4.1	1.69E-11	288.76795	0.0999999	1.87072E-05	288.76795
4	1.58E-11	288.792482	0.0999999	1.80596E-05	288.792482
3.9	1.52E-11	288.817065	0.0999999	1.74153E-05	288.817065
3.8	1.48E-11	288.841583	0.1	1.67738E-05	288.841583
3.7	1.36E-11	288.866122	0.1	1.61359E-05	288.866122
3.6	1.34E-11	288.890648	0.1000001	1.55011E-05	288.890648
3.5	1.27E-11	288.915215	0.0999999	1.48694E-05	288.915215
3.4	1.26E-11	288.939958	0.1	1.42417E-05	288.939958
3.3	1.13E-11	288.96448	0.0999999	1.36176E-05	288.96448
3.2	1.05E-11	288.988987	0.0999999	1.29972E-05	288.988987
3.1	9.9E-12	289.013504	0.1	1.23805E-05	289.013504
3	9.6E-12	289.037998	0.0999998	1.17679E-05	289.037998
2.9	8.7E-12	289.06266	0.1000001	1.11595E-05	289.06266
2.8	7.7E-12	289.087215	0.0999999	1.05555E-05	289.087215
2.7	6.7E-12	289.111713	0.1	9.9562E-06	289.111713
2.6	6.1E-12	289.13627	0.0999999	9.3621E-06	289.13627
2.5	9E-12	289.163397	0.1	8.77372E-06	289.163397
2.4	1.15E-11	289.221997	0.0999998	8.19488E-06	289.221997
2.3	5.9E-12	289.246586	0.1	7.61576E-06	289.246586
2.2	4.3E-12	289.271101	0.0999998	7.04416E-06	289.271101
2.099999	6.1E-12	289.297569	0.1	6.47701E-06	289.297569
2	2.2E-12	289.322129	0.0999999	5.92022E-06	289.322129
1.9	9E-13	289.346686	0.1	5.37212E-06	289.346686
1.8	-5E-13	289.371195	0.0999998	4.83395E-06	289.371195
1.7	-1.1E-12	289.395926	0.1000003	4.30649E-06	289.395926
1.6	-2.9E-12	289.420473	0.0999997	3.79077E-06	289.420473
1.5	-4.5E-12	289.444973	0.0999997	3.28969E-06	289.444973
1.4	-5.9E-12	289.469528	0.0999999	2.80583E-06	289.469528
1.3	-7.1E-12	289.494032	0.1	2.34194E-06	289.494032
1.2	-8.4E-12	289.518582	0.0999997	1.90249E-06	289.518582
1.1	-1.08E-11	289.543072	0.0999999	1.49344E-06	289.543072
1	-1.19E-11	289.567692	0.1	1.12119E-06	289.567692
0.9	-1E-11	289.595031	0.0999994	7.94796E-07	289.595031
0.8	-1.55E-11	289.619593	0.0999992	5.1989E-07	289.619593
0.7	-1.77E-11	289.644078	0.0999994	3.0576E-07	289.644078
0.6	-1.99E-11	289.668768	0.0999997	1.55505E-07	289.668768
0.500001	-1.42E-11	289.73673	0.0999942	6.8385E-08	289.73673
0.399999	-3.62E-11	289.759972	0.1000044	2.19257E-08	289.759972
0.299999	-4E-11	289.783172	0.1000015	5.3049E-09	289.783172
0.1999998	-2.41E-11	289.809518	0.0999991	9.447E-10	289.809518
0.099999	-4.47E-11	289.832716	0.1000002	1.172E-10	289.832716
-1.1E-06	-4.74E-11	289.855908	0.1000001	9E-12	289.855908
#scan	iMeasureCycle=3	iMux=0	time=319.642	N=401	LocalTime=19/04/2023 11:48:56
#VGate(V)	IGate(A)	time(s)	VDrain(V)	IDrain(A)	time(s)
-4E-07	-1.14E-11	319.649514	0.1000008	7.88E-11	319.649514
-0.1000009	-3.26E-11	319.673146	0.1000002	4.6E-12	319.673146
-0.2000011	-3.39E-11	319.696587	0.1	-2E-13	319.696587
-0.300001	-4.01E-11	319.72005	0.0999998	-3E-13	319.72005
-0.400001	-4.24E-11	319.743356	0.1	-4E-13	319.743356
-0.500001	-4.58E-11	319.766564	0.1000002	-3E-13	319.766564
-0.600001	-4.59E-11	319.789837	0.1	-4E-13	319.789837
-0.700001	-4.97E-11	319.813036	0.1000002	-1E-13	319.813036
-0.800001	-5.15E-11	319.836252	0.1000003	-4E-13	319.836252
-0.900001	-5.29E-11	319.859464	0.1000002	-4E-13	319.859464
-1.000001	-5.26E-11	319.882744	0.1000002	0	319.882744
-1.100001	-5.34E-11	319.906028	0.1000001	-2E-13	319.906028
-1.200001	-5.65E-11	319.92933	0.1000001	-2E-13	319.92933
-1.300001	-5.76E-11	319.952553	0.1000003	-3E-13	319.952553
-1.400001	-5.67E-11	319.975837	0.0999999	1E-13	319.975837
-1.500001	-5.87E-11	319.99912	0.0999999	0	319.99912
-1.600001	-6E-11	320.022325	0.1000001	3E-13	320.022325
-1.700001	-5.91E-11	320.045609	0.1000003	6E-13	320.045609
-1.800001	-5.94E-11	320.068897	0.1000001	0	320.068897
-1.900001	-6.17E-11	320.092109	0.1000003	0	320.092109
-2.000001	-6.23E-11	320.115303	0.1000001	9E-13	320.115303
-2.100001	-6.31E-11	320.138514	0.1000001	4E-13	320.138514
-2.2	-6.14E-11	320.162013	0.1	3E-13	320.162013
-2.3	-4.23E-11	320.214429	0.0999999	-1.2E-12	320.214429
-2.4	-6.22E-11	320.237662	0.1	4E-13	320.237662
-2.5	-6.36E-11	320.2609	0.1000002	4E-13	320.2609
-2.6	-6.28E-11	320.284204	0.1000002	5E-13	320.284204
-2.7	-6.47E-11	320.30748	0.1	6E-13	320.30748
-2.8	-6.6E-11	320.330682	0.1000004	5E-13	320.330682
-2.9	-6.44E-11	320.353984	0.1000001	5E-13	320.353984
-3	-6.47E-11	320.377275	0.1000001	5E-13	320.377275
-3.1	-6.68E-11	320.400476	0.1000002	9E-13	320.400476
-3.2	-6.78E-11	320.423682	0.1000001	7E-13	320.423682
-3.3	-6.62E-11	320.44699	0.1000001	8E-13	320.44699
-3.4	-6.82E-11	320.470293	0.1000003	9E-13	320.470293
-3.5	-6.85E-11	320.493505	0.1000003	1E-12	320.493505
-3.6	-6.7E-11	320.516795	0.1000002	4E-13	320.516795
-3.7	-6.76E-11	320.540074	0.1	9E-13	320.540074
-3.8	-6.91E-11	320.563288	0.1000002	8E-13	320.563288
-3.9	-6.96E-11	320.586495	0.1000001	6E-13	320.586495
-4	-6.95E-11	320.609734	0.0999999	1.1E-12	320.609734
-4.1	-6.98E-11	320.632968	0.1000002	9E-13	320.632968
-4.2	-6.9E-11	320.656272	0.1000002	8E-13	320.656272
-4.3	-4.95E-11	320.713228	0.1	-1E-13	320.713228
-4.4	-6.83E-11	320.736471	0.1000003	1.2E-12	320.736471
-4.5	-6.95E-11	320.759702	0.1000001	1.4E-12	320.759702
-4.6	-7.06E-11	320.782908	0.1000001	1.4E-12	320.782908
-4.7	-6.94E-11	320.806259	0.1000002	1.4E-12	320.806259
-4.8	-7.14E-11	320.829467	0.1	1.2E-12	320.829467
-4.9	-7.19E-11	320.852783	0.1000002	1.4E-12	320.852783
-5	-7.01E-11	320.876071	0.1000002	1.2E-12	320.876071
-5.1	-7.02E-11	320.899344	0.1000002	5E-13	320.899344
-5.2	-7.21E-11	320.922575	0.0999999	6E-13	320.922575
-5.3	-7.28E-11	320.945807	0.1	1.6E-12	320.945807
-5.4	-7.11E-11	320.969103	0.1000001	1.2E-12	320.969103
-5.5	-7.15E-11	320.992381	0.1000004	1.1E-12	320.992381
-5.6	-7.3E-11	321.015659	0.1000001	1.2E-12	321.015659
-5.7	-7.26E-11	321.038909	0.1000001	1.2E-12	321.038909
-5.8	-7.25E-11	321.062197	0.1000002	1.7E-12	321.062197
-5.9	-7.25E-11	321.08549	0.1000002	1.5E-12	321.08549
-6	-7.47E-11	321.108688	0.1000001	1.1E-12	321.108688
-6.1	-7.5E-11	321.1319	0.1000001	1.1E-12	321.1319
-6.2	-7.47E-11	321.155124	0.1000001	1.2E-12	321.155124
-6.3	-5.38E-11	321.214376	0.0999999	-4E-13	321.214376
-6.4	-7.27E-11	321.237669	0.1000003	1.7E-12	321.237669
-6.5	-7.34E-11	321.26091	0.1000002	2.1E-12	321.26091
-6.6	-7.43E-11	321.284137	0.1000001	1.6E-12	321.284137
-6.7	-7.33E-11	321.30747	0.1000001	1.2E-12	321.30747
-6.8	-7.51E-11	321.330678	0.1000001	1.4E-12	321.330678
-6.9	-7.53E-11	321.353926	0.1000001	1.8E-12	321.353926
-7	-7.37E-11	321.377227	0.1000001	1.4E-12	321.377227
-7.1	-7.28E-11	321.400559	0.1000003	1.2E-12	321.400559
-7.2	-7.57E-11	321.423777	0.1000001	1.7E-12	321.423777
-7.3	-7.65E-11	321.447007	0.1000002	2E-12	321.447007
-7.4	-7.45E-11	321.47034	0.1000002	1.6E-12	321.47034
-7.5	-7.4E-11	321.493714	0.1	1.4E-12	321.493714
-7.6	-7.74E-11	321.516908	0.1000001	1.9E-12	321.516908
-7.7	-7.74E-11	321.540123	0.1000003	1.5E-12	321.540123
-7.8	-7.63E-11	321.563413	0.1000001	1.7E-12	321.563413
-7.9	-7.58E-11	321.5867	0.1000001	1.8E-12	321.5867
-8	-7.75E-11	321.609934	0.0999999	1.8E-12	321.609934
-8.1	-7.57E-11	321.633258	0.1000001	9E-13	321.633258
-8.2	-7.63E-11	321.656546	0.0999999	1.2E-12	321.656546
-8.3	-5.67E-11	321.720582	0.1	-7E-13	321.720582
-8.4	-7.48E-11	321.743972	0.1000002	1.4E-12	321.743972
-8.5	-7.69E-11	321.767202	0.1	1.6E-12	321.767202
-8.6	-7.78E-11	321.790411	0.1000001	1.2E-12	321.790411
-8.7	-7.76E-11	321.813643	0.1000003	1.5E-12	321.813643
-8.8	-7.62E-11	321.836998	0.1000002	1.4E-12	321.836998
-8.9	-7.88E-11	321.860214	0.1	1.8E-12	321.860214
-9	-7.89E-11	321.883437	0.1000001	1.9E-12	321.883437
-9.1	-7.75E-11	321.906727	0.1000002	1.9E-12	321.906727
-9.2	-7.71E-11	321.930011	0.1000001	1.9E-12	321.930011
-9.3	-7.89E-11	321.953257	0.1	1.9E-12	321.953257
-9.4	-7.94E-11	321.976474	0.1000001	1.9E-12	321.976474
-9.5	-7.77E-11	321.999762	0.1000002	1.6E-12	321.999762
-9.6	-8E-11	322.023033	0.1000001	2E-12	322.023033
-9.7	-7.99E-11	322.046238	0.1000001	2E-12	322.046238
-9.8	-8E-11	322.06948	0.1000001	1.9E-12	322.06948
-9.9	-8.04E-11	322.092706	0.1000003	2E-12	322.092706
-10	-7.88E-11	322.115997	0.1000001	1.7E-12	322.115997
-9.90001	-3.85E-11	322.139199	0.0999996	-1.3E-12	322.139199
-9.80001	-3.73E-11	322.162502	0.0999996	-1.4E-12	322.162502
-9.70001	-5.24E-11	322.217335	0.0999999	1E-13	322.217335
-9.60001	-3.11E-11	322.240626	0.0999998	-1.2E-12	322.240626
-9.50001	-3.15E-11	322.263919	0.0999997	-1.2E-12	322.263919
-9.40001	-3.06E-11	322.287222	0.0999999	-1.4E-12	322.287222
-9.30001	-2.74E-11	322.310499	0.0999996	-1.6E-12	322.310499
-9.20001	-2.69E-11	322.333731	0.0999997	-1.9E-12	322.333731
-9.10001	-2.7E-11	322.357074	0.0999997	-1.8E-12	322.357074
-9.00001	-2.49E-11	322.380304	0.0999998	-1.9E-12	322.380304
-8.90001	-2.42E-11	322.403515	0.0999996	-1.7E-12	322.403515
-8.80001	-2.49E-11	322.426811	0.1	-1.3E-12	322.426811
-8.70001	-2.47E-11	322.450117	0.0999995	-1.9E-12	322.450117
-8.60001	-2.21E-11	322.473402	0.0999995	-1.9E-12	322.473402
-8.50001	-2.12E-11	322.496624	0.0999997	-2.1E-12	322.496624
-8.40001	-2.25E-11	322.519902	0.0999996	-1.8E-12	322.519902
-8.30001	-2.22E-11	322.543188	0.0999996	-1.6E-12	322.543188
-8.20001	-2E-11	322.566402	0.0999999	-2E-12	322.566402
-8.10001	-1.92E-11	322.589613	0.0999996	-1.7E-12	322.589613
-8.00001	-2.06E-11	322.612899	0.0999997	-1.8E-12	322.612899
-7.90001	-2.03E-11	322.636173	0.0999998	-1.8E-12	322.636173
-7.80001	-1.81E-11	322.659384	0.0999998	-1.8E-12	322.659384
-7.70001	-3.83E-11	322.718323	0.1	1E-13	322.718323
-7.6	-1.86E-11	322.741633	0.0999994	-1.8E-12	322.741633
-7.50001	-1.81E-11	322.764857	0.0999998	-1.7E-12	322.764857
-7.40001	-1.9E-11	322.788148	0.0999998	-1.7E-12	322.788148
-7.30001	-1.91E-11	322.811497	0.0999997	-1.7E-12	322.811497
-7.2	-1.65E-11	322.834704	0.0999998	-1.7E-12	322.834704
-7.10001	-1.63E-11	322.85792	0.0999998	-1.7E-12	322.85792
-7.00001	-1.73E-11	322.88121	0.0999995	-1.6E-12	322.88121
-6.90001	-1.7E-11	322.90449	0.0999999	-2.1E-12	322.90449
-6.80001	-1.54E-11	322.927695	0.0999996	-2.5E-12	322.927695
-6.70001	-1.64E-11	322.951007	0.0999997	-2.4E-12	322.951007
-6.60001	-1.57E-11	322.974307	0.0999999	-2.5E-12	322.974307
-6.50001	-1.42E-11	322.997522	0.0999996	-2.3E-12	322.997522
-6.40001	-1.33E-11	323.020791	0.0999998	-2.5E-12	323.020791
-6.30001	-1.44E-11	323.044084	0.0999995	-2.4E-12	323.044084
-6.20001	-1.39E-11	323.067367	0.0999996	-2.4E-12	323.067367
-6.10001	-1.24E-11	323.090617	0.0999996	-3E-12	323.090617
-6.00001	-1.15E-11	323.11383	0.0999999	-2.6E-12	323.11383
-5.90001	-1.33E-11	323.13711	0.0999996	-2.4E-12	323.13711
-5.80001	-1.41E-11	323.160465	0.0999997	-3E-12	323.160465
-5.70001	-3.13E-11	323.220361	0.0999999	-1.1E-12	323.220361
-5.60001	-1.18E-11	323.243667	0.0999997	-2.7E-12	323.243667
-5.50001	-1.09E-11	323.266891	0.0999995	-2.6E-12	323.266891
-5.40001	-9.7E-12	323.290106	0.0999995	-3.1E-12	323.290106
-5.30001	-1.1E-11	323.313443	0.0999996	-3E-12	323.313443
-5.20001	-1.12E-11	323.33674	0.0999999	-2.6E-12	323.33674
-5.1	-8.7E-12	323.360003	0.0999999	-2.9E-12	323.360003
-5.00001	-9.2E-12	323.3833	0.0999997	-2.7E-12	323.3833
-4.90001	-9.5E-12	323.40658	0.0999999	-2.7E-12	323.40658
-4.80001	-7.5E-12	323.429796	0.0999997	-3.2E-12	323.429796
-4.7	-7.1E-12	323.453023	0.0999996	-3.1E-12	323.453023
-4.60001	-6.6E-12	323.476238	0.0999997	-3E-12	323.476238
-4.50001	-7.4E-12	323.499531	0.1000001	-3E-12	323.499531
-4.40001	-4.7E-12	323.522732	0.0999997	-2.9E-12	323.522732
-4.3	-6.5E-12	323.546021	0.0999998	-3E-12	323.546021
-4.20001	-3.9E-12	323.569228	0.0999998	-3.4E-12	323.569228
-4.10001	-5.7E-12	323.592519	0.0999997	-3.1E-12	323.592519
-4.00001	-3.4E-12	323.615724	0.0999996	-3.4E-12	323.615724
-3.90001	-2.8E-12	323.638934	0.0999995	-3.2E-12	323.638934
-3.80001	-4.4E-12	323.662222	0.0999997	-2.9E-12	323.662222
-3.70001	-2.27E-11	323.716936	0.1000001	-1.8E-12	323.716936
-3.60001	-3.2E-12	323.740227	0.0999997	-3.6E-12	323.740227
-3.50001	-3.9E-12	323.763518	0.0999998	-3.4E-12	323.763518
-3.40001	-1.5E-12	323.786745	0.0999997	-3.8E-12	323.786745
-3.30001	-5E-13	323.810021	0.0999999	-3.2E-12	323.810021
-3.20001	0	323.833231	0.0999996	-3.4E-12	323.833231
-3.10001	-9E-13	323.856526	0.0999998	-3.6E-12	323.856526
-3.00001	-5E-13	323.879815	0.0999998	-3.6E-12	323.879815
-2.90001	2E-12	323.903031	0.0999997	-4E-12	323.903031
-2.80001	8E-13	323.926323	0.0999997	-3.8E-12	323.926323
-2.70001	1.6E-12	323.949629	0.0999997	-4E-12	323.949629
-2.60001	3.9E-12	323.972847	0.0999995	-3.8E-12	323.972847
-2.50001	4.4E-12	323.996072	0.0999996	-4.2E-12	323.996072
-2.40001	5.6E-12	324.019338	0.0999998	-4.3E-12	324.019338
-2.30001	4.4E-12	324.042623	0.1	-3.8E-12	324.042623
-2.20001	5.1E-12	324.065912	0.0999997	-4.2E-12	324.065912
-2.099999	-9E-12	324.091041	0.0999998	-2.6E-12	324.091041
-2	8.2E-12	324.114245	0.0999997	-4.4E-12	324.114245
-1.9	7.4E-12	324.137531	0.0999998	-4E-12	324.137531
-1.8	8.3E-12	324.1608	0.0999997	-4.2E-12	324.1608
-1.700001	-1.03E-11	324.207511	0.0999998	-2.9E-12	324.207511
-1.599999	8.1E-12	324.230907	0.0999996	-4.3E-12	324.230907
-1.5	1.14E-11	324.254113	0.0999999	-4.7E-12	324.254113
-1.4	1.21E-11	324.277357	0.0999996	-4.8E-12	324.277357
-1.3	1.41E-11	324.300573	0.0999998	-4.5E-12	324.300573
-1.2	1.32E-11	324.323915	0.0999998	-4.5E-12	324.323915
-1.1	1.57E-11	324.347202	0.0999995	-5.3E-12	324.347202
-1	1.76E-11	324.370405	0.0999997	-5.4E-12	324.370405
-0.9	1.87E-11	324.393624	0.0999998	-5.5E-12	324.393624
-0.8	1.84E-11	324.416896	0.0999997	-5.1E-12	324.416896
-0.7	1.87E-11	324.440203	0.0999999	-4.9E-12	324.440203
-0.599999	2.29E-11	324.463434	0.0999995	-5.3E-12	324.463434
-0.5	2.27E-11	324.486733	0.0999997	-5.3E-12	324.486733
-0.4	2.42E-11	324.510012	0.0999997	-5.2E-12	324.510012
-0.3	2.67E-11	324.533222	0.0999995	-6E-12	324.533222
-0.2	1.19E-11	324.55833	0.0999999	-3.9E-12	324.55833
-0.0999989	3.07E-11	324.581537	0.0999997	4.6E-12	324.581537
1.2E-06	3.12E-11	324.604802	0.0999999	1.04E-10	324.604802
0.100001	3.27E-11	324.628064	0.1000005	7.994E-10	324.628064
0.200001	3.66E-11	324.651241	0.1000037	4.3103E-09	324.651241
0.3	3.85E-11	324.674629	0.1000104	1.72135E-08	324.674629
0.399999	1.84E-11	324.726713	0.1000094	4.95691E-08	324.726713
0.499999	1.96E-11	324.766263	0.1000003	1.21514E-07	324.766263
0.6	2.63E-11	324.79084	0.1000009	2.52579E-07	324.79084
0.7	2.88E-11	324.815408	0.1000012	4.43279E-07	324.815408
0.799999	3.08E-11	324.8399	0.1000012	6.94342E-07	324.8399
0.899999	3.27E-11	324.864438	0.1000013	1.000543E-06	324.864438
0.999999	2.92E-11	324.89911	0.1	1.34782E-06	324.89911
1.1	3.55E-11	324.923623	0.1	1.74564E-06	324.923623
1.2	3.77E-11	324.948119	0.1000001	2.17418E-06	324.948119
1.3	3.91E-11	324.972637	0.1	2.62872E-06	324.972637
1.399999	4.04E-11	324.997216	0.0999999	3.10515E-06	324.997216
1.5	4.2E-11	325.021816	0.1000004	3.60017E-06	325.021816
1.6	4.3E-11	325.046326	0.1	4.11009E-06	325.046326
1.699999	4.42E-11	325.070825	0.1000001	4.63295E-06	325.070825
1.8	4.5E-11	325.095345	0.1000002	5.16669E-06	325.095345
1.9	4.56E-11	325.11987	0.1000001	5.71062E-06	325.11987
2	4.66E-11	325.144373	0.0999998	6.26341E-06	325.144373
2.1	4.75E-11	325.168878	0.1000001	6.824E-06	325.168878
2.19999	4.06E-11	325.232607	0.0999999	7.38113E-06	325.232607
2.29999	4.59E-11	325.257168	0.1000002	7.959E-06	325.257168
2.39999	4.73E-11	325.281671	0.1	8.54082E-06	325.281671
2.49999	4.79E-11	325.306224	0.1000002	9.12776E-06	325.306224
2.59999	4.86E-11	325.330818	0.1	9.7196E-06	325.330818
2.69999	4.97E-11	325.355387	0.1000001	1.031609E-05	325.355387
2.79999	4.5E-11	325.390035	0.1000002	1.09131E-05	325.390035
2.89999	4.92E-11	325.414545	0.1000001	1.15195E-05	325.414545
2.99999	5.03E-11	325.43908	0.1000001	1.21295E-05	325.43908
3.09999	5.09E-11	325.463613	0.0999999	1.27434E-05	325.463613
3.19999	5.09E-11	325.488207	0.1	1.33606E-05	325.488207
3.29999	5.2E-11	325.512716	0.1	1.39816E-05	325.512716
3.39999	5.25E-11	325.537222	0.1000002	1.46063E-05	325.537222
3.49999	5.26E-11	325.561756	0.1	1.5234E-05	325.561756
3.59999	5.27E-11	325.586303	0.1000002	1.58649E-05	325.586303
3.69999	5.29E-11	325.610852	0.1	1.64988E-05	325.610852
3.79999	5.35E-11	325.635359	0.1000002	1.71362E-05	325.635359
3.89999	5.36E-11	325.659876	0.1	1.7776E-05	325.659876
3.99999	5.39E-11	325.684444	0.1000001	1.84196E-05	325.684444
4.09999	4.91E-11	325.724171	0.1000001	1.90602E-05	325.724171
4.19999	5.33E-11	325.748768	0.1000001	1.97096E-05	325.748768
4.29999	5.39E-11	325.773282	0.0999999	2.03613E-05	325.773282
4.39999	5.45E-11	325.797826	0.1000002	2.10146E-05	325.797826
4.49999	5.44E-11	325.822433	0.1000004	2.16706E-05	325.822433
4.59999	5.49E-11	325.846941	0.1000001	2.23284E-05	325.846941
4.69999	5.53E-11	325.871486	0.1000002	2.29891E-05	325.871486
4.79999	5.58E-11	325.895997	0.1	2.36516E-05	325.895997
4.89999	5.62E-11	325.920556	0.1	2.43158E-05	325.920556
4.99999	5.66E-11	325.945063	0.1	2.49827E-05	325.945063
5.09999	5.6E-11	325.969625	0.1000001	2.56516E-05	325.969625
5.19999	5.64E-11	325.994219	0.0999999	2.63227E-05	325.994219
5.29999	5.69E-11	326.018802	0.1000002	2.69963E-05	326.018802
5.39999	5.69E-11	326.043348	0.1	2.76711E-05	326.043348
5.49999	5.74E-11	326.067851	0.1	2.83482E-05	326.067851
5.59999	5.69E-11	326.092449	0.1	2.90275E-05	326.092449
5.69999	5.79E-11	326.116984	0.1000001	2.97087E-05	326.116984
5.79999	5.77E-11	326.141497	0.1000001	3.03922E-05	326.141497
5.89999	5.79E-11	326.166004	0.1	3.10774E-05	326.166004
5.99999	5.06E-11	326.228199	0.0999999	3.17517E-05	326.228199
6.09999	5.61E-11	326.252838	0.1000001	3.24449E-05	326.252838
6.19999	5.62E-11	326.277377	0.1	3.31382E-05	326.277377
6.29999	5.72E-11	326.30193	0.0999999	3.38322E-05	326.30193
6.39999	5.72E-11	326.32651	0.1000001	3.45288E-05	326.32651
6.49999	5.73E-11	326.3511	0.1000001	3.52269E-05	326.3511
6.59999	5.75E-11	326.375653	0.1000001	3.59262E-05	326.375653
6.69999	5.81E-11	326.400165	0.1000001	3.66279E-05	326.400165
6.79999	5.83E-11	326.424736	0.1	3.7331E-05	326.424736
6.89999	5.85E-11	326.449237	0.1	3.80361E-05	326.449237
6.99999	5.88E-11	326.47377	0.1000002	3.87428E-05	326.47377
7.09999	5.86E-11	326.498309	0.0999999	3.94512E-05	326.498309
7.19999	5.91E-11	326.52283	0.1000001	4.01623E-05	326.52283
7.29999	5.9E-11	326.547378	0.1000001	4.08751E-05	326.547378
7.39999	5.94E-11	326.571884	0.1000001	4.15893E-05	326.571884
7.49999	5.98E-11	326.596384	0.1	4.23058E-05	326.596384
7.59999	6.02E-11	326.620891	0.0999999	4.30235E-05	326.620891
7.69999	6.02E-11	326.64539	0.0999999	4.37445E-05	326.64539
7.79999	6.06E-11	326.669901	0.1	4.44669E-05	326.669901
7.89999	5.41E-11	326.727113	0.1000001	4.51804E-05	326.727113
7.99999	5.87E-11	326.751728	0.1	4.59091E-05	326.751728
8.09999	5.92E-11	326.77623	0.1000001	4.66381E-05	326.77623
8.19999	5.95E-11	326.800757	0.1	4.73669E-05	326.800757
8.29999	5.92E-11	326.825312	0.0999999	4.80985E-05	326.825312
8.39999	5.99E-11	326.849863	0.1	4.88318E-05	326.849863
8.49999	6.06E-11	326.874384	0.0999999	4.95673E-05	326.874384
8.59999	6.06E-11	326.898902	0.1000001	5.03031E-05	326.898902
8.69999	6.09E-11	326.9234	0.1000001	5.10414E-05	326.9234
8.79999	6.11E-11	326.947924	0.1000001	5.17815E-05	326.947924
8.89999	6.13E-11	326.972453	0.1	5.25237E-05	326.972453
8.99999	6.16E-11	326.996974	0.1000001	5.3267E-05	326.996974
9.09999	6.14E-11	327.021571	0.1000002	5.40126E-05	327.021571
9.19999	6.21E-11	327.046094	0.0999999	5.47594E-05	327.046094
9.29999	6.17E-11	327.070601	0.1000001	5.55063E-05	327.070601
9.39999	6.13E-11	327.095144	0.1000001	5.62586E-05	327.095144
9.49999	6.2E-11	327.119758	0.1	5.70122E-05	327.119758
9.59999	6.17E-11	327.144293	0.1000002	5.77664E-05	327.144293
9.69999	6.22E-11	327.168817	0.0999999	5.85226E-05	327.168817
9.79999	5.53E-11	327.231568	0.1	5.927E-05	327.231568
9.89999	6.05E-11	327.256194	0.1000001	6.00325E-05	327.256194
9.99999	6.13E-11	327.280701	0.1000001	6.07946E-05	327.280701
9.9	4.92E-11	327.305308	0.0999999	6.00182E-05	327.305308
9.8	4.58E-11	327.329886	0.0999999	5.92478E-05	327.329886
9.7	4.42E-11	327.35446	0.1	5.84803E-05	327.35446
9.6	4.23E-11	327.379	0.0999999	5.77145E-05	327.379
9.5	4.07E-11	327.403535	0.0999999	5.69517E-05	327.403535
9.4	4.03E-11	327.428107	0.0999998	5.61915E-05	327.428107
9.3	3.96E-11	327.452715	0.0999999	5.54327E-05	327.452715
9.2	3.76E-11	327.477239	0.0999999	5.4676E-05	327.477239
9.1	3.66E-11	327.501736	0.0999999	5.39211E-05	327.501736
9	3.63E-11	327.526301	0.1	5.31685E-05	327.526301
8.9	3.55E-11	327.550836	0.0999999	5.24199E-05	327.550836
8.8	3.44E-11	327.575356	0.1000002	5.1669E-05	327.575356
8.7	3.42E-11	327.599892	0.1	5.09208E-05	327.599892
8.6	3.35E-11	327.624415	0.1	5.01739E-05	327.624415
8.5	3.26E-11	327.648926	0.1	4.94289E-05	327.648926
8.4	3.24E-11	327.673438	0.0999998	4.86859E-05	327.673438
8.3	3.8E-11	327.734311	0.0999999	4.79486E-05	327.734311
8.2	3.27E-11	327.75891	0.1000001	4.72081E-05	327.75891
8.1	3.19E-11	327.783426	0.1000001	4.64708E-05	327.783426
8	3.1E-11	327.807943	0.0999999	4.57355E-05	327.807943
7.9	3.04E-11	327.832523	0.1	4.50022E-05	327.832523
7.8	2.97E-11	327.85704	0.0999998	4.42707E-05	327.85704
7.7	2.98E-11	327.881555	0.0999998	4.35407E-05	327.881555
7.6	2.97E-11	327.90608	0.1	4.28125E-05	327.90608
7.5	2.91E-11	327.930625	0.1	4.20865E-05	327.930625
7.4	2.88E-11	327.955211	0.0999999	4.13622E-05	327.955211
7.3	2.85E-11	327.979727	0.0999998	4.06397E-05	327.979727
7.2	2.74E-11	328.004227	0.0999999	3.99198E-05	328.004227
7.1	2.75E-11	328.028898	0.0999999	3.92012E-05	328.028898
7	2.71E-11	328.053457	0.1	3.84846E-05	328.053457
6.9	2.64E-11	328.077941	0.0999999	3.77702E-05	328.077941
6.8	2.65E-11	328.10248	0.1	3.70582E-05	328.10248
6.7	2.57E-11	328.127006	0.0999999	3.63479E-05	328.127006
6.6	2.51E-11	328.151536	0.1	3.56389E-05	328.151536
6.5	2.53E-11	328.176073	0.1	3.49328E-05	328.176073
6.4	3.12E-11	328.235363	0.0999998	3.42326E-05	328.235363
6.3	2.57E-11	328.260008	0.1	3.35299E-05	328.260008
6.2	2.55E-11	328.284526	0.1000001	3.28287E-05	328.284526
6.1	2.46E-11	328.30904	0.0999999	3.21301E-05	328.30904
6	2.44E-11	328.333627	0.0999999	3.14337E-05	328.333627
5.9	2.35E-11	328.358203	0.0999999	3.0739E-05	328.358203
5.8	2.35E-11	328.38273	0.1000001	3.00475E-05	328.38273
5.7	2.28E-11	328.407233	0.0999998	2.93574E-05	328.407233
5.6	2.19E-11	328.431762	0.1	2.86695E-05	328.431762
5.5	2.21E-11	328.456339	0.0999999	2.79845E-05	328.456339
5.4	2.13E-11	328.48089	0.1	2.7302E-05	328.48089
5.3	2.05E-11	328.505465	0.1	2.66211E-05	328.505465
5.2	2.02E-11	328.530003	0.1	2.59423E-05	328.530003
5.1	1.96E-11	328.554524	0.0999999	2.52662E-05	328.554524
5	1.89E-11	328.579029	0.0999998	2.45928E-05	328.579029
4.9	1.86E-11	328.603566	0.1	2.39216E-05	328.603566
4.8	1.82E-11	328.628086	0.1	2.32527E-05	328.628086
4.7	1.79E-11	328.652583	0.0999999	2.25869E-05	328.652583
4.6	1.73E-11	328.677093	0.1	2.19227E-05	328.677093
4.5	2.33E-11	328.732444	0.1	2.12662E-05	328.732444
4.4	1.83E-11	328.757068	0.1	2.06064E-05	328.757068
4.3	1.71E-11	328.781575	0.0999998	1.99506E-05	328.781575
4.2	1.68E-11	328.806131	0.0999999	1.92979E-05	328.806131
4.1	1.61E-11	328.830691	0.1000002	1.86477E-05	328.830691
4	1.57E-11	328.855238	0.1000001	1.80003E-05	328.855238
3.9	1.49E-11	328.879766	0.0999998	1.73559E-05	328.879766
3.8	1.41E-11	328.904301	0.1	1.67147E-05	328.904301
3.7	1.35E-11	328.928834	0.0999998	1.60771E-05	328.928834
3.6	1.25E-11	328.953355	0.1	1.54427E-05	328.953355
3.5	1.18E-11	328.977888	0.0999998	1.4811E-05	328.977888
3.4	1.16E-11	329.002427	0.0999998	1.41834E-05	329.002427
3.3	1.07E-11	329.026974	0.1000001	1.35594E-05	329.026974
3.2	9.8E-12	329.05149	0.1	1.29395E-05	329.05149
3.1	9.7E-12	329.075989	0.0999997	1.2323E-05	329.075989
3	9E-12	329.100531	0.1	1.17111E-05	329.100531
2.9	8.1E-12	329.125022	0.0999999	1.11025E-05	329.125022
2.8	7.5E-12	329.149546	0.1	1.04987E-05	329.149546
2.7	6.4E-12	329.174061	0.0999998	9.8999E-06	329.174061
2.6	1.34E-11	329.236478	0.1	9.3127E-06	329.236478
2.5	1.09E-11	329.263681	0.0999998	8.72249E-06	329.263681
2.4	6E-12	329.288191	0.0999999	8.13774E-06	329.288191
2.3	4.5E-12	329.312707	0.0999998	7.56038E-06	329.312707
2.2	3.5E-12	329.337277	0.0999998	6.98944E-06	329.337277
2.099999	6E-12	329.36376	0.0999999	6.4236E-06	329.36376
2	1.7E-12	329.388262	0.0999999	5.86715E-06	329.388262
1.9	8E-13	329.412805	0.0999999	5.31955E-06	329.412805
1.8	-6E-13	329.437349	0.0999998	4.78198E-06	329.437349
1.7	-2E-12	329.462065	0.0999998	4.25518E-06	329.462065
1.6	-3.2E-12	329.486578	0.0999999	3.74081E-06	329.486578
1.5	-4.7E-12	329.511083	0.0999999	3.24114E-06	329.511083
1.4	-5.8E-12	329.535618	0.0999998	2.75849E-06	329.535618
1.3	-7.9E-12	329.560136	0.0999999	2.29673E-06	329.560136
1.2	-9E-12	329.584663	0.1	1.86004E-06	329.584663
1.1	-1.07E-11	329.609163	0.0999998	1.45403E-06	329.609163
1	-1.2E-11	329.633687	0.0999998	1.08589E-06	329.633687
0.9	-9.9E-12	329.661019	0.0999993	7.64659E-07	329.661019
0.8	-1.56E-11	329.685531	0.0999992	4.95322E-07	329.685531
0.7	-1.09E-11	329.739626	0.0999998	2.92346E-07	329.739626
0.6	-1.83E-11	329.764193	0.0999998	1.45319E-07	329.764193
0.5	-1.57E-11	329.80187	0.099992	6.08983E-08	329.80187
0.399999	-3.58E-11	329.825473	0.1000026	1.90472E-08	329.825473
0.299999	-3.86E-11	329.848754	0.1000009	4.4646E-09	329.848754
0.1999997	-2.58E-11	329.87387	0.0999994	7.655E-10	329.87387
0.0999988	-4.52E-11	329.89707	0.1000004	9.19E-11	329.89707
-1.4E-06	-4.59E-11	329.920338	0.1000001	6E-12	329.920338
