#scan	iMeasureCycle=1	iMux=0	time=0.025	N=401	LocalTime=20/04/2023 03:55:41
#VGate(V)	IGate(A)	time(s)	VDrain(V)	IDrain(A)	time(s)
-3E-07	-1.52E-10	0.027891	0.0999999	1.80759E-05	0.027891
-0.1000003	-2.112E-10	0.052799	0.0999998	1.72618E-05	0.052799
-0.2000003	-2.6E-10	0.077313	0.1000001	1.64533E-05	0.077313
-0.300001	-1.983E-10	0.102023	0.1	1.56481E-05	0.102023
-0.4	-1.105E-10	0.126669	0.0999998	1.48481E-05	0.126669
-0.5	-8.54E-11	0.151169	0.1	1.40531E-05	0.151169
-0.6	-7.24E-11	0.175747	0.1	1.32625E-05	0.175747
-0.7	-6.48E-11	0.200292	0.1000001	1.24788E-05	0.200292
-0.8	-6E-11	0.224842	0.0999998	1.17012E-05	0.224842
-0.9	-5.72E-11	0.249407	0.0999999	1.09314E-05	0.249407
-1	-5.54E-11	0.274015	0.0999999	1.01705E-05	0.274015
-1.1	-5.39E-11	0.298553	0.1	9.4186E-06	0.298553
-1.2	-4.84E-11	0.325722	0.1	8.68302E-06	0.325722
-1.3	-5.2E-11	0.350227	0.0999999	7.95554E-06	0.350227
-1.4	-5.22E-11	0.374731	0.1	7.24396E-06	0.374731
-1.5	-5.18E-11	0.399236	0.0999999	6.55037E-06	0.399236
-1.6	-5.21E-11	0.423844	0.0999999	5.87638E-06	0.423844
-1.7	-5.16E-11	0.448379	0.1	5.22583E-06	0.448379
-1.8	-5.2E-11	0.47289	0.0999999	4.60194E-06	0.47289
-1.9	-5.15E-11	0.497409	0.0999998	4.00864E-06	0.497409
-2	-5.22E-11	0.521948	0.1000001	3.44834E-06	0.521948
-2.1	-5.21E-11	0.546454	0.0999999	2.92425E-06	0.546454
-2.2	-4.52E-11	0.594638	0.0999998	2.44302E-06	0.594638
-2.3	-5.01E-11	0.619177	0.0999998	1.99977E-06	0.619177
-2.4	-5.11E-11	0.643819	0.1000001	1.60394E-06	0.643819
-2.5	-5.21E-11	0.668331	0.0999999	1.25484E-06	0.668331
-2.6	-5.24E-11	0.692951	0.1000001	9.5368E-07	0.692951
-2.7	-4.92E-11	0.720273	0.0999996	7.00595E-07	0.720273
-2.8	-5.33E-11	0.74476	0.0999996	4.92604E-07	0.74476
-2.9	-5.3E-11	0.769262	0.0999995	3.29364E-07	0.769262
-3	-5.36E-11	0.793774	0.0999997	2.07207E-07	0.793774
-3.1	-5.36E-11	0.818284	0.0999997	1.21066E-07	0.818284
-3.2	-4.88E-11	0.855953	0.0999957	6.56033E-08	0.855953
-3.3	-6.92E-11	0.879156	0.1000071	3.15359E-08	0.879156
-3.4	-6.92E-11	0.902384	0.1000028	1.35923E-08	0.902384
-3.5	-6.83E-11	0.925675	0.1000014	5.1863E-09	0.925675
-3.6	-7.03E-11	0.948979	0.1000008	1.7544E-09	0.948979
-3.7	-7.09E-11	0.97219	0.1000004	5.243E-10	0.97219
-3.8	-7.17E-11	0.995482	0.1000005	1.347E-10	0.995482
-3.9	-7.02E-11	1.018774	0.1000003	2.63E-11	1.018774
-4	-7.18E-11	1.041982	0.1000001	4E-13	1.041982
-4.1	-5.04E-11	1.094427	0.1000001	-5.8E-12	1.094427
-4.2	-6.99E-11	1.117672	0.1000001	-4.8E-12	1.117672
-4.3	-6.93E-11	1.141055	0.1000004	-5E-12	1.141055
-4.4	-7.2E-11	1.164257	0.1000002	-4.7E-12	1.164257
-4.5	-7.22E-11	1.187528	0.1000001	-4.6E-12	1.187528
-4.6	-7.3E-11	1.210751	0.1000003	-4.6E-12	1.210751
-4.7	-7.22E-11	1.23403	0.1000004	-5.2E-12	1.23403
-4.8	-7.2E-11	1.257313	0.1000002	-5.1E-12	1.257313
-4.9	-7.35E-11	1.280625	0.1000004	-4.8E-12	1.280625
-5	-7.21E-11	1.303927	0.1000003	-4.6E-12	1.303927
-5.1	-7.28E-11	1.327217	0.1000002	-4.8E-12	1.327217
-5.2	-7.47E-11	1.350431	0.1000006	-4.5E-12	1.350431
-5.3	-7.55E-11	1.373637	0.1000003	-4.7E-12	1.373637
-5.4	-7.4E-11	1.397011	0.1000003	-4.9E-12	1.397011
-5.5	-7.36E-11	1.420312	0.1000003	-4.6E-12	1.420312
-5.6	-7.57E-11	1.443511	0.1000004	-4.5E-12	1.443511
-5.7	-7.43E-11	1.466796	0.1000002	-4.7E-12	1.466796
-5.8	-7.44E-11	1.490075	0.1000002	-5E-12	1.490075
-5.9	-7.43E-11	1.513357	0.1000002	-4.6E-12	1.513357
-6	-7.68E-11	1.536561	0.1000004	-5E-12	1.536561
-6.1	-5.51E-11	1.593133	0.1000001	-5.9E-12	1.593133
-6.2	-7.34E-11	1.616566	0.1000002	-4.4E-12	1.616566
-6.3	-7.56E-11	1.639879	0.1000004	-4.3E-12	1.639879
-6.4	-7.62E-11	1.663102	0.1000003	-4.1E-12	1.663102
-6.5	-7.45E-11	1.686452	0.1000002	-4.1E-12	1.686452
-6.6	-7.48E-11	1.70975	0.1000003	-4.2E-12	1.70975
-6.7	-7.74E-11	1.732953	0.1000002	-4E-12	1.732953
-6.8	-7.48E-11	1.756244	0.1000003	-4.6E-12	1.756244
-6.9	-7.59E-11	1.779521	0.1000002	-4.3E-12	1.779521
-7	-7.78E-11	1.802741	0.1000003	-3.9E-12	1.802741
-7.1	-7.64E-11	1.826034	0.1000002	-3.9E-12	1.826034
-7.2	-7.66E-11	1.84931	0.1000003	-3.9E-12	1.84931
-7.3	-7.69E-11	1.872598	0.1	-4.2E-12	1.872598
-7.4	-7.84E-11	1.895822	0.1000003	-3.8E-12	1.895822
-7.5	-7.89E-11	1.919132	0.1000003	-4E-12	1.919132
-7.6	-7.78E-11	1.942513	0.1000003	-4.4E-12	1.942513
-7.7	-7.9E-11	1.965744	0.1000004	-3.8E-12	1.965744
-7.8	-7.94E-11	1.988969	0.1000003	-4E-12	1.988969
-7.9	-7.74E-11	2.012312	0.1000003	-4.2E-12	2.012312
-8	-7.79E-11	2.035613	0.1000002	-4.4E-12	2.035613
-8.1	-7.62E-11	2.075532	0.1000002	-3.8E-12	2.075532
-8.2	-6.09E-11	2.115427	0.1	-5.3E-12	2.115427
-8.3	-7.65E-11	2.138815	0.1000002	-3.9E-12	2.138815
-8.4	-7.89E-11	2.162043	0.1000003	-4E-12	2.162043
-8.5	-7.88E-11	2.185285	0.1000003	-4.1E-12	2.185285
-8.6	-7.73E-11	2.208721	0.1000002	-3.8E-12	2.208721
-8.7	-7.94E-11	2.231963	0.1000002	-3.5E-12	2.231963
-8.8	-7.98E-11	2.255195	0.1000003	-3.8E-12	2.255195
-8.9	-8.05E-11	2.278483	0.1000002	-3.8E-12	2.278483
-9	-7.97E-11	2.301776	0.1000002	-3.9E-12	2.301776
-9.1	-7.92E-11	2.325083	0.1000002	-3.9E-12	2.325083
-9.2	-8.07E-11	2.348299	0.1000003	-4E-12	2.348299
-9.3	-8.18E-11	2.371515	0.1000004	-3.4E-12	2.371515
-9.4	-8.1E-11	2.39474	0.1000003	-3.6E-12	2.39474
-9.5	-8.17E-11	2.418046	0.1000002	-3.8E-12	2.418046
-9.6	-8.21E-11	2.44127	0.1000002	-3.8E-12	2.44127
-9.7	-8.23E-11	2.46448	0.1000004	-3.5E-12	2.46448
-9.8	-8.05E-11	2.487759	0.1000003	-3.6E-12	2.487759
-9.9	-7.95E-11	2.511054	0.1000002	-4E-12	2.511054
-10	-8.2E-11	2.534266	0.1000002	-4E-12	2.534266
-9.90001	-5.8E-11	2.581743	0.1	-5.4E-12	2.581743
-9.80001	-3.74E-11	2.60511	0.0999997	-6.8E-12	2.60511
-9.70001	-3.45E-11	2.628357	0.0999998	-7.2E-12	2.628357
-9.60001	-3.19E-11	2.651648	0.0999998	-7.3E-12	2.651648
-9.50001	-3.07E-11	2.674864	0.0999999	-7.4E-12	2.674864
-9.40001	-3.08E-11	2.698209	0.0999998	-7.5E-12	2.698209
-9.30001	-2.91E-11	2.721441	0.0999998	-7.5E-12	2.721441
-9.20001	-2.74E-11	2.744653	0.0999997	-7.7E-12	2.744653
-9.10001	-2.6E-11	2.767855	0.0999997	-7.4E-12	2.767855
-9.00001	-2.74E-11	2.791145	0.0999998	-7.3E-12	2.791145
-8.90001	-2.49E-11	2.814358	0.0999998	-7.4E-12	2.814358
-8.80001	-2.39E-11	2.837581	0.0999998	-7.9E-12	2.837581
-8.70001	-2.52E-11	2.860879	0.0999998	-7.5E-12	2.860879
-8.60001	-2.46E-11	2.884155	0.0999999	-7.5E-12	2.884155
-8.50001	-2.26E-11	2.907361	0.0999997	-7.7E-12	2.907361
-8.40001	-2.19E-11	2.930592	0.0999997	-7.9E-12	2.930592
-8.30001	-2.11E-11	2.953883	0.0999998	-7.9E-12	2.953883
-8.20001	-2.23E-11	2.977172	0.1	-8.2E-12	2.977172
-8.10001	-2.08E-11	3.000407	0.0999996	-8.2E-12	3.000407
-8.00001	-1.94E-11	3.023632	0.1	-7.5E-12	3.023632
-7.90001	-1.95E-11	3.046853	0.0999999	-8E-12	3.046853
-7.80001	-4E-11	3.097599	0.1	-6E-12	3.097599
-7.70001	-1.99E-11	3.120845	0.0999998	-8.1E-12	3.120845
-7.6	-1.94E-11	3.144155	0.1	-7.7E-12	3.144155
-7.50001	-2.06E-11	3.167443	0.1	-7.9E-12	3.167443
-7.40001	-1.83E-11	3.190714	0.0999997	-7.9E-12	3.190714
-7.30001	-1.92E-11	3.214001	0.1	-7.7E-12	3.214001
-7.2	-1.74E-11	3.237233	0.0999999	-7.8E-12	3.237233
-7.10001	-1.84E-11	3.260535	0.0999998	-7.4E-12	3.260535
-7.00001	-1.7E-11	3.283856	0.0999998	-7.5E-12	3.283856
-6.90001	-1.61E-11	3.307067	0.0999999	-7.5E-12	3.307067
-6.80001	-1.57E-11	3.330286	0.0999998	-8.4E-12	3.330286
-6.70001	-1.73E-11	3.353579	0.0999999	-8.1E-12	3.353579
-6.60001	-1.48E-11	3.376781	0.0999998	-8.3E-12	3.376781
-6.50001	-1.47E-11	3.399994	0.0999999	-8.3E-12	3.399994
-6.40001	-1.42E-11	3.42322	0.0999999	-8E-12	3.42322
-6.30001	-1.5E-11	3.446503	0.0999998	-8.2E-12	3.446503
-6.20001	-1.48E-11	3.469793	0.1	-7.7E-12	3.469793
-6.10001	-1.3E-11	3.493001	0.0999999	-8E-12	3.493001
-6.00001	-1.22E-11	3.516218	0.0999999	-8.4E-12	3.516218
-5.90001	-1.33E-11	3.539502	0.0999998	-8.5E-12	3.539502
-5.80001	-3.3E-11	3.599674	0.1	-6.2E-12	3.599674
-5.70001	-1.53E-11	3.623022	0.0999998	-7.9E-12	3.623022
-5.60001	-1.22E-11	3.646331	0.0999998	-8E-12	3.646331
-5.50001	-1.2E-11	3.669567	0.1	-8.4E-12	3.669567
-5.40001	-1.27E-11	3.692921	0.0999999	-8.7E-12	3.692921
-5.30001	-1.06E-11	3.716124	0.0999997	-8.8E-12	3.716124
-5.20001	-9.6E-12	3.739349	0.0999997	-8.7E-12	3.739349
-5.1	-9E-12	3.762548	0.0999997	-8.9E-12	3.762548
-5.00001	-1.01E-11	3.78583	0.0999998	-8.7E-12	3.78583
-4.90001	-1.05E-11	3.809129	0.1	-8.6E-12	3.809129
-4.80001	-9.7E-12	3.832426	0.0999998	-8.7E-12	3.832426
-4.7	-9.2E-12	3.855721	0.0999998	-8.5E-12	3.855721
-4.60001	-9.2E-12	3.878999	0.0999998	-8.6E-12	3.878999
-4.50001	-7.7E-12	3.902216	0.0999998	-8.9E-12	3.902216
-4.40001	-6.3E-12	3.92543	0.0999998	-8.9E-12	3.92543
-4.3	-7.6E-12	3.948794	0.1000001	-8.7E-12	3.948794
-4.20001	-7.4E-12	3.972075	0.0999997	-8.4E-12	3.972075
-4.10001	-4.9E-12	3.995279	0.0999998	-6.7E-12	3.995279
-4.00001	-4.6E-12	4.018494	0.0999999	5.2E-12	4.018494
-3.90001	-6E-12	4.041875	0.0999999	5.99E-11	4.041875
-3.80001	-2.53E-11	4.100842	0.1000001	2.553E-10	4.100842
-3.70001	-6.8E-12	4.124139	0.1	9.352E-10	4.124139
-3.60001	-4.3E-12	4.147438	0.1000004	2.9067E-09	4.147438
-3.50001	-3.4E-12	4.170647	0.1000007	8.0201E-09	4.170647
-3.40001	-4.2E-12	4.19399	0.1000019	1.9471E-08	4.19399
-3.30001	-3.3E-12	4.217279	0.1000017	4.23013E-08	4.217279
-3.20001	-1.7E-12	4.240501	0.0999959	8.29229E-08	4.240501
-3.10001	-2.14E-11	4.280173	0.1000001	1.45507E-07	4.280173
-3.00001	-1.67E-11	4.304723	0.1000005	2.42872E-07	4.304723
-2.90001	-1.52E-11	4.32926	0.1000004	3.76193E-07	4.32926
-2.80001	-1.47E-11	4.353788	0.1000006	5.50438E-07	4.353788
-2.70001	-1.32E-11	4.378318	0.1000007	7.68829E-07	4.378318
-2.60001	-1.29E-11	4.402869	0.1000006	1.033713E-06	4.402869
-2.50001	-1.73E-11	4.437543	0.1000001	1.34051E-06	4.437543
-2.40001	-1.2E-11	4.462054	0.1	1.70074E-06	4.462054
-2.30001	-1.12E-11	4.486558	0.1000001	2.10578E-06	4.486558
-2.20001	-1.01E-11	4.511059	0.1000002	2.55456E-06	4.511059
-2.1	-1.29E-11	4.537466	0.1000001	3.04584E-06	4.537466
-2.000001	-8.5E-12	4.561996	0.1000001	3.57578E-06	4.561996
-1.900001	-1.38E-11	4.606984	0.1000003	4.13286E-06	4.606984
-1.800001	-8.3E-12	4.631547	0.1	4.73387E-06	4.631547
-1.7	-7E-12	4.656194	0.1000002	5.36167E-06	4.656194
-1.6	-5.4E-12	4.680705	0.1000002	6.01371E-06	4.680705
-1.5	-4.3E-12	4.70531	0.1000001	6.68872E-06	4.70531
-1.400001	-3.3E-12	4.729823	0.0999999	7.3824E-06	4.729823
-1.3	-2.5E-12	4.754373	0.1000001	8.09386E-06	4.754373
-1.2	-7E-13	4.778981	0.1	8.81992E-06	4.778981
-1.100001	7E-13	4.803492	0.1000001	9.55807E-06	4.803492
-1	1.2E-12	4.828054	0.1000002	1.030776E-05	4.828054
-0.900001	-2.5E-12	4.86273	0.1000001	1.10592E-05	4.86273
-0.8	3E-12	4.887279	0.1	1.18282E-05	4.887279
-0.700001	4.5E-12	4.911806	0.1000001	1.26036E-05	4.911806
-0.6	6E-12	4.936402	0.1	1.33857E-05	4.936402
-0.500001	7.7E-12	4.960991	0.1000001	1.41726E-05	4.960991
-0.4	9.2E-12	4.985491	0.1	1.49661E-05	4.985491
-0.3	1.06E-11	5.010008	0.1	1.57628E-05	5.010008
-0.2000001	9E-12	5.036507	0.1000003	1.65632E-05	5.036507
-0.0999997	1.41E-11	5.061022	0.1000001	1.73687E-05	5.061022
-2E-07	1.01E-11	5.103405	0.0999998	1.81743E-05	5.103405
0.1000002	1.63E-11	5.12791	0.0999999	1.89898E-05	5.12791
0.2000003	1.86E-11	5.152503	0.1	1.98095E-05	5.152503
0.299999	2.08E-11	5.177207	0.1	2.0634E-05	5.177207
0.4	2.28E-11	5.201764	0.0999999	2.14629E-05	5.201764
0.5	2.47E-11	5.226296	0.1000001	2.22962E-05	5.226296
0.599999	2.63E-11	5.25084	0.1	2.31325E-05	5.25084
0.7	2.88E-11	5.275359	0.1	2.39707E-05	5.275359
0.8	3.08E-11	5.299867	0.1000003	2.48118E-05	5.299867
0.9	3.23E-11	5.324374	0.0999999	2.56559E-05	5.324374
0.999999	3.37E-11	5.348885	0.1000001	2.65008E-05	5.348885
1.1	3.6E-11	5.373393	0.1000001	2.73472E-05	5.373393
1.2	3.72E-11	5.3979	0.0999999	2.81944E-05	5.3979
1.3	3.85E-11	5.422409	0.0999999	2.90433E-05	5.422409
1.4	4.03E-11	5.446923	0.1	2.98924E-05	5.446923
1.5	4.12E-11	5.471427	0.1000003	3.0742E-05	5.471427
1.599999	4.19E-11	5.49594	0.1000001	3.15931E-05	5.49594
1.699999	4.31E-11	5.520448	0.1000001	3.24447E-05	5.520448
1.8	4.4E-11	5.544952	0.1000002	3.32977E-05	5.544952
1.899999	3.74E-11	5.609673	0.1000001	3.41369E-05	5.609673
2	4.27E-11	5.634228	0.1000001	3.49944E-05	5.634228
2.099999	4.38E-11	5.658853	0.1000002	3.58508E-05	5.658853
2.19999	4.55E-11	5.683552	0.0999999	3.67029E-05	5.683552
2.29999	4.62E-11	5.708141	0.0999999	3.75592E-05	5.708141
2.39999	4.7E-11	5.732648	0.1	3.84161E-05	5.732648
2.49999	4.75E-11	5.757179	0.1000001	3.92728E-05	5.757179
2.59999	4.8E-11	5.781718	0.0999999	4.013E-05	5.781718
2.69999	4.85E-11	5.806283	0.1000001	4.09876E-05	5.806283
2.79999	4.88E-11	5.830827	0.1	4.18467E-05	5.830827
2.89999	4.98E-11	5.85535	0.1000004	4.27052E-05	5.85535
2.99999	4.97E-11	5.879894	0.1000002	4.35643E-05	5.879894
3.09999	5.04E-11	5.904408	0.1000003	4.44241E-05	5.904408
3.19999	5.02E-11	5.928917	0.1000001	4.52854E-05	5.928917
3.29999	5.08E-11	5.953497	0.0999999	4.61457E-05	5.953497
3.39999	5.13E-11	5.97802	0.1000002	4.70079E-05	5.97802
3.49999	5.19E-11	6.002561	0.0999999	4.78708E-05	6.002561
3.59999	5.2E-11	6.027092	0.1000002	4.87343E-05	6.027092
3.69999	5.21E-11	6.051596	0.1000001	4.95983E-05	6.051596
3.79999	4.56E-11	6.108368	0.1	5.0451E-05	6.108368
3.89999	5.04E-11	6.132885	0.1000001	5.13204E-05	6.132885
3.99999	5.16E-11	6.157491	0.0999999	5.2188E-05	6.157491
4.09999	5.18E-11	6.182006	0.0999999	5.30553E-05	6.182006
4.19999	5.28E-11	6.206602	0.1	5.39238E-05	6.206602
4.29999	5.25E-11	6.231114	0.1000001	5.47928E-05	6.231114
4.39999	5.31E-11	6.255647	0.1000001	5.56609E-05	6.255647
4.49999	5.31E-11	6.280213	0.1	5.65307E-05	6.280213
4.59999	5.35E-11	6.304724	0.1	5.74016E-05	6.304724
4.69999	5.39E-11	6.329231	0.1	5.82732E-05	6.329231
4.79999	5.41E-11	6.353761	0.0999999	5.91447E-05	6.353761
4.89999	5.43E-11	6.378311	0.1	6.00171E-05	6.378311
4.99999	5.51E-11	6.402853	0.0999999	6.08903E-05	6.402853
5.09999	5.49E-11	6.427416	0.0999999	6.17655E-05	6.427416
5.19999	5.54E-11	6.451925	0.1	6.26396E-05	6.451925
5.29999	5.54E-11	6.476425	0.0999999	6.3516E-05	6.476425
5.39999	5.53E-11	6.500958	0.1000002	6.4393E-05	6.500958
5.49999	5.58E-11	6.525481	0.1000003	6.52702E-05	6.525481
5.59999	5.6E-11	6.550032	0.1000002	6.61473E-05	6.550032
5.69999	4.91E-11	6.610249	0.1000001	6.70167E-05	6.610249
5.79999	5.41E-11	6.634837	0.1000002	6.78999E-05	6.634837
5.89999	5.51E-11	6.659425	0.1000002	6.87837E-05	6.659425
5.99999	5.56E-11	6.683964	0.0999997	6.96662E-05	6.683964
6.09999	5.6E-11	6.708544	0.1000002	7.05484E-05	6.708544
6.19999	5.52E-11	6.733163	0.1000001	7.14317E-05	6.733163
6.29999	5.62E-11	6.75767	0.0999999	7.23167E-05	6.75767
6.39999	5.66E-11	6.782227	0.1000003	7.32014E-05	6.782227
6.49999	5.71E-11	6.806731	0.1	7.40876E-05	6.806731
6.59999	5.7E-11	6.831253	0.1000002	7.49737E-05	6.831253
6.69999	5.67E-11	6.855768	0.1000001	7.58619E-05	6.855768
6.79999	5.73E-11	6.880306	0.0999999	7.67503E-05	6.880306
6.89999	5.75E-11	6.90482	0.1	7.76387E-05	6.90482
6.99999	5.75E-11	6.929354	0.1000002	7.85291E-05	6.929354
7.09999	5.82E-11	6.953968	0.1	7.94214E-05	6.953968
7.19999	5.81E-11	6.978495	0.1000003	8.03129E-05	6.978495
7.29999	5.81E-11	7.003017	0.0999998	8.1206E-05	7.003017
7.39999	5.82E-11	7.027547	0.1000001	8.20989E-05	7.027547
7.49999	5.87E-11	7.052061	0.1000001	8.29938E-05	7.052061
7.59999	5.19E-11	7.111681	0.1000003	8.388E-05	7.111681
7.69999	5.63E-11	7.136238	0.1000001	8.47804E-05	7.136238
7.79999	5.73E-11	7.160803	0.1000001	8.56788E-05	7.160803
7.89999	5.76E-11	7.185337	0.1000002	8.65781E-05	7.185337
7.99999	5.76E-11	7.209934	0.1000001	8.74786E-05	7.209934
8.09999	5.86E-11	7.234454	0.0999999	8.83794E-05	7.234454
8.19999	5.88E-11	7.258947	0.1000002	8.92797E-05	7.258947
8.29999	5.85E-11	7.283528	0.0999998	9.01814E-05	7.283528
8.39999	5.87E-11	7.308075	0.0999998	9.10844E-05	7.308075
8.49999	5.88E-11	7.332641	0.1000001	9.19897E-05	7.332641
8.59999	5.86E-11	7.357172	0.1	9.28924E-05	7.357172
8.69999	5.89E-11	7.3817	0.1000002	9.37987E-05	7.3817
8.79999	5.96E-11	7.40625	0.0999998	9.47054E-05	7.40625
8.89999	5.99E-11	7.430785	0.1000001	9.56133E-05	7.430785
8.99999	5.96E-11	7.455304	0.1000001	9.65223E-05	7.455304
9.09999	5.97E-11	7.479951	0.1	9.74306E-05	7.479951
9.19999	6.05E-11	7.504474	0.1000002	9.83402E-05	7.504474
9.29999	6.06E-11	7.528992	0.1000002	9.92493E-05	7.528992
9.39999	6.03E-11	7.55352	0.0999999	0.0001001647	7.55352
9.49999	5.41E-11	7.613914	0.1000001	0.0001010745	7.613914
9.59999	5.93E-11	7.638469	0.1000002	0.0001019926	7.638469
9.69999	5.95E-11	7.663109	0.0999999	0.0001029099	7.663109
9.79999	5.95E-11	7.68763	0.1	0.0001038262	7.68763
9.89999	6.04E-11	7.712212	0.0999999	0.0001047439	7.712212
9.99999	5.64E-11	7.741803	0.0999999	0.00010563	7.741803
9.9	4.72E-11	7.766334	0.1000001	0.000104697	7.766334
9.8	4.36E-11	7.790873	0.0999999	0.00010377	7.790873
9.7	4.16E-11	7.815385	0.1000001	0.000102845	7.815385
9.6	4E-11	7.839914	0.0999999	0.000101922	7.839914
9.5	3.84E-11	7.864433	0.1000001	0.000101001	7.864433
9.4	3.78E-11	7.888976	0.1	0.000100081	7.888976
9.3	3.64E-11	7.913522	0.0999999	9.9161E-05	7.913522
9.2	3.58E-11	7.938061	0.0999999	9.8242E-05	7.938061
9.1	3.52E-11	7.962704	0.1000001	9.7325E-05	7.962704
9	3.45E-11	7.987225	0.0999999	9.6412E-05	7.987225
8.9	3.4E-11	8.011757	0.0999999	9.5503E-05	8.011757
8.8	3.33E-11	8.036308	0.0999998	9.4585E-05	8.036308
8.7	3.22E-11	8.060844	0.0999999	9.3671E-05	8.060844
8.6	3.8E-11	8.113675	0.0999999	9.276E-05	8.113675
8.5	3.25E-11	8.138246	0.1000001	9.1846E-05	8.138246
8.4	3.14E-11	8.162845	0.1	9.0935E-05	8.162845
8.3	3.1E-11	8.187392	0.0999999	9.0022E-05	8.187392
8.2	3.37E-11	8.215313	0.1000001	8.91466E-05	8.215313
8.1	2.98E-11	8.239841	0.0999999	8.82386E-05	8.239841
8	2.93E-11	8.264359	0.0999998	8.73298E-05	8.264359
7.9	2.87E-11	8.289051	0.1000001	8.64238E-05	8.289051
7.8	2.89E-11	8.313565	0.1	8.55185E-05	8.313565
7.7	2.84E-11	8.33809	0.0999998	8.46133E-05	8.33809
7.6	2.78E-11	8.362595	0.1	8.371E-05	8.362595
7.5	2.69E-11	8.387114	0.0999997	8.28079E-05	8.387114
7.4	2.67E-11	8.411631	0.1	8.1906E-05	8.411631
7.3	2.63E-11	8.436212	0.1	8.10053E-05	8.436212
7.2	2.58E-11	8.460741	0.0999998	8.01045E-05	8.460741
7.1	2.48E-11	8.485257	0.0999997	7.92063E-05	8.485257
7	2.48E-11	8.509941	0.1000001	7.83074E-05	8.509941
6.9	2.49E-11	8.534459	0.1	7.74097E-05	8.534459
6.8	2.43E-11	8.558991	0.0999999	7.65129E-05	8.558991
6.7	3.08E-11	8.614831	0.0999998	7.56225E-05	8.614831
6.6	2.5E-11	8.639397	0.1	7.47264E-05	8.639397
6.5	2.43E-11	8.664004	0.1000001	7.38303E-05	8.664004
6.4	2.44E-11	8.688553	0.1	7.29363E-05	8.688553
6.3	2.32E-11	8.713139	0.1000001	7.20435E-05	8.713139
6.2	2.21E-11	8.737663	0.0999999	7.11516E-05	8.737663
6.1	2.17E-11	8.762165	0.1000001	7.02602E-05	8.762165
6	2.12E-11	8.786698	0.0999998	6.93695E-05	8.786698
5.9	2.07E-11	8.811211	0.0999999	6.84802E-05	8.811211
5.8	2.08E-11	8.835749	0.1	6.75899E-05	8.835749
5.7	2.08E-11	8.860274	0.0999998	6.67026E-05	8.860274
5.6	2.03E-11	8.884804	0.1	6.58151E-05	8.884804
5.5	1.93E-11	8.909301	0.0999999	6.49286E-05	8.909301
5.4	1.93E-11	8.933816	0.1	6.40427E-05	8.933816
5.3	1.9E-11	8.958448	0.0999999	6.31562E-05	8.958448
5.2	1.78E-11	8.98306	0.0999999	6.22728E-05	8.98306
5.1	1.8E-11	9.007623	0.0999999	6.13888E-05	9.007623
5	1.74E-11	9.032112	0.1	6.05056E-05	9.032112
4.9	1.69E-11	9.056627	0.1000001	5.96232E-05	9.056627
4.8	2.32E-11	9.118133	0.0999999	5.87489E-05	9.118133
4.7	1.82E-11	9.142659	0.0999999	5.78682E-05	9.142659
4.6	1.75E-11	9.167325	0.1	5.69871E-05	9.167325
4.5	1.63E-11	9.191872	0.1	5.61078E-05	9.191872
4.4	1.56E-11	9.216459	0.1000001	5.52295E-05	9.216459
4.3	1.52E-11	9.240998	0.0999998	5.43532E-05	9.240998
4.2	1.43E-11	9.265518	0.1000001	5.34771E-05	9.265518
4.1	1.39E-11	9.290135	0.0999999	5.26008E-05	9.290135
4	1.32E-11	9.314657	0.0999998	5.17256E-05	9.314657
3.9	1.24E-11	9.339178	0.1000001	5.08511E-05	9.339178
3.8	1.18E-11	9.363682	0.1000001	4.99771E-05	9.363682
3.7	1.09E-11	9.388227	0.0999999	4.91051E-05	9.388227
3.6	1.04E-11	9.412758	0.1000001	4.82333E-05	9.412758
3.5	1.02E-11	9.437306	0.1	4.73621E-05	9.437306
3.4	9.9E-12	9.461843	0.0999998	4.64915E-05	9.461843
3.3	9.3E-12	9.486357	0.0999999	4.56215E-05	9.486357
3.2	8.2E-12	9.510897	0.0999999	4.47527E-05	9.510897
3.1	7.5E-12	9.535413	0.0999998	4.38851E-05	9.535413
3	7E-12	9.559957	0.1	4.30172E-05	9.559957
2.9	1.29E-11	9.619405	0.1000002	4.21566E-05	9.619405
2.8	7E-12	9.643992	0.1000001	4.12894E-05	9.643992
2.7	5.9E-12	9.668637	0.0999998	4.0424E-05	9.668637
2.6	5E-12	9.693194	0.1	3.95596E-05	9.693194
2.5	4.2E-12	9.717779	0.1000001	3.8696E-05	9.717779
2.4	3.4E-12	9.742291	0.0999999	3.78337E-05	9.742291
2.3	2.2E-12	9.766825	0.1	3.69722E-05	9.766825
2.2	1.2E-12	9.791441	0.0999999	3.61119E-05	9.791441
2.099999	3.5E-12	9.817865	0.1000002	3.52556E-05	9.817865
2	-5E-13	9.84238	0.1000001	3.43965E-05	9.84238
1.9	-1.4E-12	9.866937	0.0999999	3.35395E-05	9.866937
1.8	-2.6E-12	9.891454	0.0999999	3.26827E-05	9.891454
1.7	-3.5E-12	9.915975	0.0999999	3.18275E-05	9.915975
1.6	-4.9E-12	9.940511	0.1	3.09733E-05	9.940511
1.5	-5.9E-12	9.965133	0.0999998	3.01211E-05	9.965133
1.4	-6.9E-12	9.989737	0.1	2.92701E-05	9.989737
1.3	-8.8E-12	10.014242	0.1000002	2.84199E-05	10.014242
1.2	-1.02E-11	10.03876	0.1	2.75721E-05	10.03876
1.1	-1.16E-11	10.063299	0.1000002	2.67266E-05	10.063299
1	-6.6E-12	10.120858	0.0999999	2.58872E-05	10.120858
0.9	-1.34E-11	10.145377	0.0999999	2.50454E-05	10.145377
0.8	-1.56E-11	10.169984	0.0999999	2.42069E-05	10.169984
0.7	-1.73E-11	10.19449	0.1000001	2.33716E-05	10.19449
0.6	-2E-11	10.219068	0.0999999	2.254E-05	10.219068
0.5	-2.23E-11	10.243571	0.0999999	2.17127E-05	10.243571
0.4	-2.42E-11	10.268091	0.1	2.08895E-05	10.268091
0.3	-2.64E-11	10.29264	0.0999999	2.00718E-05	10.29264
0.2	-2.52E-11	10.319104	0.1	1.92604E-05	10.319104
0.0999995	-3.07E-11	10.343615	0.0999999	1.8453E-05	10.343615
-3E-07	-3.3E-11	10.368124	0.1	1.76509E-05	10.368124
#scan	iMeasureCycle=2	iMux=0	time=279.621	N=401	LocalTime=20/04/2023 04:00:21
#VGate(V)	IGate(A)	time(s)	VDrain(V)	IDrain(A)	time(s)
-2E-07	-1.2E-11	279.62853	0.1	1.78592E-05	279.62853
-0.1000004	-1.96E-11	279.653408	0.0999998	1.70497E-05	279.653408
-0.2000001	-2.13E-11	279.678996	0.1000001	1.62455E-05	279.678996
-0.3	-2.71E-11	279.703709	0.0999996	1.54457E-05	279.703709
-0.4	-3.04E-11	279.728224	0.1	1.465E-05	279.728224
-0.5	-3.3E-11	279.752794	0.1000002	1.38599E-05	279.752794
-0.6	-3.47E-11	279.777323	0.0999999	1.30751E-05	279.777323
-0.7	-3.62E-11	279.801941	0.1	1.22969E-05	279.801941
-0.8	-3.83E-11	279.82649	0.1	1.15255E-05	279.82649
-0.9	-4.01E-11	279.850949	0.0999999	1.07626E-05	279.850949
-1	-4.1E-11	279.875496	0.1	1.00082E-05	279.875496
-1.1	-4.26E-11	279.900017	0.0999998	9.2638E-06	279.900017
-1.2	-3.97E-11	279.927144	0.0999999	8.53541E-06	279.927144
-1.3	-4.33E-11	279.95173	0.1	7.81618E-06	279.95173
-1.4	-4.47E-11	279.976229	0.0999999	7.11214E-06	279.976229
-1.5	-4.59E-11	280.000842	0.1	6.42676E-06	280.000842
-1.6	-4.64E-11	280.025346	0.0999999	5.76154E-06	280.025346
-1.7	-4.72E-11	280.049907	0.0999998	5.11978E-06	280.049907
-1.8	-4.76E-11	280.074433	0.0999999	4.50427E-06	280.074433
-1.9	-4.86E-11	280.09895	0.1	3.91891E-06	280.09895
-2	-4.92E-11	280.123449	0.1	3.36653E-06	280.123449
-2.1	-4.99E-11	280.148059	0.1000002	2.8511E-06	280.148059
-2.2	-4.36E-11	280.19457	0.1	2.37731E-06	280.19457
-2.3	-4.93E-11	280.219121	0.0999998	1.94271E-06	280.219121
-2.4	-5.03E-11	280.243643	0.1000001	1.55406E-06	280.243643
-2.5	-5.03E-11	280.268217	0.0999999	1.21218E-06	280.268217
-2.6	-5.1E-11	280.292786	0.0999999	9.1728E-07	280.292786
-2.7	-4.8E-11	280.32011	0.0999997	6.7122E-07	280.32011
-2.8	-5.2E-11	280.344633	0.0999996	4.69339E-07	280.344633
-2.9	-5.23E-11	280.369238	0.0999995	3.11532E-07	280.369238
-3	-5.27E-11	280.393773	0.0999998	1.94125E-07	280.393773
-3.1	-5.29E-11	280.418301	0.0999997	1.12192E-07	280.418301
-3.2	-4.82E-11	280.456029	0.0999961	6.00565E-08	280.456029
-3.3	-6.79E-11	280.479339	0.1000067	2.8495E-08	280.479339
-3.4	-6.84E-11	280.50266	0.1000031	1.20595E-08	280.50266
-3.5	-6.79E-11	280.525964	0.1000012	4.5159E-09	280.525964
-3.6	-6.97E-11	280.549226	0.1000004	1.4895E-09	280.549226
-3.7	-7.08E-11	280.572442	0.1000003	4.379E-10	280.572442
-3.8	-6.95E-11	280.595733	0.1000001	1.097E-10	280.595733
-3.9	-6.9E-11	280.619013	0.1000001	1.93E-11	280.619013
-4	-7.13E-11	280.642232	0.1000002	-1E-12	280.642232
-4.1	-5.12E-11	280.690431	0.1	-6.2E-12	280.690431
-4.2	-7.11E-11	280.713656	0.1	-4.7E-12	280.713656
-4.3	-7E-11	280.736952	0.1000001	-5E-12	280.736952
-4.4	-6.9E-11	280.760278	0.1000001	-5.2E-12	280.760278
-4.5	-7.19E-11	280.783552	0.1	-5E-12	280.783552
-4.6	-7.17E-11	280.806807	0.1000003	-4.8E-12	280.806807
-4.7	-7.12E-11	280.830126	0.1000001	-4.9E-12	280.830126
-4.8	-7.27E-11	280.853363	0.1000003	-4.9E-12	280.853363
-4.9	-7.41E-11	280.876662	0.1000004	-4.9E-12	280.876662
-5	-7.28E-11	280.899945	0.1000003	-4.8E-12	280.899945
-5.1	-7.27E-11	280.923242	0.1000002	-5E-12	280.923242
-5.2	-7.48E-11	280.946447	0.1000003	-4.7E-12	280.946447
-5.3	-7.52E-11	280.969679	0.1000001	-4.3E-12	280.969679
-5.4	-7.37E-11	280.992965	0.1	-4.6E-12	280.992965
-5.5	-7.34E-11	281.01635	0.1000002	-4.3E-12	281.01635
-5.6	-7.57E-11	281.039693	0.1	-4.4E-12	281.039693
-5.7	-7.58E-11	281.062934	0.1000001	-4.3E-12	281.062934
-5.8	-7.42E-11	281.086236	0.1000001	-4E-12	281.086236
-5.9	-7.64E-11	281.109454	0.1000001	-4.1E-12	281.109454
-6	-7.69E-11	281.132672	0.1000001	-4.1E-12	281.132672
-6.1	-5.52E-11	281.17898	0.0999999	-6E-12	281.17898
-6.2	-7.34E-11	281.202346	0.1000001	-4.7E-12	281.202346
-6.3	-7.35E-11	281.225744	0.1	-4.6E-12	281.225744
-6.4	-7.63E-11	281.248969	0.1000002	-4.4E-12	281.248969
-6.5	-7.54E-11	281.272251	0.1000002	-4.7E-12	281.272251
-6.6	-7.71E-11	281.295532	0.1000002	-4.6E-12	281.295532
-6.7	-7.73E-11	281.318756	0.1000001	-4.3E-12	281.318756
-6.8	-7.59E-11	281.34205	0.1000002	-4.3E-12	281.34205
-6.9	-7.62E-11	281.365327	0.1000001	-4.5E-12	281.365327
-7	-7.59E-11	281.388635	0.1000002	-4.8E-12	281.388635
-7.1	-7.8E-11	281.411854	0.1	-4.1E-12	281.411854
-7.2	-7.85E-11	281.435064	0.1000001	-4.4E-12	281.435064
-7.3	-7.67E-11	281.458416	0.1000001	-4.2E-12	281.458416
-7.4	-7.81E-11	281.481727	0.1000002	-4.2E-12	281.481727
-7.5	-7.79E-11	281.505061	0.1000002	-4.3E-12	281.505061
-7.6	-7.68E-11	281.528355	0.1000003	-4.4E-12	281.528355
-7.7	-7.68E-11	281.551677	0.1000001	-4.1E-12	281.551677
-7.8	-7.89E-11	281.574889	0.1000002	-3.7E-12	281.574889
-7.9	-7.86E-11	281.598117	0.1000001	-3.5E-12	281.598117
-8	-7.81E-11	281.621407	0.1000002	-3.9E-12	281.621407
-8.1	-7.82E-11	281.644702	0.1	-3.8E-12	281.644702
-8.2	-5.93E-11	281.695124	0.1	-5.5E-12	281.695124
-8.3	-7.85E-11	281.718357	0.1	-4E-12	281.718357
-8.4	-7.79E-11	281.741639	0.1000002	-4.2E-12	281.741639
-8.5	-7.75E-11	281.764932	0.1	-3.9E-12	281.764932
-8.6	-8E-11	281.788196	0.1	-3.9E-12	281.788196
-8.7	-8.01E-11	281.811501	0.1	-4.3E-12	281.811501
-8.8	-7.86E-11	281.834796	0.1000001	-4.5E-12	281.834796
-8.9	-8.04E-11	281.858017	0.1000003	-3.7E-12	281.858017
-9	-8.13E-11	281.881243	0.1000002	-3.7E-12	281.881243
-9.1	-8.09E-11	281.904461	0.1	-3.6E-12	281.904461
-9.2	-7.9E-11	281.927758	0.1000002	-3.7E-12	281.927758
-9.3	-7.93E-11	281.951051	0.1000001	-3.8E-12	281.951051
-9.4	-8.11E-11	281.974354	0.1000001	-3.7E-12	281.974354
-9.5	-7.98E-11	281.997658	0.1	-4.2E-12	281.997658
-9.6	-7.97E-11	282.02104	0.1000001	-4.1E-12	282.02104
-9.7	-8.12E-11	282.044286	0.1000002	-3.4E-12	282.044286
-9.8	-8.17E-11	282.067499	0.1000001	-3.5E-12	282.067499
-9.9	-8.05E-11	282.090798	0.1000002	-4E-12	282.090798
-10	-8.14E-11	282.11403	0.1000001	-4E-12	282.11403
-9.90001	-3.94E-11	282.137237	0.0999998	-7.4E-12	282.137237
-9.80001	-5.39E-11	282.196573	0.1000001	-5.9E-12	282.196573
-9.70001	-3.32E-11	282.219815	0.0999997	-7.6E-12	282.219815
-9.60001	-3.32E-11	282.243101	0.0999996	-7.3E-12	282.243101
-9.50001	-3.04E-11	282.266339	0.0999997	-7.4E-12	282.266339
-9.40001	-2.93E-11	282.289643	0.0999997	-7.5E-12	282.289643
-9.30001	-2.74E-11	282.312865	0.0999996	-7.8E-12	282.312865
-9.20001	-2.82E-11	282.336152	0.0999997	-7.4E-12	282.336152
-9.10001	-2.76E-11	282.359423	0.0999997	-7.7E-12	282.359423
-9.00001	-2.49E-11	282.382634	0.0999997	-7.9E-12	282.382634
-8.90001	-2.65E-11	282.405941	0.0999997	-7.4E-12	282.405941
-8.80001	-2.39E-11	282.429155	0.0999997	-7.5E-12	282.429155
-8.70001	-2.35E-11	282.452379	0.0999997	-7.2E-12	282.452379
-8.60001	-2.3E-11	282.475612	0.0999996	-7.6E-12	282.475612
-8.50001	-2.24E-11	282.498903	0.0999998	-7.4E-12	282.498903
-8.4	-2.39E-11	282.522282	0.0999998	-7E-12	282.522282
-8.30001	-2.14E-11	282.545531	0.0999998	-7.4E-12	282.545531
-8.20001	-2.09E-11	282.568743	0.0999997	-7.6E-12	282.568743
-8.10001	-2.17E-11	282.592034	0.0999997	-7.3E-12	282.592034
-8	-2.13E-11	282.615321	0.0999999	-7.5E-12	282.615321
-7.90001	-1.91E-11	282.63864	0.0999995	-7.8E-12	282.63864
-7.80001	-4.02E-11	282.697885	0.1000001	-5.7E-12	282.697885
-7.70001	-2.18E-11	282.7212	0.0999998	-7.5E-12	282.7212
-7.6	-1.97E-11	282.744425	0.0999997	-7.6E-12	282.744425
-7.50001	-1.89E-11	282.767643	0.0999996	-7.5E-12	282.767643
-7.40001	-1.82E-11	282.790922	0.0999998	-7.7E-12	282.790922
-7.30001	-1.9E-11	282.814303	0.0999998	-8E-12	282.814303
-7.2	-1.86E-11	282.837588	0.0999997	-7.4E-12	282.837588
-7.10001	-1.7E-11	282.860826	0.0999998	-7.9E-12	282.860826
-7.00001	-1.63E-11	282.884124	0.0999998	-8E-12	282.884124
-6.90001	-1.77E-11	282.907409	0.0999999	-7.9E-12	282.907409
-6.80001	-1.71E-11	282.930701	0.0999996	-8.2E-12	282.930701
-6.70001	-1.51E-11	282.953907	0.0999996	-8.2E-12	282.953907
-6.60001	-1.41E-11	282.977118	0.0999999	-8E-12	282.977118
-6.50001	-1.64E-11	283.000415	0.0999997	-8.3E-12	283.000415
-6.40001	-1.43E-11	283.023729	0.0999996	-8.6E-12	283.023729
-6.30001	-1.39E-11	283.046977	0.0999999	-8.5E-12	283.046977
-6.20001	-1.29E-11	283.070203	0.0999996	-8.4E-12	283.070203
-6.10001	-1.42E-11	283.093494	0.0999997	-8.4E-12	283.093494
-6.00001	-1.22E-11	283.116707	0.0999998	-8.3E-12	283.116707
-5.90001	-1.4E-11	283.140005	0.0999999	-8E-12	283.140005
-5.80001	-3.3E-11	283.199392	0.1	-7E-12	283.199392
-5.70001	-1.44E-11	283.222765	0.0999998	-8.5E-12	283.222765
-5.60001	-1.4E-11	283.246068	0.0999998	-8.7E-12	283.246068
-5.50001	-1.13E-11	283.269282	0.0999997	-8.3E-12	283.269282
-5.40001	-1.12E-11	283.292535	0.0999998	-8.7E-12	283.292535
-5.30001	-1.2E-11	283.315836	0.0999998	-8.4E-12	283.315836
-5.20001	-1.13E-11	283.339125	0.0999997	-8.7E-12	283.339125
-5.1	-9.3E-12	283.36233	0.0999997	-9.1E-12	283.36233
-5.00001	-1.08E-11	283.385623	0.0999996	-8.6E-12	283.385623
-4.90001	-9.4E-12	283.408915	0.0999998	-9E-12	283.408915
-4.80001	-7.9E-12	283.432109	0.0999998	-9E-12	283.432109
-4.7	-7.1E-12	283.455322	0.0999997	-9.3E-12	283.455322
-4.60001	-7E-12	283.47855	0.0999995	-8.8E-12	283.47855
-4.50001	-8.6E-12	283.501913	0.0999998	-8.5E-12	283.501913
-4.40001	-6.3E-12	283.52523	0.0999996	-8.8E-12	283.52523
-4.3	-5.4E-12	283.548468	0.0999997	-8.9E-12	283.548468
-4.20001	-5.4E-12	283.571699	0.0999997	-8.7E-12	283.571699
-4.10001	-6.5E-12	283.594994	0.0999998	-7.2E-12	283.594994
-4.00001	-4.6E-12	283.618211	0.0999997	2E-12	283.618211
-3.90001	-3.3E-12	283.641421	0.0999998	4.81E-11	283.641421
-3.80001	-2.46E-11	283.700691	0.0999999	2.153E-10	283.700691
-3.70001	-4E-12	283.723924	0.0999998	7.966E-10	283.723924
-3.60001	-4.9E-12	283.747218	0.1000001	2.5075E-09	283.747218
-3.50001	-2.4E-12	283.770419	0.1000006	7.006E-09	283.770419
-3.40001	-3.4E-12	283.793853	0.1000018	1.73848E-08	283.793853
-3.30001	-3.2E-12	283.817227	0.1000021	3.83737E-08	283.817227
-3.20001	-1E-12	283.840427	0.0999977	7.62643E-08	283.840427
-3.10001	-2.06E-11	283.87997	0.1000002	1.35582E-07	283.87997
-3.00001	-1.58E-11	283.904499	0.1000003	2.28385E-07	283.904499
-2.90001	-1.42E-11	283.929004	0.1000005	3.56679E-07	283.929004
-2.80001	-1.41E-11	283.953547	0.1000006	5.25502E-07	283.953547
-2.70001	-1.3E-11	283.978051	0.1000006	7.37823E-07	283.978051
-2.60001	-1.23E-11	284.002574	0.1000009	9.95933E-07	284.002574
-2.50001	-1.68E-11	284.037228	0.1000001	1.29601E-06	284.037228
-2.40001	-1.14E-11	284.0618	0.1000001	1.64881E-06	284.0618
-2.30001	-1.04E-11	284.086352	0.1000001	2.04609E-06	284.086352
-2.20001	-9.6E-12	284.110897	0.0999999	2.4865E-06	284.110897
-2.1	-1.2E-11	284.137317	0.1	2.96992E-06	284.137317
-2	-8.4E-12	284.161985	0.1000002	3.49139E-06	284.161985
-1.900001	-1.36E-11	284.207085	0.0999999	4.04046E-06	284.207085
-1.8	-7.6E-12	284.231602	0.1	4.63268E-06	284.231602
-1.7	-6.2E-12	284.256125	0.1	5.25203E-06	284.256125
-1.6	-5.1E-12	284.280663	0.1000002	5.89607E-06	284.280663
-1.5	-4.2E-12	284.305255	0.1000001	6.56232E-06	284.305255
-1.4	-2.9E-12	284.329782	0.1000001	7.24869E-06	284.329782
-1.3	-2E-12	284.354301	0.1000002	7.95251E-06	284.354301
-1.200001	-9E-13	284.378824	0.1000001	8.67081E-06	284.378824
-1.100001	2E-13	284.403343	0.0999998	9.40233E-06	284.403343
-1	1.1E-12	284.427888	0.1000001	1.014521E-05	284.427888
-0.900001	-2.6E-12	284.462541	0.0999999	1.08907E-05	284.462541
-0.8	2.7E-12	284.487171	0.0999999	1.16531E-05	284.487171
-0.7	4.8E-12	284.511817	0.1000001	1.2423E-05	284.511817
-0.6	5.6E-12	284.53643	0.1000002	1.31991E-05	284.53643
-0.5	7.7E-12	284.560961	0.1	1.39811E-05	284.560961
-0.400001	9.7E-12	284.585471	0.1000001	1.47684E-05	284.585471
-0.3	1.09E-11	284.609979	0.1	1.556E-05	284.609979
-0.2	9.3E-12	284.636401	0.1000001	1.63562E-05	284.636401
-0.0999997	1.41E-11	284.660899	0.1	1.71575E-05	284.660899
-3E-07	9.6E-12	284.707887	0.1	1.79574E-05	284.707887
0.1000004	1.61E-11	284.732384	0.0999999	1.87689E-05	284.732384
0.2000005	1.87E-11	284.756913	0.1000001	1.95845E-05	284.756913
0.299999	2.08E-11	284.781631	0.1	2.04043E-05	284.781631
0.4	2.3E-11	284.806282	0.1	2.12299E-05	284.806282
0.5	2.48E-11	284.830903	0.0999999	2.20597E-05	284.830903
0.6	2.69E-11	284.855406	0.1000001	2.2894E-05	284.855406
0.7	2.89E-11	284.879921	0.1	2.37314E-05	284.879921
0.799999	3.08E-11	284.90444	0.1000002	2.45724E-05	284.90444
0.9	3.25E-11	284.928953	0.1	2.54161E-05	284.928953
0.999999	3.45E-11	284.953455	0.1000001	2.62622E-05	284.953455
1.1	3.55E-11	284.977967	0.1000001	2.7111E-05	284.977967
1.2	3.76E-11	285.002476	0.1000001	2.7961E-05	285.002476
1.3	3.88E-11	285.027092	0.1	2.88132E-05	285.027092
1.399999	4.04E-11	285.051862	0.1000001	2.96661E-05	285.051862
1.5	4.16E-11	285.07637	0.1000001	3.0521E-05	285.07637
1.599999	4.24E-11	285.100896	0.1	3.13769E-05	285.100896
1.699999	4.38E-11	285.125395	0.1000001	3.22343E-05	285.125395
1.8	4.49E-11	285.14993	0.0999999	3.30913E-05	285.14993
1.899999	3.78E-11	285.209646	0.1	3.39423E-05	285.209646
2	4.36E-11	285.234275	0.1	3.48028E-05	285.234275
2.099999	4.46E-11	285.25882	0.1000001	3.56635E-05	285.25882
2.19999	4.53E-11	285.28353	0.1000001	3.65212E-05	285.28353
2.29999	4.62E-11	285.308186	0.1	3.73819E-05	285.308186
2.39999	4.73E-11	285.332702	0.0999999	3.8244E-05	285.332702
2.49999	4.77E-11	285.357258	0.0999999	3.91047E-05	285.357258
2.59999	4.81E-11	285.381769	0.0999999	3.99681E-05	285.381769
2.69999	4.84E-11	285.406331	0.1	4.08309E-05	285.406331
2.79999	4.91E-11	285.430847	0.1000003	4.16931E-05	285.430847
2.89999	4.94E-11	285.455349	0.1	4.25562E-05	285.455349
2.99999	5.01E-11	285.479857	0.0999999	4.34201E-05	285.479857
3.09999	5E-11	285.504491	0.1000001	4.42839E-05	285.504491
3.19999	5.09E-11	285.529101	0.1000001	4.51478E-05	285.529101
3.29999	5.12E-11	285.553761	0.0999999	4.60115E-05	285.553761
3.39999	5.16E-11	285.578332	0.1	4.68764E-05	285.578332
3.49999	5.16E-11	285.602858	0.1	4.77406E-05	285.602858
3.59999	5.19E-11	285.627383	0.1000002	4.86071E-05	285.627383
3.69999	5.2E-11	285.651887	0.1	4.9472E-05	285.651887
3.79999	4.53E-11	285.70818	0.1000002	5.03291E-05	285.70818
3.89999	5.11E-11	285.732699	0.1000002	5.11991E-05	285.732699
3.99999	5.17E-11	285.757216	0.1000001	5.20684E-05	285.757216
4.09999	5.21E-11	285.781738	0.1000001	5.2938E-05	285.781738
4.19999	5.29E-11	285.8063	0.1000001	5.38071E-05	285.8063
4.29999	5.31E-11	285.831007	0.1	5.46768E-05	285.831007
4.39999	5.35E-11	285.855532	0.1000001	5.5546E-05	285.855532
4.49999	5.38E-11	285.880043	0.1000002	5.64176E-05	285.880043
4.59999	5.42E-11	285.904569	0.1000001	5.72886E-05	285.904569
4.69999	5.45E-11	285.929092	0.1000001	5.81601E-05	285.929092
4.79999	5.44E-11	285.953645	0.0999998	5.90324E-05	285.953645
4.89999	5.49E-11	285.97818	0.1000003	5.99076E-05	285.97818
4.99999	5.48E-11	286.002736	0.1000001	6.07809E-05	286.002736
5.09999	5.49E-11	286.027327	0.1000001	6.1656E-05	286.027327
5.19999	5.47E-11	286.052057	0.0999999	6.25321E-05	286.052057
5.29999	5.54E-11	286.076706	0.1000003	6.34089E-05	286.076706
5.39999	5.61E-11	286.101218	0.1000001	6.42859E-05	286.101218
5.49999	5.59E-11	286.125786	0.1	6.51629E-05	286.125786
5.59999	5.66E-11	286.150292	0.0999999	6.60423E-05	286.150292
5.69999	4.97E-11	286.210018	0.1000002	6.69115E-05	286.210018
5.79999	5.43E-11	286.234549	0.1	6.77958E-05	286.234549
5.89999	5.57E-11	286.259085	0.1000002	6.8679E-05	286.259085
5.99999	5.56E-11	286.283631	0.1000003	6.95621E-05	286.283631
6.09999	5.63E-11	286.308209	0.0999999	7.04455E-05	286.308209
6.19999	5.65E-11	286.332715	0.1	7.13296E-05	286.332715
6.29999	5.66E-11	286.357237	0.1	7.22139E-05	286.357237
6.39999	5.66E-11	286.381758	0.1000003	7.31005E-05	286.381758
6.49999	5.69E-11	286.406303	0.1000001	7.39867E-05	286.406303
6.59999	5.71E-11	286.430863	0.1000001	7.48749E-05	286.430863
6.69999	5.75E-11	286.455378	0.1000003	7.57617E-05	286.455378
6.79999	5.76E-11	286.479899	0.1	7.66507E-05	286.479899
6.89999	5.75E-11	286.504507	0.0999999	7.75407E-05	286.504507
6.99999	5.71E-11	286.529118	0.1000002	7.84318E-05	286.529118
7.09999	5.78E-11	286.553697	0.1	7.93232E-05	286.553697
7.19999	5.78E-11	286.578275	0.0999999	8.02155E-05	286.578275
7.29999	5.83E-11	286.602789	0.1	8.11081E-05	286.602789
7.39999	5.86E-11	286.627308	0.1000001	8.20019E-05	286.627308
7.49999	5.85E-11	286.651852	0.0999999	8.28958E-05	286.651852
7.59999	5.25E-11	286.707089	0.0999998	8.37833E-05	286.707089
7.69999	5.72E-11	286.73166	0.1	8.4684E-05	286.73166
7.79999	5.78E-11	286.756223	0.1000003	8.55827E-05	286.756223
7.89999	5.82E-11	286.780733	0.1000001	8.64817E-05	286.780733
7.99999	5.9E-11	286.805321	0.1	8.73817E-05	286.805321
8.09999	5.9E-11	286.829917	0.1000001	8.8284E-05	286.829917
8.19999	5.86E-11	286.854448	0.0999999	8.91839E-05	286.854448
8.29999	5.93E-11	286.878957	0.0999998	9.00867E-05	286.878957
8.39999	5.91E-11	286.903489	0.1000001	9.09889E-05	286.903489
8.49999	5.93E-11	286.928002	0.1000001	9.18933E-05	286.928002
8.59999	5.92E-11	286.952563	0.1000002	9.27987E-05	286.952563
8.69999	5.96E-11	286.977076	0.1000001	9.37046E-05	286.977076
8.79999	5.99E-11	287.001643	0.1	9.46104E-05	287.001643
8.89999	6.01E-11	287.026267	0.0999999	9.55196E-05	287.026267
8.99999	6E-11	287.050794	0.1000001	9.64269E-05	287.050794
9.09999	6.01E-11	287.075331	0.0999999	9.73365E-05	287.075331
9.19999	6.01E-11	287.099838	0.0999999	9.82479E-05	287.099838
9.29999	6.06E-11	287.124356	0.1	9.91569E-05	287.124356
9.39999	6.06E-11	287.148872	0.1000001	0.0001000713	287.148872
9.49999	5.29E-11	287.211058	0.0999999	0.0001009795	287.211058
9.59999	5.81E-11	287.235728	0.0999999	0.0001018984	287.235728
9.69999	5.91E-11	287.26029	0.0999999	0.0001028173	287.26029
9.79999	6.01E-11	287.284861	0.1000002	0.0001037328	287.284861
9.89999	6E-11	287.309463	0.1000001	0.0001046523	287.309463
9.99999	5.59E-11	287.33914	0.1000001	0.000105537	287.33914
9.9	4.74E-11	287.363665	0.0999999	0.000104604	287.363665
9.8	4.42E-11	287.388219	0.1	0.000103677	287.388219
9.7	4.15E-11	287.412733	0.0999999	0.000102753	287.412733
9.6	4.02E-11	287.437245	0.1	0.000101828	287.437245
9.5	3.87E-11	287.461752	0.1000001	0.000100907	287.461752
9.4	3.79E-11	287.486268	0.0999998	9.9989E-05	287.486268
9.3	3.69E-11	287.5109	0.0999999	9.9069E-05	287.5109
9.2	3.55E-11	287.535593	0.1000001	9.8152E-05	287.535593
9.1	3.42E-11	287.560156	0.1000001	9.7234E-05	287.560156
9	3.39E-11	287.584662	0.1	9.6319E-05	287.584662
8.9	3.34E-11	287.609193	0.0999999	9.5409E-05	287.609193
8.8	3.29E-11	287.633745	0.1000001	9.4493E-05	287.633745
8.7	3.24E-11	287.658271	0.1000002	9.3579E-05	287.658271
8.6	3.8E-11	287.71747	0.0999999	9.2667E-05	287.71747
8.5	3.23E-11	287.741999	0.0999999	9.1753E-05	287.741999
8.4	3.2E-11	287.766567	0.1	9.0842E-05	287.766567
8.3	3.05E-11	287.791067	0.1000001	8.9931E-05	287.791067
8.2	3.37E-11	287.819011	0.0999999	8.90541E-05	287.819011
8.1	3.01E-11	287.843622	0.1	8.81456E-05	287.843622
8	2.88E-11	287.868133	0.1	8.72374E-05	287.868133
7.9	2.86E-11	287.892655	0.0999997	8.63309E-05	287.892655
7.8	2.86E-11	287.917156	0.1	8.54251E-05	287.917156
7.7	2.8E-11	287.941683	0.1	8.45201E-05	287.941683
7.6	2.7E-11	287.96619	0.0999999	8.36168E-05	287.96619
7.5	2.61E-11	287.990697	0.0999999	8.27142E-05	287.990697
7.4	2.61E-11	288.015199	0.1000001	8.18124E-05	288.015199
7.3	2.57E-11	288.039823	0.1	8.0911E-05	288.039823
7.2	2.56E-11	288.064386	0.1000002	8.00109E-05	288.064386
7.1	2.47E-11	288.088929	0.1000001	7.91121E-05	288.088929
7	2.49E-11	288.11349	0.1	7.82134E-05	288.11349
6.9	2.45E-11	288.138004	0.0999999	7.7315E-05	288.138004
6.8	2.42E-11	288.162573	0.0999998	7.64169E-05	288.162573
6.7	3.08E-11	288.218766	0.0999999	7.55282E-05	288.218766
6.6	2.49E-11	288.243358	0.0999998	7.46313E-05	288.243358
6.5	2.48E-11	288.267896	0.1000001	7.37359E-05	288.267896
6.4	2.4E-11	288.292392	0.0999998	7.28425E-05	288.292392
6.3	2.38E-11	288.316978	0.0999998	7.19493E-05	288.316978
6.2	2.29E-11	288.341502	0.0999999	7.10563E-05	288.341502
6.1	2.24E-11	288.366025	0.1000002	7.01644E-05	288.366025
6	2.2E-11	288.390566	0.0999999	6.92742E-05	288.390566
5.9	2.16E-11	288.415078	0.0999999	6.83844E-05	288.415078
5.8	2.15E-11	288.439583	0.0999998	6.74947E-05	288.439583
5.7	2.1E-11	288.46412	0.1	6.66061E-05	288.46412
5.6	1.98E-11	288.488625	0.1000001	6.57189E-05	288.488625
5.5	1.98E-11	288.513224	0.1000001	6.48328E-05	288.513224
5.4	1.91E-11	288.537842	0.1000001	6.39468E-05	288.537842
5.3	1.87E-11	288.562537	0.0999998	6.30608E-05	288.562537
5.2	1.8E-11	288.58707	0.0999999	6.21767E-05	288.58707
5.1	1.79E-11	288.61156	0.0999998	6.12925E-05	288.61156
5	1.79E-11	288.636104	0.1	6.04098E-05	288.636104
4.9	1.69E-11	288.660634	0.0999999	5.95271E-05	288.660634
4.8	2.27E-11	288.717948	0.1	5.86515E-05	288.717948
4.7	1.77E-11	288.742468	0.0999999	5.77707E-05	288.742468
4.6	1.69E-11	288.766987	0.0999999	5.68904E-05	288.766987
4.5	1.65E-11	288.791536	0.0999998	5.60117E-05	288.791536
4.4	1.56E-11	288.816102	0.1000001	5.5133E-05	288.816102
4.3	1.51E-11	288.840702	0.1	5.42557E-05	288.840702
4.2	1.41E-11	288.865237	0.0999999	5.33794E-05	288.865237
4.1	1.41E-11	288.889765	0.1	5.25034E-05	288.889765
4	1.31E-11	288.914287	0.0999999	5.16278E-05	288.914287
3.9	1.24E-11	288.938799	0.0999998	5.07534E-05	288.938799
3.8	1.19E-11	288.963322	0.0999999	4.988E-05	288.963322
3.7	1.13E-11	288.987826	0.0999998	4.90086E-05	288.987826
3.6	1.05E-11	289.012341	0.0999997	4.81362E-05	289.012341
3.5	1.03E-11	289.036973	0.0999998	4.72644E-05	289.036973
3.4	9.3E-12	289.061517	0.0999999	4.63945E-05	289.061517
3.3	8.9E-12	289.086032	0.1	4.55252E-05	289.086032
3.2	8.4E-12	289.110557	0.0999998	4.46561E-05	289.110557
3.1	7.3E-12	289.135065	0.0999999	4.3788E-05	289.135065
3	7E-12	289.159587	0.1	4.29206E-05	289.159587
2.9	1.28E-11	289.219198	0.0999999	4.20593E-05	289.219198
2.8	7.7E-12	289.243814	0.0999999	4.11932E-05	289.243814
2.7	6.3E-12	289.268415	0.0999999	4.03282E-05	289.268415
2.6	5.1E-12	289.292928	0.0999998	3.9464E-05	289.292928
2.5	3.9E-12	289.317494	0.1000001	3.86003E-05	289.317494
2.4	3.3E-12	289.342011	0.1000001	3.77389E-05	289.342011
2.3	2.7E-12	289.366527	0.1000002	3.68768E-05	289.366527
2.2	1.4E-12	289.391044	0.1	3.60172E-05	289.391044
2.099999	3.9E-12	289.417442	0.1	3.51609E-05	289.417442
2	-5E-13	289.441961	0.0999999	3.43021E-05	289.441961
1.9	-1.6E-12	289.466472	0.0999998	3.34456E-05	289.466472
1.8	-2.9E-12	289.49102	0.0999999	3.25886E-05	289.49102
1.7	-3.9E-12	289.515626	0.0999999	3.17339E-05	289.515626
1.6	-5.3E-12	289.540226	0.0999999	3.08796E-05	289.540226
1.5	-6.1E-12	289.565022	0.1000001	3.00273E-05	289.565022
1.4	-7.3E-12	289.589532	0.1000002	2.91766E-05	289.589532
1.3	-9.2E-12	289.614047	0.1	2.8327E-05	289.614047
1.2	-1.05E-11	289.638542	0.1	2.74794E-05	289.638542
1.1	-1.2E-11	289.663068	0.1	2.66334E-05	289.663068
1	-7E-12	289.716678	0.0999999	2.57936E-05	289.716678
0.9	-1.36E-11	289.74122	0.1000001	2.49532E-05	289.74122
0.8	-1.6E-11	289.765761	0.0999998	2.41145E-05	289.765761
0.7	-1.79E-11	289.790291	0.1000001	2.328E-05	289.790291
0.6	-2.03E-11	289.814864	0.1	2.24482E-05	289.814864
0.5	-2.29E-11	289.839465	0.1000001	2.1622E-05	289.839465
0.4	-2.52E-11	289.863989	0.1	2.07998E-05	289.863989
0.3	-2.7E-11	289.888531	0.1000001	1.99829E-05	289.888531
0.1999999	-2.6E-11	289.914956	0.0999998	1.91714E-05	289.914956
0.0999996	-3.17E-11	289.939462	0.0999999	1.83652E-05	289.939462
-4E-07	-3.39E-11	289.96396	0.1	1.75631E-05	289.96396
#scan	iMeasureCycle=3	iMux=0	time=319.702	N=401	LocalTime=20/04/2023 04:01:01
#VGate(V)	IGate(A)	time(s)	VDrain(V)	IDrain(A)	time(s)
-3E-07	-1.22E-11	319.709477	0.1	1.77639E-05	319.709477
-0.1000003	-2E-11	319.734365	0.0999999	1.69559E-05	319.734365
-0.2000001	-2.1E-11	319.760196	0.0999999	1.6154E-05	319.760196
-0.3	-2.72E-11	319.784902	0.1000001	1.53558E-05	319.784902
-0.4	-2.99E-11	319.809411	0.0999998	1.45621E-05	319.809411
-0.5	-3.25E-11	319.833939	0.0999997	1.37742E-05	319.833939
-0.6	-3.44E-11	319.858458	0.0999999	1.29916E-05	319.858458
-0.7	-3.63E-11	319.882997	0.0999999	1.22151E-05	319.882997
-0.8	-3.86E-11	319.90759	0.0999999	1.14448E-05	319.90759
-0.9	-3.98E-11	319.932123	0.0999999	1.06835E-05	319.932123
-1	-4.09E-11	319.956744	0.0999999	9.9314E-06	319.956744
-1.1	-4.21E-11	319.98131	0.1000001	9.1891E-06	319.98131
-1.2	-3.93E-11	320.008394	0.0999998	8.46272E-06	320.008394
-1.3	-4.4E-11	320.03292	0.0999999	7.74648E-06	320.03292
-1.4	-4.46E-11	320.057521	0.0999999	7.04589E-06	320.057521
-1.5	-4.53E-11	320.08209	0.1000001	6.36311E-06	320.08209
-1.6	-4.68E-11	320.106705	0.1	5.70079E-06	320.106705
-1.7	-4.69E-11	320.131225	0.0999998	5.06259E-06	320.131225
-1.8	-4.72E-11	320.155786	0.0999999	4.45049E-06	320.155786
-1.9	-4.83E-11	320.180338	0.1	3.86896E-06	320.180338
-2	-4.86E-11	320.204841	0.0999999	3.32073E-06	320.204841
-2.1	-4.95E-11	320.229464	0.0999998	2.80899E-06	320.229464
-2.2	-4.37E-11	320.276129	0.1000001	2.33996E-06	320.276129
-2.3	-4.91E-11	320.300669	0.1	1.90923E-06	320.300669
-2.4	-5E-11	320.325194	0.0999998	1.52495E-06	320.325194
-2.5	-5E-11	320.349714	0.0999999	1.18671E-06	320.349714
-2.6	-4.74E-11	320.377088	0.0999997	8.97184E-07	320.377088
-2.7	-5.11E-11	320.401607	0.0999994	6.5294E-07	320.401607
-2.8	-5.22E-11	320.426098	0.0999997	4.55146E-07	320.426098
-2.9	-5.22E-11	320.450649	0.0999996	3.00919E-07	320.450649
-3	-5.32E-11	320.47516	0.0999998	1.86483E-07	320.47516
-3.1	-5.36E-11	320.499689	0.0999999	1.07095E-07	320.499689
-3.2	-4.85E-11	320.537334	0.0999961	5.69573E-08	320.537334
-3.3	-6.76E-11	320.560649	0.100005	2.67618E-08	320.560649
-3.4	-6.75E-11	320.583934	0.1000028	1.12562E-08	320.583934
-3.5	-6.68E-11	320.607342	0.1000012	4.1701E-09	320.607342
-3.6	-7E-11	320.630582	0.1000007	1.3707E-09	320.630582
-3.7	-6.87E-11	320.653878	0.1000004	3.942E-10	320.653878
-3.8	-7.08E-11	320.677094	0.1000002	9.73E-11	320.677094
-3.9	-6.96E-11	320.700382	0.1000003	1.58E-11	320.700382
-4	-7.18E-11	320.723583	0.1000002	-1.7E-12	320.723583
-4.1	-5.07E-11	320.776158	0.1000001	-5.9E-12	320.776158
-4.2	-6.89E-11	320.799465	0.1000003	-5.1E-12	320.799465
-4.3	-6.99E-11	320.822753	0.1	-5E-12	320.822753
-4.4	-7.21E-11	320.845957	0.1000002	-5.1E-12	320.845957
-4.5	-7.24E-11	320.869216	0.1000003	-4.9E-12	320.869216
-4.6	-7.13E-11	320.892597	0.1000001	-4.8E-12	320.892597
-4.7	-7.11E-11	320.915882	0.1000003	-5E-12	320.915882
-4.8	-7.16E-11	320.939176	0.1000004	-4.7E-12	320.939176
-4.9	-7.42E-11	320.962405	0.1000003	-4.6E-12	320.962405
-5	-7.27E-11	320.985695	0.1000003	-4.9E-12	320.985695
-5.1	-7.42E-11	321.008897	0.1000001	-4.7E-12	321.008897
-5.2	-7.43E-11	321.032133	0.1000002	-4.3E-12	321.032133
-5.3	-7.49E-11	321.055339	0.1000003	-4.6E-12	321.055339
-5.4	-7.37E-11	321.078622	0.1000004	-4.8E-12	321.078622
-5.5	-7.53E-11	321.101942	0.1000001	-4.6E-12	321.101942
-5.6	-7.54E-11	321.125175	0.1000002	-4.6E-12	321.125175
-5.7	-7.56E-11	321.148406	0.1000003	-4.5E-12	321.148406
-5.8	-7.41E-11	321.171692	0.1000002	-4.6E-12	321.171692
-5.9	-7.6E-11	321.194906	0.1000001	-4.5E-12	321.194906
-6	-7.61E-11	321.218111	0.1000002	-4.3E-12	321.218111
-6.1	-5.58E-11	321.27069	0.0999999	-6.4E-12	321.27069
-6.2	-7.34E-11	321.29401	0.1000003	-4.3E-12	321.29401
-6.3	-7.6E-11	321.317238	0.1	-4.6E-12	321.317238
-6.4	-7.62E-11	321.340453	0.1000003	-4.4E-12	321.340453
-6.5	-7.43E-11	321.363809	0.1000002	-4.2E-12	321.363809
-6.6	-7.52E-11	321.387106	0.1000003	-4.6E-12	321.387106
-6.7	-7.72E-11	321.410324	0.1000002	-4.5E-12	321.410324
-6.8	-7.72E-11	321.433534	0.1000003	-4.6E-12	321.433534
-6.9	-7.6E-11	321.456831	0.1000003	-4.5E-12	321.456831
-7	-7.59E-11	321.480129	0.1000002	-4.2E-12	321.480129
-7.1	-7.62E-11	321.503427	0.1000001	-4E-12	321.503427
-7.2	-7.83E-11	321.526626	0.1000003	-4.5E-12	321.526626
-7.3	-7.7E-11	321.549918	0.1000002	-4.2E-12	321.549918
-7.4	-7.78E-11	321.573337	0.1000003	-3.8E-12	321.573337
-7.5	-7.79E-11	321.596649	0.1000004	-4.2E-12	321.596649
-7.6	-7.63E-11	321.619953	0.1000003	-4.2E-12	321.619953
-7.7	-7.66E-11	321.643254	0.1000003	-4.3E-12	321.643254
-7.8	-7.91E-11	321.66647	0.1000004	-3.6E-12	321.66647
-7.9	-7.83E-11	321.689767	0.1000001	-4E-12	321.689767
-8	-7.79E-11	321.713056	0.1000004	-4E-12	321.713056
-8.1	-7.9E-11	321.736291	0.1000002	-4.1E-12	321.736291
-8.2	-5.99E-11	321.772327	0.1	-5.7E-12	321.772327
-8.3	-7.87E-11	321.795568	0.1000002	-4E-12	321.795568
-8.4	-7.92E-11	321.818794	0.1000001	-4.1E-12	321.818794
-8.5	-8.03E-11	321.842017	0.1000002	-4E-12	321.842017
-8.6	-7.88E-11	321.86536	0.1000004	-4.2E-12	321.86536
-8.7	-7.96E-11	321.888616	0.1000002	-4.4E-12	321.888616
-8.8	-8.05E-11	321.911921	0.1000001	-4.4E-12	321.911921
-8.9	-7.91E-11	321.93521	0.1000002	-4.6E-12	321.93521
-9	-7.84E-11	321.958506	0.1000003	-4.4E-12	321.958506
-9.1	-8.11E-11	321.981722	0.1000002	-4.1E-12	321.981722
-9.2	-8.11E-11	322.004937	0.1000002	-3.9E-12	322.004937
-9.3	-7.95E-11	322.028221	0.1000004	-4E-12	322.028221
-9.4	-7.99E-11	322.051514	0.1000003	-3.9E-12	322.051514
-9.5	-8.12E-11	322.074732	0.1000001	-4.2E-12	322.074732
-9.6	-8.21E-11	322.098035	0.1000004	-3.7E-12	322.098035
-9.7	-8.01E-11	322.121348	0.1000003	-3.8E-12	322.121348
-9.8	-8.23E-11	322.144558	0.1000004	-4E-12	322.144558
-9.9	-8.21E-11	322.167785	0.1000001	-4.1E-12	322.167785
-10	-8.25E-11	322.191003	0.1000002	-4.3E-12	322.191003
-9.90001	-4.17E-11	322.214282	0.0999998	-7.3E-12	322.214282
-9.80001	-3.85E-11	322.237654	0.0999999	-7.3E-12	322.237654
-9.70001	-5.35E-11	322.2782	0.1000001	-5.9E-12	322.2782
-9.60001	-3.41E-11	322.301511	0.0999999	-7.2E-12	322.301511
-9.50001	-3.28E-11	322.324806	0.0999998	-7.5E-12	322.324806
-9.40001	-3.15E-11	322.348095	0.1000001	-7.6E-12	322.348095
-9.30001	-2.84E-11	322.371352	0.0999998	-8.1E-12	322.371352
-9.20001	-2.91E-11	322.394652	0.0999998	-8E-12	322.394652
-9.10001	-2.79E-11	322.41793	0.1	-7.5E-12	322.41793
-9.00001	-2.57E-11	322.441151	0.0999999	-8.1E-12	322.441151
-8.90001	-2.66E-11	322.464447	0.0999998	-7.7E-12	322.464447
-8.80001	-2.58E-11	322.487755	0.0999998	-7.9E-12	322.487755
-8.70001	-2.33E-11	322.510963	0.1	-8.1E-12	322.510963
-8.60001	-2.49E-11	322.53425	0.0999997	-7.7E-12	322.53425
-8.50001	-2.49E-11	322.557569	0.0999999	-7.5E-12	322.557569
-8.40001	-2.57E-11	322.580948	0.0999998	-7.6E-12	322.580948
-8.30001	-2.19E-11	322.604253	0.0999998	-8.2E-12	322.604253
-8.20001	-2.12E-11	322.627514	0.0999999	-8.1E-12	322.627514
-8.10001	-2.17E-11	322.650805	0.0999999	-7.9E-12	322.650805
-8.00001	-1.99E-11	322.674031	0.0999997	-7.8E-12	322.674031
-7.90001	-1.95E-11	322.69725	0.0999999	-8E-12	322.69725
-7.80001	-1.88E-11	322.720458	0.0999997	-8.1E-12	322.720458
-7.70001	-3.98E-11	322.77921	0.1000001	-6.6E-12	322.77921
-7.6	-2.01E-11	322.802464	0.0999998	-8.2E-12	322.802464
-7.50001	-1.88E-11	322.82568	0.0999999	-8.2E-12	322.82568
-7.40001	-1.98E-11	322.84897	0.0999999	-8.1E-12	322.84897
-7.30001	-1.79E-11	322.872245	0.0999998	-8.1E-12	322.872245
-7.2	-1.72E-11	322.895552	0.0999997	-8.3E-12	322.895552
-7.10001	-1.81E-11	322.918841	0.0999996	-8.1E-12	322.918841
-7.00001	-1.82E-11	322.942117	0.0999998	-8.1E-12	322.942117
-6.90001	-1.59E-11	322.965336	0.0999996	-7.9E-12	322.965336
-6.80001	-1.55E-11	322.98856	0.0999999	-8.5E-12	322.98856
-6.70001	-1.46E-11	323.011771	0.0999998	-8.2E-12	323.011771
-6.60001	-1.64E-11	323.035054	0.1000001	-8.2E-12	323.035054
-6.50001	-1.52E-11	323.058281	0.0999997	-8.5E-12	323.058281
-6.40001	-1.4E-11	323.081507	0.0999997	-9E-12	323.081507
-6.30001	-1.35E-11	323.104811	0.0999998	-8.7E-12	323.104811
-6.20001	-1.44E-11	323.128118	0.0999998	-7.9E-12	323.128118
-6.10001	-1.3E-11	323.151311	0.1	-8.4E-12	323.151311
-6.00001	-1.29E-11	323.174538	0.0999998	-8.4E-12	323.174538
-5.90001	-1.17E-11	323.197747	0.0999999	-8.5E-12	323.197747
-5.80001	-1.29E-11	323.221039	0.0999998	-8.4E-12	323.221039
-5.70001	-3.23E-11	323.280831	0.1	-6.7E-12	323.280831
-5.60001	-1.24E-11	323.30407	0.0999998	-8.5E-12	323.30407
-5.50001	-1.3E-11	323.327355	0.0999999	-8.2E-12	323.327355
-5.40001	-1.12E-11	323.350561	0.0999997	-8.8E-12	323.350561
-5.30001	-1.07E-11	323.373827	0.0999998	-8.6E-12	323.373827
-5.20001	-1.12E-11	323.397133	0.0999998	-8.8E-12	323.397133
-5.1	-1.07E-11	323.420419	0.0999999	-8.5E-12	323.420419
-5.00001	-9E-12	323.443631	0.0999998	-8.2E-12	323.443631
-4.90001	-8.4E-12	323.466843	0.0999998	-8.5E-12	323.466843
-4.80001	-9.2E-12	323.490142	0.0999997	-8.6E-12	323.490142
-4.7	-8.9E-12	323.513433	0.0999999	-8.3E-12	323.513433
-4.60001	-7.5E-12	323.536654	0.1	-8.3E-12	323.536654
-4.50001	-6.7E-12	323.559881	0.0999998	-8.6E-12	323.559881
-4.40001	-7.8E-12	323.583244	0.0999998	-8.6E-12	323.583244
-4.3	-7.8E-12	323.606639	0.1000001	-8.8E-12	323.606639
-4.20001	-5E-12	323.629882	0.0999998	-9.2E-12	323.629882
-4.10001	-6.1E-12	323.653187	0.0999996	-7.5E-12	323.653187
-4.00001	-5.2E-12	323.676457	0.0999998	5E-13	323.676457
-3.90001	-3.9E-12	323.699707	0.0999999	3.92E-11	323.699707
-3.80001	-3E-12	323.722919	0.0999999	1.943E-10	323.722919
-3.70001	-2.4E-11	323.782281	0.1000001	6.868E-10	323.782281
-3.60001	-6.6E-12	323.80563	0.1000003	2.2679E-09	323.80563
-3.50001	-2.6E-12	323.828855	0.1000006	6.4637E-09	323.828855
-3.40001	-1.7E-12	323.852066	0.1000011	1.62208E-08	323.852066
-3.30001	-1.5E-12	323.875322	0.100001	3.6162E-08	323.875322
-3.20001	-1.4E-12	323.898596	0.099998	7.24366E-08	323.898596
-3.10001	-2.13E-11	323.938112	0.1	1.29794E-07	323.938112
-3.00001	-1.59E-11	323.96261	0.1000002	2.19848E-07	323.96261
-2.90001	-1.49E-11	323.987159	0.1000004	3.45131E-07	323.987159
-2.80001	-1.37E-11	324.011662	0.1000005	5.10451E-07	324.011662
-2.70001	-1.34E-11	324.036201	0.1000006	7.19251E-07	324.036201
-2.60001	-1.27E-11	324.060705	0.1000007	9.73292E-07	324.060705
-2.50001	-1.72E-11	324.095249	0.0999998	1.26927E-06	324.095249
-2.40001	-1.18E-11	324.119855	0.1	1.6185E-06	324.119855
-2.30001	-1.09E-11	324.144409	0.1000002	2.01194E-06	324.144409
-2.20001	-9.6E-12	324.168922	0.1000001	2.44826E-06	324.168922
-2.1	-1.26E-11	324.195358	0.1000001	2.92711E-06	324.195358
-2.000001	-8.5E-12	324.219866	0.1	3.44509E-06	324.219866
-1.900001	-1.43E-11	324.268657	0.1000001	3.98876E-06	324.268657
-1.800001	-7.9E-12	324.293243	0.1000001	4.5782E-06	324.293243
-1.7	-6.8E-12	324.317757	0.1000002	5.19377E-06	324.317757
-1.6	-6.1E-12	324.342308	0.1000003	5.83449E-06	324.342308
-1.500001	-7.7E-12	324.368536	0.1	6.49717E-06	324.368536
-1.4	-3.5E-12	324.393101	0.1000002	7.1806E-06	324.393101
-1.3	-2.4E-12	324.417657	0.1000001	7.88142E-06	324.417657
-1.200001	-1E-12	324.442167	0.1	8.59766E-06	324.442167
-1.100001	-3E-13	324.466728	0.0999999	9.32615E-06	324.466728
-1	1.2E-12	324.491332	0.1000001	1.00674E-05	324.491332
-0.900001	-2.6E-12	324.525926	0.1000002	1.08113E-05	324.525926
-0.8	2.8E-12	324.550468	0.0999999	1.15721E-05	324.550468
-0.700001	4.6E-12	324.575075	0.1000002	1.23401E-05	324.575075
-0.6	5.8E-12	324.599621	0.1	1.31145E-05	324.599621
-0.5	7.6E-12	324.624206	0.1000001	1.38948E-05	324.624206
-0.400001	9E-12	324.648725	0.1000001	1.46807E-05	324.648725
-0.3	1.06E-11	324.673246	0.0999998	1.54712E-05	324.673246
-0.2	9.1E-12	324.699677	0.1000002	1.62656E-05	324.699677
-0.0999997	1.4E-11	324.724184	0.1000001	1.70653E-05	324.724184
-2E-07	8E-12	324.787967	0.1000001	1.78602E-05	324.787967
0.1000004	1.52E-11	324.812482	0.1	1.8671E-05	324.812482
0.2000003	1.79E-11	324.836996	0.1000002	1.94858E-05	324.836996
0.299999	2E-11	324.861692	0.0999998	2.03051E-05	324.861692
0.4	2.23E-11	324.886253	0.1000001	2.11298E-05	324.886253
0.5	2.47E-11	324.910801	0.1000001	2.19578E-05	324.910801
0.599999	2.59E-11	324.935331	0.1	2.27912E-05	324.935331
0.7	2.84E-11	324.959838	0.1000001	2.36287E-05	324.959838
0.799999	3E-11	324.984371	0.0999999	2.44686E-05	324.984371
0.899999	3.18E-11	325.008878	0.1	2.53122E-05	325.008878
0.999999	3.38E-11	325.03339	0.1	2.61573E-05	325.03339
1.1	3.58E-11	325.057893	0.1000001	2.70053E-05	325.057893
1.2	3.72E-11	325.082425	0.1	2.78551E-05	325.082425
1.3	3.83E-11	325.106994	0.1	2.87067E-05	325.106994
1.4	4.03E-11	325.131528	0.0999998	2.95599E-05	325.131528
1.5	4.11E-11	325.156074	0.0999999	3.04146E-05	325.156074
1.599999	4.2E-11	325.180571	0.1000001	3.12696E-05	325.180571
1.699999	4.31E-11	325.205093	0.1	3.21262E-05	325.205093
1.8	4.39E-11	325.229601	0.1	3.29847E-05	325.229601
1.899999	3.74E-11	325.290902	0.0999999	3.3836E-05	325.290902
1.999999	4.34E-11	325.315446	0.1000003	3.46965E-05	325.315446
2.099999	4.47E-11	325.33995	0.1000002	3.5558E-05	325.33995
2.19999	4.52E-11	325.364669	0.1000001	3.6416E-05	325.364669
2.29999	4.59E-11	325.389236	0.0999999	3.72782E-05	325.389236
2.39999	4.72E-11	325.41375	0.1	3.81409E-05	325.41375
2.49999	4.79E-11	325.438258	0.1	3.90036E-05	325.438258
2.59999	4.83E-11	325.462786	0.1000001	3.98671E-05	325.462786
2.69999	4.84E-11	325.487284	0.0999999	4.07319E-05	325.487284
2.79999	4.92E-11	325.511807	0.1	4.15954E-05	325.511807
2.89999	4.98E-11	325.536311	0.0999999	4.24599E-05	325.536311
2.99999	5E-11	325.560861	0.0999999	4.33248E-05	325.560861
3.09999	4.98E-11	325.585495	0.1	4.41905E-05	325.585495
3.19999	5.06E-11	325.610127	0.0999998	4.50556E-05	325.610127
3.29999	5.06E-11	325.634696	0.1	4.59215E-05	325.634696
3.39999	5.06E-11	325.659234	0.0999999	4.67875E-05	325.659234
3.49999	5.12E-11	325.683788	0.0999999	4.76545E-05	325.683788
3.59999	5.21E-11	325.708297	0.0999999	4.85216E-05	325.708297
3.69999	5.19E-11	325.732837	0.1	4.93886E-05	325.732837
3.79999	4.58E-11	325.785363	0.0999999	5.02493E-05	325.785363
3.89999	5.06E-11	325.809896	0.1000001	5.11199E-05	325.809896
3.99999	5.1E-11	325.834461	0.0999998	5.199E-05	325.834461
4.09999	5.21E-11	325.859011	0.1	5.28595E-05	325.859011
4.19999	5.22E-11	325.883572	0.1	5.37295E-05	325.883572
4.29999	5.31E-11	325.908191	0.0999999	5.46E-05	325.908191
4.39999	5.3E-11	325.932747	0.0999999	5.54716E-05	325.932747
4.49999	5.34E-11	325.957257	0.1	5.63423E-05	325.957257
4.59999	5.36E-11	325.981812	0.1	5.72143E-05	325.981812
4.69999	5.41E-11	326.006347	0.1000003	5.80872E-05	326.006347
4.79999	5.42E-11	326.030871	0.1	5.89612E-05	326.030871
4.89999	5.46E-11	326.055384	0.1000001	5.98339E-05	326.055384
4.99999	5.48E-11	326.079903	0.1	6.07092E-05	326.079903
5.09999	5.47E-11	326.10451	0.1000001	6.15852E-05	326.10451
5.19999	5.5E-11	326.12906	0.1000002	6.2462E-05	326.12906
5.29999	5.47E-11	326.153563	0.0999999	6.33387E-05	326.153563
5.39999	5.56E-11	326.178082	0.1000001	6.42165E-05	326.178082
5.49999	5.62E-11	326.202586	0.0999997	6.50946E-05	326.202586
5.59999	5.58E-11	326.227126	0.1000001	6.59739E-05	326.227126
5.69999	5.04E-11	326.2687	0.1	6.68459E-05	326.2687
5.79999	5E-11	326.306009	0.0999999	6.77246E-05	326.306009
5.89999	5.45E-11	326.330574	0.1	6.86097E-05	326.330574
5.99999	5.58E-11	326.355111	0.1	6.94934E-05	326.355111
6.09999	5.57E-11	326.379623	0.1	7.03767E-05	326.379623
6.19999	5.59E-11	326.404224	0.1000001	7.12609E-05	326.404224
6.29999	5.6E-11	326.428764	0.1	7.2146E-05	326.428764
6.39999	5.7E-11	326.453292	0.1	7.30322E-05	326.453292
6.49999	5.7E-11	326.477832	0.1	7.39176E-05	326.477832
6.59999	5.71E-11	326.502346	0.1	7.48057E-05	326.502346
6.69999	5.7E-11	326.526966	0.1	7.56939E-05	326.526966
6.79999	5.74E-11	326.551518	0.1000001	7.65828E-05	326.551518
6.89999	5.78E-11	326.576112	0.1000001	7.74726E-05	326.576112
6.99999	5.79E-11	326.600719	0.1	7.83628E-05	326.600719
7.09999	5.83E-11	326.625355	0.1000001	7.92555E-05	326.625355
7.19999	5.82E-11	326.649882	0.1000003	8.01474E-05	326.649882
7.29999	5.87E-11	326.6744	0.1	8.10399E-05	326.6744
7.39999	5.88E-11	326.6989	0.1000002	8.19338E-05	326.6989
7.49999	5.78E-11	326.72346	0.0999999	8.28301E-05	326.72346
7.59999	5.81E-11	326.747968	0.1000001	8.37253E-05	326.747968
7.69999	5.27E-11	326.793464	0.1	8.46161E-05	326.793464
7.79999	5.74E-11	326.818002	0.1000001	8.55159E-05	326.818002
7.89999	5.83E-11	326.84255	0.0999999	8.64154E-05	326.84255
7.99999	5.83E-11	326.86706	0.0999999	8.73169E-05	326.86706
8.09999	5.87E-11	326.891664	0.1000002	8.82185E-05	326.891664
8.19999	5.87E-11	326.916301	0.1000001	8.91196E-05	326.916301
8.29999	5.92E-11	326.940832	0.0999999	9.00217E-05	326.940832
8.39999	5.9E-11	326.96535	0.0999998	9.0925E-05	326.96535
8.49999	5.94E-11	326.989968	0.1	9.18291E-05	326.989968
8.59999	5.98E-11	327.01451	0.1000003	9.27337E-05	327.01451
8.69999	5.99E-11	327.039061	0.1000001	9.36387E-05	327.039061
8.79999	6.05E-11	327.063574	0.1	9.45471E-05	327.063574
8.89999	5.98E-11	327.088135	0.0999999	9.5454E-05	327.088135
8.99999	6E-11	327.112766	0.1000001	9.63624E-05	327.112766
9.09999	6.04E-11	327.137325	0.0999999	9.72723E-05	327.137325
9.19999	6.06E-11	327.161849	0.0999999	9.81837E-05	327.161849
9.29999	6.02E-11	327.186393	0.0999999	9.90909E-05	327.186393
9.39999	6.03E-11	327.21091	0.1	0.0001000074	327.21091
9.49999	6.03E-11	327.235417	0.0999999	0.0001009231	327.235417
9.59999	5.42E-11	327.294744	0.0999998	0.0001018322	327.294744
9.69999	5.93E-11	327.319311	0.1	0.0001027505	327.319311
9.79999	6.08E-11	327.343831	0.1000003	0.00010367	327.343831
9.89999	6.07E-11	327.368366	0.0999998	0.000104587	327.368366
9.99999	5.68E-11	327.398026	0.0999999	0.000105471	327.398026
9.9	4.75E-11	327.422539	0.1	0.000104539	327.422539
9.8	4.45E-11	327.447055	0.0999999	0.000103612	327.447055
9.7	4.29E-11	327.471556	0.1000001	0.000102688	327.471556
9.6	4.04E-11	327.496077	0.1000001	0.000101764	327.496077
9.5	3.92E-11	327.52067	0.1	0.000100842	327.52067
9.4	3.77E-11	327.545243	0.1000001	9.9924E-05	327.545243
9.3	3.68E-11	327.569759	0.1	9.9005E-05	327.569759
9.2	3.65E-11	327.594389	0.1	9.8087E-05	327.594389
9.1	3.51E-11	327.618994	0.1000001	9.7169E-05	327.618994
9	3.47E-11	327.643589	0.0999999	9.6254E-05	327.643589
8.9	3.37E-11	327.668091	0.0999999	9.5344E-05	327.668091
8.8	3.3E-11	327.692626	0.0999999	9.4428E-05	327.692626
8.7	3.24E-11	327.717127	0.0999999	9.3513E-05	327.717127
8.6	3.18E-11	327.741659	0.0999999	9.2599E-05	327.741659
8.5	3.74E-11	327.794515	0.1	9.1689E-05	327.794515
8.4	3.21E-11	327.819037	0.1	9.0776E-05	327.819037
8.3	3.12E-11	327.843582	0.1	8.9863E-05	327.843582
8.2	3.38E-11	327.871428	0.0999999	8.89902E-05	327.871428
8.1	2.99E-11	327.896009	0.1	8.8081E-05	327.896009
8	2.95E-11	327.920612	0.1	8.71728E-05	327.920612
7.9	2.89E-11	327.945124	0.0999999	8.62663E-05	327.945124
7.8	2.88E-11	327.969643	0.0999999	8.53613E-05	327.969643
7.7	2.75E-11	327.99418	0.1000001	8.44565E-05	327.99418
7.6	2.76E-11	328.018741	0.1	8.35526E-05	328.018741
7.5	2.7E-11	328.04336	0.1	8.26502E-05	328.04336
7.4	2.67E-11	328.067883	0.1000002	8.17487E-05	328.067883
7.3	2.66E-11	328.092385	0.1000001	8.08462E-05	328.092385
7.2	2.62E-11	328.11702	0.0999999	7.99458E-05	328.11702
7.1	2.57E-11	328.141578	0.1	7.9047E-05	328.141578
7	2.53E-11	328.166119	0.1000001	7.81479E-05	328.166119
6.9	2.51E-11	328.190653	0.0999999	7.72498E-05	328.190653
6.8	2.47E-11	328.215164	0.0999999	7.6353E-05	328.215164
6.7	2.44E-11	328.239668	0.1	7.54565E-05	328.239668
6.6	3.08E-11	328.300433	0.1	7.45687E-05	328.300433
6.5	2.56E-11	328.324954	0.1000001	7.36729E-05	328.324954
6.4	2.48E-11	328.349491	0.0999998	7.2778E-05	328.349491
6.3	2.35E-11	328.373993	0.0999998	7.1884E-05	328.373993
6.2	2.24E-11	328.398576	0.1	7.09926E-05	328.398576
6.1	2.24E-11	328.423095	0.0999999	7.01008E-05	328.423095
6	2.21E-11	328.447705	0.1000001	6.92097E-05	328.447705
5.9	2.19E-11	328.472228	0.1	6.83188E-05	328.472228
5.8	2.14E-11	328.496763	0.0999998	6.74305E-05	328.496763
5.7	2.04E-11	328.521285	0.1000001	6.65416E-05	328.521285
5.6	2.07E-11	328.545799	0.1	6.56536E-05	328.545799
5.5	2.03E-11	328.570359	0.1	6.47666E-05	328.570359
5.4	1.95E-11	328.594954	0.1	6.38808E-05	328.594954
5.3	1.96E-11	328.619591	0.1000001	6.29945E-05	328.619591
5.2	1.88E-11	328.644169	0.1000002	6.21106E-05	328.644169
5.1	1.84E-11	328.6687	0.0999997	6.12258E-05	328.6687
5	1.77E-11	328.693219	0.0999999	6.03439E-05	328.693219
4.9	1.76E-11	328.717733	0.0999998	5.94611E-05	328.717733
4.8	1.69E-11	328.742256	0.1000001	5.85798E-05	328.742256
4.7	2.28E-11	328.799849	0.0999999	5.77052E-05	328.799849
4.6	1.73E-11	328.824363	0.0999999	5.68245E-05	328.824363
4.5	1.68E-11	328.848948	0.0999997	5.59451E-05	328.848948
4.4	1.59E-11	328.873464	0.0999998	5.50673E-05	328.873464
4.3	1.49E-11	328.89804	0.1	5.419E-05	328.89804
4.2	1.5E-11	328.922657	0.1	5.3313E-05	328.922657
4.1	1.4E-11	328.947191	0.0999998	5.24374E-05	328.947191
4	1.35E-11	328.971721	0.0999999	5.1562E-05	328.971721
3.9	1.33E-11	328.996228	0.0999999	5.06873E-05	328.996228
3.8	1.26E-11	329.020751	0.1000001	4.98141E-05	329.020751
3.7	1.19E-11	329.045265	0.1000001	4.8942E-05	329.045265
3.6	1.12E-11	329.069812	0.1	4.80706E-05	329.069812
3.5	1.09E-11	329.094315	0.1	4.71998E-05	329.094315
3.4	1.08E-11	329.118938	0.0999998	4.63283E-05	329.118938
3.3	9.2E-12	329.143475	0.1	4.54581E-05	329.143475
3.2	8.7E-12	329.168092	0.0999999	4.45908E-05	329.168092
3.1	7.8E-12	329.192602	0.1	4.37215E-05	329.192602
3	7.5E-12	329.217115	0.1000001	4.28551E-05	329.217115
2.9	6.7E-12	329.241645	0.0999999	4.19883E-05	329.241645
2.8	1.28E-11	329.301353	0.0999998	4.11275E-05	329.301353
2.7	7E-12	329.32587	0.0999999	4.0262E-05	329.32587
2.6	6E-12	329.350427	0.1	3.93974E-05	329.350427
2.5	5.1E-12	329.374989	0.1000001	3.85339E-05	329.374989
2.4	3.9E-12	329.399548	0.1000001	3.76711E-05	329.399548
2.3	2.8E-12	329.424066	0.0999998	3.68106E-05	329.424066
2.2	1.7E-12	329.448573	0.1000001	3.59492E-05	329.448573
2.099999	4.4E-12	329.474987	0.0999998	3.50934E-05	329.474987
2	1E-13	329.499489	0.1	3.42363E-05	329.499489
1.9	-1.5E-12	329.523986	0.1000001	3.33788E-05	329.523986
1.8	-2.3E-12	329.548511	0.1	3.25228E-05	329.548511
1.7	-3.2E-12	329.573023	0.0999999	3.16675E-05	329.573023
1.6	-4.2E-12	329.597635	0.1	3.08144E-05	329.597635
1.5	-5.6E-12	329.622251	0.0999998	2.99618E-05	329.622251
1.4	-6.8E-12	329.646908	0.1000001	2.91107E-05	329.646908
1.3	-8.6E-12	329.671445	0.1	2.82617E-05	329.671445
1.2	-9.8E-12	329.695949	0.0999999	2.74146E-05	329.695949
1.1	-1.13E-11	329.720474	0.0999999	2.65688E-05	329.720474
1	-1.27E-11	329.745017	0.0999997	2.57255E-05	329.745017
0.9	-8.2E-12	329.802476	0.1000001	2.48911E-05	329.802476
0.8	-1.48E-11	329.826986	0.1	2.40522E-05	329.826986
0.7	-1.74E-11	329.851528	0.1	2.32169E-05	329.851528
0.6	-1.96E-11	329.876036	0.0999999	2.23861E-05	329.876036
0.5	-2.17E-11	329.900611	0.0999999	2.156E-05	329.900611
0.4	-2.44E-11	329.925205	0.0999998	2.07384E-05	329.925205
0.3	-2.64E-11	329.949748	0.0999999	1.99216E-05	329.949748
0.1999997	-2.52E-11	329.976203	0.1	1.91103E-05	329.976203
0.0999995	-3.08E-11	330.000706	0.1	1.83041E-05	330.000706
-1E-07	-3.35E-11	330.025179	0.1000001	1.75031E-05	330.025179
