#scan	iMeasureCycle=1	iMux=0	time=0.022	N=401	LocalTime=20/04/2023 00:07:40
#VGate(V)	IGate(A)	time(s)	VDrain(V)	IDrain(A)	time(s)
-2E-07	-1.542E-10	0.024984	0.1	1.304E-05	0.024984
-0.1000005	-2.133E-10	0.049939	0.1	1.22604E-05	0.049939
-0.2000005	-2.622E-10	0.074464	0.1000001	1.14884E-05	0.074464
-0.300001	-2E-10	0.099171	0.1000001	1.07242E-05	0.099171
-0.4	-1.122E-10	0.1237	0.0999999	9.9667E-06	0.1237
-0.5	-8.66E-11	0.148197	0.1	9.2182E-06	0.148197
-0.6	-6.8E-11	0.175334	0.1000003	8.48525E-06	0.175334
-0.7	-6.48E-11	0.199839	0.1	7.75827E-06	0.199839
-0.8	-6.05E-11	0.224347	0.0999999	7.04521E-06	0.224347
-0.9	-5.8E-11	0.248856	0.0999999	6.34831E-06	0.248856
-1	-5.61E-11	0.273375	0.1	5.67075E-06	0.273375
-1.1	-5.46E-11	0.297894	0.1000001	5.01472E-06	0.297894
-1.2	-5.4E-11	0.322399	0.0999999	4.38502E-06	0.322399
-1.3	-5.34E-11	0.34697	0.0999994	3.78454E-06	0.34697
-1.4	-5.22E-11	0.371566	0.0999998	3.2176E-06	0.371566
-1.5	-5.28E-11	0.396089	0.1	2.68951E-06	0.396089
-1.6	-5.25E-11	0.420601	0.0999998	2.20363E-06	0.420601
-1.7	-5.28E-11	0.445114	0.0999999	1.76421E-06	0.445114
-1.8	-5.28E-11	0.469724	0.0999999	1.37482E-06	0.469724
-1.9	-5.27E-11	0.494235	0.0999998	1.03713E-06	0.494235
-2	-4.97E-11	0.521542	0.0999995	7.54357E-07	0.521542
-2.1	-5.28E-11	0.546317	0.0999995	5.22624E-07	0.546317
-2.2	-4.65E-11	0.591536	0.0999999	3.43926E-07	0.591536
-2.3	-5.16E-11	0.616066	0.0999999	2.09309E-07	0.616066
-2.4	-5.25E-11	0.640571	0.0999998	1.17445E-07	0.640571
-2.5	-4.72E-11	0.678263	0.0999957	6.05779E-08	0.678263
-2.6	-6.58E-11	0.701635	0.1000051	2.71393E-08	0.701635
-2.7	-6.69E-11	0.724923	0.1000022	1.06471E-08	0.724923
-2.8	-6.88E-11	0.748129	0.1000014	3.5964E-09	0.748129
-2.9	-6.9E-11	0.771371	0.1000006	1.0534E-09	0.771371
-3	-6.85E-11	0.794666	0.1000003	2.699E-10	0.794666
-3.1	-6.83E-11	0.817956	0.1000001	5.65E-11	0.817956
-3.2	-7.02E-11	0.841154	0.1000001	4.4E-12	0.841154
-3.3	-6.91E-11	0.8647	0.1000001	-5.3E-12	0.8647
-3.4	-6.82E-11	0.888045	0.1	-6.3E-12	0.888045
-3.5	-7.18E-11	0.911258	0.1	-6.2E-12	0.911258
-3.6	-7.17E-11	0.934488	0.1000002	-6.2E-12	0.934488
-3.7	-7.06E-11	0.957785	0.1000001	-6.6E-12	0.957785
-3.8	-7.32E-11	0.980994	0.1000003	-5.9E-12	0.980994
-3.9	-7.35E-11	1.004202	0.1000002	-6E-12	1.004202
-4	-7.36E-11	1.027427	0.1000002	-6.4E-12	1.027427
-4.1	-5.22E-11	1.074659	0.1	-8.3E-12	1.074659
-4.2	-7.01E-11	1.09802	0.1	-6.8E-12	1.09802
-4.3	-7.04E-11	1.121305	0.1000001	-6.8E-12	1.121305
-4.4	-7.33E-11	1.144515	0.1000003	-6.6E-12	1.144515
-4.5	-7.23E-11	1.16781	0.1000001	-6.5E-12	1.16781
-4.6	-7.28E-11	1.191144	0.1	-7E-12	1.191144
-4.7	-7.46E-11	1.214457	0.1000001	-6.2E-12	1.214457
-4.8	-7.54E-11	1.237675	0.1	-5.8E-12	1.237675
-4.9	-7.36E-11	1.260977	0.1000002	-6.1E-12	1.260977
-5	-7.34E-11	1.284284	0.1000001	-6.2E-12	1.284284
-5.1	-7.6E-11	1.307498	0.1000002	-6.2E-12	1.307498
-5.2	-7.65E-11	1.330705	0.1000002	-5.9E-12	1.330705
-5.3	-7.48E-11	1.354003	0.1000002	-6.3E-12	1.354003
-5.4	-7.47E-11	1.377378	0.1000005	-5.9E-12	1.377378
-5.5	-7.5E-11	1.400678	0.1000001	-6.4E-12	1.400678
-5.6	-7.72E-11	1.423879	0.1000001	-6E-12	1.423879
-5.7	-7.6E-11	1.447167	0.1000002	-6.2E-12	1.447167
-5.8	-7.52E-11	1.470484	0.1	-6.1E-12	1.470484
-5.9	-7.74E-11	1.493703	0.1	-5.9E-12	1.493703
-6	-7.66E-11	1.516998	0.1000001	-6E-12	1.516998
-6.1	-7.66E-11	1.540283	0.1000002	-5.6E-12	1.540283
-6.2	-5.82E-11	1.586301	0.1	-7.7E-12	1.586301
-6.3	-7.58E-11	1.609623	0.1000002	-6.6E-12	1.609623
-6.4	-7.81E-11	1.632857	0.1000001	-6.3E-12	1.632857
-6.5	-7.7E-11	1.656148	0.1000002	-6.2E-12	1.656148
-6.6	-7.71E-11	1.679503	0.1000003	-6.3E-12	1.679503
-6.7	-7.88E-11	1.702811	0.1000001	-5.9E-12	1.702811
-6.8	-7.74E-11	1.7261	0.1000002	-5.6E-12	1.7261
-6.9	-7.78E-11	1.74939	0.1000002	-5.9E-12	1.74939
-7	-7.8E-11	1.772675	0.1000001	-5.8E-12	1.772675
-7.1	-7.99E-11	1.7959	0.1000001	-5.5E-12	1.7959
-7.2	-8.02E-11	1.819117	0.1000003	-5.3E-12	1.819117
-7.3	-7.87E-11	1.842409	0.1000001	-5.7E-12	1.842409
-7.4	-7.97E-11	1.865641	0.1000001	-5.6E-12	1.865641
-7.5	-8.02E-11	1.888866	0.1000001	-5.8E-12	1.888866
-7.6	-8.03E-11	1.912087	0.1000002	-5.4E-12	1.912087
-7.7	-7.9E-11	1.935373	0.1000002	-5.7E-12	1.935373
-7.8	-7.93E-11	1.95867	0.1000001	-5.7E-12	1.95867
-7.9	-8.09E-11	1.981877	0.1	-5.6E-12	1.981877
-8	-8.09E-11	2.005108	0.1	-5.4E-12	2.005108
-8.1	-7.96E-11	2.02839	0.1000003	-6E-12	2.02839
-8.2	-8.08E-11	2.051721	0.1	-5.7E-12	2.051721
-8.3	-6.2E-11	2.087537	0.1000001	-7.4E-12	2.087537
-8.4	-8.04E-11	2.11079	0.1000001	-5.4E-12	2.11079
-8.5	-8.11E-11	2.134025	0.1000001	-5.6E-12	2.134025
-8.6	-8.24E-11	2.157243	0.1000001	-5.6E-12	2.157243
-8.7	-8.04E-11	2.180583	0.1000001	-5.7E-12	2.180583
-8.8	-8.11E-11	2.203888	0.1000002	-5.5E-12	2.203888
-8.9	-8.24E-11	2.227093	0.1000001	-5.8E-12	2.227093
-9	-8.28E-11	2.250307	0.1000001	-5.5E-12	2.250307
-9.1	-8.11E-11	2.273602	0.1000001	-5.6E-12	2.273602
-9.2	-8.11E-11	2.29689	0.1000001	-5.9E-12	2.29689
-9.3	-8.3E-11	2.320108	0.1000002	-5.8E-12	2.320108
-9.4	-8.3E-11	2.34332	0.1000002	-5.3E-12	2.34332
-9.5	-7.82E-11	2.366766	0.1000004	-5.9E-12	2.366766
-9.6	-8.11E-11	2.390098	0.1	-5.7E-12	2.390098
-9.7	-8.36E-11	2.413334	0.1000003	-5.4E-12	2.413334
-9.8	-8.13E-11	2.436667	0.1	-5.6E-12	2.436667
-9.9	-8.23E-11	2.459948	0.1000001	-5.3E-12	2.459948
-10	-8.39E-11	2.483163	0.1000003	-5.1E-12	2.483163
-9.90001	-4.12E-11	2.506387	0.0999999	-8.8E-12	2.506387
-9.80001	-3.95E-11	2.52968	0.0999998	-9.3E-12	2.52968
-9.70001	-3.73E-11	2.553079	0.0999999	-8.3E-12	2.553079
-9.60001	-5.31E-11	2.593598	0.0999998	-7.3E-12	2.593598
-9.50001	-3.43E-11	2.616912	0.0999996	-8.6E-12	2.616912
-9.40001	-3.39E-11	2.640242	0.0999999	-8.9E-12	2.640242
-9.30001	-2.96E-11	2.66345	0.0999998	-9E-12	2.66345
-9.20001	-2.92E-11	2.686722	0.0999998	-9E-12	2.686722
-9.10001	-2.94E-11	2.710178	0.0999997	-9.1E-12	2.710178
-9.00001	-2.72E-11	2.733391	0.0999995	-9.1E-12	2.733391
-8.90001	-2.65E-11	2.756606	0.0999996	-8.9E-12	2.756606
-8.80001	-2.73E-11	2.779882	0.0999998	-8.8E-12	2.779882
-8.70001	-2.62E-11	2.803179	0.0999998	-9.1E-12	2.803179
-8.60001	-2.43E-11	2.826401	0.0999997	-9E-12	2.826401
-8.50001	-2.33E-11	2.849634	0.0999997	-9E-12	2.849634
-8.40001	-2.27E-11	2.872857	0.0999997	-9.5E-12	2.872857
-8.30001	-2.51E-11	2.896197	0.0999998	-9.2E-12	2.896197
-8.20001	-2.25E-11	2.919429	0.0999996	-9E-12	2.919429
-8.10001	-2.2E-11	2.942646	0.0999998	-9.4E-12	2.942646
-8.00001	-2.08E-11	2.965861	0.0999999	-9.2E-12	2.965861
-7.90001	-2.24E-11	2.989219	0.0999997	-9.5E-12	2.989219
-7.80001	-2.28E-11	3.01254	0.0999996	-9E-12	3.01254
-7.70001	-1.96E-11	3.035851	0.0999998	-9.5E-12	3.035851
-7.60001	-4.07E-11	3.094809	0.1000001	-7.6E-12	3.094809
-7.50001	-2.09E-11	3.118056	0.0999998	-9.3E-12	3.118056
-7.40001	-2.16E-11	3.141349	0.0999998	-9.2E-12	3.141349
-7.30001	-2.12E-11	3.164638	0.0999997	-9E-12	3.164638
-7.2	-1.89E-11	3.187905	0.0999996	-9.6E-12	3.187905
-7.10001	-1.77E-11	3.211206	0.0999998	-9.4E-12	3.211206
-7.00001	-1.94E-11	3.234504	0.1	-9.1E-12	3.234504
-6.90001	-1.8E-11	3.257729	0.0999997	-9.4E-12	3.257729
-6.80001	-1.69E-11	3.28096	0.0999997	-9.6E-12	3.28096
-6.70001	-1.82E-11	3.304261	0.0999999	-9.5E-12	3.304261
-6.60001	-1.74E-11	3.32755	0.0999999	-9.7E-12	3.32755
-6.50001	-1.61E-11	3.350759	0.0999999	-9.6E-12	3.350759
-6.40001	-1.52E-11	3.374053	0.0999997	-9.9E-12	3.374053
-6.30001	-1.65E-11	3.397342	0.0999998	-9.4E-12	3.397342
-6.20001	-1.56E-11	3.420642	0.0999997	-9.7E-12	3.420642
-6.10001	-1.32E-11	3.443852	0.0999996	-9.7E-12	3.443852
-6.00001	-1.27E-11	3.467064	0.0999998	-9.9E-12	3.467064
-5.90001	-1.44E-11	3.490353	0.0999998	-9.6E-12	3.490353
-5.80001	-1.43E-11	3.51363	0.0999996	-1.01E-11	3.51363
-5.70001	-1.18E-11	3.536848	0.0999997	-1.03E-11	3.536848
-5.60001	-3.32E-11	3.596159	0.1	-8.2E-12	3.596159
-5.50001	-1.35E-11	3.619467	0.0999996	-1E-11	3.619467
-5.40001	-1.41E-11	3.642761	0.0999997	-9.8E-12	3.642761
-5.30001	-1.13E-11	3.665969	0.0999997	-1.02E-11	3.665969
-5.20001	-1.11E-11	3.689234	0.0999998	-1.05E-11	3.689234
-5.1	-1.03E-11	3.712528	0.0999999	-1.01E-11	3.712528
-5.00001	-1.13E-11	3.735818	0.0999998	-1.01E-11	3.735818
-4.90001	-9.1E-12	3.759016	0.0999996	-1.01E-11	3.759016
-4.80001	-1.06E-11	3.7823	0.0999997	-1.07E-11	3.7823
-4.7	-8.7E-12	3.805519	0.0999995	-1.02E-11	3.805519
-4.60001	-9.8E-12	3.828805	0.0999998	-1.01E-11	3.828805
-4.50001	-7.9E-12	3.852006	0.0999997	-1.04E-11	3.852006
-4.40001	-7.3E-12	3.875246	0.0999997	-1.02E-11	3.875246
-4.3	-6.7E-12	3.898457	0.0999998	-1.04E-11	3.898457
-4.20001	-7.7E-12	3.921743	0.0999997	-1.07E-11	3.921743
-4.10001	-7.5E-12	3.945031	0.1	-1.09E-11	3.945031
-4.00001	-5.3E-12	3.968254	0.0999997	-1.09E-11	3.968254
-3.90001	-5E-12	3.991557	0.0999997	-1.09E-11	3.991557
-3.80001	-5.5E-12	4.014847	0.0999997	-1.05E-11	4.014847
-3.70001	-4.4E-12	4.038105	0.0999999	-1.07E-11	4.038105
-3.60001	-2.48E-11	4.098463	0.1	-9.1E-12	4.098463
-3.50001	-4.9E-12	4.121705	0.0999997	-1.12E-11	4.121705
-3.40001	-6.2E-12	4.145032	0.0999999	-1.02E-11	4.145032
-3.30001	-5.6E-12	4.168466	0.0999997	-6E-12	4.168466
-3.20001	-2.2E-12	4.191742	0.0999996	1.88E-11	4.191742
-3.10001	-3E-12	4.215036	0.0999998	1.271E-10	4.215036
-3.00001	-2.4E-12	4.238313	0.0999997	5.344E-10	4.238313
-2.90001	6E-13	4.261515	0.1000002	1.914E-09	4.261515
-2.80001	8E-13	4.284739	0.100001	5.9779E-09	4.284739
-2.70001	-3E-13	4.308024	0.1000024	1.61051E-08	4.308024
-2.60001	4E-13	4.33131	0.1000037	3.77834E-08	4.33131
-2.50001	2.5E-12	4.354517	0.0999946	7.83883E-08	4.354517
-2.40001	-1.72E-11	4.394074	0.1	1.43659E-07	4.394074
-2.30001	-1.22E-11	4.418595	0.1000006	2.48217E-07	4.418595
-2.20001	-1.08E-11	4.443086	0.1000006	3.94613E-07	4.443086
-2.1	-1.36E-11	4.469536	0.1000005	5.88232E-07	4.469536
-2	-9.1E-12	4.494046	0.1000008	8.33066E-07	4.494046
-1.900001	-1.4E-11	4.528605	0.1000001	1.12478E-06	4.528605
-1.800001	-8.7E-12	4.553205	0.1	1.4756E-06	4.553205
-1.7	-1.35E-11	4.603444	0.1000001	1.86716E-06	4.603444
-1.6	-8E-12	4.628056	0.1	2.31898E-06	4.628056
-1.5	-6.4E-12	4.65259	0.1000001	2.81341E-06	4.65259
-1.4	-5.1E-12	4.677168	0.1000001	3.34786E-06	4.677168
-1.3	-3.4E-12	4.701731	0.1000002	3.91913E-06	4.701731
-1.200001	-2.4E-12	4.726366	0.1000002	4.52245E-06	4.726366
-1.100001	-1.2E-12	4.750899	0.1	5.15393E-06	4.750899
-1	4E-13	4.775398	0.1	5.81014E-06	4.775398
-0.900001	1E-12	4.799944	0.1000001	6.48725E-06	4.799944
-0.8	2.5E-12	4.824474	0.1	7.18272E-06	4.824474
-0.700001	3.6E-12	4.84904	0.1000001	7.89316E-06	4.84904
-0.6	5.3E-12	4.873579	0.1000001	8.61733E-06	4.873579
-0.500001	6.9E-12	4.898112	0.1	9.35304E-06	4.898112
-0.4	8.1E-12	4.922615	0.1	1.009818E-05	4.922615
-0.300001	4.7E-12	4.957218	0.1000001	1.08438E-05	4.957218
-0.1999999	7.5E-12	4.983631	0.1000001	1.16065E-05	4.983631
-0.0999997	1.27E-11	5.008148	0.1	1.23751E-05	5.008148
5E-07	1.43E-11	5.032645	0.1000001	1.31491E-05	5.032645
0.1000004	1.66E-11	5.057258	0.1	1.39286E-05	5.057258
0.2	1.29E-11	5.100669	0.1	1.47079E-05	5.100669
0.299999	1.94E-11	5.125479	0.1	1.54995E-05	5.125479
0.4	2.17E-11	5.150004	0.1	1.62959E-05	5.150004
0.5	2.38E-11	5.17452	0.1000001	1.70977E-05	5.17452
0.599999	2.58E-11	5.199091	0.0999999	1.79039E-05	5.199091
0.7	2.78E-11	5.223705	0.1	1.87129E-05	5.223705
0.799999	2.9E-11	5.248215	0.1000002	1.9527E-05	5.248215
0.9	3.14E-11	5.27273	0.0999999	2.03434E-05	5.27273
0.999999	3.33E-11	5.297243	0.1000002	2.11624E-05	5.297243
1.1	3.51E-11	5.321811	0.1	2.19828E-05	5.321811
1.2	3.7E-11	5.346313	0.0999999	2.2806E-05	5.346313
1.3	3.83E-11	5.370815	0.1	2.36303E-05	5.370815
1.399999	3.93E-11	5.395428	0.1000001	2.44557E-05	5.395428
1.5	4.12E-11	5.419937	0.1000001	2.52825E-05	5.419937
1.6	4.17E-11	5.444479	0.1000002	2.61096E-05	5.444479
1.699999	4.25E-11	5.469008	0.0999999	2.69384E-05	5.469008
1.8	4.4E-11	5.493524	0.1000001	2.77676E-05	5.493524
1.9	4.46E-11	5.51802	0.1000002	2.85976E-05	5.51802
2	4.47E-11	5.542539	0.0999999	2.94277E-05	5.542539
2.099999	3.77E-11	5.606794	0.1	3.02463E-05	5.606794
2.19999	4.35E-11	5.631506	0.1000002	3.10788E-05	5.631506
2.29999	4.46E-11	5.656058	0.1000001	3.19139E-05	5.656058
2.39999	4.58E-11	5.680562	0.1000001	3.27492E-05	5.680562
2.49999	4.72E-11	5.705153	0.0999998	3.35832E-05	5.705153
2.59999	4.71E-11	5.729857	0.1000001	3.4418E-05	5.729857
2.69999	4.78E-11	5.754364	0.1	3.52546E-05	5.754364
2.79999	4.8E-11	5.778908	0.1000002	3.6091E-05	5.778908
2.89999	4.88E-11	5.803417	0.1000002	3.6928E-05	5.803417
2.99999	4.89E-11	5.82795	0.1	3.77647E-05	5.82795
3.09999	4.96E-11	5.852457	0.1	3.86025E-05	5.852457
3.19999	4.96E-11	5.877003	0.1000001	3.94427E-05	5.877003
3.29999	5.04E-11	5.901511	0.1000002	4.02818E-05	5.901511
3.39999	5.08E-11	5.926036	0.1000001	4.11216E-05	5.926036
3.49999	5.11E-11	5.950535	0.1000001	4.19632E-05	5.950535
3.59999	5.13E-11	5.975084	0.0999999	4.28037E-05	5.975084
3.69999	5.16E-11	5.99961	0.1000002	4.36448E-05	5.99961
3.79999	5.19E-11	6.024167	0.1000002	4.44876E-05	6.024167
3.89999	5.25E-11	6.048789	0.1	4.53309E-05	6.048789
3.99999	4.58E-11	6.105407	0.1000002	4.61645E-05	6.105407
4.09999	5.11E-11	6.129907	0.1000002	4.70125E-05	6.129907
4.19999	5.17E-11	6.15448	0.0999999	4.78603E-05	6.15448
4.29999	5.18E-11	6.178986	0.1000002	4.87079E-05	6.178986
4.39999	5.21E-11	6.203575	0.1000003	4.95558E-05	6.203575
4.49999	5.27E-11	6.228077	0.1	5.04036E-05	6.228077
4.59999	5.36E-11	6.252608	0.1000002	5.12529E-05	6.252608
4.69999	5.36E-11	6.277104	0.1000001	5.21025E-05	6.277104
4.79999	5.4E-11	6.30163	0.1000002	5.29539E-05	6.30163
4.89999	5.39E-11	6.326164	0.0999999	5.38047E-05	6.326164
4.99999	5.39E-11	6.350754	0.1	5.46568E-05	6.350754
5.09999	5.42E-11	6.375256	0.1000002	5.55102E-05	6.375256
5.19999	5.45E-11	6.399852	0.1000001	5.63635E-05	6.399852
5.29999	5.48E-11	6.42438	0.1	5.72179E-05	6.42438
5.39999	5.5E-11	6.448851	0.0999999	5.80741E-05	6.448851
5.49999	5.54E-11	6.473353	0.1000001	5.89303E-05	6.473353
5.59999	5.53E-11	6.497879	0.0999999	5.97872E-05	6.497879
5.69999	5.59E-11	6.52238	0.0999998	6.06457E-05	6.52238
5.79999	5.58E-11	6.546902	0.0999999	6.15049E-05	6.546902
5.89999	4.87E-11	6.607468	0.1	6.23544E-05	6.607468
5.99999	5.38E-11	6.632014	0.1000001	6.32181E-05	6.632014
6.09999	5.49E-11	6.656563	0.1000002	6.4082E-05	6.656563
6.19999	5.55E-11	6.681084	0.1000001	6.4945E-05	6.681084
6.29999	5.53E-11	6.705688	0.0999999	6.58093E-05	6.705688
6.39999	5.59E-11	6.730294	0.1000001	6.66739E-05	6.730294
6.49999	5.6E-11	6.754911	0.1	6.75388E-05	6.754911
6.59999	5.64E-11	6.779422	0.0999999	6.84056E-05	6.779422
6.69999	5.65E-11	6.803976	0.1000001	6.92731E-05	6.803976
6.79999	5.69E-11	6.828489	0.1	7.01407E-05	6.828489
6.89999	5.65E-11	6.853098	0.1	7.10104E-05	6.853098
6.99999	5.73E-11	6.877602	0.1	7.18802E-05	6.877602
7.09999	5.73E-11	6.902143	0.1000002	7.27518E-05	6.902143
7.19999	5.78E-11	6.926647	0.1000001	7.36222E-05	6.926647
7.29999	5.76E-11	6.951164	0.1000001	7.44952E-05	6.951164
7.39999	5.8E-11	6.975682	0.1	7.53694E-05	6.975682
7.49999	5.85E-11	7.000186	0.1000002	7.6245E-05	7.000186
7.59999	5.83E-11	7.024703	0.1000002	7.712E-05	7.024703
7.69999	5.83E-11	7.049195	0.1	7.79964E-05	7.049195
7.79999	5.17E-11	7.108456	0.0999999	7.88653E-05	7.108456
7.89999	5.64E-11	7.132965	0.0999999	7.97478E-05	7.132965
7.99999	5.69E-11	7.157497	0.1000002	8.0629E-05	7.157497
8.09999	5.77E-11	7.182012	0.1000004	8.15096E-05	7.182012
8.19999	5.83E-11	7.206582	0.0999997	8.23916E-05	7.206582
8.29999	5.84E-11	7.231188	0.0999998	8.32743E-05	7.231188
8.39999	5.88E-11	7.255709	0.1000002	8.41587E-05	7.255709
8.49999	5.89E-11	7.280226	0.1000002	8.50425E-05	7.280226
8.59999	5.91E-11	7.304751	0.1000003	8.59284E-05	7.304751
8.69999	5.96E-11	7.329283	0.1000001	8.68146E-05	7.329283
8.79999	5.95E-11	7.353826	0.0999998	8.7703E-05	7.353826
8.89999	5.98E-11	7.378361	0.1000002	8.85913E-05	7.378361
8.99999	6.04E-11	7.402964	0.1000002	8.94813E-05	7.402964
9.09999	6.04E-11	7.427485	0.1	9.03713E-05	7.427485
9.19999	5.99E-11	7.451997	0.0999999	9.12632E-05	7.451997
9.29999	5.96E-11	7.476535	0.1000003	9.21527E-05	7.476535
9.39999	6.01E-11	7.501038	0.1000002	9.30469E-05	7.501038
9.49999	6.02E-11	7.525573	0.0999999	9.39441E-05	7.525573
9.59999	6.05E-11	7.550081	0.1	9.48422E-05	7.550081
9.69999	5.37E-11	7.60601	0.1000002	9.57332E-05	7.60601
9.79999	5.87E-11	7.630568	0.0999999	9.66341E-05	7.630568
9.89999	5.98E-11	7.655087	0.0999999	9.7535E-05	7.655087
9.99999	5.96E-11	7.679644	0.1000001	9.84344E-05	7.679644
9.9	4.67E-11	7.704213	0.1000001	9.75201E-05	7.704213
9.8	4.34E-11	7.728853	0.1	9.66107E-05	7.728853
9.7	4.12E-11	7.753378	0.0999998	9.57043E-05	7.753378
9.6	3.94E-11	7.777908	0.1000002	9.47995E-05	7.777908
9.5	3.76E-11	7.802411	0.0999999	9.38957E-05	7.802411
9.4	3.71E-11	7.826969	0.1	9.29955E-05	7.826969
9.3	3.6E-11	7.851517	0.0999999	9.20964E-05	7.851517
9.2	3.53E-11	7.876058	0.0999999	9.11954E-05	7.876058
9.1	3.48E-11	7.900597	0.1000003	9.02978E-05	7.900597
9	3.38E-11	7.925106	0.1	8.94004E-05	7.925106
8.9	3.34E-11	7.949652	0.1	8.85095E-05	7.949652
8.8	3.21E-11	7.974203	0.0999998	8.76133E-05	7.974203
8.7	3.22E-11	7.998722	0.1000001	8.67156E-05	7.998722
8.6	3.14E-11	8.023229	0.0999998	8.58221E-05	8.023229
8.5	3.07E-11	8.047851	0.0999999	8.49283E-05	8.047851
8.4	3.67E-11	8.110007	0.0999999	8.40398E-05	8.110007
8.3	3.11E-11	8.134549	0.0999997	8.31464E-05	8.134549
8.2	2.99E-11	8.159091	0.0999999	8.22566E-05	8.159091
8.1	2.91E-11	8.183598	0.1000001	8.1367E-05	8.183598
8	2.85E-11	8.208166	0.1	8.04792E-05	8.208166
7.9	2.85E-11	8.232688	0.0999997	7.95924E-05	8.232688
7.8	2.77E-11	8.257305	0.1	7.87074E-05	8.257305
7.7	2.71E-11	8.281819	0.1000002	7.78202E-05	8.281819
7.6	2.66E-11	8.30635	0.0999997	7.69362E-05	8.30635
7.5	2.61E-11	8.330849	0.0999999	7.6053E-05	8.330849
7.4	2.61E-11	8.355439	0.1	7.51718E-05	8.355439
7.3	2.56E-11	8.379986	0.1	7.42913E-05	8.379986
7.2	2.51E-11	8.404595	0.0999997	7.34095E-05	8.404595
7.1	2.5E-11	8.429124	0.0999999	7.25309E-05	8.429124
7	2.46E-11	8.45362	0.1	7.16533E-05	8.45362
6.9	2.49E-11	8.478338	0.0999999	7.07748E-05	8.478338
6.8	2.37E-11	8.502845	0.0999999	6.98974E-05	8.502845
6.7	2.37E-11	8.527408	0.0999997	6.90217E-05	8.527408
6.6	2.28E-11	8.551925	0.0999998	6.81467E-05	8.551925
6.5	2.91E-11	8.612962	0.1000002	6.72787E-05	8.612962
6.4	2.44E-11	8.637528	0.1	6.64058E-05	8.637528
6.3	2.37E-11	8.66208	0.0999997	6.55316E-05	8.66208
6.2	2.32E-11	8.686652	0.1	6.46606E-05	8.686652
6.1	2.18E-11	8.71125	0.1000001	6.37898E-05	8.71125
6	2.16E-11	8.735897	0.1	6.29196E-05	8.735897
5.9	2.04E-11	8.76041	0.1	6.20499E-05	8.76041
5.8	1.98E-11	8.784916	0.1000002	6.11816E-05	8.784916
5.7	1.97E-11	8.809418	0.1	6.0314E-05	8.809418
5.6	1.92E-11	8.833992	0.1	5.94471E-05	8.833992
5.5	1.93E-11	8.858502	0.0999999	5.85808E-05	8.858502
5.4	1.87E-11	8.883045	0.1000001	5.77163E-05	8.883045
5.3	1.83E-11	8.907627	0.0999999	5.68522E-05	8.907627
5.2	1.78E-11	8.932163	0.1000001	5.59885E-05	8.932163
5.1	1.72E-11	8.956723	0.0999998	5.51263E-05	8.956723
5	1.68E-11	8.98125	0.1000001	5.42648E-05	8.98125
4.9	1.6E-11	9.005802	0.1000001	5.3404E-05	9.005802
4.8	1.56E-11	9.030329	0.1000001	5.25443E-05	9.030329
4.7	1.53E-11	9.054896	0.0999995	5.1685E-05	9.054896
4.6	2.2E-11	9.114723	0.0999999	5.08327E-05	9.114723
4.5	1.61E-11	9.139235	0.0999998	4.99748E-05	9.139235
4.4	1.52E-11	9.163751	0.1	4.9118E-05	9.163751
4.3	1.49E-11	9.188267	0.0999999	4.82609E-05	9.188267
4.2	1.38E-11	9.212836	0.1	4.74058E-05	9.212836
4.1	1.38E-11	9.237456	0.1000001	4.65527E-05	9.237456
4	1.26E-11	9.261994	0.0999999	4.56988E-05	9.261994
3.9	1.2E-11	9.286519	0.0999998	4.48463E-05	9.286519
3.8	1.12E-11	9.311045	0.1	4.39944E-05	9.311045
3.7	1.08E-11	9.335553	0.1000001	4.31436E-05	9.335553
3.6	1.04E-11	9.360071	0.1000001	4.22927E-05	9.360071
3.5	9.4E-12	9.384596	0.0999999	4.1443E-05	9.384596
3.4	8.9E-12	9.409206	0.0999999	4.05948E-05	9.409206
3.3	8.2E-12	9.433727	0.1	3.97479E-05	9.433727
3.2	7.7E-12	9.458265	0.0999999	3.89002E-05	9.458265
3.1	6.9E-12	9.482804	0.1	3.80537E-05	9.482804
3	6.4E-12	9.507357	0.1	3.72085E-05	9.507357
2.9	5.2E-12	9.531854	0.0999999	3.63646E-05	9.531854
2.8	4.8E-12	9.556349	0.0999999	3.55213E-05	9.556349
2.7	1.1E-11	9.616211	0.0999998	3.46838E-05	9.616211
2.6	5.7E-12	9.640742	0.1	3.38414E-05	9.640742
2.5	4.2E-12	9.66525	0.0999998	3.30006E-05	9.66525
2.4	3.1E-12	9.689767	0.0999999	3.21611E-05	9.689767
2.3	1.5E-12	9.714345	0.0999999	3.13216E-05	9.714345
2.2	9E-13	9.738944	0.0999998	3.04833E-05	9.738944
2.099999	2.7E-12	9.765349	0.1	2.96513E-05	9.765349
2	-1.5E-12	9.789847	0.1	2.88158E-05	9.789847
1.9	-2.3E-12	9.814329	0.0999999	2.79812E-05	9.814329
1.8	-3.1E-12	9.838895	0.1	2.71484E-05	9.838895
1.7	-4.5E-12	9.863425	0.0999999	2.63168E-05	9.863425
1.6	-5.8E-12	9.888086	0.1000002	2.54876E-05	9.888086
1.5	-7.2E-12	9.912625	0.0999997	2.46587E-05	9.912625
1.4	-8.4E-12	9.937146	0.1000001	2.38323E-05	9.937146
1.3	-9.7E-12	9.961678	0.0999999	2.30087E-05	9.961678
1.2	-1.12E-11	9.986202	0.0999999	2.21854E-05	9.986202
1.1	-1.24E-11	10.010774	0.1	2.13661E-05	10.010774
1	-1.45E-11	10.035274	0.0999996	2.05494E-05	10.035274
0.9	-1.6E-11	10.059889	0.0999999	1.97359E-05	10.059889
0.8	-1.12E-11	10.11314	0.0999999	1.89304E-05	10.11314
0.7	-1.75E-11	10.137679	0.0999999	1.81241E-05	10.137679
0.6	-2.06E-11	10.162195	0.1	1.73237E-05	10.162195
0.5	-2.25E-11	10.186755	0.0999998	1.65292E-05	10.186755
0.4	-2.49E-11	10.211333	0.1	1.57395E-05	10.211333
0.3	-2.71E-11	10.235863	0.0999999	1.4956E-05	10.235863
0.1999999	-2.62E-11	10.262282	0.1	1.418E-05	10.262282
0.0999996	-3.15E-11	10.286794	0.1	1.34083E-05	10.286794
-4E-07	-3.43E-11	10.3113	0.0999999	1.26428E-05	10.3113
#scan	iMeasureCycle=2	iMux=0	time=279.644	N=401	LocalTime=20/04/2023 00:12:20
#VGate(V)	IGate(A)	time(s)	VDrain(V)	IDrain(A)	time(s)
-1E-07	-1.32E-11	279.651613	0.0999999	1.28341E-05	279.651613
-0.1000005	-2.07E-11	279.676517	0.1000001	1.20609E-05	279.676517
-0.2000001	-2.23E-11	279.702102	0.1000001	1.1295E-05	279.702102
-0.3	-2.83E-11	279.726849	0.1000001	1.05358E-05	279.726849
-0.4	-3.12E-11	279.751364	0.0999999	9.7858E-06	279.751364
-0.5	-3.36E-11	279.776002	0.1	9.0445E-06	279.776002
-0.6	-3.19E-11	279.803161	0.0999998	8.31904E-06	279.803161
-0.7	-3.74E-11	279.827707	0.1	7.60032E-06	279.827707
-0.8	-3.94E-11	279.852242	0.0999999	6.89629E-06	279.852242
-0.9	-4.11E-11	279.876784	0.0999999	6.20939E-06	279.876784
-1	-4.23E-11	279.901303	0.0999999	5.54045E-06	279.901303
-1.1	-4.35E-11	279.925821	0.0999999	4.89446E-06	279.925821
-1.2	-4.46E-11	279.950335	0.0999999	4.27462E-06	279.950335
-1.3	-4.54E-11	279.974972	0.0999998	3.68488E-06	279.974972
-1.4	-4.64E-11	279.999568	0.1000001	3.12844E-06	279.999568
-1.5	-4.73E-11	280.024102	0.1	2.60967E-06	280.024102
-1.6	-4.82E-11	280.0487	0.1000001	2.13314E-06	280.0487
-1.7	-4.9E-11	280.073216	0.1	1.70354E-06	280.073216
-1.8	-4.95E-11	280.09774	0.0999999	1.32382E-06	280.09774
-1.9	-5.05E-11	280.122262	0.0999999	9.9483E-07	280.122262
-2	-4.7E-11	280.149587	0.0999994	7.19713E-07	280.149587
-2.1	-5.1E-11	280.174123	0.0999995	4.9506E-07	280.174123
-2.2	-4.58E-11	280.218249	0.0999999	3.23186E-07	280.218249
-2.3	-5.07E-11	280.242756	0.0999996	1.94602E-07	280.242756
-2.4	-5.14E-11	280.267284	0.0999998	1.08018E-07	280.267284
-2.5	-4.67E-11	280.304988	0.0999961	5.49028E-08	280.304988
-2.6	-6.66E-11	280.328306	0.1000062	2.4136E-08	280.328306
-2.7	-6.84E-11	280.35152	0.1000026	9.2936E-09	280.35152
-2.8	-6.71E-11	280.374809	0.1000012	3.0894E-09	280.374809
-2.9	-6.75E-11	280.398186	0.1000005	8.936E-10	280.398186
-3	-7.01E-11	280.421383	0.1000005	2.263E-10	280.421383
-3.1	-7.06E-11	280.444597	0.1000002	4.52E-11	280.444597
-3.2	-6.91E-11	280.467929	0.1000003	2.5E-12	280.467929
-3.3	-6.95E-11	280.491225	0.1000003	-5.3E-12	280.491225
-3.4	-7.17E-11	280.514446	0.1000002	-6.3E-12	280.514446
-3.5	-7.2E-11	280.537661	0.1000003	-6.4E-12	280.537661
-3.6	-7.05E-11	280.560951	0.1000003	-6.7E-12	280.560951
-3.7	-7.07E-11	280.584242	0.1000003	-6.7E-12	280.584242
-3.8	-7.34E-11	280.607462	0.1000003	-5.8E-12	280.607462
-3.9	-7.28E-11	280.630682	0.1000004	-6.3E-12	280.630682
-4	-7.14E-11	280.654065	0.1000002	-6.7E-12	280.654065
-4.1	-5.22E-11	280.700922	0.1000001	-7.9E-12	280.700922
-4.2	-7.01E-11	280.724271	0.1000003	-6.6E-12	280.724271
-4.3	-7.11E-11	280.747559	0.1000003	-6.1E-12	280.747559
-4.4	-7.32E-11	280.77079	0.1000003	-6.4E-12	280.77079
-4.5	-7.21E-11	280.79409	0.1000003	-6.2E-12	280.79409
-4.6	-7.24E-11	280.817438	0.1000002	-6.1E-12	280.817438
-4.7	-7.41E-11	280.840667	0.1000004	-6.5E-12	280.840667
-4.8	-7.54E-11	280.863904	0.1000005	-6.2E-12	280.863904
-4.9	-7.55E-11	280.887121	0.1000003	-6.4E-12	280.887121
-5	-7.35E-11	280.910414	0.1000002	-6.5E-12	280.910414
-5.1	-7.57E-11	280.933615	0.1000001	-6.5E-12	280.933615
-5.2	-7.57E-11	280.956878	0.1000003	-6.1E-12	280.956878
-5.3	-7.64E-11	280.980102	0.1000002	-6.1E-12	280.980102
-5.4	-7.53E-11	281.00347	0.1000004	-6.2E-12	281.00347
-5.5	-7.66E-11	281.026675	0.1000002	-6.4E-12	281.026675
-5.6	-7.74E-11	281.049882	0.1000002	-5.9E-12	281.049882
-5.7	-7.45E-11	281.073215	0.1000003	-6.4E-12	281.073215
-5.8	-7.73E-11	281.096447	0.1000003	-6.1E-12	281.096447
-5.9	-7.74E-11	281.119667	0.1000002	-6.1E-12	281.119667
-6	-7.79E-11	281.14288	0.1000001	-5.6E-12	281.14288
-6.1	-7.82E-11	281.166089	0.1000003	-5.9E-12	281.166089
-6.2	-5.72E-11	281.216706	0.1000001	-7.5E-12	281.216706
-6.3	-7.67E-11	281.239955	0.1000003	-5.9E-12	281.239955
-6.4	-7.75E-11	281.263189	0.1000002	-5.5E-12	281.263189
-6.5	-7.84E-11	281.286433	0.1000002	-5.5E-12	281.286433
-6.6	-7.67E-11	281.309766	0.1000001	-6E-12	281.309766
-6.7	-7.86E-11	281.333082	0.1000002	-5.8E-12	281.333082
-6.8	-7.75E-11	281.356373	0.1000001	-5.6E-12	281.356373
-6.9	-7.77E-11	281.379653	0.1000003	-5.4E-12	281.379653
-7	-7.76E-11	281.40295	0.1000001	-5.6E-12	281.40295
-7.1	-7.98E-11	281.426178	0.1000004	-6E-12	281.426178
-7.2	-7.99E-11	281.449388	0.1000002	-5.8E-12	281.449388
-7.3	-7.79E-11	281.472734	0.1000001	-5.6E-12	281.472734
-7.4	-8E-11	281.496045	0.1000003	-5.5E-12	281.496045
-7.5	-8.06E-11	281.519257	0.1000004	-5.4E-12	281.519257
-7.6	-8.05E-11	281.542464	0.1000003	-5.7E-12	281.542464
-7.7	-7.89E-11	281.56575	0.1000002	-5.5E-12	281.56575
-7.8	-8.08E-11	281.58896	0.1000003	-5.2E-12	281.58896
-7.9	-8.09E-11	281.61218	0.1000002	-5.5E-12	281.61218
-8	-7.92E-11	281.635552	0.1000004	-5.3E-12	281.635552
-8.1	-7.95E-11	281.658935	0.1000003	-5.9E-12	281.658935
-8.2	-6.06E-11	281.713795	0.0999999	-7.8E-12	281.713795
-8.3	-7.79E-11	281.737102	0.1000001	-5.8E-12	281.737102
-8.4	-8.03E-11	281.760332	0.1000001	-5.9E-12	281.760332
-8.5	-8.09E-11	281.783563	0.1	-5.6E-12	281.783563
-8.6	-7.97E-11	281.806907	0.1000004	-5.7E-12	281.806907
-8.7	-7.98E-11	281.830206	0.1000003	-6E-12	281.830206
-8.8	-8.12E-11	281.853446	0.1000002	-5.6E-12	281.853446
-8.9	-8.09E-11	281.876747	0.1000002	-5.9E-12	281.876747
-9	-8.09E-11	281.900106	0.1000003	-5.8E-12	281.900106
-9.1	-8.22E-11	281.923326	0.1000001	-5.4E-12	281.923326
-9.2	-8.26E-11	281.946539	0.1000001	-5.6E-12	281.946539
-9.3	-8.08E-11	281.96992	0.1000002	-5.6E-12	281.96992
-9.4	-8.05E-11	281.993299	0.1000002	-5.9E-12	281.993299
-9.5	-8.3E-11	282.016526	0.1000003	-5.3E-12	282.016526
-9.6	-8.36E-11	282.03982	0.1000004	-5.6E-12	282.03982
-9.7	-8.19E-11	282.063114	0.1000003	-5.8E-12	282.063114
-9.8	-8.36E-11	282.086322	0.1000003	-5.3E-12	282.086322
-9.9	-8.37E-11	282.109544	0.1000001	-5.8E-12	282.109544
-10	-8.42E-11	282.132754	0.1000003	-5.6E-12	282.132754
-9.90001	-4.35E-11	282.156038	0.0999999	-9.4E-12	282.156038
-9.80001	-4.35E-11	282.17951	0.0999998	-9E-12	282.17951
-9.70001	-5.5E-11	282.219752	0.1	-7.8E-12	282.219752
-9.60001	-3.36E-11	282.24298	0.0999997	-9.4E-12	282.24298
-9.50001	-3.41E-11	282.266266	0.0999999	-9.4E-12	282.266266
-9.40001	-3.24E-11	282.289582	0.0999996	-9.4E-12	282.289582
-9.30001	-2.99E-11	282.312864	0.1000001	-9.9E-12	282.312864
-9.20001	-3.02E-11	282.336241	0.1	-9.1E-12	282.336241
-9.10001	-2.98E-11	282.359522	0.1	-9.2E-12	282.359522
-9.00001	-2.68E-11	282.38273	0.0999998	-1.01E-11	282.38273
-8.90001	-2.64E-11	282.405942	0.1	-9.8E-12	282.405942
-8.80001	-2.77E-11	282.429235	0.0999999	-9.1E-12	282.429235
-8.70001	-2.72E-11	282.452519	0.0999998	-9.3E-12	282.452519
-8.60001	-2.48E-11	282.475789	0.1	-9.3E-12	282.475789
-8.50001	-2.37E-11	282.49901	0.0999998	-9.4E-12	282.49901
-8.40001	-2.49E-11	282.522321	0.1	-9.7E-12	282.522321
-8.30001	-2.48E-11	282.545617	0.0999999	-9.2E-12	282.545617
-8.20001	-2.2E-11	282.56884	0.0999998	-9.4E-12	282.56884
-8.10001	-2.15E-11	282.592056	0.0999999	-9.2E-12	282.592056
-8.00001	-2.31E-11	282.615334	0.0999999	-9E-12	282.615334
-7.90001	-2.28E-11	282.63863	0.0999998	-9.2E-12	282.63863
-7.80001	-2.06E-11	282.662012	0.0999996	-9.6E-12	282.662012
-7.70001	-4.11E-11	282.720999	0.1000002	-7.9E-12	282.720999
-7.6	-2.09E-11	282.744233	0.0999999	-9.6E-12	282.744233
-7.50001	-2.2E-11	282.767526	0.0999998	-9.3E-12	282.767526
-7.40001	-2.14E-11	282.790837	0.0999999	-9.6E-12	282.790837
-7.30001	-1.88E-11	282.814102	0.0999999	-1.01E-11	282.814102
-7.2	-1.82E-11	282.837317	0.0999997	-9.6E-12	282.837317
-7.10001	-1.94E-11	282.860601	0.0999997	-9.5E-12	282.860601
-7.00001	-1.97E-11	282.883903	0.0999998	-9.7E-12	282.883903
-6.90001	-1.73E-11	282.90712	0.0999998	-9.8E-12	282.90712
-6.80001	-1.65E-11	282.930339	0.0999999	-9.9E-12	282.930339
-6.70001	-1.81E-11	282.953641	0.1	-9.6E-12	282.953641
-6.60001	-1.61E-11	282.976948	0.0999999	-1E-11	282.976948
-6.50001	-1.54E-11	283.000246	0.1000001	-1.01E-11	283.000246
-6.40001	-1.52E-11	283.023482	0.0999998	-1.03E-11	283.023482
-6.30001	-1.6E-11	283.046769	0.1	-9.9E-12	283.046769
-6.20001	-1.47E-11	283.069974	0.0999998	-1.02E-11	283.069974
-6.10001	-1.44E-11	283.093316	0.0999999	-1.01E-11	283.093316
-6.00001	-1.57E-11	283.11661	0.1	-9.3E-12	283.11661
-5.90001	-1.52E-11	283.139901	0.1	-1E-11	283.139901
-5.80001	-1.33E-11	283.163115	0.0999999	-9.7E-12	283.163115
-5.70001	-3.37E-11	283.222457	0.1000001	-8E-12	283.222457
-5.60001	-1.39E-11	283.245684	0.0999999	-1.03E-11	283.245684
-5.50001	-1.43E-11	283.26899	0.0999998	-9.9E-12	283.26899
-5.40001	-1.2E-11	283.29222	0.0999996	-1E-11	283.29222
-5.30001	-1.23E-11	283.31555	0.0999997	-1.05E-11	283.31555
-5.20001	-1.29E-11	283.338915	0.0999998	-9.8E-12	283.338915
-5.1	-1.2E-11	283.362192	0.0999998	-1.05E-11	283.362192
-5.00001	-1.04E-11	283.3854	0.0999997	-1.03E-11	283.3854
-4.90001	-9.6E-12	283.408611	0.0999999	-1.02E-11	283.408611
-4.80001	-1.07E-11	283.431908	0.0999999	-1.01E-11	283.431908
-4.7	-1.01E-11	283.455176	0.0999999	-1E-11	283.455176
-4.60001	-8.5E-12	283.478523	0.1	-1E-11	283.478523
-4.50001	-7.5E-12	283.501751	0.0999998	-1.08E-11	283.501751
-4.40001	-8.9E-12	283.52504	0.0999998	-1.05E-11	283.52504
-4.3	-9E-12	283.548337	0.0999997	-1.06E-11	283.548337
-4.20001	-8E-12	283.571629	0.0999998	-1.06E-11	283.571629
-4.10001	-6.4E-12	283.594829	0.0999998	-1.09E-11	283.594829
-4.00001	-7.4E-12	283.618207	0.0999998	-1.06E-11	283.618207
-3.90001	-5.6E-12	283.641426	0.0999998	-1.08E-11	283.641426
-3.80001	-4.1E-12	283.664739	0.0999997	-1.06E-11	283.664739
-3.70001	-2.54E-11	283.723949	0.1	-8.6E-12	283.723949
-3.60001	-6.8E-12	283.747255	0.0999999	-1.06E-11	283.747255
-3.50001	-6.2E-12	283.770554	0.0999999	-1.04E-11	283.770554
-3.40001	-3.4E-12	283.793792	0.0999997	-1.04E-11	283.793792
-3.30001	-2.5E-12	283.817063	0.0999998	-7.1E-12	283.817063
-3.20001	-3.4E-12	283.840361	0.0999998	1.22E-11	283.840361
-3.10001	-2.8E-12	283.863643	0.0999998	1.009E-10	283.863643
-3.00001	-2E-13	283.886863	0.0999999	4.491E-10	283.886863
-2.90001	0	283.91008	0.1000002	1.6323E-09	283.91008
-2.80001	8E-13	283.933295	0.1000012	5.1469E-09	283.933295
-2.70001	-3E-13	283.956595	0.1000024	1.41417E-08	283.956595
-2.60001	2E-12	283.979901	0.1000026	3.37651E-08	283.979901
-2.50001	1E-13	284.003309	0.1000026	7.11831E-08	284.003309
-2.40001	-1.74E-11	284.04302	0.1000002	1.32243E-07	284.04302
-2.30001	-1.21E-11	284.067526	0.1000004	2.31289E-07	284.067526
-2.20001	-1.11E-11	284.092028	0.1000005	3.71321E-07	284.092028
-2.099999	-1.33E-11	284.118448	0.1000005	5.57978E-07	284.118448
-2.000001	-9.5E-12	284.142983	0.1000008	7.95038E-07	284.142983
-1.900001	-1.4E-11	284.177531	0.1	1.0786E-06	284.177531
-1.800001	-1.46E-11	284.229655	0.1000001	1.41333E-06	284.229655
-1.7	-9.1E-12	284.254234	0.1	1.80778E-06	284.254234
-1.6	-7.7E-12	284.278777	0.1000002	2.24734E-06	284.278777
-1.5	-6.7E-12	284.303345	0.1000003	2.73104E-06	284.303345
-1.4	-4.9E-12	284.327949	0.1000002	3.25556E-06	284.327949
-1.3	-3.2E-12	284.35246	0.1000001	3.81673E-06	284.35246
-1.200001	-2.2E-12	284.376977	0.1000002	4.4096E-06	284.376977
-1.100001	-1.2E-12	284.401482	0.1	5.03098E-06	284.401482
-1	5E-13	284.425978	0.1000001	5.6778E-06	284.425978
-0.900001	1.5E-12	284.450499	0.1	6.34591E-06	284.450499
-0.8	2.6E-12	284.475096	0.1	7.03218E-06	284.475096
-0.700001	3.8E-12	284.499608	0.1000002	7.73513E-06	284.499608
-0.6	5.6E-12	284.524124	0.1000003	8.45166E-06	284.524124
-0.500001	7.2E-12	284.548648	0.1	9.17952E-06	284.548648
-0.400001	8.8E-12	284.573149	0.1	9.91772E-06	284.573149
-0.300001	4.8E-12	284.607762	0.0999999	1.06564E-05	284.607762
-0.1999998	7.4E-12	284.634192	0.1000004	1.14121E-05	284.634192
-0.0999998	1.19E-11	284.658863	0.1000001	1.21749E-05	284.658863
4E-07	1.47E-11	284.683417	0.1000001	1.2943E-05	284.683417
0.0999998	1.01E-11	284.731253	0.1	1.37106E-05	284.731253
0.2000001	1.69E-11	284.755814	0.1000001	1.44924E-05	284.755814
0.299999	1.86E-11	284.780767	0.1000001	1.52784E-05	284.780767
0.399999	2.19E-11	284.805282	0.1	1.60697E-05	284.805282
0.5	2.34E-11	284.829958	0.1000001	1.68667E-05	284.829958
0.6	2.55E-11	284.854495	0.1000002	1.76695E-05	284.854495
0.7	2.75E-11	284.879032	0.1000001	1.84772E-05	284.879032
0.799999	2.97E-11	284.903543	0.1	1.92893E-05	284.903543
0.9	3.1E-11	284.928047	0.1000001	2.01047E-05	284.928047
0.999999	3.31E-11	284.952558	0.1000001	2.0924E-05	284.952558
1.1	3.45E-11	284.977187	0.1000002	2.17471E-05	284.977187
1.2	3.63E-11	285.001801	0.0999998	2.25712E-05	285.001801
1.3	3.83E-11	285.026299	0.1000001	2.33981E-05	285.026299
1.4	3.95E-11	285.050858	0.0999998	2.42264E-05	285.050858
1.5	4.06E-11	285.075378	0.0999999	2.50566E-05	285.075378
1.599999	4.19E-11	285.099907	0.1000001	2.58884E-05	285.099907
1.699999	4.28E-11	285.124411	0.0999999	2.67216E-05	285.124411
1.8	4.33E-11	285.148943	0.1000001	2.75561E-05	285.148943
1.899999	4.45E-11	285.173453	0.1000003	2.83911E-05	285.173453
1.999999	3.78E-11	285.232664	0.1	2.92202E-05	285.232664
2.099999	4.23E-11	285.257405	0.1	3.00583E-05	285.257405
2.19999	4.37E-11	285.282368	0.1	3.0893E-05	285.282368
2.29999	4.53E-11	285.306923	0.1000001	3.1732E-05	285.306923
2.39999	4.62E-11	285.331541	0.0999999	3.25709E-05	285.331541
2.49999	4.66E-11	285.356085	0.1000001	3.34104E-05	285.356085
2.59999	4.72E-11	285.380591	0.1	3.42503E-05	285.380591
2.69999	4.8E-11	285.405105	0.1000001	3.50907E-05	285.405105
2.79999	4.83E-11	285.429633	0.1	3.59321E-05	285.429633
2.89999	4.9E-11	285.454161	0.1000001	3.67736E-05	285.454161
2.99999	4.91E-11	285.478784	0.0999999	3.76152E-05	285.478784
3.09999	4.94E-11	285.503315	0.1	3.84566E-05	285.503315
3.19999	4.96E-11	285.527842	0.1000002	3.92992E-05	285.527842
3.29999	5.01E-11	285.552375	0.1000001	4.01418E-05	285.552375
3.39999	5.05E-11	285.57688	0.0999999	4.0985E-05	285.57688
3.49999	5.07E-11	285.60141	0.1000002	4.18281E-05	285.60141
3.59999	5.12E-11	285.625939	0.1000001	4.26724E-05	285.625939
3.69999	5.12E-11	285.650447	0.1000001	4.35161E-05	285.650447
3.79999	5.14E-11	285.675052	0.1	4.43605E-05	285.675052
3.89999	4.49E-11	285.731362	0.1000003	4.51965E-05	285.731362
3.99999	4.99E-11	285.755983	0.1	4.60452E-05	285.755983
4.09999	5.12E-11	285.780513	0.1000002	4.68936E-05	285.780513
4.19999	5.1E-11	285.805075	0.0999999	4.77413E-05	285.805075
4.29999	5.2E-11	285.82966	0.1000001	4.85902E-05	285.82966
4.39999	5.19E-11	285.854184	0.0999999	4.94384E-05	285.854184
4.49999	5.22E-11	285.878708	0.1000002	5.0288E-05	285.878708
4.59999	5.31E-11	285.903236	0.1000003	5.11381E-05	285.903236
4.69999	5.31E-11	285.927801	0.1000001	5.19885E-05	285.927801
4.79999	5.36E-11	285.95231	0.1000001	5.28394E-05	285.95231
4.89999	5.35E-11	285.976948	0.0999999	5.3692E-05	285.976948
4.99999	5.35E-11	286.001558	0.1000001	5.45455E-05	286.001558
5.09999	5.42E-11	286.02606	0.0999999	5.53976E-05	286.02606
5.19999	5.39E-11	286.050665	0.1000002	5.62527E-05	286.050665
5.29999	5.47E-11	286.075173	0.1	5.71077E-05	286.075173
5.39999	5.45E-11	286.09979	0.1	5.7964E-05	286.09979
5.49999	5.43E-11	286.124327	0.1000002	5.88212E-05	286.124327
5.59999	5.54E-11	286.148869	0.0999999	5.9678E-05	286.148869
5.69999	5.5E-11	286.173371	0.1000001	6.05372E-05	286.173371
5.79999	4.87E-11	286.233149	0.1000001	6.1386E-05	286.233149
5.89999	5.36E-11	286.257775	0.1000001	6.2251E-05	286.257775
5.99999	5.43E-11	286.282292	0.1000002	6.31138E-05	286.282292
6.09999	5.47E-11	286.306873	0.1000003	6.3977E-05	286.306873
6.19999	5.57E-11	286.331407	0.0999999	6.484E-05	286.331407
6.29999	5.56E-11	286.355958	0.1000002	6.57051E-05	286.355958
6.39999	5.58E-11	286.380457	0.1000002	6.65701E-05	286.380457
6.49999	5.61E-11	286.404966	0.1000001	6.74352E-05	286.404966
6.59999	5.59E-11	286.429473	0.1	6.83022E-05	286.429473
6.69999	5.66E-11	286.453997	0.1000002	6.91709E-05	286.453997
6.79999	5.62E-11	286.478601	0.1000002	7.00391E-05	286.478601
6.89999	5.62E-11	286.503124	0.1	7.09083E-05	286.503124
6.99999	5.65E-11	286.527632	0.1000001	7.17786E-05	286.527632
7.09999	5.68E-11	286.552145	0.0999999	7.26496E-05	286.552145
7.19999	5.71E-11	286.576657	0.1000002	7.3522E-05	286.576657
7.29999	5.73E-11	286.601211	0.1000001	7.43944E-05	286.601211
7.39999	5.77E-11	286.62571	0.1000002	7.52688E-05	286.62571
7.49999	5.77E-11	286.650247	0.0999999	7.61445E-05	286.650247
7.59999	5.82E-11	286.674841	0.1	7.70195E-05	286.674841
7.69999	5.07E-11	286.734428	0.1	7.78867E-05	286.734428
7.79999	5.67E-11	286.75895	0.1000003	7.8768E-05	286.75895
7.89999	5.71E-11	286.783494	0.0999999	7.96481E-05	286.783494
7.99999	5.77E-11	286.808023	0.1000002	8.05295E-05	286.808023
8.09999	5.72E-11	286.832619	0.1000001	8.14105E-05	286.832619
8.19999	5.77E-11	286.857128	0.1000001	8.2292E-05	286.857128
8.29999	5.77E-11	286.88168	0.1000003	8.3175E-05	286.88168
8.39999	5.83E-11	286.906243	0.1	8.40596E-05	286.906243
8.49999	5.88E-11	286.930774	0.1000001	8.49438E-05	286.930774
8.59999	5.88E-11	286.955375	0.1000003	8.58295E-05	286.955375
8.69999	5.92E-11	286.979975	0.1	8.67166E-05	286.979975
8.79999	5.92E-11	287.004588	0.1	8.76047E-05	287.004588
8.89999	5.96E-11	287.029102	0.0999998	8.84932E-05	287.029102
8.99999	5.95E-11	287.053627	0.1000002	8.93835E-05	287.053627
9.09999	5.91E-11	287.07818	0.1000001	9.02749E-05	287.07818
9.19999	5.93E-11	287.102744	0.1000001	9.11664E-05	287.102744
9.29999	5.96E-11	287.127283	0.1	9.20556E-05	287.127283
9.39999	5.92E-11	287.15183	0.0999998	9.29506E-05	287.15183
9.49999	5.91E-11	287.176377	0.0999998	9.38482E-05	287.176377
9.59999	5.39E-11	287.23597	0.0999998	9.47388E-05	287.23597
9.69999	5.85E-11	287.26054	0.1000002	9.56398E-05	287.26054
9.79999	5.9E-11	287.285136	0.0999999	9.65401E-05	287.285136
9.89999	5.93E-11	287.309667	0.1000003	9.74379E-05	287.309667
9.99999	5.95E-11	287.334206	0.0999999	9.83395E-05	287.334206
9.9	4.59E-11	287.35872	0.0999997	9.74254E-05	287.35872
9.8	4.32E-11	287.383246	0.0999999	9.65159E-05	287.383246
9.7	4.08E-11	287.407751	0.0999999	9.56089E-05	287.407751
9.6	3.89E-11	287.432254	0.0999998	9.4705E-05	287.432254
9.5	3.84E-11	287.456891	0.0999998	9.38024E-05	287.456891
9.4	3.67E-11	287.4815	0.1	9.29008E-05	287.4815
9.3	3.56E-11	287.506023	0.1	9.20005E-05	287.506023
9.2	3.47E-11	287.530549	0.0999998	9.11016E-05	287.530549
9.1	3.41E-11	287.55508	0.1000001	9.0204E-05	287.55508
9	3.33E-11	287.579605	0.1000001	8.9306E-05	287.579605
8.9	3.29E-11	287.604164	0.0999999	8.84141E-05	287.604164
8.8	3.2E-11	287.628672	0.0999999	8.75195E-05	287.628672
8.7	3.08E-11	287.653184	0.1000001	8.6622E-05	287.653184
8.6	3.08E-11	287.677777	0.1000002	8.57265E-05	287.677777
8.5	3.64E-11	287.73764	0.1	8.48354E-05	287.73764
8.4	3.12E-11	287.762169	0.0999997	8.39418E-05	287.762169
8.3	2.97E-11	287.78669	0.0999997	8.30501E-05	287.78669
8.2	2.91E-11	287.811242	0.0999997	8.21602E-05	287.811242
8.1	2.83E-11	287.835806	0.1000001	8.12707E-05	287.835806
8	2.77E-11	287.860333	0.1	8.03826E-05	287.860333
7.9	2.8E-11	287.88484	0.0999999	7.94959E-05	287.88484
7.8	2.69E-11	287.909375	0.0999999	7.86098E-05	287.909375
7.7	2.66E-11	287.933879	0.0999997	7.77243E-05	287.933879
7.6	2.63E-11	287.9584	0.0999998	7.68397E-05	287.9584
7.5	2.59E-11	287.983004	0.0999999	7.5958E-05	287.983004
7.4	2.54E-11	288.007654	0.0999997	7.50755E-05	288.007654
7.3	2.5E-11	288.032169	0.0999997	7.41933E-05	288.032169
7.2	2.44E-11	288.056769	0.0999996	7.33129E-05	288.056769
7.1	2.43E-11	288.081376	0.1000001	7.2435E-05	288.081376
7	2.37E-11	288.105921	0.1	7.15552E-05	288.105921
6.9	2.38E-11	288.130478	0.1	7.06772E-05	288.130478
6.8	2.28E-11	288.154991	0.0999999	6.98008E-05	288.154991
6.7	2.28E-11	288.179529	0.0999999	6.89252E-05	288.179529
6.6	2.84E-11	288.239045	0.0999999	6.8056E-05	288.239045
6.5	2.33E-11	288.263584	0.0999999	6.71806E-05	288.263584
6.4	2.28E-11	288.288138	0.0999997	6.63071E-05	288.288138
6.3	2.21E-11	288.312693	0.0999998	6.54334E-05	288.312693
6.2	2.1E-11	288.337255	0.0999999	6.45634E-05	288.337255
6.1	2.1E-11	288.361781	0.1000002	6.36911E-05	288.361781
6	2E-11	288.386297	0.1000001	6.28205E-05	288.386297
5.9	1.98E-11	288.410825	0.0999997	6.19514E-05	288.410825
5.8	1.92E-11	288.435336	0.0999999	6.10835E-05	288.435336
5.7	1.92E-11	288.45989	0.0999998	6.02154E-05	288.45989
5.6	1.86E-11	288.484506	0.1000001	5.93476E-05	288.484506
5.5	1.8E-11	288.509016	0.1	5.84827E-05	288.509016
5.4	1.79E-11	288.53351	0.0999998	5.76185E-05	288.53351
5.3	1.76E-11	288.558034	0.1	5.67532E-05	288.558034
5.2	1.64E-11	288.582543	0.0999999	5.58898E-05	288.582543
5.1	1.63E-11	288.607021	0.1	5.50278E-05	288.607021
5	1.6E-11	288.631529	0.0999998	5.41664E-05	288.631529
4.9	1.61E-11	288.656087	0.0999998	5.33063E-05	288.656087
4.8	1.56E-11	288.680687	0.1000001	5.24457E-05	288.680687
4.7	2.14E-11	288.740343	0.0999999	5.15917E-05	288.740343
4.6	1.62E-11	288.764876	0.1	5.07329E-05	288.764876
4.5	1.51E-11	288.789456	0.1000001	4.9875E-05	288.789456
4.4	1.44E-11	288.814029	0.0999998	4.90179E-05	288.814029
4.3	1.37E-11	288.838623	0.0999997	4.81627E-05	288.838623
4.2	1.31E-11	288.863152	0.1000001	4.73078E-05	288.863152
4.1	1.29E-11	288.887646	0.1000001	4.64542E-05	288.887646
4	1.17E-11	288.912195	0.1000001	4.56002E-05	288.912195
3.9	1.17E-11	288.93671	0.1	4.47472E-05	288.93671
3.8	1.06E-11	288.961229	0.0999998	4.38956E-05	288.961229
3.7	1.02E-11	288.985834	0.1	4.3045E-05	288.985834
3.6	9.9E-12	289.010449	0.1	4.21946E-05	289.010449
3.5	9.4E-12	289.034986	0.1000001	4.1345E-05	289.034986
3.4	8.7E-12	289.059475	0.1	4.04965E-05	289.059475
3.3	8E-12	289.083981	0.1000001	3.96489E-05	289.083981
3.2	7.2E-12	289.108493	0.1	3.88017E-05	289.108493
3.1	6.5E-12	289.132989	0.0999997	3.79552E-05	289.132989
3	6.1E-12	289.157573	0.0999999	3.71114E-05	289.157573
2.9	5.4E-12	289.182099	0.0999999	3.62679E-05	289.182099
2.8	1.16E-11	289.242322	0.0999998	3.54299E-05	289.242322
2.7	5.8E-12	289.26686	0.0999998	3.45857E-05	289.26686
2.6	4.3E-12	289.291373	0.0999999	3.37443E-05	289.291373
2.5	3.3E-12	289.315944	0.0999998	3.29035E-05	289.315944
2.4	2.5E-12	289.340533	0.0999999	3.20639E-05	289.340533
2.3	9E-13	289.365043	0.1	3.1225E-05	289.365043
2.2	6E-13	289.389564	0.0999999	3.03873E-05	289.389564
2.099999	2.5E-12	289.415984	0.1	2.95555E-05	289.415984
2	-1.5E-12	289.440482	0.1000001	2.87197E-05	289.440482
1.9	-3E-12	289.464985	0.0999998	2.78855E-05	289.464985
1.8	-4.3E-12	289.489595	0.1000001	2.70534E-05	289.489595
1.7	-5.3E-12	289.514111	0.1	2.62222E-05	289.514111
1.6	-6E-12	289.538634	0.0999998	2.53922E-05	289.538634
1.5	-7.5E-12	289.563167	0.1	2.45646E-05	289.563167
1.4	-8.9E-12	289.587708	0.0999998	2.37384E-05	289.587708
1.3	-1.03E-11	289.612212	0.0999999	2.29138E-05	289.612212
1.2	-1.17E-11	289.636735	0.1	2.20922E-05	289.636735
1.1	-1.29E-11	289.661242	0.0999999	2.1273E-05	289.661242
1	-1.46E-11	289.685871	0.0999999	2.04568E-05	289.685871
0.9	-1.03E-11	289.739275	0.0999998	1.96483E-05	289.739275
0.8	-1.66E-11	289.763828	0.0999999	1.88382E-05	289.763828
0.7	-1.91E-11	289.788344	0.0999999	1.80333E-05	289.788344
0.6	-2.1E-11	289.812928	0.1000001	1.72334E-05	289.812928
0.5	-2.34E-11	289.837529	0.0999997	1.64386E-05	289.837529
0.4	-2.59E-11	289.862053	0.0999997	1.565E-05	289.862053
0.3	-2.8E-11	289.88668	0.0999998	1.48683E-05	289.88668
0.1999999	-2.75E-11	289.913115	0.0999999	1.40928E-05	289.913115
0.0999998	-3.28E-11	289.937639	0.1	1.33226E-05	289.937639
-5E-07	-3.5E-11	289.962147	0.0999999	1.25574E-05	289.962147
#scan	iMeasureCycle=3	iMux=0	time=319.71	N=401	LocalTime=20/04/2023 00:13:00
#VGate(V)	IGate(A)	time(s)	VDrain(V)	IDrain(A)	time(s)
-1E-07	-1.28E-11	319.717526	0.0999999	1.27445E-05	319.717526
-0.1000004	-2.06E-11	319.742482	0.1000001	1.19734E-05	319.742482
-0.2000002	-2.23E-11	319.768124	0.1	1.1209E-05	319.768124
-0.3	-2.81E-11	319.79285	0.0999999	1.04524E-05	319.79285
-0.4	-3.09E-11	319.817369	0.0999998	9.7039E-06	319.817369
-0.5	-2.98E-11	319.844739	0.1000001	8.97041E-06	319.844739
-0.6	-3.54E-11	319.869256	0.1000001	8.24241E-06	319.869256
-0.7	-3.75E-11	319.893765	0.0999998	7.52713E-06	319.893765
-0.8	-3.9E-11	319.918295	0.0999998	6.82615E-06	319.918295
-0.9	-4.07E-11	319.942806	0.1000002	6.14161E-06	319.942806
-1	-4.2E-11	319.967364	0.1	5.47659E-06	319.967364
-1.1	-4.33E-11	319.991879	0.0999998	4.83397E-06	319.991879
-1.2	-4.44E-11	320.0164	0.0999996	4.21788E-06	320.0164
-1.3	-4.56E-11	320.040992	0.1000001	3.63125E-06	320.040992
-1.4	-4.56E-11	320.065811	0.1000001	3.0796E-06	320.065811
-1.5	-4.67E-11	320.090356	0.0999999	2.56559E-06	320.090356
-1.6	-4.76E-11	320.114874	0.0999998	2.09416E-06	320.114874
-1.7	-4.85E-11	320.139386	0.0999998	1.66894E-06	320.139386
-1.8	-4.94E-11	320.163896	0.0999999	1.29357E-06	320.163896
-1.9	-4.99E-11	320.188429	0.0999999	9.6949E-07	320.188429
-2	-4.68E-11	320.215755	0.0999996	6.99045E-07	320.215755
-2.1	-5.06E-11	320.240259	0.0999995	4.78989E-07	320.240259
-2.2	-4.51E-11	320.284395	0.0999998	3.11164E-07	320.284395
-2.3	-5.04E-11	320.30894	0.0999997	1.86275E-07	320.30894
-2.4	-5.12E-11	320.333487	0.0999998	1.02578E-07	320.333487
-2.5	-4.6E-11	320.371173	0.0999961	5.16438E-08	320.371173
-2.6	-6.45E-11	320.394552	0.100005	2.24771E-08	320.394552
-2.7	-6.75E-11	320.417751	0.1000023	8.5269E-09	320.417751
-2.8	-6.85E-11	320.44096	0.1000009	2.7757E-09	320.44096
-2.9	-6.9E-11	320.464171	0.1000006	7.809E-10	320.464171
-3	-6.79E-11	320.487481	0.1000005	1.903E-10	320.487481
-3.1	-6.82E-11	320.510767	0.1000003	3.5E-11	320.510767
-3.2	-7.02E-11	320.534061	0.1000004	7E-13	320.534061
-3.3	-7.1E-11	320.557272	0.1000004	-5.8E-12	320.557272
-3.4	-6.93E-11	320.580564	0.1000003	-6.1E-12	320.580564
-3.5	-7.18E-11	320.603778	0.1000001	-6.4E-12	320.603778
-3.6	-7.19E-11	320.626993	0.1000004	-6.4E-12	320.626993
-3.7	-7.21E-11	320.650212	0.1000004	-6.1E-12	320.650212
-3.8	-7.07E-11	320.6735	0.1000003	-6.4E-12	320.6735
-3.9	-7.09E-11	320.696796	0.1000003	-6.2E-12	320.696796
-4	-7.13E-11	320.720086	0.1000002	-6.2E-12	320.720086
-4.1	-5.17E-11	320.767453	0.1	-8E-12	320.767453
-4.2	-6.93E-11	320.790861	0.1000002	-6.2E-12	320.790861
-4.3	-7.23E-11	320.814152	0.1000002	-6.4E-12	320.814152
-4.4	-7.29E-11	320.837365	0.1000002	-6.3E-12	320.837365
-4.5	-7.4E-11	320.860601	0.1000001	-6.3E-12	320.860601
-4.6	-7.21E-11	320.883942	0.1000004	-6.2E-12	320.883942
-4.7	-7.36E-11	320.907162	0.1000004	-6.1E-12	320.907162
-4.8	-7.45E-11	320.930379	0.1000003	-6.5E-12	320.930379
-4.9	-7.52E-11	320.953583	0.1000002	-6.4E-12	320.953583
-5	-7.36E-11	320.976876	0.1000002	-6.4E-12	320.976876
-5.1	-7.51E-11	321.00009	0.1000003	-5.9E-12	321.00009
-5.2	-7.52E-11	321.023309	0.1000003	-6E-12	321.023309
-5.3	-7.55E-11	321.046605	0.1000004	-6.2E-12	321.046605
-5.4	-7.42E-11	321.069986	0.1000004	-6E-12	321.069986
-5.5	-7.65E-11	321.093271	0.1000003	-6.1E-12	321.093271
-5.6	-7.67E-11	321.116488	0.1000004	-5.9E-12	321.116488
-5.7	-7.47E-11	321.139794	0.1000004	-6E-12	321.139794
-5.8	-7.55E-11	321.163072	0.1000002	-6.3E-12	321.163072
-5.9	-7.72E-11	321.186293	0.1000003	-6.2E-12	321.186293
-6	-7.75E-11	321.209512	0.1000002	-5.7E-12	321.209512
-6.1	-7.76E-11	321.232757	0.1000003	-6.1E-12	321.232757
-6.2	-5.68E-11	321.283053	0.1000001	-7.9E-12	321.283053
-6.3	-7.4E-11	321.306381	0.1000002	-6E-12	321.306381
-6.4	-7.67E-11	321.329604	0.1000003	-6.3E-12	321.329604
-6.5	-7.76E-11	321.352836	0.1000002	-6E-12	321.352836
-6.6	-7.62E-11	321.376189	0.1000003	-6E-12	321.376189
-6.7	-7.75E-11	321.399513	0.1000002	-5.3E-12	321.399513
-6.8	-7.86E-11	321.422731	0.1000002	-5.7E-12	321.422731
-6.9	-7.62E-11	321.446068	0.1000003	-6.3E-12	321.446068
-7	-7.76E-11	321.469356	0.1000002	-6E-12	321.469356
-7.1	-7.93E-11	321.492574	0.1000003	-5.3E-12	321.492574
-7.2	-7.96E-11	321.51579	0.1000002	-5.3E-12	321.51579
-7.3	-7.81E-11	321.539169	0.1000002	-5.5E-12	321.539169
-7.4	-7.81E-11	321.56247	0.1000003	-5.7E-12	321.56247
-7.5	-8E-11	321.585685	0.1000002	-5.9E-12	321.585685
-7.6	-8.07E-11	321.608906	0.1000003	-5.6E-12	321.608906
-7.7	-7.92E-11	321.632201	0.1000004	-5.2E-12	321.632201
-7.8	-7.89E-11	321.655505	0.1000004	-5.1E-12	321.655505
-7.9	-8.12E-11	321.678715	0.1000002	-5.5E-12	321.678715
-8	-8.08E-11	321.701933	0.1000003	-6.2E-12	321.701933
-8.1	-7.96E-11	321.725219	0.1000003	-5.9E-12	321.725219
-8.2	-6.07E-11	321.780228	0.0999999	-7.3E-12	321.780228
-8.3	-7.77E-11	321.803554	0.1000001	-5.8E-12	321.803554
-8.4	-8.04E-11	321.826766	0.1	-5.7E-12	321.826766
-8.5	-8.1E-11	321.850006	0.1000001	-5.5E-12	321.850006
-8.6	-8.11E-11	321.873274	0.1000002	-5.4E-12	321.873274
-8.7	-8E-11	321.896573	0.1000003	-5.7E-12	321.896573
-8.8	-8.21E-11	321.919784	0.1000002	-5.4E-12	321.919784
-8.9	-8.2E-11	321.943	0.1000004	-5.1E-12	321.943
-9	-8.22E-11	321.966217	0.1000002	-5.4E-12	321.966217
-9.1	-8.01E-11	321.989515	0.1000002	-5.4E-12	321.989515
-9.2	-8.04E-11	322.012819	0.1000002	-5.5E-12	322.012819
-9.3	-8.23E-11	322.036157	0.1000003	-5.7E-12	322.036157
-9.4	-8.11E-11	322.05946	0.1000003	-5.8E-12	322.05946
-9.5	-8.31E-11	322.08284	0.1000003	-5.5E-12	322.08284
-9.6	-8.37E-11	322.106059	0.1000003	-5.8E-12	322.106059
-9.7	-8.35E-11	322.129276	0.1000002	-5.5E-12	322.129276
-9.8	-8.19E-11	322.152563	0.1000002	-5.8E-12	322.152563
-9.9	-8.2E-11	322.175845	0.1000003	-5.5E-12	322.175845
-10	-8.35E-11	322.199065	0.1000003	-5.7E-12	322.199065
-9.90001	-4.13E-11	322.222278	0.0999999	-9.2E-12	322.222278
-9.80001	-3.91E-11	322.245566	0.0999999	-9E-12	322.245566
-9.70001	-5.45E-11	322.285896	0.1	-7.3E-12	322.285896
-9.60001	-3.49E-11	322.309185	0.0999999	-9.1E-12	322.309185
-9.50001	-3.17E-11	322.332407	0.0999997	-9.3E-12	322.332407
-9.40001	-3.3E-11	322.355764	0.0999999	-9E-12	322.355764
-9.30001	-3.15E-11	322.379106	0.1	-9E-12	322.379106
-9.20001	-2.91E-11	322.402404	0.0999998	-9E-12	322.402404
-9.10001	-2.74E-11	322.425615	0.0999998	-9.3E-12	322.425615
-9.00001	-2.83E-11	322.448899	0.0999999	-9.2E-12	322.448899
-8.90001	-2.62E-11	322.472101	0.0999998	-9.6E-12	322.472101
-8.80001	-2.53E-11	322.495329	0.0999998	-9.4E-12	322.495329
-8.70001	-2.49E-11	322.518554	0.0999996	-9.7E-12	322.518554
-8.60001	-2.64E-11	322.541928	0.0999999	-9.3E-12	322.541928
-8.50001	-2.35E-11	322.565142	0.0999998	-9.8E-12	322.565142
-8.40001	-2.3E-11	322.588354	0.0999998	-9.7E-12	322.588354
-8.30001	-2.25E-11	322.611576	0.0999998	-1E-11	322.611576
-8.20001	-2.36E-11	322.634856	0.0999999	-1E-11	322.634856
-8.10001	-2.35E-11	322.658159	0.0999998	-9.6E-12	322.658159
-8.00001	-2.11E-11	322.68136	0.0999998	-9.8E-12	322.68136
-7.90001	-2.06E-11	322.704579	0.0999999	-1E-11	322.704579
-7.80001	-2.03E-11	322.727807	0.0999998	-1E-11	322.727807
-7.70001	-2.9E-11	322.768541	0.0999999	-9.5E-12	322.768541
-7.60001	-3.89E-11	322.80327	0.1	-8.4E-12	322.80327
-7.50001	-2.03E-11	322.826508	0.0999999	-1.01E-11	322.826508
-7.40001	-1.93E-11	322.849841	0.0999998	-1.03E-11	322.849841
-7.30001	-2.01E-11	322.873134	0.0999999	-1.01E-11	322.873134
-7.2	-1.78E-11	322.896406	0.0999999	-1.02E-11	322.896406
-7.10001	-1.72E-11	322.919636	0.0999998	-1.02E-11	322.919636
-7.00001	-1.7E-11	322.942854	0.0999999	-1.03E-11	322.942854
-6.90001	-1.66E-11	322.966059	0.1	-1.03E-11	322.966059
-6.80001	-1.82E-11	322.989346	0.0999998	-9.9E-12	322.989346
-6.70001	-1.61E-11	323.012563	0.0999998	-1.02E-11	323.012563
-6.60001	-1.58E-11	323.035866	0.0999997	-1.03E-11	323.035866
-6.50001	-1.71E-11	323.059167	0.0999998	-1.01E-11	323.059167
-6.40001	-1.76E-11	323.082594	0.0999998	-1.01E-11	323.082594
-6.30001	-1.44E-11	323.105838	0.0999998	-1.03E-11	323.105838
-6.20001	-1.6E-11	323.129131	0.0999997	-1.01E-11	323.129131
-6.10001	-1.54E-11	323.152415	0.0999999	-9.6E-12	323.152415
-6.00001	-1.37E-11	323.175622	0.0999998	-1.03E-11	323.175622
-5.90001	-1.37E-11	323.198861	0.0999999	-1.03E-11	323.198861
-5.80001	-1.51E-11	323.222158	0.0999998	-1E-11	323.222158
-5.70001	-1.43E-11	323.245458	0.0999996	-1.02E-11	323.245458
-5.60001	-3.24E-11	323.284698	0.1000001	-8.8E-12	323.284698
-5.50001	-1.29E-11	323.307956	0.0999998	-1.03E-11	323.307956
-5.40001	-1.21E-11	323.331206	0.0999999	-1.09E-11	323.331206
-5.30001	-1.28E-11	323.354513	0.0999999	-1.05E-11	323.354513
-5.20001	-1.27E-11	323.377861	0.0999999	-1.03E-11	323.377861
-5.1	-1.14E-11	323.401198	0.0999998	-1.08E-11	323.401198
-5.00001	-1.18E-11	323.424482	0.0999998	-1.07E-11	323.424482
-4.90001	-1.13E-11	323.447774	0.0999998	-1.08E-11	323.447774
-4.80001	-1.02E-11	323.471052	0.0999999	-1.09E-11	323.471052
-4.7	-8.3E-12	323.494256	0.1	-1.09E-11	323.494256
-4.60001	-9.3E-12	323.51755	0.0999999	-1.07E-11	323.51755
-4.50001	-7.3E-12	323.540847	0.0999998	-1.13E-11	323.540847
-4.40001	-7E-12	323.564069	0.0999999	-1.11E-11	323.564069
-4.3	-8.6E-12	323.587358	0.0999999	-1.07E-11	323.587358
-4.20001	-7.9E-12	323.610642	0.0999998	-1.12E-11	323.610642
-4.10001	-5.8E-12	323.633855	0.0999997	-1.1E-11	323.633855
-4.00001	-5.2E-12	323.657078	0.0999996	-1.12E-11	323.657078
-3.90001	-5.4E-12	323.680321	0.0999997	-1.15E-11	323.680321
-3.80001	-5.8E-12	323.703622	0.0999999	-1.09E-11	323.703622
-3.70001	-5.9E-12	323.726911	0.0999998	-1.09E-11	323.726911
-3.60001	-3.9E-12	323.750205	0.0999999	-1.12E-11	323.750205
-3.50001	-2.36E-11	323.791245	0.1	-9.9E-12	323.791245
-3.40001	-3.4E-12	323.814487	0.0999996	-1.11E-11	323.814487
-3.30001	-4E-12	323.837782	0.0999998	-8.5E-12	323.837782
-3.20001	-3.6E-12	323.861095	0.0999999	7.7E-12	323.861095
-3.10001	-1.1E-12	323.884359	0.0999998	8.49E-11	323.884359
-3.00001	3E-13	323.907583	0.0999999	3.958E-10	323.907583
-2.90001	-9E-13	323.930869	0.1000004	1.464E-09	323.930869
-2.80001	-3E-13	323.954167	0.1000014	4.6948E-09	323.954167
-2.70001	2.2E-12	323.977374	0.1000016	1.30775E-08	323.977374
-2.60001	3E-12	324.000583	0.1000028	3.16382E-08	324.000583
-2.50001	1.8E-12	324.023956	0.1000018	6.72823E-08	324.023956
-2.40001	-1.68E-11	324.063569	0.1	1.25971E-07	324.063569
-2.30001	-1.15E-11	324.088191	0.1000003	2.21842E-07	324.088191
-2.20001	-1.05E-11	324.112752	0.1000008	3.58011E-07	324.112752
-2.099999	-1.29E-11	324.13916	0.1000006	5.40766E-07	324.13916
-2	-9E-12	324.16367	0.1000008	7.73349E-07	324.16367
-1.900001	-1.33E-11	324.198187	0.0999999	1.05253E-06	324.198187
-1.800001	-8E-12	324.222723	0.1000001	1.38997E-06	324.222723
-1.7	-6.7E-12	324.247234	0.0999999	1.77644E-06	324.247234
-1.600001	-1.18E-11	324.291822	0.1	2.20355E-06	324.291822
-1.500001	-5.8E-12	324.316349	0.1000001	2.68497E-06	324.316349
-1.400001	-4.3E-12	324.340902	0.1000001	3.20557E-06	324.340902
-1.3	-3.2E-12	324.365422	0.1000001	3.76275E-06	324.365422
-1.200001	-2.1E-12	324.389995	0.0999998	4.35227E-06	324.389995
-1.100001	-9E-13	324.414599	0.1000001	4.97046E-06	324.414599
-1	1E-13	324.439122	0.1000001	5.61374E-06	324.439122
-0.9	1.7E-12	324.46363	0.1	6.27832E-06	324.46363
-0.8	2.6E-12	324.488169	0.1000001	6.96226E-06	324.488169
-0.700001	4.4E-12	324.512664	0.1000001	7.6617E-06	324.512664
-0.600001	4.9E-12	324.537374	0.1	8.37523E-06	324.537374
-0.500001	7.2E-12	324.561912	0.0999999	9.10116E-06	324.561912
-0.400001	8.8E-12	324.586425	0.1	9.83674E-06	324.586425
-0.300001	5.4E-12	324.621004	0.1	1.0573E-05	324.621004
-0.1999999	8.1E-12	324.647454	0.1	1.13269E-05	324.647454
-0.0999998	1.32E-11	324.671979	0.1000003	1.2088E-05	324.671979
2E-07	1.49E-11	324.696468	0.0999998	1.28541E-05	324.696468
0.1000004	1.67E-11	324.720976	0.1000001	1.36262E-05	324.720976
0.2000003	1.86E-11	324.745563	0.0999999	1.44039E-05	324.745563
0.299999	1.48E-11	324.79358	0.1000001	1.51826E-05	324.79358
0.4	2.1E-11	324.818111	0.0999999	1.59741E-05	324.818111
0.5	2.34E-11	324.842642	0.1000001	1.67697E-05	324.842642
0.6	2.52E-11	324.867181	0.0999999	1.75716E-05	324.867181
0.7	2.77E-11	324.891769	0.0999999	1.83785E-05	324.891769
0.799999	2.94E-11	324.916291	0.1	1.91895E-05	324.916291
0.899999	3.12E-11	324.940838	0.1	2.00047E-05	324.940838
0.999999	3.31E-11	324.965358	0.1	2.08219E-05	324.965358
1.1	3.51E-11	324.989871	0.0999997	2.16433E-05	324.989871
1.2	3.68E-11	325.014388	0.0999999	2.24674E-05	325.014388
1.3	3.73E-11	325.039116	0.1000001	2.32934E-05	325.039116
1.4	3.94E-11	325.063633	0.1000002	2.41213E-05	325.063633
1.5	4.04E-11	325.088255	0.1000001	2.49516E-05	325.088255
1.6	4.19E-11	325.11275	0.1000001	2.57828E-05	325.11275
1.699999	4.29E-11	325.137356	0.1	2.66156E-05	325.137356
1.8	4.38E-11	325.161886	0.1	2.745E-05	325.161886
1.899999	4.48E-11	325.186442	0.1	2.82855E-05	325.186442
2	4.49E-11	325.210977	0.1	2.91213E-05	325.210977
2.099999	4.56E-11	325.235588	0.1	2.99586E-05	325.235588
2.19999	3.85E-11	325.299251	0.1000001	3.07846E-05	325.299251
2.29999	4.44E-11	325.323792	0.1	3.16255E-05	325.323792
2.39999	4.55E-11	325.348302	0.1	3.24659E-05	325.348302
2.49999	4.64E-11	325.372865	0.1000006	3.33066E-05	325.372865
2.59999	4.68E-11	325.397466	0.1000001	3.41483E-05	325.397466
2.69999	4.77E-11	325.422098	0.1000002	3.49899E-05	325.422098
2.79999	4.82E-11	325.446634	0.0999998	3.58318E-05	325.446634
2.89999	4.84E-11	325.471138	0.0999998	3.66747E-05	325.471138
2.99999	4.89E-11	325.495668	0.1000001	3.75184E-05	325.495668
3.09999	4.95E-11	325.520202	0.1000001	3.83615E-05	325.520202
3.19999	5E-11	325.544822	0.1000001	3.92062E-05	325.544822
3.29999	5.04E-11	325.569364	0.1	4.005E-05	325.569364
3.39999	5.09E-11	325.593874	0.0999999	4.08953E-05	325.593874
3.49999	5.06E-11	325.61838	0.1000002	4.17399E-05	325.61838
3.59999	5.12E-11	325.643003	0.1000002	4.25848E-05	325.643003
3.69999	5.18E-11	325.667502	0.1000002	4.34306E-05	325.667502
3.79999	5.16E-11	325.692026	0.1000001	4.42768E-05	325.692026
3.89999	5.24E-11	325.716533	0.1000003	4.51232E-05	325.716533
3.99999	5.22E-11	325.741133	0.1000003	4.597E-05	325.741133
4.09999	4.57E-11	325.797915	0.1	4.68098E-05	325.797915
4.19999	5.12E-11	325.822429	0.0999999	4.76601E-05	325.822429
4.29999	5.16E-11	325.846992	0.1	4.85102E-05	325.846992
4.39999	5.2E-11	325.871526	0.1000002	4.93604E-05	325.871526
4.49999	5.25E-11	325.896092	0.1	5.02106E-05	325.896092
4.59999	5.33E-11	325.920583	0.1000001	5.10619E-05	325.920583
4.69999	5.31E-11	325.945108	0.1	5.1913E-05	325.945108
4.79999	5.36E-11	325.969609	0.1000002	5.27653E-05	325.969609
4.89999	5.38E-11	325.994132	0.1000003	5.36182E-05	325.994132
4.99999	5.4E-11	326.018711	0.1000001	5.44713E-05	326.018711
5.09999	5.36E-11	326.043339	0.1	5.5325E-05	326.043339
5.19999	5.48E-11	326.067857	0.1000001	5.61805E-05	326.067857
5.29999	5.46E-11	326.092467	0.1000001	5.70361E-05	326.092467
5.39999	5.5E-11	326.116972	0.1000001	5.78922E-05	326.116972
5.49999	5.48E-11	326.141491	0.1000002	5.87492E-05	326.141491
5.59999	5.53E-11	326.16602	0.0999999	5.96076E-05	326.16602
5.69999	5.51E-11	326.19053	0.0999999	6.04663E-05	326.19053
5.79999	5.52E-11	326.215067	0.1000002	6.13252E-05	326.215067
5.89999	5.53E-11	326.239602	0.0999999	6.21868E-05	326.239602
5.99999	4.9E-11	326.299983	0.0999998	6.30379E-05	326.299983
6.09999	5.41E-11	326.32452	0.1000002	6.39045E-05	326.32452
6.19999	5.43E-11	326.349035	0.1000002	6.47688E-05	326.349035
6.29999	5.55E-11	326.373582	0.1000002	6.56337E-05	326.373582
6.39999	5.6E-11	326.398145	0.1	6.64999E-05	326.398145
6.49999	5.61E-11	326.422777	0.1000001	6.73662E-05	326.422777
6.59999	5.6E-11	326.4473	0.0999998	6.82331E-05	326.4473
6.69999	5.67E-11	326.471821	0.1	6.91004E-05	326.471821
6.79999	5.6E-11	326.496368	0.1	6.99692E-05	326.496368
6.89999	5.64E-11	326.520908	0.1000002	7.08391E-05	326.520908
6.99999	5.67E-11	326.545501	0.1000001	7.17095E-05	326.545501
7.09999	5.71E-11	326.57006	0.1000001	7.25813E-05	326.57006
7.19999	5.78E-11	326.594585	0.0999999	7.34537E-05	326.594585
7.29999	5.79E-11	326.619088	0.1000001	7.43271E-05	326.619088
7.39999	5.79E-11	326.643612	0.0999998	7.52005E-05	326.643612
7.49999	5.83E-11	326.66813	0.1	7.6076E-05	326.66813
7.59999	5.85E-11	326.692651	0.1000002	7.69518E-05	326.692651
7.69999	5.83E-11	326.717152	0.0999999	7.78284E-05	326.717152
7.79999	5.79E-11	326.741764	0.1000001	7.87064E-05	326.741764
7.89999	5.24E-11	326.801453	0.1	7.95761E-05	326.801453
7.99999	5.68E-11	326.825984	0.1	8.04589E-05	326.825984
8.09999	5.76E-11	326.850498	0.0999999	8.1341E-05	326.850498
8.19999	5.83E-11	326.875041	0.1000002	8.22243E-05	326.875041
8.29999	5.78E-11	326.899641	0.1	8.31071E-05	326.899641
8.39999	5.83E-11	326.92417	0.0999998	8.39905E-05	326.92417
8.49999	5.86E-11	326.948682	0.0999998	8.4876E-05	326.948682
8.59999	5.91E-11	326.97323	0.1000001	8.57622E-05	326.97323
8.69999	5.87E-11	326.99774	0.1	8.66491E-05	326.99774
8.79999	5.89E-11	327.022261	0.0999998	8.75377E-05	327.022261
8.89999	5.9E-11	327.046875	0.1	8.84272E-05	327.046875
8.99999	5.94E-11	327.071401	0.1	8.93172E-05	327.071401
9.09999	5.9E-11	327.096047	0.0999999	9.02073E-05	327.096047
9.19999	5.96E-11	327.120591	0.0999998	9.10978E-05	327.120591
9.29999	6.01E-11	327.145214	0.0999999	9.19884E-05	327.145214
9.39999	6.03E-11	327.169731	0.0999999	9.28843E-05	327.169731
9.49999	5.96E-11	327.194303	0.1	9.37809E-05	327.194303
9.59999	6E-11	327.218853	0.1	9.4678E-05	327.218853
9.69999	6.05E-11	327.243411	0.1000001	9.55768E-05	327.243411
9.79999	5.44E-11	327.298992	0.1000002	9.6468E-05	327.298992
9.89999	5.9E-11	327.323551	0.1	9.73703E-05	327.323551
9.99999	5.93E-11	327.348091	0.0999999	9.82728E-05	327.348091
9.9	4.65E-11	327.372639	0.1000002	9.73579E-05	327.372639
9.8	4.31E-11	327.397209	0.1	9.6449E-05	327.397209
9.7	4.11E-11	327.421823	0.0999999	9.55422E-05	327.421823
9.6	4.01E-11	327.446386	0.1000001	9.4638E-05	327.446386
9.5	3.83E-11	327.470934	0.1000002	9.37351E-05	327.470934
9.4	3.68E-11	327.495465	0.0999998	9.2833E-05	327.495465
9.3	3.56E-11	327.519962	0.1	9.1932E-05	327.519962
9.2	3.54E-11	327.544507	0.0999999	9.10342E-05	327.544507
9.1	3.46E-11	327.569068	0.1	9.01362E-05	327.569068
9	3.33E-11	327.593628	0.1000001	8.92388E-05	327.593628
8.9	3.31E-11	327.618138	0.1000002	8.8347E-05	327.618138
8.8	3.27E-11	327.642717	0.0999998	8.74509E-05	327.642717
8.7	3.19E-11	327.667245	0.1000001	8.65539E-05	327.667245
8.6	3.14E-11	327.691763	0.1	8.56592E-05	327.691763
8.5	3.09E-11	327.716276	0.1000001	8.47647E-05	327.716276
8.4	2.98E-11	327.740795	0.0999999	8.38732E-05	327.740795
8.30001	3.67E-11	327.803467	0.0999998	8.29861E-05	327.803467
8.2	3.05E-11	327.82805	0.1000001	8.20945E-05	327.82805
8.1	3E-11	327.852682	0.1	8.12051E-05	327.852682
8	2.9E-11	327.877256	0.1	8.0318E-05	327.877256
7.9	2.85E-11	327.901844	0.0999999	7.94296E-05	327.901844
7.8	2.77E-11	327.926355	0.0999998	7.85433E-05	327.926355
7.7	2.78E-11	327.950895	0.1	7.76588E-05	327.950895
7.6	2.71E-11	327.975434	0.1000001	7.6774E-05	327.975434
7.5	2.66E-11	327.999964	0.1	7.58905E-05	327.999964
7.4	2.58E-11	328.024479	0.1000001	7.50082E-05	328.024479
7.3	2.54E-11	328.049029	0.1	7.41266E-05	328.049029
7.2	2.54E-11	328.073579	0.1000003	7.32463E-05	328.073579
7.1	2.5E-11	328.098183	0.0999999	7.23671E-05	328.098183
7	2.47E-11	328.122732	0.1	7.14878E-05	328.122732
6.9	2.41E-11	328.147293	0.0999998	7.06118E-05	328.147293
6.8	2.33E-11	328.171824	0.1	6.97337E-05	328.171824
6.7	2.33E-11	328.196332	0.0999998	6.88579E-05	328.196332
6.6	2.3E-11	328.220839	0.0999999	6.79826E-05	328.220839
6.5	2.21E-11	328.245348	0.0999998	6.71086E-05	328.245348
6.4	2.91E-11	328.30616	0.1	6.62411E-05	328.30616
6.3	2.38E-11	328.330678	0.0999998	6.53671E-05	328.330678
6.2	2.26E-11	328.355212	0.1	6.44949E-05	328.355212
6.1	2.24E-11	328.379754	0.0999999	6.3623E-05	328.379754
6	2.16E-11	328.40434	0.0999999	6.27538E-05	328.40434
5.9	2.05E-11	328.428948	0.0999999	6.18832E-05	328.428948
5.8	2.03E-11	328.453478	0.1	6.10149E-05	328.453478
5.7	2E-11	328.477986	0.1	6.01478E-05	328.477986
5.6	1.98E-11	328.50253	0.1000001	5.92804E-05	328.50253
5.5	1.93E-11	328.527061	0.1	5.84138E-05	328.527061
5.4	1.89E-11	328.551615	0.0999999	5.75492E-05	328.551615
5.3	1.87E-11	328.576144	0.0999998	5.66856E-05	328.576144
5.2	1.81E-11	328.600657	0.0999998	5.58224E-05	328.600657
5.1	1.77E-11	328.625164	0.0999997	5.49592E-05	328.625164
5	1.69E-11	328.649684	0.0999999	5.40984E-05	328.649684
4.9	1.69E-11	328.674224	0.0999999	5.32384E-05	328.674224
4.8	1.6E-11	328.698782	0.0999999	5.23777E-05	328.698782
4.7	1.55E-11	328.723291	0.0999999	5.15182E-05	328.723291
4.6	1.59E-11	328.747963	0.1	5.06599E-05	328.747963
4.5	2.16E-11	328.807145	0.0999998	4.98082E-05	328.807145
4.4	1.61E-11	328.831682	0.1000001	4.8951E-05	328.831682
4.3	1.48E-11	328.856216	0.0999999	4.80953E-05	328.856216
4.2	1.4E-11	328.880806	0.1	4.72395E-05	328.880806
4.1	1.34E-11	328.90537	0.0999999	4.6385E-05	328.90537
4	1.23E-11	328.929898	0.0999999	4.55324E-05	328.929898
3.9	1.22E-11	328.954435	0.0999999	4.46801E-05	328.954435
3.8	1.18E-11	328.979078	0.1	4.38275E-05	328.979078
3.7	1.06E-11	329.003594	0.1000001	4.29764E-05	329.003594
3.6	1.05E-11	329.028137	0.1	4.21274E-05	329.028137
3.5	9.8E-12	329.052699	0.1000001	4.12785E-05	329.052699
3.4	9.5E-12	329.077228	0.0999998	4.04303E-05	329.077228
3.3	8.2E-12	329.101833	0.0999998	3.95818E-05	329.101833
3.2	7.5E-12	329.126336	0.0999998	3.87354E-05	329.126336
3.1	7.3E-12	329.15086	0.0999999	3.78893E-05	329.15086
3	6.6E-12	329.175377	0.1	3.7044E-05	329.175377
2.9	5.7E-12	329.199905	0.1	3.62004E-05	329.199905
2.8	5.2E-12	329.224396	0.0999998	3.53571E-05	329.224396
2.7	3.8E-12	329.248936	0.1	3.45148E-05	329.248936
2.6	1.01E-11	329.304623	0.0999999	3.36773E-05	329.304623
2.5	4.5E-12	329.329145	0.0999998	3.28362E-05	329.329145
2.4	3E-12	329.353663	0.0999998	3.19972E-05	329.353663
2.3	2E-12	329.378216	0.0999998	3.11582E-05	329.378216
2.2	8E-13	329.402824	0.1000001	3.03207E-05	329.402824
2.099999	3.1E-12	329.429355	0.1	2.94887E-05	329.429355
2	-1E-12	329.453855	0.1	2.86532E-05	329.453855
1.9	-2.1E-12	329.478395	0.0999999	2.78195E-05	329.478395
1.8	-3.4E-12	329.502907	0.0999999	2.69872E-05	329.502907
1.7	-4.4E-12	329.527439	0.1000002	2.61553E-05	329.527439
1.6	-5.3E-12	329.552026	0.0999999	2.5326E-05	329.552026
1.5	-7.8E-12	329.576566	0.0999998	2.44978E-05	329.576566
1.4	-8.9E-12	329.601077	0.0999997	2.36724E-05	329.601077
1.3	-9.9E-12	329.625576	0.1	2.28491E-05	329.625576
1.2	-1.15E-11	329.650079	0.1000001	2.20278E-05	329.650079
1.1	-1.32E-11	329.6746	0.0999999	2.12078E-05	329.6746
1	-1.47E-11	329.699196	0.1000003	2.03921E-05	329.699196
0.9	-1.64E-11	329.723697	0.1000001	1.95792E-05	329.723697
0.8	-1.79E-11	329.748212	0.1	1.87708E-05	329.748212
0.700001	-1.37E-11	329.806093	0.0999999	1.79721E-05	329.806093
0.6	-2.02E-11	329.83061	0.0999997	1.7171E-05	329.83061
0.5	-2.28E-11	329.855163	0.0999999	1.6377E-05	329.855163
0.4	-2.51E-11	329.87976	0.0999998	1.55889E-05	329.87976
0.3	-2.81E-11	329.90431	0.1	1.48067E-05	329.90431
0.1999999	-2.68E-11	329.930707	0.0999998	1.40318E-05	329.930707
0.0999996	-3.22E-11	329.955209	0.1	1.32617E-05	329.955209
-2E-07	-3.44E-11	329.979718	0.1	1.24974E-05	329.979718
