#scan	iMeasureCycle=1	iMux=0	time=0.021	N=401	LocalTime=20/04/2023 00:19:40
#VGate(V)	IGate(A)	time(s)	VDrain(V)	IDrain(A)	time(s)
-2E-07	-1.553E-10	0.023896	0.1	1.33092E-05	0.023896
-0.1000004	-2.14E-10	0.048847	0.0999999	1.25278E-05	0.048847
-0.2000005	-2.625E-10	0.073358	0.1	1.17537E-05	0.073358
-0.300001	-2.024E-10	0.09806	0.0999999	1.0986E-05	0.09806
-0.4	-1.136E-10	0.122666	0.0999998	1.02253E-05	0.122666
-0.5	-8.7E-11	0.147224	0.0999998	9.4737E-06	0.147224
-0.6	-6.94E-11	0.174365	0.0999999	8.73702E-06	0.174365
-0.7	-6.57E-11	0.19888	0.1000001	8.00584E-06	0.19888
-0.8	-6.15E-11	0.223372	0.1000001	7.2877E-06	0.223372
-0.9	-5.78E-11	0.247981	0.0999998	6.58553E-06	0.247981
-1	-5.68E-11	0.272497	0.0999998	5.90147E-06	0.272497
-1.1	-5.52E-11	0.297057	0.0999998	5.238E-06	0.297057
-1.2	-5.43E-11	0.321595	0.0999999	4.59952E-06	0.321595
-1.3	-5.41E-11	0.346116	0.0999999	3.98919E-06	0.346116
-1.4	-5.37E-11	0.370659	0.0999999	3.41102E-06	0.370659
-1.5	-5.39E-11	0.395209	0.1	2.87034E-06	0.395209
-1.6	-5.37E-11	0.419751	0.0999998	2.37044E-06	0.419751
-1.7	-5.32E-11	0.44428	0.0999999	1.91557E-06	0.44428
-1.8	-5.35E-11	0.468793	0.0999999	1.5095E-06	0.468793
-1.9	-5.37E-11	0.493322	0.0999999	1.15504E-06	0.493322
-2	-4.99E-11	0.52063	0.0999995	8.53739E-07	0.52063
-2.1	-5.38E-11	0.545193	0.0999996	6.03513E-07	0.545193
-2.2	-4.76E-11	0.589839	0.1	4.07146E-07	0.589839
-2.3	-5.21E-11	0.614393	0.0999995	2.55798E-07	0.614393
-2.4	-5.28E-11	0.638891	0.0999999	1.49032E-07	0.638891
-2.5	-4.8E-11	0.676607	0.0999949	8.02495E-08	0.676607
-2.6	-6.64E-11	0.699922	0.1000071	3.78377E-08	0.699922
-2.7	-6.69E-11	0.723213	0.1000032	1.56732E-08	0.723213
-2.8	-6.95E-11	0.746418	0.100002	5.5707E-09	0.746418
-2.9	-7.06E-11	0.769726	0.100001	1.683E-09	0.769726
-3	-6.89E-11	0.793072	0.1000004	4.321E-10	0.793072
-3.1	-7.12E-11	0.816368	0.1000003	9.09E-11	0.816368
-3.2	-7.16E-11	0.839579	0.1000004	1.13E-11	0.839579
-3.3	-7.25E-11	0.862807	0.1000002	-3.7E-12	0.862807
-3.4	-7.06E-11	0.886103	0.1000002	-6.3E-12	0.886103
-3.5	-7.11E-11	0.909387	0.1000003	-6.3E-12	0.909387
-3.6	-7.3E-11	0.932603	0.1000001	-6.1E-12	0.932603
-3.7	-7.29E-11	0.955812	0.1000002	-5.7E-12	0.955812
-3.8	-7.16E-11	0.979095	0.1000001	-6.2E-12	0.979095
-3.9	-7.37E-11	1.002309	0.1000002	-6E-12	1.002309
-4	-7.37E-11	1.025528	0.1000003	-5.5E-12	1.025528
-4.1	-5.23E-11	1.07398	0.1000001	-7.3E-12	1.07398
-4.2	-7.11E-11	1.097332	0.1000002	-5.8E-12	1.097332
-4.3	-7.31E-11	1.120737	0.1000002	-5.9E-12	1.120737
-4.4	-7.16E-11	1.144036	0.1000003	-6E-12	1.144036
-4.5	-7.23E-11	1.167408	0.1000004	-5.6E-12	1.167408
-4.6	-7.36E-11	1.190692	0.1000003	-5.8E-12	1.190692
-4.7	-7.49E-11	1.213913	0.1000003	-5.7E-12	1.213913
-4.8	-7.56E-11	1.237132	0.1000002	-5.5E-12	1.237132
-4.9	-7.36E-11	1.260435	0.1000001	-5.4E-12	1.260435
-5	-7.57E-11	1.283656	0.1000003	-5.1E-12	1.283656
-5.1	-7.6E-11	1.30688	0.1000002	-5.8E-12	1.30688
-5.2	-7.67E-11	1.330083	0.1000003	-5.7E-12	1.330083
-5.3	-7.54E-11	1.35339	0.1000001	-6.2E-12	1.35339
-5.4	-7.7E-11	1.376695	0.1000003	-5.3E-12	1.376695
-5.5	-7.69E-11	1.399921	0.1000003	-5.6E-12	1.399921
-5.6	-7.58E-11	1.423213	0.1000002	-5.5E-12	1.423213
-5.7	-7.73E-11	1.446449	0.1000001	-5.6E-12	1.446449
-5.8	-7.81E-11	1.469669	0.1000003	-5.6E-12	1.469669
-5.9	-7.79E-11	1.492891	0.1000004	-5.5E-12	1.492891
-6	-7.66E-11	1.516183	0.1000003	-5.4E-12	1.516183
-6.1	-7.69E-11	1.539463	0.1000003	-5.3E-12	1.539463
-6.2	-5.77E-11	1.584396	0.1000001	-7.2E-12	1.584396
-6.3	-7.59E-11	1.607708	0.1	-5.3E-12	1.607708
-6.4	-7.79E-11	1.630922	0.1000004	-5.2E-12	1.630922
-6.5	-7.85E-11	1.654132	0.1000002	-5.4E-12	1.654132
-6.6	-7.81E-11	1.677416	0.1000005	-5.2E-12	1.677416
-6.7	-7.73E-11	1.700718	0.1000003	-5.5E-12	1.700718
-6.8	-7.98E-11	1.723925	0.1000002	-5.4E-12	1.723925
-6.9	-7.99E-11	1.747141	0.1000002	-5.8E-12	1.747141
-7	-8.01E-11	1.770361	0.1000004	-5.6E-12	1.770361
-7.1	-8.04E-11	1.793654	0.1	-5.2E-12	1.793654
-7.2	-7.84E-11	1.816957	0.1000002	-5.5E-12	1.816957
-7.3	-7.99E-11	1.840194	0.1000002	-5E-12	1.840194
-7.4	-8.06E-11	1.863424	0.1000003	-5.5E-12	1.863424
-7.5	-7.93E-11	1.886716	0.1000004	-5.6E-12	1.886716
-7.6	-7.95E-11	1.910003	0.1000004	-5.5E-12	1.910003
-7.7	-8.05E-11	1.933238	0.1000003	-5.7E-12	1.933238
-7.8	-8.2E-11	1.956453	0.1	-5.5E-12	1.956453
-7.9	-7.99E-11	1.979748	0.1000003	-5.8E-12	1.979748
-8	-8.2E-11	2.002965	0.1000002	-5.2E-12	2.002965
-8.1	-8.22E-11	2.026187	0.1000003	-5.5E-12	2.026187
-8.2	-8.13E-11	2.049455	0.1000002	-5.4E-12	2.049455
-8.3	-6.2E-11	2.090149	0.1	-7.2E-12	2.090149
-8.4	-8.02E-11	2.113426	0.1000002	-5.5E-12	2.113426
-8.5	-8.11E-11	2.13666	0.1000002	-5.5E-12	2.13666
-8.6	-8.05E-11	2.15995	0.1000002	-5.6E-12	2.15995
-8.7	-7.99E-11	2.183302	0.1000002	-5.2E-12	2.183302
-8.8	-8.21E-11	2.206541	0.1000003	-5.4E-12	2.206541
-8.9	-8.07E-11	2.229825	0.1000002	-4.7E-12	2.229825
-9	-8.11E-11	2.253111	0.1000001	-5.1E-12	2.253111
-9.1	-8.23E-11	2.27635	0.1000004	-5.1E-12	2.27635
-9.2	-8.34E-11	2.299575	0.1000004	-5.1E-12	2.299575
-9.3	-8.36E-11	2.32279	0.1000001	-4.9E-12	2.32279
-9.4	-8.21E-11	2.346064	0.1000002	-5.2E-12	2.346064
-9.5	-8.35E-11	2.369305	0.1000001	-5.1E-12	2.369305
-9.6	-8.35E-11	2.392522	0.1000003	-4.8E-12	2.392522
-9.7	-8.34E-11	2.41575	0.1000003	-4.8E-12	2.41575
-9.8	-8.25E-11	2.439034	0.1000003	-5.1E-12	2.439034
-9.9	-8.42E-11	2.462341	0.1000002	-4.9E-12	2.462341
-10	-8.35E-11	2.485595	0.1000004	-4.9E-12	2.485595
-9.90001	-4.09E-11	2.508813	0.0999998	-7.9E-12	2.508813
-9.80001	-3.99E-11	2.532095	0.0999998	-8.2E-12	2.532095
-9.70001	-5.55E-11	2.591747	0.1	-6.6E-12	2.591747
-9.60001	-3.44E-11	2.614992	0.0999998	-8.7E-12	2.614992
-9.50001	-3.46E-11	2.638287	0.0999998	-8.7E-12	2.638287
-9.40001	-3.33E-11	2.661583	0.0999998	-8.6E-12	2.661583
-9.30001	-3E-11	2.68485	0.0999999	-8.6E-12	2.68485
-9.20001	-2.94E-11	2.708072	0.0999999	-8.8E-12	2.708072
-9.10001	-3.11E-11	2.73141	0.0999998	-8.3E-12	2.73141
-9.00001	-2.95E-11	2.754696	0.0999999	-8.2E-12	2.754696
-8.90001	-2.66E-11	2.77791	0.0999999	-8.9E-12	2.77791
-8.80001	-2.59E-11	2.801242	0.0999998	-8.6E-12	2.801242
-8.70001	-2.65E-11	2.824539	0.0999999	-8.9E-12	2.824539
-8.60001	-2.5E-11	2.847754	0.0999998	-8.8E-12	2.847754
-8.50001	-2.43E-11	2.870986	0.0999998	-8.7E-12	2.870986
-8.40001	-2.34E-11	2.894206	0.0999999	-8.8E-12	2.894206
-8.30001	-2.46E-11	2.917488	0.1	-8.8E-12	2.917488
-8.20001	-2.42E-11	2.94077	0.0999998	-8.6E-12	2.94077
-8.10001	-2.21E-11	2.963971	0.0999997	-8.8E-12	2.963971
-8.00001	-2.16E-11	2.987175	0.0999998	-9E-12	2.987175
-7.90001	-2.27E-11	3.010468	0.1	-8.9E-12	3.010468
-7.80001	-2.25E-11	3.033748	0.0999998	-9E-12	3.033748
-7.70001	-4.1E-11	3.088847	0.1000001	-7.4E-12	3.088847
-7.6	-2.04E-11	3.112089	0.0999998	-8.7E-12	3.112089
-7.50001	-2.02E-11	3.135382	0.1	-9.1E-12	3.135382
-7.40001	-2.18E-11	3.158758	0.0999999	-9.1E-12	3.158758
-7.30001	-1.93E-11	3.182106	0.0999999	-9E-12	3.182106
-7.2	-1.86E-11	3.20532	0.0999998	-9.3E-12	3.20532
-7.10001	-2.02E-11	3.228623	0.0999998	-9.2E-12	3.228623
-7.00001	-1.81E-11	3.251827	0.0999997	-9.3E-12	3.251827
-6.90001	-1.72E-11	3.275036	0.0999998	-9.4E-12	3.275036
-6.80001	-1.69E-11	3.298261	0.0999999	-9.6E-12	3.298261
-6.70001	-1.81E-11	3.321554	0.1	-9.2E-12	3.321554
-6.60001	-1.78E-11	3.344835	0.0999998	-9.5E-12	3.344835
-6.50001	-1.59E-11	3.368083	0.0999999	-9.3E-12	3.368083
-6.40001	-1.48E-11	3.391303	0.0999999	-9.4E-12	3.391303
-6.30001	-1.51E-11	3.414522	0.0999997	-9.5E-12	3.414522
-6.20001	-1.69E-11	3.437807	0.1	-8.7E-12	3.437807
-6.10001	-1.47E-11	3.461121	0.0999998	-9.2E-12	3.461121
-6.00001	-1.42E-11	3.484451	0.0999998	-8.8E-12	3.484451
-5.90001	-1.5E-11	3.507746	0.0999998	-8.8E-12	3.507746
-5.80001	-1.52E-11	3.531033	0.0999997	-9.1E-12	3.531033
-5.70001	-1.33E-11	3.554418	0.0999999	-9.3E-12	3.554418
-5.60001	-3.35E-11	3.595027	0.1000001	-7.6E-12	3.595027
-5.50001	-1.35E-11	3.618268	0.0999999	-9.3E-12	3.618268
-5.40001	-1.27E-11	3.641477	0.0999998	-1E-11	3.641477
-5.30001	-1.15E-11	3.664678	0.0999998	-9.7E-12	3.664678
-5.20001	-1.27E-11	3.688012	0.0999999	-9.2E-12	3.688012
-5.1	-1.27E-11	3.711313	0.0999997	-9.7E-12	3.711313
-5.00001	-1.02E-11	3.734526	0.0999999	-9.8E-12	3.734526
-4.90001	-1.01E-11	3.757745	0.0999997	-9.8E-12	3.757745
-4.80001	-1.15E-11	3.78103	0.0999999	-9.7E-12	3.78103
-4.7	-1.09E-11	3.804405	0.0999999	-9.8E-12	3.804405
-4.60001	-8.8E-12	3.827621	0.0999998	-1E-11	3.827621
-4.50001	-9.9E-12	3.850913	0.1	-1.01E-11	3.850913
-4.40001	-9.3E-12	3.874226	0.1	-9.7E-12	3.874226
-4.3	-9E-12	3.897522	0.0999998	-1.02E-11	3.897522
-4.20001	-7E-12	3.92074	0.0999999	-1.03E-11	3.92074
-4.10001	-7.7E-12	3.944035	0.0999997	-9.9E-12	3.944035
-4.00001	-5.7E-12	3.967235	0.0999999	-1.03E-11	3.967235
-3.90001	-5.7E-12	3.990521	0.0999999	-1.09E-11	3.990521
-3.80001	-4.3E-12	4.013743	0.0999999	-1.02E-11	4.013743
-3.70001	-5.5E-12	4.037042	0.0999998	-1.03E-11	4.037042
-3.60001	-2.54E-11	4.096101	0.0999999	-8.4E-12	4.096101
-3.50001	-5.1E-12	4.119342	0.0999998	-1.01E-11	4.119342
-3.40001	-6E-12	4.142646	0.0999999	-9E-12	4.142646
-3.30001	-3.3E-12	4.165852	0.0999998	-3E-12	4.165852
-3.20001	-2.2E-12	4.189113	0.0999997	3.48E-11	4.189113
-3.10001	-3.4E-12	4.212406	0.1	2.06E-10	4.212406
-3.00001	-2.7E-12	4.235691	0.1000001	8.616E-10	4.235691
-2.90001	-3E-13	4.258896	0.1000005	3.0108E-09	4.258896
-2.80001	5E-13	4.282118	0.1000016	8.9704E-09	4.282118
-2.70001	-5E-13	4.305409	0.1000027	2.29603E-08	4.305409
-2.60001	-4E-13	4.328693	0.1000038	5.12703E-08	4.328693
-2.50001	2.5E-12	4.351889	0.0999915	1.015128E-07	4.351889
-2.40001	-1.76E-11	4.39139	0.1000001	1.79069E-07	4.39139
-2.30001	-1.18E-11	4.415922	0.1000006	2.98854E-07	4.415922
-2.20001	-1.15E-11	4.440425	0.1000004	4.6191E-07	4.440425
-2.1	-1.38E-11	4.466943	0.1000006	6.73421E-07	4.466943
-2.000001	-9.4E-12	4.491452	0.1000006	9.36193E-07	4.491452
-1.900001	-1.42E-11	4.526016	0.1	1.24549E-06	4.526016
-1.800001	-8.4E-12	4.550518	0.1	1.61383E-06	4.550518
-1.700001	-1.32E-11	4.601507	0.1000001	2.02155E-06	4.601507
-1.6	-7.5E-12	4.626025	0.1000001	2.48829E-06	4.626025
-1.5	-6.3E-12	4.650549	0.1000001	2.99624E-06	4.650549
-1.400001	-5.1E-12	4.675074	0.1000001	3.54328E-06	4.675074
-1.3	-3.8E-12	4.699757	0.1000002	4.12503E-06	4.699757
-1.200001	-2.6E-12	4.724288	0.1000002	4.73794E-06	4.724288
-1.100001	-1.3E-12	4.748832	0.1	5.37735E-06	4.748832
-1	2E-13	4.773349	0.1000001	6.04115E-06	4.773349
-0.9	1.4E-12	4.797911	0.1000001	6.72444E-06	4.797911
-0.8	2.6E-12	4.822434	0.1000001	7.42534E-06	4.822434
-0.700001	4.4E-12	4.846946	0.0999998	8.14066E-06	4.846946
-0.6	5.7E-12	4.871489	0.1	8.86929E-06	4.871489
-0.500001	6.8E-12	4.896032	0.1	9.60849E-06	4.896032
-0.400001	8.3E-12	4.920636	0.1000001	1.035743E-05	4.920636
-0.300001	4.9E-12	4.955201	0.1000001	1.1106E-05	4.955201
-0.1999999	7.1E-12	4.981605	0.1000001	1.18709E-05	4.981605
-0.0999995	1.26E-11	5.006114	0.1000001	1.26424E-05	5.006114
3E-07	1.43E-11	5.030654	0.1000002	1.34184E-05	5.030654
0.1000004	1.64E-11	5.055158	0.1	1.42E-05	5.055158
0.1999999	1.25E-11	5.099037	0.1000002	1.49813E-05	5.099037
0.299999	1.93E-11	5.123792	0.1000001	1.57753E-05	5.123792
0.4	2.17E-11	5.148301	0.1	1.65741E-05	5.148301
0.5	2.31E-11	5.172918	0.0999999	1.73779E-05	5.172918
0.599999	2.55E-11	5.197478	0.0999999	1.81857E-05	5.197478
0.7	2.75E-11	5.222006	0.1000002	1.89973E-05	5.222006
0.799999	2.96E-11	5.246501	0.1000002	1.98126E-05	5.246501
0.899999	3.09E-11	5.271029	0.1000002	2.06302E-05	5.271029
0.999999	3.28E-11	5.29556	0.1	2.14511E-05	5.29556
1.1	3.48E-11	5.320161	0.1	2.22735E-05	5.320161
1.2	3.62E-11	5.344665	0.0999998	2.30975E-05	5.344665
1.3	3.74E-11	5.36919	0.1	2.39238E-05	5.36919
1.399999	3.91E-11	5.393696	0.0999999	2.4751E-05	5.393696
1.5	4.02E-11	5.418193	0.1	2.55787E-05	5.418193
1.599999	4.08E-11	5.442735	0.1000001	2.64078E-05	5.442735
1.699999	4.24E-11	5.467318	0.1	2.72375E-05	5.467318
1.8	4.34E-11	5.491841	0.1000002	2.80683E-05	5.491841
1.9	4.37E-11	5.516388	0.1000001	2.88998E-05	5.516388
1.999999	4.44E-11	5.540937	0.1	2.97318E-05	5.540937
2.099999	3.79E-11	5.600433	0.1	3.0553E-05	5.600433
2.19999	4.34E-11	5.625177	0.1	3.13865E-05	5.625177
2.29999	4.51E-11	5.649682	0.1000002	3.22226E-05	5.649682
2.39999	4.54E-11	5.674216	0.1000001	3.30581E-05	5.674216
2.49999	4.63E-11	5.698774	0.1000001	3.38949E-05	5.698774
2.59999	4.66E-11	5.7234	0.0999999	3.47307E-05	5.7234
2.69999	4.73E-11	5.74791	0.0999998	3.55684E-05	5.74791
2.79999	4.74E-11	5.772446	0.1000002	3.64066E-05	5.772446
2.89999	4.81E-11	5.797034	0.1000002	3.72439E-05	5.797034
2.99999	4.86E-11	5.821639	0.1000001	3.8082E-05	5.821639
3.09999	4.96E-11	5.846148	0.1000002	3.89217E-05	5.846148
3.19999	4.93E-11	5.870723	0.1	3.97611E-05	5.870723
3.29999	5.01E-11	5.895244	0.1000002	4.06019E-05	5.895244
3.39999	5.04E-11	5.919733	0.1	4.14428E-05	5.919733
3.49999	5.07E-11	5.944285	0.1000002	4.22847E-05	5.944285
3.59999	5.09E-11	5.968782	0.1	4.31282E-05	5.968782
3.69999	5.11E-11	5.993302	0.1000002	4.39703E-05	5.993302
3.79999	5.09E-11	6.017811	0.1000001	4.48143E-05	6.017811
3.89999	5.15E-11	6.042342	0.1	4.56595E-05	6.042342
3.99999	4.53E-11	6.099217	0.1000001	4.64939E-05	6.099217
4.09999	4.99E-11	6.123801	0.1	4.73434E-05	6.123801
4.19999	5.13E-11	6.148389	0.1000001	4.81926E-05	6.148389
4.29999	5.17E-11	6.172939	0.1	4.90406E-05	6.172939
4.39999	5.2E-11	6.197527	0.1	4.98889E-05	6.197527
4.49999	5.22E-11	6.222076	0.1000001	5.07391E-05	6.222076
4.59999	5.23E-11	6.246628	0.1000002	5.15895E-05	6.246628
4.69999	5.34E-11	6.271139	0.1000001	5.24397E-05	6.271139
4.79999	5.34E-11	6.295665	0.0999999	5.3292E-05	6.295665
4.89999	5.36E-11	6.320168	0.1000002	5.41442E-05	6.320168
4.99999	5.4E-11	6.344699	0.1000001	5.49982E-05	6.344699
5.09999	5.43E-11	6.369236	0.1	5.58516E-05	6.369236
5.19999	5.41E-11	6.393754	0.0999999	5.67073E-05	6.393754
5.29999	5.44E-11	6.418305	0.0999999	5.75632E-05	6.418305
5.39999	5.48E-11	6.442823	0.0999999	5.84195E-05	6.442823
5.49999	5.49E-11	6.467415	0.0999999	5.92766E-05	6.467415
5.59999	5.54E-11	6.491936	0.1	6.01345E-05	6.491936
5.69999	5.53E-11	6.516427	0.1000001	6.09954E-05	6.516427
5.79999	5.53E-11	6.540994	0.1	6.18556E-05	6.540994
5.89999	4.84E-11	6.598957	0.1	6.27053E-05	6.598957
5.99999	5.4E-11	6.623508	0.1000001	6.3571E-05	6.623508
6.09999	5.45E-11	6.648078	0.0999999	6.44358E-05	6.648078
6.19999	5.51E-11	6.672604	0.1	6.52997E-05	6.672604
6.29999	5.55E-11	6.697202	0.1000002	6.61658E-05	6.697202
6.39999	5.53E-11	6.721734	0.0999999	6.70319E-05	6.721734
6.49999	5.59E-11	6.74628	0.1	6.78986E-05	6.74628
6.59999	5.51E-11	6.770819	0.1000001	6.87663E-05	6.770819
6.69999	5.56E-11	6.795383	0.1000001	6.96354E-05	6.795383
6.79999	5.68E-11	6.819974	0.1000003	7.05048E-05	6.819974
6.89999	5.69E-11	6.844496	0.1	7.13748E-05	6.844496
6.99999	5.68E-11	6.869273	0.1000002	7.22455E-05	6.869273
7.09999	5.73E-11	6.893789	0.1000002	7.31182E-05	6.893789
7.19999	5.72E-11	6.918323	0.1	7.39914E-05	6.918323
7.29999	5.79E-11	6.942834	0.0999998	7.48652E-05	6.942834
7.39999	5.74E-11	6.967368	0.1	7.57402E-05	6.967368
7.49999	5.75E-11	6.991914	0.1000001	7.66167E-05	6.991914
7.59999	5.79E-11	7.016432	0.1000002	7.74933E-05	7.016432
7.69999	5.82E-11	7.040995	0.1000001	7.83708E-05	7.040995
7.79999	5.17E-11	7.090689	0.1000002	7.92407E-05	7.090689
7.89999	5.63E-11	7.115302	0.1	8.01233E-05	7.115302
7.99999	5.72E-11	7.140012	0.0999999	8.10049E-05	7.140012
8.09999	5.74E-11	7.16463	0.1000004	8.18871E-05	7.16463
8.19999	5.46E-11	7.190704	0.1000002	8.27694E-05	7.190704
8.29999	5.76E-11	7.21521	0.0999998	8.36532E-05	7.21521
8.39999	5.79E-11	7.239778	0.1000002	8.45389E-05	7.239778
8.49999	5.87E-11	7.264322	0.0999998	8.54255E-05	7.264322
8.59999	5.91E-11	7.288837	0.1000001	8.63119E-05	7.288837
8.69999	5.92E-11	7.313339	0.0999999	8.72003E-05	7.313339
8.79999	5.86E-11	7.337911	0.1000001	8.80909E-05	7.337911
8.89999	5.85E-11	7.362441	0.1	8.89796E-05	7.362441
8.99999	5.92E-11	7.386985	0.1000003	8.98697E-05	7.386985
9.09999	5.94E-11	7.411491	0.1000002	9.07599E-05	7.411491
9.19999	5.91E-11	7.436024	0.0999998	9.16532E-05	7.436024
9.29999	5.91E-11	7.460608	0.1	9.25433E-05	7.460608
9.39999	5.96E-11	7.485206	0.0999999	9.34392E-05	7.485206
9.49999	5.97E-11	7.509772	0.0999999	9.43375E-05	7.509772
9.59999	5.97E-11	7.534316	0.0999999	9.52369E-05	7.534316
9.69999	6E-11	7.558858	0.1000002	9.61346E-05	7.558858
9.79999	5.45E-11	7.6082	0.1000001	9.7029E-05	7.6082
9.89999	5.93E-11	7.632755	0.1000001	9.79316E-05	7.632755
9.99999	6E-11	7.65728	0.0999999	9.88337E-05	7.65728
9.9	4.66E-11	7.681842	0.0999998	9.79179E-05	7.681842
9.8	4.36E-11	7.706407	0.1000001	9.70077E-05	7.706407
9.7	4.16E-11	7.730941	0.0999998	9.61012E-05	7.730941
9.6	4.01E-11	7.755464	0.1	9.51943E-05	7.755464
9.5	3.86E-11	7.779996	0.1	9.42901E-05	7.779996
9.4	3.74E-11	7.804595	0.0999999	9.3388E-05	7.804595
9.3	3.67E-11	7.82921	0.1000001	9.2487E-05	7.82921
9.2	3.48E-11	7.853725	0.1	9.15867E-05	7.853725
9.1	3.46E-11	7.878302	0.0999998	9.06875E-05	7.878302
9	3.36E-11	7.902808	0.0999998	8.97905E-05	7.902808
8.9	3.25E-11	7.927331	0.0999998	8.88977E-05	7.927331
8.8	3.21E-11	7.951843	0.0999998	8.79997E-05	7.951843
8.7	3.16E-11	7.97636	0.0999998	8.71027E-05	7.97636
8.6	3.03E-11	8.000863	0.0999998	8.62065E-05	8.000863
8.5	3.02E-11	8.025364	0.1000001	8.5312E-05	8.025364
8.4	2.9E-11	8.049899	0.0999999	8.44178E-05	8.049899
8.3	3.69E-11	8.126395	0.1	8.35316E-05	8.126395
8.2	3.05E-11	8.150991	0.0999997	8.26388E-05	8.150991
8.1	2.98E-11	8.175515	0.0999999	8.17478E-05	8.175515
8	2.88E-11	8.200025	0.0999999	8.08586E-05	8.200025
7.9	2.86E-11	8.224647	0.0999998	7.99704E-05	8.224647
7.8	2.75E-11	8.24918	0.1000001	7.9083E-05	8.24918
7.7	2.73E-11	8.273747	0.1000002	7.81963E-05	8.273747
7.6	2.7E-11	8.298286	0.0999999	7.7311E-05	8.298286
7.5	2.62E-11	8.322781	0.1	7.64279E-05	8.322781
7.4	2.56E-11	8.347284	0.1000001	7.55444E-05	8.347284
7.3	2.54E-11	8.371799	0.1000001	7.46618E-05	8.371799
7.2	2.45E-11	8.396314	0.1	7.37804E-05	8.396314
7.1	2.46E-11	8.42083	0.0999999	7.28992E-05	8.42083
7	2.42E-11	8.445329	0.0999999	7.20206E-05	8.445329
6.9	2.39E-11	8.469944	0.0999999	7.11415E-05	8.469944
6.8	2.38E-11	8.494449	0.1000001	7.0263E-05	8.494449
6.7	2.3E-11	8.519027	0.1000001	6.93869E-05	8.519027
6.6	2.29E-11	8.543543	0.1	6.85108E-05	8.543543
6.5	2.33E-11	8.56825	0.1000001	6.76342E-05	8.56825
6.4	2.77E-11	8.611823	0.1	6.67642E-05	8.611823
6.3	2.25E-11	8.63637	0.1	6.58897E-05	8.63637
6.2	2.22E-11	8.660935	0.1000001	6.50163E-05	8.660935
6.1	2.16E-11	8.685436	0.0999998	6.41435E-05	8.685436
6	2.07E-11	8.710043	0.1000001	6.32734E-05	8.710043
5.9	2.06E-11	8.734587	0.1000001	6.24023E-05	8.734587
5.8	2.01E-11	8.759132	0.0999999	6.15326E-05	8.759132
5.7	1.95E-11	8.783651	0.0999998	6.06633E-05	8.783651
5.6	1.92E-11	8.808288	0.0999999	5.97949E-05	8.808288
5.5	1.86E-11	8.832794	0.1	5.89285E-05	8.832794
5.4	1.88E-11	8.857406	0.1000001	5.8062E-05	8.857406
5.3	1.75E-11	8.881937	0.0999999	5.71977E-05	8.881937
5.2	1.73E-11	8.906446	0.0999998	5.63331E-05	8.906446
5.1	1.7E-11	8.93098	0.1	5.54688E-05	8.93098
5	1.67E-11	8.955502	0.1000001	5.46061E-05	8.955502
4.9	1.63E-11	8.980078	0.0999999	5.37442E-05	8.980078
4.8	1.57E-11	9.004591	0.1	5.28834E-05	9.004591
4.7	1.54E-11	9.02914	0.1	5.2023E-05	9.02914
4.6	1.49E-11	9.053673	0.1	5.11638E-05	9.053673
4.5	2.08E-11	9.11302	0.0999997	5.03114E-05	9.11302
4.4	1.53E-11	9.137644	0.1000001	4.94522E-05	9.137644
4.3	1.43E-11	9.162268	0.1000001	4.85952E-05	9.162268
4.2	1.39E-11	9.186788	0.1	4.7738E-05	9.186788
4.1	1.34E-11	9.211377	0.1000001	4.68829E-05	9.211377
4	1.23E-11	9.235882	0.1000001	4.6028E-05	9.235882
3.9	1.16E-11	9.260412	0.0999999	4.51746E-05	9.260412
3.8	1.13E-11	9.284911	0.1	4.43214E-05	9.284911
3.7	1.07E-11	9.30943	0.1	4.34688E-05	9.30943
3.6	1E-11	9.333971	0.0999999	4.26178E-05	9.333971
3.5	9.4E-12	9.35852	0.1000001	4.17678E-05	9.35852
3.4	8.5E-12	9.383049	0.1000002	4.09175E-05	9.383049
3.3	8E-12	9.407588	0.0999999	4.00687E-05	9.407588
3.2	7.8E-12	9.432095	0.0999999	3.92203E-05	9.432095
3.1	6.9E-12	9.45664	0.1	3.83724E-05	9.45664
3	6.2E-12	9.481233	0.0999999	3.75259E-05	9.481233
2.9	5.6E-12	9.505741	0.1	3.66804E-05	9.505741
2.8	5E-12	9.530258	0.0999998	3.58355E-05	9.530258
2.7	4E-12	9.55481	0.0999998	3.49919E-05	9.55481
2.6	9.8E-12	9.614635	0.0999998	3.41551E-05	9.614635
2.5	4.3E-12	9.639152	0.0999998	3.33119E-05	9.639152
2.4	3.6E-12	9.6637	0.0999998	3.24698E-05	9.6637
2.3	1.8E-12	9.688223	0.1	3.16295E-05	9.688223
2.2	7E-13	9.712814	0.0999999	3.07906E-05	9.712814
2.099999	3.1E-12	9.739238	0.0999999	2.99564E-05	9.739238
2	-1.3E-12	9.763854	0.0999999	2.91189E-05	9.763854
1.9	-2.6E-12	9.788364	0.1	2.82839E-05	9.788364
1.8	-3.9E-12	9.813004	0.1000002	2.74501E-05	9.813004
1.7	-5E-12	9.837504	0.0999998	2.66166E-05	9.837504
1.6	-5.8E-12	9.862095	0.0999998	2.5785E-05	9.862095
1.5	-7.1E-12	9.886648	0.0999999	2.4956E-05	9.886648
1.4	-8.5E-12	9.911172	0.1	2.41274E-05	9.911172
1.3	-9.9E-12	9.93571	0.0999999	2.33015E-05	9.93571
1.2	-1.11E-11	9.960266	0.0999999	2.24778E-05	9.960266
1.1	-1.27E-11	9.984776	0.0999999	2.16558E-05	9.984776
1	-1.43E-11	10.009312	0.1	2.08381E-05	10.009312
0.9	-1.64E-11	10.033821	0.1000001	2.00228E-05	10.033821
0.8	-1.8E-11	10.058436	0.0999999	1.92117E-05	10.058436
0.7	-1.34E-11	10.116487	0.1	1.84096E-05	10.116487
0.6	-2.01E-11	10.141089	0.0999999	1.76066E-05	10.141089
0.5	-2.29E-11	10.165597	0.0999999	1.68087E-05	10.165597
0.4	-2.53E-11	10.190098	0.1	1.60173E-05	10.190098
0.3	-2.77E-11	10.214662	0.0999998	1.52316E-05	10.214662
0.1999998	-2.68E-11	10.241053	0.1	1.44536E-05	10.241053
0.0999996	-3.25E-11	10.265588	0.1	1.36795E-05	10.265588
-4E-07	-3.44E-11	10.290088	0.0999999	1.29111E-05	10.290088
#scan	iMeasureCycle=2	iMux=0	time=279.64	N=401	LocalTime=20/04/2023 00:24:20
#VGate(V)	IGate(A)	time(s)	VDrain(V)	IDrain(A)	time(s)
-2E-07	-1.34E-11	279.647456	0.0999998	1.31037E-05	279.647456
-0.1000003	-2.07E-11	279.672359	0.0999999	1.23278E-05	279.672359
-0.2000001	-2.25E-11	279.697945	0.1000001	1.15597E-05	279.697945
-0.3	-2.84E-11	279.722694	0.1000001	1.07977E-05	279.722694
-0.4	-3.11E-11	279.747313	0.1	1.00442E-05	279.747313
-0.5	-3.37E-11	279.771858	0.1	9.2992E-06	279.771858
-0.6	-3.27E-11	279.798987	0.1	8.5707E-06	279.798987
-0.7	-3.8E-11	279.823548	0.0999998	7.84734E-06	279.823548
-0.8	-4E-11	279.848054	0.0999999	7.13799E-06	279.848054
-0.9	-4.11E-11	279.872549	0.0999998	6.44488E-06	279.872549
-1	-4.23E-11	279.89705	0.0999999	5.76969E-06	279.89705
-1.1	-4.37E-11	279.921596	0.0999999	5.11639E-06	279.921596
-1.2	-4.48E-11	279.946111	0.0999999	4.48782E-06	279.946111
-1.3	-4.56E-11	279.970602	0.0999999	3.88753E-06	279.970602
-1.4	-4.64E-11	279.995106	0.1000001	3.31999E-06	279.995106
-1.5	-4.76E-11	280.019743	0.0999997	2.78849E-06	280.019743
-1.6	-4.84E-11	280.044339	0.0999997	2.2984E-06	280.044339
-1.7	-4.92E-11	280.068865	0.0999999	1.85326E-06	280.068865
-1.8	-4.96E-11	280.093486	0.0999998	1.45594E-06	280.093486
-1.9	-5.02E-11	280.11811	0.1	1.10938E-06	280.11811
-2	-4.7E-11	280.145428	0.0999997	8.16624E-07	280.145428
-2.1	-5.1E-11	280.169989	0.0999994	5.73855E-07	280.169989
-2.2	-4.57E-11	280.213947	0.0999996	3.8434E-07	280.213947
-2.3	-5.07E-11	280.238473	0.0999997	2.3911E-07	280.238473
-2.4	-5.2E-11	280.26298	0.0999998	1.37801E-07	280.26298
-2.5	-4.69E-11	280.300661	0.0999951	7.32301E-08	280.300661
-2.6	-6.5E-11	280.323982	0.1000067	3.3919E-08	280.323982
-2.7	-6.72E-11	280.347222	0.1000035	1.37696E-08	280.347222
-2.8	-6.85E-11	280.370433	0.1000019	4.7779E-09	280.370433
-2.9	-6.91E-11	280.393645	0.1000008	1.416E-09	280.393645
-3	-6.81E-11	280.417022	0.1000005	3.554E-10	280.417022
-3.1	-6.95E-11	280.440237	0.1000004	7.1E-11	280.440237
-3.2	-7.06E-11	280.463462	0.1000002	5.7E-12	280.463462
-3.3	-6.93E-11	280.48675	0.1000002	-5.2E-12	280.48675
-3.4	-6.98E-11	280.510034	0.1000003	-6.2E-12	280.510034
-3.5	-7.15E-11	280.533313	0.1000002	-6.8E-12	280.533313
-3.6	-7.24E-11	280.556523	0.1000003	-6.3E-12	280.556523
-3.7	-7.08E-11	280.579813	0.1000001	-6.6E-12	280.579813
-3.8	-7.06E-11	280.603122	0.1000002	-6.5E-12	280.603122
-3.9	-7.15E-11	280.626418	0.1000004	-6.4E-12	280.626418
-4	-7.35E-11	280.649635	0.1000001	-6.5E-12	280.649635
-4.1	-5.2E-11	280.697846	0.1	-8E-12	280.697846
-4.2	-7.05E-11	280.721205	0.1000002	-6.5E-12	280.721205
-4.3	-7.16E-11	280.744556	0.1000002	-6.7E-12	280.744556
-4.4	-7.3E-11	280.767789	0.1000003	-6E-12	280.767789
-4.5	-7.19E-11	280.791091	0.1000004	-6E-12	280.791091
-4.6	-7.28E-11	280.814428	0.1000003	-6.5E-12	280.814428
-4.7	-7.47E-11	280.837652	0.1000003	-6E-12	280.837652
-4.8	-7.33E-11	280.860938	0.1000003	-6.2E-12	280.860938
-4.9	-7.33E-11	280.88422	0.1000001	-6.1E-12	280.88422
-5	-7.32E-11	280.907515	0.1000001	-6.2E-12	280.907515
-5.1	-7.52E-11	280.930737	0.1000002	-5.8E-12	280.930737
-5.2	-7.6E-11	280.953953	0.1000003	-6.1E-12	280.953953
-5.3	-7.45E-11	280.97724	0.1000003	-6.2E-12	280.97724
-5.4	-7.46E-11	281.000531	0.1000002	-6.6E-12	281.000531
-5.5	-7.65E-11	281.023826	0.1000004	-6E-12	281.023826
-5.6	-7.53E-11	281.04713	0.1000003	-6E-12	281.04713
-5.7	-7.56E-11	281.070415	0.1000003	-5.9E-12	281.070415
-5.8	-7.73E-11	281.093732	0.1000003	-5.9E-12	281.093732
-5.9	-7.75E-11	281.116948	0.1000004	-5.9E-12	281.116948
-6	-7.62E-11	281.140245	0.1000002	-6E-12	281.140245
-6.1	-7.63E-11	281.163538	0.1000004	-5.7E-12	281.163538
-6.2	-5.78E-11	281.212399	0.1	-7.9E-12	281.212399
-6.3	-7.57E-11	281.235697	0.1000001	-5.8E-12	281.235697
-6.4	-7.67E-11	281.258964	0.1000003	-5.9E-12	281.258964
-6.5	-7.78E-11	281.282187	0.1000003	-5.5E-12	281.282187
-6.6	-7.63E-11	281.30553	0.1000002	-5.6E-12	281.30553
-6.7	-7.76E-11	281.328879	0.1000002	-5.7E-12	281.328879
-6.8	-7.84E-11	281.352098	0.1000005	-5.8E-12	281.352098
-6.9	-7.65E-11	281.375393	0.1000002	-5.7E-12	281.375393
-7	-7.7E-11	281.398678	0.1000002	-5.5E-12	281.398678
-7.1	-7.88E-11	281.422002	0.1000003	-5.4E-12	281.422002
-7.2	-7.94E-11	281.445226	0.1000003	-5.3E-12	281.445226
-7.3	-7.79E-11	281.468519	0.1000003	-5.2E-12	281.468519
-7.4	-7.82E-11	281.491796	0.1000001	-5.2E-12	281.491796
-7.5	-7.95E-11	281.515009	0.1000003	-5.4E-12	281.515009
-7.6	-8E-11	281.538266	0.1000001	-5.6E-12	281.538266
-7.7	-7.86E-11	281.561568	0.1000001	-5.9E-12	281.561568
-7.8	-7.89E-11	281.584858	0.1000002	-5.3E-12	281.584858
-7.9	-8.09E-11	281.608066	0.1000003	-5.9E-12	281.608066
-8	-8.13E-11	281.631283	0.1000002	-5.2E-12	281.631283
-8.1	-7.99E-11	281.654572	0.1	-5.5E-12	281.654572
-8.2	-6.04E-11	281.713944	0.1000001	-6.9E-12	281.713944
-8.3	-7.94E-11	281.737185	0.1000003	-5.8E-12	281.737185
-8.4	-8.01E-11	281.760481	0.1000001	-5.5E-12	281.760481
-8.5	-7.93E-11	281.783776	0.1000003	-5.2E-12	281.783776
-8.6	-7.97E-11	281.807115	0.1000003	-4.9E-12	281.807115
-8.7	-8.18E-11	281.830457	0.1000002	-5.2E-12	281.830457
-8.8	-8.18E-11	281.853671	0.1000001	-4.9E-12	281.853671
-8.9	-8.01E-11	281.876957	0.1000002	-5.2E-12	281.876957
-9	-8E-11	281.900246	0.1000003	-5E-12	281.900246
-9.1	-8.17E-11	281.923473	0.1000002	-4.8E-12	281.923473
-9.2	-8.02E-11	281.946818	0.1000003	-5.5E-12	281.946818
-9.3	-8.16E-11	281.970093	0.1000004	-5.4E-12	281.970093
-9.4	-8.24E-11	281.99332	0.1000002	-5E-12	281.99332
-9.5	-8.31E-11	282.016533	0.1000001	-5.4E-12	282.016533
-9.6	-8.3E-11	282.039826	0.1000003	-5.3E-12	282.039826
-9.7	-8.07E-11	282.063177	0.1000003	-5.7E-12	282.063177
-9.8	-8.37E-11	282.086492	0.1000002	-5.1E-12	282.086492
-9.9	-8.29E-11	282.109749	0.0999999	-5.2E-12	282.109749
-10	-8.23E-11	282.133044	0.1000002	-5.1E-12	282.133044
-9.90001	-4.27E-11	282.156343	0.0999996	-8.6E-12	282.156343
-9.80001	-5.61E-11	282.21541	0.0999999	-6.8E-12	282.21541
-9.70001	-3.53E-11	282.238656	0.0999999	-8.9E-12	282.238656
-9.60001	-3.34E-11	282.261879	0.1	-8.8E-12	282.261879
-9.50001	-3.34E-11	282.285166	0.0999998	-8.9E-12	282.285166
-9.40001	-3.27E-11	282.308499	0.0999999	-8.8E-12	282.308499
-9.30001	-2.98E-11	282.331802	0.0999997	-8.9E-12	282.331802
-9.20001	-2.98E-11	282.355182	0.0999999	-8.8E-12	282.355182
-9.10001	-2.93E-11	282.378462	0.0999999	-9.1E-12	282.378462
-9.00001	-2.66E-11	282.401681	0.0999996	-9.2E-12	282.401681
-8.90001	-2.61E-11	282.424969	0.0999998	-9.1E-12	282.424969
-8.80001	-2.7E-11	282.44826	0.0999998	-8.6E-12	282.44826
-8.70001	-2.61E-11	282.471546	0.1	-8.4E-12	282.471546
-8.60001	-2.7E-11	282.494878	0.0999996	-8.4E-12	282.494878
-8.50001	-2.39E-11	282.518102	0.0999999	-8.9E-12	282.518102
-8.40001	-2.42E-11	282.541436	0.0999998	-8.7E-12	282.541436
-8.30001	-2.22E-11	282.564645	0.0999998	-9.2E-12	282.564645
-8.20001	-2.19E-11	282.587861	0.0999999	-9.1E-12	282.587861
-8.10001	-2.08E-11	282.611062	0.0999998	-9E-12	282.611062
-8	-2.21E-11	282.634358	0.0999999	-8.8E-12	282.634358
-7.90001	-2.22E-11	282.657661	0.0999999	-9.3E-12	282.657661
-7.80001	-4.11E-11	282.716926	0.0999998	-7.5E-12	282.716926
-7.70001	-2.15E-11	282.740266	0.0999997	-9.6E-12	282.740266
-7.6	-1.99E-11	282.763549	0.0999997	-9.6E-12	282.763549
-7.50001	-2.14E-11	282.786859	0.0999997	-9.2E-12	282.786859
-7.40001	-1.92E-11	282.810134	0.0999998	-9.6E-12	282.810134
-7.30001	-2.17E-11	282.83351	0.0999998	-8.3E-12	282.83351
-7.2	-2.08E-11	282.856859	0.0999999	-9E-12	282.856859
-7.10001	-1.74E-11	282.880075	0.1	-9.5E-12	282.880075
-7.00001	-1.87E-11	282.903367	0.0999999	-9.7E-12	282.903367
-6.90001	-1.85E-11	282.926643	0.1	-9.4E-12	282.926643
-6.80001	-1.66E-11	282.949871	0.0999997	-9.8E-12	282.949871
-6.70001	-1.76E-11	282.97317	0.0999997	-1E-11	282.97317
-6.60001	-1.55E-11	282.996374	0.0999996	-9.6E-12	282.996374
-6.50001	-1.68E-11	283.019657	0.0999999	-9.7E-12	283.019657
-6.40001	-1.5E-11	283.042943	0.1	-9.5E-12	283.042943
-6.30001	-1.41E-11	283.066173	0.0999998	-9.7E-12	283.066173
-6.20001	-1.41E-11	283.089477	0.1000001	-9.4E-12	283.089477
-6.10001	-1.54E-11	283.112759	0.0999998	-9.9E-12	283.112759
-6.00001	-1.34E-11	283.135982	0.0999998	-9.8E-12	283.135982
-5.90001	-1.28E-11	283.159197	0.0999999	-1E-11	283.159197
-5.80001	-3.31E-11	283.213934	0.1	-8.3E-12	283.213934
-5.70001	-1.39E-11	283.237165	0.0999998	-9.8E-12	283.237165
-5.60001	-1.29E-11	283.260396	0.0999998	-9.9E-12	283.260396
-5.50001	-1.26E-11	283.283608	0.0999997	-1.02E-11	283.283608
-5.40001	-1.34E-11	283.306941	0.0999999	-9.4E-12	283.306941
-5.30001	-1.25E-11	283.330248	0.1	-9.8E-12	283.330248
-5.20001	-1.04E-11	283.353463	0.0999998	-1.01E-11	283.353463
-5.1	-9.8E-12	283.376675	0.1	-9.9E-12	283.376675
-5.00001	-1.14E-11	283.399962	0.0999998	-9.6E-12	283.399962
-4.90001	-9.7E-12	283.423271	0.0999999	-1E-11	283.423271
-4.80001	-8.5E-12	283.446497	0.1	-1.01E-11	283.446497
-4.7	-8.1E-12	283.469711	0.0999997	-1.04E-11	283.469711
-4.60001	-9.6E-12	283.492993	0.0999998	-1.01E-11	283.492993
-4.50001	-9.8E-12	283.516269	0.0999998	-9.9E-12	283.516269
-4.40001	-7.1E-12	283.539667	0.0999999	-1.03E-11	283.539667
-4.3	-8.4E-12	283.563048	0.0999999	-9.9E-12	283.563048
-4.20001	-7.6E-12	283.586333	0.0999999	-1.02E-11	283.586333
-4.10001	-5.4E-12	283.609539	0.0999999	-1.04E-11	283.609539
-4.00001	-4.8E-12	283.632756	0.0999998	-1.04E-11	283.632756
-3.90001	-5.9E-12	283.656052	0.0999998	-1.02E-11	283.656052
-3.80001	-5.7E-12	283.679346	0.0999998	-1.03E-11	283.679346
-3.70001	-2.41E-11	283.719957	0.1	-8.6E-12	283.719957
-3.60001	-5.7E-12	283.743267	0.0999998	-1.05E-11	283.743267
-3.50001	-3.1E-12	283.766558	0.0999997	-1.07E-11	283.766558
-3.40001	-2.6E-12	283.789786	0.0999999	-9.7E-12	283.789786
-3.30001	-2.1E-12	283.813048	0.1	-5.4E-12	283.813048
-3.20001	-3.1E-12	283.836355	0.0999997	2.34E-11	283.836355
-3.10001	-3.6E-12	283.859687	0.0999999	1.638E-10	283.859687
-3.00001	0	283.882904	0.1	7.094E-10	283.882904
-2.90001	1E-12	283.906112	0.1000004	2.551E-09	283.906112
-2.80001	0	283.929398	0.1000014	7.8059E-09	283.929398
-2.70001	2E-12	283.952614	0.1000022	2.04024E-08	283.952614
-2.60001	2.7E-12	283.975827	0.1000015	4.62841E-08	283.975827
-2.50001	3.4E-12	283.999029	0.099998	9.31416E-08	283.999029
-2.40001	-1.69E-11	284.038703	0.1000002	1.66192E-07	284.038703
-2.30001	-1.21E-11	284.063254	0.1000007	2.80277E-07	284.063254
-2.20001	-1.09E-11	284.087807	0.1000006	4.36723E-07	284.087807
-2.099999	-1.3E-11	284.114258	0.1000006	6.41383E-07	284.114258
-2	-9.1E-12	284.138785	0.1000006	8.96441E-07	284.138785
-1.900001	-1.36E-11	284.173478	0.1	1.19782E-06	284.173478
-1.800001	-1.45E-11	284.225509	0.1000001	1.5497E-06	284.225509
-1.7	-8.4E-12	284.250069	0.1000003	1.96E-06	284.250069
-1.6	-7.1E-12	284.274631	0.1	2.41468E-06	284.274631
-1.5	-5.5E-12	284.299186	0.1000001	2.91235E-06	284.299186
-1.4	-4.4E-12	284.323742	0.1	3.44921E-06	284.323742
-1.3	-3.4E-12	284.34828	0.0999999	4.0209E-06	284.34828
-1.200001	-2.1E-12	284.372876	0.1	4.62391E-06	284.372876
-1.100001	-1E-12	284.397444	0.0999999	5.25361E-06	284.397444
-1.000001	-3E-13	284.42209	0.1000001	5.90712E-06	284.42209
-0.9	1.8E-12	284.446612	0.1000001	6.58204E-06	284.446612
-0.8	2.6E-12	284.471125	0.1	7.27406E-06	284.471125
-0.7	3.6E-12	284.495702	0.1	7.98156E-06	284.495702
-0.6	5.3E-12	284.52022	0.0999999	8.7016E-06	284.52022
-0.500001	6.8E-12	284.544849	0.1	9.43373E-06	284.544849
-0.400001	8.3E-12	284.569383	0.1000002	1.017603E-05	284.569383
-0.300001	5.1E-12	284.604007	0.0999999	1.09169E-05	284.604007
-0.2	7.4E-12	284.630409	0.1000002	1.16764E-05	284.630409
-0.0999997	1.29E-11	284.654902	0.1000002	1.24412E-05	284.654902
4E-07	1.45E-11	284.679409	0.1000001	1.32117E-05	284.679409
0.1	1.07E-11	284.727162	0.1000002	1.39821E-05	284.727162
0.2000004	1.71E-11	284.751679	0.1000001	1.47658E-05	284.751679
0.299999	1.97E-11	284.776472	0.1000001	1.55543E-05	284.776472
0.399999	2.18E-11	284.800974	0.1	1.63479E-05	284.800974
0.5	2.39E-11	284.825519	0.0999999	1.71472E-05	284.825519
0.599999	2.55E-11	284.850031	0.0999999	1.79518E-05	284.850031
0.7	2.77E-11	284.874551	0.1000001	1.87613E-05	284.874551
0.799999	2.95E-11	284.899063	0.1000002	1.95752E-05	284.899063
0.899999	3.17E-11	284.923634	0.1000001	2.03929E-05	284.923634
0.999999	3.33E-11	284.948152	0.1	2.12136E-05	284.948152
1.1	3.49E-11	284.972663	0.1	2.20367E-05	284.972663
1.2	3.7E-11	284.997161	0.1000002	2.28629E-05	284.997161
1.3	3.83E-11	285.021709	0.1000002	2.3692E-05	285.021709
1.4	3.95E-11	285.046324	0.1000001	2.45221E-05	285.046324
1.5	4.08E-11	285.070895	0.1	2.53539E-05	285.070895
1.599999	4.14E-11	285.095525	0.1000001	2.61872E-05	285.095525
1.699999	4.23E-11	285.120126	0.1	2.70216E-05	285.120126
1.8	4.36E-11	285.144619	0.0999999	2.78576E-05	285.144619
1.9	4.44E-11	285.169139	0.1	2.86931E-05	285.169139
1.999999	3.79E-11	285.228525	0.1000001	2.95229E-05	285.228525
2.1	4.33E-11	285.253062	0.0999997	3.03636E-05	285.253062
2.19999	4.47E-11	285.277775	0.1	3.11994E-05	285.277775
2.29999	4.52E-11	285.302318	0.1000002	3.20396E-05	285.302318
2.39999	4.62E-11	285.326875	0.1000002	3.28803E-05	285.326875
2.49999	4.65E-11	285.351403	0.0999999	3.37209E-05	285.351403
2.59999	4.75E-11	285.375918	0.0999999	3.45632E-05	285.375918
2.69999	4.79E-11	285.400439	0.1000001	3.54049E-05	285.400439
2.79999	4.81E-11	285.425079	0.1000002	3.62461E-05	285.425079
2.89999	4.89E-11	285.449593	0.1000001	3.70892E-05	285.449593
2.99999	4.94E-11	285.47412	0.0999999	3.79317E-05	285.47412
3.09999	4.99E-11	285.498625	0.1	3.87749E-05	285.498625
3.19999	5.04E-11	285.523142	0.1	3.96183E-05	285.523142
3.29999	5.09E-11	285.547766	0.1000001	4.04619E-05	285.547766
3.39999	5.1E-11	285.572379	0.0999999	4.13069E-05	285.572379
3.49999	5.08E-11	285.596896	0.1	4.21524E-05	285.596896
3.59999	5.09E-11	285.621463	0.1000003	4.29967E-05	285.621463
3.69999	5.14E-11	285.645964	0.1000001	4.38428E-05	285.645964
3.79999	5.14E-11	285.670558	0.0999999	4.4689E-05	285.670558
3.89999	4.53E-11	285.727432	0.1	4.55246E-05	285.727432
3.99999	5.01E-11	285.751962	0.1000001	4.63752E-05	285.751962
4.09999	5.09E-11	285.776572	0.1000001	4.72249E-05	285.776572
4.19999	5.14E-11	285.801083	0.1000001	4.80735E-05	285.801083
4.29999	5.19E-11	285.825921	0.1000001	4.89232E-05	285.825921
4.39999	5.22E-11	285.850428	0.1000002	4.97733E-05	285.850428
4.49999	5.26E-11	285.87503	0.1000002	5.06242E-05	285.87503
4.59999	5.28E-11	285.899581	0.1000001	5.14756E-05	285.899581
4.69999	5.36E-11	285.924084	0.1000001	5.2327E-05	285.924084
4.79999	5.36E-11	285.948606	0.1000001	5.31806E-05	285.948606
4.89999	5.42E-11	285.973126	0.0999998	5.40336E-05	285.973126
4.99999	5.38E-11	285.99766	0.1	5.48867E-05	285.99766
5.09999	5.45E-11	286.022196	0.1	5.57416E-05	286.022196
5.19999	5.43E-11	286.046836	0.0999999	5.65978E-05	286.046836
5.29999	5.47E-11	286.071372	0.1000001	5.74545E-05	286.071372
5.39999	5.43E-11	286.095987	0.1000001	5.83118E-05	286.095987
5.49999	5.47E-11	286.120503	0.1	5.91696E-05	286.120503
5.59999	5.51E-11	286.145014	0.1000002	6.00292E-05	286.145014
5.69999	5.57E-11	286.16952	0.1000001	6.08894E-05	286.16952
5.79999	4.92E-11	286.228867	0.1000003	6.17397E-05	286.228867
5.89999	5.43E-11	286.253417	0.1	6.26039E-05	286.253417
5.99999	5.49E-11	286.277934	0.1000001	6.34683E-05	286.277934
6.09999	5.48E-11	286.302446	0.1000001	6.43325E-05	286.302446
6.19999	5.51E-11	286.327308	0.1	6.51977E-05	286.327308
6.29999	5.57E-11	286.351815	0.0999999	6.60631E-05	286.351815
6.39999	5.59E-11	286.376331	0.0999999	6.69293E-05	286.376331
6.49999	5.61E-11	286.400875	0.1	6.77971E-05	286.400875
6.59999	5.6E-11	286.425419	0.1000004	6.8666E-05	286.425419
6.69999	5.71E-11	286.450067	0.0999999	6.95338E-05	286.450067
6.79999	5.66E-11	286.474599	0.1000001	7.04031E-05	286.474599
6.89999	5.7E-11	286.499138	0.0999998	7.12744E-05	286.499138
6.99999	5.73E-11	286.523671	0.1000004	7.21457E-05	286.523671
7.09999	5.66E-11	286.548337	0.1000001	7.30184E-05	286.548337
7.19999	5.75E-11	286.572856	0.1000003	7.38912E-05	286.572856
7.29999	5.77E-11	286.597502	0.0999999	7.47656E-05	286.597502
7.39999	5.74E-11	286.622124	0.1000002	7.56419E-05	286.622124
7.49999	5.81E-11	286.646629	0.1	7.65177E-05	286.646629
7.59999	5.78E-11	286.671149	0.1000001	7.73944E-05	286.671149
7.69999	5.25E-11	286.726379	0.0999999	7.82647E-05	286.726379
7.79999	5.73E-11	286.750893	0.1	7.91465E-05	286.750893
7.89999	5.78E-11	286.775495	0.1000001	8.00268E-05	286.775495
7.99999	5.79E-11	286.800018	0.1	8.09095E-05	286.800018
8.09999	5.74E-11	286.824846	0.1000002	8.17912E-05	286.824846
8.19999	5.86E-11	286.849382	0.1	8.26738E-05	286.849382
8.29999	5.83E-11	286.873877	0.1	8.35588E-05	286.873877
8.39999	5.9E-11	286.898407	0.0999998	8.44439E-05	286.898407
8.49999	5.86E-11	286.922926	0.0999999	8.53301E-05	286.922926
8.59999	5.89E-11	286.947457	0.1000002	8.62161E-05	286.947457
8.69999	5.94E-11	286.971974	0.0999999	8.71047E-05	286.971974
8.79999	5.96E-11	286.996496	0.0999998	8.79948E-05	286.996496
8.89999	5.98E-11	287.021005	0.0999999	8.88834E-05	287.021005
8.99999	5.97E-11	287.045618	0.1000002	8.97742E-05	287.045618
9.09999	6.01E-11	287.070167	0.0999999	9.06648E-05	287.070167
9.19999	6.04E-11	287.094697	0.1	9.15579E-05	287.094697
9.29999	6.08E-11	287.119324	0.1000003	9.24482E-05	287.119324
9.39999	6.08E-11	287.143853	0.0999998	9.33451E-05	287.143853
9.49999	6.02E-11	287.168404	0.0999999	9.42431E-05	287.168404
9.59999	5.31E-11	287.230104	0.0999998	9.51332E-05	287.230104
9.69999	5.85E-11	287.254663	0.1	9.60365E-05	287.254663
9.79999	5.91E-11	287.27919	0.1	9.69372E-05	287.27919
9.89999	5.95E-11	287.303741	0.1	9.78385E-05	287.303741
9.99999	6.06E-11	287.328326	0.1	9.87419E-05	287.328326
9.9	4.75E-11	287.352851	0.1000001	9.78246E-05	287.352851
9.8	4.4E-11	287.377398	0.0999998	9.69147E-05	287.377398
9.7	4.25E-11	287.402014	0.1	9.60077E-05	287.402014
9.6	3.99E-11	287.426534	0.0999999	9.51018E-05	287.426534
9.5	3.82E-11	287.451169	0.0999997	9.41974E-05	287.451169
9.4	3.7E-11	287.475729	0.0999999	9.32941E-05	287.475729
9.3	3.62E-11	287.50026	0.0999999	9.23923E-05	287.50026
9.2	3.5E-11	287.524815	0.1	9.14934E-05	287.524815
9.1	3.48E-11	287.549422	0.0999997	9.05937E-05	287.549422
9	3.38E-11	287.573953	0.1000003	8.96954E-05	287.573953
8.9	3.27E-11	287.598469	0.1	8.88034E-05	287.598469
8.8	3.22E-11	287.623015	0.1000001	8.79063E-05	287.623015
8.7	3.19E-11	287.647517	0.0999999	8.70078E-05	287.647517
8.6	3.12E-11	287.672028	0.0999998	8.61114E-05	287.672028
8.5	3.66E-11	287.733757	0.0999999	8.52198E-05	287.733757
8.4	3.12E-11	287.758306	0.1000001	8.43253E-05	287.758306
8.3	3.07E-11	287.782914	0.0999998	8.34319E-05	287.782914
8.2	3E-11	287.807444	0.1000002	8.25398E-05	287.807444
8.1	2.93E-11	287.832016	0.0999999	8.16501E-05	287.832016
8	2.87E-11	287.856569	0.0999999	8.07623E-05	287.856569
7.9	2.83E-11	287.881107	0.1000001	7.98741E-05	287.881107
7.8	2.79E-11	287.90563	0.1	7.8986E-05	287.90563
7.7	2.71E-11	287.930137	0.0999999	7.80999E-05	287.930137
7.6	2.72E-11	287.954689	0.1	7.72152E-05	287.954689
7.5	2.64E-11	287.979211	0.1	7.63308E-05	287.979211
7.4	2.64E-11	288.00382	0.0999999	7.54466E-05	288.00382
7.3	2.58E-11	288.028385	0.1	7.45651E-05	288.028385
7.2	2.58E-11	288.052985	0.1	7.3684E-05	288.052985
7.1	2.48E-11	288.077486	0.1	7.28031E-05	288.077486
7	2.45E-11	288.10206	0.0999999	7.19231E-05	288.10206
6.9	2.47E-11	288.1266	0.1000001	7.10449E-05	288.1266
6.8	2.42E-11	288.151113	0.1000001	7.01665E-05	288.151113
6.7	2.36E-11	288.175679	0.1	6.9289E-05	288.175679
6.6	2.9E-11	288.235394	0.1	6.84197E-05	288.235394
6.5	2.46E-11	288.259966	0.1000001	6.75422E-05	288.259966
6.4	2.36E-11	288.284508	0.0999999	6.66681E-05	288.284508
6.3	2.33E-11	288.309063	0.1000002	6.5794E-05	288.309063
6.2	2.24E-11	288.333628	0.0999998	6.49204E-05	288.333628
6.1	2.22E-11	288.358171	0.1000001	6.40479E-05	288.358171
6	2.13E-11	288.382728	0.1	6.31779E-05	288.382728
5.9	2.08E-11	288.407253	0.0999997	6.23067E-05	288.407253
5.8	2.03E-11	288.431777	0.0999999	6.14369E-05	288.431777
5.7	1.95E-11	288.45638	0.1000002	6.0568E-05	288.45638
5.6	1.95E-11	288.480906	0.1000001	5.97004E-05	288.480906
5.5	1.9E-11	288.505419	0.1000001	5.88332E-05	288.505419
5.4	1.85E-11	288.529951	0.0999999	5.79666E-05	288.529951
5.3	1.84E-11	288.554578	0.0999997	5.71018E-05	288.554578
5.2	1.77E-11	288.57911	0.1000003	5.62374E-05	288.57911
5.1	1.71E-11	288.603645	0.0999998	5.53735E-05	288.603645
5	1.67E-11	288.628161	0.1	5.45108E-05	288.628161
4.9	1.64E-11	288.652676	0.0999999	5.36485E-05	288.652676
4.8	1.62E-11	288.677194	0.1000002	5.27878E-05	288.677194
4.7	2.26E-11	288.736814	0.0999999	5.19323E-05	288.736814
4.6	1.68E-11	288.761368	0.1000001	5.10726E-05	288.761368
4.5	1.54E-11	288.785929	0.1	5.02128E-05	288.785929
4.4	1.48E-11	288.81045	0.0999999	4.93549E-05	288.81045
4.3	1.45E-11	288.835008	0.0999998	4.84976E-05	288.835008
4.2	1.35E-11	288.859516	0.1	4.7641E-05	288.859516
4.1	1.28E-11	288.884036	0.1	4.67852E-05	288.884036
4	1.23E-11	288.908604	0.1	4.59311E-05	288.908604
3.9	1.19E-11	288.933108	0.0999999	4.5078E-05	288.933108
3.8	1.14E-11	288.95762	0.0999999	4.42252E-05	288.95762
3.7	1.07E-11	288.98213	0.0999998	4.33719E-05	288.98213
3.6	9.8E-12	289.006639	0.0999999	4.25202E-05	289.006639
3.5	9.8E-12	289.031247	0.1000001	4.16695E-05	289.031247
3.4	8.9E-12	289.055841	0.1	4.08204E-05	289.055841
3.3	8.4E-12	289.080368	0.1000001	3.9971E-05	289.080368
3.2	7.8E-12	289.104928	0.0999999	3.91233E-05	289.104928
3.1	7.1E-12	289.129463	0.1000001	3.82767E-05	289.129463
3	6.2E-12	289.154009	0.0999999	3.74298E-05	289.154009
2.9	6.3E-12	289.178545	0.1000001	3.65841E-05	289.178545
2.8	1.19E-11	289.238549	0.1000001	3.57446E-05	289.238549
2.7	6.5E-12	289.263093	0.1	3.49008E-05	289.263093
2.6	5.1E-12	289.287621	0.1	3.40576E-05	289.287621
2.5	3.8E-12	289.312221	0.0999999	3.32154E-05	289.312221
2.4	3.1E-12	289.336841	0.1000001	3.23746E-05	289.336841
2.3	2E-12	289.361357	0.1	3.1535E-05	289.361357
2.2	7E-13	289.385884	0.0999999	3.0696E-05	289.385884
2.099999	3.5E-12	289.412335	0.0999999	2.98616E-05	289.412335
2	-3E-13	289.436974	0.0999999	2.90243E-05	289.436974
1.9	-2E-12	289.461498	0.1000002	2.8189E-05	289.461498
1.8	-3.6E-12	289.486003	0.0999999	2.7355E-05	289.486003
1.7	-4.7E-12	289.510522	0.1000002	2.65224E-05	289.510522
1.6	-6E-12	289.535042	0.1	2.56917E-05	289.535042
1.5	-7E-12	289.559654	0.0999999	2.48622E-05	289.559654
1.4	-8.2E-12	289.584175	0.1000001	2.40342E-05	289.584175
1.3	-9.7E-12	289.608699	0.1000001	2.32083E-05	289.608699
1.2	-1.11E-11	289.633237	0.0999999	2.23848E-05	289.633237
1.1	-1.26E-11	289.657796	0.1	2.15643E-05	289.657796
1	-1.46E-11	289.682297	0.1	2.07464E-05	289.682297
0.9	-9.3E-12	289.740055	0.0999999	1.99367E-05	289.740055
0.8	-1.62E-11	289.764569	0.0999999	1.91245E-05	289.764569
0.7	-1.85E-11	289.789138	0.1	1.83181E-05	289.789138
0.6	-2.03E-11	289.813666	0.1000001	1.75156E-05	289.813666
0.5	-2.27E-11	289.838241	0.0999998	1.67193E-05	289.838241
0.4	-2.51E-11	289.862783	0.0999998	1.59288E-05	289.862783
0.3	-2.75E-11	289.88732	0.1	1.51444E-05	289.88732
0.1999999	-2.65E-11	289.913719	0.0999999	1.43665E-05	289.913719
0.0999996	-3.23E-11	289.938241	0.1	1.35934E-05	289.938241
-4E-07	-3.47E-11	289.962721	0.1	1.2826E-05	289.962721
#scan	iMeasureCycle=3	iMux=0	time=319.674	N=401	LocalTime=20/04/2023 00:25:00
#VGate(V)	IGate(A)	time(s)	VDrain(V)	IDrain(A)	time(s)
-2E-07	-1.31E-11	319.681451	0.1	1.30138E-05	319.681451
-0.1000005	-2.07E-11	319.706347	0.1000001	1.22395E-05	319.706347
-0.2000001	-2.21E-11	319.73207	0.0999998	1.14737E-05	319.73207
-0.3	-2.8E-11	319.756784	0.1000001	1.07137E-05	319.756784
-0.4	-3.13E-11	319.781304	0.0999999	9.9624E-06	319.781304
-0.5	-3.35E-11	319.805842	0.1	9.2199E-06	319.805842
-0.6	-3.18E-11	319.833032	0.0999999	8.49263E-06	319.833032
-0.7	-3.71E-11	319.857531	0.1	7.77228E-06	319.857531
-0.8	-3.92E-11	319.882072	0.0999999	7.06581E-06	319.882072
-0.9	-4.04E-11	319.906613	0.1000001	6.37564E-06	319.906613
-1	-4.21E-11	319.931152	0.0999999	5.70402E-06	319.931152
-1.1	-4.35E-11	319.955678	0.0999999	5.05429E-06	319.955678
-1.2	-4.45E-11	319.980219	0.0999999	4.42923E-06	319.980219
-1.3	-4.55E-11	320.004733	0.0999999	3.83289E-06	320.004733
-1.4	-4.6E-11	320.029244	0.1	3.26974E-06	320.029244
-1.5	-4.71E-11	320.053759	0.0999998	2.74321E-06	320.053759
-1.6	-4.79E-11	320.078397	0.0999999	2.25727E-06	320.078397
-1.7	-4.9E-11	320.102931	0.1	1.81656E-06	320.102931
-1.8	-4.96E-11	320.127522	0.0999999	1.42439E-06	320.127522
-1.9	-5.01E-11	320.152121	0.0999998	1.08266E-06	320.152121
-2	-4.69E-11	320.179415	0.0999994	7.9431E-07	320.179415
-2.1	-5.11E-11	320.203929	0.0999996	5.55875E-07	320.203929
-2.2	-4.51E-11	320.247757	0.0999998	3.70593E-07	320.247757
-2.3	-5.06E-11	320.272298	0.0999995	2.29275E-07	320.272298
-2.4	-5.14E-11	320.296835	0.0999999	1.31057E-07	320.296835
-2.5	-4.6E-11	320.334555	0.099995	6.90255E-08	320.334555
-2.6	-6.66E-11	320.357792	0.1000076	3.16428E-08	320.357792
-2.7	-6.59E-11	320.381108	0.1000026	1.26759E-08	320.381108
-2.8	-6.83E-11	320.404325	0.1000018	4.3428E-09	320.404325
-2.9	-6.88E-11	320.427533	0.1000007	1.2633E-09	320.427533
-3	-6.9E-11	320.450739	0.1000003	3.094E-10	320.450739
-3.1	-6.87E-11	320.474036	0.1000003	6.09E-11	320.474036
-3.2	-6.81E-11	320.497422	0.1000003	4.5E-12	320.497422
-3.3	-7.05E-11	320.520639	0.1000001	-5E-12	320.520639
-3.4	-6.85E-11	320.543928	0.1000002	-6.1E-12	320.543928
-3.5	-6.91E-11	320.56721	0.1000002	-6E-12	320.56721
-3.6	-7.15E-11	320.590411	0.1000004	-6E-12	320.590411
-3.7	-7.2E-11	320.613616	0.1000001	-5.8E-12	320.613616
-3.8	-7.23E-11	320.636918	0.1000002	-6.1E-12	320.636918
-3.9	-7.09E-11	320.660196	0.1000004	-6E-12	320.660196
-4	-7.1E-11	320.683483	0.1000003	-5.7E-12	320.683483
-4.1	-5.19E-11	320.73107	0.1000001	-7.5E-12	320.73107
-4.2	-7.03E-11	320.754428	0.1000002	-6.1E-12	320.754428
-4.3	-7.27E-11	320.777647	0.1000004	-5.8E-12	320.777647
-4.4	-7.32E-11	320.800869	0.1000004	-5.9E-12	320.800869
-4.5	-7.35E-11	320.824167	0.1000001	-5.9E-12	320.824167
-4.6	-7.26E-11	320.847519	0.1000002	-6E-12	320.847519
-4.7	-7.45E-11	320.870723	0.1000003	-6E-12	320.870723
-4.8	-7.49E-11	320.893962	0.1000003	-5.7E-12	320.893962
-4.9	-7.45E-11	320.917218	0.1000001	-5.8E-12	320.917218
-5	-7.42E-11	320.940509	0.1000001	-6.2E-12	320.940509
-5.1	-7.44E-11	320.963795	0.1000003	-5.6E-12	320.963795
-5.2	-7.49E-11	320.987023	0.1000003	-5.8E-12	320.987023
-5.3	-7.39E-11	321.010317	0.1000002	-5.9E-12	321.010317
-5.4	-7.45E-11	321.03361	0.1000002	-5.9E-12	321.03361
-5.5	-7.62E-11	321.056806	0.1000003	-6.1E-12	321.056806
-5.6	-7.64E-11	321.08004	0.1000005	-5.9E-12	321.08004
-5.7	-7.49E-11	321.103334	0.1000001	-6E-12	321.103334
-5.8	-7.68E-11	321.126654	0.1000003	-6E-12	321.126654
-5.9	-7.69E-11	321.149913	0.1000004	-5.5E-12	321.149913
-6	-7.73E-11	321.173222	0.1000004	-5.6E-12	321.173222
-6.1	-7.64E-11	321.19651	0.1000002	-5.5E-12	321.19651
-6.2	-5.67E-11	321.246757	0.1000001	-7.3E-12	321.246757
-6.3	-7.48E-11	321.270067	0.1000003	-5.8E-12	321.270067
-6.4	-7.7E-11	321.293285	0.1000001	-6E-12	321.293285
-6.5	-7.78E-11	321.316495	0.1000003	-5.4E-12	321.316495
-6.6	-7.63E-11	321.33983	0.1000002	-5.7E-12	321.33983
-6.7	-7.67E-11	321.363118	0.1000006	-5.6E-12	321.363118
-6.8	-7.86E-11	321.386359	0.1000002	-5.5E-12	321.386359
-6.9	-7.91E-11	321.409561	0.1000002	-5.6E-12	321.409561
-7	-7.78E-11	321.432854	0.1000002	-5.5E-12	321.432854
-7.1	-7.78E-11	321.456145	0.1000001	-5.6E-12	321.456145
-7.2	-8E-11	321.479359	0.1000001	-5.4E-12	321.479359
-7.3	-7.84E-11	321.502727	0.1000002	-6.1E-12	321.502727
-7.4	-7.85E-11	321.526028	0.1000004	-5.8E-12	321.526028
-7.5	-8.07E-11	321.549249	0.1000003	-5.5E-12	321.549249
-7.6	-8.1E-11	321.572459	0.1000002	-5.5E-12	321.572459
-7.7	-7.81E-11	321.595793	0.1000001	-5.9E-12	321.595793
-7.8	-7.96E-11	321.619095	0.1000002	-5.9E-12	321.619095
-7.9	-8.06E-11	321.642404	0.1000003	-5.5E-12	321.642404
-8	-8.14E-11	321.66562	0.1000003	-5.6E-12	321.66562
-8.1	-7.95E-11	321.688901	0.1	-5.5E-12	321.688901
-8.2	-6.01E-11	321.743926	0.1	-7.5E-12	321.743926
-8.3	-7.93E-11	321.767184	0.1000003	-5.6E-12	321.767184
-8.4	-7.85E-11	321.790489	0.1000003	-5.7E-12	321.790489
-8.5	-8.12E-11	321.813703	0.1000002	-5.8E-12	321.813703
-8.6	-7.92E-11	321.837047	0.1000002	-5.8E-12	321.837047
-8.7	-7.93E-11	321.860331	0.1000002	-5.5E-12	321.860331
-8.8	-8.2E-11	321.883806	0.1000004	-5.4E-12	321.883806
-8.9	-8.02E-11	321.907091	0.1000004	-6E-12	321.907091
-9	-7.85E-11	321.930444	0.1000003	-6.2E-12	321.930444
-9.1	-8.2E-11	321.953674	0.1000003	-5.9E-12	321.953674
-9.2	-8.26E-11	321.976885	0.1000002	-5.5E-12	321.976885
-9.3	-8.07E-11	322.000179	0.1000003	-5.6E-12	322.000179
-9.4	-8.3E-11	322.023398	0.1000003	-5.3E-12	322.023398
-9.5	-8.3E-11	322.046614	0.1000002	-5.5E-12	322.046614
-9.6	-8.31E-11	322.06991	0.1000004	-5.3E-12	322.06991
-9.7	-8.14E-11	322.09321	0.1000003	-5.9E-12	322.09321
-9.8	-8.37E-11	322.116412	0.1000001	-5.5E-12	322.116412
-9.9	-8.31E-11	322.139675	0.1000003	-5.2E-12	322.139675
-10	-8.15E-11	322.163064	0.1000003	-5.7E-12	322.163064
-9.90001	-4.25E-11	322.186345	0.0999998	-9.1E-12	322.186345
-9.80001	-3.89E-11	322.209593	0.0999999	-9E-12	322.209593
-9.70001	-5.45E-11	322.249903	0.1000001	-7.3E-12	322.249903
-9.60001	-3.38E-11	322.273145	0.0999998	-8.8E-12	322.273145
-9.50001	-3.34E-11	322.29643	0.1	-9E-12	322.29643
-9.40001	-3.23E-11	322.319718	0.1000001	-8.9E-12	322.319718
-9.30001	-2.93E-11	322.342987	0.0999998	-8.9E-12	322.342987
-9.20001	-2.97E-11	322.366282	0.0999998	-8.8E-12	322.366282
-9.10001	-2.91E-11	322.389582	0.0999998	-9.2E-12	322.389582
-9.00001	-2.61E-11	322.41279	0.0999999	-9.2E-12	322.41279
-8.90001	-2.61E-11	322.436043	0.0999998	-8.8E-12	322.436043
-8.80001	-2.51E-11	322.459271	0.0999996	-9.2E-12	322.459271
-8.70001	-2.65E-11	322.482575	0.0999997	-9.3E-12	322.482575
-8.60001	-2.41E-11	322.505899	0.0999998	-9.3E-12	322.505899
-8.50001	-2.31E-11	322.529122	0.0999998	-9.2E-12	322.529122
-8.40001	-2.46E-11	322.552429	0.0999998	-8.9E-12	322.552429
-8.30001	-2.39E-11	322.575713	0.0999999	-9.1E-12	322.575713
-8.20001	-2.19E-11	322.598926	0.0999999	-9.6E-12	322.598926
-8.10001	-2.09E-11	322.622141	0.1	-9.7E-12	322.622141
-8	-2.23E-11	322.645509	0.0999997	-9.4E-12	322.645509
-7.90001	-2.26E-11	322.668805	0.0999997	-9.2E-12	322.668805
-7.80001	-1.99E-11	322.692013	0.0999997	-8.9E-12	322.692013
-7.70001	-4.07E-11	322.751233	0.1000002	-7.6E-12	322.751233
-7.6	-2.09E-11	322.774476	0.0999999	-9.2E-12	322.774476
-7.50001	-2.11E-11	322.797777	0.0999998	-9E-12	322.797777
-7.40001	-2.11E-11	322.821084	0.1000001	-9.6E-12	322.821084
-7.30001	-1.84E-11	322.844358	0.0999998	-9.3E-12	322.844358
-7.2	-1.95E-11	322.867655	0.0999997	-9.3E-12	322.867655
-7.10001	-1.9E-11	322.890968	0.0999997	-9.6E-12	322.890968
-7.00001	-1.73E-11	322.914163	0.0999996	-9.8E-12	322.914163
-6.90001	-1.69E-11	322.937379	0.0999996	-9.8E-12	322.937379
-6.80001	-1.86E-11	322.960678	0.0999999	-9.2E-12	322.960678
-6.70001	-1.77E-11	322.983959	0.0999999	-9.6E-12	322.983959
-6.60001	-1.6E-11	323.007183	0.0999998	-9.8E-12	323.007183
-6.50001	-1.55E-11	323.030489	0.0999999	-9.5E-12	323.030489
-6.40001	-1.68E-11	323.05379	0.0999999	-9.7E-12	323.05379
-6.30001	-1.63E-11	323.077068	0.0999998	-9.4E-12	323.077068
-6.20001	-1.41E-11	323.100275	0.0999998	-1.01E-11	323.100275
-6.10001	-1.36E-11	323.123488	0.1	-9.9E-12	323.123488
-6.00001	-1.47E-11	323.146831	0.0999999	-9.4E-12	323.146831
-5.90001	-1.43E-11	323.170215	0.0999998	-9.9E-12	323.170215
-5.80001	-1.22E-11	323.193416	0.1	-1.01E-11	323.193416
-5.70001	-3.32E-11	323.25259	0.1	-8.1E-12	323.25259
-5.60001	-1.34E-11	323.275827	0.0999997	-1E-11	323.275827
-5.50001	-1.43E-11	323.299113	0.0999999	-1.02E-11	323.299113
-5.40001	-1.38E-11	323.3224	0.0999998	-9.8E-12	323.3224
-5.30001	-1.22E-11	323.34571	0.0999999	-1E-11	323.34571
-5.20001	-1.04E-11	323.368926	0.0999998	-1.03E-11	323.368926
-5.1	-1.14E-11	323.392233	0.0999999	-1.02E-11	323.392233
-5.00001	-9.7E-12	323.415438	0.0999998	-1.04E-11	323.415438
-4.90001	-8.7E-12	323.438656	0.0999999	-1E-11	323.438656
-4.80001	-8.2E-12	323.461864	0.1	-1E-11	323.461864
-4.7	-9.8E-12	323.485154	0.0999999	-1.04E-11	323.485154
-4.60001	-7.5E-12	323.508458	0.0999997	-1.01E-11	323.508458
-4.50001	-7.1E-12	323.531679	0.0999998	-1.02E-11	323.531679
-4.40001	-6.5E-12	323.554901	0.0999999	-1.04E-11	323.554901
-4.3	-7.6E-12	323.578186	0.0999999	-1.05E-11	323.578186
-4.20001	-7.5E-12	323.601469	0.0999997	-1.04E-11	323.601469
-4.10001	-6.8E-12	323.624748	0.0999998	-1.04E-11	323.624748
-4.00001	-4.4E-12	323.648041	0.0999999	-1.09E-11	323.648041
-3.90001	-5.9E-12	323.671332	0.0999999	-1.05E-11	323.671332
-3.80001	-3.7E-12	323.694532	0.0999999	-1.09E-11	323.694532
-3.70001	-2.49E-11	323.754291	0.1	-8.9E-12	323.754291
-3.60001	-6.5E-12	323.777607	0.0999999	-1.04E-11	323.777607
-3.50001	-5E-12	323.800855	0.0999996	-1.08E-11	323.800855
-3.40001	-3E-12	323.82408	0.0999998	-1.02E-11	323.82408
-3.30001	-2.4E-12	323.847344	0.0999998	-5.7E-12	323.847344
-3.20001	-3.1E-12	323.870643	0.0999998	2.03E-11	323.870643
-3.10001	-5E-13	323.893881	0.0999999	1.424E-10	323.893881
-3.00001	0	323.917091	0.0999999	6.329E-10	323.917091
-2.90001	-8E-13	323.940445	0.1000004	2.2987E-09	323.940445
-2.80001	1E-13	323.963725	0.1000012	7.1332E-09	323.963725
-2.70001	2.5E-12	323.986939	0.1000022	1.88937E-08	323.986939
-2.60001	3.2E-12	324.010148	0.1000008	4.3412E-08	324.010148
-2.50001	1.5E-12	324.033438	0.1000007	8.81963E-08	324.033438
-2.40001	-1.66E-11	324.073053	0.1000001	1.58618E-07	324.073053
-2.30001	-1.11E-11	324.097553	0.1000006	2.69388E-07	324.097553
-2.20001	-1.05E-11	324.122075	0.1000003	4.22268E-07	324.122075
-2.099999	-1.27E-11	324.148542	0.1000005	6.22594E-07	324.148542
-2	-8.7E-12	324.173112	0.1000007	8.73254E-07	324.173112
-1.900001	-1.28E-11	324.207675	0.1	1.16989E-06	324.207675
-1.800001	-1.42E-11	324.259729	0.1	1.5174E-06	324.259729
-1.7	-8.3E-12	324.284276	0.1000001	1.92311E-06	324.284276
-1.6	-6.7E-12	324.308783	0.1	2.37366E-06	324.308783
-1.5	-5.7E-12	324.333343	0.1000002	2.86697E-06	324.333343
-1.4	-4E-12	324.357894	0.1000001	3.39958E-06	324.357894
-1.3	-3.3E-12	324.382449	0.0999999	3.96693E-06	324.382449
-1.200001	-1.7E-12	324.406976	0.1	4.5658E-06	324.406976
-1.100001	-9E-13	324.431504	0.1000001	5.19235E-06	324.431504
-1	1.1E-12	324.456047	0.1	5.84224E-06	324.456047
-0.9	1.8E-12	324.480605	0.1000001	6.51398E-06	324.480605
-0.8	3.4E-12	324.505191	0.1000002	7.20333E-06	324.505191
-0.7	4.7E-12	324.529695	0.0999999	7.90794E-06	324.529695
-0.6	6.2E-12	324.5542	0.1	8.62627E-06	324.5542
-0.500001	7.4E-12	324.578732	0.1000001	9.35582E-06	324.578732
-0.400001	8.9E-12	324.603246	0.1000002	1.009511E-05	324.603246
-0.300001	5.5E-12	324.637981	0.1	1.08347E-05	324.637981
-0.1999998	8.3E-12	324.664418	0.0999999	1.15915E-05	324.664418
-0.0999996	1.31E-11	324.688917	0.1	1.23545E-05	324.688917
3E-07	1.51E-11	324.713406	0.1000001	1.31232E-05	324.713406
0.1	1.07E-11	324.761237	0.1000001	1.38919E-05	324.761237
0.2000003	1.74E-11	324.785755	0.0999999	1.46746E-05	324.785755
0.299999	1.99E-11	324.810459	0.1000001	1.54603E-05	324.810459
0.4	2.17E-11	324.835075	0.0999998	1.62527E-05	324.835075
0.5	2.34E-11	324.859708	0.0999998	1.70504E-05	324.859708
0.599999	2.57E-11	324.884257	0.1	1.7854E-05	324.884257
0.699999	2.82E-11	324.908785	0.0999999	1.86622E-05	324.908785
0.799999	3E-11	324.933288	0.0999999	1.94749E-05	324.933288
0.899999	3.19E-11	324.957839	0.1000001	2.02915E-05	324.957839
0.999999	3.35E-11	324.982361	0.1000001	2.11113E-05	324.982361
1.1	3.52E-11	325.006873	0.0999999	2.19348E-05	325.006873
1.199999	3.72E-11	325.031372	0.1000001	2.27597E-05	325.031372
1.3	3.82E-11	325.055903	0.0999999	2.35876E-05	325.055903
1.4	3.97E-11	325.080438	0.1	2.4417E-05	325.080438
1.5	4.11E-11	325.104966	0.0999998	2.52487E-05	325.104966
1.6	4.2E-11	325.129473	0.0999999	2.60808E-05	325.129473
1.699999	4.29E-11	325.154054	0.1000001	2.69148E-05	325.154054
1.8	4.44E-11	325.178615	0.0999999	2.77504E-05	325.178615
1.9	4.48E-11	325.203121	0.1000003	2.85872E-05	325.203121
1.999999	3.8E-11	325.262869	0.0999998	2.9418E-05	325.262869
2.099999	4.34E-11	325.287442	0.1000001	3.02582E-05	325.287442
2.19999	4.42E-11	325.312148	0.1	3.10943E-05	325.312148
2.29999	4.54E-11	325.336656	0.0999999	3.19349E-05	325.336656
2.39999	4.64E-11	325.361216	0.1	3.27763E-05	325.361216
2.49999	4.73E-11	325.385739	0.1000003	3.36183E-05	325.385739
2.59999	4.77E-11	325.410277	0.0999999	3.44607E-05	325.410277
2.69999	4.83E-11	325.434775	0.1000001	3.53037E-05	325.434775
2.79999	4.84E-11	325.4593	0.0999999	3.61477E-05	325.4593
2.89999	4.94E-11	325.48382	0.0999999	3.69912E-05	325.48382
2.99999	4.94E-11	325.508462	0.1000003	3.78355E-05	325.508462
3.09999	5.01E-11	325.532963	0.0999998	3.86804E-05	325.532963
3.19999	5.06E-11	325.557478	0.1000001	3.95252E-05	325.557478
3.29999	5.09E-11	325.581991	0.1000001	4.03707E-05	325.581991
3.39999	5.15E-11	325.606501	0.0999998	4.1217E-05	325.606501
3.49999	5.15E-11	325.630993	0.1000001	4.20636E-05	325.630993
3.59999	5.15E-11	325.655606	0.1	4.29098E-05	325.655606
3.69999	5.15E-11	325.680147	0.1000001	4.37571E-05	325.680147
3.79999	5.18E-11	325.704686	0.1000001	4.46046E-05	325.704686
3.89999	4.53E-11	325.761596	0.1	4.54436E-05	325.761596
3.99999	5.03E-11	325.786127	0.0999998	4.62935E-05	325.786127
4.09999	5.16E-11	325.81069	0.1	4.71441E-05	325.81069
4.19999	5.19E-11	325.835317	0.1000003	4.79949E-05	325.835317
4.29999	5.28E-11	325.859941	0.1	4.88453E-05	325.859941
4.39999	5.32E-11	325.884458	0.1000001	4.96962E-05	325.884458
4.49999	5.27E-11	325.909013	0.1000002	5.05474E-05	325.909013
4.59999	5.32E-11	325.933518	0.1	5.13999E-05	325.933518
4.69999	5.35E-11	325.958071	0.1	5.22532E-05	325.958071
4.79999	5.41E-11	325.982623	0.0999999	5.31059E-05	325.982623
4.89999	5.44E-11	326.007142	0.1	5.39597E-05	326.007142
4.99999	5.47E-11	326.03164	0.0999999	5.48146E-05	326.03164
5.09999	5.51E-11	326.05618	0.1000002	5.56693E-05	326.05618
5.19999	5.52E-11	326.080767	0.1000001	5.65255E-05	326.080767
5.29999	5.54E-11	326.105275	0.1000002	5.73816E-05	326.105275
5.39999	5.56E-11	326.129776	0.0999999	5.82406E-05	326.129776
5.49999	5.57E-11	326.154345	0.1000003	5.90994E-05	326.154345
5.59999	5.57E-11	326.178928	0.1	5.9958E-05	326.178928
5.69999	5.58E-11	326.203461	0.1	6.08178E-05	326.203461
5.79999	4.91E-11	326.263015	0.0999999	6.16687E-05	326.263015
5.89999	5.39E-11	326.287542	0.1000002	6.25344E-05	326.287542
5.99999	5.49E-11	326.312058	0.1000003	6.33981E-05	326.312058
6.09999	5.51E-11	326.336566	0.1000002	6.42623E-05	326.336566
6.19999	5.57E-11	326.361167	0.1000003	6.51273E-05	326.361167
6.29999	5.6E-11	326.385687	0.0999999	6.59935E-05	326.385687
6.39999	5.63E-11	326.41022	0.1000002	6.68603E-05	326.41022
6.49999	5.68E-11	326.43476	0.1000001	6.7727E-05	326.43476
6.59999	5.67E-11	326.459295	0.1	6.85953E-05	326.459295
6.69999	5.65E-11	326.48385	0.1000001	6.94648E-05	326.48385
6.79999	5.7E-11	326.5085	0.0999999	7.03349E-05	326.5085
6.89999	5.77E-11	326.533022	0.1	7.12052E-05	326.533022
6.99999	5.75E-11	326.55755	0.1000002	7.20763E-05	326.55755
7.09999	5.75E-11	326.582082	0.0999998	7.29499E-05	326.582082
7.19999	5.71E-11	326.606594	0.1	7.38231E-05	326.606594
7.29999	5.75E-11	326.631092	0.1	7.4697E-05	326.631092
7.39999	5.76E-11	326.655728	0.1000001	7.5572E-05	326.655728
7.49999	5.81E-11	326.68025	0.1	7.64495E-05	326.68025
7.59999	5.85E-11	326.704769	0.0999999	7.7326E-05	326.704769
7.69999	5.16E-11	326.764544	0.0999998	7.81952E-05	326.764544
7.79999	5.64E-11	326.789099	0.0999999	7.90769E-05	326.789099
7.89999	5.74E-11	326.81367	0.1000002	7.99592E-05	326.81367
7.99999	5.79E-11	326.838269	0.1000002	8.08412E-05	326.838269
8.09999	5.81E-11	326.862896	0.1000002	8.1723E-05	326.862896
8.19999	5.83E-11	326.887492	0.1	8.26056E-05	326.887492
8.29999	5.83E-11	326.912022	0.0999999	8.34905E-05	326.912022
8.39999	5.87E-11	326.936522	0.1000001	8.43766E-05	326.936522
8.49999	5.9E-11	326.961036	0.1000002	8.52609E-05	326.961036
8.59999	5.9E-11	326.985565	0.1	8.61499E-05	326.985565
8.69999	5.94E-11	327.010081	0.0999997	8.70376E-05	327.010081
8.79999	5.94E-11	327.034586	0.0999999	8.79269E-05	327.034586
8.89999	5.99E-11	327.0591	0.1	8.88166E-05	327.0591
8.99999	6.01E-11	327.08361	0.0999998	8.97067E-05	327.08361
9.09999	5.92E-11	327.108145	0.1	9.05981E-05	327.108145
9.19999	5.95E-11	327.132645	0.0999999	9.14918E-05	327.132645
9.29999	5.99E-11	327.157221	0.1	9.23806E-05	327.157221
9.39999	6.03E-11	327.181809	0.1000002	9.32777E-05	327.181809
9.49999	6.02E-11	327.206364	0.1	9.41764E-05	327.206364
9.59999	5.41E-11	327.26611	0.0999999	9.50683E-05	327.26611
9.69999	5.85E-11	327.290634	0.0999998	9.59706E-05	327.290634
9.79999	5.97E-11	327.315191	0.1	9.6871E-05	327.315191
9.89999	5.97E-11	327.339731	0.1	9.77727E-05	327.339731
9.99999	6.03E-11	327.364332	0.1	9.86741E-05	327.364332
9.9	4.72E-11	327.388852	0.0999999	9.77598E-05	327.388852
9.8	4.39E-11	327.413395	0.0999999	9.68483E-05	327.413395
9.7	4.14E-11	327.437902	0.0999998	9.59417E-05	327.437902
9.6	4E-11	327.46245	0.0999999	9.50355E-05	327.46245
9.5	3.87E-11	327.486965	0.1000001	9.41318E-05	327.486965
9.4	3.76E-11	327.511589	0.1	9.32285E-05	327.511589
9.3	3.67E-11	327.536151	0.1000001	9.23262E-05	327.536151
9.2	3.54E-11	327.560677	0.0999997	9.14261E-05	327.560677
9.1	3.41E-11	327.585216	0.0999999	9.05287E-05	327.585216
9	3.34E-11	327.609731	0.0999999	8.96302E-05	327.609731
8.9	3.32E-11	327.634259	0.0999999	8.8737E-05	327.634259
8.8	3.23E-11	327.658849	0.0999997	8.78398E-05	327.658849
8.7	3.18E-11	327.683396	0.1	8.69429E-05	327.683396
8.6	3.08E-11	327.707916	0.0999998	8.60468E-05	327.707916
8.5	3.67E-11	327.767742	0.0999999	8.51556E-05	327.767742
8.4	3.19E-11	327.792263	0.1000001	8.42596E-05	327.792263
8.3	2.97E-11	327.816804	0.0999996	8.3367E-05	327.816804
8.2	2.98E-11	327.841622	0.1	8.24758E-05	327.841622
8.1	2.92E-11	327.866173	0.1	8.15852E-05	327.866173
8	2.88E-11	327.890729	0.1	8.0696E-05	327.890729
7.9	2.78E-11	327.915275	0.1	7.98083E-05	327.915275
7.8	2.76E-11	327.939798	0.0999996	7.89208E-05	327.939798
7.7	2.72E-11	327.964297	0.1000002	7.80337E-05	327.964297
7.6	2.62E-11	327.988832	0.0999998	7.71478E-05	327.988832
7.5	2.63E-11	328.013374	0.1	7.62641E-05	328.013374
7.4	2.67E-11	328.037922	0.0999998	7.53809E-05	328.037922
7.3	2.53E-11	328.062423	0.0999999	7.44983E-05	328.062423
7.2	2.51E-11	328.087127	0.0999999	7.36163E-05	328.087127
7.1	2.56E-11	328.111698	0.1	7.27367E-05	328.111698
7	2.45E-11	328.13624	0.0999999	7.18571E-05	328.13624
6.9	2.39E-11	328.160824	0.0999999	7.09778E-05	328.160824
6.8	2.4E-11	328.185371	0.0999998	7.00996E-05	328.185371
6.7	2.34E-11	328.209894	0.0999998	6.92228E-05	328.209894
6.6	2.91E-11	328.2652	0.0999999	6.83518E-05	328.2652
6.5	2.41E-11	328.289721	0.0999999	6.7475E-05	328.289721
6.4	2.34E-11	328.314254	0.1	6.66E-05	328.314254
6.3	2.24E-11	328.338762	0.1	6.57261E-05	328.338762
6.2	2.21E-11	328.363336	0.1	6.4853E-05	328.363336
6.1	2.13E-11	328.387878	0.1000001	6.39815E-05	328.387878
6	2.07E-11	328.412413	0.0999998	6.31094E-05	328.412413
5.9	2.05E-11	328.43692	0.0999998	6.22394E-05	328.43692
5.8	2.01E-11	328.461419	0.1000002	6.13695E-05	328.461419
5.7	1.98E-11	328.485961	0.0999999	6.04995E-05	328.485961
5.6	1.94E-11	328.510561	0.0999999	5.96319E-05	328.510561
5.5	1.93E-11	328.535094	0.0999999	5.87651E-05	328.535094
5.4	1.87E-11	328.559636	0.1	5.78983E-05	328.559636
5.3	1.85E-11	328.584149	0.1000002	5.70336E-05	328.584149
5.2	1.84E-11	328.608673	0.0999998	5.61693E-05	328.608673
5.1	1.79E-11	328.633246	0.1000001	5.53057E-05	328.633246
5	1.7E-11	328.657854	0.1	5.44422E-05	328.657854
4.9	1.71E-11	328.682413	0.0999999	5.35806E-05	328.682413
4.8	1.61E-11	328.707017	0.0999999	5.27193E-05	328.707017
4.7	2.32E-11	328.769107	0.1	5.18652E-05	328.769107
4.6	1.75E-11	328.793675	0.0999999	5.10045E-05	328.793675
4.5	1.67E-11	328.81821	0.0999999	5.01455E-05	328.81821
4.4	1.63E-11	328.842714	0.1000001	4.92874E-05	328.842714
4.3	1.5E-11	328.867317	0.0999999	4.8431E-05	328.867317
4.2	1.4E-11	328.891842	0.0999997	4.75741E-05	328.891842
4.1	1.37E-11	328.916441	0.1	4.6718E-05	328.916441
4	1.29E-11	328.940952	0.0999997	4.58634E-05	328.940952
3.9	1.28E-11	328.965509	0.0999999	4.50099E-05	328.965509
3.8	1.19E-11	328.990035	0.1000001	4.41567E-05	328.990035
3.7	1.11E-11	329.014589	0.1	4.33041E-05	329.014589
3.6	1.05E-11	329.039148	0.0999999	4.24525E-05	329.039148
3.5	1E-11	329.063679	0.1	4.16026E-05	329.063679
3.4	9.5E-12	329.088213	0.1	4.07529E-05	329.088213
3.3	8.2E-12	329.112842	0.0999998	3.99041E-05	329.112842
3.2	8.1E-12	329.137388	0.0999999	3.90561E-05	329.137388
3.1	7.6E-12	329.16197	0.0999997	3.82089E-05	329.16197
3	6.8E-12	329.186592	0.0999999	3.73626E-05	329.186592
2.9	5.8E-12	329.211143	0.1	3.65171E-05	329.211143
2.8	1.2E-11	329.272419	0.1	3.5678E-05	329.272419
2.7	6.1E-12	329.296956	0.1000001	3.48332E-05	329.296956
2.6	4.8E-12	329.321484	0.0999999	3.399E-05	329.321484
2.5	4.1E-12	329.346003	0.1	3.31478E-05	329.346003
2.4	2.8E-12	329.370567	0.1	3.23076E-05	329.370567
2.3	2.1E-12	329.395115	0.1	3.14672E-05	329.395115
2.2	5E-13	329.419644	0.1	3.06291E-05	329.419644
2.099999	3.2E-12	329.446048	0.0999998	2.97947E-05	329.446048
2	-1.4E-12	329.470557	0.1	2.8958E-05	329.470557
1.9	-1.8E-12	329.49511	0.1	2.81224E-05	329.49511
1.8	-3E-12	329.519698	0.1000002	2.72885E-05	329.519698
1.7	-4.8E-12	329.544222	0.0999998	2.64564E-05	329.544222
1.6	-5.6E-12	329.568717	0.1000001	2.56257E-05	329.568717
1.5	-6.9E-12	329.593267	0.1000001	2.4796E-05	329.593267
1.4	-8.6E-12	329.617786	0.0999999	2.39684E-05	329.617786
1.3	-1.01E-11	329.642276	0.0999999	2.31428E-05	329.642276
1.2	-1.1E-11	329.666885	0.1000001	2.23201E-05	329.666885
1.1	-1.27E-11	329.691398	0.1	2.14986E-05	329.691398
1	-1.46E-11	329.715919	0.1	2.06813E-05	329.715919
0.9	-9.9E-12	329.769646	0.1	1.98718E-05	329.769646
0.8	-1.6E-11	329.794182	0.1000001	1.90604E-05	329.794182
0.7	-1.84E-11	329.818802	0.0999998	1.82536E-05	329.818802
0.6	-2.06E-11	329.843419	0.1000001	1.74524E-05	329.843419
0.5	-2.32E-11	329.867978	0.0999999	1.66567E-05	329.867978
0.4	-2.52E-11	329.892521	0.1000001	1.58665E-05	329.892521
0.3	-2.73E-11	329.917058	0.0999997	1.50828E-05	329.917058
0.1999999	-2.63E-11	329.943465	0.0999999	1.43055E-05	329.943465
0.0999998	-3.17E-11	329.967996	0.1000002	1.35334E-05	329.967996
-4E-07	-3.42E-11	329.992494	0.0999998	1.27666E-05	329.992494
