#scan	iMeasureCycle=1	iMux=0	time=0.031	N=401	LocalTime=20/04/2023 04:13:41
#VGate(V)	IGate(A)	time(s)	VDrain(V)	IDrain(A)	time(s)
-1E-07	-1.522E-10	0.03392	0.0999999	1.84627E-05	0.03392
-0.1000002	-2.111E-10	0.058806	0.0999998	1.76463E-05	0.058806
-0.2000004	-2.593E-10	0.083329	0.1000003	1.68348E-05	0.083329
-0.300001	-1.994E-10	0.108055	0.1000001	1.60282E-05	0.108055
-0.4	-1.116E-10	0.132583	0.0999999	1.52255E-05	0.132583
-0.5	-8.56E-11	0.157095	0.0999998	1.44275E-05	0.157095
-0.6	-7.25E-11	0.181638	0.1000001	1.36349E-05	0.181638
-0.7	-6.51E-11	0.206147	0.1000001	1.2847E-05	0.206147
-0.8	-5.98E-11	0.23076	0.0999997	1.20661E-05	0.23076
-0.9	-5.74E-11	0.255311	0.0999998	1.12921E-05	0.255311
-1	-5.54E-11	0.279927	0.1	1.05277E-05	0.279927
-1.100001	-5.39E-11	0.304446	0.0999999	9.7714E-06	0.304446
-1.2	-5.28E-11	0.329148	0.1	9.026E-06	0.329148
-1.3	-4.84E-11	0.356271	0.1000001	8.29796E-06	0.356271
-1.4	-5.13E-11	0.380792	0.0999998	7.57925E-06	0.380792
-1.5	-5.17E-11	0.405301	0.0999997	6.87724E-06	0.405301
-1.6	-5.15E-11	0.429869	0.0999998	6.19486E-06	0.429869
-1.7	-5.12E-11	0.454418	0.1000001	5.53412E-06	0.454418
-1.8	-5.17E-11	0.478927	0.0999997	4.89866E-06	0.478927
-1.9	-5.2E-11	0.503438	0.0999998	4.29157E-06	0.503438
-2	-5.2E-11	0.527945	0.1	3.71637E-06	0.527945
-2.1	-5.19E-11	0.5525	0.0999998	3.17612E-06	0.5525
-2.2	-4.4E-11	0.611472	0.0999999	2.67923E-06	0.611472
-2.3	-4.97E-11	0.636035	0.0999999	2.21551E-06	0.636035
-2.4	-5.07E-11	0.660578	0.0999998	1.79799E-06	0.660578
-2.5	-5.11E-11	0.68515	0.0999999	1.42638E-06	0.68515
-2.6	-5.29E-11	0.70972	0.1000001	1.10218E-06	0.70972
-2.7	-4.85E-11	0.737137	0.0999993	8.26303E-07	0.737137
-2.8	-5.28E-11	0.761654	0.0999997	5.9552E-07	0.761654
-2.9	-5.35E-11	0.786188	0.0999994	4.10143E-07	0.786188
-3	-5.44E-11	0.810706	0.0999998	2.67444E-07	0.810706
-3.1	-5.39E-11	0.835291	0.0999998	1.6318E-07	0.835291
-3.2	-5.48E-11	0.859804	0.1	9.2006E-08	0.859804
-3.3	-4.89E-11	0.897471	0.099997	4.80086E-08	0.897471
-3.4	-6.74E-11	0.920843	0.1000047	2.20863E-08	0.920843
-3.5	-6.8E-11	0.944134	0.1000019	9.1052E-09	0.944134
-3.6	-7.04E-11	0.967349	0.1000014	3.3816E-09	0.967349
-3.7	-6.88E-11	0.99065	0.1000004	1.1269E-09	0.99065
-3.8	-6.83E-11	1.013973	0.1000005	3.307E-10	1.013973
-3.9	-7.05E-11	1.03721	0.1000002	8.05E-11	1.03721
-4	-5E-11	1.083779	0.0999999	1.17E-11	1.083779
-4.1	-6.84E-11	1.107128	0.1000002	-2.5E-12	1.107128
-4.2	-6.92E-11	1.130415	0.1000003	-4.7E-12	1.130415
-4.3	-7.15E-11	1.153644	0.1000002	-4.4E-12	1.153644
-4.4	-7.04E-11	1.177193	0.1000001	-4.8E-12	1.177193
-4.5	-7.17E-11	1.20049	0.1000002	-4.8E-12	1.20049
-4.6	-7.28E-11	1.223701	0.1000004	-4.8E-12	1.223701
-4.7	-7.31E-11	1.246918	0.1000002	-4.8E-12	1.246918
-4.8	-7.21E-11	1.270303	0.1000003	-4.8E-12	1.270303
-4.9	-7.34E-11	1.293513	0.1000003	-5E-12	1.293513
-5	-7.37E-11	1.316728	0.1000003	-4.6E-12	1.316728
-5.1	-7.44E-11	1.33994	0.1000001	-4.8E-12	1.33994
-5.2	-7.27E-11	1.363235	0.1000003	-4.9E-12	1.363235
-5.3	-7.34E-11	1.38651	0.1000006	-4.8E-12	1.38651
-5.4	-7.51E-11	1.409716	0.1000001	-5E-12	1.409716
-5.5	-7.53E-11	1.432923	0.1000003	-4.8E-12	1.432923
-5.6	-7.39E-11	1.456209	0.1000004	-4.8E-12	1.456209
-5.7	-7.4E-11	1.479502	0.1000004	-4.8E-12	1.479502
-5.8	-7.58E-11	1.50272	0.1000003	-4.7E-12	1.50272
-5.9	-7.48E-11	1.526017	0.1000004	-4.6E-12	1.526017
-6	-7.51E-11	1.549306	0.1000002	-5E-12	1.549306
-6.1	-5.63E-11	1.595279	0.1000002	-6E-12	1.595279
-6.2	-7.37E-11	1.618592	0.1000001	-4.8E-12	1.618592
-6.3	-7.61E-11	1.641829	0.1000004	-4.4E-12	1.641829
-6.4	-7.63E-11	1.665051	0.1000003	-4.4E-12	1.665051
-6.5	-7.53E-11	1.688396	0.1000003	-4.9E-12	1.688396
-6.6	-7.39E-11	1.711745	0.1000004	-4.9E-12	1.711745
-6.7	-7.68E-11	1.734972	0.1000003	-4.5E-12	1.734972
-6.8	-7.75E-11	1.758191	0.1000003	-4.3E-12	1.758191
-6.9	-7.54E-11	1.781563	0.1000001	-4.6E-12	1.781563
-7	-7.77E-11	1.804767	0.1000002	-4.1E-12	1.804767
-7.1	-7.8E-11	1.827983	0.1000001	-4.2E-12	1.827983
-7.2	-7.88E-11	1.851191	0.1000003	-4E-12	1.851191
-7.3	-7.73E-11	1.874486	0.1000004	-4.3E-12	1.874486
-7.4	-7.65E-11	1.897779	0.1000003	-4.5E-12	1.897779
-7.5	-7.83E-11	1.921031	0.1000003	-4.3E-12	1.921031
-7.6	-7.73E-11	1.944337	0.1000002	-4.6E-12	1.944337
-7.7	-7.76E-11	1.967637	0.1000003	-4.4E-12	1.967637
-7.8	-7.86E-11	1.99085	0.1000003	-4.3E-12	1.99085
-7.9	-7.96E-11	2.014065	0.1	-4.5E-12	2.014065
-8	-7.97E-11	2.037273	0.1000004	-4.5E-12	2.037273
-8.1	-7.84E-11	2.060571	0.1000001	-4.1E-12	2.060571
-8.2	-6.02E-11	2.100829	0.1	-5.9E-12	2.100829
-8.3	-7.94E-11	2.124063	0.1000003	-4.5E-12	2.124063
-8.4	-7.98E-11	2.147286	0.1000003	-4.3E-12	2.147286
-8.5	-7.83E-11	2.170595	0.1000002	-4.4E-12	2.170595
-8.6	-7.86E-11	2.193948	0.1000004	-4.3E-12	2.193948
-8.7	-8E-11	2.217165	0.1000003	-4.1E-12	2.217165
-8.8	-8.09E-11	2.240371	0.1000003	-4.2E-12	2.240371
-8.9	-8.01E-11	2.263692	0.1000001	-4.9E-12	2.263692
-9	-7.92E-11	2.287002	0.1000002	-4.4E-12	2.287002
-9.1	-8E-11	2.31024	0.1000003	-4.2E-12	2.31024
-9.2	-8.04E-11	2.333537	0.1000002	-4.2E-12	2.333537
-9.3	-7.97E-11	2.35683	0.1000002	-4.2E-12	2.35683
-9.4	-8.12E-11	2.380059	0.1000003	-4.3E-12	2.380059
-9.5	-8.19E-11	2.403278	0.1000003	-3.8E-12	2.403278
-9.6	-8.28E-11	2.426493	0.1000002	-4.4E-12	2.426493
-9.7	-8.03E-11	2.449787	0.1000002	-4.5E-12	2.449787
-9.8	-8.05E-11	2.473082	0.1000004	-4.2E-12	2.473082
-9.9	-8.23E-11	2.496284	0.1000003	-4.1E-12	2.496284
-10	-8.21E-11	2.519506	0.1000002	-3.9E-12	2.519506
-9.90001	-4.2E-11	2.542831	0.0999999	-7.5E-12	2.542831
-9.80001	-5.47E-11	2.602891	0.1000001	-6E-12	2.602891
-9.70001	-3.54E-11	2.626198	0.1	-7.9E-12	2.626198
-9.60001	-3.16E-11	2.649402	0.1	-8E-12	2.649402
-9.50001	-3.03E-11	2.672632	0.0999998	-7.8E-12	2.672632
-9.40001	-3.06E-11	2.695978	0.0999999	-7.7E-12	2.695978
-9.30001	-2.82E-11	2.7192	0.0999998	-8E-12	2.7192
-9.20001	-2.72E-11	2.742423	0.0999997	-8.1E-12	2.742423
-9.10001	-2.69E-11	2.7657	0.0999998	-7.7E-12	2.7657
-9.00001	-2.58E-11	2.788924	0.0999997	-8.1E-12	2.788924
-8.90001	-2.63E-11	2.812213	0.0999997	-7.9E-12	2.812213
-8.80001	-2.6E-11	2.835506	0.0999998	-7.6E-12	2.835506
-8.70001	-2.39E-11	2.858806	0.0999998	-8.1E-12	2.858806
-8.60001	-2.25E-11	2.882011	0.0999997	-7.9E-12	2.882011
-8.50001	-2.41E-11	2.905299	0.0999997	-7.7E-12	2.905299
-8.40001	-2.19E-11	2.928502	0.0999999	-8.1E-12	2.928502
-8.30001	-2.2E-11	2.951811	0.0999998	-7.8E-12	2.951811
-8.20001	-2.25E-11	2.97512	0.0999999	-7.5E-12	2.97512
-8.10001	-2.18E-11	2.998403	0.0999999	-7.9E-12	2.998403
-8	-2.05E-11	3.021619	0.0999999	-7.8E-12	3.021619
-7.90001	-1.89E-11	3.044839	0.0999998	-7.9E-12	3.044839
-7.80001	-4.02E-11	3.10411	0.1000001	-6.4E-12	3.10411
-7.70001	-2.17E-11	3.127423	0.0999999	-7.8E-12	3.127423
-7.6	-2.1E-11	3.150719	0.0999998	-8E-12	3.150719
-7.50001	-2.01E-11	3.173976	0.0999998	-8.1E-12	3.173976
-7.40001	-1.8E-11	3.19724	0.1	-8E-12	3.19724
-7.30001	-1.92E-11	3.220526	0.0999997	-8.2E-12	3.220526
-7.2	-1.92E-11	3.243815	0.1000001	-7.8E-12	3.243815
-7.10001	-1.75E-11	3.267081	0.0999996	-7.9E-12	3.267081
-7.00001	-1.8E-11	3.290451	0.0999997	-8.1E-12	3.290451
-6.90001	-1.77E-11	3.313723	0.1	-8.3E-12	3.313723
-6.80001	-1.53E-11	3.336949	0.0999998	-7.8E-12	3.336949
-6.70001	-1.52E-11	3.360165	0.1	-8.4E-12	3.360165
-6.60001	-1.67E-11	3.383463	0.0999998	-8.5E-12	3.383463
-6.50001	-1.57E-11	3.40674	0.1	-8.2E-12	3.40674
-6.40001	-1.37E-11	3.429946	0.1	-8.4E-12	3.429946
-6.30001	-1.35E-11	3.453163	0.0999998	-8.4E-12	3.453163
-6.20001	-1.42E-11	3.476465	0.1	-8.7E-12	3.476465
-6.10001	-1.37E-11	3.49975	0.0999998	-8.6E-12	3.49975
-6.00001	-1.19E-11	3.522968	0.0999996	-8.7E-12	3.522968
-5.90001	-1.16E-11	3.54618	0.0999999	-8.8E-12	3.54618
-5.80001	-3.29E-11	3.605554	0.1000001	-6.9E-12	3.605554
-5.70001	-1.47E-11	3.628934	0.0999999	-8.6E-12	3.628934
-5.60001	-1.23E-11	3.652158	0.0999999	-9.1E-12	3.652158
-5.50001	-1.09E-11	3.675377	0.0999997	-8.7E-12	3.675377
-5.40001	-1.01E-11	3.698638	0.0999999	-8.8E-12	3.698638
-5.30001	-1.18E-11	3.721938	0.1	-9.1E-12	3.721938
-5.20001	-9.7E-12	3.745245	0.0999997	-9E-12	3.745245
-5.1	-9.4E-12	3.768565	0.0999998	-9.1E-12	3.768565
-5.00001	-1.02E-11	3.791864	0.0999998	-9.1E-12	3.791864
-4.90001	-1.01E-11	3.815153	0.1	-9.1E-12	3.815153
-4.80001	-7.9E-12	3.838353	0.0999998	-8.6E-12	3.838353
-4.7	-7E-12	3.861565	0.0999999	-9E-12	3.861565
-4.60001	-8.2E-12	3.884853	0.0999999	-9.1E-12	3.884853
-4.50001	-8.3E-12	3.908144	0.0999999	-9.3E-12	3.908144
-4.40001	-5.8E-12	3.931374	0.0999998	-9.2E-12	3.931374
-4.3	-5.3E-12	3.954667	0.0999997	-9.3E-12	3.954667
-4.20001	-6.5E-12	3.977956	0.0999997	-7.9E-12	3.977956
-4.10001	-4.8E-12	4.001204	0.0999998	-1.5E-12	4.001204
-4.00001	-3.5E-12	4.024418	0.1	3.32E-11	4.024418
-3.90001	-5.1E-12	4.047711	0.0999998	1.7E-10	4.047711
-3.80001	-2.45E-11	4.107119	0.1000002	5.851E-10	4.107119
-3.70001	-4.5E-12	4.130413	0.1000001	1.8868E-09	4.130413
-3.60001	-3.2E-12	4.153624	0.1000002	5.327E-09	4.153624
-3.50001	-2.7E-12	4.176847	0.1000011	1.33857E-08	4.176847
-3.40001	-1.5E-12	4.200102	0.1000011	3.02764E-08	4.200102
-3.30001	-2.9E-12	4.223399	0.1000009	6.17795E-08	4.223399
-3.20001	-2.12E-11	4.262762	0.1000001	1.12512E-07	4.262762
-3.10001	-1.55E-11	4.287399	0.1000004	1.94177E-07	4.287399
-3.00001	-1.49E-11	4.311903	0.1000005	3.09102E-07	4.311903
-2.90001	-1.43E-11	4.33652	0.1000003	4.62722E-07	4.33652
-2.80001	-1.33E-11	4.36102	0.1000006	6.5883E-07	4.36102
-2.70001	-1.25E-11	4.385524	0.1000007	9.00227E-07	4.385524
-2.60001	-1.69E-11	4.420098	0.1000001	1.18319E-06	4.420098
-2.50001	-1.18E-11	4.44462	0.1000002	1.5194E-06	4.44462
-2.40001	-1.06E-11	4.469122	0.1	1.89951E-06	4.469122
-2.30001	-1E-11	4.493638	0.1	2.3244E-06	4.493638
-2.20001	-9.5E-12	4.518156	0.1000001	2.79171E-06	4.518156
-2.1	-1.19E-11	4.544561	0.1	3.30046E-06	4.544561
-2.000001	-1.5E-11	4.593233	0.1000001	3.83704E-06	4.593233
-1.900001	-8.8E-12	4.617849	0.1000001	4.42042E-06	4.617849
-1.800001	-7.9E-12	4.642481	0.1	5.03239E-06	4.642481
-1.7	-6.2E-12	4.667022	0.1000002	5.67074E-06	4.667022
-1.600001	-8.4E-12	4.693286	0.1	6.33197E-06	4.693286
-1.5	-4.7E-12	4.717833	0.1	7.01521E-06	4.717833
-1.4	-3E-12	4.742344	0.1	7.71688E-06	4.742344
-1.3	-2.1E-12	4.766967	0.1000001	8.43476E-06	4.766967
-1.200001	-4E-13	4.791567	0.1000001	9.16698E-06	4.791567
-1.100001	4E-13	4.816107	0.1000001	9.91047E-06	4.816107
-1.000001	-3.3E-12	4.850746	0.0999999	1.06567E-05	4.850746
-0.900001	2.6E-12	4.87528	0.1000002	1.14216E-05	4.87528
-0.8	3.8E-12	4.899819	0.1	1.21938E-05	4.899819
-0.7	5.4E-12	4.924347	0.1	1.2972E-05	4.924347
-0.6	6.6E-12	4.948956	0.1	1.37565E-05	4.948956
-0.5	8.4E-12	4.973463	0.1	1.45478E-05	4.973463
-0.4	9.7E-12	4.997989	0.1000001	1.53429E-05	4.997989
-0.3	1.14E-11	5.02251	0.1000001	1.61418E-05	5.02251
-0.2	9.7E-12	5.048944	0.1000001	1.69445E-05	5.048944
-0.0999999	6.6E-12	5.113213	0.1	1.77442E-05	5.113213
3E-07	1.35E-11	5.137761	0.1000002	1.85588E-05	5.137761
0.1000004	1.62E-11	5.162266	0.1000001	1.93761E-05	5.162266
0.2000002	1.75E-11	5.186964	0.0999999	2.01981E-05	5.186964
0.299999	2.05E-11	5.211742	0.1000001	2.1025E-05	5.211742
0.4	2.33E-11	5.236278	0.1	2.18562E-05	5.236278
0.5	2.47E-11	5.260821	0.1	2.26908E-05	5.260821
0.599999	2.67E-11	5.28543	0.1000001	2.35294E-05	5.28543
0.7	2.9E-11	5.309939	0.0999999	2.43706E-05	5.309939
0.799999	3.09E-11	5.334482	0.0999999	2.5214E-05	5.334482
0.9	3.29E-11	5.358979	0.1000001	2.60588E-05	5.358979
0.999999	3.45E-11	5.383473	0.1	2.69053E-05	5.383473
1.1	3.6E-11	5.407989	0.1000001	2.77539E-05	5.407989
1.2	3.79E-11	5.43249	0.1	2.86029E-05	5.43249
1.3	3.91E-11	5.456998	0.1	2.94529E-05	5.456998
1.4	4.07E-11	5.481496	0.1000001	3.03042E-05	5.481496
1.5	4.2E-11	5.506007	0.1000001	3.1156E-05	5.506007
1.599999	4.26E-11	5.530526	0.1000002	3.20086E-05	5.530526
1.699999	4.41E-11	5.555031	0.1000002	3.28621E-05	5.555031
1.799999	3.68E-11	5.616767	0.1	3.37027E-05	5.616767
1.9	4.25E-11	5.641329	0.1000002	3.45617E-05	5.641329
2	4.37E-11	5.665881	0.1000002	3.54189E-05	5.665881
2.1	4.49E-11	5.690706	0.1	3.62753E-05	5.690706
2.19999	4.59E-11	5.715485	0.0999999	3.71291E-05	5.715485
2.29999	4.64E-11	5.740009	0.1000001	3.79866E-05	5.740009
2.39999	4.74E-11	5.764514	0.0999999	3.88446E-05	5.764514
2.49999	4.77E-11	5.789135	0.1	3.97028E-05	5.789135
2.59999	4.83E-11	5.813648	0.0999999	4.05619E-05	5.813648
2.69999	4.93E-11	5.838164	0.1000001	4.14207E-05	5.838164
2.79999	4.96E-11	5.862668	0.1000001	4.22811E-05	5.862668
2.89999	5.01E-11	5.887216	0.1000001	4.31412E-05	5.887216
2.99999	5.04E-11	5.911755	0.1	4.40028E-05	5.911755
3.09999	5.08E-11	5.936329	0.1	4.48634E-05	5.936329
3.19999	5.14E-11	5.960956	0.1000001	4.5726E-05	5.960956
3.29999	5.17E-11	5.985507	0.1000003	4.65883E-05	5.985507
3.39999	5.17E-11	6.010074	0.1000001	4.7452E-05	6.010074
3.49999	5.21E-11	6.034575	0.1	4.83156E-05	6.034575
3.59999	5.23E-11	6.059101	0.0999999	4.91807E-05	6.059101
3.69999	4.59E-11	6.115799	0.1000003	5.00353E-05	6.115799
3.79999	5.11E-11	6.140329	0.1	5.0905E-05	6.140329
3.89999	5.21E-11	6.164829	0.1000001	5.17738E-05	6.164829
3.99999	5.19E-11	6.189387	0.1	5.26414E-05	6.189387
4.09999	5.29E-11	6.213938	0.1000002	5.35109E-05	6.213938
4.19999	5.32E-11	6.238454	0.1000001	5.43803E-05	6.238454
4.29999	5.34E-11	6.262967	0.1	5.5249E-05	6.262967
4.39999	5.38E-11	6.28764	0.1000001	5.61203E-05	6.28764
4.49999	5.41E-11	6.312192	0.1	5.69923E-05	6.312192
4.59999	5.45E-11	6.336769	0.1000003	5.78633E-05	6.336769
4.69999	5.47E-11	6.361284	0.1000003	5.8736E-05	6.361284
4.79999	5.5E-11	6.385803	0.1000001	5.96097E-05	6.385803
4.89999	5.52E-11	6.410315	0.1000001	6.04845E-05	6.410315
4.99999	5.55E-11	6.434832	0.1	6.13593E-05	6.434832
5.09999	5.55E-11	6.459376	0.1000002	6.22345E-05	6.459376
5.19999	5.56E-11	6.483889	0.1	6.3111E-05	6.483889
5.29999	5.54E-11	6.508439	0.1000002	6.39897E-05	6.508439
5.39999	5.63E-11	6.532951	0.1000001	6.48661E-05	6.532951
5.49999	5.62E-11	6.557478	0.1	6.57442E-05	6.557478
5.59999	4.91E-11	6.617412	0.1	6.66141E-05	6.617412
5.69999	5.49E-11	6.642021	0.1000001	6.74986E-05	6.642021
5.79999	5.55E-11	6.66656	0.1000001	6.83826E-05	6.66656
5.89999	5.54E-11	6.691266	0.1	6.92648E-05	6.691266
5.99999	5.64E-11	6.715977	0.1	7.01484E-05	6.715977
6.09999	5.66E-11	6.740526	0.1000001	7.10331E-05	6.740526
6.19999	5.68E-11	6.765104	0.1000001	7.19179E-05	6.765104
6.29999	5.69E-11	6.789701	0.1000002	7.28039E-05	6.789701
6.39999	5.73E-11	6.814192	0.1	7.369E-05	6.814192
6.49999	5.73E-11	6.838725	0.1000002	7.45779E-05	6.838725
6.59999	5.75E-11	6.863244	0.1000001	7.5466E-05	6.863244
6.69999	5.75E-11	6.887744	0.1000003	7.63548E-05	6.887744
6.79999	5.72E-11	6.91229	0.1	7.72442E-05	6.91229
6.89999	5.74E-11	6.936846	0.1000002	7.81355E-05	6.936846
6.99999	5.82E-11	6.961449	0.1000001	7.90282E-05	6.961449
7.09999	5.82E-11	6.985992	0.1	7.99208E-05	6.985992
7.19999	5.88E-11	7.010542	0.1000003	8.08142E-05	7.010542
7.29999	5.82E-11	7.035092	0.1	8.17089E-05	7.035092
7.39999	5.88E-11	7.059596	0.1	8.26032E-05	7.059596
7.49999	5.27E-11	7.114573	0.1000001	8.3492E-05	7.114573
7.59999	5.8E-11	7.139139	0.1	8.4391E-05	7.139139
7.69999	5.84E-11	7.16364	0.1000001	8.52909E-05	7.16364
7.79999	5.85E-11	7.188163	0.1000001	8.619E-05	7.188163
7.89999	5.92E-11	7.212724	0.0999997	8.70905E-05	7.212724
7.99999	5.89E-11	7.237242	0.0999999	8.79915E-05	7.237242
8.09999	5.9E-11	7.261743	0.1	8.88946E-05	7.261743
8.19999	5.89E-11	7.286353	0.1000003	8.9796E-05	7.286353
8.29999	5.89E-11	7.310992	0.1000002	9.06992E-05	7.310992
8.39999	5.89E-11	7.335542	0.1000001	9.16033E-05	7.335542
8.49999	5.95E-11	7.360058	0.1000001	9.25087E-05	7.360058
8.59999	5.9E-11	7.38462	0.1000001	9.34141E-05	7.38462
8.69999	5.9E-11	7.409261	0.1000001	9.43204E-05	7.409261
8.79999	6E-11	7.433784	0.1	9.52282E-05	7.433784
8.89999	5.96E-11	7.458321	0.1	9.61391E-05	7.458321
8.99999	6.07E-11	7.482826	0.1000002	9.70476E-05	7.482826
9.09999	6.05E-11	7.507359	0.1000001	9.79585E-05	7.507359
9.19999	6.07E-11	7.531871	0.0999999	9.88701E-05	7.531871
9.29999	6.07E-11	7.556405	0.1	9.97802E-05	7.556405
9.39999	5.39E-11	7.614404	0.1000002	0.0001006888	7.614404
9.49999	5.89E-11	7.639028	0.1000002	0.0001016095	7.639028
9.59999	5.97E-11	7.663584	0.1000003	0.0001025272	7.663584
9.69999	6.04E-11	7.688104	0.1000003	0.0001034459	7.688104
9.79999	6.07E-11	7.712812	0.1000001	0.0001043643	7.712812
9.89999	5.71E-11	7.742446	0.1	0.000105246	7.742446
9.99999	6.1E-11	7.767005	0.0999999	0.000106167	7.767005
9.9	4.77E-11	7.791585	0.1	0.000105232	7.791585
9.8	4.46E-11	7.816103	0.1	0.000104302	7.816103
9.7	4.27E-11	7.840634	0.1	0.000103376	7.840634
9.6	4.1E-11	7.865181	0.1000001	0.000102453	7.865181
9.5	3.95E-11	7.889701	0.0999998	0.000101527	7.889701
9.4	3.82E-11	7.914297	0.0999999	0.000100607	7.914297
9.3	3.73E-11	7.938868	0.1000002	9.9687E-05	7.938868
9.2	3.65E-11	7.963471	0.0999999	9.8767E-05	7.963471
9.1	3.57E-11	7.988034	0.1000001	9.785E-05	7.988034
9	3.5E-11	8.012563	0.1	9.6932E-05	8.012563
8.9	3.4E-11	8.037098	0.0999999	9.602E-05	8.037098
8.8	3.29E-11	8.061614	0.0999999	9.5104E-05	8.061614
8.7	3.87E-11	8.124486	0.1	9.4189E-05	8.124486
8.6	3.36E-11	8.149058	0.1	9.3273E-05	8.149058
8.5	3.24E-11	8.173572	0.1	9.236E-05	8.173572
8.4	3.22E-11	8.198371	0.0999999	9.1446E-05	8.198371
8.3	3.15E-11	8.222932	0.1	9.0534E-05	8.222932
8.2	3.03E-11	8.247467	0.1000002	8.9624E-05	8.247467
8.1	3.37E-11	8.275329	0.0999998	8.87521E-05	8.275329
8	3E-11	8.299912	0.0999998	8.78433E-05	8.299912
7.9	2.98E-11	8.32445	0.1	8.69359E-05	8.32445
7.8	2.88E-11	8.349002	0.1000004	8.60283E-05	8.349002
7.7	2.79E-11	8.373523	0.1	8.51222E-05	8.373523
7.6	2.75E-11	8.398034	0.0999999	8.42167E-05	8.398034
7.5	2.69E-11	8.422545	0.0999999	8.33132E-05	8.422545
7.4	2.65E-11	8.44709	0.0999999	8.24106E-05	8.44709
7.3	2.66E-11	8.471618	0.0999996	8.15078E-05	8.471618
7.2	2.58E-11	8.49613	0.0999999	8.06057E-05	8.49613
7.1	2.63E-11	8.520731	0.0999998	7.97062E-05	8.520731
7	2.53E-11	8.545262	0.1000001	7.8806E-05	8.545262
6.9	2.46E-11	8.569802	0.0999999	7.79055E-05	8.569802
6.8	3.04E-11	8.621704	0.0999997	7.7013E-05	8.621704
6.7	2.54E-11	8.646299	0.0999999	7.61139E-05	8.646299
6.6	2.46E-11	8.670836	0.0999999	7.52179E-05	8.670836
6.5	2.4E-11	8.695357	0.0999999	7.4322E-05	8.695357
6.4	2.41E-11	8.719986	0.0999998	7.34262E-05	8.719986
6.3	2.34E-11	8.744553	0.0999998	7.25309E-05	8.744553
6.2	2.29E-11	8.769077	0.1	7.16376E-05	8.769077
6.1	2.24E-11	8.793703	0.1000002	7.07448E-05	8.793703
6	2.22E-11	8.81821	0.0999999	6.98529E-05	8.81821
5.9	2.18E-11	8.842749	0.0999998	6.89602E-05	8.842749
5.8	2.09E-11	8.86729	0.0999998	6.80706E-05	8.86729
5.7	2.1E-11	8.891842	0.1000001	6.7181E-05	8.891842
5.6	2.02E-11	8.916345	0.1	6.62919E-05	8.916345
5.5	2E-11	8.940923	0.0999997	6.54035E-05	8.940923
5.4	1.95E-11	8.965528	0.1	6.4516E-05	8.965528
5.3	1.93E-11	8.990035	0.1	6.36302E-05	8.990035
5.2	1.92E-11	9.01459	0.1	6.27436E-05	9.01459
5.1	1.85E-11	9.039118	0.1	6.18582E-05	9.039118
5	1.78E-11	9.06365	0.0999999	6.09743E-05	9.06365
4.9	2.39E-11	9.12057	0.0999998	6.00963E-05	9.12057
4.8	1.88E-11	9.145103	0.1000001	5.92124E-05	9.145103
4.7	1.78E-11	9.169646	0.1	5.83313E-05	9.169646
4.6	1.69E-11	9.194182	0.0999999	5.74497E-05	9.194182
4.5	1.63E-11	9.218736	0.0999998	5.65685E-05	9.218736
4.4	1.56E-11	9.24335	0.1000001	5.56892E-05	9.24335
4.3	1.48E-11	9.26786	0.0999999	5.48109E-05	9.26786
4.2	1.4E-11	9.292473	0.0999999	5.39328E-05	9.292473
4.1	1.36E-11	9.317084	0.1	5.30552E-05	9.317084
4	1.32E-11	9.34157	0.0999999	5.21791E-05	9.34157
3.9	1.26E-11	9.366114	0.1000001	5.13026E-05	9.366114
3.8	1.17E-11	9.390607	0.0999997	5.04273E-05	9.390607
3.7	1.16E-11	9.415119	0.0999999	4.95533E-05	9.415119
3.6	1.07E-11	9.43963	0.0999998	4.86805E-05	9.43963
3.5	1.02E-11	9.464158	0.1000002	4.78084E-05	9.464158
3.4	9.7E-12	9.488683	0.0999999	4.69354E-05	9.488683
3.3	9.4E-12	9.513204	0.0999999	4.60643E-05	9.513204
3.2	8.8E-12	9.537716	0.0999998	4.51936E-05	9.537716
3.1	8.2E-12	9.562277	0.0999998	4.43247E-05	9.562277
3	1.51E-11	9.624496	0.1	4.34613E-05	9.624496
2.9	9.2E-12	9.649111	0.1	4.25918E-05	9.649111
2.8	7.8E-12	9.673647	0.0999999	4.17243E-05	9.673647
2.7	7.1E-12	9.698182	0.1	4.08576E-05	9.698182
2.6	5.5E-12	9.72275	0.0999999	3.99912E-05	9.72275
2.5	4.5E-12	9.74727	0.1	3.91257E-05	9.74727
2.4	3.6E-12	9.771773	0.0999999	3.82618E-05	9.771773
2.3	2.8E-12	9.796398	0.0999999	3.73992E-05	9.796398
2.2	1.9E-12	9.820936	0.1000001	3.65363E-05	9.820936
2.099999	4.4E-12	9.847345	0.0999999	3.56789E-05	9.847345
2	-4E-13	9.871849	0.1	3.48182E-05	9.871849
1.9	-1.3E-12	9.896384	0.1	3.39589E-05	9.896384
1.8	-2.4E-12	9.920902	0.1	3.31012E-05	9.920902
1.7	-3.7E-12	9.945424	0.0999999	3.22447E-05	9.945424
1.6	-4.2E-12	9.970046	0.1	3.13894E-05	9.970046
1.5	-5.6E-12	9.994601	0.1000001	3.05346E-05	9.994601
1.4	-7.1E-12	10.019109	0.0999999	2.96816E-05	10.019109
1.3	-8.1E-12	10.043647	0.0999998	2.88304E-05	10.043647
1.2	-9.8E-12	10.068157	0.0999998	2.79813E-05	10.068157
1.100001	-4.5E-12	10.123663	0.1	2.71381E-05	10.123663
1	-1.1E-11	10.14819	0.0999998	2.62907E-05	10.14819
0.9	-1.31E-11	10.172707	0.0999999	2.54483E-05	10.172707
0.8	-1.54E-11	10.197249	0.1	2.46075E-05	10.197249
0.7	-1.76E-11	10.221829	0.1000001	2.37702E-05	10.221829
0.6	-1.92E-11	10.246371	0.0999999	2.29367E-05	10.246371
0.5	-2.15E-11	10.270887	0.1000001	2.21074E-05	10.270887
0.4	-2.4E-11	10.295515	0.0999999	2.12826E-05	10.295515
0.3	-2.59E-11	10.320132	0.0999999	2.04626E-05	10.320132
0.1999999	-2.48E-11	10.346635	0.1000002	1.96484E-05	10.346635
0.0999997	-3.02E-11	10.371167	0.0999998	1.88387E-05	10.371167
-4E-07	-3.29E-11	10.395659	0.1	1.80345E-05	10.395659
#scan	iMeasureCycle=2	iMux=0	time=279.865	N=401	LocalTime=20/04/2023 04:18:21
#VGate(V)	IGate(A)	time(s)	VDrain(V)	IDrain(A)	time(s)
-3E-07	-1.2E-11	279.872519	0.1000002	1.82441E-05	279.872519
-0.1000004	-1.97E-11	279.897375	0.0999999	1.74326E-05	279.897375
-0.2000001	-2.1E-11	279.923039	0.0999999	1.66261E-05	279.923039
-0.3	-2.65E-11	279.947777	0.1	1.58234E-05	279.947777
-0.4	-2.92E-11	279.972301	0.1	1.50258E-05	279.972301
-0.5	-3.2E-11	279.996811	0.1	1.42328E-05	279.996811
-0.6	-3.42E-11	280.021329	0.1	1.34453E-05	280.021329
-0.7	-3.6E-11	280.045848	0.0999998	1.26639E-05	280.045848
-0.8	-3.76E-11	280.070397	0.0999999	1.18888E-05	280.070397
-0.9	-3.89E-11	280.094916	0.1	1.11212E-05	280.094916
-1	-4.03E-11	280.11962	0.0999998	1.03632E-05	280.11962
-1.1	-4.17E-11	280.144167	0.1	9.614E-06	280.144167
-1.2	-3.92E-11	280.171313	0.0999998	8.88053E-06	280.171313
-1.3	-4.33E-11	280.195839	0.0999999	8.155E-06	280.195839
-1.4	-4.43E-11	280.220356	0.0999999	7.4443E-06	280.220356
-1.5	-4.53E-11	280.244876	0.1000001	6.75046E-06	280.244876
-1.6	-4.65E-11	280.269474	0.0999999	6.07586E-06	280.269474
-1.7	-4.72E-11	280.29399	0.0999999	5.42411E-06	280.29399
-1.8	-4.76E-11	280.318515	0.1	4.79669E-06	280.318515
-1.9	-4.81E-11	280.343073	0.1	4.19869E-06	280.343073
-2	-4.89E-11	280.367581	0.1	3.63197E-06	280.367581
-2.1	-4.93E-11	280.392094	0.0999997	3.10045E-06	280.392094
-2.2	-4.35E-11	280.438612	0.0999999	2.6095E-06	280.438612
-2.3	-4.87E-11	280.463183	0.0999999	2.15474E-06	280.463183
-2.4	-4.99E-11	280.487733	0.1	1.74496E-06	280.487733
-2.5	-5E-11	280.512257	0.0999999	1.38098E-06	280.512257
-2.6	-5.07E-11	280.536827	0.1	1.06365E-06	280.536827
-2.7	-4.77E-11	280.56415	0.0999996	7.94472E-07	280.56415
-2.8	-5.14E-11	280.588685	0.0999995	5.69565E-07	280.588685
-2.9	-5.16E-11	280.613323	0.0999994	3.90166E-07	280.613323
-3	-5.22E-11	280.63784	0.0999996	2.52429E-07	280.63784
-3.1	-5.29E-11	280.662396	0.0999999	1.52621E-07	280.662396
-3.2	-4.81E-11	280.700064	0.0999948	8.62084E-08	280.700064
-3.3	-6.8E-11	280.723267	0.1000102	4.35861E-08	280.723267
-3.4	-6.88E-11	280.746481	0.1000042	1.98821E-08	280.746481
-3.5	-6.77E-11	280.769857	0.1000016	8.1281E-09	280.769857
-3.6	-6.83E-11	280.793152	0.1000007	2.9709E-09	280.793152
-3.7	-6.85E-11	280.816436	0.1000004	9.73E-10	280.816436
-3.8	-7.06E-11	280.839652	0.1000003	2.828E-10	280.839652
-3.9	-6.91E-11	280.862945	0.1000001	6.56E-11	280.862945
-4	-7.11E-11	280.88615	0.1000002	8.4E-12	280.88615
-4.1	-5.01E-11	280.938787	0.0999999	-4.7E-12	280.938787
-4.2	-6.84E-11	280.962149	0.1000001	-5.2E-12	280.962149
-4.3	-7.12E-11	280.98538	0.1000002	-4.8E-12	280.98538
-4.4	-7.18E-11	281.008592	0.1000002	-4.5E-12	281.008592
-4.5	-7.22E-11	281.03186	0.1000002	-4.6E-12	281.03186
-4.6	-7.08E-11	281.055155	0.1000003	-4.8E-12	281.055155
-4.7	-7.1E-11	281.078456	0.0999999	-5.2E-12	281.078456
-4.8	-7.12E-11	281.101736	0.1000003	-5.3E-12	281.101736
-4.9	-7.12E-11	281.125017	0.1000002	-5.3E-12	281.125017
-5	-7.19E-11	281.148307	0.1000002	-5.2E-12	281.148307
-5.1	-7.38E-11	281.171551	0.1000001	-5E-12	281.171551
-5.2	-7.3E-11	281.194841	0.1000002	-4.9E-12	281.194841
-5.3	-7.3E-11	281.218115	0.1000003	-5E-12	281.218115
-5.4	-7.3E-11	281.241504	0.1000002	-4.7E-12	281.241504
-5.5	-7.49E-11	281.264812	0.1000001	-4.9E-12	281.264812
-5.6	-7.36E-11	281.288162	0.1000001	-4.9E-12	281.288162
-5.7	-7.28E-11	281.311486	0.1000002	-5.3E-12	281.311486
-5.8	-7.58E-11	281.334706	0.1000002	-4.8E-12	281.334706
-5.9	-7.62E-11	281.357924	0.1000001	-4.6E-12	281.357924
-6	-7.48E-11	281.381215	0.1	-4.9E-12	281.381215
-6.1	-5.53E-11	281.43747	0.0999998	-6.4E-12	281.43747
-6.2	-7.39E-11	281.460748	0.1	-4.7E-12	281.460748
-6.3	-7.56E-11	281.483969	0.1000001	-4.5E-12	281.483969
-6.4	-7.59E-11	281.507186	0.1000001	-4.5E-12	281.507186
-6.5	-7.46E-11	281.530536	0.1000001	-4.8E-12	281.530536
-6.6	-7.69E-11	281.553764	0.1000002	-4.9E-12	281.553764
-6.7	-7.74E-11	281.576981	0.1000002	-4.8E-12	281.576981
-6.8	-7.64E-11	281.60022	0.1000004	-5.1E-12	281.60022
-6.9	-7.59E-11	281.623598	0.1	-4.7E-12	281.623598
-7	-7.73E-11	281.646842	0.1000002	-4.5E-12	281.646842
-7.1	-7.75E-11	281.670088	0.1000002	-4.7E-12	281.670088
-7.2	-7.6E-11	281.69339	0.1000002	-4.6E-12	281.69339
-7.3	-7.66E-11	281.716676	0.1000001	-4.8E-12	281.716676
-7.4	-7.8E-11	281.739912	0.1000003	-4.4E-12	281.739912
-7.5	-7.85E-11	281.763225	0.1000002	-4.5E-12	281.763225
-7.6	-7.75E-11	281.786516	0.1000001	-4.6E-12	281.786516
-7.7	-7.74E-11	281.809806	0.1000002	-4.9E-12	281.809806
-7.8	-7.92E-11	281.833021	0.1000002	-5E-12	281.833021
-7.9	-7.97E-11	281.856244	0.1000002	-4.7E-12	281.856244
-8	-7.82E-11	281.879527	0.1000002	-4.6E-12	281.879527
-8.1	-5.84E-11	281.938853	0.1	-6.1E-12	281.938853
-8.2	-7.75E-11	281.962141	0.1000001	-4.6E-12	281.962141
-8.3	-7.91E-11	281.985367	0.1000002	-4.3E-12	281.985367
-8.4	-7.68E-11	282.008656	0.1000003	-4.5E-12	282.008656
-8.5	-7.75E-11	282.032008	0.1000003	-4.5E-12	282.032008
-8.6	-7.98E-11	282.055293	0.1	-4.8E-12	282.055293
-8.7	-8E-11	282.078516	0.1000001	-4.5E-12	282.078516
-8.8	-7.83E-11	282.101811	0.1000002	-4.5E-12	282.101811
-8.9	-7.85E-11	282.125087	0.1000003	-4.3E-12	282.125087
-9	-8.03E-11	282.148302	0.1000002	-4.1E-12	282.148302
-9.1	-8.05E-11	282.171608	0.1000002	-4.5E-12	282.171608
-9.2	-7.87E-11	282.194901	0.1000001	-4.5E-12	282.194901
-9.3	-7.86E-11	282.218195	0.1000002	-4.6E-12	282.218195
-9.4	-8.12E-11	282.241411	0.1	-4.9E-12	282.241411
-9.5	-8.11E-11	282.264709	0.1000001	-4.2E-12	282.264709
-9.6	-7.99E-11	282.288056	0.1000002	-4.2E-12	282.288056
-9.7	-8.18E-11	282.31126	0.1000001	-4E-12	282.31126
-9.8	-8.21E-11	282.334472	0.1000002	-4E-12	282.334472
-9.9	-8.03E-11	282.357842	0.1	-4.4E-12	282.357842
-10	-8.05E-11	282.381121	0.1	-3.9E-12	282.381121
-9.90001	-5.6E-11	282.440323	0.1	-5.9E-12	282.440323
-9.80001	-3.5E-11	282.463581	0.0999995	-7.5E-12	282.463581
-9.70001	-3.23E-11	282.486799	0.0999997	-7.6E-12	282.486799
-9.60001	-3.26E-11	282.510097	0.0999997	-7.6E-12	282.510097
-9.50001	-3.14E-11	282.533435	0.0999996	-7.6E-12	282.533435
-9.40001	-2.88E-11	282.556653	0.0999996	-8E-12	282.556653
-9.30001	-2.82E-11	282.579882	0.0999997	-7.6E-12	282.579882
-9.20001	-2.82E-11	282.603173	0.0999996	-7.7E-12	282.603173
-9.10001	-2.78E-11	282.626558	0.0999998	-7.6E-12	282.626558
-9.00001	-2.51E-11	282.649801	0.0999996	-7.5E-12	282.649801
-8.90001	-2.68E-11	282.673125	0.0999998	-7.7E-12	282.673125
-8.80001	-2.53E-11	282.696418	0.0999997	-7.9E-12	282.696418
-8.70001	-2.34E-11	282.719636	0.0999996	-7.7E-12	282.719636
-8.60001	-2.31E-11	282.742845	0.0999997	-7.9E-12	282.742845
-8.50001	-2.22E-11	282.766132	0.0999997	-8.1E-12	282.766132
-8.40001	-2.34E-11	282.789432	0.0999997	-8.1E-12	282.789432
-8.30001	-2.11E-11	282.812629	0.0999996	-8.3E-12	282.812629
-8.20001	-2.09E-11	282.835839	0.0999998	-8.2E-12	282.835839
-8.10001	-2.04E-11	282.859062	0.0999999	-8.6E-12	282.859062
-8.00001	-2.09E-11	282.882345	0.0999998	-8.7E-12	282.882345
-7.90001	-4.04E-11	282.941829	0.1	-6.8E-12	282.941829
-7.80001	-2.04E-11	282.965126	0.0999999	-8.3E-12	282.965126
-7.70001	-1.95E-11	282.988343	0.0999996	-8.8E-12	282.988343
-7.6	-2.04E-11	283.01163	0.0999998	-8.6E-12	283.01163
-7.50001	-1.8E-11	283.0349	0.0999998	-8.7E-12	283.0349
-7.40001	-1.74E-11	283.058126	0.0999998	-8.4E-12	283.058126
-7.30001	-1.7E-11	283.081338	0.0999997	-8.2E-12	283.081338
-7.2	-1.83E-11	283.104629	0.0999997	-8.2E-12	283.104629
-7.10001	-1.84E-11	283.127921	0.0999999	-8.5E-12	283.127921
-7.00001	-1.57E-11	283.151127	0.0999997	-8.6E-12	283.151127
-6.90001	-1.54E-11	283.174366	0.0999998	-8.9E-12	283.174366
-6.80001	-1.69E-11	283.197655	0.0999998	-8.7E-12	283.197655
-6.70001	-1.66E-11	283.220938	0.0999996	-8.3E-12	283.220938
-6.60001	-1.49E-11	283.244249	0.0999998	-8.6E-12	283.244249
-6.50001	-1.38E-11	283.267641	0.0999997	-8.7E-12	283.267641
-6.40001	-1.51E-11	283.290986	0.0999998	-8.5E-12	283.290986
-6.30001	-1.29E-11	283.314188	0.0999995	-9.1E-12	283.314188
-6.20001	-1.46E-11	283.337478	0.0999999	-8.7E-12	283.337478
-6.10001	-1.27E-11	283.360702	0.0999996	-9.1E-12	283.360702
-6.00001	-1.38E-11	283.384001	0.0999998	-8.6E-12	283.384001
-5.90001	-3.26E-11	283.438937	0.0999999	-6.9E-12	283.438937
-5.80001	-1.29E-11	283.462172	0.0999996	-8.9E-12	283.462172
-5.70001	-1.24E-11	283.48542	0.0999997	-8.8E-12	283.48542
-5.60001	-1.13E-11	283.508636	0.0999997	-9.4E-12	283.508636
-5.50001	-1.28E-11	283.531982	0.0999999	-9E-12	283.531982
-5.40001	-1.13E-11	283.555233	0.0999997	-9.2E-12	283.555233
-5.30001	-9.6E-12	283.578453	0.0999997	-9.4E-12	283.578453
-5.20001	-9.2E-12	283.601666	0.0999997	-9.1E-12	283.601666
-5.1	-1.07E-11	283.625037	0.0999996	-8.9E-12	283.625037
-5.00001	-8.4E-12	283.648241	0.0999998	-9E-12	283.648241
-4.90001	-8.2E-12	283.671586	0.0999997	-9.4E-12	283.671586
-4.80001	-9.1E-12	283.694885	0.0999996	-9.3E-12	283.694885
-4.7	-8.5E-12	283.718172	0.0999997	-9.1E-12	283.718172
-4.60001	-6.5E-12	283.741379	0.0999996	-9.3E-12	283.741379
-4.50001	-6.1E-12	283.764681	0.0999998	-9.1E-12	283.764681
-4.40001	-6E-12	283.787916	0.0999997	-9.6E-12	283.787916
-4.3	-6.7E-12	283.811225	0.0999997	-9.1E-12	283.811225
-4.20001	-4.9E-12	283.834425	0.0999998	-8.5E-12	283.834425
-4.10001	-5.2E-12	283.857665	0.0999996	-3.5E-12	283.857665
-4.00001	-5.4E-12	283.880963	0.0999996	2.4E-11	283.880963
-3.90001	-5.4E-12	283.904268	0.0999998	1.376E-10	283.904268
-3.80001	-2.27E-11	283.940551	0.1	5.077E-10	283.940551
-3.70001	-4.9E-12	283.963921	0.0999998	1.6308E-09	283.963921
-3.60001	-4E-12	283.987231	0.1000004	4.6598E-09	283.987231
-3.50001	-3.5E-12	284.010519	0.1000015	1.19144E-08	284.010519
-3.40001	-1.8E-12	284.033814	0.1000013	2.74001E-08	284.033814
-3.30001	-4E-13	284.057025	0.0999996	5.67043E-08	284.057025
-3.20001	-2.14E-11	284.105131	0.1000001	1.03959E-07	284.105131
-3.10001	-1.62E-11	284.129652	0.1000004	1.81672E-07	284.129652
-3.00001	-1.52E-11	284.15416	0.1000005	2.92205E-07	284.15416
-2.90001	-1.5E-11	284.178798	0.1000006	4.40917E-07	284.178798
-2.80001	-1.33E-11	284.20333	0.1000004	6.31662E-07	284.20333
-2.70001	-1.29E-11	284.227843	0.1000008	8.66788E-07	284.227843
-2.60001	-1.74E-11	284.262545	0.0999999	1.14269E-06	284.262545
-2.50001	-1.23E-11	284.287143	0.1000002	1.47192E-06	284.287143
-2.40001	-1.12E-11	284.311661	0.1	1.84507E-06	284.311661
-2.30001	-1.03E-11	284.336169	0.1000001	2.26251E-06	284.336169
-2.20001	-1.03E-11	284.360722	0.1	2.72218E-06	284.360722
-2.099999	-1.22E-11	284.38715	0.0999999	3.22278E-06	284.38715
-2.000001	-1.5E-11	284.450384	0.1	3.74946E-06	284.450384
-1.900001	-8.9E-12	284.474913	0.1	4.32415E-06	284.474913
-1.8	-7.8E-12	284.49943	0.0999999	4.92728E-06	284.49943
-1.7	-6.5E-12	284.523987	0.1	5.55785E-06	284.523987
-1.6	-5.4E-12	284.548559	0.1000001	6.21156E-06	284.548559
-1.5	-4.3E-12	284.57312	0.1000001	6.88717E-06	284.57312
-1.400001	-3.1E-12	284.597667	0.0999999	7.58082E-06	284.597667
-1.3	-2E-12	284.622291	0.1000004	8.2907E-06	284.622291
-1.200001	-1.5E-12	284.646837	0.1000002	9.01529E-06	284.646837
-1.100001	-1E-12	284.671607	0.1	9.75194E-06	284.671607
-1.000001	-3.8E-12	284.706207	0.1	1.04923E-05	284.706207
-0.900001	1.8E-12	284.730714	0.1	1.12516E-05	284.730714
-0.8	3.4E-12	284.755243	0.1000001	1.20176E-05	284.755243
-0.7	4.9E-12	284.779852	0.0999999	1.27903E-05	284.779852
-0.6	6E-12	284.804422	0.1000001	1.35698E-05	284.804422
-0.500001	8.3E-12	284.828926	0.1000001	1.43544E-05	284.828926
-0.4	9.1E-12	284.853459	0.1	1.51442E-05	284.853459
-0.3	1.07E-11	284.877984	0.1000001	1.5939E-05	284.877984
-0.1999999	9.1E-12	284.904465	0.1	1.67373E-05	284.904465
-0.1	8.1E-12	284.949101	0.1	1.75359E-05	284.949101
3E-07	1.49E-11	284.973788	0.0999999	1.83447E-05	284.973788
0.1000004	1.67E-11	284.998327	0.1	1.91575E-05	284.998327
0.2000003	1.91E-11	285.022836	0.1	1.99755E-05	285.022836
0.299999	2.11E-11	285.047607	0.1000001	2.07971E-05	285.047607
0.399999	2.35E-11	285.07206	0.0999999	2.16241E-05	285.07206
0.5	2.54E-11	285.096584	0.0999998	2.24564E-05	285.096584
0.599999	2.7E-11	285.121174	0.1000001	2.32924E-05	285.121174
0.699999	2.9E-11	285.145674	0.1000002	2.41319E-05	285.145674
0.8	3.08E-11	285.170168	0.1000001	2.49754E-05	285.170168
0.899999	3.26E-11	285.194736	0.1	2.5821E-05	285.194736
0.999999	3.43E-11	285.219243	0.1000001	2.66692E-05	285.219243
1.1	3.61E-11	285.243811	0.1	2.75191E-05	285.243811
1.2	3.74E-11	285.268381	0.1000001	2.83716E-05	285.268381
1.3	3.89E-11	285.292976	0.1000002	2.92249E-05	285.292976
1.4	4.06E-11	285.317508	0.1	3.00796E-05	285.317508
1.499999	4.19E-11	285.342044	0.1000001	3.09363E-05	285.342044
1.599999	4.27E-11	285.366537	0.1	3.17932E-05	285.366537
1.699999	4.33E-11	285.391136	0.1	3.26514E-05	285.391136
1.799999	3.8E-11	285.446377	0.0999998	3.35044E-05	285.446377
1.9	4.37E-11	285.470903	0.1000001	3.43664E-05	285.470903
1.999999	4.43E-11	285.495431	0.0999998	3.52273E-05	285.495431
2.099999	4.55E-11	285.519967	0.0999999	3.6089E-05	285.519967
2.19999	4.63E-11	285.544725	0.0999999	3.69478E-05	285.544725
2.29999	4.71E-11	285.569244	0.1	3.78111E-05	285.569244
2.39999	4.76E-11	285.593849	0.1000001	3.86734E-05	285.593849
2.49999	4.74E-11	285.618553	0.0999999	3.95374E-05	285.618553
2.59999	4.84E-11	285.643097	0.1000001	4.04012E-05	285.643097
2.69999	4.93E-11	285.667611	0.1000002	4.12639E-05	285.667611
2.79999	4.94E-11	285.692201	0.1000002	4.21288E-05	285.692201
2.89999	5.01E-11	285.716716	0.1	4.29922E-05	285.716716
2.99999	5.04E-11	285.741282	0.1000002	4.38576E-05	285.741282
3.09999	5.07E-11	285.765829	0.0999999	4.47229E-05	285.765829
3.19999	5.12E-11	285.790424	0.0999999	4.55873E-05	285.790424
3.29999	5.15E-11	285.814928	0.0999999	4.64537E-05	285.814928
3.39999	5.21E-11	285.839432	0.1000002	4.73204E-05	285.839432
3.49999	5.26E-11	285.863967	0.1	4.81862E-05	285.863967
3.59999	5.28E-11	285.888503	0.1000001	4.9054E-05	285.888503
3.69999	4.44E-11	285.950477	0.1000001	4.99074E-05	285.950477
3.79999	5E-11	285.975088	0.1000001	5.07799E-05	285.975088
3.89999	5.08E-11	285.999627	0.1000002	5.16503E-05	285.999627
3.99999	5.19E-11	286.024131	0.1000003	5.25205E-05	286.024131
4.09999	5.21E-11	286.048698	0.0999998	5.33911E-05	286.048698
4.19999	5.26E-11	286.073198	0.1000002	5.42618E-05	286.073198
4.29999	5.3E-11	286.097718	0.1000001	5.51327E-05	286.097718
4.39999	5.34E-11	286.122224	0.1	5.60048E-05	286.122224
4.49999	5.34E-11	286.146773	0.1	5.68773E-05	286.146773
4.59999	5.44E-11	286.171281	0.1000003	5.77511E-05	286.171281
4.69999	5.4E-11	286.19584	0.1000001	5.86242E-05	286.19584
4.79999	5.42E-11	286.220405	0.1000001	5.94981E-05	286.220405
4.89999	5.45E-11	286.244922	0.0999998	6.03733E-05	286.244922
4.99999	5.46E-11	286.269464	0.1	6.12499E-05	286.269464
5.09999	5.53E-11	286.294063	0.1	6.21257E-05	286.294063
5.19999	5.54E-11	286.318588	0.1000002	6.30032E-05	286.318588
5.29999	5.54E-11	286.343128	0.0999999	6.38813E-05	286.343128
5.39999	5.58E-11	286.367661	0.1000001	6.47597E-05	286.367661
5.49999	5.55E-11	286.392214	0.1000003	6.56382E-05	286.392214
5.59999	4.91E-11	286.453869	0.1000002	6.65081E-05	286.453869
5.69999	5.37E-11	286.478387	0.1000001	6.73927E-05	286.478387
5.79999	5.47E-11	286.502962	0.1	6.82775E-05	286.502962
5.89999	5.56E-11	286.527478	0.1000001	6.91599E-05	286.527478
5.99999	5.58E-11	286.552061	0.0999999	7.00445E-05	286.552061
6.09999	5.59E-11	286.576572	0.0999999	7.09293E-05	286.576572
6.19999	5.64E-11	286.60116	0.0999999	7.18151E-05	286.60116
6.29999	5.65E-11	286.625778	0.1000002	7.27007E-05	286.625778
6.39999	5.73E-11	286.650282	0.1000002	7.35875E-05	286.650282
6.49999	5.77E-11	286.6748	0.1000002	7.44752E-05	286.6748
6.59999	5.72E-11	286.699358	0.1000003	7.53644E-05	286.699358
6.69999	5.79E-11	286.723891	0.1	7.62534E-05	286.723891
6.79999	5.82E-11	286.748407	0.1000002	7.71429E-05	286.748407
6.89999	5.81E-11	286.772976	0.1000001	7.80342E-05	286.772976
6.99999	5.8E-11	286.797498	0.0999999	7.89271E-05	286.797498
7.09999	5.85E-11	286.822031	0.1000002	7.98211E-05	286.822031
7.19999	5.87E-11	286.846582	0.1000001	8.07141E-05	286.846582
7.29999	5.83E-11	286.871113	0.0999998	8.16083E-05	286.871113
7.39999	5.83E-11	286.895656	0.1000001	8.25034E-05	286.895656
7.49999	5.21E-11	286.955396	0.0999999	8.33912E-05	286.955396
7.59999	5.71E-11	286.980012	0.1	8.42911E-05	286.980012
7.69999	5.81E-11	287.004534	0.1	8.5191E-05	287.004534
7.79999	5.84E-11	287.029057	0.1	8.60904E-05	287.029057
7.89999	5.86E-11	287.053635	0.1000001	8.6992E-05	287.053635
7.99999	5.87E-11	287.078157	0.1000001	8.78939E-05	287.078157
8.09999	5.88E-11	287.102695	0.1000003	8.87954E-05	287.102695
8.19999	5.94E-11	287.127228	0.0999999	8.96984E-05	287.127228
8.29999	5.91E-11	287.151751	0.1000002	9.06028E-05	287.151751
8.39999	5.94E-11	287.176273	0.1000002	9.1507E-05	287.176273
8.49999	5.92E-11	287.200813	0.0999999	9.24115E-05	287.200813
8.59999	5.92E-11	287.225346	0.1000002	9.33171E-05	287.225346
8.69999	5.95E-11	287.249979	0.1000002	9.42259E-05	287.249979
8.79999	5.92E-11	287.27457	0.1000004	9.51331E-05	287.27457
8.89999	5.99E-11	287.299165	0.1000003	9.60421E-05	287.299165
8.99999	6.01E-11	287.323701	0.1	9.69517E-05	287.323701
9.09999	6.01E-11	287.348229	0.1000003	9.78633E-05	287.348229
9.19999	6.06E-11	287.372746	0.1	9.87751E-05	287.372746
9.29999	6.01E-11	287.397312	0.1	9.96837E-05	287.397312
9.39999	5.38E-11	287.456905	0.1000001	0.0001005957	287.456905
9.49999	5.87E-11	287.48141	0.1000002	0.000101515	287.48141
9.59999	5.94E-11	287.505948	0.0999998	0.0001024337	287.505948
9.69999	6E-11	287.530467	0.1	0.000103352	287.530467
9.79999	6.05E-11	287.555087	0.0999999	0.0001042687	287.555087
9.89999	5.64E-11	287.584677	0.0999999	0.000105153	287.584677
9.99999	6.1E-11	287.609233	0.1	0.000106075	287.609233
9.9	4.81E-11	287.63386	0.1	0.000105142	287.63386
9.8	4.51E-11	287.658375	0.1	0.00010421	287.658375
9.7	4.26E-11	287.683197	0.1000001	0.000103284	287.683197
9.6	4.1E-11	287.70773	0.0999999	0.000102361	287.70773
9.5	3.96E-11	287.732263	0.1000001	0.000101438	287.732263
9.4	3.82E-11	287.756814	0.1000001	0.000100517	287.756814
9.3	3.69E-11	287.781425	0.1	9.9595E-05	287.781425
9.2	3.61E-11	287.805984	0.1	9.8675E-05	287.805984
9.1	3.52E-11	287.830498	0.1	9.7759E-05	287.830498
9	3.5E-11	287.855032	0.1	9.6842E-05	287.855032
8.9	3.38E-11	287.879572	0.1	9.593E-05	287.879572
8.8	3.29E-11	287.904093	0.1	9.5013E-05	287.904093
8.7	3.8E-11	287.95691	0.0999999	9.41E-05	287.95691
8.6	3.27E-11	287.981537	0.1	9.3183E-05	287.981537
8.5	3.25E-11	288.006161	0.0999999	9.2267E-05	288.006161
8.4	3.17E-11	288.030676	0.1000001	9.1353E-05	288.030676
8.3	3.12E-11	288.055294	0.1	9.0441E-05	288.055294
8.2	3.04E-11	288.079808	0.1000002	8.9531E-05	288.079808
8.1	3.36E-11	288.107751	0.0999998	8.86578E-05	288.107751
8	2.98E-11	288.132281	0.1000002	8.77499E-05	288.132281
7.9	2.88E-11	288.156782	0.0999999	8.68408E-05	288.156782
7.8	2.86E-11	288.181322	0.1000001	8.59343E-05	288.181322
7.7	2.76E-11	288.20578	0.1	8.5028E-05	288.20578
7.6	2.81E-11	288.230334	0.1000001	8.41236E-05	288.230334
7.5	2.71E-11	288.254854	0.0999999	8.32191E-05	288.254854
7.4	2.75E-11	288.279514	0.1000002	8.23152E-05	288.279514
7.3	2.68E-11	288.304122	0.0999999	8.1412E-05	288.304122
7.2	2.63E-11	288.328675	0.1000001	8.0512E-05	288.328675
7.1	2.59E-11	288.353213	0.0999999	7.96105E-05	288.353213
7	2.53E-11	288.377726	0.1000002	7.871E-05	288.377726
6.9	2.49E-11	288.40229	0.0999998	7.78116E-05	288.40229
6.8	3.14E-11	288.462629	0.0999999	7.69188E-05	288.462629
6.7	2.65E-11	288.487128	0.1000002	7.60199E-05	288.487128
6.6	2.51E-11	288.511749	0.0999998	7.51227E-05	288.511749
6.5	2.41E-11	288.53627	0.1000001	7.42252E-05	288.53627
6.4	2.37E-11	288.560849	0.0999999	7.33308E-05	288.560849
6.3	2.29E-11	288.585349	0.0999999	7.24368E-05	288.585349
6.2	2.33E-11	288.609938	0.0999999	7.15419E-05	288.609938
6.1	2.29E-11	288.634536	0.1	7.06491E-05	288.634536
6	2.23E-11	288.65907	0.0999999	6.97578E-05	288.65907
5.9	2.17E-11	288.683584	0.1000002	6.88665E-05	288.683584
5.8	2.15E-11	288.708095	0.1	6.79747E-05	288.708095
5.7	2.12E-11	288.732661	0.0999999	6.70849E-05	288.732661
5.6	2.06E-11	288.757169	0.0999999	6.61965E-05	288.757169
5.5	2.01E-11	288.781797	0.1000001	6.5308E-05	288.781797
5.4	1.99E-11	288.806312	0.1000001	6.44208E-05	288.806312
5.3	1.92E-11	288.83089	0.0999999	6.35345E-05	288.83089
5.2	1.91E-11	288.855431	0.0999998	6.26493E-05	288.855431
5.1	1.82E-11	288.879997	0.1000001	6.17629E-05	288.879997
5	1.8E-11	288.904528	0.0999999	6.08785E-05	288.904528
4.9	2.42E-11	288.96194	0.1	6.0002E-05	288.96194
4.8	1.87E-11	288.986488	0.0999999	5.9118E-05	288.986488
4.7	1.72E-11	289.011025	0.1000001	5.82354E-05	289.011025
4.6	1.68E-11	289.035543	0.0999999	5.73543E-05	289.035543
4.5	1.64E-11	289.060115	0.0999998	5.64735E-05	289.060115
4.4	1.57E-11	289.084639	0.1000001	5.55941E-05	289.084639
4.3	1.51E-11	289.109183	0.0999998	5.47146E-05	289.109183
4.2	1.45E-11	289.1337	0.1	5.38362E-05	289.1337
4.1	1.4E-11	289.158229	0.1	5.29602E-05	289.158229
4	1.35E-11	289.182761	0.0999999	5.20832E-05	289.182761
3.9	1.33E-11	289.207325	0.1000001	5.12065E-05	289.207325
3.8	1.28E-11	289.231864	0.0999999	5.03316E-05	289.231864
3.7	1.16E-11	289.25647	0.1000001	4.94576E-05	289.25647
3.6	1.17E-11	289.281057	0.0999998	4.85843E-05	289.281057
3.5	1.05E-11	289.305677	0.0999999	4.77117E-05	289.305677
3.4	1.05E-11	289.330302	0.0999998	4.68404E-05	289.330302
3.3	9.6E-12	289.354813	0.1	4.59688E-05	289.354813
3.2	8.8E-12	289.379325	0.0999999	4.50982E-05	289.379325
3.1	8.2E-12	289.403828	0.1	4.42285E-05	289.403828
3	1.43E-11	289.463169	0.1	4.33649E-05	289.463169
2.9	9.1E-12	289.487731	0.0999999	4.24954E-05	289.487731
2.8	7.6E-12	289.512236	0.1	4.16287E-05	289.512236
2.7	6.5E-12	289.536863	0.1000001	4.07619E-05	289.536863
2.6	5.5E-12	289.561443	0.1000001	3.98964E-05	289.561443
2.5	4.4E-12	289.585945	0.0999999	3.90308E-05	289.585945
2.4	3.6E-12	289.610459	0.1	3.81674E-05	289.610459
2.3	2.5E-12	289.635044	0.0999996	3.73037E-05	289.635044
2.2	1.6E-12	289.659575	0.0999999	3.64417E-05	289.659575
2.099999	4.1E-12	289.686001	0.0999998	3.55839E-05	289.686001
2	0	289.710526	0.1000001	3.47237E-05	289.710526
1.9	-8E-13	289.735084	0.1	3.3865E-05	289.735084
1.8	-2.4E-12	289.759615	0.0999999	3.30071E-05	289.759615
1.7	-3.6E-12	289.784216	0.1000001	3.21511E-05	289.784216
1.6	-4.5E-12	289.808739	0.1	3.12955E-05	289.808739
1.5	-5.6E-12	289.833286	0.1000001	3.04413E-05	289.833286
1.4	-7E-12	289.857808	0.0999999	2.95887E-05	289.857808
1.3	-8.6E-12	289.882317	0.1	2.87381E-05	289.882317
1.2	-1.01E-11	289.906848	0.0999999	2.78885E-05	289.906848
1.1	-4.4E-12	289.965204	0.1	2.70461E-05	289.965204
1	-1.11E-11	289.989758	0.0999998	2.61996E-05	289.989758
0.9	-1.32E-11	290.014281	0.1	2.53567E-05	290.014281
0.8	-1.51E-11	290.038809	0.1	2.45167E-05	290.038809
0.7	-1.75E-11	290.063383	0.0999998	2.36804E-05	290.063383
0.6	-1.94E-11	290.087909	0.1000001	2.28468E-05	290.087909
0.5	-2.21E-11	290.112406	0.0999998	2.2018E-05	290.112406
0.4	-2.4E-11	290.136922	0.0999999	2.11939E-05	290.136922
0.3	-2.63E-11	290.161442	0.1000002	2.03748E-05	290.161442
0.1999999	-2.52E-11	290.187862	0.0999999	1.95612E-05	290.187862
0.0999996	-3.09E-11	290.21237	0.0999998	1.87523E-05	290.21237
-2E-07	-3.29E-11	290.23688	0.1000001	1.79486E-05	290.23688
#scan	iMeasureCycle=3	iMux=0	time=319.933	N=401	LocalTime=20/04/2023 04:19:01
#VGate(V)	IGate(A)	time(s)	VDrain(V)	IDrain(A)	time(s)
-3E-07	-1.2E-11	319.940457	0.0999999	1.81495E-05	319.940457
-0.1000004	-1.96E-11	319.965369	0.0999999	1.73395E-05	319.965369
-0.2000001	-2.08E-11	319.991114	0.0999999	1.65349E-05	319.991114
-0.3	-2.67E-11	320.015844	0.0999999	1.57343E-05	320.015844
-0.4	-3.01E-11	320.04045	0.0999999	1.49378E-05	320.04045
-0.5	-3.26E-11	320.064998	0.0999999	1.41467E-05	320.064998
-0.6	-3.44E-11	320.08951	0.0999999	1.33609E-05	320.08951
-0.7	-3.65E-11	320.114052	0.0999999	1.25814E-05	320.114052
-0.8	-3.83E-11	320.138573	0.0999998	1.18089E-05	320.138573
-0.9	-3.97E-11	320.163089	0.0999999	1.10434E-05	320.163089
-1	-4.11E-11	320.18759	0.0999999	1.0287E-05	320.18759
-1.1	-4.22E-11	320.212143	0.1	9.5404E-06	320.212143
-1.2	-3.93E-11	320.23925	0.0999999	8.809E-06	320.23925
-1.3	-4.38E-11	320.263752	0.0999999	8.0859E-06	320.263752
-1.4	-4.45E-11	320.288255	0.0999999	7.37771E-06	320.288255
-1.5	-4.52E-11	320.312779	0.1	6.68684E-06	320.312779
-1.6	-4.59E-11	320.337421	0.0999999	6.01589E-06	320.337421
-1.7	-4.69E-11	320.362062	0.0999999	5.36699E-06	320.362062
-1.8	-4.78E-11	320.386577	0.0999999	4.74382E-06	320.386577
-1.9	-4.82E-11	320.411202	0.0999997	4.14893E-06	320.411202
-2	-4.93E-11	320.435709	0.1	3.58603E-06	320.435709
-2.1	-4.96E-11	320.460222	0.1	3.0576E-06	320.460222
-2.2	-4.37E-11	320.506704	0.1	2.57104E-06	320.506704
-2.3	-4.9E-11	320.531247	0.0999999	2.12008E-06	320.531247
-2.4	-4.98E-11	320.555767	0.0999999	1.71453E-06	320.555767
-2.5	-5.06E-11	320.58027	0.0999999	1.35459E-06	320.58027
-2.6	-5.12E-11	320.604832	0.0999999	1.04119E-06	320.604832
-2.7	-4.79E-11	320.632142	0.0999995	7.75442E-07	320.632142
-2.8	-5.16E-11	320.656705	0.0999997	5.54063E-07	320.656705
-2.9	-5.27E-11	320.681218	0.0999995	3.78081E-07	320.681218
-3	-5.31E-11	320.705817	0.0999998	2.43448E-07	320.705817
-3.1	-5.34E-11	320.730369	0.0999998	1.46197E-07	320.730369
-3.2	-4.85E-11	320.768038	0.0999949	8.19901E-08	320.768038
-3.3	-6.66E-11	320.791314	0.1000078	4.09962E-08	320.791314
-3.4	-6.87E-11	320.814597	0.1000048	1.84977E-08	320.814597
-3.5	-6.96E-11	320.837897	0.1000023	7.4694E-09	320.837897
-3.6	-6.82E-11	320.86119	0.100001	2.7048E-09	320.86119
-3.7	-6.89E-11	320.884469	0.1000005	8.79E-10	320.884469
-3.8	-7.09E-11	320.907686	0.1000004	2.509E-10	320.907686
-3.9	-7.12E-11	320.93091	0.1000002	5.72E-11	320.93091
-4	-6.99E-11	320.954195	0.1000002	6.7E-12	320.954195
-4.1	-5.03E-11	321.00693	0.1	-5.2E-12	321.00693
-4.2	-6.78E-11	321.0304	0.1000004	-5.1E-12	321.0304
-4.3	-6.91E-11	321.053691	0.1000004	-5.3E-12	321.053691
-4.4	-7.17E-11	321.0769	0.1000005	-5.5E-12	321.0769
-4.5	-7.21E-11	321.10017	0.1000003	-4.9E-12	321.10017
-4.6	-6.96E-11	321.123508	0.1000002	-5.1E-12	321.123508
-4.7	-7.04E-11	321.146846	0.1000001	-5E-12	321.146846
-4.8	-7.36E-11	321.170046	0.1000003	-4.9E-12	321.170046
-4.9	-7.38E-11	321.193248	0.1000003	-4.6E-12	321.193248
-5	-7.26E-11	321.216531	0.1000001	-5E-12	321.216531
-5.1	-7.49E-11	321.239765	0.1000004	-4.9E-12	321.239765
-5.2	-7.44E-11	321.263069	0.1000001	-4.9E-12	321.263069
-5.3	-7.45E-11	321.286304	0.1000003	-4.7E-12	321.286304
-5.4	-7.32E-11	321.309582	0.1000002	-5E-12	321.309582
-5.5	-7.52E-11	321.332802	0.1000002	-5E-12	321.332802
-5.6	-7.49E-11	321.356131	0.1000003	-5E-12	321.356131
-5.7	-7.61E-11	321.379352	0.1000003	-4.7E-12	321.379352
-5.8	-7.49E-11	321.402657	0.1000004	-4.9E-12	321.402657
-5.9	-7.59E-11	321.42587	0.1000002	-4.7E-12	321.42587
-6	-7.6E-11	321.449089	0.1000004	-4.4E-12	321.449089
-6.1	-5.51E-11	321.505524	0.1000001	-6.4E-12	321.505524
-6.2	-7.3E-11	321.528834	0.1000002	-4.9E-12	321.528834
-6.3	-7.54E-11	321.55207	0.1000003	-4.9E-12	321.55207
-6.4	-7.61E-11	321.575283	0.1000003	-4.3E-12	321.575283
-6.5	-7.7E-11	321.598549	0.1000003	-4.6E-12	321.598549
-6.6	-7.53E-11	321.621838	0.1000004	-4.4E-12	321.621838
-6.7	-7.53E-11	321.645134	0.1000002	-4.5E-12	321.645134
-6.8	-7.75E-11	321.668344	0.1000003	-4.4E-12	321.668344
-6.9	-7.67E-11	321.691608	0.1000005	-4.7E-12	321.691608
-7	-7.57E-11	321.714937	0.1000003	-5.1E-12	321.714937
-7.1	-7.78E-11	321.738267	0.1000001	-4.7E-12	321.738267
-7.2	-7.83E-11	321.761485	0.1000003	-4.7E-12	321.761485
-7.3	-7.64E-11	321.784772	0.1000003	-4.6E-12	321.784772
-7.4	-7.68E-11	321.808048	0.1000002	-4.4E-12	321.808048
-7.5	-7.87E-11	321.831269	0.1000003	-4.5E-12	321.831269
-7.6	-7.85E-11	321.854563	0.1000002	-4.7E-12	321.854563
-7.7	-7.69E-11	321.877858	0.1000003	-4.7E-12	321.877858
-7.8	-7.71E-11	321.901155	0.1000002	-4.4E-12	321.901155
-7.9	-7.93E-11	321.924378	0.1000003	-4.5E-12	321.924378
-8	-7.93E-11	321.947602	0.1000001	-4.5E-12	321.947602
-8.1	-5.78E-11	322.007111	0.1	-5.9E-12	322.007111
-8.2	-7.76E-11	322.03042	0.1000002	-4.2E-12	322.03042
-8.3	-7.83E-11	322.05365	0.1000002	-4.4E-12	322.05365
-8.4	-7.85E-11	322.076893	0.1000004	-4.4E-12	322.076893
-8.5	-7.77E-11	322.10024	0.1000003	-4.9E-12	322.10024
-8.6	-7.91E-11	322.123472	0.1000004	-4.1E-12	322.123472
-8.7	-7.96E-11	322.146687	0.1000004	-4.5E-12	322.146687
-8.8	-7.97E-11	322.169902	0.1000002	-4E-12	322.169902
-8.9	-7.75E-11	322.193191	0.1000004	-4.6E-12	322.193191
-9	-7.82E-11	322.216471	0.1000001	-4.5E-12	322.216471
-9.1	-8.09E-11	322.239708	0.1000002	-4.2E-12	322.239708
-9.2	-8.05E-11	322.262928	0.1000003	-4.3E-12	322.262928
-9.3	-7.92E-11	322.286215	0.1000002	-4.5E-12	322.286215
-9.4	-7.94E-11	322.309514	0.1000003	-4.4E-12	322.309514
-9.5	-8.13E-11	322.33274	0.1000004	-4.4E-12	322.33274
-9.6	-8.17E-11	322.356027	0.1000004	-4.3E-12	322.356027
-9.7	-7.99E-11	322.379415	0.1000001	-4E-12	322.379415
-9.8	-8.09E-11	322.402658	0.1000003	-4E-12	322.402658
-9.9	-8.22E-11	322.425875	0.1000003	-3.9E-12	322.425875
-10	-8.05E-11	322.449175	0.1000002	-4E-12	322.449175
-9.90001	-5.65E-11	322.508592	0.1000001	-6E-12	322.508592
-9.80001	-3.75E-11	322.531931	0.0999999	-7.5E-12	322.531931
-9.70001	-3.27E-11	322.555168	0.0999996	-7.4E-12	322.555168
-9.60001	-3.28E-11	322.578455	0.0999998	-7.6E-12	322.578455
-9.50001	-3.17E-11	322.601807	0.1	-7.5E-12	322.601807
-9.40001	-3.07E-11	322.625121	0.0999998	-7.3E-12	322.625121
-9.30001	-2.91E-11	322.648423	0.0999999	-7.3E-12	322.648423
-9.20001	-2.68E-11	322.671633	0.0999999	-8E-12	322.671633
-9.10001	-2.61E-11	322.694879	0.1	-7.9E-12	322.694879
-9.00001	-2.53E-11	322.718129	0.0999999	-7.9E-12	322.718129
-8.90001	-2.58E-11	322.741451	0.0999998	-7.7E-12	322.741451
-8.80001	-2.54E-11	322.764744	0.0999998	-8.1E-12	322.764744
-8.70001	-2.33E-11	322.787957	0.0999997	-7.8E-12	322.787957
-8.60001	-2.26E-11	322.811165	0.1	-8.5E-12	322.811165
-8.50001	-2.18E-11	322.834369	0.0999999	-8.3E-12	322.834369
-8.40001	-2.29E-11	322.857739	0.0999999	-8.3E-12	322.857739
-8.30001	-2.16E-11	322.880966	0.0999998	-8.4E-12	322.880966
-8.20001	-2.07E-11	322.904177	0.0999998	-8.6E-12	322.904177
-8.10001	-2.17E-11	322.927465	0.1	-8E-12	322.927465
-8.00001	-2.2E-11	322.950855	0.0999999	-8.3E-12	322.950855
-7.90001	-4.03E-11	323.01	0.1	-6.4E-12	323.01
-7.80001	-2.04E-11	323.033306	0.0999999	-8.4E-12	323.033306
-7.70001	-1.96E-11	323.056534	0.0999998	-8.1E-12	323.056534
-7.6	-2.08E-11	323.079821	0.0999998	-8.1E-12	323.079821
-7.50001	-2.01E-11	323.103169	0.0999997	-8.2E-12	323.103169
-7.40001	-1.82E-11	323.126416	0.0999999	-8.6E-12	323.126416
-7.30001	-1.74E-11	323.149627	0.0999998	-8.3E-12	323.149627
-7.2	-1.89E-11	323.172918	0.1	-8E-12	323.172918
-7.10001	-1.62E-11	323.196132	0.0999999	-8.5E-12	323.196132
-7.00001	-1.58E-11	323.219345	0.0999998	-8.5E-12	323.219345
-6.90001	-1.57E-11	323.2426	0.0999999	-8.3E-12	323.2426
-6.80001	-1.71E-11	323.26596	0.0999999	-8E-12	323.26596
-6.70001	-1.52E-11	323.289168	0.0999998	-8.6E-12	323.289168
-6.60001	-1.4E-11	323.312376	0.1	-8.9E-12	323.312376
-6.50001	-1.35E-11	323.335591	0.0999997	-8.5E-12	323.335591
-6.40001	-1.46E-11	323.358959	0.0999999	-8.3E-12	323.358959
-6.30001	-1.34E-11	323.382265	0.0999998	-8.9E-12	323.382265
-6.20001	-1.28E-11	323.405515	0.0999997	-8.6E-12	323.405515
-6.10001	-1.39E-11	323.428803	0.0999997	-8.4E-12	323.428803
-6.00001	-1.37E-11	323.45209	0.0999999	-8.8E-12	323.45209
-5.90001	-3.2E-11	323.507361	0.1000001	-6.8E-12	323.507361
-5.80001	-1.25E-11	323.5306	0.0999996	-8.7E-12	323.5306
-5.70001	-1.17E-11	323.553827	0.1000001	-9E-12	323.553827
-5.60001	-1.31E-11	323.577121	0.0999998	-8.3E-12	323.577121
-5.50001	-1.23E-11	323.600472	0.0999997	-8.6E-12	323.600472
-5.40001	-1.01E-11	323.623679	0.1	-8.4E-12	323.623679
-5.30001	-9.3E-12	323.646891	0.0999996	-8.9E-12	323.646891
-5.20001	-1.1E-11	323.670188	0.0999998	-8.6E-12	323.670188
-5.1	-9.2E-12	323.693402	0.0999998	-9E-12	323.693402
-5.00001	-8.5E-12	323.71676	0.0999997	-9.2E-12	323.71676
-4.90001	-8.5E-12	323.740273	0.1	-9.1E-12	323.740273
-4.80001	-7.3E-12	323.763504	0.0999998	-9.6E-12	323.763504
-4.7	-7.2E-12	323.786716	0.0999998	-9.3E-12	323.786716
-4.60001	-7E-12	323.809952	0.1	-9.4E-12	323.809952
-4.50001	-7.5E-12	323.833231	0.0999999	-9.1E-12	323.833231
-4.40001	-5.7E-12	323.856528	0.0999998	-9.2E-12	323.856528
-4.3	-4.4E-12	323.87976	0.0999997	-9.5E-12	323.87976
-4.20001	-4.4E-12	323.902983	0.0999998	-8.8E-12	323.902983
-4.10001	-5.6E-12	323.926263	0.1	-4.2E-12	323.926263
-4.00001	-5.4E-12	323.949573	0.1	2.02E-11	323.949573
-3.90001	-3.6E-12	323.9728	0.0999998	1.204E-10	323.9728
-3.80001	-2.29E-11	324.013369	0.1000001	4.472E-10	324.013369
-3.70001	-4.5E-12	324.036742	0.1000001	1.4742E-09	324.036742
-3.60001	-2.7E-12	324.059999	0.1000005	4.2621E-09	324.059999
-3.50001	-1.5E-12	324.083215	0.1000011	1.10467E-08	324.083215
-3.40001	-2.2E-12	324.106547	0.1000018	2.56499E-08	324.106547
-3.30001	-2E-12	324.129843	0.100001	5.35433E-08	324.129843
-3.20001	8E-13	324.153048	0.0999945	1.014033E-07	324.153048
-3.10001	-1.98E-11	324.192516	0.1000001	1.7339E-07	324.192516
-3.00001	-1.46E-11	324.217035	0.1000004	2.81819E-07	324.217035
-2.90001	-1.31E-11	324.241534	0.1000005	4.27539E-07	324.241534
-2.80001	-1.25E-11	324.266158	0.1000006	6.14827E-07	324.266158
-2.70001	-1.2E-11	324.290651	0.1000006	8.46099E-07	324.290651
-2.60001	-1.63E-11	324.325191	0.1000002	1.11891E-06	324.325191
-2.50001	-1.17E-11	324.349802	0.1	1.44393E-06	324.349802
-2.40001	-1.07E-11	324.374408	0.1	1.8136E-06	324.374408
-2.30001	-1E-11	324.398909	0.1000001	2.22676E-06	324.398909
-2.20001	-8.9E-12	324.423426	0.1000001	2.6822E-06	324.423426
-2.1	-1.14E-11	324.449857	0.1000001	3.17867E-06	324.449857
-2.000001	-7.2E-12	324.474389	0.1000001	3.71243E-06	324.474389
-1.900001	-1.28E-11	324.519247	0.0999999	4.27239E-06	324.519247
-1.800001	-7.1E-12	324.543781	0.1000001	4.87335E-06	324.543781
-1.7	-6E-12	324.568319	0.1	5.49973E-06	324.568319
-1.6	-5E-12	324.59283	0.1	6.1505E-06	324.59283
-1.5	-3.7E-12	324.617414	0.1000001	6.82311E-06	324.617414
-1.4	-2.7E-12	324.641917	0.1000001	7.51415E-06	324.641917
-1.3	-2.4E-12	324.666531	0.1	8.22136E-06	324.666531
-1.200001	-1E-12	324.691036	0.1000001	8.94353E-06	324.691036
-1.100001	2E-13	324.715688	0.1	9.67777E-06	324.715688
-1	2E-12	324.740233	0.1000001	1.042357E-05	324.740233
-0.900001	-2.1E-12	324.774871	0.1000002	1.11709E-05	324.774871
-0.8	3.4E-12	324.799402	0.1	1.19361E-05	324.799402
-0.700001	4.9E-12	324.823941	0.0999998	1.27076E-05	324.823941
-0.6	7E-12	324.848556	0.1000001	1.34851E-05	324.848556
-0.500001	8.6E-12	324.873061	0.1	1.42682E-05	324.873061
-0.4	1.01E-11	324.897586	0.1000001	1.50571E-05	324.897586
-0.3	1.12E-11	324.922127	0.1000001	1.58497E-05	324.922127
-0.2	9.5E-12	324.948542	0.1000001	1.66468E-05	324.948542
-0.0999997	1.44E-11	324.973127	0.1	1.74489E-05	324.973127
0	1.02E-11	325.020234	0.1000001	1.82498E-05	325.020234
0.1000003	1.61E-11	325.044871	0.1000001	1.90619E-05	325.044871
0.2000004	1.88E-11	325.069377	0.1	1.98781E-05	325.069377
0.299999	2.03E-11	325.094112	0.1	2.07002E-05	325.094112
0.399999	2.28E-11	325.118667	0.1	2.15265E-05	325.118667
0.5	2.49E-11	325.143233	0.1	2.23571E-05	325.143233
0.6	2.7E-11	325.167729	0.1	2.31924E-05	325.167729
0.7	2.89E-11	325.192245	0.1000001	2.40311E-05	325.192245
0.8	3.08E-11	325.216747	0.1	2.4873E-05	325.216747
0.9	3.25E-11	325.241245	0.0999999	2.57174E-05	325.241245
0.999999	3.4E-11	325.265843	0.0999999	2.65654E-05	325.265843
1.1	3.59E-11	325.290362	0.0999998	2.7415E-05	325.290362
1.2	3.72E-11	325.314861	0.1000001	2.82659E-05	325.314861
1.3	3.9E-11	325.339375	0.1	2.91195E-05	325.339375
1.399999	4.05E-11	325.364074	0.1	2.9974E-05	325.364074
1.5	4.16E-11	325.388653	0.1000001	3.08302E-05	325.388653
1.599999	4.25E-11	325.413178	0.1000001	3.16872E-05	325.413178
1.699999	4.35E-11	325.437699	0.1000002	3.25446E-05	325.437699
1.8	4.5E-11	325.462221	0.1	3.34039E-05	325.462221
1.899999	3.85E-11	325.517363	0.1000001	3.42587E-05	325.517363
1.999999	4.45E-11	325.541864	0.0999999	3.51206E-05	325.541864
2.099999	4.54E-11	325.566513	0.1000002	3.59835E-05	325.566513
2.19999	4.61E-11	325.591215	0.1	3.68434E-05	325.591215
2.29999	4.72E-11	325.615775	0.1	3.77061E-05	325.615775
2.39999	4.75E-11	325.640325	0.1000001	3.85698E-05	325.640325
2.49999	4.87E-11	325.664793	0.0999999	3.94339E-05	325.664793
2.59999	4.9E-11	325.689304	0.1	4.02998E-05	325.689304
2.69999	4.97E-11	325.713901	0.1000002	4.1165E-05	325.713901
2.79999	5.01E-11	325.738419	0.1000003	4.20307E-05	325.738419
2.89999	5E-11	325.762945	0.1	4.28968E-05	325.762945
2.99999	5.08E-11	325.787478	0.1	4.3764E-05	325.787478
3.09999	5.09E-11	325.812013	0.0999997	4.46307E-05	325.812013
3.19999	5.12E-11	325.83653	0.1	4.54974E-05	325.83653
3.29999	5.16E-11	325.861127	0.1000001	4.63647E-05	325.861127
3.39999	5.15E-11	325.88566	0.1000001	4.72328E-05	325.88566
3.49999	5.17E-11	325.910164	0.1000002	4.81008E-05	325.910164
3.59999	5.24E-11	325.934727	0.1	4.89692E-05	325.934727
3.69999	5.26E-11	325.959237	0.1	4.98377E-05	325.959237
3.79999	4.46E-11	326.032812	0.1	5.06937E-05	326.032812
3.89999	5.03E-11	326.057411	0.0999999	5.15669E-05	326.057411
3.99999	5.08E-11	326.082064	0.1000001	5.244E-05	326.082064
4.09999	5.17E-11	326.106568	0.0999999	5.33119E-05	326.106568
4.19999	5.32E-11	326.131138	0.1000001	5.41837E-05	326.131138
4.29999	5.33E-11	326.155647	0.1000003	5.50557E-05	326.155647
4.39999	5.34E-11	326.180161	0.1000002	5.59291E-05	326.180161
4.49999	5.38E-11	326.204671	0.1000002	5.68018E-05	326.204671
4.59999	5.42E-11	326.229207	0.1	5.76754E-05	326.229207
4.69999	5.41E-11	326.253772	0.1000001	5.855E-05	326.253772
4.79999	5.43E-11	326.278292	0.1000001	5.94254E-05	326.278292
4.89999	5.42E-11	326.30281	0.1	6.0301E-05	326.30281
4.99999	5.48E-11	326.327314	0.1000001	6.11771E-05	326.327314
5.09999	5.52E-11	326.351885	0.0999998	6.20535E-05	326.351885
5.19999	5.55E-11	326.376479	0.1000001	6.29325E-05	326.376479
5.29999	5.55E-11	326.401003	0.1000003	6.38104E-05	326.401003
5.39999	5.58E-11	326.425546	0.1	6.46897E-05	326.425546
5.49999	5.61E-11	326.450066	0.1000001	6.55695E-05	326.450066
5.59999	5.65E-11	326.474575	0.1000001	6.64496E-05	326.474575
5.69999	5.03E-11	326.522874	0.1000001	6.73223E-05	326.522874
5.79999	5.52E-11	326.54741	0.1	6.82076E-05	326.54741
5.89999	5.53E-11	326.571943	0.1000001	6.90928E-05	326.571943
5.99999	5.61E-11	326.596495	0.1000003	6.99771E-05	326.596495
6.09999	5.62E-11	326.621066	0.0999999	7.08617E-05	326.621066
6.19999	5.65E-11	326.645584	0.0999999	7.17466E-05	326.645584
6.29999	5.69E-11	326.670097	0.0999999	7.26339E-05	326.670097
6.39999	5.7E-11	326.694641	0.1	7.35211E-05	326.694641
6.49999	5.79E-11	326.719242	0.0999998	7.44076E-05	326.719242
6.59999	5.81E-11	326.743741	0.1000001	7.52964E-05	326.743741
6.69999	5.78E-11	326.768311	0.1	7.6187E-05	326.768311
6.79999	5.83E-11	326.792917	0.1000003	7.70769E-05	326.792917
6.89999	5.76E-11	326.817441	0.1	7.79682E-05	326.817441
6.99999	5.81E-11	326.84196	0.0999999	7.88602E-05	326.84196
7.09999	5.78E-11	326.866556	0.0999998	7.9754E-05	326.866556
7.19999	5.83E-11	326.891075	0.1000002	8.06473E-05	326.891075
7.29999	5.88E-11	326.9156	0.1000002	8.15414E-05	326.9156
7.39999	5.87E-11	326.94011	0.1000001	8.24373E-05	326.94011
7.49999	5.86E-11	326.964667	0.1000002	8.33339E-05	326.964667
7.59999	5.25E-11	327.024468	0.0999999	8.42223E-05	327.024468
7.69999	5.71E-11	327.0491	0.1000001	8.51233E-05	327.0491
7.79999	5.8E-11	327.073612	0.1000003	8.60236E-05	327.073612
7.89999	5.88E-11	327.098164	0.0999999	8.69236E-05	327.098164
7.99999	5.92E-11	327.122768	0.1000002	8.78267E-05	327.122768
8.09999	5.92E-11	327.147343	0.0999999	8.87293E-05	327.147343
8.19999	5.93E-11	327.171855	0.0999999	8.96318E-05	327.171855
8.29999	5.95E-11	327.196368	0.1	9.05355E-05	327.196368
8.39999	5.94E-11	327.22091	0.1	9.14408E-05	327.22091
8.49999	6E-11	327.245427	0.0999999	9.23464E-05	327.245427
8.59999	5.96E-11	327.270054	0.1	9.32525E-05	327.270054
8.69999	5.98E-11	327.294599	0.1000001	9.41588E-05	327.294599
8.79999	5.96E-11	327.319127	0.1000001	9.50684E-05	327.319127
8.89999	6.03E-11	327.343655	0.1000002	9.59782E-05	327.343655
8.99999	6.02E-11	327.368276	0.1000001	9.68877E-05	327.368276
9.09999	6.01E-11	327.392925	0.1000001	9.77982E-05	327.392925
9.19999	6.1E-11	327.417476	0.1000002	9.871E-05	327.417476
9.29999	6.12E-11	327.442006	0.0999998	9.96188E-05	327.442006
9.39999	6.12E-11	327.4665	0.1000002	0.0001005362	327.4665
9.49999	5.51E-11	327.521229	0.0999999	0.000101449	327.521229
9.59999	5.96E-11	327.545737	0.1000003	0.0001023677	327.545737
9.69999	6.08E-11	327.570271	0.0999998	0.000103286	327.570271
9.79999	6.1E-11	327.594785	0.1	0.000104204	327.594785
9.89999	5.67E-11	327.62447	0.0999999	0.000105088	327.62447
9.99999	6.05E-11	327.648993	0.1000001	0.000106008	327.648993
9.9	4.8E-11	327.673513	0.1	0.000105075	327.673513
9.8	4.46E-11	327.69804	0.0999999	0.000104144	327.69804
9.7	4.31E-11	327.722663	0.0999998	0.000103218	327.722663
9.6	4.12E-11	327.74717	0.0999999	0.000102295	327.74717
9.5	3.93E-11	327.771725	0.0999999	0.000101373	327.771725
9.4	3.9E-11	327.796264	0.1	0.000100451	327.796264
9.3	3.76E-11	327.820774	0.1	9.9532E-05	327.820774
9.2	3.63E-11	327.845333	0.0999998	9.8612E-05	327.845333
9.1	3.55E-11	327.869944	0.0999999	9.7695E-05	327.869944
9	3.52E-11	327.894472	0.0999999	9.6777E-05	327.894472
8.9	3.41E-11	327.918984	0.1000002	9.5865E-05	327.918984
8.8	3.35E-11	327.943506	0.1	9.4949E-05	327.943506
8.7	3.27E-11	327.968021	0.1	9.4033E-05	327.968021
8.6	3.82E-11	328.030075	0.1000002	9.312E-05	328.030075
8.5	3.34E-11	328.054691	0.1	9.2206E-05	328.054691
8.4	3.25E-11	328.079202	0.1	9.1292E-05	328.079202
8.3	3.18E-11	328.103828	0.0999999	9.0381E-05	328.103828
8.2	3.09E-11	328.128393	0.1	8.947E-05	328.128393
8.1	3.4E-11	328.156311	0.0999998	8.8594E-05	328.156311
8	2.97E-11	328.180819	0.0999998	8.76844E-05	328.180819
7.9	2.91E-11	328.205332	0.0999999	8.67758E-05	328.205332
7.8	2.9E-11	328.229855	0.1	8.58691E-05	328.229855
7.7	2.85E-11	328.254607	0.1	8.49636E-05	328.254607
7.6	2.83E-11	328.279145	0.0999999	8.40582E-05	328.279145
7.5	2.78E-11	328.303663	0.0999999	8.31532E-05	328.303663
7.4	2.72E-11	328.328179	0.0999997	8.22494E-05	328.328179
7.3	2.66E-11	328.352737	0.1000001	8.13476E-05	328.352737
7.2	2.65E-11	328.377463	0.0999999	8.04465E-05	328.377463
7.1	2.57E-11	328.402011	0.1000001	7.95454E-05	328.402011
7	2.58E-11	328.426528	0.0999999	7.86458E-05	328.426528
6.9	2.58E-11	328.451057	0.0999999	7.77467E-05	328.451057
6.8	2.49E-11	328.475591	0.1	7.68474E-05	328.475591
6.7	3.05E-11	328.527105	0.1000001	7.59554E-05	328.527105
6.6	2.53E-11	328.551618	0.0999998	7.50584E-05	328.551618
6.5	2.47E-11	328.576145	0.0999999	7.41612E-05	328.576145
6.4	2.33E-11	328.600684	0.0999997	7.32654E-05	328.600684
6.3	2.29E-11	328.625255	0.1000001	7.23709E-05	328.625255
6.2	2.25E-11	328.649762	0.1	7.14763E-05	328.649762
6.1	2.24E-11	328.674279	0.1	7.05833E-05	328.674279
6	2.17E-11	328.698787	0.0999998	6.96918E-05	328.698787
5.9	2.18E-11	328.723415	0.0999999	6.88E-05	328.723415
5.8	2.12E-11	328.747914	0.1000001	6.79089E-05	328.747914
5.7	2.05E-11	328.772481	0.0999997	6.7019E-05	328.772481
5.6	2.05E-11	328.79703	0.0999998	6.61305E-05	328.79703
5.5	2.04E-11	328.821551	0.1000002	6.52422E-05	328.821551
5.4	1.97E-11	328.846078	0.1000002	6.43547E-05	328.846078
5.3	1.91E-11	328.870714	0.1	6.34679E-05	328.870714
5.2	1.89E-11	328.895279	0.0999999	6.25824E-05	328.895279
5.1	1.83E-11	328.919807	0.1000002	6.16962E-05	328.919807
5	1.81E-11	328.944326	0.1000002	6.08123E-05	328.944326
4.9	1.69E-11	328.968834	0.1000001	5.99288E-05	328.968834
4.8	2.39E-11	329.031192	0.1	5.90518E-05	329.031192
4.7	1.85E-11	329.055805	0.1	5.8169E-05	329.055805
4.6	1.77E-11	329.080317	0.1000001	5.72874E-05	329.080317
4.5	1.72E-11	329.104917	0.1	5.64065E-05	329.104917
4.4	1.64E-11	329.129487	0.0999998	5.55268E-05	329.129487
4.3	1.55E-11	329.154007	0.0999999	5.46476E-05	329.154007
4.2	1.54E-11	329.178565	0.0999999	5.377E-05	329.178565
4.1	1.45E-11	329.203055	0.0999998	5.28936E-05	329.203055
4	1.42E-11	329.227623	0.0999998	5.20164E-05	329.227623
3.9	1.36E-11	329.252124	0.0999999	5.114E-05	329.252124
3.8	1.27E-11	329.276748	0.1	5.02653E-05	329.276748
3.7	1.21E-11	329.301255	0.1000001	4.93911E-05	329.301255
3.6	1.14E-11	329.325788	0.0999999	4.85174E-05	329.325788
3.5	1.08E-11	329.350298	0.0999999	4.76448E-05	329.350298
3.4	1.03E-11	329.374868	0.0999998	4.67725E-05	329.374868
3.3	9.3E-12	329.399464	0.1000001	4.59013E-05	329.399464
3.2	9.2E-12	329.424019	0.1	4.50318E-05	329.424019
3.1	8.1E-12	329.448525	0.0999999	4.41621E-05	329.448525
3	7.5E-12	329.473038	0.1	4.32934E-05	329.473038
2.9	1.38E-11	329.532422	0.0999999	4.24301E-05	329.532422
2.8	8.2E-12	329.556958	0.1000001	4.15626E-05	329.556958
2.7	7.1E-12	329.581476	0.1	4.06957E-05	329.581476
2.6	6.1E-12	329.606085	0.0999998	3.983E-05	329.606085
2.5	5E-12	329.630642	0.0999998	3.89644E-05	329.630642
2.4	3.6E-12	329.655159	0.0999999	3.81007E-05	329.655159
2.3	2.3E-12	329.679653	0.1	3.72377E-05	329.679653
2.2	1.6E-12	329.704205	0.0999999	3.63759E-05	329.704205
2.099999	4.2E-12	329.730709	0.1	3.55183E-05	329.730709
2	1.1E-12	329.755469	0.1000001	3.46579E-05	329.755469
1.9	-9E-13	329.77999	0.0999999	3.37989E-05	329.77999
1.8	-2.2E-12	329.804529	0.1000002	3.29411E-05	329.804529
1.7	-3.4E-12	329.829105	0.0999997	3.20855E-05	329.829105
1.6	-4.4E-12	329.853615	0.0999999	3.12308E-05	329.853615
1.5	-5.9E-12	329.87823	0.0999999	3.03759E-05	329.87823
1.4	-7.1E-12	329.902736	0.1000001	2.95236E-05	329.902736
1.3	-8.2E-12	329.927427	0.1	2.8673E-05	329.927427
1.2	-1E-11	329.95193	0.1	2.78238E-05	329.95193
1.1	-1.15E-11	329.97644	0.1000001	2.6976E-05	329.97644
1	-6.6E-12	330.033808	0.1	2.61368E-05	330.033808
0.9	-1.3E-11	330.058455	0.0999998	2.52927E-05	330.058455
0.8	-1.56E-11	330.082949	0.1000001	2.44531E-05	330.082949
0.7	-1.76E-11	330.107476	0.0999999	2.36164E-05	330.107476
0.6	-1.98E-11	330.132044	0.0999999	2.27835E-05	330.132044
0.5	-2.21E-11	330.156573	0.0999999	2.19551E-05	330.156573
0.4	-2.42E-11	330.181076	0.1	2.1131E-05	330.181076
0.3	-2.66E-11	330.205604	0.0999998	2.03123E-05	330.205604
0.1999998	-2.52E-11	330.232134	0.1	1.94993E-05	330.232134
0.0999998	-2.96E-11	330.256896	0.1	1.86906E-05	330.256896
-5E-07	-3.34E-11	330.281404	0.1	1.78867E-05	330.281404
