#scan	iMeasureCycle=1	iMux=0	time=0.022	N=401	LocalTime=20/04/2023 11:07:44
#VGate(V)	IGate(A)	time(s)	VDrain(V)	IDrain(A)	time(s)
-1E-07	-1.519E-10	0.024889	0.1	2.70942E-05	0.024889
-0.1000002	-2.103E-10	0.04978	0.0999999	2.62336E-05	0.04978
-0.2000003	-2.591E-10	0.074408	0.0999999	2.53796E-05	0.074408
-0.300001	-1.927E-10	0.099143	0.0999997	2.45288E-05	0.099143
-0.4	-1.096E-10	0.123655	0.1000001	2.36815E-05	0.123655
-0.5	-8.46E-11	0.148177	0.1	2.28374E-05	0.148177
-0.6	-7.23E-11	0.172698	0.1	2.19958E-05	0.172698
-0.7	-6.5E-11	0.197222	0.0999999	2.11579E-05	0.197222
-0.8	-6.04E-11	0.221846	0.0999999	2.03226E-05	0.221846
-0.9	-5.7E-11	0.246405	0.0999999	1.94909E-05	0.246405
-1	-5.52E-11	0.271003	0.0999999	1.86622E-05	0.271003
-1.1	-5.35E-11	0.295548	0.0999998	1.78376E-05	0.295548
-1.2	-5.29E-11	0.320082	0.1	1.70175E-05	0.320082
-1.3	-5.3E-11	0.344594	0.1	1.62017E-05	0.344594
-1.4	-5.24E-11	0.369133	0.0999999	1.53914E-05	0.369133
-1.5	-5.21E-11	0.393646	0.1	1.45869E-05	0.393646
-1.6	-5.16E-11	0.418202	0.0999999	1.37887E-05	0.418202
-1.7	-5.22E-11	0.442705	0.0999999	1.29978E-05	0.442705
-1.8	-5.21E-11	0.467229	0.1000001	1.22159E-05	0.467229
-1.9	-5.18E-11	0.491757	0.1	1.14427E-05	0.491757
-2	-5.17E-11	0.516316	0.0999998	1.06809E-05	0.516316
-2.1	-5.19E-11	0.540859	0.0999999	9.9306E-06	0.540859
-2.2	-4.56E-11	0.591074	0.1000001	9.1951E-06	0.591074
-2.3	-4.67E-11	0.61826	0.0999998	8.47708E-06	0.61826
-2.4	-5.13E-11	0.642771	0.0999998	7.77232E-06	0.642771
-2.5	-5.15E-11	0.667387	0.0999999	7.08812E-06	0.667387
-2.6	-5.26E-11	0.691954	0.0999998	6.42574E-06	0.691954
-2.7	-5.3E-11	0.716565	0.0999999	5.78723E-06	0.716565
-2.8	-5.29E-11	0.74109	0.1	5.17537E-06	0.74109
-2.9	-5.34E-11	0.765632	0.0999999	4.59339E-06	0.765632
-3	-5.37E-11	0.790143	0.0999998	4.04135E-06	0.790143
-3.1	-5.41E-11	0.814665	0.1	3.52187E-06	0.814665
-3.2	-5.44E-11	0.839171	0.1000001	3.03719E-06	0.839171
-3.3	-5.48E-11	0.8637	0.0999999	2.58845E-06	0.8637
-3.4	-5.5E-11	0.888253	0.0999998	2.17673E-06	0.888253
-3.5	-5.51E-11	0.912803	0.1	1.80238E-06	0.912803
-3.6	-5.56E-11	0.937329	0.0999997	1.46613E-06	0.937329
-3.7	-5.6E-11	0.961887	0.1	1.16759E-06	0.961887
-3.8	-5.61E-11	0.986408	0.0999998	9.0751E-07	0.986408
-3.9	-5.29E-11	1.013723	0.0999997	6.85557E-07	1.013723
-4	-5.61E-11	1.038256	0.0999998	4.99406E-07	1.038256
-4.1	-5.12E-11	1.090062	0.0999999	3.51779E-07	1.090062
-4.2	-5.55E-11	1.1146	0.0999997	2.33476E-07	1.1146
-4.3	-5.59E-11	1.139152	0.0999998	1.46305E-07	1.139152
-4.4	-5.16E-11	1.176825	0.0999964	8.62773E-08	1.176825
-4.5	-7.16E-11	1.200078	0.1000087	4.62717E-08	1.200078
-4.6	-7.21E-11	1.223382	0.1000053	2.27082E-08	1.223382
-4.7	-7.14E-11	1.246684	0.1000024	1.01169E-08	1.246684
-4.8	-7.37E-11	1.269874	0.1000015	4.0614E-09	1.269874
-4.9	-7.38E-11	1.293114	0.1000005	1.4655E-09	1.293114
-5	-7.49E-11	1.316323	0.1000003	4.705E-10	1.316323
-5.1	-7.31E-11	1.339604	0.1000002	1.241E-10	1.339604
-5.2	-7.46E-11	1.362824	0.1000001	2.59E-11	1.362824
-5.3	-7.42E-11	1.386039	0.1	1E-12	1.386039
-5.4	-7.5E-11	1.409247	0.1000001	-4.1E-12	1.409247
-5.5	-7.56E-11	1.432463	0.1	-4.7E-12	1.432463
-5.6	-7.43E-11	1.455757	0.1000001	-5.1E-12	1.455757
-5.7	-7.44E-11	1.479049	0.1000001	-4.7E-12	1.479049
-5.8	-7.64E-11	1.502262	0.1000002	-4.7E-12	1.502262
-5.9	-7.5E-11	1.525557	0.1000003	-4.7E-12	1.525557
-6	-7.52E-11	1.548836	0.1000001	-5E-12	1.548836
-6.1	-5.61E-11	1.592748	0.0999999	-6.7E-12	1.592748
-6.2	-7.4E-11	1.616105	0.1000002	-5.1E-12	1.616105
-6.3	-7.64E-11	1.639324	0.1	-4.9E-12	1.639324
-6.4	-7.7E-11	1.662535	0.1000003	-4.8E-12	1.662535
-6.5	-7.55E-11	1.685872	0.1000001	-5.2E-12	1.685872
-6.6	-7.57E-11	1.709186	0.1000001	-5.3E-12	1.709186
-6.7	-7.73E-11	1.732512	0.1000001	-5.1E-12	1.732512
-6.8	-7.61E-11	1.755814	0.1000002	-4.9E-12	1.755814
-6.9	-7.68E-11	1.779096	0.1000003	-5.8E-12	1.779096
-7	-7.71E-11	1.802394	0.1000001	-5.1E-12	1.802394
-7.1	-7.8E-11	1.825629	0.1000001	-5.3E-12	1.825629
-7.2	-7.88E-11	1.848835	0.1000002	-5.3E-12	1.848835
-7.3	-7.75E-11	1.872111	0.1000002	-4.9E-12	1.872111
-7.4	-7.63E-11	1.895469	0.1	-5.1E-12	1.895469
-7.5	-7.94E-11	1.918674	0.1000002	-4.5E-12	1.918674
-7.6	-7.97E-11	1.941933	0.1	-4.4E-12	1.941933
-7.7	-7.8E-11	1.965226	0.1	-4.9E-12	1.965226
-7.8	-8E-11	1.988431	0.0999999	-4.5E-12	1.988431
-7.9	-7.97E-11	2.011649	0.1000001	-4.4E-12	2.011649
-8	-8.02E-11	2.034858	0.1000001	-4.6E-12	2.034858
-8.1	-6.02E-11	2.087176	0.1	-6.5E-12	2.087176
-8.2	-7.67E-11	2.110539	0.1000001	-4.7E-12	2.110539
-8.3	-7.87E-11	2.133762	0.1000001	-4.7E-12	2.133762
-8.4	-7.99E-11	2.15698	0.1000001	-4.5E-12	2.15698
-8.5	-8.01E-11	2.180256	0.1000001	-4.8E-12	2.180256
-8.6	-7.92E-11	2.203552	0.1	-4.8E-12	2.203552
-8.7	-8.08E-11	2.226882	0.1000001	-4.7E-12	2.226882
-8.8	-8.11E-11	2.250133	0.1000001	-4.2E-12	2.250133
-8.9	-8.04E-11	2.273384	0.1000002	-4.2E-12	2.273384
-9	-8E-11	2.296686	0.1	-4.8E-12	2.296686
-9.1	-8.1E-11	2.319908	0.1000001	-4.5E-12	2.319908
-9.2	-8.21E-11	2.343126	0.1000001	-4.9E-12	2.343126
-9.3	-8E-11	2.366415	0.1000001	-4.7E-12	2.366415
-9.4	-8.01E-11	2.389702	0.1	-4.7E-12	2.389702
-9.5	-8.2E-11	2.412935	0.1000001	-4.3E-12	2.412935
-9.6	-8.22E-11	2.436145	0.1000001	-4.6E-12	2.436145
-9.7	-8.09E-11	2.459434	0.1000002	-4.9E-12	2.459434
-9.8	-8.08E-11	2.482712	0.1	-4.8E-12	2.482712
-9.9	-8.25E-11	2.505946	0.1000002	-4.4E-12	2.505946
-10	-8.31E-11	2.529158	0.1000003	-3.9E-12	2.529158
-9.90001	-4.23E-11	2.552448	0.0999998	-7.5E-12	2.552448
-9.80001	-5.57E-11	2.592899	0.0999999	-6E-12	2.592899
-9.70001	-3.41E-11	2.616178	0.0999999	-8E-12	2.616178
-9.60001	-3.22E-11	2.639402	0.0999999	-8.1E-12	2.639402
-9.50001	-3.2E-11	2.662684	0.0999996	-8.2E-12	2.662684
-9.40001	-3.12E-11	2.686026	0.0999998	-7.8E-12	2.686026
-9.30001	-2.78E-11	2.709252	0.0999997	-8E-12	2.709252
-9.20001	-2.7E-11	2.732562	0.0999997	-8.5E-12	2.732562
-9.10001	-2.82E-11	2.755865	0.0999996	-8.4E-12	2.755865
-9.00001	-2.79E-11	2.779158	0.0999996	-7.5E-12	2.779158
-8.90001	-2.53E-11	2.802468	0.0999997	-8.1E-12	2.802468
-8.80001	-2.72E-11	2.825797	0.0999997	-8E-12	2.825797
-8.70001	-2.56E-11	2.84908	0.0999997	-7.8E-12	2.84908
-8.60001	-2.36E-11	2.872275	0.0999998	-8.4E-12	2.872275
-8.50001	-2.3E-11	2.895493	0.0999997	-8.1E-12	2.895493
-8.40001	-2.43E-11	2.918795	0.0999999	-8.3E-12	2.918795
-8.30001	-2.29E-11	2.942054	0.0999999	-8.2E-12	2.942054
-8.20001	-2.18E-11	2.965299	0.0999996	-8.7E-12	2.965299
-8.10001	-2.16E-11	2.988544	0.0999997	-8.6E-12	2.988544
-8.00001	-2.28E-11	3.011873	0.0999998	-8.2E-12	3.011873
-7.90001	-2.16E-11	3.035172	0.0999998	-7.7E-12	3.035172
-7.80001	-3.99E-11	3.090618	0.0999999	-6.2E-12	3.090618
-7.70001	-2.06E-11	3.113853	0.0999998	-8.3E-12	3.113853
-7.6	-2.05E-11	3.137085	0.0999996	-8.2E-12	3.137085
-7.50001	-2.12E-11	3.160382	0.0999997	-8.4E-12	3.160382
-7.40001	-1.84E-11	3.183662	0.0999995	-8.3E-12	3.183662
-7.30001	-1.77E-11	3.206973	0.0999997	-8.8E-12	3.206973
-7.2	-1.73E-11	3.230269	0.0999995	-8.5E-12	3.230269
-7.10001	-1.72E-11	3.253514	0.0999996	-8.8E-12	3.253514
-7.00001	-1.63E-11	3.276748	0.0999996	-8.7E-12	3.276748
-6.90001	-1.53E-11	3.299972	0.0999995	-8.8E-12	3.299972
-6.80001	-1.72E-11	3.323275	0.0999996	-8.3E-12	3.323275
-6.70001	-1.78E-11	3.346608	0.0999998	-8.4E-12	3.346608
-6.60001	-1.48E-11	3.369818	0.0999997	-8.6E-12	3.369818
-6.50001	-1.45E-11	3.393033	0.0999998	-8.4E-12	3.393033
-6.40001	-1.54E-11	3.416323	0.0999996	-8.8E-12	3.416323
-6.30001	-1.36E-11	3.43953	0.0999998	-8.7E-12	3.43953
-6.20001	-1.25E-11	3.462745	0.0999996	-8.6E-12	3.462745
-6.10001	-1.2E-11	3.48598	0.0999997	-8.7E-12	3.48598
-6.00001	-1.39E-11	3.50929	0.0999999	-8.7E-12	3.50929
-5.90001	-1.33E-11	3.532566	0.0999996	-8.8E-12	3.532566
-5.80001	-1.15E-11	3.555792	0.0999997	-8.8E-12	3.555792
-5.70001	-3.15E-11	3.596383	0.0999999	-7.6E-12	3.596383
-5.60001	-1.37E-11	3.619729	0.0999995	-8.6E-12	3.619729
-5.50001	-1.13E-11	3.642956	0.0999998	-8.8E-12	3.642956
-5.40001	-1.07E-11	3.666172	0.0999997	-6.7E-12	3.666172
-5.30001	-1.18E-11	3.689523	0.0999996	4.7E-12	3.689523
-5.20001	-1.17E-11	3.712906	0.0999997	5.37E-11	3.712906
-5.1	-9.5E-12	3.736208	0.0999996	2.319E-10	3.736208
-5.00001	-8.4E-12	3.759442	0.0999997	7.829E-10	3.759442
-4.90001	-1.01E-11	3.782731	0.1	2.264E-09	3.782731
-4.80001	-7.9E-12	3.805942	0.1000002	5.9177E-09	3.805942
-4.7	-7.1E-12	3.829157	0.1000002	1.39683E-08	3.829157
-4.60001	-6.7E-12	3.852361	0.1	2.97837E-08	3.852361
-4.50001	-8.6E-12	3.875643	0.0999997	5.79171E-08	3.875643
-4.40001	-2.74E-11	3.92372	0.1	1.01384E-07	3.92372
-4.30001	-2.21E-11	3.948291	0.1000001	1.6998E-07	3.948291
-4.20001	-2.13E-11	3.972817	0.1000003	2.65001E-07	3.972817
-4.10001	-2.08E-11	3.99732	0.1000005	3.90397E-07	3.99732
-4.00001	-2.03E-11	4.021838	0.1000004	5.49006E-07	4.021838
-3.90001	-1.87E-11	4.046344	0.1000006	7.42928E-07	4.046344
-3.80001	-2.52E-11	4.1016	0.1000002	9.68316E-07	4.1016
-3.70001	-2.48E-11	4.13612	0.0999999	1.2358E-06	4.13612
-3.60001	-1.93E-11	4.160634	0.1000001	1.54393E-06	4.160634
-3.50001	-1.87E-11	4.185418	0.1000002	1.88841E-06	4.185418
-3.40001	-1.76E-11	4.209961	0.1	2.27011E-06	4.209961
-3.30001	-1.72E-11	4.234602	0.1000001	2.68843E-06	4.234602
-3.20001	-1.59E-11	4.259124	0.1	3.14313E-06	4.259124
-3.10001	-1.58E-11	4.283695	0.1000001	3.63334E-06	4.283695
-3.00001	-1.48E-11	4.308205	0.0999999	4.1572E-06	4.308205
-2.90001	-1.46E-11	4.332753	0.1	4.71372E-06	4.332753
-2.80001	-1.37E-11	4.357295	0.0999999	5.2997E-06	4.357295
-2.70001	-1.29E-11	4.381798	0.1000001	5.91402E-06	4.381798
-2.60001	-1.16E-11	4.406307	0.1	6.55453E-06	4.406307
-2.50001	-1.12E-11	4.430814	0.1	7.2183E-06	4.430814
-2.40001	-1.09E-11	4.455325	0.1	7.90297E-06	4.455325
-2.30001	-1.04E-11	4.479872	0.1000002	8.60666E-06	4.479872
-2.20001	-9.6E-12	4.504382	0.1000001	9.32827E-06	4.504382
-2.1	-1.18E-11	4.5308	0.1000001	1.006727E-05	4.5308
-2.000001	-1.64E-11	4.602728	0.1000001	1.08016E-05	4.602728
-1.9	-1.02E-11	4.627355	0.0999999	1.15668E-05	4.627355
-1.800001	-8.6E-12	4.651879	0.1	1.23406E-05	4.651879
-1.7	-6.9E-12	4.676395	0.1000001	1.31231E-05	4.676395
-1.6	-5.9E-12	4.700983	0.1000001	1.39137E-05	4.700983
-1.5	-4.7E-12	4.725622	0.1000001	1.47109E-05	4.725622
-1.400001	-3.8E-12	4.7502	0.1	1.55146E-05	4.7502
-1.3	-2.7E-12	4.774708	0.0999998	1.63238E-05	4.774708
-1.200001	-1E-12	4.799225	0.0999999	1.71382E-05	4.799225
-1.100001	-3E-13	4.823728	0.1	1.79563E-05	4.823728
-1	1E-12	4.848295	0.1000002	1.87789E-05	4.848295
-0.9	2.3E-12	4.872805	0.1	1.96061E-05	4.872805
-0.8	3.5E-12	4.897312	0.1	2.04365E-05	4.897312
-0.7	4.9E-12	4.921825	0.1	2.12689E-05	4.921825
-0.6	5.3E-12	4.946588	0.1000001	2.21049E-05	4.946588
-0.500001	7.4E-12	4.971151	0.0999999	2.29443E-05	4.971151
-0.4	9E-12	4.995658	0.1000002	2.37859E-05	4.995658
-0.300001	1.04E-11	5.020191	0.0999998	2.46303E-05	5.020191
-0.1999999	9E-12	5.046608	0.1	2.54781E-05	5.046608
-0.1000002	8E-12	5.102184	0.1000001	2.63255E-05	5.102184
3E-07	1.41E-11	5.126663	0.0999999	2.71835E-05	5.126663
0.1000003	1.61E-11	5.151148	0.0999999	2.80451E-05	5.151148
0.2000002	1.82E-11	5.175643	0.1000001	2.89109E-05	5.175643
0.299999	2.03E-11	5.200418	0.1	2.97793E-05	5.200418
0.4	2.26E-11	5.224926	0.1000001	3.06512E-05	5.224926
0.5	2.44E-11	5.249466	0.1	3.15261E-05	5.249466
0.6	2.68E-11	5.273968	0.1000002	3.24033E-05	5.273968
0.699999	2.84E-11	5.298568	0.1000001	3.32815E-05	5.298568
0.8	3.07E-11	5.323087	0.0999999	3.41614E-05	5.323087
0.9	3.22E-11	5.347635	0.1000001	3.50419E-05	5.347635
0.999999	3.4E-11	5.372145	0.1000001	3.59233E-05	5.372145
1.1	3.58E-11	5.39669	0.1000003	3.68058E-05	5.39669
1.199999	3.69E-11	5.42122	0.0999999	3.76877E-05	5.42122
1.3	3.85E-11	5.445734	0.0999999	3.8572E-05	5.445734
1.4	3.95E-11	5.470223	0.1000001	3.94559E-05	5.470223
1.5	4.05E-11	5.494744	0.1000001	4.03407E-05	5.494744
1.599999	4.24E-11	5.519331	0.1000002	4.1226E-05	5.519331
1.699999	4.32E-11	5.543873	0.1	4.2112E-05	5.543873
1.799999	3.68E-11	5.599277	0.1000001	4.29894E-05	5.599277
1.9	4.23E-11	5.623875	0.1000002	4.38796E-05	5.623875
2	4.37E-11	5.648385	0.0999999	4.47688E-05	5.648385
2.1	4.45E-11	5.672931	0.0999999	4.56576E-05	5.672931
2.19999	4.51E-11	5.697704	0.1000002	4.65432E-05	5.697704
2.29999	4.64E-11	5.722284	0.1	4.7433E-05	5.722284
2.39999	4.66E-11	5.747192	0.0999998	4.8323E-05	5.747192
2.49999	4.74E-11	5.771728	0.1000001	4.9214E-05	5.771728
2.59999	4.79E-11	5.796263	0.1	5.01042E-05	5.796263
2.69999	4.86E-11	5.820751	0.1000002	5.09959E-05	5.820751
2.79999	4.86E-11	5.845294	0.1000002	5.18878E-05	5.845294
2.89999	4.98E-11	5.869794	0.1	5.27806E-05	5.869794
2.99999	4.97E-11	5.894304	0.0999999	5.36742E-05	5.894304
3.09999	5.05E-11	5.918804	0.1000001	5.45679E-05	5.918804
3.19999	5.11E-11	5.943368	0.1	5.54616E-05	5.943368
3.29999	5.09E-11	5.967937	0.1000002	5.63578E-05	5.967937
3.39999	5.16E-11	5.992473	0.0999999	5.72529E-05	5.992473
3.49999	5.17E-11	6.016994	0.1	5.81496E-05	6.016994
3.59999	5.19E-11	6.041509	0.1000001	5.90469E-05	6.041509
3.69999	4.39E-11	6.102983	0.1000001	5.99302E-05	6.102983
3.79999	4.96E-11	6.127565	0.1000001	6.0833E-05	6.127565
3.89999	5.12E-11	6.152096	0.1000001	6.17342E-05	6.152096
3.99999	5.15E-11	6.176611	0.1000001	6.26361E-05	6.176611
4.09999	5.17E-11	6.201168	0.1000002	6.35377E-05	6.201168
4.19999	5.19E-11	6.225852	0.1	6.44384E-05	6.225852
4.29999	5.28E-11	6.250398	0.1	6.53404E-05	6.250398
4.39999	5.28E-11	6.274935	0.1000001	6.62427E-05	6.274935
4.49999	5.3E-11	6.299517	0.1	6.71463E-05	6.299517
4.59999	5.36E-11	6.324029	0.1000001	6.80489E-05	6.324029
4.69999	5.39E-11	6.34857	0.0999999	6.89543E-05	6.34857
4.79999	5.43E-11	6.373071	0.1000001	6.98596E-05	6.373071
4.89999	5.41E-11	6.397635	0.1	7.07662E-05	6.397635
4.99999	5.48E-11	6.422144	0.1000001	7.16719E-05	6.422144
5.09999	5.49E-11	6.446692	0.1000001	7.25795E-05	6.446692
5.19999	5.52E-11	6.47119	0.1000001	7.34875E-05	6.47119
5.29999	5.48E-11	6.495728	0.0999999	7.4396E-05	6.495728
5.39999	5.5E-11	6.52026	0.1000002	7.53048E-05	6.52026
5.49999	5.57E-11	6.544837	0.1	7.62142E-05	6.544837
5.59999	4.9E-11	6.606718	0.1000001	7.71153E-05	6.606718
5.69999	5.36E-11	6.631366	0.0999999	7.80311E-05	6.631366
5.79999	5.47E-11	6.655907	0.1000002	7.89444E-05	6.655907
5.89999	5.51E-11	6.680449	0.1000003	7.98582E-05	6.680449
5.99999	5.51E-11	6.705055	0.1000001	8.0773E-05	6.705055
6.09999	5.54E-11	6.729613	0.1000001	8.16882E-05	6.729613
6.19999	5.58E-11	6.754205	0.1	8.26033E-05	6.754205
6.29999	5.63E-11	6.778724	0.0999999	8.35187E-05	6.778724
6.39999	5.71E-11	6.803229	0.1	8.44372E-05	6.803229
6.49999	5.67E-11	6.827776	0.1000003	8.53549E-05	6.827776
6.59999	5.75E-11	6.852289	0.1000001	8.62733E-05	6.852289
6.69999	5.78E-11	6.876815	0.1	8.71936E-05	6.876815
6.79999	5.79E-11	6.901327	0.0999998	8.81148E-05	6.901327
6.89999	5.72E-11	6.92587	0.1000001	8.9036E-05	6.92587
6.99999	5.79E-11	6.950408	0.1000003	8.99569E-05	6.950408
7.09999	5.81E-11	6.974991	0.1	9.08792E-05	6.974991
7.19999	5.83E-11	6.999494	0.1	9.18028E-05	6.999494
7.29999	5.81E-11	7.024017	0.1	9.27273E-05	7.024017
7.39999	5.86E-11	7.048537	0.0999999	9.36511E-05	7.048537
7.49999	5.19E-11	7.108213	0.1000002	9.45678E-05	7.108213
7.59999	5.7E-11	7.132729	0.0999999	9.5497E-05	7.132729
7.69999	5.75E-11	7.15727	0.1	9.64258E-05	7.15727
7.79999	5.8E-11	7.181778	0.1000002	9.73551E-05	7.181778
7.89999	5.83E-11	7.206369	0.1000004	9.8285E-05	7.206369
7.99999	5.88E-11	7.230836	0.1000003	9.9216E-05	7.230836
8.09999	5.85E-11	7.255395	0.1000002	0.0001001475	7.255395
8.19999	5.89E-11	7.279924	0.0999999	0.0001010802	7.279924
8.29999	5.88E-11	7.304526	0.1000001	0.0001020119	7.304526
8.39999	5.87E-11	7.329075	0.1	0.0001029447	7.329075
8.49999	5.88E-11	7.353706	0.1	0.000103879	7.353706
8.59999	5.9E-11	7.378248	0.1000002	0.0001048152	7.378248
8.69999	5.56E-11	7.407804	0.1000001	0.000105714	7.407804
8.79999	5.9E-11	7.432334	0.0999999	0.00010665	7.432334
8.89999	5.98E-11	7.456888	0.1	0.000107587	7.456888
8.99999	5.98E-11	7.481445	0.1000001	0.000108525	7.481445
9.09999	5.98E-11	7.50596	0.1	0.000109465	7.50596
9.19999	6.05E-11	7.530489	0.1	0.000110404	7.530489
9.29999	6.07E-11	7.555119	0.1	0.00011134	7.555119
9.39999	5.44E-11	7.612791	0.1000001	0.000112279	7.612791
9.49999	5.92E-11	7.637391	0.0999999	0.000113225	7.637391
9.59999	5.92E-11	7.661978	0.1	0.000114173	7.661978
9.69999	5.99E-11	7.686524	0.0999999	0.00011512	7.686524
9.79999	6.01E-11	7.7111	0.0999998	0.000116066	7.7111
9.89999	6.05E-11	7.735685	0.1	0.000117013	7.735685
9.99999	6.03E-11	7.760257	0.1	0.00011796	7.760257
9.9	4.73E-11	7.78479	0.1000001	0.000117002	7.78479
9.8	4.43E-11	7.809308	0.1	0.000116045	7.809308
9.7	4.25E-11	7.833862	0.0999999	0.000115091	7.833862
9.6	4.04E-11	7.858476	0.0999999	0.000114139	7.858476
9.5	3.94E-11	7.883002	0.1000001	0.00011319	7.883002
9.4	3.8E-11	7.907544	0.1000001	0.000112239	7.907544
9.3	3.68E-11	7.932123	0.1	0.000111292	7.932123
9.2	3.66E-11	7.956892	0.0999998	0.000110345	7.956892
9.1	3.49E-11	7.981454	0.0999999	0.000109397	7.981454
9	3.37E-11	8.005985	0.1	0.000108453	8.005985
8.9	3.32E-11	8.0305	0.0999999	0.000107513	8.0305
8.8	3.23E-11	8.055031	0.0999998	0.000106569	8.055031
8.7	3.82E-11	8.1117	0.1000002	0.000105626	8.1117
8.6	3.27E-11	8.13624	0.1000001	0.000104682	8.13624
8.5	3.2E-11	8.160761	0.1	0.000103739	8.160761
8.4	3.1E-11	8.185276	0.1	0.000102798	8.185276
8.3	3.01E-11	8.209867	0.1000002	0.000101855	8.209867
8.2	2.96E-11	8.234435	0.0999999	0.000100917	8.234435
8.1	2.93E-11	8.258979	0.0999998	9.9978E-05	8.258979
8	2.89E-11	8.283521	0.1000001	9.9042E-05	8.283521
7.9	2.84E-11	8.308108	0.1000001	9.8106E-05	8.308108
7.8	2.79E-11	8.332639	0.0999999	9.717E-05	8.332639
7.7	2.76E-11	8.357157	0.1	9.6235E-05	8.357157
7.6	2.73E-11	8.381689	0.1	9.5301E-05	8.381689
7.5	2.67E-11	8.406205	0.1	9.4367E-05	8.406205
7.4	2.64E-11	8.430717	0.1	9.3432E-05	8.430717
7.3	2.59E-11	8.455227	0.1000001	9.2501E-05	8.455227
7.2	2.54E-11	8.479747	0.1	9.1571E-05	8.479747
7.1	2.47E-11	8.504282	0.1	9.0642E-05	8.504282
7	2.39E-11	8.528791	0.1	8.9711E-05	8.528791
6.9	2.74E-11	8.556672	0.0999997	8.88177E-05	8.556672
6.8	3.04E-11	8.613179	0.1	8.78972E-05	8.613179
6.7	2.54E-11	8.637794	0.0999999	8.69684E-05	8.637794
6.6	2.46E-11	8.662307	0.0999998	8.60405E-05	8.662307
6.5	2.39E-11	8.686852	0.0999999	8.51133E-05	8.686852
6.4	2.32E-11	8.711409	0.0999997	8.41885E-05	8.711409
6.3	2.36E-11	8.736	0.0999999	8.32637E-05	8.736
6.2	2.26E-11	8.760533	0.1	8.23393E-05	8.760533
6.1	2.2E-11	8.785055	0.1	8.14154E-05	8.785055
6	2.18E-11	8.809592	0.0999998	8.04934E-05	8.809592
5.9	2.1E-11	8.834101	0.0999997	7.95719E-05	8.834101
5.8	2.09E-11	8.858619	0.0999998	7.86502E-05	8.858619
5.7	1.95E-11	8.883138	0.1	7.77294E-05	8.883138
5.6	1.96E-11	8.907641	0.0999998	7.68094E-05	8.907641
5.5	1.94E-11	8.932143	0.0999999	7.58906E-05	8.932143
5.4	1.89E-11	8.956764	0.1000001	7.49722E-05	8.956764
5.3	1.84E-11	8.98136	0.1	7.4054E-05	8.98136
5.2	1.81E-11	9.005921	0.0999997	7.31375E-05	9.005921
5.1	1.78E-11	9.030422	0.1000001	7.22213E-05	9.030422
5	1.74E-11	9.054952	0.0999998	7.13057E-05	9.054952
4.9	2.37E-11	9.117651	0.0999999	7.0397E-05	9.117651
4.8	1.84E-11	9.142183	0.1000002	6.94825E-05	9.142183
4.7	1.74E-11	9.166714	0.1	6.85693E-05	9.166714
4.6	1.65E-11	9.19124	0.1	6.76549E-05	9.19124
4.5	1.58E-11	9.215801	0.1	6.67425E-05	9.215801
4.4	1.55E-11	9.240434	0.1000002	6.58323E-05	9.240434
4.3	1.49E-11	9.264997	0.1000001	6.49213E-05	9.264997
4.2	1.39E-11	9.289531	0.0999999	6.40113E-05	9.289531
4.1	1.34E-11	9.31414	0.0999999	6.31014E-05	9.31414
4	1.32E-11	9.338653	0.1000001	6.21936E-05	9.338653
3.9	1.17E-11	9.363176	0.0999999	6.12843E-05	9.363176
3.8	1.18E-11	9.387724	0.1	6.03764E-05	9.387724
3.7	1.09E-11	9.412222	0.0999999	5.94705E-05	9.412222
3.6	1.04E-11	9.436731	0.0999998	5.85655E-05	9.436731
3.5	9.9E-12	9.461246	0.0999999	5.76596E-05	9.461246
3.4	9.1E-12	9.485768	0.1000001	5.67551E-05	9.485768
3.3	8.8E-12	9.510288	0.1	5.58513E-05	9.510288
3.2	8E-12	9.534819	0.0999999	5.49499E-05	9.534819
3.1	7.7E-12	9.559425	0.1000001	5.40471E-05	9.559425
3	1.33E-11	9.616576	0.0999998	5.31508E-05	9.616576
2.9	7.9E-12	9.641129	0.1	5.2249E-05	9.641129
2.8	6.6E-12	9.66567	0.1	5.1349E-05	9.66567
2.7	5.4E-12	9.690176	0.1	5.04487E-05	9.690176
2.6	4.9E-12	9.714762	0.1	4.9551E-05	9.714762
2.5	3.7E-12	9.739268	0.0999998	4.86532E-05	9.739268
2.4	2.6E-12	9.763816	0.0999997	4.77561E-05	9.763816
2.3	2.3E-12	9.788353	0.1000001	4.686E-05	9.788353
2.2	9E-13	9.812869	0.0999999	4.59649E-05	9.812869
2.099999	3.7E-12	9.839289	0.1	4.50736E-05	9.839289
2	-9E-13	9.863824	0.1	4.41794E-05	9.863824
1.9	-2.3E-12	9.888365	0.1	4.32873E-05	9.888365
1.8	-3.1E-12	9.912894	0.0999999	4.23954E-05	9.912894
1.7	-4.3E-12	9.937396	0.1	4.1505E-05	9.937396
1.6	-5.2E-12	9.961986	0.1000001	4.06152E-05	9.961986
1.5	-6.8E-12	9.986582	0.0999999	3.97264E-05	9.986582
1.4	-8E-12	10.011109	0.0999998	3.88391E-05	10.011109
1.3	-9E-12	10.035616	0.1	3.7953E-05	10.035616
1.2	-1.04E-11	10.060171	0.0999998	3.70686E-05	10.060171
1.100001	-5.7E-12	10.117922	0.1000001	3.61898E-05	10.117922
1	-1.14E-11	10.14248	0.1	3.53071E-05	10.14248
0.9	-1.43E-11	10.166999	0.0999999	3.44265E-05	10.166999
0.8	-1.63E-11	10.191523	0.0999999	3.35478E-05	10.191523
0.7	-1.86E-11	10.216073	0.0999998	3.26723E-05	10.216073
0.6	-2.04E-11	10.240646	0.1000002	3.17986E-05	10.240646
0.5	-2.27E-11	10.265201	0.1	3.09278E-05	10.265201
0.4	-2.5E-11	10.289733	0.0999998	3.00608E-05	10.289733
0.3	-2.68E-11	10.314311	0.0999999	2.91973E-05	10.314311
0.2	-2.61E-11	10.340703	0.1000001	2.83389E-05	10.340703
0.0999995	-3.14E-11	10.365204	0.0999998	2.74837E-05	10.365204
-4E-07	-3.37E-11	10.3897	0.1	2.66328E-05	10.3897
#scan	iMeasureCycle=2	iMux=0	time=279.806	N=401	LocalTime=20/04/2023 11:12:23
#VGate(V)	IGate(A)	time(s)	VDrain(V)	IDrain(A)	time(s)
-2E-07	-1.27E-11	279.813605	0.1	2.68653E-05	279.813605
-0.1000003	-1.99E-11	279.83849	0.0999999	2.6009E-05	279.83849
-0.2000001	-2.14E-11	279.864419	0.0999999	2.51584E-05	279.864419
-0.3	-2.78E-11	279.889153	0.1	2.43111E-05	279.889153
-0.4	-3.09E-11	279.913663	0.1	2.34674E-05	279.913663
-0.5	-3.31E-11	279.938182	0.1000001	2.26272E-05	279.938182
-0.6	-3.58E-11	279.962742	0.0999999	2.17896E-05	279.962742
-0.7	-3.71E-11	279.987269	0.0999999	2.09558E-05	279.987269
-0.8	-3.89E-11	280.011775	0.0999999	2.01234E-05	280.011775
-0.9	-4E-11	280.036311	0.1	1.92952E-05	280.036311
-1	-4.15E-11	280.060844	0.0999999	1.84709E-05	280.060844
-1.1	-4.29E-11	280.085409	0.0999997	1.76506E-05	280.085409
-1.2	-4.42E-11	280.109914	0.0999999	1.68347E-05	280.109914
-1.3	-4.48E-11	280.134439	0.0999999	1.6024E-05	280.134439
-1.4	-4.57E-11	280.158972	0.0999998	1.52183E-05	280.158972
-1.5	-4.61E-11	280.183534	0.0999999	1.44189E-05	280.183534
-1.6	-4.73E-11	280.208058	0.0999999	1.3626E-05	280.208058
-1.7	-4.71E-11	280.232793	0.1	1.28404E-05	280.232793
-1.8	-4.85E-11	280.257407	0.1	1.20643E-05	280.257407
-1.9	-4.88E-11	280.281936	0.1	1.12973E-05	280.281936
-2	-4.92E-11	280.306543	0.0999998	1.05411E-05	280.306543
-2.1	-5.02E-11	280.331078	0.0999999	9.7971E-06	280.331078
-2.2	-4.39E-11	280.380189	0.0999999	9.0689E-06	280.380189
-2.3	-4.6E-11	280.407333	0.0999999	8.35768E-06	280.407333
-2.4	-5.03E-11	280.431909	0.0999999	7.66023E-06	280.431909
-2.5	-5.08E-11	280.456448	0.0999999	6.98213E-06	280.456448
-2.6	-5.19E-11	280.481008	0.1	6.32658E-06	280.481008
-2.7	-5.28E-11	280.505523	0.0999999	5.69536E-06	280.505523
-2.8	-5.3E-11	280.530035	0.1000002	5.09071E-06	280.530035
-2.9	-5.32E-11	280.554649	0.0999999	4.51458E-06	280.554649
-3	-5.37E-11	280.579158	0.1	3.96875E-06	280.579158
-3.1	-5.41E-11	280.603686	0.1	3.4555E-06	280.603686
-3.2	-5.46E-11	280.628288	0.0999999	2.97708E-06	280.628288
-3.3	-5.51E-11	280.652835	0.1000001	2.53453E-06	280.652835
-3.4	-5.54E-11	280.677347	0.1000001	2.12801E-06	280.677347
-3.5	-5.54E-11	280.701882	0.0999998	1.7587E-06	280.701882
-3.6	-5.57E-11	280.726411	0.0999999	1.42752E-06	280.726411
-3.7	-5.65E-11	280.751074	0.0999998	1.13398E-06	280.751074
-3.8	-5.24E-11	280.778375	0.0999996	8.79341E-07	280.778375
-3.9	-5.61E-11	280.802911	0.0999995	6.6105E-07	280.802911
-4	-5.69E-11	280.827404	0.0999997	4.79462E-07	280.827404
-4.1	-5.12E-11	280.878812	0.0999997	3.35738E-07	280.878812
-4.2	-5.57E-11	280.903349	0.0999998	2.21419E-07	280.903349
-4.3	-5.61E-11	280.927886	0.0999998	1.37675E-07	280.927886
-4.4	-5.14E-11	280.965701	0.099996	8.05285E-08	280.965701
-4.5	-7E-11	280.98901	0.100009	4.26758E-08	280.98901
-4.6	-7.2E-11	281.012234	0.1000041	2.0705E-08	281.012234
-4.7	-7.3E-11	281.035448	0.1000023	9.1257E-09	281.035448
-4.8	-7.28E-11	281.058669	0.1000014	3.6284E-09	281.058669
-4.9	-7.25E-11	281.081957	0.1000004	1.2947E-09	281.081957
-5	-7.37E-11	281.105257	0.1000002	4.093E-10	281.105257
-5.1	-7.44E-11	281.128466	0.1000002	1.067E-10	281.128466
-5.2	-7.49E-11	281.151661	0.1000004	2.03E-11	281.151661
-5.3	-7.34E-11	281.174948	0.1	-8E-13	281.174948
-5.4	-7.52E-11	281.198194	0.1000001	-5.1E-12	281.198194
-5.5	-7.53E-11	281.221417	0.1	-5.5E-12	281.221417
-5.6	-7.52E-11	281.244695	0.1000002	-5.6E-12	281.244695
-5.7	-7.47E-11	281.267996	0.1000001	-5.5E-12	281.267996
-5.8	-7.69E-11	281.291232	0.1000001	-5.8E-12	281.291232
-5.9	-7.66E-11	281.31446	0.1000002	-5.7E-12	281.31446
-6	-7.72E-11	281.337673	0.1	-5.1E-12	281.337673
-6.1	-5.68E-11	281.38188	0.1	-7E-12	281.38188
-6.2	-7.38E-11	281.405189	0.1000003	-5.7E-12	281.405189
-6.3	-7.46E-11	281.428495	0.1000001	-5.5E-12	281.428495
-6.4	-7.69E-11	281.451697	0.1000002	-5.2E-12	281.451697
-6.5	-7.77E-11	281.474957	0.1000001	-5.1E-12	281.474957
-6.6	-7.57E-11	281.49833	0.1000002	-5.3E-12	281.49833
-6.7	-7.55E-11	281.521643	0.1	-5E-12	281.521643
-6.8	-7.62E-11	281.544927	0.1000001	-5.2E-12	281.544927
-6.9	-7.64E-11	281.568207	0.1000001	-5.3E-12	281.568207
-7	-7.82E-11	281.591443	0.1000004	-5.6E-12	281.591443
-7.1	-7.84E-11	281.61467	0.1000003	-5.2E-12	281.61467
-7.2	-7.87E-11	281.637937	0.1	-5.1E-12	281.637937
-7.3	-7.76E-11	281.661232	0.1000002	-5.2E-12	281.661232
-7.4	-7.75E-11	281.68452	0.1000001	-5.2E-12	281.68452
-7.5	-7.94E-11	281.707746	0.1000001	-4.9E-12	281.707746
-7.6	-7.98E-11	281.730964	0.1	-4.6E-12	281.730964
-7.7	-7.8E-11	281.754342	0.1	-4.9E-12	281.754342
-7.8	-7.81E-11	281.77764	0.1000001	-5E-12	281.77764
-7.9	-8E-11	281.800958	0.1000002	-5E-12	281.800958
-8	-8.01E-11	281.824184	0.1000003	-4.7E-12	281.824184
-8.1	-5.96E-11	281.880543	0.1000002	-6.6E-12	281.880543
-8.2	-7.94E-11	281.903787	0.1000001	-4.9E-12	281.903787
-8.3	-7.98E-11	281.927003	0.1000002	-4.6E-12	281.927003
-8.4	-8.02E-11	281.950209	0.1000004	-4.4E-12	281.950209
-8.5	-7.85E-11	281.973631	0.1	-4.8E-12	281.973631
-8.6	-7.85E-11	281.996931	0.1000001	-4.9E-12	281.996931
-8.7	-8.12E-11	282.020148	0.1000002	-4.6E-12	282.020148
-8.8	-8.12E-11	282.04336	0.1000004	-4.8E-12	282.04336
-8.9	-7.96E-11	282.066642	0.1000001	-5.1E-12	282.066642
-9	-7.94E-11	282.089937	0.1	-5.3E-12	282.089937
-9.1	-8.2E-11	282.113163	0.1000001	-4.9E-12	282.113163
-9.2	-8.19E-11	282.136374	0.1000002	-5E-12	282.136374
-9.3	-8E-11	282.159658	0.1	-4.5E-12	282.159658
-9.4	-8E-11	282.182955	0.1	-4.6E-12	282.182955
-9.5	-8.19E-11	282.206179	0.1000001	-4.4E-12	282.206179
-9.6	-8.21E-11	282.229403	0.1000001	-4.4E-12	282.229403
-9.7	-8.09E-11	282.252781	0.0999999	-4.5E-12	282.252781
-9.8	-8.21E-11	282.275989	0.1000001	-4.5E-12	282.275989
-9.9	-8.27E-11	282.299252	0.1	-4.2E-12	282.299252
-10	-8.26E-11	282.322462	0.1000003	-4.3E-12	282.322462
-9.90001	-5.72E-11	282.37783	0.0999998	-6.4E-12	282.37783
-9.80001	-3.73E-11	282.401147	0.0999996	-7.9E-12	282.401147
-9.70001	-3.4E-11	282.424373	0.0999998	-8.2E-12	282.424373
-9.60001	-3.15E-11	282.44759	0.0999996	-8.3E-12	282.44759
-9.50001	-3.3E-11	282.470969	0.0999997	-8E-12	282.470969
-9.40001	-3.12E-11	282.494265	0.0999998	-7.8E-12	282.494265
-9.30001	-2.84E-11	282.517485	0.0999997	-8.1E-12	282.517485
-9.20001	-2.7E-11	282.540777	0.0999998	-8.2E-12	282.540777
-9.10001	-2.84E-11	282.564067	0.0999997	-7.9E-12	282.564067
-9.00001	-2.75E-11	282.587354	0.0999998	-8.4E-12	282.587354
-8.90001	-2.48E-11	282.610582	0.0999997	-8.3E-12	282.610582
-8.80001	-2.63E-11	282.63393	0.0999999	-8.8E-12	282.63393
-8.70001	-2.55E-11	282.657214	0.0999997	-8.6E-12	282.657214
-8.60001	-2.33E-11	282.680434	0.0999997	-8.2E-12	282.680434
-8.50001	-2.21E-11	282.703662	0.0999998	-8.5E-12	282.703662
-8.40001	-2.41E-11	282.726952	0.0999998	-8.5E-12	282.726952
-8.30001	-2.37E-11	282.750341	0.0999998	-8.4E-12	282.750341
-8.20001	-2.13E-11	282.773557	0.0999996	-8.6E-12	282.773557
-8.10001	-2.08E-11	282.796766	0.0999996	-8.7E-12	282.796766
-8.00001	-2.17E-11	282.82006	0.0999996	-8.6E-12	282.82006
-7.90001	-2.11E-11	282.843334	0.0999997	-8.3E-12	282.843334
-7.80001	-3.93E-11	282.883722	0.0999999	-6.8E-12	282.883722
-7.70001	-2.01E-11	282.90696	0.0999998	-8.9E-12	282.90696
-7.6	-1.9E-11	282.930187	0.0999997	-8.4E-12	282.930187
-7.50001	-2.06E-11	282.953484	0.0999998	-8.9E-12	282.953484
-7.40001	-1.79E-11	282.976762	0.0999996	-9.1E-12	282.976762
-7.30001	-1.74E-11	283.000094	0.0999995	-9.4E-12	283.000094
-7.2	-1.86E-11	283.023381	0.0999996	-9.1E-12	283.023381
-7.10001	-1.86E-11	283.046673	0.0999995	-9E-12	283.046673
-7.00001	-1.65E-11	283.069874	0.0999996	-8.7E-12	283.069874
-6.90001	-1.63E-11	283.093084	0.0999997	-9.2E-12	283.093084
-6.80001	-1.74E-11	283.116391	0.0999997	-8.6E-12	283.116391
-6.70001	-1.65E-11	283.139675	0.0999996	-8.6E-12	283.139675
-6.60001	-1.46E-11	283.162887	0.0999996	-8.9E-12	283.162887
-6.50001	-1.4E-11	283.186098	0.0999997	-9E-12	283.186098
-6.40001	-1.56E-11	283.2094	0.0999996	-9E-12	283.2094
-6.30001	-1.36E-11	283.232627	0.0999998	-9.4E-12	283.232627
-6.20001	-1.34E-11	283.255937	0.0999998	-9.3E-12	283.255937
-6.10001	-1.27E-11	283.279163	0.0999995	-9.5E-12	283.279163
-6.00001	-1.24E-11	283.30242	0.0999998	-9.5E-12	283.30242
-5.90001	-1.35E-11	283.32572	0.0999998	-9.5E-12	283.32572
-5.80001	-3.31E-11	283.385066	0.0999999	-7.6E-12	283.385066
-5.70001	-1.36E-11	283.408304	0.0999996	-9.5E-12	283.408304
-5.60001	-1.25E-11	283.431533	0.0999998	-9.5E-12	283.431533
-5.50001	-1.36E-11	283.454824	0.0999996	-9E-12	283.454824
-5.40001	-1.13E-11	283.478099	0.0999995	-7.3E-12	283.478099
-5.30001	-1.05E-11	283.501311	0.0999997	2.2E-12	283.501311
-5.20001	-9.7E-12	283.524534	0.0999996	4.25E-11	283.524534
-5.1	-1.09E-11	283.547816	0.0999997	1.981E-10	283.547816
-5.00001	-1.02E-11	283.571092	0.0999999	6.776E-10	283.571092
-4.90001	-1E-11	283.594369	0.1	1.9911E-09	283.594369
-4.80001	-9.7E-12	283.617643	0.1000002	5.2686E-09	283.617643
-4.7	-9.4E-12	283.640985	0.1000003	1.25741E-08	283.640985
-4.60001	-7.7E-12	283.664198	0.1000004	2.71769E-08	283.664198
-4.50001	-6.8E-12	283.687411	0.0999986	5.34848E-08	283.687411
-4.40001	-6.3E-12	283.710624	0.0999923	9.64291E-08	283.710624
-4.30001	-2.63E-11	283.750207	0.1000001	1.59241E-07	283.750207
-4.20001	-2.14E-11	283.774741	0.1000003	2.51174E-07	283.774741
-4.10001	-2.07E-11	283.79925	0.1000005	3.72569E-07	283.79925
-4.00001	-2.03E-11	283.823847	0.1000004	5.26851E-07	283.823847
-3.90001	-2.76E-11	283.888571	0.1	7.10302E-07	283.888571
-3.80001	-2.12E-11	283.913144	0.1000005	9.38865E-07	283.913144
-3.70001	-2.46E-11	283.947689	0.0999998	1.20005E-06	283.947689
-3.60001	-2.05E-11	283.974603	0.1000003	1.50272E-06	283.974603
-3.50001	-1.9E-11	283.999121	0.1	1.84233E-06	283.999121
-3.40001	-1.87E-11	284.023662	0.1	2.21815E-06	284.023662
-3.30001	-1.74E-11	284.048195	0.1	2.63068E-06	284.048195
-3.20001	-1.66E-11	284.07272	0.1	3.07945E-06	284.07272
-3.10001	-1.6E-11	284.097251	0.0999999	3.56332E-06	284.097251
-3.00001	-1.53E-11	284.121806	0.1000001	4.08079E-06	284.121806
-2.90001	-1.47E-11	284.146318	0.0999999	4.63039E-06	284.146318
-2.80001	-1.43E-11	284.17085	0.0999999	5.21012E-06	284.17085
-2.70001	-1.33E-11	284.195375	0.1000001	5.81842E-06	284.195375
-2.60001	-1.31E-11	284.219931	0.1000001	6.45178E-06	284.219931
-2.50001	-1.21E-11	284.2445	0.1000001	7.10866E-06	284.2445
-2.40001	-1.12E-11	284.269117	0.0999999	7.78674E-06	284.269117
-2.30001	-1.09E-11	284.293633	0.1000002	8.48398E-06	284.293633
-2.20001	-1E-11	284.318222	0.1000002	9.19811E-06	284.318222
-2.099999	-1.23E-11	284.344646	0.1000001	9.93073E-06	284.344646
-2.000001	-1.5E-11	284.399818	0.1000001	1.06624E-05	284.399818
-1.900001	-8.9E-12	284.424348	0.1000002	1.14208E-05	284.424348
-1.800001	-8.3E-12	284.448895	0.1000002	1.21885E-05	284.448895
-1.700001	-9.2E-12	284.474532	0.0999999	1.29647E-05	284.474532
-1.6	-5.9E-12	284.499045	0.1000001	1.37495E-05	284.499045
-1.5	-4.7E-12	284.523601	0.1000001	1.45414E-05	284.523601
-1.4	-3.6E-12	284.548203	0.1000002	1.53398E-05	284.548203
-1.3	-2.2E-12	284.572715	0.1000003	1.6144E-05	284.572715
-1.200001	-1.9E-12	284.597268	0.1	1.69538E-05	284.597268
-1.100001	-2E-13	284.621783	0.1000002	1.77682E-05	284.621783
-1	8E-13	284.646363	0.0999999	1.85873E-05	284.646363
-0.9	1.9E-12	284.670897	0.1	1.94097E-05	284.670897
-0.8	2.9E-12	284.695467	0.1	2.02361E-05	284.695467
-0.700001	4.2E-12	284.720092	0.1000002	2.10652E-05	284.720092
-0.600001	5.7E-12	284.74465	0.1000001	2.18976E-05	284.74465
-0.500001	7.6E-12	284.769262	0.1000001	2.27333E-05	284.769262
-0.400001	8.9E-12	284.793769	0.1000001	2.35709E-05	284.793769
-0.3	1.02E-11	284.818292	0.1000001	2.4412E-05	284.818292
-0.1999999	8E-12	284.844703	0.1	2.52562E-05	284.844703
-0.1000001	7.5E-12	284.891126	0.0999998	2.61014E-05	284.891126
2E-07	1.42E-11	284.915638	0.1	2.6956E-05	284.915638
0.1000001	1.64E-11	284.940137	0.1	2.78142E-05	284.940137
0.2000003	1.84E-11	284.964652	0.1000001	2.86763E-05	284.964652
0.299999	2.05E-11	284.989418	0.1	2.95421E-05	284.989418
0.4	2.26E-11	285.013922	0.0999999	3.04119E-05	285.013922
0.5	2.48E-11	285.038424	0.1000001	3.12853E-05	285.038424
0.599999	2.6E-11	285.062972	0.1000001	3.21617E-05	285.062972
0.7	2.87E-11	285.087471	0.0999999	3.30403E-05	285.087471
0.799999	3.02E-11	285.11199	0.1	3.39215E-05	285.11199
0.9	3.19E-11	285.136511	0.1000001	3.48038E-05	285.136511
0.999999	3.38E-11	285.16102	0.1000003	3.56883E-05	285.16102
1.1	3.51E-11	285.185566	0.1000001	3.65746E-05	285.185566
1.2	3.65E-11	285.210097	0.1000001	3.74618E-05	285.210097
1.3	3.82E-11	285.234615	0.1	3.83505E-05	285.234615
1.4	3.95E-11	285.259223	0.1000001	3.924E-05	285.259223
1.5	4.09E-11	285.283733	0.1	4.01298E-05	285.283733
1.599999	4.14E-11	285.308333	0.1000001	4.10211E-05	285.308333
1.699999	4.29E-11	285.332897	0.0999999	4.19123E-05	285.332897
1.799999	3.68E-11	285.392884	0.0999999	4.2798E-05	285.392884
1.9	4.17E-11	285.417431	0.0999999	4.36923E-05	285.417431
2	4.37E-11	285.442056	0.1000002	4.45864E-05	285.442056
2.099999	4.45E-11	285.466561	0.0999999	4.54801E-05	285.466561
2.19999	4.51E-11	285.491354	0.1000002	4.63724E-05	285.491354
2.29999	4.6E-11	285.515901	0.0999999	4.72671E-05	285.515901
2.39999	4.66E-11	285.540457	0.1000001	4.81616E-05	285.540457
2.49999	4.72E-11	285.564997	0.0999999	4.90578E-05	285.564997
2.59999	4.77E-11	285.589536	0.1000001	4.99528E-05	285.589536
2.69999	4.82E-11	285.61405	0.1000002	5.08479E-05	285.61405
2.79999	4.87E-11	285.638585	0.1	5.1744E-05	285.638585
2.89999	4.94E-11	285.663088	0.0999998	5.26407E-05	285.663088
2.99999	4.97E-11	285.687592	0.1000001	5.35366E-05	285.687592
3.09999	5.03E-11	285.712087	0.1000001	5.44333E-05	285.712087
3.19999	5.05E-11	285.736609	0.1000003	5.53294E-05	285.736609
3.29999	5.09E-11	285.761248	0.1000002	5.62276E-05	285.761248
3.39999	5.1E-11	285.785766	0.1	5.71254E-05	285.785766
3.49999	5.15E-11	285.810278	0.1000001	5.80236E-05	285.810278
3.59999	5.2E-11	285.834786	0.1	5.89227E-05	285.834786
3.69999	4.47E-11	285.894261	0.0999999	5.98123E-05	285.894261
3.79999	4.93E-11	285.918775	0.0999998	6.07158E-05	285.918775
3.89999	5.08E-11	285.943299	0.1000001	6.16178E-05	285.943299
3.99999	5.11E-11	285.967841	0.1	6.25198E-05	285.967841
4.09999	5.18E-11	285.992438	0.1000002	6.34219E-05	285.992438
4.19999	5.21E-11	286.016951	0.1000001	6.43243E-05	286.016951
4.29999	5.25E-11	286.04147	0.1000004	6.52272E-05	286.04147
4.39999	5.26E-11	286.065987	0.1000002	6.61303E-05	286.065987
4.49999	5.34E-11	286.090503	0.1000002	6.70341E-05	286.090503
4.59999	5.37E-11	286.115002	0.1	6.79397E-05	286.115002
4.69999	5.37E-11	286.139544	0.0999999	6.88453E-05	286.139544
4.79999	5.42E-11	286.164059	0.1000001	6.97501E-05	286.164059
4.89999	5.39E-11	286.188559	0.1000002	7.06561E-05	286.188559
4.99999	5.4E-11	286.213065	0.1000002	7.15638E-05	286.213065
5.09999	5.43E-11	286.237576	0.1000002	7.24718E-05	286.237576
5.19999	5.51E-11	286.26219	0.1	7.33803E-05	286.26219
5.29999	5.42E-11	286.286738	0.0999998	7.42892E-05	286.286738
5.39999	5.48E-11	286.311294	0.0999999	7.51995E-05	286.311294
5.49999	5.49E-11	286.335822	0.1000002	7.611E-05	286.335822
5.59999	4.9E-11	286.395895	0.1000001	7.70108E-05	286.395895
5.69999	5.36E-11	286.420418	0.0999999	7.79265E-05	286.420418
5.79999	5.45E-11	286.444947	0.1	7.88404E-05	286.444947
5.89999	5.5E-11	286.469491	0.1	7.97563E-05	286.469491
5.99999	5.5E-11	286.494071	0.1	8.06711E-05	286.494071
6.09999	5.56E-11	286.518602	0.1000001	8.15857E-05	286.518602
6.19999	5.55E-11	286.543205	0.1000003	8.25026E-05	286.543205
6.29999	5.59E-11	286.567717	0.1000001	8.34198E-05	286.567717
6.39999	5.59E-11	286.592296	0.1	8.43369E-05	286.592296
6.49999	5.68E-11	286.616799	0.1000001	8.52553E-05	286.616799
6.59999	5.73E-11	286.641394	0.0999998	8.61741E-05	286.641394
6.69999	5.72E-11	286.665904	0.0999999	8.70954E-05	286.665904
6.79999	5.75E-11	286.690417	0.1	8.80159E-05	286.690417
6.89999	5.73E-11	286.714917	0.1000002	8.8937E-05	286.714917
6.99999	5.7E-11	286.739497	0.1000001	8.98585E-05	286.739497
7.09999	5.75E-11	286.76414	0.1000003	9.07816E-05	286.76414
7.19999	5.75E-11	286.788682	0.1000002	9.17043E-05	286.788682
7.29999	5.76E-11	286.813205	0.1000001	9.26291E-05	286.813205
7.39999	5.75E-11	286.837714	0.1000003	9.35538E-05	286.837714
7.49999	5.15E-11	286.897464	0.0999999	9.44702E-05	286.897464
7.59999	5.64E-11	286.921982	0.0999998	9.54004E-05	286.921982
7.69999	5.7E-11	286.946514	0.1000002	9.63301E-05	286.946514
7.79999	5.75E-11	286.971034	0.1000001	9.72588E-05	286.971034
7.89999	5.72E-11	286.995632	0.0999998	9.819E-05	286.995632
7.99999	5.83E-11	287.020144	0.1	9.91212E-05	287.020144
8.09999	5.83E-11	287.044685	0.1000003	0.000100052	287.044685
8.19999	5.85E-11	287.069229	0.0999999	0.0001009845	287.069229
8.29999	5.83E-11	287.093811	0.0999999	0.0001019172	287.093811
8.39999	5.86E-11	287.118364	0.0999999	0.0001028512	287.118364
8.49999	5.82E-11	287.142946	0.1	0.0001037854	287.142946
8.59999	5.9E-11	287.167487	0.1000003	0.0001047193	287.167487
8.69999	5.47E-11	287.197064	0.1	0.000105617	287.197064
8.79999	5.86E-11	287.221593	0.0999999	0.000106554	287.221593
8.89999	5.89E-11	287.246137	0.1000001	0.000107491	287.246137
8.99999	5.95E-11	287.270753	0.1000001	0.000108431	287.270753
9.09999	5.9E-11	287.295263	0.1	0.00010937	287.295263
9.19999	5.95E-11	287.319865	0.0999999	0.000110311	287.319865
9.29999	6.01E-11	287.344386	0.0999999	0.000111248	287.344386
9.39999	5.32E-11	287.402278	0.0999999	0.000112187	287.402278
9.49999	5.86E-11	287.426795	0.1	0.000113135	287.426795
9.59999	5.89E-11	287.451355	0.1	0.000114081	287.451355
9.69999	5.95E-11	287.475881	0.1000001	0.000115029	287.475881
9.79999	6.02E-11	287.500461	0.0999999	0.000115974	287.500461
9.89999	6.06E-11	287.524964	0.0999998	0.000116922	287.524964
9.99999	5.98E-11	287.549525	0.1	0.00011787	287.549525
9.9	4.71E-11	287.574053	0.1000001	0.000116907	287.574053
9.8	4.38E-11	287.59857	0.1000001	0.000115952	287.59857
9.7	4.18E-11	287.623172	0.1	0.000114999	287.623172
9.6	4.02E-11	287.647774	0.1	0.000114046	287.647774
9.5	3.86E-11	287.6723	0.1	0.000113096	287.6723
9.4	3.75E-11	287.696812	0.1000001	0.000112146	287.696812
9.3	3.64E-11	287.721341	0.1	0.000111199	287.721341
9.2	3.53E-11	287.745886	0.0999999	0.00011025	287.745886
9.1	3.45E-11	287.770521	0.1	0.000109304	287.770521
9	3.4E-11	287.795024	0.1000002	0.000108359	287.795024
8.9	3.32E-11	287.81957	0.1	0.000107423	287.81957
8.8	3.27E-11	287.844092	0.1	0.000106476	287.844092
8.7	3.77E-11	287.90072	0.0999998	0.000105533	287.90072
8.6	3.26E-11	287.925268	0.0999998	0.000104588	287.925268
8.5	3.16E-11	287.949792	0.1	0.000103646	287.949792
8.4	3.1E-11	287.97431	0.0999999	0.000102703	287.97431
8.3	3.07E-11	287.998886	0.0999998	0.000101763	287.998886
8.2	2.94E-11	288.023441	0.0999999	0.000100824	288.023441
8.1	2.91E-11	288.047982	0.1000001	9.9884E-05	288.047982
8	2.88E-11	288.072496	0.1	9.8946E-05	288.072496
7.9	2.78E-11	288.097006	0.0999999	9.8011E-05	288.097006
7.8	2.77E-11	288.121561	0.1000001	9.7075E-05	288.121561
7.7	2.72E-11	288.146078	0.1	9.6139E-05	288.146078
7.6	2.7E-11	288.17062	0.1000001	9.5204E-05	288.17062
7.5	2.62E-11	288.195131	0.1	9.4272E-05	288.195131
7.4	2.63E-11	288.219654	0.1	9.334E-05	288.219654
7.3	2.5E-11	288.244236	0.1000001	9.2408E-05	288.244236
7.2	2.53E-11	288.268983	0.1	9.1476E-05	288.268983
7.1	2.49E-11	288.2935	0.1	9.0547E-05	288.2935
7	2.45E-11	288.318077	0.1	8.9617E-05	288.318077
6.9	2.76E-11	288.345941	0.1000002	8.87244E-05	288.345941
6.8	2.99E-11	288.40262	0.1	8.78022E-05	288.40262
6.7	2.52E-11	288.427164	0.0999998	8.68739E-05	288.427164
6.6	2.4E-11	288.451699	0.0999999	8.59463E-05	288.451699
6.5	2.34E-11	288.476252	0.0999999	8.50191E-05	288.476252
6.4	2.26E-11	288.500818	0.0999998	8.40937E-05	288.500818
6.3	2.26E-11	288.525345	0.1000001	8.31677E-05	288.525345
6.2	2.21E-11	288.549981	0.0999998	8.22443E-05	288.549981
6.1	2.15E-11	288.574537	0.1000001	8.13211E-05	288.574537
6	2.14E-11	288.599057	0.1	8.03985E-05	288.599057
5.9	1.99E-11	288.62356	0.1	7.94763E-05	288.62356
5.8	2.01E-11	288.648112	0.1000001	7.85557E-05	288.648112
5.7	1.97E-11	288.672627	0.1	7.76343E-05	288.672627
5.6	1.83E-11	288.697172	0.1	7.67136E-05	288.697172
5.5	1.9E-11	288.721673	0.0999998	7.57944E-05	288.721673
5.4	1.88E-11	288.7462	0.0999999	7.48759E-05	288.7462
5.3	1.85E-11	288.770829	0.0999998	7.39585E-05	288.770829
5.2	1.79E-11	288.795353	0.1000003	7.30411E-05	288.795353
5.1	1.73E-11	288.819849	0.0999996	7.21236E-05	288.819849
5	1.69E-11	288.844369	0.1	7.12093E-05	288.844369
4.9	2.33E-11	288.906732	0.1	7.02999E-05	288.906732
4.8	1.8E-11	288.931274	0.0999999	6.9385E-05	288.931274
4.7	1.71E-11	288.955791	0.1000001	6.84708E-05	288.955791
4.6	1.66E-11	288.98049	0.1	6.75586E-05	288.98049
4.5	1.54E-11	289.005046	0.1000001	6.66454E-05	289.005046
4.4	1.46E-11	289.029576	0.1	6.57335E-05	289.029576
4.3	1.45E-11	289.054078	0.1000002	6.4823E-05	289.054078
4.2	1.33E-11	289.07861	0.0999999	6.39134E-05	289.07861
4.1	1.29E-11	289.10312	0.0999999	6.30034E-05	289.10312
4	1.21E-11	289.127639	0.0999999	6.20943E-05	289.127639
3.9	1.18E-11	289.152153	0.0999998	6.1186E-05	289.152153
3.8	1.09E-11	289.176678	0.1000001	6.0279E-05	289.176678
3.7	1.07E-11	289.20123	0.1000001	5.93723E-05	289.20123
3.6	9.9E-12	289.225756	0.1000001	5.84666E-05	289.225756
3.5	9.2E-12	289.250277	0.0999998	5.75621E-05	289.250277
3.4	8.8E-12	289.274911	0.0999998	5.66575E-05	289.274911
3.3	8.5E-12	289.299443	0.1000002	5.57536E-05	289.299443
3.2	7.5E-12	289.324014	0.0999999	5.48506E-05	289.324014
3.1	6.9E-12	289.348544	0.1	5.39491E-05	289.348544
3	1.27E-11	289.401485	0.0999998	5.30528E-05	289.401485
2.9	7.3E-12	289.426023	0.1000002	5.21507E-05	289.426023
2.8	5.7E-12	289.450533	0.1000001	5.12496E-05	289.450533
2.7	5.3E-12	289.475054	0.1000001	5.03504E-05	289.475054
2.6	4.3E-12	289.499619	0.0999997	4.94526E-05	289.499619
2.5	3.1E-12	289.52415	0.1	4.85544E-05	289.52415
2.4	2.1E-12	289.548662	0.1000001	4.76573E-05	289.548662
2.3	1.7E-12	289.573321	0.0999999	4.67619E-05	289.573321
2.2	4E-13	289.597838	0.1	4.58666E-05	289.597838
2.099999	2.9E-12	289.624285	0.1000002	4.49752E-05	289.624285
2	-6E-13	289.649053	0.0999998	4.40821E-05	289.649053
1.9	-2.6E-12	289.673707	0.0999999	4.31903E-05	289.673707
1.8	-3.6E-12	289.698243	0.1	4.22985E-05	289.698243
1.7	-4.8E-12	289.72277	0.1	4.14079E-05	289.72277
1.6	-5.9E-12	289.747293	0.1000002	4.0518E-05	289.747293
1.5	-6.8E-12	289.77194	0.1	3.96294E-05	289.77194
1.4	-8.6E-12	289.796461	0.0999997	3.8742E-05	289.796461
1.3	-9.9E-12	289.821014	0.0999998	3.78561E-05	289.821014
1.2	-1.1E-11	289.845529	0.0999998	3.69715E-05	289.845529
1.100001	-5.5E-12	289.907611	0.1000001	3.60947E-05	289.907611
1	-1.22E-11	289.93212	0.1000001	3.52114E-05	289.93212
0.9	-1.41E-11	289.956691	0.0999999	3.43311E-05	289.956691
0.8	-1.65E-11	289.981211	0.0999998	3.34528E-05	289.981211
0.7	-1.85E-11	290.005813	0.1	3.2577E-05	290.005813
0.6	-2.07E-11	290.030317	0.0999999	3.17035E-05	290.030317
0.5	-2.27E-11	290.054848	0.1000001	3.0834E-05	290.054848
0.4	-2.55E-11	290.07935	0.1	2.99669E-05	290.07935
0.3	-2.72E-11	290.103905	0.1000001	2.91042E-05	290.103905
0.1999999	-2.62E-11	290.130304	0.1	2.82453E-05	290.130304
0.0999996	-3.15E-11	290.154827	0.0999999	2.73902E-05	290.154827
-4E-07	-3.41E-11	290.179416	0.1000002	2.65403E-05	290.179416
#scan	iMeasureCycle=3	iMux=0	time=319.868	N=401	LocalTime=20/04/2023 11:13:04
#VGate(V)	IGate(A)	time(s)	VDrain(V)	IDrain(A)	time(s)
-1E-07	-1.31E-11	319.875604	0.0999999	2.67637E-05	319.875604
-0.0999999	-1.67E-11	319.902714	0.1	2.59083E-05	319.902714
-0.2000004	-2.38E-11	319.929519	0.1	2.50585E-05	319.929519
-0.3	-2.7E-11	319.95435	0.1	2.42122E-05	319.95435
-0.4	-3.06E-11	319.978863	0.1	2.33702E-05	319.978863
-0.5	-3.29E-11	320.003374	0.1	2.25306E-05	320.003374
-0.6	-3.52E-11	320.02786	0.1	2.16945E-05	320.02786
-0.7	-3.71E-11	320.052425	0.0999998	2.08618E-05	320.052425
-0.8	-3.88E-11	320.076931	0.0999998	2.00317E-05	320.076931
-0.9	-4.01E-11	320.101455	0.1	1.92048E-05	320.101455
-1	-4.15E-11	320.125984	0.1	1.83819E-05	320.125984
-1.1	-4.23E-11	320.150539	0.0999999	1.75633E-05	320.150539
-1.2	-4.35E-11	320.175051	0.0999999	1.67485E-05	320.175051
-1.3	-4.45E-11	320.199591	0.1	1.59391E-05	320.199591
-1.4	-4.62E-11	320.22408	0.1000001	1.51347E-05	320.22408
-1.5	-4.66E-11	320.248647	0.0999999	1.43372E-05	320.248647
-1.6	-4.77E-11	320.273174	0.0999999	1.35465E-05	320.273174
-1.7	-4.77E-11	320.297711	0.0999999	1.27635E-05	320.297711
-1.8	-4.88E-11	320.322274	0.0999999	1.19883E-05	320.322274
-1.9	-4.91E-11	320.346884	0.0999999	1.12234E-05	320.346884
-2	-4.97E-11	320.371406	0.0999999	1.04694E-05	320.371406
-2.1	-5.04E-11	320.395978	0.1	9.7282E-06	320.395978
-2.2	-4.5E-11	320.442301	0.0999999	9.0012E-06	320.442301
-2.3	-4.61E-11	320.469454	0.1	8.29235E-06	320.469454
-2.4	-5E-11	320.494015	0.0999999	7.59815E-06	320.494015
-2.5	-5.13E-11	320.518522	0.1	6.92367E-06	320.518522
-2.6	-5.21E-11	320.543103	0.0999999	6.27088E-06	320.543103
-2.7	-5.24E-11	320.567716	0.0999998	5.64267E-06	320.567716
-2.8	-5.34E-11	320.592231	0.1	5.04037E-06	320.592231
-2.9	-5.31E-11	320.616781	0.1	4.4674E-06	320.616781
-3	-5.43E-11	320.641287	0.0999994	3.92538E-06	320.641287
-3.1	-5.47E-11	320.665876	0.1000001	3.41583E-06	320.665876
-3.2	-5.48E-11	320.690423	0.1	2.94014E-06	320.690423
-3.3	-5.54E-11	320.714958	0.1	2.50023E-06	320.714958
-3.4	-5.56E-11	320.739522	0.1000001	2.09744E-06	320.739522
-3.5	-5.63E-11	320.764057	0.0999999	1.73146E-06	320.764057
-3.6	-5.64E-11	320.788565	0.0999998	1.40345E-06	320.788565
-3.7	-5.63E-11	320.81311	0.0999998	1.11289E-06	320.81311
-3.8	-5.33E-11	320.840503	0.0999997	8.61395E-07	320.840503
-3.9	-5.68E-11	320.865021	0.0999995	6.45735E-07	320.865021
-4	-5.7E-11	320.889568	0.0999998	4.66999E-07	320.889568
-4.1	-5.14E-11	320.940903	0.0999999	3.25872E-07	320.940903
-4.2	-5.58E-11	320.965524	0.0999996	2.13854E-07	320.965524
-4.3	-5.7E-11	320.990039	0.0999998	1.32108E-07	320.990039
-4.4	-5.15E-11	321.027735	0.0999957	7.67416E-08	321.027735
-4.5	-6.89E-11	321.05106	0.1000073	4.03615E-08	321.05106
-4.6	-7.22E-11	321.074292	0.1000044	1.93525E-08	321.074292
-4.7	-7.3E-11	321.097505	0.1000021	8.4213E-09	321.097505
-4.8	-7.35E-11	321.120708	0.1000012	3.3111E-09	321.120708
-4.9	-7.24E-11	321.143987	0.1000007	1.1772E-09	321.143987
-5	-7.27E-11	321.167263	0.1000004	3.635E-10	321.167263
-5.1	-7.48E-11	321.190477	0.1000004	9.5E-11	321.190477
-5.2	-7.48E-11	321.213696	0.1000002	1.67E-11	321.213696
-5.3	-7.35E-11	321.236975	0.1000003	-1E-12	321.236975
-5.4	-7.38E-11	321.260251	0.1000003	-5E-12	321.260251
-5.5	-7.61E-11	321.283468	0.1000002	-5.6E-12	321.283468
-5.6	-7.62E-11	321.306684	0.1000005	-5.6E-12	321.306684
-5.7	-7.27E-11	321.330091	0.1000004	-5.8E-12	321.330091
-5.8	-7.48E-11	321.353404	0.1000003	-5.3E-12	321.353404
-5.9	-7.49E-11	321.376695	0.1000002	-4.8E-12	321.376695
-6	-7.55E-11	321.400041	0.1000002	-4.9E-12	321.400041
-6.1	-5.68E-11	321.444015	0.1000001	-6.4E-12	321.444015
-6.2	-7.48E-11	321.467399	0.1000002	-5.4E-12	321.467399
-6.3	-7.7E-11	321.49063	0.1000002	-5.2E-12	321.49063
-6.4	-7.71E-11	321.513857	0.1000002	-4.8E-12	321.513857
-6.5	-7.75E-11	321.537123	0.1000003	-4.9E-12	321.537123
-6.6	-7.63E-11	321.560411	0.1000001	-5.1E-12	321.560411
-6.7	-7.8E-11	321.583633	0.1000004	-5.3E-12	321.583633
-6.8	-7.79E-11	321.60685	0.1000004	-5.1E-12	321.60685
-6.9	-7.86E-11	321.630062	0.1000003	-4.8E-12	321.630062
-7	-7.73E-11	321.653353	0.1000004	-5.3E-12	321.653353
-7.1	-7.7E-11	321.676633	0.1000004	-4.8E-12	321.676633
-7.2	-7.89E-11	321.699852	0.1000002	-5E-12	321.699852
-7.3	-7.88E-11	321.723134	0.1000003	-5E-12	321.723134
-7.4	-7.77E-11	321.746427	0.1000003	-5.1E-12	321.746427
-7.5	-7.77E-11	321.76971	0.1000004	-5.1E-12	321.76971
-7.6	-7.95E-11	321.792929	0.1000001	-5.2E-12	321.792929
-7.7	-7.98E-11	321.816166	0.1000003	-5.3E-12	321.816166
-7.8	-7.85E-11	321.839541	0.1000002	-5.3E-12	321.839541
-7.9	-7.81E-11	321.862834	0.1000003	-5.5E-12	321.862834
-8	-8.05E-11	321.886043	0.1000003	-5.1E-12	321.886043
-8.1	-5.94E-11	321.942785	0.1000001	-6.8E-12	321.942785
-8.2	-7.86E-11	321.966014	0.1000003	-4.9E-12	321.966014
-8.3	-8.01E-11	321.989237	0.1000004	-4.5E-12	321.989237
-8.4	-7.91E-11	322.012473	0.1000001	-4.7E-12	322.012473
-8.5	-7.73E-11	322.035851	0.1000002	-5.4E-12	322.035851
-8.6	-7.97E-11	322.059128	0.1000004	-5.4E-12	322.059128
-8.7	-7.94E-11	322.082377	0.1000003	-5.2E-12	322.082377
-8.8	-7.81E-11	322.105792	0.1000003	-5.5E-12	322.105792
-8.9	-8.08E-11	322.12902	0.1000003	-5.4E-12	322.12902
-9	-8.13E-11	322.152239	0.1000002	-4.9E-12	322.152239
-9.1	-8.18E-11	322.17545	0.1000001	-4.6E-12	322.17545
-9.2	-8.16E-11	322.198698	0.1000001	-5.2E-12	322.198698
-9.3	-8E-11	322.22199	0.1	-5E-12	322.22199
-9.4	-8.2E-11	322.24519	0.1000002	-4.6E-12	322.24519
-9.5	-8.16E-11	322.268403	0.1000002	-4.9E-12	322.268403
-9.6	-8.26E-11	322.291614	0.1000004	-4.8E-12	322.291614
-9.7	-8.06E-11	322.314934	0.1000002	-4.8E-12	322.314934
-9.8	-8.26E-11	322.338244	0.1000002	-4.9E-12	322.338244
-9.9	-8.25E-11	322.361458	0.1000002	-4.7E-12	322.361458
-10	-8.3E-11	322.384675	0.1000003	-5E-12	322.384675
-9.90001	-5.78E-11	322.440034	0.1000001	-6.4E-12	322.440034
-9.80001	-3.76E-11	322.463335	0.0999999	-8.1E-12	322.463335
-9.70001	-3.37E-11	322.486557	0.0999996	-8.3E-12	322.486557
-9.60001	-3.2E-11	322.509788	0.0999998	-8.3E-12	322.509788
-9.50001	-3.2E-11	322.533128	0.0999999	-7.9E-12	322.533128
-9.40001	-3.15E-11	322.556527	0.0999998	-7.9E-12	322.556527
-9.30001	-2.85E-11	322.579734	0.0999999	-8.3E-12	322.579734
-9.20001	-2.79E-11	322.602959	0.0999998	-8.5E-12	322.602959
-9.10001	-2.84E-11	322.626255	0.1	-8E-12	322.626255
-9.00001	-2.81E-11	322.649579	0.0999996	-8.1E-12	322.649579
-8.90001	-2.52E-11	322.672787	0.1	-8.3E-12	322.672787
-8.80001	-2.42E-11	322.696009	0.1000001	-8.2E-12	322.696009
-8.70001	-2.48E-11	322.719306	0.0999999	-8.6E-12	322.719306
-8.60001	-2.29E-11	322.742562	0.0999999	-8.6E-12	322.742562
-8.50001	-2.43E-11	322.765851	0.0999999	-8.4E-12	322.765851
-8.40001	-2.16E-11	322.789056	0.0999999	-8.4E-12	322.789056
-8.30001	-2.35E-11	322.812338	0.0999998	-8.4E-12	322.812338
-8.20001	-2.21E-11	322.835597	0.0999999	-8.8E-12	322.835597
-8.10001	-2.05E-11	322.858824	0.0999998	-8.8E-12	322.858824
-8	-2.07E-11	322.882035	0.1	-8.6E-12	322.882035
-7.90001	-2.16E-11	322.905337	0.1	-8.6E-12	322.905337
-7.80001	-3.95E-11	322.946026	0.1	-7E-12	322.946026
-7.70001	-2E-11	322.969261	0.0999999	-8.5E-12	322.969261
-7.6	-2.08E-11	322.992566	0.0999999	-8.8E-12	322.992566
-7.50001	-2.09E-11	323.015879	0.0999998	-8.5E-12	323.015879
-7.40001	-1.81E-11	323.03915	0.0999997	-8.8E-12	323.03915
-7.30001	-1.78E-11	323.062414	0.0999998	-8.6E-12	323.062414
-7.2	-1.93E-11	323.085699	0.0999999	-9.1E-12	323.085699
-7.10001	-1.67E-11	323.108914	0.0999999	-9.2E-12	323.108914
-7.00001	-1.63E-11	323.132116	0.0999998	-9.1E-12	323.132116
-6.90001	-1.6E-11	323.155335	0.0999999	-9E-12	323.155335
-6.80001	-1.68E-11	323.17862	0.1	-8.9E-12	323.17862
-6.70001	-1.7E-11	323.201906	0.0999998	-8.7E-12	323.201906
-6.60001	-1.43E-11	323.225124	0.0999998	-9.3E-12	323.225124
-6.50001	-1.38E-11	323.248342	0.0999998	-8.8E-12	323.248342
-6.40001	-1.42E-11	323.271566	0.0999997	-9E-12	323.271566
-6.30001	-1.52E-11	323.294851	0.1000001	-9.4E-12	323.294851
-6.20001	-1.35E-11	323.318099	0.0999998	-9.7E-12	323.318099
-6.10001	-1.32E-11	323.341404	0.0999998	-9.8E-12	323.341404
-6.00001	-1.39E-11	323.364696	0.0999998	-9.4E-12	323.364696
-5.90001	-1.36E-11	323.387985	0.0999997	-9.1E-12	323.387985
-5.80001	-3.3E-11	323.447449	0.1000001	-7.8E-12	323.447449
-5.70001	-1.32E-11	323.470686	0.0999999	-9.5E-12	323.470686
-5.60001	-1.18E-11	323.493898	0.1000001	-9.3E-12	323.493898
-5.50001	-1.27E-11	323.517198	0.0999999	-8.9E-12	323.517198
-5.40001	-1.08E-11	323.540474	0.0999997	-7.6E-12	323.540474
-5.30001	-1.02E-11	323.563696	0.0999999	1.3E-12	323.563696
-5.20001	-1.14E-11	323.586987	0.1	3.81E-11	323.586987
-5.1	-1.1E-11	323.610353	0.1	1.797E-10	323.610353
-5.00001	-8.8E-12	323.633556	0.1	6.254E-10	323.633556
-4.90001	-8.2E-12	323.656769	0.1000001	1.8446E-09	323.656769
-4.80001	-8.4E-12	323.679987	0.1000005	4.8624E-09	323.679987
-4.7	-9.1E-12	323.703277	0.1000005	1.17113E-08	323.703277
-4.60001	-7.5E-12	323.726511	0.0999998	2.55101E-08	323.726511
-4.50001	-6.7E-12	323.749733	0.0999981	5.06492E-08	323.749733
-4.40001	-8.1E-12	323.773023	0.0999953	9.21011E-08	323.773023
-4.30001	-2.71E-11	323.81259	0.1000001	1.52998E-07	323.81259
-4.20001	-2.19E-11	323.837217	0.1000004	2.42464E-07	323.837217
-4.10001	-2.12E-11	323.861752	0.1000002	3.61356E-07	323.861752
-4.00001	-2.02E-11	323.886255	0.1000003	5.13169E-07	323.886255
-3.90001	-2.7E-11	323.951109	0.1000001	6.93422E-07	323.951109
-3.80001	-2.2E-11	323.97566	0.1000004	9.19348E-07	323.97566
-3.70001	-2.49E-11	324.01024	0.1000001	1.17746E-06	324.01024
-3.60001	-2.26E-11	324.035937	0.1000002	1.47677E-06	324.035937
-3.50001	-2.03E-11	324.060686	0.1000001	1.81279E-06	324.060686
-3.40001	-1.82E-11	324.085227	0.1000001	2.1863E-06	324.085227
-3.30001	-1.7E-11	324.109744	0.1000002	2.59595E-06	324.109744
-3.20001	-1.68E-11	324.134284	0.0999999	3.04082E-06	324.134284
-3.10001	-1.61E-11	324.158787	0.1000002	3.52144E-06	324.158787
-3.00001	-1.55E-11	324.18334	0.1000003	4.0367E-06	324.18334
-2.90001	-1.48E-11	324.207862	0.0999998	4.58266E-06	324.207862
-2.80001	-1.43E-11	324.232376	0.0999998	5.15886E-06	324.232376
-2.70001	-1.33E-11	324.256924	0.1000001	5.76354E-06	324.256924
-2.60001	-1.27E-11	324.28146	0.1	6.39427E-06	324.28146
-2.50001	-1.21E-11	324.306011	0.1000002	7.04835E-06	324.306011
-2.40001	-1.1E-11	324.330547	0.1000002	7.7235E-06	324.330547
-2.30001	-1.1E-11	324.355181	0.1	8.41877E-06	324.355181
-2.20001	-9.8E-12	324.379706	0.1	9.1306E-06	324.379706
-2.099999	-1.21E-11	324.406214	0.1	9.86007E-06	324.406214
-2.000001	-1.51E-11	324.462219	0.1	1.05897E-05	324.462219
-1.900001	-9.1E-12	324.486745	0.1	1.13465E-05	324.486745
-1.800001	-8E-12	324.511266	0.1000002	1.21123E-05	324.511266
-1.700001	-9.1E-12	324.536885	0.1	1.28865E-05	324.536885
-1.600001	-6.2E-12	324.561536	0.1000001	1.36694E-05	324.561536
-1.5	-4.7E-12	324.586044	0.1000001	1.44595E-05	324.586044
-1.4	-3.4E-12	324.61059	0.1000001	1.52564E-05	324.61059
-1.3	-2.4E-12	324.635109	0.1000003	1.60592E-05	324.635109
-1.200001	-1.5E-12	324.659636	0.1	1.68679E-05	324.659636
-1.100001	-3E-13	324.68417	0.1	1.76814E-05	324.68417
-1	1E-12	324.708723	0.0999999	1.84985E-05	324.708723
-0.9	2.2E-12	324.733293	0.1000001	1.93201E-05	324.733293
-0.8	3E-12	324.757836	0.1000001	2.0145E-05	324.757836
-0.700001	4.5E-12	324.782366	0.0999999	2.09736E-05	324.782366
-0.6	6.3E-12	324.806924	0.1	2.18042E-05	324.806924
-0.500001	8E-12	324.831452	0.1000001	2.26382E-05	324.831452
-0.400001	9.5E-12	324.856046	0.1000001	2.34753E-05	324.856046
-0.3	1.06E-11	324.880572	0.0999999	2.43156E-05	324.880572
-0.2000001	8.7E-12	324.906983	0.1000001	2.51589E-05	324.906983
-0.0999999	7.7E-12	324.954146	0.1000001	2.60029E-05	324.954146
2E-07	1.43E-11	324.978645	0.1000001	2.68566E-05	324.978645
0.1000002	1.63E-11	325.00314	0.0999999	2.77139E-05	325.00314
0.2000005	1.91E-11	325.027646	0.0999999	2.85745E-05	325.027646
0.3	2.08E-11	325.052416	0.1	2.94398E-05	325.052416
0.4	2.22E-11	325.076989	0.1000001	3.03086E-05	325.076989
0.5	2.44E-11	325.101492	0.1000001	3.11811E-05	325.101492
0.6	2.59E-11	325.126056	0.1	3.20564E-05	325.126056
0.7	2.84E-11	325.150558	0.1000001	3.29347E-05	325.150558
0.799999	2.98E-11	325.175106	0.1000002	3.38144E-05	325.175106
0.899999	3.18E-11	325.199602	0.0999998	3.46964E-05	325.199602
0.999999	3.4E-11	325.224131	0.1000001	3.55805E-05	325.224131
1.1	3.55E-11	325.248663	0.0999999	3.64663E-05	325.248663
1.2	3.66E-11	325.27321	0.1	3.73535E-05	325.27321
1.3	3.89E-11	325.297708	0.1000001	3.82415E-05	325.297708
1.399999	3.95E-11	325.32224	0.0999999	3.91301E-05	325.32224
1.5	4.12E-11	325.346827	0.1000001	4.0021E-05	325.346827
1.599999	4.19E-11	325.371369	0.1000001	4.0912E-05	325.371369
1.699999	4.33E-11	325.39587	0.0999997	4.18035E-05	325.39587
1.799999	3.69E-11	325.455664	0.1000001	4.26912E-05	325.455664
1.899999	4.25E-11	325.480198	0.1	4.35857E-05	325.480198
1.999999	4.34E-11	325.504732	0.1	4.44804E-05	325.504732
2.099999	4.47E-11	325.529256	0.0999998	4.53761E-05	325.529256
2.19999	4.54E-11	325.554024	0.1000001	4.62673E-05	325.554024
2.29999	4.61E-11	325.578542	0.1000002	4.71641E-05	325.578542
2.39999	4.67E-11	325.603053	0.1000001	4.80609E-05	325.603053
2.49999	4.75E-11	325.627575	0.1000001	4.89571E-05	325.627575
2.59999	4.81E-11	325.652094	0.1000001	4.9854E-05	325.652094
2.69999	4.84E-11	325.676619	0.0999998	5.07504E-05	325.676619
2.79999	4.89E-11	325.701161	0.1	5.16495E-05	325.701161
2.89999	4.94E-11	325.72574	0.1000001	5.25475E-05	325.72574
2.99999	4.96E-11	325.750308	0.1	5.3445E-05	325.750308
3.09999	5E-11	325.774836	0.1000002	5.43434E-05	325.774836
3.19999	5.06E-11	325.799333	0.0999999	5.52429E-05	325.799333
3.29999	5.14E-11	325.823848	0.0999999	5.61418E-05	325.823848
3.39999	5.1E-11	325.848447	0.1	5.70408E-05	325.848447
3.49999	5.14E-11	325.872988	0.0999999	5.79397E-05	325.872988
3.59999	5.2E-11	325.897509	0.0999999	5.88404E-05	325.897509
3.69999	4.54E-11	325.957529	0.0999998	5.97322E-05	325.957529
3.79999	5.04E-11	325.982059	0.1000003	6.06369E-05	325.982059
3.89999	5.11E-11	326.006563	0.1000001	6.15385E-05	326.006563
3.99999	5.16E-11	326.031093	0.1000003	6.24424E-05	326.031093
4.09999	5.21E-11	326.055691	0.0999999	6.33459E-05	326.055691
4.19999	5.24E-11	326.080267	0.1000001	6.42486E-05	326.080267
4.29999	5.31E-11	326.104768	0.1	6.51527E-05	326.104768
4.39999	5.37E-11	326.129296	0.1000001	6.60552E-05	326.129296
4.49999	5.37E-11	326.153814	0.1000001	6.69615E-05	326.153814
4.59999	5.35E-11	326.17836	0.1000004	6.78668E-05	326.17836
4.69999	5.39E-11	326.202863	0.1	6.87718E-05	326.202863
4.79999	5.44E-11	326.227399	0.0999999	6.96776E-05	326.227399
4.89999	5.45E-11	326.251914	0.1	7.0586E-05	326.251914
4.99999	5.5E-11	326.276414	0.1000002	7.14931E-05	326.276414
5.09999	5.51E-11	326.300959	0.1000002	7.24016E-05	326.300959
5.19999	5.54E-11	326.325451	0.1000001	7.33097E-05	326.325451
5.29999	5.56E-11	326.350055	0.0999999	7.422E-05	326.350055
5.39999	5.56E-11	326.37457	0.1	7.51306E-05	326.37457
5.49999	5.6E-11	326.399112	0.1	7.6041E-05	326.399112
5.59999	4.92E-11	326.458819	0.0999998	7.69427E-05	326.458819
5.69999	5.42E-11	326.483351	0.1000002	7.78583E-05	326.483351
5.79999	5.54E-11	326.507867	0.1	7.87739E-05	326.507867
5.89999	5.58E-11	326.532393	0.1	7.96883E-05	326.532393
5.99999	5.64E-11	326.556948	0.0999999	8.06034E-05	326.556948
6.09999	5.6E-11	326.581582	0.1	8.15185E-05	326.581582
6.19999	5.68E-11	326.606091	0.0999999	8.24356E-05	326.606091
6.29999	5.67E-11	326.630723	0.0999999	8.33528E-05	326.630723
6.39999	5.73E-11	326.655244	0.0999999	8.42694E-05	326.655244
6.49999	5.71E-11	326.679782	0.1000001	8.51877E-05	326.679782
6.59999	5.76E-11	326.704288	0.0999999	8.61084E-05	326.704288
6.69999	5.75E-11	326.728774	0.0999999	8.70275E-05	326.728774
6.79999	5.72E-11	326.753355	0.1000001	8.79486E-05	326.753355
6.89999	5.75E-11	326.777897	0.1000002	8.88699E-05	326.777897
6.99999	5.79E-11	326.802411	0.1000002	8.97926E-05	326.802411
7.09999	5.77E-11	326.826951	0.0999999	9.07153E-05	326.826951
7.19999	5.78E-11	326.851583	0.0999999	9.16389E-05	326.851583
7.29999	5.83E-11	326.876091	0.0999999	9.25627E-05	326.876091
7.39999	5.85E-11	326.900656	0.1000001	9.34885E-05	326.900656
7.49999	5.21E-11	326.960432	0.1	9.44052E-05	326.960432
7.59999	5.64E-11	326.98498	0.0999999	9.53354E-05	326.98498
7.69999	5.75E-11	327.009484	0.0999998	9.62652E-05	327.009484
7.79999	5.8E-11	327.034024	0.0999999	9.71937E-05	327.034024
7.89999	5.81E-11	327.058595	0.0999998	9.81246E-05	327.058595
7.99999	5.81E-11	327.083209	0.1000003	9.90554E-05	327.083209
8.09999	5.86E-11	327.10772	0.1000002	9.99868E-05	327.10772
8.19999	5.85E-11	327.132281	0.1	0.0001009198	327.132281
8.29999	5.91E-11	327.156787	0.1000001	0.0001018537	327.156787
8.39999	5.92E-11	327.181331	0.1000001	0.0001027857	327.181331
8.49999	5.96E-11	327.205857	0.1	0.0001037199	327.205857
8.59999	5.94E-11	327.230393	0.0999999	0.0001046548	327.230393
8.69999	5.56E-11	327.259964	0.1000001	0.000105551	327.259964
8.79999	5.95E-11	327.284484	0.1	0.000106489	327.284484
8.89999	5.96E-11	327.309014	0.1	0.000107427	327.309014
8.99999	5.99E-11	327.333544	0.1	0.000108365	327.333544
9.09999	5.98E-11	327.358153	0.1	0.000109306	327.358153
9.19999	6.03E-11	327.382668	0.1000001	0.000110247	327.382668
9.29999	6E-11	327.407313	0.0999999	0.000111184	327.407313
9.39999	5.37E-11	327.464484	0.1	0.000112125	327.464484
9.49999	5.87E-11	327.488998	0.0999999	0.000113073	327.488998
9.59999	5.95E-11	327.513529	0.0999999	0.00011402	327.513529
9.69999	5.98E-11	327.538027	0.1000001	0.000114966	327.538027
9.79999	5.9E-11	327.562638	0.1	0.000115912	327.562638
9.89999	6.05E-11	327.58717	0.0999999	0.000116857	327.58717
9.99999	6.02E-11	327.611725	0.1000003	0.000117806	327.611725
9.9	4.77E-11	327.636242	0.1000001	0.000116844	327.636242
9.8	4.47E-11	327.660789	0.1	0.00011589	327.660789
9.7	4.16E-11	327.685295	0.1000001	0.000114937	327.685295
9.6	4.05E-11	327.709821	0.0999999	0.000113983	327.709821
9.5	3.85E-11	327.734335	0.1000001	0.000113034	327.734335
9.4	3.78E-11	327.758899	0.0999999	0.000112085	327.758899
9.3	3.69E-11	327.783452	0.1000001	0.000111136	327.783452
9.2	3.56E-11	327.807959	0.1000001	0.000110188	327.807959
9.1	3.5E-11	327.832531	0.0999998	0.000109242	327.832531
9	3.38E-11	327.857209	0.1	0.000108299	327.857209
8.9	3.36E-11	327.881753	0.1000001	0.00010736	327.881753
8.8	3.29E-11	327.906298	0.1	0.000106413	327.906298
8.7	3.83E-11	327.963739	0.0999999	0.000105469	327.963739
8.6	3.26E-11	327.98826	0.1	0.000104525	327.98826
8.5	3.2E-11	328.012819	0.1	0.000103581	328.012819
8.4	3.1E-11	328.037349	0.1000002	0.000102638	328.037349
8.3	3.05E-11	328.061955	0.0999998	0.000101698	328.061955
8.2	2.99E-11	328.086543	0.1000001	0.000100758	328.086543
8.1	2.95E-11	328.111102	0.0999999	9.9818E-05	328.111102
8	2.88E-11	328.13561	0.1	9.8883E-05	328.13561
7.9	2.82E-11	328.160168	0.1	9.7947E-05	328.160168
7.8	2.79E-11	328.184721	0.1	9.7009E-05	328.184721
7.7	2.72E-11	328.209239	0.1	9.6074E-05	328.209239
7.6	2.69E-11	328.233766	0.1000001	9.5141E-05	328.233766
7.5	2.7E-11	328.258333	0.1000001	9.4208E-05	328.258333
7.4	2.59E-11	328.282852	0.0999999	9.3276E-05	328.282852
7.3	2.6E-11	328.307401	0.0999999	9.2342E-05	328.307401
7.2	2.53E-11	328.331963	0.0999999	9.1412E-05	328.331963
7.1	2.49E-11	328.356566	0.1000001	9.0481E-05	328.356566
7	2.46E-11	328.381103	0.1	8.9551E-05	328.381103
6.9	2.76E-11	328.409029	0.0999999	8.86583E-05	328.409029
6.8	2.99E-11	328.465008	0.0999997	8.77359E-05	328.465008
6.7	2.47E-11	328.489559	0.0999998	8.68067E-05	328.489559
6.6	2.37E-11	328.514067	0.0999999	8.58796E-05	328.514067
6.5	2.39E-11	328.538607	0.1000001	8.49522E-05	328.538607
6.4	2.28E-11	328.563168	0.0999999	8.40267E-05	328.563168
6.3	2.25E-11	328.587686	0.0999998	8.31011E-05	328.587686
6.2	2.23E-11	328.612198	0.0999999	8.21775E-05	328.612198
6.1	2.17E-11	328.636749	0.0999999	8.12538E-05	328.636749
6	2.09E-11	328.661265	0.0999999	8.03303E-05	328.661265
5.9	2.03E-11	328.685783	0.0999997	7.94087E-05	328.685783
5.8	2.06E-11	328.710319	0.1000001	7.84875E-05	328.710319
5.7	2.02E-11	328.734857	0.0999999	7.75655E-05	328.734857
5.6	1.98E-11	328.759432	0.0999998	7.6646E-05	328.759432
5.5	1.91E-11	328.783974	0.1000001	7.57278E-05	328.783974
5.4	1.88E-11	328.808537	0.0999999	7.48093E-05	328.808537
5.3	1.85E-11	328.833046	0.1	7.38905E-05	328.833046
5.2	1.79E-11	328.857692	0.1	7.29734E-05	328.857692
5.1	1.79E-11	328.882221	0.1000001	7.20567E-05	328.882221
5	1.68E-11	328.906745	0.1	7.11414E-05	328.906745
4.9	2.4E-11	328.969311	0.1	7.02324E-05	328.969311
4.8	1.83E-11	328.99386	0.0999999	6.9317E-05	328.99386
4.7	1.71E-11	329.018353	0.1	6.84032E-05	329.018353
4.6	1.65E-11	329.04289	0.0999999	6.74904E-05	329.04289
4.5	1.55E-11	329.067437	0.1	6.65772E-05	329.067437
4.4	1.48E-11	329.092	0.1000001	6.56655E-05	329.092
4.3	1.43E-11	329.116508	0.0999999	6.47552E-05	329.116508
4.2	1.42E-11	329.141021	0.1	6.38446E-05	329.141021
4.1	1.34E-11	329.165532	0.1	6.29354E-05	329.165532
4	1.32E-11	329.190092	0.1000001	6.20257E-05	329.190092
3.9	1.27E-11	329.214596	0.0999998	6.11182E-05	329.214596
3.8	1.23E-11	329.239158	0.1	6.02107E-05	329.239158
3.7	1.14E-11	329.26367	0.0999999	5.93037E-05	329.26367
3.6	1.04E-11	329.288214	0.0999998	5.83979E-05	329.288214
3.5	1.02E-11	329.312721	0.0999997	5.74948E-05	329.312721
3.4	8.9E-12	329.337271	0.0999999	5.65902E-05	329.337271
3.3	8.6E-12	329.361889	0.1	5.56856E-05	329.361889
3.2	8.1E-12	329.386414	0.0999998	5.47828E-05	329.386414
3.1	7.5E-12	329.410978	0.0999998	5.38812E-05	329.410978
3	1.35E-11	329.468227	0.0999999	5.29843E-05	329.468227
2.9	7.9E-12	329.492742	0.1	5.20828E-05	329.492742
2.8	6.5E-12	329.517301	0.1	5.11829E-05	329.517301
2.7	5.3E-12	329.541824	0.1	5.02834E-05	329.541824
2.6	4.6E-12	329.566394	0.0999998	4.93852E-05	329.566394
2.5	3.5E-12	329.590931	0.1	4.84866E-05	329.590931
2.4	2.5E-12	329.615466	0.0999999	4.75906E-05	329.615466
2.3	1.6E-12	329.639977	0.0999998	4.66943E-05	329.639977
2.2	3E-13	329.664501	0.1000001	4.57984E-05	329.664501
2.099999	3E-12	329.690925	0.0999998	4.49083E-05	329.690925
2	-1.4E-12	329.715433	0.0999998	4.40142E-05	329.715433
1.9	-2.5E-12	329.739948	0.0999998	4.3122E-05	329.739948
1.8	-3.5E-12	329.764618	0.0999998	4.2231E-05	329.764618
1.7	-4.6E-12	329.789136	0.0999999	4.13401E-05	329.789136
1.6	-5.4E-12	329.813691	0.0999999	4.04508E-05	329.813691
1.5	-6.9E-12	329.838261	0.1	3.95625E-05	329.838261
1.4	-8.3E-12	329.862916	0.1	3.8676E-05	329.862916
1.3	-9.7E-12	329.88743	0.0999999	3.77901E-05	329.88743
1.2	-1.11E-11	329.911954	0.1	3.69055E-05	329.911954
1.1	-5.7E-12	329.969798	0.1	3.60267E-05	329.969798
1	-1.26E-11	329.994327	0.0999999	3.51437E-05	329.994327
0.9	-1.48E-11	330.018834	0.1	3.42639E-05	330.018834
0.8	-1.69E-11	330.043345	0.1	3.33864E-05	330.043345
0.7	-1.84E-11	330.068009	0.0999999	3.25111E-05	330.068009
0.6	-2.1E-11	330.092556	0.0999997	3.16378E-05	330.092556
0.5	-2.31E-11	330.11707	0.0999999	3.07678E-05	330.11707
0.4	-2.51E-11	330.141568	0.1	2.99015E-05	330.141568
0.3	-2.73E-11	330.166104	0.1	2.90384E-05	330.166104
0.1999999	-2.62E-11	330.192523	0.0999999	2.81799E-05	330.192523
0.0999995	-3.19E-11	330.217032	0.0999999	2.73256E-05	330.217032
-2E-07	-3.4E-11	330.241525	0.1000001	2.64753E-05	330.241525
