#scan	iMeasureCycle=1	iMux=0	time=0.031	N=401	LocalTime=19/04/2023 11:55:36
#VGate(V)	IGate(A)	time(s)	VDrain(V)	IDrain(A)	time(s)
-3E-07	-1.637E-10	0.033954	0.1	1.2915E-09	0.033954
-0.100001	-2.363E-10	0.057527	0.1000003	1.24E-10	0.057527
-0.2000011	-2.838E-10	0.080895	0.1000001	-2.97E-11	0.080895
-0.300001	-2.477E-10	0.104332	0.1	-4.26E-11	0.104332
-0.400001	-1.363E-10	0.127551	0.0999999	-2.41E-11	0.127551
-0.500001	-1.03E-10	0.15087	0.1000002	-1.47E-11	0.15087
-0.600001	-8.89E-11	0.174145	0.1000002	-1.01E-11	0.174145
-0.700001	-8.16E-11	0.197343	0.1000003	-7.3E-12	0.197343
-0.800001	-7.69E-11	0.220553	0.1000003	-6.1E-12	0.220553
-0.900001	-7.21E-11	0.243867	0.1000002	-4.7E-12	0.243867
-1.000001	-6.97E-11	0.267154	0.1000002	-3.9E-12	0.267154
-1.100001	-6.98E-11	0.290429	0.1000002	-3.3E-12	0.290429
-1.200001	-6.87E-11	0.313654	0.1000003	-2.5E-12	0.313654
-1.300001	-6.62E-11	0.336941	0.1000001	-2.4E-12	0.336941
-1.400001	-6.48E-11	0.360273	0.1000002	-2.2E-12	0.360273
-1.500001	-6.7E-11	0.383517	0.1000003	-1.6E-12	0.383517
-1.600001	-6.71E-11	0.406735	0.1000001	-1.3E-12	0.406735
-1.700001	-6.52E-11	0.430022	0.1000002	-1.6E-12	0.430022
-1.800001	-6.55E-11	0.453299	0.1000001	-1.7E-12	0.453299
-1.900001	-6.69E-11	0.476504	0.1000001	-1.4E-12	0.476504
-2.000001	-6.5E-11	0.499804	0.1000003	-1.4E-12	0.499804
-2.100001	-6.6E-11	0.5231	0.1	-1.5E-12	0.5231
-2.2	-6.72E-11	0.546522	0.1000003	-1.2E-12	0.546522
-2.3	-4.69E-11	0.594398	0.1	-2.6E-12	0.594398
-2.4	-6.6E-11	0.617708	0.1000001	-1.1E-12	0.617708
-2.5	-6.67E-11	0.640931	0.1000002	-1E-12	0.640931
-2.6	-6.54E-11	0.664218	0.1000001	-1.1E-12	0.664218
-2.7	-6.75E-11	0.687494	0.1000002	-9E-13	0.687494
-2.8	-6.78E-11	0.71071	0.1000001	-8E-13	0.71071
-2.9	-6.85E-11	0.733939	0.1	-8E-13	0.733939
-3	-6.67E-11	0.757215	0.1000003	-1.6E-12	0.757215
-3.1	-6.68E-11	0.7805	0.1000002	-7E-13	0.7805
-3.2	-6.98E-11	0.803706	0.1000001	-2E-13	0.803706
-3.3	-7E-11	0.826919	0.1	-3E-13	0.826919
-3.4	-6.85E-11	0.850206	0.1000001	-8E-13	0.850206
-3.5	-6.9E-11	0.873493	0.0999999	-1.1E-12	0.873493
-3.6	-7.02E-11	0.896726	0.1000001	-7E-13	0.896726
-3.7	-7.09E-11	0.919946	0.1	-7E-13	0.919946
-3.8	-6.97E-11	0.943285	0.1000003	-1E-12	0.943285
-3.9	-7.02E-11	0.966567	0.1000001	-9E-13	0.966567
-4	-7E-11	0.989857	0.1	-7E-13	0.989857
-4.1	-7.06E-11	1.013149	0.1	-5E-13	1.013149
-4.2	-7.04E-11	1.036438	0.1	-6E-13	1.036438
-4.3	-5.11E-11	1.083166	0.1	-2.6E-12	1.083166
-4.4	-6.94E-11	1.106561	0.0999999	-8E-13	1.106561
-4.5	-7.15E-11	1.129793	0.1000001	-3E-13	1.129793
-4.6	-7.28E-11	1.153006	0.1000001	-5E-13	1.153006
-4.7	-7.27E-11	1.17624	0.1000002	-3E-13	1.17624
-4.8	-7.15E-11	1.199574	0.1000001	-3E-13	1.199574
-4.9	-7.36E-11	1.222798	0.1000002	-3E-13	1.222798
-5	-7.42E-11	1.246028	0.1000003	-1E-13	1.246028
-5.1	-7.43E-11	1.269234	0.1	-3E-13	1.269234
-5.2	-7.27E-11	1.292561	0.1000003	-1E-13	1.292561
-5.3	-7.45E-11	1.315882	0.1000001	0	1.315882
-5.4	-7.52E-11	1.339107	0.1	-1E-13	1.339107
-5.5	-7.53E-11	1.362325	0.1000002	-3E-13	1.362325
-5.6	-7.37E-11	1.385617	0.1	-2E-13	1.385617
-5.7	-7.56E-11	1.408828	0.1000001	0	1.408828
-5.8	-7.62E-11	1.432053	0.1000002	-2E-13	1.432053
-5.9	-7.48E-11	1.455346	0.1000001	-1E-13	1.455346
-6	-7.49E-11	1.478625	0.1000002	-2E-13	1.478625
-6.1	-7.66E-11	1.501827	0.1000001	-2E-13	1.501827
-6.2	-7.68E-11	1.525043	0.0999998	-3E-13	1.525043
-6.3	-7.71E-11	1.548264	0.1000002	-1E-13	1.548264
-6.4	-5.64E-11	1.598832	0.1000001	-1.5E-12	1.598832
-6.5	-7.59E-11	1.622094	0.1000001	-2E-13	1.622094
-6.6	-7.65E-11	1.645323	0.1000001	2E-13	1.645323
-6.7	-7.45E-11	1.668652	0.1000001	-1E-13	1.668652
-6.8	-7.55E-11	1.691994	0.1000002	1E-13	1.691994
-6.9	-7.73E-11	1.715221	0.1000003	-2E-13	1.715221
-7	-7.75E-11	1.738469	0.1000001	1E-13	1.738469
-7.1	-7.53E-11	1.761805	0.1000002	1E-13	1.761805
-7.2	-7.59E-11	1.785094	0.1	4E-13	1.785094
-7.3	-7.81E-11	1.808296	0.1000001	-1E-13	1.808296
-7.4	-7.7E-11	1.831597	0.1000002	2E-13	1.831597
-7.5	-7.72E-11	1.85488	0.1000001	3E-13	1.85488
-7.6	-7.9E-11	1.878091	0.1000001	2E-13	1.878091
-7.7	-7.89E-11	1.901306	0.1000003	1E-13	1.901306
-7.8	-7.75E-11	1.924605	0.1000001	-1E-13	1.924605
-7.9	-7.76E-11	1.947959	0.1	1E-13	1.947959
-8	-7.98E-11	1.971175	0.1000002	3E-13	1.971175
-8.1	-7.83E-11	1.994463	0.0999999	7E-13	1.994463
-8.2	-7.85E-11	2.017749	0.1000003	6E-13	2.017749
-8.3	-7.87E-11	2.041048	0.1000002	4E-13	2.041048
-8.4	-6.03E-11	2.095766	0.0999998	-1.1E-12	2.095766
-8.5	-7.72E-11	2.119156	0.1000001	6E-13	2.119156
-8.6	-7.92E-11	2.142394	0.1000001	9E-13	2.142394
-8.7	-7.99E-11	2.165605	0.1	7E-13	2.165605
-8.8	-8.06E-11	2.188863	0.1000001	1E-12	2.188863
-8.9	-7.94E-11	2.21215	0.1000002	3E-13	2.21215
-9	-8.05E-11	2.235382	0.1000003	5E-13	2.235382
-9.1	-8.12E-11	2.258601	0.0999999	5E-13	2.258601
-9.2	-7.95E-11	2.281943	0.1000003	5E-13	2.281943
-9.3	-7.92E-11	2.305235	0.1000002	6E-13	2.305235
-9.4	-8.11E-11	2.328463	0.1000001	6E-13	2.328463
-9.5	-8.2E-11	2.351679	0.1	9E-13	2.351679
-9.6	-8E-11	2.375045	0.1	4E-13	2.375045
-9.7	-8.03E-11	2.398339	0.1000001	5E-13	2.398339
-9.8	-8.2E-11	2.421541	0.0999999	5E-13	2.421541
-9.9	-8.18E-11	2.444755	0.1	8E-13	2.444755
-10	-8.04E-11	2.468039	0.1000001	7E-13	2.468039
-9.90001	-4.18E-11	2.491323	0.0999998	-2.4E-12	2.491323
-9.80001	-3.7E-11	2.514528	0.1	-2.3E-12	2.514528
-9.70001	-3.42E-11	2.537772	0.0999996	-2.7E-12	2.537772
-9.60001	-3.46E-11	2.561054	0.0999997	-2.7E-12	2.561054
-9.50001	-5.09E-11	2.601353	0.0999998	-9E-13	2.601353
-9.40001	-3.14E-11	2.624678	0.0999998	-2.7E-12	2.624678
-9.30001	-2.88E-11	2.647905	0.0999996	-3.1E-12	2.647905
-9.20001	-2.96E-11	2.671195	0.1	-3.1E-12	2.671195
-9.10001	-2.91E-11	2.694533	0.0999998	-2.9E-12	2.694533
-9.00001	-2.65E-11	2.717735	0.0999996	-2.9E-12	2.717735
-8.90001	-2.52E-11	2.740969	0.0999998	-3.1E-12	2.740969
-8.80001	-2.63E-11	2.764273	0.0999999	-2.7E-12	2.764273
-8.70001	-2.59E-11	2.787544	0.0999997	-3.1E-12	2.787544
-8.60001	-2.33E-11	2.810751	0.0999998	-3.6E-12	2.810751
-8.50001	-2.45E-11	2.834039	0.0999997	-3.2E-12	2.834039
-8.40001	-2.42E-11	2.857324	0.0999997	-3.1E-12	2.857324
-8.30001	-2.4E-11	2.880612	0.0999998	-2.5E-12	2.880612
-8.20001	-2.19E-11	2.90382	0.0999999	-3.2E-12	2.90382
-8.10001	-2.15E-11	2.927029	0.0999998	-3E-12	2.927029
-8	-2.31E-11	2.950421	0.0999998	-2.8E-12	2.950421
-7.90001	-2E-11	2.973618	0.0999997	-2.8E-12	2.973618
-7.80001	-2.15E-11	2.996907	0.0999997	-2.7E-12	2.996907
-7.70001	-1.94E-11	3.020111	0.0999997	-3.2E-12	3.020111
-7.6	-2.05E-11	3.043397	0.0999994	-3.1E-12	3.043397
-7.50001	-3.88E-11	3.102724	0.0999998	-2.1E-12	3.102724
-7.40001	-1.99E-11	3.126032	0.0999998	-3.4E-12	3.126032
-7.30001	-1.91E-11	3.149276	0.0999996	-3.2E-12	3.149276
-7.2	-2.11E-11	3.172595	0.0999996	-3E-12	3.172595
-7.10001	-1.79E-11	3.195864	0.0999995	-3.4E-12	3.195864
-7.00001	-1.75E-11	3.219084	0.0999999	-3.5E-12	3.219084
-6.90001	-1.64E-11	3.242333	0.0999996	-3.5E-12	3.242333
-6.80001	-1.76E-11	3.265637	0.0999998	-3.6E-12	3.265637
-6.70001	-1.52E-11	3.288899	0.0999997	-3.8E-12	3.288899
-6.60001	-1.64E-11	3.312196	0.0999997	-3.1E-12	3.312196
-6.50001	-1.6E-11	3.33548	0.0999997	-3.2E-12	3.33548
-6.40001	-1.62E-11	3.35877	0.0999998	-3.5E-12	3.35877
-6.30001	-1.44E-11	3.381988	0.0999997	-3.5E-12	3.381988
-6.20001	-1.39E-11	3.405203	0.0999995	-3.5E-12	3.405203
-6.10001	-1.48E-11	3.428498	0.0999999	-3.7E-12	3.428498
-6.00001	-1.32E-11	3.451807	0.0999997	-3.4E-12	3.451807
-5.90001	-1.23E-11	3.475022	0.0999997	-3.6E-12	3.475022
-5.80001	-1.2E-11	3.498229	0.0999999	-3.5E-12	3.498229
-5.70001	-1.32E-11	3.521511	0.0999997	-3.6E-12	3.521511
-5.60001	-1.32E-11	3.544808	0.0999997	-3.3E-12	3.544808
-5.50001	-3.2E-11	3.604218	0.0999997	-2E-12	3.604218
-5.40001	-1.24E-11	3.627494	0.0999996	-3.8E-12	3.627494
-5.30001	-1.29E-11	3.650794	0.0999998	-3.7E-12	3.650794
-5.20001	-1.26E-11	3.674096	0.0999998	-3.8E-12	3.674096
-5.1	-1.04E-11	3.697362	0.0999998	-4E-12	3.697362
-5.00001	-9.2E-12	3.720563	0.0999996	-4E-12	3.720563
-4.90001	-9.1E-12	3.743793	0.0999997	-3.9E-12	3.743793
-4.80001	-1.03E-11	3.767102	0.0999997	-3.9E-12	3.767102
-4.7	-9.2E-12	3.790331	0.0999996	-4.1E-12	3.790331
-4.60001	-9.6E-12	3.81362	0.0999996	-3.9E-12	3.81362
-4.50001	-9.3E-12	3.836893	0.0999998	-4E-12	3.836893
-4.40001	-7E-12	3.860113	0.0999998	-4.5E-12	3.860113
-4.3	-6.3E-12	3.883327	0.0999995	-4.5E-12	3.883327
-4.20001	-5.3E-12	3.906536	0.0999999	-4.4E-12	3.906536
-4.10001	-7E-12	3.929828	0.0999998	-4.1E-12	3.929828
-4.00001	-6.7E-12	3.953182	0.0999998	-4.1E-12	3.953182
-3.90001	-5.7E-12	3.976427	0.0999995	-4.3E-12	3.976427
-3.80001	-4.1E-12	3.999625	0.0999993	-4.4E-12	3.999625
-3.70001	-5.1E-12	4.022916	0.0999997	-4.3E-12	4.022916
-3.60001	-4.5E-12	4.046202	0.0999995	-4.7E-12	4.046202
-3.50001	-2.35E-11	4.105574	0.0999998	-2.8E-12	4.105574
-3.40001	-4E-12	4.128864	0.0999998	-4.9E-12	4.128864
-3.30001	-4.3E-12	4.15218	0.0999997	-4.9E-12	4.15218
-3.20001	-2E-12	4.175392	0.0999998	-5E-12	4.175392
-3.10001	-8E-13	4.198645	0.0999997	-4.8E-12	4.198645
-3.00001	-3E-13	4.221856	0.0999997	-5.4E-12	4.221856
-2.90001	-1.5E-12	4.245167	0.0999998	-4.6E-12	4.245167
-2.80001	1E-12	4.268389	0.0999997	-5.1E-12	4.268389
-2.70001	1.5E-12	4.291652	0.0999997	-5.3E-12	4.291652
-2.60001	2.8E-12	4.314868	0.0999997	-4.6E-12	4.314868
-2.50001	2E-12	4.338142	0.0999998	-5.1E-12	4.338142
-2.40001	3.6E-12	4.361456	0.0999996	-5.3E-12	4.361456
-2.30001	5.1E-12	4.384659	0.0999996	-5.3E-12	4.384659
-2.20001	5.4E-12	4.407874	0.0999996	-5.1E-12	4.407874
-2.099999	-1.1E-11	4.433055	0.0999998	-3.8E-12	4.433055
-2	5.1E-12	4.456339	0.0999998	-5.4E-12	4.456339
-1.9	7.5E-12	4.479545	0.0999999	-5.7E-12	4.479545
-1.8	8.9E-12	4.502758	0.0999997	-6.1E-12	4.502758
-1.699999	8.1E-12	4.526044	0.0999997	-5.7E-12	4.526044
-1.6	8.9E-12	4.549422	0.0999996	-6E-12	4.549422
-1.500001	-9.7E-12	4.607254	0.1	-4.2E-12	4.607254
-1.4	8.5E-12	4.630643	0.0999998	-5.9E-12	4.630643
-1.3	1.2E-11	4.65387	0.0999998	-6.1E-12	4.65387
-1.2	1.33E-11	4.677085	0.0999997	-6.1E-12	4.677085
-1.1	1.3E-11	4.700423	0.0999997	-5.9E-12	4.700423
-1	1.44E-11	4.723709	0.0999995	-6.4E-12	4.723709
-0.9	1.77E-11	4.746939	0.0999997	-6.5E-12	4.746939
-0.8	1.9E-11	4.770149	0.0999998	-6.7E-12	4.770149
-0.7	1.84E-11	4.79343	0.0999998	-6.5E-12	4.79343
-0.599999	1.93E-11	4.816717	0.0999997	-6.9E-12	4.816717
-0.5	2.32E-11	4.839909	0.0999998	-6.9E-12	4.839909
-0.4	2.45E-11	4.863126	0.0999999	-6.6E-12	4.863126
-0.299999	2.41E-11	4.886405	0.0999999	-1.9E-12	4.886405
-0.1999998	1.07E-11	4.911564	0.0999997	4.03E-11	4.911564
-0.0999991	3.01E-11	4.934746	0.1000002	3.418E-10	4.934746
1.1E-06	3.18E-11	4.957978	0.1000013	1.9973E-09	4.957978
0.1000011	3.4E-11	4.981161	0.1000051	8.845E-09	4.981161
0.200001	3.46E-11	5.004419	0.1000146	3.01683E-08	5.004419
0.3	3.75E-11	5.027818	0.1000195	8.13178E-08	5.027818
0.399999	1.84E-11	5.067244	0.1000003	1.72266E-07	5.067244
0.499999	1.92E-11	5.109622	0.1000005	3.23077E-07	5.109622
0.599999	2.63E-11	5.134176	0.1000011	5.4256E-07	5.134176
0.7	2.85E-11	5.158685	0.1000015	8.17745E-07	5.158685
0.799999	2.48E-11	5.195333	0.1	1.13448E-06	5.195333
0.9	3.12E-11	5.219906	0.0999999	1.51054E-06	5.219906
0.999999	3.32E-11	5.244432	0.1000001	1.92155E-06	5.244432
1.1	3.52E-11	5.26895	0.1000004	2.36305E-06	5.26895
1.2	3.64E-11	5.293514	0.1000002	2.83057E-06	5.293514
1.3	3.8E-11	5.318052	0.1000002	3.31929E-06	5.318052
1.4	3.98E-11	5.342553	0.1000001	3.82514E-06	5.342553
1.5	4.1E-11	5.367111	0.1000001	4.3456E-06	5.367111
1.6	4.23E-11	5.391614	0.1000001	4.87877E-06	5.391614
1.699999	4.33E-11	5.416134	0.1000001	5.42267E-06	5.416134
1.8	4.38E-11	5.440667	0.1000002	5.97556E-06	5.440667
1.9	4.45E-11	5.465195	0.1000002	6.53719E-06	5.465195
2	4.53E-11	5.489691	0.1000002	7.10577E-06	5.489691
2.099999	4.61E-11	5.514211	0.1000001	7.68108E-06	5.514211
2.19999	4.67E-11	5.538912	0.1000002	8.26361E-06	5.538912
2.29999	4.75E-11	5.563479	0.1	8.85085E-06	5.563479
2.39999	4.15E-11	5.614189	0.1000001	9.42973E-06	5.614189
2.49999	4.66E-11	5.638786	0.1000002	1.003031E-05	5.638786
2.59999	4.25E-11	5.673343	0.0999998	1.0627E-05	5.673343
2.69999	4.75E-11	5.698495	0.0999999	1.1235E-05	5.698495
2.79999	4.84E-11	5.723028	0.1000001	1.18461E-05	5.723028
2.89999	4.86E-11	5.747815	0.0999999	1.24597E-05	5.747815
2.99999	4.92E-11	5.772328	0.1	1.30772E-05	5.772328
3.09999	4.98E-11	5.796841	0.1000001	1.36979E-05	5.796841
3.19999	5.03E-11	5.821372	0.0999999	1.43216E-05	5.821372
3.29999	5.07E-11	5.845885	0.1	1.49479E-05	5.845885
3.39999	5.15E-11	5.870395	0.1000001	1.55772E-05	5.870395
3.49999	5.15E-11	5.894901	0.1000001	1.621E-05	5.894901
3.59999	5.14E-11	5.9194	0.1	1.68454E-05	5.9194
3.69999	5.22E-11	5.943921	0.1	1.74832E-05	5.943921
3.79999	5.23E-11	5.968479	0.1	1.81241E-05	5.968479
3.89999	5.27E-11	5.992998	0.1	1.87675E-05	5.992998
3.99999	5.31E-11	6.017497	0.0999999	1.94136E-05	6.017497
4.09999	5.32E-11	6.042031	0.1000002	2.00623E-05	6.042031
4.19999	5.28E-11	6.066644	0.1000001	2.0713E-05	6.066644
4.29999	4.74E-11	6.112921	0.1000002	2.13567E-05	6.112921
4.39999	5.26E-11	6.137522	0.1000001	2.20162E-05	6.137522
4.49999	5.3E-11	6.162075	0.1000002	2.26758E-05	6.162075
4.59999	5.36E-11	6.186587	0.1000001	2.33377E-05	6.186587
4.69999	5.34E-11	6.21117	0.1000001	2.40013E-05	6.21117
4.79999	5.38E-11	6.235672	0.1000002	2.46672E-05	6.235672
4.89999	5.42E-11	6.260201	0.0999999	2.53356E-05	6.260201
4.99999	5.5E-11	6.284716	0.1	2.60058E-05	6.284716
5.09999	5.52E-11	6.30928	0.1	2.66777E-05	6.30928
5.19999	5.53E-11	6.333817	0.1000002	2.73531E-05	6.333817
5.29999	5.51E-11	6.358347	0.1000001	2.80303E-05	6.358347
5.39999	5.58E-11	6.382867	0.1000001	2.87095E-05	6.382867
5.49999	5.57E-11	6.407361	0.0999998	2.93912E-05	6.407361
5.59999	5.58E-11	6.43191	0.1	3.0074E-05	6.43191
5.69999	5.59E-11	6.456399	0.1000001	3.07597E-05	6.456399
5.79999	5.56E-11	6.481012	0.1000001	3.14473E-05	6.481012
5.89999	5.61E-11	6.505554	0.1	3.21373E-05	6.505554
5.99999	5.63E-11	6.530095	0.1	3.28288E-05	6.530095
6.09999	5.65E-11	6.554628	0.1000001	3.35219E-05	6.554628
6.19999	5.11E-11	6.610415	0.1	3.42063E-05	6.610415
6.29999	5.56E-11	6.634984	0.1	3.49069E-05	6.634984
6.39999	5.55E-11	6.659486	0.1000001	3.56081E-05	6.659486
6.49999	5.68E-11	6.684041	0.1000002	3.6311E-05	6.684041
6.59999	5.65E-11	6.708618	0.1	3.70149E-05	6.708618
6.69999	5.71E-11	6.733124	0.1000001	3.77212E-05	6.733124
6.79999	5.77E-11	6.757651	0.1000002	3.84289E-05	6.757651
6.89999	5.74E-11	6.782215	0.1	3.91383E-05	6.782215
6.99999	5.74E-11	6.806743	0.1	3.98498E-05	6.806743
7.09999	5.78E-11	6.831265	0.0999999	4.05643E-05	6.831265
7.19999	5.81E-11	6.855798	0.1	4.12791E-05	6.855798
7.29999	5.83E-11	6.880325	0.1	4.19957E-05	6.880325
7.39999	5.79E-11	6.904866	0.1000001	4.27146E-05	6.904866
7.49999	5.86E-11	6.929388	0.1	4.34357E-05	6.929388
7.59999	5.9E-11	6.953892	0.1000001	4.4159E-05	6.953892
7.69999	5.88E-11	6.978498	0.1	4.48828E-05	6.978498
7.79999	5.95E-11	7.003022	0.1000001	4.56086E-05	7.003022
7.89999	5.89E-11	7.027548	0.1	4.6337E-05	7.027548
7.99999	5.92E-11	7.05208	0.1000002	4.70671E-05	7.05208
8.09999	5.16E-11	7.113796	0.1	4.77846E-05	7.113796
8.19999	5.74E-11	7.138421	0.1	4.85215E-05	7.138421
8.29999	5.76E-11	7.163021	0.1	4.92584E-05	7.163021
8.39999	5.85E-11	7.187549	0.0999999	4.99969E-05	7.187549
8.49999	5.86E-11	7.21212	0.1000002	5.07361E-05	7.21212
8.59999	5.92E-11	7.236653	0.1	5.14761E-05	7.236653
8.69999	5.88E-11	7.261217	0.0999999	5.22186E-05	7.261217
8.79999	5.9E-11	7.285781	0.1	5.29632E-05	7.285781
8.89999	5.96E-11	7.310337	0.1000001	5.37099E-05	7.310337
8.99999	6.01E-11	7.334914	0.1000001	5.44569E-05	7.334914
9.09999	6E-11	7.359412	0.1	5.5206E-05	7.359412
9.19999	6.04E-11	7.383967	0.1000002	5.59578E-05	7.383967
9.29999	6.06E-11	7.408471	0.0999999	5.67083E-05	7.408471
9.39999	6.09E-11	7.432965	0.0999999	5.74637E-05	7.432965
9.49999	6.07E-11	7.45747	0.1	5.82214E-05	7.45747
9.59999	6.1E-11	7.482047	0.1	5.8981E-05	7.482047
9.69999	6.12E-11	7.506559	0.1000001	5.97408E-05	7.506559
9.79999	6.15E-11	7.531079	0.0999999	6.05029E-05	7.531079
9.89999	6.05E-11	7.555569	0.1	6.12658E-05	7.555569
9.99999	5.44E-11	7.617343	0.1	6.20209E-05	7.617343
9.9	4.69E-11	7.641935	0.0999998	6.12407E-05	7.641935
9.8	4.47E-11	7.66647	0.1	6.04654E-05	7.66647
9.7	4.24E-11	7.691034	0.1	5.9692E-05	7.691034
9.6	4.14E-11	7.719727	0.0999999	5.89226E-05	7.719727
9.5	3.94E-11	7.744263	0.0999999	5.81547E-05	7.744263
9.4	3.8E-11	7.768829	0.0999999	5.73887E-05	7.768829
9.3	3.71E-11	7.793344	0.0999999	5.66252E-05	7.793344
9.2	3.65E-11	7.817883	0.0999999	5.58633E-05	7.817883
9.1	3.5E-11	7.842393	0.0999999	5.51028E-05	7.842393
9	3.49E-11	7.866934	0.0999999	5.43447E-05	7.866934
8.9	3.43E-11	7.89145	0.1	5.35914E-05	7.89145
8.8	3.37E-11	7.915968	0.1	5.28366E-05	7.915968
8.7	3.26E-11	7.940488	0.0999999	5.20826E-05	7.940488
8.6	3.24E-11	7.965064	0.1000001	5.13301E-05	7.965064
8.5	3.18E-11	7.989588	0.0999999	5.05799E-05	7.989588
8.4	3.13E-11	8.01411	0.0999999	4.98329E-05	8.01411
8.3	3.06E-11	8.038607	0.0999999	4.90866E-05	8.038607
8.2	3.04E-11	8.063123	0.0999998	4.83417E-05	8.063123
8.1	3.62E-11	8.119601	0.0999999	4.76029E-05	8.119601
8	3.04E-11	8.144202	0.0999999	4.6861E-05	8.144202
7.9	3E-11	8.168775	0.0999999	4.61214E-05	8.168775
7.8	2.89E-11	8.193277	0.0999999	4.53843E-05	8.193277
7.7	2.84E-11	8.217851	0.0999999	4.46492E-05	8.217851
7.6	2.79E-11	8.242375	0.1000003	4.39152E-05	8.242375
7.5	2.78E-11	8.26691	0.1000003	4.31834E-05	8.26691
7.4	2.74E-11	8.291539	0.1	4.24537E-05	8.291539
7.3	2.71E-11	8.316103	0.1	4.17261E-05	8.316103
7.2	2.7E-11	8.340675	0.1	4.10006E-05	8.340675
7.1	2.61E-11	8.36522	0.0999999	4.02763E-05	8.36522
7	2.59E-11	8.389773	0.0999999	3.95537E-05	8.389773
6.9	2.51E-11	8.414296	0.1	3.88337E-05	8.414296
6.8	2.56E-11	8.438816	0.1	3.81158E-05	8.438816
6.7	2.42E-11	8.463325	0.1	3.73995E-05	8.463325
6.6	2.41E-11	8.487849	0.0999999	3.66844E-05	8.487849
6.5	2.37E-11	8.512366	0.0999998	3.59715E-05	8.512366
6.4	2.37E-11	8.536921	0.1	3.52613E-05	8.536921
6.3	2.29E-11	8.561442	0.1000001	3.45522E-05	8.561442
6.2	2.88E-11	8.620534	0.0999999	3.38505E-05	8.620534
6.1	2.43E-11	8.645107	0.1000001	3.31449E-05	8.645107
6	2.33E-11	8.669618	0.1	3.24421E-05	8.669618
5.9	2.29E-11	8.694225	0.0999999	3.17409E-05	8.694225
5.8	2.2E-11	8.718805	0.0999999	3.10423E-05	8.718805
5.7	2.16E-11	8.74332	0.1	3.03459E-05	8.74332
5.6	2.1E-11	8.767859	0.0999999	2.96513E-05	8.767859
5.5	2.05E-11	8.792382	0.0999999	2.89591E-05	8.792382
5.4	2.02E-11	8.816919	0.1	2.82689E-05	8.816919
5.3	2.01E-11	8.841408	0.1	2.7581E-05	8.841408
5.2	1.99E-11	8.865929	0.0999999	2.68955E-05	8.865929
5.1	1.92E-11	8.890445	0.1	2.6212E-05	8.890445
5	1.88E-11	8.915007	0.0999998	2.55313E-05	8.915007
4.9	1.8E-11	8.939518	0.1	2.48523E-05	8.939518
4.8	1.81E-11	8.964112	0.0999999	2.41763E-05	8.964112
4.7	1.73E-11	8.988666	0.1	2.35022E-05	8.988666
4.6	1.61E-11	9.013191	0.0999999	2.28309E-05	9.013191
4.5	1.59E-11	9.037716	0.1000001	2.21619E-05	9.037716
4.4	1.55E-11	9.06222	0.0999999	2.14954E-05	9.06222
4.3	2.11E-11	9.121759	0.1	2.0837E-05	9.121759
4.2	1.57E-11	9.146372	0.1000001	2.01742E-05	9.146372
4.1	1.5E-11	9.170878	0.0999999	1.95151E-05	9.170878
4	1.47E-11	9.195428	0.0999999	1.88596E-05	9.195428
3.9	1.36E-11	9.219993	0.0999999	1.82064E-05	9.219993
3.8	1.26E-11	9.244504	0.1	1.75564E-05	9.244504
3.7	1.22E-11	9.269029	0.1000001	1.69091E-05	9.269029
3.6	1.16E-11	9.293568	0.1	1.62651E-05	9.293568
3.5	1.09E-11	9.318152	0.0999999	1.56241E-05	9.318152
3.4	1.03E-11	9.342661	0.1	1.49866E-05	9.342661
3.3	9.5E-12	9.367222	0.1000001	1.43522E-05	9.367222
3.2	9E-12	9.391742	0.0999999	1.37213E-05	9.391742
3.1	8.2E-12	9.416361	0.1000001	1.30942E-05	9.416361
3	7.7E-12	9.440899	0.0999999	1.24705E-05	9.440899
2.9	6.9E-12	9.46546	0.1000001	1.1851E-05	9.46546
2.8	6.1E-12	9.489964	0.1	1.12353E-05	9.489964
2.7	5.8E-12	9.514523	0.1	1.06238E-05	9.514523
2.6	4.6E-12	9.539024	0.0999999	1.00169E-05	9.539024
2.5	4E-12	9.563577	0.1	9.4153E-06	9.563577
2.4	1.01E-11	9.626438	0.0999999	8.82514E-06	9.626438
2.3	4.2E-12	9.651005	0.1	8.23181E-06	9.651005
2.2	2.8E-12	9.675533	0.1	7.64589E-06	9.675533
2.099999	5.1E-12	9.701961	0.0999999	7.06488E-06	9.701961
2	6E-13	9.726533	0.0999999	6.49193E-06	9.726533
1.9	-4E-13	9.751031	0.0999999	5.92723E-06	9.751031
1.8	-1.8E-12	9.775574	0.0999999	5.37148E-06	9.775574
1.699999	-2.8E-12	9.800079	0.0999998	4.82555E-06	9.800079
1.6	-3.9E-12	9.824645	0.0999998	4.29058E-06	9.824645
1.5	-5.7E-12	9.849133	0.1	3.76829E-06	9.849133
1.4	-7.2E-12	9.873681	0.1	3.26168E-06	9.873681
1.3	-8.3E-12	9.898196	0.0999999	2.77329E-06	9.898196
1.2	-9.9E-12	9.922736	0.0999998	2.30683E-06	9.922736
1.1	-1.14E-11	9.947244	0.0999999	1.86698E-06	9.947244
1	-1.29E-11	9.971832	0.1	1.46037E-06	9.971832
0.9	-1.51E-11	9.996371	0.1	1.09292E-06	9.996371
0.8	-1.28E-11	10.023683	0.0999992	7.7304E-07	10.023683
0.7	-1.83E-11	10.048154	0.0999994	5.04591E-07	10.048154
0.6	-2.03E-11	10.072734	0.0999994	2.97107E-07	10.072734
0.5	-1.63E-11	10.125729	0.0999998	1.55749E-07	10.125729
0.4	-1.8E-11	10.163393	0.0999922	6.75445E-08	10.163393
0.299999	-3.85E-11	10.186674	0.1000037	2.2767E-08	10.186674
0.1999997	-2.58E-11	10.213606	0.0999965	6.0675E-09	10.213606
0.0999991	-4.4E-11	10.236883	0.1000004	1.2201E-09	10.236883
-1.2E-06	-4.78E-11	10.260091	0.1000002	1.871E-10	10.260091
#scan	iMeasureCycle=2	iMux=0	time=279.693	N=401	LocalTime=19/04/2023 12:00:16
#VGate(V)	IGate(A)	time(s)	VDrain(V)	IDrain(A)	time(s)
-1E-07	-1.19E-11	279.700516	0.1000003	6.637E-10	279.700516
-0.1000011	-3.47E-11	279.72406	0.1000003	7.91E-11	279.72406
-0.2000002	-2.16E-11	279.74933	0.0999998	4.1E-12	279.74933
-0.300001	-4.13E-11	279.772775	0.1000001	-1.1E-12	279.772775
-0.400001	-4.23E-11	279.796063	0.1000001	-1.9E-12	279.796063
-0.500001	-4.63E-11	279.819268	0.1000002	-1.8E-12	279.819268
-0.600001	-4.86E-11	279.842484	0.1000001	-1.7E-12	279.842484
-0.700001	-5.08E-11	279.865694	0.1000003	-1.6E-12	279.865694
-0.800001	-5.05E-11	279.888979	0.1	-1.8E-12	279.888979
-0.900001	-5.17E-11	279.912272	0.1000001	-1.7E-12	279.912272
-1	-5.48E-11	279.935484	0.1000002	-1.6E-12	279.935484
-1.100001	-5.61E-11	279.958691	0.1000002	-1.4E-12	279.958691
-1.200001	-5.57E-11	279.98197	0.1000002	-1.6E-12	279.98197
-1.300001	-5.82E-11	280.005245	0.1000002	-1.1E-12	280.005245
-1.400001	-5.75E-11	280.028533	0.1000004	-1.1E-12	280.028533
-1.500001	-5.82E-11	280.051823	0.1	-1.2E-12	280.051823
-1.600001	-5.93E-11	280.075111	0.1	-1.3E-12	280.075111
-1.7	-5.96E-11	280.098376	0.0999999	-1E-12	280.098376
-1.800001	-6.23E-11	280.121593	0.1000002	-1E-12	280.121593
-1.900001	-6.09E-11	280.14495	0.1000001	-8E-13	280.14495
-2.000001	-6.11E-11	280.168244	0.1000001	-8E-13	280.168244
-2.100001	-6.43E-11	280.191448	0.1000001	-9E-13	280.191448
-2.2	-6.32E-11	280.214936	0.1	-8E-13	280.214936
-2.3	-4.41E-11	280.264847	0.1000001	-2.7E-12	280.264847
-2.4	-6.17E-11	280.288159	0.1000001	-9E-13	280.288159
-2.5	-6.28E-11	280.311448	0.1000002	-1E-12	280.311448
-2.6	-6.51E-11	280.334724	0.1000002	-7E-13	280.334724
-2.7	-6.53E-11	280.358023	0.1000001	-7E-13	280.358023
-2.8	-6.49E-11	280.381319	0.1000002	-1.4E-12	280.381319
-2.9	-6.55E-11	280.404599	0.1000001	-1.4E-12	280.404599
-3	-6.77E-11	280.427802	0.1000001	-6E-13	280.427802
-3.1	-6.79E-11	280.451012	0.1	-6E-13	280.451012
-3.2	-6.67E-11	280.474307	0.1000002	-3E-13	280.474307
-3.3	-6.68E-11	280.497604	0.1000003	-4E-13	280.497604
-3.4	-6.91E-11	280.520821	0.1000003	-5E-13	280.520821
-3.5	-6.93E-11	280.54403	0.1000001	-3E-13	280.54403
-3.6	-6.75E-11	280.567322	0.1000001	-4E-13	280.567322
-3.7	-6.79E-11	280.590605	0.1000001	-6E-13	280.590605
-3.8	-7E-11	280.613807	0.1000001	-3E-13	280.613807
-3.9	-6.99E-11	280.637015	0.1000002	-6E-13	280.637015
-4	-6.85E-11	280.660362	0.1000002	-4E-13	280.660362
-4.1	-7.08E-11	280.683571	0.1000002	-5E-13	280.683571
-4.2	-7.15E-11	280.706776	0.1000001	-2E-13	280.706776
-4.3	-5.05E-11	280.763445	0.1	-1.7E-12	280.763445
-4.4	-6.78E-11	280.786772	0.1	-7E-13	280.786772
-4.5	-7.07E-11	280.809987	0.1000001	1E-13	280.809987
-4.6	-7.16E-11	280.833197	0.1000002	1E-13	280.833197
-4.7	-7.03E-11	280.856533	0.1000002	-1E-13	280.856533
-4.8	-7.05E-11	280.879834	0.1	-1E-13	280.879834
-4.9	-7.23E-11	280.903042	0.1000002	3E-13	280.903042
-5	-7.3E-11	280.926254	0.1	-2E-13	280.926254
-5.1	-7.2E-11	280.949549	0.1000001	-4E-13	280.949549
-5.2	-7.18E-11	280.972845	0.1	0	280.972845
-5.3	-7.37E-11	280.996119	0.1	1E-13	280.996119
-5.4	-7.15E-11	281.019455	0.1000004	-3E-13	281.019455
-5.5	-7.28E-11	281.042736	0.1000002	-3E-13	281.042736
-5.6	-7.4E-11	281.065959	0.1000001	-1E-13	281.065959
-5.7	-7.51E-11	281.089176	0.0999999	3E-13	281.089176
-5.8	-7.51E-11	281.112382	0.1000002	4E-13	281.112382
-5.9	-7.34E-11	281.135676	0.1000001	4E-13	281.135676
-6	-7.51E-11	281.158989	0.1000001	0	281.158989
-6.1	-7.58E-11	281.182211	0.1000002	1E-13	281.182211
-6.2	-7.56E-11	281.205437	0.1000001	3E-13	281.205437
-6.3	-5.51E-11	281.26053	0.1	-1.6E-12	281.26053
-6.4	-7.3E-11	281.283839	0.1000001	1E-13	281.283839
-6.5	-7.53E-11	281.307052	0.1000002	-2E-13	281.307052
-6.6	-7.56E-11	281.330329	0.1	1E-13	281.330329
-6.7	-7.58E-11	281.353595	0.1	1E-13	281.353595
-6.8	-7.52E-11	281.376892	0.1000003	4E-13	281.376892
-6.9	-7.66E-11	281.400103	0.1000002	1E-13	281.400103
-7	-7.58E-11	281.423333	0.1000001	0	281.423333
-7.1	-7.71E-11	281.446548	0.1000002	5E-13	281.446548
-7.2	-7.56E-11	281.46984	0.1000003	1E-13	281.46984
-7.3	-7.53E-11	281.493129	0.1000002	2E-13	281.493129
-7.4	-7.77E-11	281.516325	0.1000001	1E-13	281.516325
-7.5	-7.77E-11	281.539542	0.1000001	3E-13	281.539542
-7.6	-7.61E-11	281.56284	0.1000001	1E-13	281.56284
-7.7	-7.79E-11	281.586135	0.1000002	3E-13	281.586135
-7.8	-7.76E-11	281.609385	0.1000001	0	281.609385
-7.9	-7.72E-11	281.632673	0.1000001	0	281.632673
-8	-7.9E-11	281.655964	0.1000001	4E-13	281.655964
-8.1	-7.89E-11	281.679193	0.1000001	3E-13	281.679193
-8.2	-7.92E-11	281.702412	0.0999999	2E-13	281.702412
-8.3	-7.79E-11	281.725707	0.1	2E-13	281.725707
-8.4	-5.94E-11	281.76634	0.1	-7E-13	281.76634
-8.5	-7.84E-11	281.789597	0.1000001	5E-13	281.789597
-8.6	-7.9E-11	281.812811	0.0999999	4E-13	281.812811
-8.7	-7.73E-11	281.836098	0.1	6E-13	281.836098
-8.8	-7.65E-11	281.8595	0.1000003	4E-13	281.8595
-8.9	-7.98E-11	281.882716	0.1000003	1.1E-12	281.882716
-9	-7.85E-11	281.906014	0.1000001	7E-13	281.906014
-9.1	-7.86E-11	281.929296	0.1	8E-13	281.929296
-9.2	-7.94E-11	281.952514	0.1000002	4E-13	281.952514
-9.3	-8.03E-11	281.975731	0.1000002	5E-13	281.975731
-9.4	-7.87E-11	281.999073	0.1000002	3E-13	281.999073
-9.5	-7.93E-11	282.022349	0.1000002	1E-13	282.022349
-9.6	-8.12E-11	282.045555	0.1000001	7E-13	282.045555
-9.7	-7.95E-11	282.06886	0.1000002	4E-13	282.06886
-9.8	-8.02E-11	282.092149	0.1000001	5E-13	282.092149
-9.9	-7.96E-11	282.115443	0.1	5E-13	282.115443
-10	-8.14E-11	282.138662	0.1000002	5E-13	282.138662
-9.90001	-3.97E-11	282.161957	0.0999998	-3.1E-12	282.161957
-9.80001	-3.8E-11	282.18526	0.0999997	-2.7E-12	282.18526
-9.70001	-3.38E-11	282.208459	0.1	-2.9E-12	282.208459
-9.60001	-5.14E-11	282.263205	0.1000002	-1.7E-12	282.263205
-9.50001	-3.37E-11	282.286583	0.0999996	-3E-12	282.286583
-9.40001	-2.95E-11	282.309807	0.0999996	-3.1E-12	282.309807
-9.30001	-2.81E-11	282.333075	0.0999996	-3.7E-12	282.333075
-9.20001	-2.88E-11	282.35642	0.0999996	-3.4E-12	282.35642
-9.10001	-2.63E-11	282.379645	0.0999996	-3.8E-12	282.379645
-9.00001	-2.53E-11	282.402857	0.0999999	-3.6E-12	282.402857
-8.90001	-2.44E-11	282.426071	0.0999998	-3.3E-12	282.426071
-8.80001	-2.53E-11	282.449351	0.0999997	-3.2E-12	282.449351
-8.70001	-2.52E-11	282.472662	0.0999998	-3.3E-12	282.472662
-8.60001	-2.28E-11	282.495869	0.0999998	-3.2E-12	282.495869
-8.50001	-2.25E-11	282.51909	0.0999996	-3.5E-12	282.51909
-8.40001	-2.38E-11	282.542385	0.0999997	-3E-12	282.542385
-8.30001	-2.28E-11	282.565675	0.0999999	-3E-12	282.565675
-8.20001	-2.08E-11	282.588891	0.0999996	-3.4E-12	282.588891
-8.10001	-2.17E-11	282.612194	0.0999998	-3.7E-12	282.612194
-8.00001	-2.08E-11	282.635468	0.0999998	-3.8E-12	282.635468
-7.90001	-1.98E-11	282.658787	0.0999997	-3.2E-12	282.658787
-7.80001	-1.95E-11	282.682055	0.0999996	-3.8E-12	282.682055
-7.70001	-2.06E-11	282.705349	0.0999999	-3.4E-12	282.705349
-7.6	-1.86E-11	282.728571	0.0999997	-3.5E-12	282.728571
-7.50001	-3.76E-11	282.769159	0.0999999	-1.6E-12	282.769159
-7.40001	-1.78E-11	282.792413	0.0999998	-3.6E-12	282.792413
-7.30001	-1.89E-11	282.815707	0.0999995	-3.2E-12	282.815707
-7.2	-1.69E-11	282.838914	0.0999997	-3.4E-12	282.838914
-7.10001	-1.68E-11	282.862191	0.0999996	-3.4E-12	282.862191
-7.00001	-1.63E-11	282.885418	0.0999996	-3.5E-12	282.885418
-6.90001	-1.79E-11	282.90871	0.0999997	-3.4E-12	282.90871
-6.80001	-1.73E-11	282.93201	0.0999997	-3.6E-12	282.93201
-6.70001	-1.51E-11	282.955222	0.0999995	-3.7E-12	282.955222
-6.60001	-1.65E-11	282.978525	0.0999997	-3.9E-12	282.978525
-6.50001	-1.54E-11	283.001873	0.0999999	-4E-12	283.001873
-6.40001	-1.42E-11	283.025086	0.0999997	-4E-12	283.025086
-6.30001	-1.36E-11	283.048299	0.0999996	-4.2E-12	283.048299
-6.20001	-1.46E-11	283.071589	0.0999998	-4.1E-12	283.071589
-6.10001	-1.47E-11	283.094879	0.0999996	-4E-12	283.094879
-6.00001	-1.46E-11	283.118174	0.0999997	-4E-12	283.118174
-5.90001	-1.42E-11	283.14147	0.0999999	-3.9E-12	283.14147
-5.80001	-1.32E-11	283.164847	0.0999999	-3.7E-12	283.164847
-5.70001	-1.19E-11	283.188069	0.0999999	-4.2E-12	283.188069
-5.60001	-1.1E-11	283.21128	0.0999997	-4E-12	283.21128
-5.50001	-3.09E-11	283.265806	0.0999998	-2.3E-12	283.265806
-5.40001	-1.13E-11	283.289048	0.0999997	-4.4E-12	283.289048
-5.30001	-1.11E-11	283.312276	0.0999998	-4.2E-12	283.312276
-5.20001	-9.9E-12	283.335535	0.0999997	-4.2E-12	283.335535
-5.1	-1.11E-11	283.358872	0.0999997	-4.3E-12	283.358872
-5.00001	-1.12E-11	283.382174	0.0999995	-4.2E-12	283.382174
-4.90001	-8.6E-12	283.405395	0.0999998	-4.3E-12	283.405395
-4.80001	-9.3E-12	283.428689	0.0999998	-4.3E-12	283.428689
-4.7	-9.3E-12	283.451976	0.0999999	-4E-12	283.451976
-4.60001	-6.8E-12	283.47518	0.0999998	-4.3E-12	283.47518
-4.50001	-6.7E-12	283.498395	0.0999995	-4.7E-12	283.498395
-4.40001	-5.5E-12	283.521611	0.0999999	-4.1E-12	283.521611
-4.3	-7.5E-12	283.544911	0.0999998	-4.1E-12	283.544911
-4.20001	-7E-12	283.568204	0.0999996	-4.3E-12	283.568204
-4.10001	-5.6E-12	283.591539	0.0999994	-4.3E-12	283.591539
-4.00001	-6E-12	283.614836	0.0999998	-4E-12	283.614836
-3.90001	-5.2E-12	283.638118	0.0999999	-4.5E-12	283.638118
-3.80001	-3.3E-12	283.661419	0.0999996	-4.6E-12	283.661419
-3.70001	-3.2E-12	283.68465	0.0999998	-4.5E-12	283.68465
-3.60001	-4.1E-12	283.707933	0.0999997	-4.7E-12	283.707933
-3.50001	-3.8E-12	283.731226	0.0999999	-4.4E-12	283.731226
-3.40001	-2.16E-11	283.771922	0.0999998	-3.3E-12	283.771922
-3.30001	-3.5E-12	283.795244	0.0999997	-4.9E-12	283.795244
-3.20001	-9E-13	283.818448	0.0999998	-5.3E-12	283.818448
-3.10001	2E-13	283.84166	0.0999998	-5.1E-12	283.84166
-3.00001	7E-13	283.864916	0.0999997	-5.2E-12	283.864916
-2.90001	-5E-13	283.888214	0.0999997	-5.2E-12	283.888214
-2.80001	1.4E-12	283.911423	0.0999997	-5.4E-12	283.911423
-2.70001	2.3E-12	283.934632	0.0999997	-5.5E-12	283.934632
-2.60001	2.8E-12	283.957867	0.0999996	-5.8E-12	283.957867
-2.50001	1.7E-12	283.981151	0.0999996	-5.3E-12	283.981151
-2.40001	2.6E-12	284.00449	0.0999997	-5.5E-12	284.00449
-2.30001	5.1E-12	284.027703	0.0999997	-5.8E-12	284.027703
-2.20001	4E-12	284.050992	0.0999997	-5.2E-12	284.050992
-2.099999	-1.02E-11	284.076168	0.0999998	-3.9E-12	284.076168
-2	7.2E-12	284.099459	0.0999997	-5.8E-12	284.099459
-1.9	8.5E-12	284.122673	0.0999997	-6E-12	284.122673
-1.8	9.1E-12	284.145875	0.0999995	-5.8E-12	284.145875
-1.699999	8.4E-12	284.169214	0.1	-5.9E-12	284.169214
-1.6	9E-12	284.192506	0.0999996	-6.4E-12	284.192506
-1.5	1.17E-11	284.215716	0.0999997	-6.5E-12	284.215716
-1.400001	-8.2E-12	284.273153	0.0999999	-4.5E-12	284.273153
-1.3	1.03E-11	284.296469	0.0999997	-6.3E-12	284.296469
-1.2	1.37E-11	284.319683	0.0999999	-6.7E-12	284.319683
-1.1	1.5E-11	284.342951	0.0999998	-6.3E-12	284.342951
-1	1.57E-11	284.366225	0.0999998	-6.9E-12	284.366225
-0.9	1.6E-11	284.389515	0.0999998	-6.7E-12	284.389515
-0.8	1.89E-11	284.412734	0.0999996	-7.3E-12	284.412734
-0.7	2.04E-11	284.435932	0.0999996	-6.7E-12	284.435932
-0.599999	2.2E-11	284.459132	0.0999998	-7E-12	284.459132
-0.5	2.18E-11	284.482417	0.0999998	-7.1E-12	284.482417
-0.4	2.49E-11	284.505689	0.0999998	-7.7E-12	284.505689
-0.3	2.65E-11	284.528897	0.0999998	-5.9E-12	284.528897
-0.1999999	1.16E-11	284.554008	0.0999998	1.48E-11	284.554008
-0.0999992	2.85E-11	284.577285	0.1	1.574E-10	284.577285
1.2E-06	2.99E-11	284.600547	0.1000005	9.975E-10	284.600547
0.1000011	3.38E-11	284.623729	0.1000034	4.8001E-09	284.623729
0.2000008	3.58E-11	284.646919	0.1000094	1.79413E-08	284.646919
0.3	3.57E-11	284.670447	0.1000169	5.28285E-08	284.670447
0.399999	1.83E-11	284.710013	0.1000003	1.20901E-07	284.710013
0.499999	1.83E-11	284.759313	0.1000003	2.40798E-07	284.759313
0.6	2.52E-11	284.783913	0.1000011	4.2944E-07	284.783913
0.699999	2.8E-11	284.80855	0.1000011	6.76083E-07	284.80855
0.799999	2.97E-11	284.833067	0.1000013	9.77731E-07	284.833067
0.899999	2.67E-11	284.868954	0.0999999	1.32039E-06	284.868954
0.999999	3.29E-11	284.893464	0.1000001	1.71695E-06	284.893464
1.1	3.48E-11	284.917994	0.1000001	2.14596E-06	284.917994
1.2	3.66E-11	284.942509	0.1	2.60329E-06	284.942509
1.3	3.83E-11	284.966997	0.1000003	3.08464E-06	284.966997
1.4	3.93E-11	284.991511	0.1	3.5852E-06	284.991511
1.5	4.11E-11	285.016067	0.1000001	4.10188E-06	285.016067
1.599999	4.2E-11	285.04057	0.0999999	4.63248E-06	285.04057
1.699999	4.31E-11	285.065068	0.1000001	5.17485E-06	285.065068
1.8	4.43E-11	285.089563	0.1000001	5.72672E-06	285.089563
1.9	4.51E-11	285.114092	0.0999999	6.28773E-06	285.114092
2	4.62E-11	285.138622	0.0999999	6.85686E-06	285.138622
2.099999	4.68E-11	285.163238	0.1000002	7.43269E-06	285.163238
2.19999	4.77E-11	285.187939	0.1	8.01639E-06	285.187939
2.29999	4.75E-11	285.212548	0.1	8.60459E-06	285.212548
2.39999	4.11E-11	285.260733	0.1	9.18906E-06	285.260733
2.49999	4.66E-11	285.285315	0.1000001	9.79101E-06	285.285315
2.59999	4.7E-11	285.309924	0.0999999	1.03958E-05	285.309924
2.69999	4.32E-11	285.344563	0.1	1.09997E-05	285.344563
2.79999	4.85E-11	285.369125	0.1	1.1614E-05	285.369125
2.89999	4.92E-11	285.393653	0.1	1.22314E-05	285.393653
2.99999	4.96E-11	285.418189	0.1000001	1.28523E-05	285.418189
3.09999	5E-11	285.442709	0.1	1.34766E-05	285.442709
3.19999	5.13E-11	285.467211	0.1000002	1.41041E-05	285.467211
3.29999	5.18E-11	285.491717	0.1000001	1.47352E-05	285.491717
3.39999	5.11E-11	285.516255	0.1000001	1.5369E-05	285.516255
3.49999	5.15E-11	285.540798	0.1	1.60061E-05	285.540798
3.59999	5.2E-11	285.565299	0.0999998	1.6646E-05	285.565299
3.69999	5.22E-11	285.589907	0.1000001	1.72884E-05	285.589907
3.79999	5.3E-11	285.614411	0.1000001	1.7934E-05	285.614411
3.89999	5.34E-11	285.638905	0.0999999	1.85821E-05	285.638905
3.99999	5.31E-11	285.66353	0.1	1.92327E-05	285.66353
4.09999	5.33E-11	285.688134	0.1000001	1.98855E-05	285.688134
4.19999	5.39E-11	285.712663	0.1000001	2.05411E-05	285.712663
4.29999	4.75E-11	285.762147	0.0999999	2.11896E-05	285.762147
4.39999	5.31E-11	285.786766	0.1000001	2.18528E-05	285.786766
4.49999	5.36E-11	285.811371	0.1	2.25165E-05	285.811371
4.59999	5.38E-11	285.835892	0.1000001	2.31812E-05	285.835892
4.69999	5.11E-11	285.862067	0.1	2.38473E-05	285.862067
4.79999	5.47E-11	285.886585	0.1000002	2.45164E-05	285.886585
4.89999	5.5E-11	285.911117	0.1000001	2.51876E-05	285.911117
4.99999	5.54E-11	285.935615	0.1000002	2.58605E-05	285.935615
5.09999	5.55E-11	285.960182	0.1	2.65355E-05	285.960182
5.19999	5.52E-11	285.984717	0.0999999	2.72129E-05	285.984717
5.29999	5.59E-11	286.009308	0.0999999	2.78923E-05	286.009308
5.39999	5.62E-11	286.033809	0.0999999	2.85731E-05	286.033809
5.49999	5.63E-11	286.058314	0.1	2.92562E-05	286.058314
5.59999	5.68E-11	286.082821	0.1	2.99416E-05	286.082821
5.69999	5.64E-11	286.107457	0.1000001	3.06289E-05	286.107457
5.79999	5.71E-11	286.131976	0.1000002	3.13177E-05	286.131976
5.89999	5.71E-11	286.156468	0.0999998	3.20086E-05	286.156468
5.99999	5.71E-11	286.180987	0.1000002	3.27021E-05	286.180987
6.09999	5.75E-11	286.205529	0.1000001	3.33967E-05	286.205529
6.19999	5.77E-11	286.230057	0.1000001	3.4093E-05	286.230057
6.29999	5.22E-11	286.276194	0.1	3.47851E-05	286.276194
6.39999	5.71E-11	286.300728	0.0999999	3.54885E-05	286.300728
6.49999	5.75E-11	286.325263	0.1000002	3.61922E-05	286.325263
6.59999	5.77E-11	286.349824	0.1000001	3.68973E-05	286.349824
6.69999	5.73E-11	286.374396	0.1000003	3.76047E-05	286.374396
6.79999	5.73E-11	286.398937	0.1	3.83135E-05	286.398937
6.89999	5.79E-11	286.423515	0.1	3.90243E-05	286.423515
6.99999	5.79E-11	286.448024	0.1000001	3.97363E-05	286.448024
7.09999	5.85E-11	286.472541	0.1	4.04508E-05	286.472541
7.19999	5.88E-11	286.497038	0.1	4.11669E-05	286.497038
7.29999	5.91E-11	286.52156	0.1000001	4.18853E-05	286.52156
7.39999	5.96E-11	286.546057	0.1000001	4.26047E-05	286.546057
7.49999	5.91E-11	286.570558	0.1	4.33264E-05	286.570558
7.59999	5.94E-11	286.595066	0.1000003	4.40495E-05	286.595066
7.69999	5.94E-11	286.619593	0.0999999	4.47757E-05	286.619593
7.79999	6E-11	286.64411	0.0999999	4.55025E-05	286.64411
7.89999	5.88E-11	286.668956	0.1000001	4.62307E-05	286.668956
7.99999	5.98E-11	286.693492	0.1000001	4.69616E-05	286.693492
8.09999	6E-11	286.718092	0.1	4.76937E-05	286.718092
8.19999	5.23E-11	286.779708	0.0999999	4.84158E-05	286.779708
8.29999	5.76E-11	286.804273	0.1000001	4.91558E-05	286.804273
8.39999	5.81E-11	286.828816	0.1000002	4.98943E-05	286.828816
8.49999	5.9E-11	286.853341	0.0999999	5.06354E-05	286.853341
8.59999	5.94E-11	286.877932	0.1000001	5.13774E-05	286.877932
8.69999	5.99E-11	286.902467	0.1000002	5.21208E-05	286.902467
8.79999	5.98E-11	286.927031	0.1000001	5.28657E-05	286.927031
8.89999	6.06E-11	286.951538	0.0999999	5.36118E-05	286.951538
8.99999	6.02E-11	286.976041	0.1	5.43602E-05	286.976041
9.09999	6.04E-11	287.000558	0.1000001	5.51102E-05	287.000558
9.19999	6.12E-11	287.025119	0.1000002	5.58613E-05	287.025119
9.29999	6.06E-11	287.049646	0.1000001	5.66133E-05	287.049646
9.39999	6.09E-11	287.074145	0.0999999	5.73702E-05	287.074145
9.49999	6.12E-11	287.098663	0.1000002	5.81284E-05	287.098663
9.59999	6.12E-11	287.123182	0.1000001	5.88875E-05	287.123182
9.69999	6.12E-11	287.147718	0.1000002	5.96484E-05	287.147718
9.79999	6.17E-11	287.172311	0.1	6.04111E-05	287.172311
9.89999	6.12E-11	287.196869	0.1000001	6.11754E-05	287.196869
9.99999	6.18E-11	287.221408	0.1000002	6.19414E-05	287.221408
9.9	5.09E-11	287.283389	0.0999999	6.11517E-05	287.283389
9.8	4.44E-11	287.307963	0.1000001	6.03753E-05	287.307963
9.7	4.2E-11	287.332437	0.1	5.96029E-05	287.332437
9.6	4.13E-11	287.357055	0.1	5.88333E-05	287.357055
9.5	3.98E-11	287.381615	0.0999999	5.80659E-05	287.381615
9.4	3.86E-11	287.40613	0.0999999	5.73009E-05	287.40613
9.3	3.71E-11	287.430649	0.1000002	5.65378E-05	287.430649
9.2	3.69E-11	287.455215	0.0999999	5.57764E-05	287.455215
9.1	3.61E-11	287.47972	0.0999999	5.50161E-05	287.47972
9	3.53E-11	287.504247	0.1	5.42581E-05	287.504247
8.9	3.46E-11	287.528752	0.1000001	5.35051E-05	287.528752
8.8	3.42E-11	287.553264	0.1000002	5.27499E-05	287.553264
8.7	3.35E-11	287.577769	0.1000001	5.19962E-05	287.577769
8.6	3.3E-11	287.60234	0.0999999	5.1244E-05	287.60234
8.5	3.21E-11	287.626853	0.0999999	5.04943E-05	287.626853
8.4	3.18E-11	287.651374	0.1	4.97463E-05	287.651374
8.3	3.11E-11	287.675948	0.0999999	4.90002E-05	287.675948
8.2	3.06E-11	287.700469	0.1	4.82562E-05	287.700469
8.1	3.03E-11	287.725065	0.0999999	4.75134E-05	287.725065
8	3.6E-11	287.784769	0.1	4.67768E-05	287.784769
7.9	3.1E-11	287.809324	0.0999999	4.60367E-05	287.809324
7.8	3.07E-11	287.833885	0.1	4.52998E-05	287.833885
7.7	2.99E-11	287.858406	0.1	4.45647E-05	287.858406
7.6	2.88E-11	287.882983	0.0999999	4.3831E-05	287.882983
7.5	2.85E-11	287.907551	0.1	4.30995E-05	287.907551
7.4	2.78E-11	287.932079	0.1	4.237E-05	287.932079
7.3	2.76E-11	287.956636	0.1	4.16424E-05	287.956636
7.2	2.74E-11	287.981144	0.1	4.09163E-05	287.981144
7.1	2.66E-11	288.005694	0.1	4.01921E-05	288.005694
7	2.64E-11	288.030252	0.0999998	3.94707E-05	288.030252
6.9	2.61E-11	288.054774	0.0999999	3.875E-05	288.054774
6.8	2.56E-11	288.079331	0.1	3.80319E-05	288.079331
6.7	2.48E-11	288.103865	0.1	3.73152E-05	288.103865
6.6	2.46E-11	288.128435	0.1	3.66005E-05	288.128435
6.5	2.41E-11	288.152943	0.1	3.58888E-05	288.152943
6.4	2.33E-11	288.177536	0.0999998	3.51779E-05	288.177536
6.3	2.32E-11	288.202061	0.1	3.44697E-05	288.202061
6.2	2.33E-11	288.226665	0.1	3.37626E-05	288.226665
6.1	2.89E-11	288.286195	0.0999998	3.30628E-05	288.286195
6	2.36E-11	288.31074	0.0999998	3.23594E-05	288.31074
5.9	2.32E-11	288.335262	0.1	3.16584E-05	288.335262
5.8	2.21E-11	288.359869	0.0999999	3.09591E-05	288.359869
5.7	2.17E-11	288.384461	0.0999999	3.02634E-05	288.384461
5.6	2.12E-11	288.408978	0.1	2.9569E-05	288.408978
5.5	2.05E-11	288.433483	0.0999999	2.88766E-05	288.433483
5.4	2.04E-11	288.457996	0.1000001	2.81869E-05	288.457996
5.3	2.01E-11	288.482505	0.1	2.74993E-05	288.482505
5.2	1.96E-11	288.507018	0.0999999	2.68135E-05	288.507018
5.1	1.9E-11	288.531529	0.1000002	2.61303E-05	288.531529
5	1.91E-11	288.55607	0.0999999	2.54498E-05	288.55607
4.9	1.82E-11	288.580573	0.0999999	2.47711E-05	288.580573
4.8	1.78E-11	288.605078	0.1	2.40951E-05	288.605078
4.7	1.75E-11	288.629609	0.0999998	2.34208E-05	288.629609
4.6	1.71E-11	288.654134	0.1000001	2.27499E-05	288.654134
4.5	1.64E-11	288.678743	0.1	2.20815E-05	288.678743
4.4	1.58E-11	288.70325	0.1	2.14146E-05	288.70325
4.3	1.54E-11	288.727775	0.0999999	2.07511E-05	288.727775
4.2	2.13E-11	288.788024	0.1000001	2.00951E-05	288.788024
4.1	1.62E-11	288.812582	0.1000001	1.94355E-05	288.812582
4	1.53E-11	288.837214	0.0999999	1.87795E-05	288.837214
3.9	1.43E-11	288.861726	0.1	1.81262E-05	288.861726
3.8	1.39E-11	288.88631	0.1	1.74763E-05	288.88631
3.7	1.3E-11	288.910808	0.0999998	1.68291E-05	288.910808
3.6	1.24E-11	288.935369	0.1	1.61855E-05	288.935369
3.5	1.15E-11	288.959917	0.1000001	1.55444E-05	288.959917
3.4	1.08E-11	288.984464	0.0999999	1.4907E-05	288.984464
3.3	1.09E-11	289.009057	0.1	1.4273E-05	289.009057
3.2	9.6E-12	289.033569	0.1	1.36423E-05	289.033569
3.1	9E-12	289.058105	0.0999999	1.30146E-05	289.058105
3	8.6E-12	289.082652	0.0999998	1.23915E-05	289.082652
2.9	7E-12	289.107173	0.0999997	1.17726E-05	289.107173
2.8	6.8E-12	289.131706	0.0999998	1.11573E-05	289.131706
2.7	6E-12	289.156232	0.0999999	1.05463E-05	289.156232
2.6	5E-12	289.180831	0.0999999	9.94E-06	289.180831
2.5	4.4E-12	289.205361	0.0999999	9.3384E-06	289.205361
2.4	7.3E-12	289.232512	0.1	8.7438E-06	289.232512
2.3	9E-12	289.289199	0.0999999	8.15804E-06	289.289199
2.2	3.3E-12	289.313727	0.1	7.57151E-06	289.313727
2.099999	5.4E-12	289.340144	0.1	6.99168E-06	289.340144
2	9E-13	289.3647	0.0999999	6.41971E-06	289.3647
1.9	-8E-13	289.389259	0.1	5.85581E-06	289.389259
1.8	-2.1E-12	289.413769	0.0999999	5.30056E-06	289.413769
1.7	-2.9E-12	289.438303	0.1000001	4.75551E-06	289.438303
1.6	-4.1E-12	289.462814	0.0999996	4.2218E-06	289.462814
1.5	-5.9E-12	289.487341	0.0999996	3.70181E-06	289.487341
1.4	-7E-12	289.511844	0.0999999	3.19687E-06	289.511844
1.3	-8.2E-12	289.536344	0.0999999	2.71072E-06	289.536344
1.2	-1E-11	289.560857	0.1000001	2.24743E-06	289.560857
1.1	-1.16E-11	289.585386	0.0999999	1.8116E-06	289.585386
1	-1.31E-11	289.609985	0.1	1.40924E-06	289.609985
0.9	-1.49E-11	289.634609	0.0999997	1.04671E-06	289.634609
0.8	-1.3E-11	289.662007	0.0999994	7.33397E-07	289.662007
0.7	-1.85E-11	289.686585	0.0999993	4.72713E-07	289.686585
0.6	-2.07E-11	289.711079	0.0999996	2.73585E-07	289.711079
0.5	-2.31E-11	289.73558	0.0999997	1.36926E-07	289.73558
0.4	-1.79E-11	289.80359	0.0999953	5.98597E-08	289.80359
0.299999	-4E-11	289.826793	0.1000039	1.94182E-08	289.826793
0.1999998	-2.64E-11	289.851904	0.099997	4.9809E-09	289.851904
0.099999	-4.34E-11	289.876541	0.1000005	9.769E-10	289.876541
-1.3E-06	-4.6E-11	289.899806	0.1000001	1.446E-10	289.899806
#scan	iMeasureCycle=3	iMux=0	time=319.711	N=401	LocalTime=19/04/2023 12:00:56
#VGate(V)	IGate(A)	time(s)	VDrain(V)	IDrain(A)	time(s)
-1E-07	-1.29E-11	319.718748	0.1000005	5.111E-10	319.718748
-0.1000011	-3.49E-11	319.742349	0.1000002	5.85E-11	319.742349
-0.2000002	-2.14E-11	319.767754	0.0999999	2.5E-12	319.767754
-0.300001	-4.15E-11	319.79117	0.1000001	-1.2E-12	319.79117
-0.400001	-4.28E-11	319.814457	0.1	-1.6E-12	319.814457
-0.500001	-4.71E-11	319.837682	0.1	-1.2E-12	319.837682
-0.600001	-4.87E-11	319.860899	0.1000001	-1.3E-12	319.860899
-0.700001	-5.1E-11	319.884098	0.1000001	-1.2E-12	319.884098
-0.800001	-5.06E-11	319.90739	0.1	-1.8E-12	319.90739
-0.900001	-5.19E-11	319.930681	0.1000001	-1.5E-12	319.930681
-1.000001	-5.53E-11	319.953899	0.1000003	-1.2E-12	319.953899
-1.100001	-5.65E-11	319.977105	0.1000002	-1.1E-12	319.977105
-1.200001	-5.62E-11	320.000392	0.1000003	-1.1E-12	320.000392
-1.300001	-5.67E-11	320.023683	0.0999999	-1.2E-12	320.023683
-1.400001	-5.96E-11	320.046902	0.1000003	-1E-12	320.046902
-1.500001	-5.9E-11	320.070254	0.1000003	-1E-12	320.070254
-1.600001	-5.99E-11	320.093536	0.0999999	-1E-12	320.093536
-1.700001	-6.17E-11	320.116758	0.1000001	-8E-13	320.116758
-1.800001	-6.24E-11	320.139978	0.1000002	-8E-13	320.139978
-1.900001	-6.29E-11	320.163216	0.1000001	-9E-13	320.163216
-2.000001	-6.23E-11	320.186499	0.1000001	-9E-13	320.186499
-2.100001	-6.43E-11	320.209691	0.1000002	-6E-13	320.209691
-2.2	-6.48E-11	320.233202	0.1	-8E-13	320.233202
-2.3	-4.44E-11	320.282859	0.1000001	-2.5E-12	320.282859
-2.4	-6.44E-11	320.306081	0.1	-9E-13	320.306081
-2.5	-6.51E-11	320.329302	0.1000003	-5E-13	320.329302
-2.6	-6.55E-11	320.352542	0.1	-5E-13	320.352542
-2.7	-6.47E-11	320.375879	0.1000003	-2E-13	320.375879
-2.8	-6.66E-11	320.3992	0.1	-3E-13	320.3992
-2.9	-6.72E-11	320.422422	0.1	-3E-13	320.422422
-3	-6.64E-11	320.445737	0.1000001	-1E-12	320.445737
-3.1	-6.66E-11	320.469021	0.1000002	-5E-13	320.469021
-3.2	-6.87E-11	320.492217	0.1000002	-1E-13	320.492217
-3.3	-6.74E-11	320.515507	0.1000003	0	320.515507
-3.4	-6.79E-11	320.538814	0.1000002	-2E-13	320.538814
-3.5	-6.97E-11	320.562034	0.1	0	320.562034
-3.6	-6.86E-11	320.585329	0.1000002	1E-13	320.585329
-3.7	-6.87E-11	320.608606	0.1000003	1E-13	320.608606
-3.8	-6.93E-11	320.631896	0.1	4E-13	320.631896
-3.9	-7.11E-11	320.655114	0.1	-2E-13	320.655114
-4	-7.12E-11	320.678332	0.1	-2E-13	320.678332
-4.1	-6.98E-11	320.701625	0.0999999	3E-13	320.701625
-4.2	-7.04E-11	320.724988	0.1000001	0	320.724988
-4.3	-5.1E-11	320.781859	0.0999998	-1.7E-12	320.781859
-4.4	-6.82E-11	320.805222	0.0999999	-3E-13	320.805222
-4.5	-7.17E-11	320.828445	0.1000001	-3E-13	320.828445
-4.6	-6.98E-11	320.851763	0.1	-1E-13	320.851763
-4.7	-7.06E-11	320.875108	0.1	2E-13	320.875108
-4.8	-7.23E-11	320.898322	0.1000002	1E-13	320.898322
-4.9	-7.29E-11	320.92154	0.1	1E-13	320.92154
-5	-7.13E-11	320.944832	0.0999999	-1E-13	320.944832
-5.1	-7.19E-11	320.968114	0.1000002	0	320.968114
-5.2	-7.4E-11	320.991332	0.1000001	5E-13	320.991332
-5.3	-7.42E-11	321.014543	0.0999999	0	321.014543
-5.4	-7.31E-11	321.037839	0.0999999	0	321.037839
-5.5	-7.33E-11	321.061186	0.0999999	2E-13	321.061186
-5.6	-7.54E-11	321.084394	0.0999998	2E-13	321.084394
-5.7	-7.56E-11	321.107585	0.1000001	6E-13	321.107585
-5.8	-7.42E-11	321.130866	0.1000001	3E-13	321.130866
-5.9	-7.4E-11	321.154149	0.1000001	2E-13	321.154149
-6	-7.6E-11	321.177362	0.1	4E-13	321.177362
-6.1	-7.47E-11	321.20065	0.0999999	2E-13	321.20065
-6.2	-7.49E-11	321.22401	0.1000002	6E-13	321.22401
-6.3	-5.55E-11	321.283099	0.0999999	-1.3E-12	321.283099
-6.4	-7.32E-11	321.306418	0.1	4E-13	321.306418
-6.5	-7.64E-11	321.329631	0.1000002	6E-13	321.329631
-6.6	-7.65E-11	321.352879	0.1000001	5E-13	321.352879
-6.7	-7.66E-11	321.376149	0.1000001	2E-13	321.376149
-6.8	-7.76E-11	321.399407	0.1	2E-13	321.399407
-6.9	-7.71E-11	321.422662	0.1000002	7E-13	321.422662
-7	-7.55E-11	321.445964	0.1000003	7E-13	321.445964
-7.1	-7.59E-11	321.469258	0.1000002	7E-13	321.469258
-7.2	-7.66E-11	321.492544	0.1	5E-13	321.492544
-7.3	-7.63E-11	321.515823	0.1000001	6E-13	321.515823
-7.4	-7.83E-11	321.539026	0.1000002	5E-13	321.539026
-7.5	-7.71E-11	321.562315	0.1000003	3E-13	321.562315
-7.6	-7.87E-11	321.585555	0.1	9E-13	321.585555
-7.7	-7.94E-11	321.608847	0.1000003	7E-13	321.608847
-7.8	-7.8E-11	321.632144	0.1000003	4E-13	321.632144
-7.9	-7.73E-11	321.655527	0.0999999	6E-13	321.655527
-8	-7.95E-11	321.678729	0.1000003	7E-13	321.678729
-8.1	-7.96E-11	321.701935	0.1000001	7E-13	321.701935
-8.2	-7.79E-11	321.725319	0.1	9E-13	321.725319
-8.3	-5.96E-11	321.784457	0.0999998	-1.3E-12	321.784457
-8.4	-7.85E-11	321.807694	0.1000001	6E-13	321.807694
-8.5	-7.91E-11	321.830911	0.1000001	6E-13	321.830911
-8.6	-7.94E-11	321.854152	0.1000001	3E-13	321.854152
-8.7	-7.82E-11	321.877505	0.1000002	5E-13	321.877505
-8.8	-7.81E-11	321.900793	0.1000001	5E-13	321.900793
-8.9	-8.07E-11	321.923992	0.1000004	8E-13	321.923992
-9	-7.96E-11	321.947235	0.1000003	7E-13	321.947235
-9.1	-7.89E-11	321.970528	0.1000004	9E-13	321.970528
-9.2	-8.07E-11	321.993745	0.1000002	8E-13	321.993745
-9.3	-8.09E-11	322.016958	0.1000001	6E-13	322.016958
-9.4	-8.13E-11	322.040175	0.1	6E-13	322.040175
-9.5	-7.93E-11	322.063523	0.1000001	7E-13	322.063523
-9.6	-7.97E-11	322.086799	0.1000002	5E-13	322.086799
-9.7	-8.11E-11	322.110014	0.1000001	8E-13	322.110014
-9.8	-7.94E-11	322.133342	0.0999999	5E-13	322.133342
-9.9	-8.04E-11	322.156636	0.1	7E-13	322.156636
-10	-8.19E-11	322.179862	0.1	1E-12	322.179862
-9.90001	-3.99E-11	322.203082	0.0999997	-2.5E-12	322.203082
-9.80001	-3.84E-11	322.226456	0.0999997	-2.5E-12	322.226456
-9.70001	-5.31E-11	322.285978	0.0999999	-1E-12	322.285978
-9.60001	-3.23E-11	322.309204	0.0999998	-2.5E-12	322.309204
-9.50001	-3.12E-11	322.332424	0.0999997	-2.6E-12	322.332424
-9.40001	-3.11E-11	322.355744	0.0999996	-2.5E-12	322.355744
-9.30001	-2.84E-11	322.379018	0.0999999	-2.7E-12	322.379018
-9.20001	-2.79E-11	322.402369	0.0999995	-2.9E-12	322.402369
-9.10001	-2.62E-11	322.425579	0.0999999	-2.9E-12	322.425579
-9.00001	-2.77E-11	322.448878	0.0999999	-2.7E-12	322.448878
-8.90001	-2.56E-11	322.472099	0.0999997	-2.9E-12	322.472099
-8.80001	-2.47E-11	322.495313	0.0999995	-2.7E-12	322.495313
-8.70001	-2.58E-11	322.518602	0.0999997	-2.6E-12	322.518602
-8.60001	-2.53E-11	322.541885	0.0999998	-2.5E-12	322.541885
-8.50001	-2.32E-11	322.565168	0.0999998	-3.2E-12	322.565168
-8.40001	-2.3E-11	322.588394	0.0999997	-2.8E-12	322.588394
-8.30001	-2.34E-11	322.611689	0.0999997	-2.5E-12	322.611689
-8.20001	-2.29E-11	322.634983	0.0999997	-2.8E-12	322.634983
-8.10001	-2.04E-11	322.658202	0.0999997	-2.9E-12	322.658202
-8.00001	-2.2E-11	322.681491	0.0999996	-3.1E-12	322.681491
-7.90001	-2.13E-11	322.704773	0.0999999	-3.4E-12	322.704773
-7.80001	-1.98E-11	322.728094	0.0999996	-3.1E-12	322.728094
-7.70001	-4.01E-11	322.787432	0.1	-1.5E-12	322.787432
-7.6	-1.98E-11	322.810672	0.0999996	-3.1E-12	322.810672
-7.50001	-2.1E-11	322.833968	0.0999998	-3E-12	322.833968
-7.40001	-2.01E-11	322.857291	0.0999996	-3.2E-12	322.857291
-7.30001	-1.84E-11	322.880563	0.0999997	-3.4E-12	322.880563
-7.2	-1.96E-11	322.903859	0.0999998	-3.1E-12	322.903859
-7.10001	-1.88E-11	322.927137	0.0999995	-3.5E-12	322.927137
-7.00001	-1.68E-11	322.950348	0.0999998	-3.3E-12	322.950348
-6.90001	-1.59E-11	322.973579	0.0999996	-3.8E-12	322.973579
-6.80001	-1.74E-11	322.99688	0.0999996	-3.6E-12	322.99688
-6.70001	-1.67E-11	323.02016	0.0999998	-3.3E-12	323.02016
-6.60001	-1.55E-11	323.043366	0.0999995	-3.3E-12	323.043366
-6.50001	-1.45E-11	323.066627	0.0999997	-3.5E-12	323.066627
-6.40001	-1.54E-11	323.089934	0.0999996	-3.4E-12	323.089934
-6.30001	-1.49E-11	323.113219	0.0999996	-3.3E-12	323.113219
-6.20001	-1.48E-11	323.136509	0.0999997	-3.3E-12	323.136509
-6.10001	-1.24E-11	323.159722	0.0999999	-3.5E-12	323.159722
-6.00001	-1.39E-11	323.18301	0.0999999	-3.3E-12	323.18301
-5.90001	-1.42E-11	323.206312	0.0999997	-3.8E-12	323.206312
-5.80001	-1.17E-11	323.22961	0.0999997	-3.7E-12	323.22961
-5.70001	-3.2E-11	323.28904	0.0999999	-2.1E-12	323.28904
-5.60001	-1.37E-11	323.312353	0.0999996	-3.4E-12	323.312353
-5.50001	-1.13E-11	323.335559	0.0999998	-3.5E-12	323.335559
-5.40001	-1.09E-11	323.35888	0.0999996	-3.8E-12	323.35888
-5.30001	-1.02E-11	323.382145	0.0999999	-3.9E-12	323.382145
-5.20001	-1.13E-11	323.405486	0.0999996	-3.8E-12	323.405486
-5.1	-9.6E-12	323.428692	0.0999999	-3.9E-12	323.428692
-5.00001	-8.8E-12	323.451895	0.0999997	-3.9E-12	323.451895
-4.90001	-1.02E-11	323.475188	0.0999997	-3.7E-12	323.475188
-4.80001	-9.3E-12	323.498473	0.0999996	-3.8E-12	323.498473
-4.7	-7.6E-12	323.521684	0.0999998	-3.7E-12	323.521684
-4.60001	-7.4E-12	323.54489	0.0999996	-3.9E-12	323.54489
-4.50001	-8.7E-12	323.568182	0.0999996	-3.7E-12	323.568182
-4.40001	-8.5E-12	323.591569	0.0999996	-3.7E-12	323.591569
-4.3	-6.3E-12	323.614787	0.1	-3.5E-12	323.614787
-4.20001	-7.5E-12	323.638074	0.0999997	-4.4E-12	323.638074
-4.10001	-4.6E-12	323.661272	0.0999997	-4.2E-12	323.661272
-4.00001	-6.4E-12	323.684577	0.0999997	-4.5E-12	323.684577
-3.90001	-3.9E-12	323.707784	0.0999995	-4.7E-12	323.707784
-3.80001	-7.1E-12	323.731278	0.0999996	-4.2E-12	323.731278
-3.70001	-2.4E-11	323.790158	0.0999999	-3E-12	323.790158
-3.60001	-5.7E-12	323.813469	0.0999997	-4.2E-12	323.813469
-3.50001	-5.2E-12	323.836764	0.0999997	-4.6E-12	323.836764
-3.40001	-2.9E-12	323.859994	0.0999998	-4.7E-12	323.859994
-3.30001	-2E-12	323.883252	0.0999995	-4.8E-12	323.883252
-3.20001	-3.2E-12	323.906542	0.0999997	-5E-12	323.906542
-3.10001	-2.7E-12	323.92983	0.0999999	-4.9E-12	323.92983
-3.00001	0	323.953037	0.0999998	-4.7E-12	323.953037
-2.90001	9E-13	323.97625	0.0999999	-5E-12	323.97625
-2.80001	-7E-13	323.999537	0.0999998	-4.9E-12	323.999537
-2.70001	2E-13	324.022824	0.0999996	-4.8E-12	324.022824
-2.60001	3E-12	324.04603	0.0999996	-4.7E-12	324.04603
-2.50001	2.6E-12	324.069287	0.0999997	-4.9E-12	324.069287
-2.40001	2.5E-12	324.092581	0.0999999	-5E-12	324.092581
-2.30001	4.8E-12	324.115798	0.0999994	-5.1E-12	324.115798
-2.20001	6E-12	324.139006	0.0999996	-5.2E-12	324.139006
-2.099999	-1.05E-11	324.164203	0.0999998	-3.7E-12	324.164203
-2	5.1E-12	324.187494	0.0999998	-5.3E-12	324.187494
-1.9	5.9E-12	324.210788	0.0999996	-5.1E-12	324.210788
-1.8	8.6E-12	324.234093	0.0999998	-5.7E-12	324.234093
-1.700001	-1.15E-11	324.291661	0.0999999	-4.3E-12	324.291661
-1.6	6.8E-12	324.314959	0.0999998	-5.5E-12	324.314959
-1.5	1.01E-11	324.338174	0.0999998	-6E-12	324.338174
-1.4	1.15E-11	324.361413	0.0999996	-6.3E-12	324.361413
-1.3	1.06E-11	324.384756	0.0999998	-5.9E-12	324.384756
-1.2	1.19E-11	324.408101	0.0999997	-6.2E-12	324.408101
-1.1	1.21E-11	324.431434	0.0999999	-6E-12	324.431434
-1	1.48E-11	324.454709	0.0999997	-6.6E-12	324.454709
-0.9	1.55E-11	324.477981	0.0999997	-6.4E-12	324.477981
-0.8	1.9E-11	324.501201	0.0999997	-6.9E-12	324.501201
-0.7	2.01E-11	324.524398	0.0999998	-6.6E-12	324.524398
-0.599999	2E-11	324.547678	0.0999999	-6.6E-12	324.547678
-0.5	2.13E-11	324.570952	0.0999999	-6.9E-12	324.570952
-0.4	2.44E-11	324.594164	0.0999996	-7.3E-12	324.594164
-0.299999	2.63E-11	324.617377	0.0999995	-5.9E-12	324.617377
-0.1999996	1.08E-11	324.642493	0.0999997	9.3E-12	324.642493
-0.0999989	2.82E-11	324.665757	0.0999999	1.168E-10	324.665757
1.2E-06	2.96E-11	324.689031	0.1000002	7.734E-10	324.689031
0.100001	3.36E-11	324.712202	0.1000026	3.8496E-09	324.712202
0.2000012	3.52E-11	324.735488	0.1000075	1.48696E-08	324.735488
0.299999	1.49E-11	324.795914	0.1000067	4.26311E-08	324.795914
0.399999	1.54E-11	324.84413	0.0999999	1.04725E-07	324.84413
0.5	2.27E-11	324.868629	0.1000008	2.22842E-07	324.868629
0.599999	2.53E-11	324.893173	0.1000012	3.98845E-07	324.893173
0.699999	2.71E-11	324.917671	0.100001	6.35039E-07	324.917671
0.799999	2.96E-11	324.94218	0.1000013	9.27311E-07	324.94218
0.899999	2.63E-11	324.976804	0.1	1.26252E-06	324.976804
0.999999	3.23E-11	325.001318	0.1000001	1.65235E-06	325.001318
1.1	3.49E-11	325.025843	0.0999999	2.0758E-06	325.025843
1.199999	3.64E-11	325.05039	0.1	2.52897E-06	325.05039
1.3	3.76E-11	325.074956	0.1000002	3.00612E-06	325.074956
1.399999	3.95E-11	325.099502	0.1000003	3.50389E-06	325.099502
1.5	4.12E-11	325.12401	0.1000001	4.01782E-06	325.12401
1.599999	4.22E-11	325.148519	0.1000002	4.54618E-06	325.148519
1.699999	4.33E-11	325.173022	0.1000001	5.08672E-06	325.173022
1.8	4.39E-11	325.197548	0.1000002	5.63784E-06	325.197548
1.9	4.53E-11	325.222042	0.0999999	6.19755E-06	325.222042
1.999999	4.54E-11	325.246634	0.0999999	6.76522E-06	325.246634
2.099999	3.93E-11	325.301252	0.1000001	7.32961E-06	325.301252
2.19999	4.39E-11	325.326005	0.1	7.91581E-06	325.326005
2.29999	4.58E-11	325.350534	0.1000001	8.50536E-06	325.350534
2.39999	4.68E-11	325.375046	0.1	9.09955E-06	325.375046
2.49999	4.72E-11	325.399605	0.1000001	9.69877E-06	325.399605
2.59999	4.74E-11	325.424191	0.1	1.030245E-05	325.424191
2.69999	4.31E-11	325.458765	0.1000001	1.09053E-05	325.458765
2.79999	4.78E-11	325.483329	0.0999999	1.15193E-05	325.483329
2.89999	4.88E-11	325.507837	0.1000001	1.21365E-05	325.507837
2.99999	4.9E-11	325.532451	0.0999999	1.27567E-05	325.532451
3.09999	4.94E-11	325.556971	0.1000002	1.33812E-05	325.556971
3.19999	5.06E-11	325.58144	0.1000001	1.40084E-05	325.58144
3.29999	5.11E-11	325.606046	0.0999999	1.46392E-05	325.606046
3.39999	5.14E-11	325.630591	0.1000001	1.52735E-05	325.630591
3.49999	5.15E-11	325.655143	0.0999999	1.59107E-05	325.655143
3.59999	5.17E-11	325.679641	0.0999999	1.65516E-05	325.679641
3.69999	5.23E-11	325.704168	0.1000002	1.71945E-05	325.704168
3.79999	5.26E-11	325.728628	0.1	1.78404E-05	325.728628
3.89999	5.27E-11	325.753208	0.0999998	1.84892E-05	325.753208
3.99999	4.71E-11	325.797068	0.1	1.91339E-05	325.797068
4.09999	5.21E-11	325.821597	0.1000001	1.97901E-05	325.821597
4.19999	5.2E-11	325.8464	0.1000002	2.04475E-05	325.8464
4.29999	5.33E-11	325.870924	0.0999998	2.11066E-05	325.870924
4.39999	5.36E-11	325.895493	0.0999999	2.17679E-05	325.895493
4.49999	5.3E-11	325.919994	0.1000002	2.24312E-05	325.919994
4.59999	5.43E-11	325.944518	0.0999999	2.30974E-05	325.944518
4.69999	5.45E-11	325.969023	0.0999999	2.37652E-05	325.969023
4.79999	5.45E-11	325.993542	0.0999998	2.44357E-05	325.993542
4.89999	5.49E-11	326.01805	0.1000001	2.51076E-05	326.01805
4.99999	5.47E-11	326.042606	0.1	2.57815E-05	326.042606
5.09999	5.47E-11	326.067136	0.0999999	2.64577E-05	326.067136
5.19999	5.54E-11	326.091715	0.1	2.71358E-05	326.091715
5.29999	5.51E-11	326.116266	0.0999999	2.78157E-05	326.116266
5.39999	5.6E-11	326.140773	0.1	2.84976E-05	326.140773
5.49999	5.58E-11	326.165284	0.1	2.91817E-05	326.165284
5.59999	5.59E-11	326.189886	0.1000002	2.98676E-05	326.189886
5.69999	5.59E-11	326.214432	0.1000002	3.05547E-05	326.214432
5.79999	5.57E-11	326.239052	0.1	3.12445E-05	326.239052
5.89999	5.01E-11	326.298529	0.1	3.19256E-05	326.298529
5.99999	5.48E-11	326.323055	0.1	3.26223E-05	326.323055
6.09999	5.47E-11	326.34783	0.1000001	3.33194E-05	326.34783
6.19999	5.62E-11	326.372351	0.1000002	3.40172E-05	326.372351
6.29999	5.61E-11	326.396907	0.0999999	3.47176E-05	326.396907
6.39999	5.67E-11	326.421466	0.1000001	3.54192E-05	326.421466
6.49999	5.7E-11	326.446012	0.1000001	3.61233E-05	326.446012
6.59999	5.7E-11	326.470517	0.0999999	3.68284E-05	326.470517
6.69999	5.7E-11	326.495036	0.1000001	3.75352E-05	326.495036
6.79999	5.76E-11	326.519555	0.1	3.82444E-05	326.519555
6.89999	5.78E-11	326.544056	0.1	3.89552E-05	326.544056
6.99999	5.77E-11	326.5686	0.1	3.96681E-05	326.5686
7.09999	5.83E-11	326.593143	0.1000001	4.0382E-05	326.593143
7.19999	5.83E-11	326.617706	0.0999999	4.1098E-05	326.617706
7.29999	5.84E-11	326.64221	0.1000001	4.18175E-05	326.64221
7.39999	5.88E-11	326.666725	0.1	4.25374E-05	326.666725
7.49999	5.86E-11	326.691262	0.1000001	4.32588E-05	326.691262
7.59999	5.91E-11	326.715788	0.1000002	4.39818E-05	326.715788
7.69999	5.83E-11	326.740634	0.1	4.47081E-05	326.740634
7.79999	5.28E-11	326.796085	0.0999999	4.54277E-05	326.796085
7.89999	5.77E-11	326.820625	0.0999998	4.61585E-05	326.820625
7.99999	5.81E-11	326.845146	0.1000002	4.68901E-05	326.845146
8.09999	5.86E-11	326.869698	0.1	4.76237E-05	326.869698
8.19999	5.89E-11	326.894331	0.1	4.83584E-05	326.894331
8.29999	5.92E-11	326.918889	0.0999999	4.90947E-05	326.918889
8.39999	5.97E-11	326.943386	0.1000001	4.9833E-05	326.943386
8.49999	5.96E-11	326.9679	0.0999999	5.05733E-05	326.9679
8.59999	6.01E-11	326.992403	0.0999999	5.1315E-05	326.992403
8.69999	6.03E-11	327.016986	0.1	5.20579E-05	327.016986
8.79999	6.05E-11	327.041534	0.1	5.28036E-05	327.041534
8.89999	6.05E-11	327.06605	0.0999999	5.35502E-05	327.06605
8.99999	6.03E-11	327.090624	0.1	5.42985E-05	327.090624
9.09999	6.07E-11	327.115165	0.1000001	5.50482E-05	327.115165
9.19999	6.09E-11	327.139667	0.1000003	5.57997E-05	327.139667
9.29999	6.07E-11	327.164193	0.0999998	5.65521E-05	327.164193
9.39999	6.11E-11	327.1887	0.1	5.7309E-05	327.1887
9.49999	6.08E-11	327.213239	0.1000001	5.8067E-05	327.213239
9.59999	6.1E-11	327.237853	0.1000002	5.88264E-05	327.237853
9.69999	5.41E-11	327.299691	0.1	5.95767E-05	327.299691
9.79999	5.94E-11	327.324258	0.0999998	6.03434E-05	327.324258
9.89999	5.96E-11	327.348794	0.1000002	6.11087E-05	327.348794
9.99999	6.03E-11	327.373371	0.1000001	6.18751E-05	327.373371
9.9	4.74E-11	327.397938	0.0999999	6.10931E-05	327.397938
9.8	4.48E-11	327.422552	0.1	6.03173E-05	327.422552
9.7	4.27E-11	327.447068	0.1000001	5.95449E-05	327.447068
9.6	4.14E-11	327.471611	0.0999999	5.8775E-05	327.471611
9.5	4E-11	327.496125	0.0999999	5.8008E-05	327.496125
9.4	3.87E-11	327.520649	0.1	5.72431E-05	327.520649
9.3	3.75E-11	327.545189	0.1	5.64799E-05	327.545189
9.2	3.72E-11	327.569702	0.1000001	5.57175E-05	327.569702
9.1	3.61E-11	327.59419	0.0999998	5.49579E-05	327.59419
9	3.61E-11	327.618825	0.0999998	5.41996E-05	327.618825
8.9	3.44E-11	327.643348	0.1	5.34465E-05	327.643348
8.8	3.42E-11	327.667861	0.1	5.26912E-05	327.667861
8.7	3.34E-11	327.692386	0.0999999	5.19375E-05	327.692386
8.6	3.29E-11	327.716891	0.0999999	5.11852E-05	327.716891
8.5	3.23E-11	327.74152	0.0999999	5.04355E-05	327.74152
8.4	3.74E-11	327.802967	0.0999998	4.9691E-05	327.802967
8.3	3.23E-11	327.827533	0.1000001	4.89434E-05	327.827533
8.2	3.25E-11	327.852203	0.1	4.81985E-05	327.852203
8.1	3.08E-11	327.876734	0.0999996	4.7456E-05	327.876734
8	2.99E-11	327.9013	0.1	4.67159E-05	327.9013
7.9	3.01E-11	327.92585	0.1	4.59763E-05	327.92585
7.8	2.93E-11	327.950361	0.0999999	4.52397E-05	327.950361
7.7	2.86E-11	327.974903	0.0999999	4.45042E-05	327.974903
7.6	2.85E-11	327.999411	0.0999999	4.3771E-05	327.999411
7.5	2.79E-11	328.024039	0.0999999	4.30396E-05	328.024039
7.4	2.76E-11	328.048556	0.0999999	4.23096E-05	328.048556
7.3	2.68E-11	328.073074	0.1000001	4.15819E-05	328.073074
7.2	2.73E-11	328.097658	0.0999999	4.08564E-05	328.097658
7.1	2.7E-11	328.122186	0.0999998	4.01326E-05	328.122186
7	2.6E-11	328.146767	0.1000001	3.94099E-05	328.146767
6.9	2.56E-11	328.171262	0.1	3.86898E-05	328.171262
6.8	2.55E-11	328.195775	0.1	3.79717E-05	328.195775
6.7	2.47E-11	328.2203	0.0999999	3.72551E-05	328.2203
6.6	2.46E-11	328.244954	0.0999998	3.65403E-05	328.244954
6.5	3.02E-11	328.304792	0.1	3.58325E-05	328.304792
6.4	2.52E-11	328.329304	0.1	3.51209E-05	328.329304
6.3	2.44E-11	328.353846	0.0999999	3.44123E-05	328.353846
6.2	2.34E-11	328.378354	0.1000002	3.37058E-05	328.378354
6.1	2.34E-11	328.402908	0.0999998	3.30011E-05	328.402908
6	2.3E-11	328.427613	0.1	3.22982E-05	328.427613
5.9	2.24E-11	328.452177	0.0999998	3.15974E-05	328.452177
5.8	2.16E-11	328.476685	0.1000001	3.08992E-05	328.476685
5.7	2.16E-11	328.501241	0.1	3.02025E-05	328.501241
5.6	2.09E-11	328.525749	0.1	2.95086E-05	328.525749
5.5	2.05E-11	328.550303	0.0999999	2.88158E-05	328.550303
5.4	1.99E-11	328.574809	0.0999999	2.81268E-05	328.574809
5.3	1.91E-11	328.599339	0.1000001	2.7439E-05	328.599339
5.2	1.86E-11	328.623847	0.1	2.67538E-05	328.623847
5.1	1.91E-11	328.648402	0.1	2.60703E-05	328.648402
5	1.84E-11	328.672932	0.1	2.53901E-05	328.672932
4.9	1.76E-11	328.697446	0.1	2.47115E-05	328.697446
4.8	1.72E-11	328.721986	0.0999999	2.40352E-05	328.721986
4.7	1.67E-11	328.746623	0.1000001	2.33615E-05	328.746623
4.6	2.28E-11	328.805812	0.1	2.26948E-05	328.805812
4.5	1.79E-11	328.830347	0.0999999	2.20251E-05	328.830347
4.4	1.7E-11	328.854947	0.0999999	2.13583E-05	328.854947
4.3	1.61E-11	328.879504	0.1000001	2.06946E-05	328.879504
4.2	1.52E-11	328.90409	0.0999999	2.00333E-05	328.90409
4.1	1.47E-11	328.92863	0.1	1.93754E-05	328.92863
4	1.41E-11	328.953132	0.1	1.87193E-05	328.953132
3.9	1.37E-11	328.977691	0.0999999	1.80674E-05	328.977691
3.8	1.28E-11	329.002205	0.0999999	1.74167E-05	329.002205
3.7	1.21E-11	329.02671	0.0999999	1.67701E-05	329.02671
3.6	1.13E-11	329.051216	0.1000002	1.61265E-05	329.051216
3.5	1.1E-11	329.075731	0.0999999	1.5486E-05	329.075731
3.4	1.04E-11	329.100295	0.0999999	1.48488E-05	329.100295
3.3	9.4E-12	329.124803	0.0999998	1.4215E-05	329.124803
3.2	8.8E-12	329.149334	0.0999999	1.35842E-05	329.149334
3.1	8.4E-12	329.17383	0.0999999	1.29574E-05	329.17383
3	7.3E-12	329.198326	0.1	1.23339E-05	329.198326
2.9	6.9E-12	329.222896	0.0999999	1.17148E-05	329.222896
2.8	6.3E-12	329.247514	0.0999999	1.10999E-05	329.247514
2.7	1.21E-11	329.307456	0.0999999	1.04944E-05	329.307456
2.6	6.7E-12	329.332017	0.1000001	9.8871E-06	329.332017
2.5	5.2E-12	329.356566	0.0999999	9.2852E-06	329.356566
2.4	7.6E-12	329.383691	0.0999997	8.69018E-06	329.383691
2.3	3.2E-12	329.408287	0.0999998	8.09848E-06	329.408287
2.2	2.1E-12	329.43286	0.1	7.51396E-06	329.43286
2.099999	4.3E-12	329.459271	0.1	6.93418E-06	329.459271
2	2E-13	329.483782	0.1	6.36293E-06	329.483782
1.9	-1.2E-12	329.508286	0.0999998	5.8E-06	329.508286
1.8	-2.3E-12	329.53281	0.0999999	5.24573E-06	329.53281
1.7	-3.7E-12	329.557319	0.0999997	4.70166E-06	329.557319
1.6	-4.5E-12	329.581836	0.0999998	4.16913E-06	329.581836
1.5	-5.9E-12	329.606423	0.1	3.65006E-06	329.606423
1.4	-7.2E-12	329.63094	0.1000003	3.14655E-06	329.63094
1.3	-8.9E-12	329.655453	0.1000001	2.66248E-06	329.655453
1.2	-1.01E-11	329.679974	0.0999998	2.20114E-06	329.679974
1.1	-1.16E-11	329.704477	0.0999998	1.76833E-06	329.704477
1	-1.34E-11	329.729028	0.0999998	1.36939E-06	329.729028
0.9	-1.53E-11	329.75358	0.0999999	1.01174E-06	329.75358
0.8	-1.03E-11	329.807304	0.0999997	7.08302E-07	329.807304
0.7	-1.74E-11	329.831834	0.0999993	4.51507E-07	329.831834
0.6	-1.99E-11	329.856354	0.0999995	2.5772E-07	329.856354
0.5	-2.2E-11	329.88091	0.0999995	1.26793E-07	329.88091
0.400001	-1.91E-11	329.918624	0.0999926	5.29007E-08	329.918624
0.299999	-3.89E-11	329.941941	0.1000017	1.68173E-08	329.941941
0.1999998	-2.7E-11	329.967104	0.0999976	4.2119E-09	329.967104
0.0999988	-4.64E-11	329.990297	0.1000007	8.029E-10	329.990297
-1.2E-06	-4.67E-11	330.013558	0.1000004	1.158E-10	330.013558
