#scan	iMeasureCycle=1	iMux=0	time=0.021	N=401	LocalTime=19/04/2023 14:07:37
#VGate(V)	IGate(A)	time(s)	VDrain(V)	IDrain(A)	time(s)
-1E-07	-1.631E-10	0.023896	0.0999997	9.86804E-07	0.023896
-0.1000005	-2.219E-10	0.048742	0.0999994	6.67004E-07	0.048742
-0.2000005	-2.706E-10	0.073265	0.0999993	4.17007E-07	0.073265
-0.300001	-2.071E-10	0.098004	0.0999998	2.35095E-07	0.098004
-0.4	-1.162E-10	0.122536	0.0999997	1.16621E-07	0.122536
-0.5	-7.25E-11	0.160184	0.0999946	5.06476E-08	0.160184
-0.600001	-8.32E-11	0.18355	0.1000032	1.78789E-08	0.18355
-0.700001	-7.88E-11	0.206829	0.1000013	5.343E-09	0.206829
-0.800001	-7.78E-11	0.230095	0.1000006	1.3519E-09	0.230095
-0.900001	-7.52E-11	0.253295	0.1000005	2.82E-10	0.253295
-1.000001	-7.21E-11	0.27657	0.1000003	4.06E-11	0.27657
-1.100001	-7.12E-11	0.299866	0.1000002	-2.6E-12	0.299866
-1.200001	-7.24E-11	0.323073	0.1000003	-8.4E-12	0.323073
-1.300001	-7.17E-11	0.346288	0.1000002	-8.4E-12	0.346288
-1.400001	-7.13E-11	0.369584	0.1000003	-7.7E-12	0.369584
-1.500001	-6.93E-11	0.392879	0.1000002	-8.6E-12	0.392879
-1.600001	-7.14E-11	0.416091	0.1000003	-7.8E-12	0.416091
-1.7	-7.07E-11	0.439324	0.1000003	-7.9E-12	0.439324
-1.800001	-6.97E-11	0.462631	0.1000003	-7.8E-12	0.462631
-1.900001	-6.92E-11	0.485927	0.1000003	-7.2E-12	0.485927
-2.000001	-7.18E-11	0.509136	0.1000002	-6.9E-12	0.509136
-2.100001	-7.02E-11	0.532423	0.1000001	-6.8E-12	0.532423
-2.2	-4.95E-11	0.591522	0.1000001	-8.8E-12	0.591522
-2.3	-6.79E-11	0.614823	0.1000003	-7.3E-12	0.614823
-2.4	-6.85E-11	0.638124	0.1000001	-7.3E-12	0.638124
-2.5	-7.13E-11	0.661331	0.1000002	-6.6E-12	0.661331
-2.6	-7.19E-11	0.684587	0.1000004	-7E-12	0.684587
-2.7	-7.28E-11	0.707817	0.1000003	-6.8E-12	0.707817
-2.8	-7.08E-11	0.731107	0.1000005	-6.8E-12	0.731107
-2.9	-7.31E-11	0.754303	0.1000001	-7.1E-12	0.754303
-3	-7.39E-11	0.777518	0.1000002	-6.9E-12	0.777518
-3.1	-7.19E-11	0.800815	0.1000001	-7.2E-12	0.800815
-3.2	-7.22E-11	0.824081	0.1000002	-7.2E-12	0.824081
-3.3	-7.46E-11	0.84728	0.1000002	-7.4E-12	0.84728
-3.4	-7.48E-11	0.870574	0.1000002	-6.8E-12	0.870574
-3.5	-7.3E-11	0.893869	0.1000002	-7.1E-12	0.893869
-3.6	-7.31E-11	0.917207	0.1000001	-6.9E-12	0.917207
-3.7	-7.58E-11	0.940417	0.1000003	-6.6E-12	0.940417
-3.8	-7.59E-11	0.963644	0.1000003	-6.5E-12	0.963644
-3.9	-7.59E-11	0.986876	0.1000001	-6.6E-12	0.986876
-4	-7.44E-11	1.01018	0.1000003	-6.6E-12	1.01018
-4.1	-7.49E-11	1.033455	0.1000002	-6.8E-12	1.033455
-4.2	-5.56E-11	1.087098	0.1000001	-8.5E-12	1.087098
-4.3	-7.35E-11	1.11043	0.1000002	-6.8E-12	1.11043
-4.4	-7.58E-11	1.133644	0.1000002	-6.3E-12	1.133644
-4.5	-7.52E-11	1.156938	0.1000002	-6.6E-12	1.156938
-4.6	-7.55E-11	1.180382	0.1000002	-6.3E-12	1.180382
-4.7	-7.78E-11	1.203604	0.1000003	-6.5E-12	1.203604
-4.8	-7.8E-11	1.226818	0.1000003	-6.1E-12	1.226818
-4.9	-7.65E-11	1.250167	0.1000003	-6.5E-12	1.250167
-5	-7.71E-11	1.273455	0.1000002	-6.6E-12	1.273455
-5.1	-7.93E-11	1.296668	0.1000004	-6.2E-12	1.296668
-5.2	-7.93E-11	1.319927	0.1000003	-6.3E-12	1.319927
-5.3	-7.79E-11	1.343211	0.1000003	-6.6E-12	1.343211
-5.4	-7.92E-11	1.366534	0.1000003	-6.2E-12	1.366534
-5.5	-7.83E-11	1.389824	0.1000004	-6.1E-12	1.389824
-5.6	-7.89E-11	1.413111	0.1000001	-6.2E-12	1.413111
-5.7	-7.87E-11	1.436409	0.1000004	-6.4E-12	1.436409
-5.8	-7.98E-11	1.45972	0.1000004	-6.3E-12	1.45972
-5.9	-7.93E-11	1.483078	0.1000004	-6E-12	1.483078
-6	-7.97E-11	1.506363	0.1000002	-6.2E-12	1.506363
-6.1	-8.12E-11	1.529571	0.1000004	-6E-12	1.529571
-6.2	-6.06E-11	1.588479	0.0999998	-7.6E-12	1.588479
-6.3	-7.98E-11	1.611728	0.1000003	-5.8E-12	1.611728
-6.4	-8.05E-11	1.634942	0.1000002	-5.8E-12	1.634942
-6.5	-8.11E-11	1.658158	0.1000003	-6E-12	1.658158
-6.6	-7.97E-11	1.681504	0.1000002	-6.1E-12	1.681504
-6.7	-8.14E-11	1.70474	0.1000003	-6.1E-12	1.70474
-6.8	-8.17E-11	1.727995	0.1000004	-6.1E-12	1.727995
-6.9	-8.07E-11	1.75129	0.1000002	-6.2E-12	1.75129
-7	-8.15E-11	1.774568	0.1000002	-6.1E-12	1.774568
-7.1	-8.22E-11	1.797816	0.1000003	-6.2E-12	1.797816
-7.2	-8.17E-11	1.821105	0.1000003	-6E-12	1.821105
-7.3	-8.18E-11	1.844377	0.1000003	-5.9E-12	1.844377
-7.4	-8.39E-11	1.867684	0.1000002	-5.7E-12	1.867684
-7.5	-8.35E-11	1.890909	0.1000003	-5.7E-12	1.890909
-7.6	-8.37E-11	1.914204	0.1000005	-6.2E-12	1.914204
-7.7	-8.24E-11	1.937505	0.1000002	-6.1E-12	1.937505
-7.8	-8.34E-11	1.960765	0.1000001	-5.5E-12	1.960765
-7.9	-8.27E-11	1.984052	0.1000002	-6.1E-12	1.984052
-8	-8.29E-11	2.007352	0.1000001	-6E-12	2.007352
-8.1	-8.3E-11	2.030645	0.1000003	-5.8E-12	2.030645
-8.2	-6.33E-11	2.089683	0.1000002	-7.6E-12	2.089683
-8.3	-8.28E-11	2.112918	0.1000002	-5.9E-12	2.112918
-8.4	-8.38E-11	2.136133	0.1000001	-5.9E-12	2.136133
-8.5	-8.24E-11	2.159435	0.1000002	-5.8E-12	2.159435
-8.6	-8.31E-11	2.18277	0.1000003	-5.6E-12	2.18277
-8.7	-8.45E-11	2.206002	0.1000002	-5.8E-12	2.206002
-8.8	-8.53E-11	2.22922	0.1000003	-5.3E-12	2.22922
-8.9	-8.33E-11	2.2526	0.1000004	-5.7E-12	2.2526
-9	-8.4E-11	2.275905	0.1000002	-5.9E-12	2.275905
-9.1	-8.59E-11	2.29912	0.1000003	-5.3E-12	2.29912
-9.2	-8.51E-11	2.322371	0.1000004	-5.4E-12	2.322371
-9.3	-8.45E-11	2.345661	0.1000001	-5.5E-12	2.345661
-9.4	-8.59E-11	2.368972	0.1000003	-5.4E-12	2.368972
-9.5	-8.64E-11	2.39228	0.1000004	-5.4E-12	2.39228
-9.6	-8.48E-11	2.415576	0.1000004	-5.7E-12	2.415576
-9.7	-8.52E-11	2.438854	0.1000001	-5.2E-12	2.438854
-9.8	-8.68E-11	2.462126	0.1000001	-5.6E-12	2.462126
-9.9	-8.7E-11	2.485336	0.1000003	-5.7E-12	2.485336
-10	-8.49E-11	2.508637	0.1000004	-5.8E-12	2.508637
-9.90001	-4.64E-11	2.531933	0.0999998	-8.7E-12	2.531933
-9.80001	-5.92E-11	2.591608	0.1	-7.4E-12	2.591608
-9.70001	-4.01E-11	2.614931	0.0999999	-8.9E-12	2.614931
-9.60001	-3.64E-11	2.638155	0.0999998	-9.3E-12	2.638155
-9.50001	-3.49E-11	2.661377	0.0999998	-9.2E-12	2.661377
-9.40001	-3.34E-11	2.684638	0.0999998	-9.4E-12	2.684638
-9.30001	-3.5E-11	2.70798	0.0999997	-9.2E-12	2.70798
-9.20001	-3.19E-11	2.731196	0.0999999	-9E-12	2.731196
-9.10001	-3.06E-11	2.754409	0.0999997	-9.5E-12	2.754409
-9.00001	-2.99E-11	2.777641	0.0999999	-9E-12	2.777641
-8.90001	-3.08E-11	2.800932	0.0999998	-9.1E-12	2.800932
-8.80001	-2.85E-11	2.82415	0.0999998	-9.3E-12	2.82415
-8.70001	-2.98E-11	2.847451	0.0999999	-9.2E-12	2.847451
-8.60001	-3.02E-11	2.870868	0.1	-8.9E-12	2.870868
-8.50001	-2.88E-11	2.894156	0.0999999	-9E-12	2.894156
-8.40001	-2.67E-11	2.917382	0.0999998	-9.2E-12	2.917382
-8.30001	-2.57E-11	2.940657	0.0999997	-9.3E-12	2.940657
-8.20001	-2.7E-11	2.963966	0.0999998	-9.2E-12	2.963966
-8.10001	-2.49E-11	2.987172	0.0999999	-9.6E-12	2.987172
-8.00001	-2.52E-11	3.010422	0.1	-9.5E-12	3.010422
-7.90001	-2.43E-11	3.033628	0.0999998	-9.5E-12	3.033628
-7.80001	-4.34E-11	3.088033	0.0999999	-7.9E-12	3.088033
-7.70001	-2.68E-11	3.111417	0.0999998	-9E-12	3.111417
-7.6	-2.29E-11	3.134634	0.0999999	-9.5E-12	3.134634
-7.50001	-2.42E-11	3.157927	0.0999999	-9.7E-12	3.157927
-7.40001	-2.37E-11	3.181263	0.1000001	-9.8E-12	3.181263
-7.30001	-2.18E-11	3.204492	0.0999999	-9.6E-12	3.204492
-7.2	-2.06E-11	3.227708	0.0999999	-9.8E-12	3.227708
-7.10001	-2.23E-11	3.251001	0.0999999	-9.4E-12	3.251001
-7.00001	-2.02E-11	3.274263	0.0999998	-1E-11	3.274263
-6.90001	-1.98E-11	3.297463	0.0999998	-1.01E-11	3.297463
-6.80001	-2.01E-11	3.320764	0.1	-9.8E-12	3.320764
-6.70001	-2.07E-11	3.344059	0.0999997	-1.01E-11	3.344059
-6.60001	-2.1E-11	3.367446	0.0999998	-1E-11	3.367446
-6.50001	-1.83E-11	3.390648	0.0999997	-1.04E-11	3.390648
-6.40001	-1.76E-11	3.41386	0.0999998	-1.03E-11	3.41386
-6.30001	-1.94E-11	3.437157	0.0999999	-9.9E-12	3.437157
-6.20001	-1.89E-11	3.460472	0.0999999	-1.01E-11	3.460472
-6.10001	-1.61E-11	3.483681	0.0999997	-1.02E-11	3.483681
-6.00001	-1.6E-11	3.506897	0.1	-1.03E-11	3.506897
-5.90001	-1.79E-11	3.530193	0.0999997	-9.6E-12	3.530193
-5.80001	-2.1E-11	3.553658	0.0999998	-9.2E-12	3.553658
-5.70001	-3.44E-11	3.589559	0.1	-8.4E-12	3.589559
-5.60001	-1.59E-11	3.612838	0.0999999	-1.03E-11	3.612838
-5.50001	-1.49E-11	3.636051	0.0999997	-1.01E-11	3.636051
-5.40001	-1.59E-11	3.65934	0.1	-9.6E-12	3.65934
-5.30001	-1.56E-11	3.682686	0.1	-9.9E-12	3.682686
-5.20001	-1.36E-11	3.705985	0.0999998	-9.9E-12	3.705985
-5.1	-1.59E-11	3.729323	0.0999998	-9.5E-12	3.729323
-5.00001	-1.44E-11	3.752609	0.0999998	-9.9E-12	3.752609
-4.90001	-1.23E-11	3.775822	0.0999998	-1.01E-11	3.775822
-4.80001	-1.14E-11	3.799029	0.0999998	-1.02E-11	3.799029
-4.7	-1.28E-11	3.822321	0.1	-1E-11	3.822321
-4.60001	-1.23E-11	3.8456	0.0999998	-1.01E-11	3.8456
-4.50001	-1.05E-11	3.868903	0.0999998	-1.03E-11	3.868903
-4.40001	-1.07E-11	3.892142	0.0999998	-1.04E-11	3.892142
-4.3	-1.13E-11	3.915438	0.0999999	-1E-11	3.915438
-4.20001	-9.2E-12	3.93869	0.0999997	-1.07E-11	3.93869
-4.10001	-8.2E-12	3.961936	0.0999998	-1.05E-11	3.961936
-4.00001	-8E-12	3.985145	0.1	-1.08E-11	3.985145
-3.90001	-7.6E-12	4.008362	0.0999999	-1.07E-11	4.008362
-3.80001	-9E-12	4.031669	0.0999999	-1.03E-11	4.031669
-3.70001	-6.9E-12	4.054893	0.0999998	-1.09E-11	4.054893
-3.60001	-2.57E-11	4.091091	0.1	-9.3E-12	4.091091
-3.50001	-6.7E-12	4.11433	0.0999999	-1.11E-11	4.11433
-3.40001	-7.5E-12	4.13763	0.0999998	-1.09E-11	4.13763
-3.30001	-7.1E-12	4.160925	0.0999999	-1.08E-11	4.160925
-3.20001	-4.8E-12	4.184201	0.1	-1.09E-11	4.184201
-3.10001	-6E-12	4.207487	0.0999997	-1.1E-11	4.207487
-3.00001	-4.8E-12	4.230783	0.0999998	-1.13E-11	4.230783
-2.90001	-2.8E-12	4.253997	0.0999998	-1.1E-11	4.253997
-2.80001	-2.2E-12	4.27727	0.0999999	-1.16E-11	4.27727
-2.70001	-3.2E-12	4.300555	0.0999998	-1.16E-11	4.300555
-2.60001	-2.4E-12	4.323832	0.0999999	-1.19E-11	4.323832
-2.50001	3E-13	4.347048	0.1	-1.19E-11	4.347048
-2.40001	2E-13	4.370351	0.0999999	-1.21E-11	4.370351
-2.30001	-4E-13	4.393644	0.0999998	-1.18E-11	4.393644
-2.20001	3E-13	4.416945	0.1	-1.2E-11	4.416945
-2.099999	-1.38E-11	4.442073	0.0999999	-1.05E-11	4.442073
-2	3.8E-12	4.465301	0.0999999	-1.2E-11	4.465301
-1.9	3.1E-12	4.488588	0.0999999	-1.2E-11	4.488588
-1.8	3.8E-12	4.511861	0.1	-1.17E-11	4.511861
-1.699999	6E-12	4.535093	0.1000001	-1.23E-11	4.535093
-1.600001	-1.42E-11	4.581581	0.1	-1.07E-11	4.581581
-1.5	5.4E-12	4.604949	0.0999998	-1.27E-11	4.604949
-1.4	7.6E-12	4.628166	0.0999998	-1.27E-11	4.628166
-1.3	9.3E-12	4.651388	0.1	-1.28E-11	4.651388
-1.2	1.06E-11	4.674594	0.0999998	-1.01E-11	4.674594
-1.1	1.01E-11	4.697932	0.0999998	9.9E-12	4.697932
-0.999999	1.13E-11	4.721227	0.1	1.22E-10	4.721227
-0.9	1.44E-11	4.744455	0.1000001	6.442E-10	4.744455
-0.8	1.44E-11	4.767733	0.1000011	2.6617E-09	4.767733
-0.7	1.58E-11	4.791002	0.1000036	9.3005E-09	4.791002
-0.599999	1.89E-11	4.814194	0.1000064	2.76384E-08	4.814194
-0.5	2.01E-11	4.837415	0.1000099	6.9704E-08	4.837415
-0.400001	1.3E-12	4.876919	0.1000002	1.46124E-07	4.876919
-0.3	6.9E-12	4.901456	0.1000007	2.80514E-07	4.901456
-0.2	5.3E-12	4.927879	0.1000007	4.7447E-07	4.927879
-0.0999997	1.05E-11	4.952431	0.1000011	7.34495E-07	4.952431
-1E-07	7.1E-12	4.987043	0.0999999	1.05092E-06	4.987043
0.1000002	1.33E-11	5.011552	0.1000001	1.43327E-06	5.011552
0.2000003	1.58E-11	5.036039	0.1	1.86455E-06	5.036039
0.299999	1.03E-11	5.103045	0.0999999	2.31921E-06	5.103045
0.4	1.69E-11	5.127596	0.1000001	2.83258E-06	5.127596
0.5	2E-11	5.152113	0.1000002	3.37027E-06	5.152113
0.6	2.16E-11	5.176708	0.1000001	3.92973E-06	5.176708
0.7	2.41E-11	5.20127	0.1000001	4.50791E-06	5.20127
0.799999	2.62E-11	5.225823	0.1000001	5.10256E-06	5.225823
0.9	2.8E-11	5.250378	0.1000002	5.71267E-06	5.250378
0.999999	2.98E-11	5.274948	0.1000002	6.33561E-06	5.274948
1.1	3.18E-11	5.299444	0.1000001	6.96927E-06	5.299444
1.2	3.32E-11	5.32407	0.1000001	7.6131E-06	5.32407
1.3	3.51E-11	5.348581	0.0999999	8.26531E-06	5.348581
1.4	3.67E-11	5.373206	0.1000002	8.9243E-06	5.373206
1.5	3.76E-11	5.39773	0.1	9.58947E-06	5.39773
1.599999	3.88E-11	5.422255	0.1	1.025979E-05	5.422255
1.699999	3.5E-11	5.457065	0.1000001	1.09234E-05	5.457065
1.8	4E-11	5.481607	0.1	1.16041E-05	5.481607
1.899999	4.2E-11	5.506119	0.1	1.22863E-05	5.506119
2	4.19E-11	5.530634	0.1000003	1.29712E-05	5.530634
2.1	4.3E-11	5.555147	0.1000002	1.36585E-05	5.555147
2.19999	3.67E-11	5.603791	0.1	1.43358E-05	5.603791
2.29999	4.23E-11	5.628407	0.1000002	1.50311E-05	5.628407
2.39999	4.33E-11	5.652926	0.1000001	1.57272E-05	5.652926
2.49999	4.44E-11	5.677432	0.1000002	1.64243E-05	5.677432
2.59999	4.49E-11	5.702016	0.1	1.71225E-05	5.702016
2.69999	4.59E-11	5.726467	0.0999999	1.78226E-05	5.726467
2.79999	4.6E-11	5.750987	0.1	1.85243E-05	5.750987
2.89999	4.66E-11	5.775524	0.1000002	1.92277E-05	5.775524
2.99999	4.72E-11	5.800021	0.1000003	1.99328E-05	5.800021
3.09999	4.75E-11	5.824519	0.1	2.06393E-05	5.824519
3.19999	4.85E-11	5.849027	0.1000002	2.13479E-05	5.849027
3.29999	4.86E-11	5.873624	0.1	2.20578E-05	5.873624
3.39999	4.91E-11	5.898124	0.1000002	2.27698E-05	5.898124
3.49999	4.94E-11	5.922628	0.1000001	2.34824E-05	5.922628
3.59999	4.96E-11	5.947208	0.1000001	2.41971E-05	5.947208
3.69999	4.92E-11	5.971761	0.0999999	2.49135E-05	5.971761
3.79999	4.99E-11	5.996306	0.1000002	2.5631E-05	5.996306
3.89999	4.99E-11	6.020815	0.1000001	2.63502E-05	6.020815
3.99999	5.02E-11	6.045346	0.0999999	2.7071E-05	6.045346
4.09999	4.35E-11	6.10231	0.1000002	2.77817E-05	6.10231
4.19999	4.87E-11	6.126838	0.1000001	2.85094E-05	6.126838
4.29999	4.93E-11	6.15136	0.0999999	2.92375E-05	6.15136
4.39999	5.01E-11	6.175869	0.1	2.99654E-05	6.175869
4.49999	5.04E-11	6.200454	0.1000002	3.06944E-05	6.200454
4.59999	5.04E-11	6.224958	0.1000001	3.14254E-05	6.224958
4.69999	5.12E-11	6.249488	0.1000001	3.21573E-05	6.249488
4.79999	5.13E-11	6.27404	0.1000002	3.28903E-05	6.27404
4.89999	5.17E-11	6.298563	0.0999999	3.36253E-05	6.298563
4.99999	5.19E-11	6.323098	0.1000001	3.43623E-05	6.323098
5.09999	5.24E-11	6.347627	0.1000001	3.50999E-05	6.347627
5.19999	5.24E-11	6.372222	0.1000001	3.58399E-05	6.372222
5.29999	5.25E-11	6.396748	0.1	3.658E-05	6.396748
5.39999	5.26E-11	6.421281	0.1000002	3.73236E-05	6.421281
5.49999	5.27E-11	6.44579	0.1	3.80681E-05	6.44579
5.59999	5.27E-11	6.470319	0.1000002	3.88134E-05	6.470319
5.69999	5.3E-11	6.494827	0.1000002	3.95601E-05	6.494827
5.79999	5.33E-11	6.519352	0.1000002	4.03094E-05	6.519352
5.89999	5.37E-11	6.543868	0.1	4.10591E-05	6.543868
5.99999	4.74E-11	6.603972	0.1000001	4.1799E-05	6.603972
6.09999	5.23E-11	6.62857	0.1000002	4.25551E-05	6.62857
6.19999	5.28E-11	6.653161	0.1	4.33106E-05	6.653161
6.29999	5.31E-11	6.677666	0.1000001	4.40671E-05	6.677666
6.39999	5.32E-11	6.702271	0.1	4.48258E-05	6.702271
6.49999	5.36E-11	6.726804	0.1000002	4.55849E-05	6.726804
6.59999	5.41E-11	6.7513	0.1000002	4.63459E-05	6.7513
6.69999	5.41E-11	6.775834	0.1	4.71087E-05	6.775834
6.79999	5.46E-11	6.800335	0.1000001	4.7872E-05	6.800335
6.89999	5.47E-11	6.824854	0.1000001	4.86375E-05	6.824854
6.99999	5.45E-11	6.849391	0.1000002	4.94033E-05	6.849391
7.09999	5.47E-11	6.874036	0.1	5.01715E-05	6.874036
7.19999	5.56E-11	6.898578	0.1000003	5.09416E-05	6.898578
7.29999	5.5E-11	6.923117	0.0999999	5.17125E-05	6.923117
7.39999	5.57E-11	6.947714	0.1	5.24843E-05	6.947714
7.49999	5.59E-11	6.972284	0.1000001	5.32589E-05	6.972284
7.59999	5.64E-11	6.996826	0.1000001	5.4034E-05	6.996826
7.69999	5.69E-11	7.021333	0.1	5.48102E-05	7.021333
7.79999	5.7E-11	7.045858	0.1000001	5.55883E-05	7.045858
7.89999	5.05E-11	7.105349	0.1	5.63586E-05	7.105349
7.99999	5.48E-11	7.129893	0.0999999	5.71428E-05	7.129893
8.09999	5.57E-11	7.154511	0.1000001	5.79275E-05	7.154511
8.19999	5.58E-11	7.17901	0.1	5.87119E-05	7.17901
8.29999	5.59E-11	7.203586	0.1000003	5.94979E-05	7.203586
8.39999	5.61E-11	7.228179	0.1000001	6.02854E-05	7.228179
8.49999	5.65E-11	7.252693	0.1000001	6.1075E-05	7.252693
8.59999	5.64E-11	7.27726	0.1000002	6.18649E-05	7.27726
8.69999	5.66E-11	7.301775	0.1000001	6.26563E-05	7.301775
8.79999	5.65E-11	7.326386	0.0999999	6.34504E-05	7.326386
8.89999	5.72E-11	7.350904	0.1	6.42458E-05	7.350904
8.99999	5.74E-11	7.375549	0.1000003	6.50419E-05	7.375549
9.09999	5.73E-11	7.40008	0.1	6.58383E-05	7.40008
9.19999	5.76E-11	7.424628	0.1000001	6.66381E-05	7.424628
9.29999	5.74E-11	7.449143	0.1000002	6.74352E-05	7.449143
9.39999	5.72E-11	7.473707	0.0999998	6.82391E-05	7.473707
9.49999	5.8E-11	7.498235	0.1000001	6.90434E-05	7.498235
9.59999	5.83E-11	7.522772	0.1000001	6.98502E-05	7.522772
9.69999	5.8E-11	7.547304	0.1	7.06564E-05	7.547304
9.79999	5.21E-11	7.606986	0.1	7.14554E-05	7.606986
9.89999	5.68E-11	7.63157	0.1	7.22671E-05	7.63157
9.99999	5.7E-11	7.656094	0.1000002	7.30795E-05	7.656094
9.9	4.44E-11	7.680616	0.0999999	7.22531E-05	7.680616
9.8	4.14E-11	7.705227	0.1	7.14315E-05	7.705227
9.7	3.94E-11	7.729801	0.1	7.06133E-05	7.729801
9.6	3.74E-11	7.754384	0.1	6.9797E-05	7.754384
9.5	3.63E-11	7.778913	0.1000001	6.89844E-05	7.778913
9.4	3.53E-11	7.803421	0.1000002	6.81717E-05	7.803421
9.3	3.44E-11	7.827925	0.0999999	6.73618E-05	7.827925
9.2	3.31E-11	7.852445	0.1	6.65534E-05	7.852445
9.1	3.16E-11	7.877052	0.1000002	6.57472E-05	7.877052
9	3.11E-11	7.901581	0.0999997	6.49417E-05	7.901581
8.9	3.09E-11	7.926101	0.0999998	6.41412E-05	7.926101
8.8	3.03E-11	7.95071	0.1000001	6.33373E-05	7.95071
8.7	2.98E-11	7.975232	0.1000001	6.2536E-05	7.975232
8.6	2.91E-11	7.999795	0.1	6.17344E-05	7.999795
8.5	2.83E-11	8.024337	0.1000002	6.09357E-05	8.024337
8.4	2.78E-11	8.048871	0.0999998	6.01382E-05	8.048871
8.3	3.36E-11	8.108451	0.0999998	5.93457E-05	8.108451
8.2	2.81E-11	8.132983	0.1	5.85511E-05	8.132983
8.1	2.72E-11	8.157528	0.0999999	5.77582E-05	8.157528
8	2.64E-11	8.182082	0.0999999	5.69663E-05	8.182082
7.9	2.64E-11	8.206667	0.0999998	5.61761E-05	8.206667
7.8	2.55E-11	8.231214	0.1000001	5.53882E-05	8.231214
7.7	2.51E-11	8.255801	0.1	5.4601E-05	8.255801
7.6	2.46E-11	8.280517	0.1	5.38157E-05	8.280517
7.5	2.45E-11	8.305044	0.0999999	5.30326E-05	8.305044
7.4	2.39E-11	8.329548	0.1	5.22505E-05	8.329548
7.3	2.35E-11	8.35408	0.0999999	5.14695E-05	8.35408
7.2	2.3E-11	8.378702	0.1000002	5.069E-05	8.378702
7.1	2.21E-11	8.403214	0.0999999	4.99124E-05	8.403214
7	2.17E-11	8.427758	0.0999999	4.9136E-05	8.427758
6.9	2.19E-11	8.45228	0.1000001	4.83604E-05	8.45228
6.8	2.19E-11	8.476846	0.1	4.75874E-05	8.476846
6.7	2.11E-11	8.501392	0.1	4.68156E-05	8.501392
6.6	2.05E-11	8.525899	0.0999999	4.60451E-05	8.525899
6.5	2.02E-11	8.550415	0.0999999	4.52761E-05	8.550415
6.4	2.65E-11	8.609772	0.1	4.45137E-05	8.609772
6.3	2.17E-11	8.634379	0.0999999	4.3746E-05	8.634379
6.2	2.02E-11	8.658895	0.0999998	4.29808E-05	8.658895
6.1	1.96E-11	8.683443	0.1	4.22173E-05	8.683443
6	1.86E-11	8.708006	0.0999998	4.14549E-05	8.708006
5.9	1.83E-11	8.732534	0.1	4.06949E-05	8.732534
5.8	1.84E-11	8.757071	0.1	3.99359E-05	8.757071
5.7	1.81E-11	8.781692	0.1000001	3.91784E-05	8.781692
5.6	1.76E-11	8.80623	0.0999998	3.84217E-05	8.80623
5.5	1.67E-11	8.830732	0.0999998	3.76674E-05	8.830732
5.4	1.66E-11	8.855253	0.0999999	3.69144E-05	8.855253
5.3	1.61E-11	8.87985	0.0999999	3.61637E-05	8.87985
5.2	1.57E-11	8.904374	0.1	3.54136E-05	8.904374
5.1	1.51E-11	8.928883	0.0999998	3.46651E-05	8.928883
5	1.47E-11	8.953496	0.1	3.3919E-05	8.953496
4.9	1.4E-11	8.978046	0.1000001	3.31738E-05	8.978046
4.8	1.37E-11	9.002584	0.0999998	3.24308E-05	9.002584
4.7	1.32E-11	9.027091	0.0999999	3.16886E-05	9.027091
4.6	1.27E-11	9.051646	0.1	3.09484E-05	9.051646
4.5	1.88E-11	9.111434	0.1	3.02152E-05	9.111434
4.4	1.37E-11	9.136039	0.0999999	2.94772E-05	9.136039
4.3	1.23E-11	9.160552	0.0999999	2.87413E-05	9.160552
4.2	1.18E-11	9.18507	0.0999999	2.8006E-05	9.18507
4.1	1.08E-11	9.209687	0.1000001	2.72739E-05	9.209687
4	1.05E-11	9.234197	0.0999999	2.65433E-05	9.234197
3.9	1E-11	9.258726	0.0999998	2.58146E-05	9.258726
3.8	9.3E-12	9.283348	0.1000001	2.50872E-05	9.283348
3.7	8.5E-12	9.307882	0.0999998	2.4362E-05	9.307882
3.6	7.7E-12	9.332469	0.0999999	2.36382E-05	9.332469
3.5	7.3E-12	9.356987	0.0999999	2.29163E-05	9.356987
3.4	6.9E-12	9.381695	0.1	2.21963E-05	9.381695
3.3	6E-12	9.406201	0.0999998	2.14783E-05	9.406201
3.2	5.8E-12	9.430786	0.0999999	2.07619E-05	9.430786
3.1	5.2E-12	9.455303	0.0999998	2.00479E-05	9.455303
3	4.2E-12	9.479849	0.0999998	1.93359E-05	9.479849
2.9	3.4E-12	9.504388	0.0999999	1.86262E-05	9.504388
2.8	2.8E-12	9.528918	0.0999999	1.79184E-05	9.528918
2.7	1.6E-12	9.553443	0.1	1.72124E-05	9.553443
2.6	7.4E-12	9.608428	0.0999998	1.65145E-05	9.608428
2.5	1.5E-12	9.633017	0.1000001	1.58123E-05	9.633017
2.4	1E-13	9.657533	0.0999999	1.51136E-05	9.657533
2.3	-8E-13	9.68207	0.1	1.44171E-05	9.68207
2.2	-1.5E-12	9.706673	0.0999998	1.3724E-05	9.706673
2.099999	8E-13	9.733124	0.0999999	1.30359E-05	9.733124
2	-3.5E-12	9.757669	0.0999999	1.2349E-05	9.757669
1.9	-4.7E-12	9.782287	0.0999996	1.16663E-05	9.782287
1.8	-6.7E-12	9.806802	0.1	1.09875E-05	9.806802
1.7	-7.1E-12	9.831341	0.0999999	1.03128E-05	9.831341
1.6	-8.6E-12	9.855882	0.1000001	9.6427E-06	9.855882
1.5	-6.1E-12	9.883084	0.0999997	8.98394E-06	9.883084
1.4	-1.08E-11	9.907597	0.0999998	8.32606E-06	9.907597
1.3	-1.28E-11	9.932106	0.0999998	7.67601E-06	9.932106
1.2	-1.42E-11	9.956668	0.0999999	7.03512E-06	9.956668
1.1	-1.58E-11	9.981217	0.0999999	6.40448E-06	9.981217
1	-1.73E-11	10.005738	0.0999999	5.78556E-06	10.005738
0.9	-1.87E-11	10.030266	0.0999999	5.18077E-06	10.030266
0.8	-2.07E-11	10.054756	0.1	4.59137E-06	10.054756
0.700001	-1.62E-11	10.109753	0.0999997	4.02566E-06	10.109753
0.6	-2.3E-11	10.134279	0.0999999	3.471E-06	10.134279
0.5	-2.57E-11	10.158783	0.0999999	2.94027E-06	10.158783
0.4	-2.81E-11	10.183316	0.0999998	2.43666E-06	10.183316
0.3	-3.04E-11	10.207876	0.0999999	1.96631E-06	10.207876
0.1999998	-2.92E-11	10.234323	0.1	1.53507E-06	10.234323
0.0999995	-3.52E-11	10.258815	0.0999998	1.14815E-06	10.258815
-1E-07	-3.38E-11	10.286138	0.0999993	8.16258E-07	10.286138
#scan	iMeasureCycle=2	iMux=0	time=279.654	N=401	LocalTime=19/04/2023 14:12:16
#VGate(V)	IGate(A)	time(s)	VDrain(V)	IDrain(A)	time(s)
-1E-07	-1.63E-11	279.661469	0.0999997	9.02587E-07	279.661469
-0.1000004	-2.4E-11	279.686382	0.0999995	6.02474E-07	279.686382
-0.2000003	-2.58E-11	279.711961	0.0999995	3.70383E-07	279.711961
-0.3	-3.18E-11	279.736675	0.0999996	2.04314E-07	279.736675
-0.4	-3.43E-11	279.761176	0.0999998	9.8648E-08	279.761176
-0.5	-3.15E-11	279.798842	0.0999956	4.15652E-08	279.798842
-0.600001	-5.13E-11	279.822106	0.1000028	1.41863E-08	279.822106
-0.700001	-5.39E-11	279.845387	0.1000012	4.1037E-09	279.845387
-0.800001	-5.71E-11	279.868705	0.1000006	1.0031E-09	279.868705
-0.900001	-5.72E-11	279.892004	0.1000002	1.991E-10	279.892004
-1.000001	-5.87E-11	279.91528	0.1000002	2.54E-11	279.91528
-1.100001	-6.14E-11	279.938563	0.1000002	-4E-12	279.938563
-1.200001	-6.26E-11	279.961789	0.1000001	-7.3E-12	279.961789
-1.300001	-6.22E-11	279.985074	0.1000001	-8.1E-12	279.985074
-1.400001	-6.31E-11	280.008352	0.1	-7.9E-12	280.008352
-1.500001	-6.59E-11	280.031563	0.1	-7.7E-12	280.031563
-1.600001	-6.72E-11	280.054766	0.1000003	-7.3E-12	280.054766
-1.700001	-6.57E-11	280.078052	0.1000001	-7.5E-12	280.078052
-1.800001	-6.67E-11	280.101346	0.1000001	-7.4E-12	280.101346
-1.900001	-6.87E-11	280.124558	0.1000001	-7.6E-12	280.124558
-2.000001	-6.92E-11	280.14776	0.1000002	-7.1E-12	280.14776
-2.100001	-6.82E-11	280.171142	0.1000001	-7E-12	280.171142
-2.2	-4.8E-11	280.228497	0.1	-8.7E-12	280.228497
-2.3	-6.9E-11	280.251799	0.1000002	-7.1E-12	280.251799
-2.4	-6.98E-11	280.27506	0.1000002	-6.8E-12	280.27506
-2.5	-6.86E-11	280.29836	0.1000002	-7.4E-12	280.29836
-2.6	-6.91E-11	280.321709	0.1	-7.4E-12	280.321709
-2.7	-7.2E-11	280.344921	0.1000001	-6.9E-12	280.344921
-2.8	-7.18E-11	280.36821	0.1	-7.1E-12	280.36821
-2.9	-7.04E-11	280.3915	0.1000001	-7.6E-12	280.3915
-3	-7.29E-11	280.414706	0.1000002	-6.8E-12	280.414706
-3.1	-7.17E-11	280.43799	0.1000001	-7.4E-12	280.43799
-3.2	-7.23E-11	280.461305	0.1000002	-7.1E-12	280.461305
-3.3	-7.26E-11	280.484586	0.1000001	-6.9E-12	280.484586
-3.4	-7.43E-11	280.507803	0.1	-6.7E-12	280.507803
-3.5	-7.47E-11	280.531011	0.1	-6.7E-12	280.531011
-3.6	-7.3E-11	280.554299	0.1000001	-7.1E-12	280.554299
-3.7	-7.36E-11	280.577581	0.1000002	-6.9E-12	280.577581
-3.8	-7.52E-11	280.600898	0.1000001	-6.9E-12	280.600898
-3.9	-7.62E-11	280.624109	0.1	-7E-12	280.624109
-4	-7.52E-11	280.647402	0.1000001	-7.1E-12	280.647402
-4.1	-7.46E-11	280.670687	0.1000002	-7E-12	280.670687
-4.2	-5.76E-11	280.715961	0.0999999	-8.5E-12	280.715961
-4.3	-7.6E-11	280.73919	0.1000001	-6.7E-12	280.73919
-4.4	-7.47E-11	280.762546	0.1	-7E-12	280.762546
-4.5	-7.55E-11	280.785825	0.1000001	-6.6E-12	280.785825
-4.6	-6.39E-11	280.810222	0.1000001	-8E-12	280.810222
-4.7	-7.58E-11	280.833527	0.0999998	-7E-12	280.833527
-4.8	-7.82E-11	280.856732	0.1000003	-6.6E-12	280.856732
-4.9	-7.76E-11	280.880045	0.1000002	-7E-12	280.880045
-5	-7.78E-11	280.903296	0.1	-7E-12	280.903296
-5.1	-7.68E-11	280.92668	0.1000001	-6.7E-12	280.92668
-5.2	-7.88E-11	280.949932	0.1	-6.8E-12	280.949932
-5.3	-7.96E-11	280.973136	0.1000002	-6.9E-12	280.973136
-5.4	-7.97E-11	280.996362	0.1000001	-6.4E-12	280.996362
-5.5	-7.94E-11	281.019595	0.1000003	-6.6E-12	281.019595
-5.6	-7.81E-11	281.042893	0.1	-6.4E-12	281.042893
-5.7	-7.88E-11	281.066175	0.1000002	-6.7E-12	281.066175
-5.8	-8.01E-11	281.089413	0.1000001	-6.7E-12	281.089413
-5.9	-7.9E-11	281.1127	0.1000002	-6.6E-12	281.1127
-6	-8.11E-11	281.13592	0.1000001	-6.5E-12	281.13592
-6.1	-8.12E-11	281.159138	0.1000001	-6.4E-12	281.159138
-6.2	-8.16E-11	281.182366	0.1000001	-6.7E-12	281.182366
-6.3	-6.21E-11	281.22153	0.1	-8E-12	281.22153
-6.4	-7.91E-11	281.244837	0.1000001	-6.6E-12	281.244837
-6.5	-8.16E-11	281.268161	0.1000001	-6.4E-12	281.268161
-6.6	-8.17E-11	281.291395	0.1000001	-6.3E-12	281.291395
-6.7	-8.19E-11	281.314671	0.1	-6.3E-12	281.314671
-6.8	-8.02E-11	281.337973	0.1000001	-6.3E-12	281.337973
-6.9	-8.14E-11	281.361251	0.1000001	-6.2E-12	281.361251
-7	-8.32E-11	281.384547	0.1000002	-6.3E-12	281.384547
-7.1	-8.19E-11	281.407844	0.1000001	-6.4E-12	281.407844
-7.2	-8.24E-11	281.431116	0.1	-6.4E-12	281.431116
-7.3	-8.37E-11	281.454351	0.1000003	-6.2E-12	281.454351
-7.4	-8.4E-11	281.477578	0.1000001	-5.9E-12	281.477578
-7.5	-8.25E-11	281.500865	0.1000001	-6.4E-12	281.500865
-7.6	-8.22E-11	281.524158	0.1000002	-5.9E-12	281.524158
-7.7	-8.43E-11	281.547366	0.1000002	-6E-12	281.547366
-7.8	-8.42E-11	281.570587	0.1	-5.8E-12	281.570587
-7.9	-8.37E-11	281.593841	0.1000002	-6.3E-12	281.593841
-8	-8.28E-11	281.617156	0.1000001	-5.8E-12	281.617156
-8.1	-8.5E-11	281.640374	0.1	-5.8E-12	281.640374
-8.2	-8.52E-11	281.663587	0.1000003	-6.2E-12	281.663587
-8.3	-8.31E-11	281.686958	0.1000003	-6.5E-12	281.686958
-8.4	-6.51E-11	281.727286	0.0999999	-7.5E-12	281.727286
-8.5	-8.36E-11	281.75054	0.1000001	-5.8E-12	281.75054
-8.6	-8.47E-11	281.773756	0.1	-5.6E-12	281.773756
-8.7	-8.3E-11	281.797055	0.1000001	-5.9E-12	281.797055
-8.8	-8.36E-11	281.820407	0.1000003	-5.8E-12	281.820407
-8.9	-8.58E-11	281.843613	0.1000001	-6E-12	281.843613
-9	-8.48E-11	281.866859	0.1000001	-5.9E-12	281.866859
-9.1	-8.42E-11	281.890156	0.1	-6.5E-12	281.890156
-9.2	-8.45E-11	281.913451	0.1000001	-6.5E-12	281.913451
-9.3	-8.6E-11	281.936739	0.1	-6E-12	281.936739
-9.4	-8.38E-11	281.960089	0.1000002	-6.1E-12	281.960089
-9.5	-8.51E-11	281.983376	0.1	-5.7E-12	281.983376
-9.6	-8.76E-11	282.006599	0.1000002	-5.3E-12	282.006599
-9.7	-8.75E-11	282.029804	0.1000002	-5.4E-12	282.029804
-9.8	-8.67E-11	282.053035	0.1000001	-5.8E-12	282.053035
-9.9	-8.59E-11	282.076325	0.1000003	-5.8E-12	282.076325
-10	-8.71E-11	282.099548	0.1000003	-5.4E-12	282.099548
-9.90001	-4.48E-11	282.122763	0.0999997	-8.9E-12	282.122763
-9.80001	-4.12E-11	282.145976	0.0999997	-9.3E-12	282.145976
-9.70001	-4.05E-11	282.169266	0.0999997	-9.1E-12	282.169266
-9.60001	-5.68E-11	282.236754	0.0999998	-7.4E-12	282.236754
-9.50001	-3.64E-11	282.260046	0.0999998	-9.2E-12	282.260046
-9.40001	-3.6E-11	282.283392	0.0999995	-9.1E-12	282.283392
-9.30001	-3.49E-11	282.306703	0.0999997	-9E-12	282.306703
-9.20001	-3.18E-11	282.329978	0.0999998	-8.8E-12	282.329978
-9.10001	-3.08E-11	282.353191	0.0999996	-9.3E-12	282.353191
-9.00001	-3.14E-11	282.376554	0.0999998	-9.2E-12	282.376554
-8.90001	-3.12E-11	282.399847	0.0999999	-9E-12	282.399847
-8.80001	-2.89E-11	282.42307	0.0999996	-9.6E-12	282.42307
-8.70001	-2.81E-11	282.446287	0.0999996	-9.5E-12	282.446287
-8.60001	-2.9E-11	282.469602	0.0999997	-9.2E-12	282.469602
-8.50001	-2.66E-11	282.492827	0.0999996	-9.6E-12	282.492827
-8.40001	-2.63E-11	282.516056	0.0999999	-9.6E-12	282.516056
-8.30001	-2.59E-11	282.539266	0.0999994	-9.9E-12	282.539266
-8.20001	-2.7E-11	282.562548	0.0999997	-9.7E-12	282.562548
-8.10001	-2.76E-11	282.58588	0.0999998	-9.6E-12	282.58588
-8	-2.46E-11	282.609147	0.0999997	-9.8E-12	282.609147
-7.90001	-2.57E-11	282.632439	0.0999997	-9.7E-12	282.632439
-7.80001	-2.54E-11	282.655723	0.0999996	-9.6E-12	282.655723
-7.70001	-2.33E-11	282.678925	0.0999998	-9.9E-12	282.678925
-7.60001	-4.35E-11	282.730529	0.0999999	-8.2E-12	282.730529
-7.50001	-2.6E-11	282.753847	0.0999997	-9.7E-12	282.753847
-7.40001	-2.36E-11	282.777061	0.0999997	-1E-11	282.777061
-7.30001	-2.26E-11	282.800279	0.0999997	-1E-11	282.800279
-7.2	-2.19E-11	282.823546	0.0999997	-9.9E-12	282.823546
-7.10001	-2.3E-11	282.846839	0.0999997	-1.02E-11	282.846839
-7.00001	-2.11E-11	282.870083	0.0999999	-9.9E-12	282.870083
-6.90001	-1.99E-11	282.893305	0.0999999	-1.07E-11	282.893305
-6.80001	-2.16E-11	282.916617	0.0999997	-1.01E-11	282.916617
-6.70001	-2.1E-11	282.939957	0.0999997	-1.03E-11	282.939957
-6.60001	-1.87E-11	282.963204	0.0999996	-1.05E-11	282.963204
-6.50001	-1.83E-11	282.986422	0.0999998	-1.05E-11	282.986422
-6.40001	-2.03E-11	283.009717	0.0999996	-1.08E-11	283.009717
-6.30001	-1.92E-11	283.033002	0.0999997	-1.04E-11	283.033002
-6.20001	-1.72E-11	283.056203	0.0999997	-1.04E-11	283.056203
-6.10001	-1.66E-11	283.07941	0.0999997	-1.05E-11	283.07941
-6.00001	-1.83E-11	283.102702	0.0999997	-1.06E-11	283.102702
-5.90001	-1.72E-11	283.125987	0.0999998	-1E-11	283.125987
-5.80001	-1.54E-11	283.149203	0.0999998	-1.04E-11	283.149203
-5.70001	-1.5E-11	283.172423	0.0999997	-1.04E-11	283.172423
-5.60001	-3.64E-11	283.231669	0.0999999	-8.5E-12	283.231669
-5.50001	-1.79E-11	283.25496	0.0999998	-1.02E-11	283.25496
-5.40001	-1.7E-11	283.278313	0.0999997	-1.02E-11	283.278313
-5.30001	-1.56E-11	283.301559	0.0999995	-1.06E-11	283.301559
-5.20001	-1.41E-11	283.324807	0.0999995	-1.03E-11	283.324807
-5.1	-1.56E-11	283.348109	0.0999998	-1.05E-11	283.348109
-5.00001	-1.35E-11	283.371337	0.0999997	-1.03E-11	283.371337
-4.90001	-1.25E-11	283.394574	0.0999998	-1.06E-11	283.394574
-4.80001	-1.25E-11	283.41782	0.0999997	-1.09E-11	283.41782
-4.7	-1.12E-11	283.441045	0.0999996	-1.07E-11	283.441045
-4.60001	-1.24E-11	283.464354	0.0999996	-1.09E-11	283.464354
-4.50001	-1.08E-11	283.487555	0.0999996	-1.08E-11	283.487555
-4.40001	-1.25E-11	283.510888	0.0999999	-1.1E-11	283.510888
-4.3	-1.18E-11	283.534175	0.0999997	-1.11E-11	283.534175
-4.20001	-1.12E-11	283.557455	0.0999996	-1.1E-11	283.557455
-4.10001	-8.9E-12	283.580648	0.0999997	-1.12E-11	283.580648
-4.00001	-8.3E-12	283.603945	0.0999997	-1.07E-11	283.603945
-3.90001	-1.1E-11	283.627304	0.0999997	-1.07E-11	283.627304
-3.80001	-8E-12	283.650509	0.0999997	-1.09E-11	283.650509
-3.70001	-7.1E-12	283.673722	0.0999996	-1.11E-11	283.673722
-3.60001	-2.8E-11	283.733463	0.0999999	-9.2E-12	283.733463
-3.50001	-7.4E-12	283.756715	0.0999998	-1.12E-11	283.756715
-3.40001	-7.1E-12	283.779935	0.0999999	-1.13E-11	283.779935
-3.30001	-7.8E-12	283.803219	0.0999997	-1.1E-11	283.803219
-3.20001	-5.5E-12	283.826476	0.0999996	-1.14E-11	283.826476
-3.10001	-4.9E-12	283.849692	0.0999996	-1.15E-11	283.849692
-3.00001	-4.3E-12	283.872948	0.0999998	-1.11E-11	283.872948
-2.90001	-4.8E-12	283.896248	0.0999997	-1.17E-11	283.896248
-2.80001	-4.2E-12	283.91954	0.0999997	-1.13E-11	283.91954
-2.70001	-1.4E-12	283.942901	0.0999998	-1.15E-11	283.942901
-2.60001	-2.7E-12	283.966212	0.0999996	-1.1E-11	283.966212
-2.50001	-1.8E-12	283.989485	0.0999996	-1.13E-11	283.989485
-2.40001	5E-13	284.012706	0.0999997	-1.18E-11	284.012706
-2.30001	1.4E-12	284.035918	0.0999998	-1.18E-11	284.035918
-2.20001	1E-13	284.05921	0.0999998	-1.16E-11	284.05921
-2.099999	-1.44E-11	284.084389	0.0999998	-1.02E-11	284.084389
-2	3.2E-12	284.107592	0.0999998	-1.17E-11	284.107592
-1.9	3.8E-12	284.130811	0.0999997	-1.18E-11	284.130811
-1.8	4.8E-12	284.154036	0.0999996	-1.22E-11	284.154036
-1.699999	4.7E-12	284.177313	0.0999996	-1.2E-11	284.177313
-1.600001	-1.4E-11	284.230342	0.1	-1.05E-11	284.230342
-1.5	4.5E-12	284.253717	0.0999996	-1.23E-11	284.253717
-1.4	7.3E-12	284.277118	0.0999997	-1.23E-11	284.277118
-1.3	6E-12	284.300453	0.0999998	-1.25E-11	284.300453
-1.2	1.03E-11	284.323709	0.0999998	-1.07E-11	284.323709
-1.1	1.11E-11	284.346932	0.0999998	2.2E-12	284.346932
-0.999999	1.31E-11	284.37014	0.0999998	8.25E-11	284.37014
-0.9	1.21E-11	284.393507	0.1000001	4.684E-10	284.393507
-0.8	1.4E-11	284.416802	0.1000007	2.0106E-09	284.416802
-0.7	1.73E-11	284.440015	0.1000026	7.2525E-09	284.440015
-0.599999	1.86E-11	284.463239	0.1000055	2.229E-08	284.463239
-0.5	1.86E-11	284.486513	0.1000107	5.79693E-08	284.486513
-0.400001	1E-13	284.526099	0.1000001	1.2479E-07	284.526099
-0.3	6.6E-12	284.550613	0.1000007	2.45875E-07	284.550613
-0.1999999	5E-12	284.577012	0.1000005	4.23792E-07	284.577012
-0.0999999	1.04E-11	284.60146	0.100001	6.66128E-07	284.60146
3E-07	1.16E-11	284.625977	0.100001	9.69798E-07	284.625977
0.1	8.4E-12	284.660544	0.1000002	1.32431E-06	284.660544
0.2000004	1.44E-11	284.685083	0.1000002	1.73837E-06	284.685083
0.299999	9.9E-12	284.742948	0.0999999	2.18175E-06	284.742948
0.4	1.71E-11	284.767483	0.1	2.67777E-06	284.767483
0.5	1.98E-11	284.791985	0.1	3.20072E-06	284.791985
0.6	2.18E-11	284.816535	0.1000004	3.74826E-06	284.816535
0.7	2.41E-11	284.841079	0.1	4.31687E-06	284.841079
0.799999	2.61E-11	284.865597	0.1000003	4.90314E-06	284.865597
0.9	2.78E-11	284.890188	0.1000002	5.50532E-06	284.890188
0.999999	2.94E-11	284.91472	0.1000001	6.12175E-06	284.91472
1.1	3.16E-11	284.939339	0.1000001	6.75054E-06	284.939339
1.2	3.3E-11	284.963868	0.0999999	7.39021E-06	284.963868
1.3	3.49E-11	284.988387	0.1000003	8.03889E-06	284.988387
1.4	3.62E-11	285.012911	0.1	8.696E-06	285.012911
1.5	3.75E-11	285.037551	0.0999999	9.35896E-06	285.037551
1.599999	3.87E-11	285.062058	0.1000001	1.002817E-05	285.062058
1.699999	3.41E-11	285.096629	0.1	1.06931E-05	285.096629
1.8	3.97E-11	285.121137	0.1	1.13736E-05	285.121137
1.9	4.04E-11	285.145704	0.1000002	1.20567E-05	285.145704
2	4.19E-11	285.170202	0.0999998	1.27426E-05	285.170202
2.099999	4.21E-11	285.194704	0.1000001	1.34321E-05	285.194704
2.19999	3.66E-11	285.241579	0.0999999	1.41153E-05	285.241579
2.29999	4.19E-11	285.266099	0.1000001	1.48121E-05	285.266099
2.39999	4.32E-11	285.290692	0.1000001	1.55104E-05	285.290692
2.49999	4.37E-11	285.315212	0.1	1.62107E-05	285.315212
2.59999	4.48E-11	285.339793	0.1000002	1.69131E-05	285.339793
2.69999	4.53E-11	285.364303	0.1	1.76176E-05	285.364303
2.79999	4.58E-11	285.3889	0.0999999	1.8324E-05	285.3889
2.89999	4.63E-11	285.413393	0.1000001	1.90315E-05	285.413393
2.99999	4.6E-11	285.438025	0.1	1.97416E-05	285.438025
3.09999	4.71E-11	285.462572	0.1	2.04535E-05	285.462572
3.19999	4.72E-11	285.487114	0.1000001	2.11663E-05	285.487114
3.29999	4.75E-11	285.511619	0.1000001	2.18808E-05	285.511619
3.39999	4.82E-11	285.536155	0.0999999	2.2597E-05	285.536155
3.49999	4.89E-11	285.560677	0.1000001	2.33144E-05	285.560677
3.59999	4.85E-11	285.585213	0.1000002	2.40336E-05	285.585213
3.69999	4.89E-11	285.609852	0.1000002	2.47534E-05	285.609852
3.79999	4.96E-11	285.634368	0.1	2.54757E-05	285.634368
3.89999	4.94E-11	285.658891	0.0999999	2.61986E-05	285.658891
3.99999	5E-11	285.683411	0.1	2.69224E-05	285.683411
4.09999	4.34E-11	285.740153	0.1	2.76381E-05	285.740153
4.19999	4.85E-11	285.764677	0.1000002	2.83676E-05	285.764677
4.29999	4.91E-11	285.789189	0.1000001	2.90973E-05	285.789189
4.39999	4.96E-11	285.813679	0.0999999	2.98273E-05	285.813679
4.49999	5E-11	285.838235	0.0999998	3.05592E-05	285.838235
4.59999	5.02E-11	285.862778	0.1000001	3.12916E-05	285.862778
4.69999	5.03E-11	285.887399	0.1	3.20257E-05	285.887399
4.79999	5.12E-11	285.911903	0.1	3.27607E-05	285.911903
4.89999	5.15E-11	285.936434	0.1000001	3.34975E-05	285.936434
4.99999	5.17E-11	285.960997	0.0999999	3.42352E-05	285.960997
5.09999	5.21E-11	285.985535	0.1000001	3.49745E-05	285.985535
5.19999	5.18E-11	286.010088	0.1000001	3.57155E-05	286.010088
5.29999	5.25E-11	286.034645	0.1000002	3.64579E-05	286.034645
5.39999	5.28E-11	286.059173	0.1	3.72011E-05	286.059173
5.49999	5.3E-11	286.083676	0.1000002	3.7946E-05	286.083676
5.59999	5.33E-11	286.108198	0.1	3.86924E-05	286.108198
5.69999	5.37E-11	286.132687	0.1000001	3.94406E-05	286.132687
5.79999	5.31E-11	286.157232	0.1000001	4.019E-05	286.157232
5.89999	5.35E-11	286.181746	0.1000002	4.09409E-05	286.181746
5.99999	4.72E-11	286.242027	0.0999999	4.16823E-05	286.242027
6.09999	5.21E-11	286.266575	0.1	4.24396E-05	286.266575
6.19999	5.27E-11	286.291148	0.1000002	4.31971E-05	286.291148
6.29999	5.26E-11	286.315707	0.1000002	4.3954E-05	286.315707
6.39999	5.32E-11	286.340274	0.1000003	4.47131E-05	286.340274
6.49999	5.39E-11	286.364799	0.0999999	4.54733E-05	286.364799
6.59999	5.37E-11	286.389401	0.0999999	4.62349E-05	286.389401
6.69999	5.39E-11	286.413946	0.1000001	4.69978E-05	286.413946
6.79999	5.48E-11	286.438553	0.1	4.7762E-05	286.438553
6.89999	5.51E-11	286.463095	0.1000001	4.85276E-05	286.463095
6.99999	5.45E-11	286.487627	0.1000001	4.9295E-05	286.487627
7.09999	5.47E-11	286.512129	0.0999999	5.00633E-05	286.512129
7.19999	5.51E-11	286.53666	0.1000003	5.0833E-05	286.53666
7.29999	5.48E-11	286.561208	0.0999998	5.16053E-05	286.561208
7.39999	5.56E-11	286.585737	0.1000002	5.23774E-05	286.585737
7.49999	5.52E-11	286.610367	0.1000002	5.31524E-05	286.610367
7.59999	5.59E-11	286.63491	0.1	5.39285E-05	286.63491
7.69999	5.61E-11	286.659421	0.0999999	5.47061E-05	286.659421
7.79999	5.59E-11	286.683943	0.1000001	5.54851E-05	286.683943
7.89999	4.98E-11	286.743322	0.1	5.62551E-05	286.743322
7.99999	5.39E-11	286.767908	0.1	5.70393E-05	286.767908
8.09999	5.49E-11	286.792453	0.1000002	5.7824E-05	286.792453
8.19999	5.54E-11	286.817012	0.1000002	5.86099E-05	286.817012
8.29999	5.63E-11	286.841575	0.1000001	5.93962E-05	286.841575
8.39999	5.57E-11	286.866145	0.1000001	6.01837E-05	286.866145
8.49999	5.68E-11	286.890735	0.1000001	6.09735E-05	286.890735
8.59999	5.61E-11	286.915277	0.0999999	6.17646E-05	286.915277
8.69999	5.61E-11	286.939986	0.1000002	6.25571E-05	286.939986
8.79999	5.72E-11	286.964527	0.1000002	6.33497E-05	286.964527
8.89999	5.7E-11	286.989046	0.1000002	6.4145E-05	286.989046
8.99999	5.7E-11	287.013548	0.1000001	6.49416E-05	287.013548
9.09999	5.73E-11	287.038073	0.1000002	6.57395E-05	287.038073
9.19999	5.79E-11	287.062595	0.1000002	6.65393E-05	287.062595
9.29999	5.81E-11	287.087114	0.1	6.73371E-05	287.087114
9.39999	5.81E-11	287.111652	0.1	6.81411E-05	287.111652
9.49999	5.78E-11	287.136182	0.1000002	6.89459E-05	287.136182
9.59999	5.81E-11	287.160729	0.1000002	6.9752E-05	287.160729
9.69999	5.86E-11	287.185235	0.1	7.05599E-05	287.185235
9.79999	5.18E-11	287.245021	0.1	7.13596E-05	287.245021
9.89999	5.64E-11	287.269545	0.1000001	7.21728E-05	287.269545
9.99999	5.72E-11	287.294112	0.1	7.2985E-05	287.294112
9.9	4.37E-11	287.318629	0.0999997	7.21579E-05	287.318629
9.8	4.08E-11	287.343217	0.0999998	7.13371E-05	287.343217
9.7	3.88E-11	287.367743	0.0999998	7.052E-05	287.367743
9.6	3.76E-11	287.392357	0.1	6.97041E-05	287.392357
9.5	3.6E-11	287.416867	0.1000001	6.88907E-05	287.416867
9.4	3.4E-11	287.44142	0.1	6.80789E-05	287.44142
9.3	3.29E-11	287.465958	0.1	6.72695E-05	287.465958
9.2	3.25E-11	287.490485	0.1	6.64611E-05	287.490485
9.1	3.16E-11	287.51501	0.1000001	6.56543E-05	287.51501
9	3.09E-11	287.539535	0.1	6.48492E-05	287.539535
8.9	3.07E-11	287.564159	0.1000001	6.40489E-05	287.564159
8.8	2.96E-11	287.588676	0.1000001	6.32442E-05	287.588676
8.7	2.92E-11	287.613298	0.1	6.2442E-05	287.613298
8.6	2.88E-11	287.63782	0.1	6.16411E-05	287.63782
8.5	2.82E-11	287.662354	0.0999998	6.08419E-05	287.662354
8.4	2.79E-11	287.686894	0.1	6.00441E-05	287.686894
8.30001	3.31E-11	287.741947	0.1000001	5.92518E-05	287.741947
8.2	2.82E-11	287.766578	0.1000001	5.84565E-05	287.766578
8.1	2.7E-11	287.791086	0.0999999	5.76639E-05	287.791086
8	2.69E-11	287.815636	0.0999999	5.68719E-05	287.815636
7.9	2.53E-11	287.840202	0.1000001	5.60817E-05	287.840202
7.8	2.49E-11	287.864745	0.0999998	5.52943E-05	287.864745
7.7	2.43E-11	287.889354	0.1	5.45073E-05	287.889354
7.6	2.42E-11	287.913867	0.1000002	5.37218E-05	287.913867
7.5	2.35E-11	287.938409	0.0999999	5.29384E-05	287.938409
7.4	2.35E-11	287.963106	0.0999998	5.21563E-05	287.963106
7.3	2.2E-11	287.987637	0.0999997	5.13755E-05	287.987637
7.2	2.21E-11	288.012147	0.0999998	5.05961E-05	288.012147
7.1	2.21E-11	288.036661	0.0999997	4.98177E-05	288.036661
7	2.17E-11	288.061177	0.0999997	4.90422E-05	288.061177
6.9	2.11E-11	288.085742	0.0999999	4.82668E-05	288.085742
6.8	2.1E-11	288.110317	0.1	4.74928E-05	288.110317
6.7	2.08E-11	288.134852	0.0999999	4.67213E-05	288.134852
6.6	2.04E-11	288.159369	0.0999999	4.59512E-05	288.159369
6.5	2.03E-11	288.183907	0.0999999	4.51816E-05	288.183907
6.4	2.71E-11	288.24617	0.1	4.44199E-05	288.24617
6.3	2.09E-11	288.270785	0.0999998	4.36531E-05	288.270785
6.2	2E-11	288.29539	0.1	4.28878E-05	288.29539
6.1	1.9E-11	288.319909	0.1000001	4.21237E-05	288.319909
6	1.89E-11	288.344476	0.0999999	4.13618E-05	288.344476
5.9	1.89E-11	288.36911	0.0999998	4.06011E-05	288.36911
5.8	1.78E-11	288.393705	0.0999999	3.98425E-05	288.393705
5.7	1.72E-11	288.41823	0.0999999	3.90846E-05	288.41823
5.6	1.73E-11	288.442752	0.1000001	3.83283E-05	288.442752
5.5	1.66E-11	288.467538	0.0999998	3.7574E-05	288.467538
5.4	1.6E-11	288.492056	0.0999999	3.68215E-05	288.492056
5.3	1.59E-11	288.516598	0.0999998	3.60698E-05	288.516598
5.2	1.5E-11	288.541126	0.0999998	3.53197E-05	288.541126
5.1	1.5E-11	288.565669	0.0999999	3.45717E-05	288.565669
5	1.43E-11	288.590241	0.1	3.38252E-05	288.590241
4.9	1.37E-11	288.614848	0.1000001	3.30803E-05	288.614848
4.8	1.37E-11	288.639391	0.1	3.23365E-05	288.639391
4.7	1.33E-11	288.663931	0.0999999	3.15949E-05	288.663931
4.6	1.23E-11	288.688436	0.0999998	3.08543E-05	288.688436
4.5	1.88E-11	288.748734	0.1	3.01205E-05	288.748734
4.4	1.36E-11	288.773357	0.0999998	2.9382E-05	288.773357
4.3	1.25E-11	288.797869	0.0999998	2.86455E-05	288.797869
4.2	1.13E-11	288.822392	0.1	2.79123E-05	288.822392
4.1	1.05E-11	288.846969	0.0999998	2.71798E-05	288.846969
4	1.01E-11	288.87152	0.0999999	2.6449E-05	288.87152
3.9	9.3E-12	288.896111	0.1	2.57197E-05	288.896111
3.8	9.1E-12	288.920623	0.1000001	2.4993E-05	288.920623
3.7	8.4E-12	288.945205	0.0999999	2.42674E-05	288.945205
3.6	7.7E-12	288.969783	0.0999999	2.35438E-05	288.969783
3.5	6.7E-12	288.994327	0.1	2.28224E-05	288.994327
3.4	6.2E-12	289.018829	0.0999999	2.21021E-05	289.018829
3.3	5.7E-12	289.043355	0.1	2.13842E-05	289.043355
3.2	4.6E-12	289.06786	0.0999998	2.06682E-05	289.06786
3.1	3.9E-12	289.092385	0.1000001	1.99545E-05	289.092385
3	3.4E-12	289.116885	0.1	1.92425E-05	289.116885
2.9	2.8E-12	289.141402	0.0999998	1.85328E-05	289.141402
2.8	2.1E-12	289.165905	0.1	1.7825E-05	289.165905
2.7	1.2E-12	289.190437	0.1000002	1.71195E-05	289.190437
2.6	7.4E-12	289.25059	0.1	1.64221E-05	289.25059
2.5	1.7E-12	289.275107	0.1	1.57201E-05	289.275107
2.4	6E-13	289.299695	0.1000001	1.5021E-05	289.299695
2.3	-1E-12	289.324228	0.0999999	1.43254E-05	289.324228
2.2	-2E-12	289.348807	0.1	1.3633E-05	289.348807
2.099999	2E-13	289.37524	0.1	1.29457E-05	289.37524
2	-4.1E-12	289.399832	0.0999999	1.22589E-05	289.399832
1.9	-5E-12	289.424348	0.0999998	1.15763E-05	289.424348
1.8	-6E-12	289.44889	0.1000001	1.08975E-05	289.44889
1.7	-7.2E-12	289.473427	0.0999999	1.02234E-05	289.473427
1.6	-8.4E-12	289.497963	0.0999998	9.5548E-06	289.497963
1.5	-5.9E-12	289.525114	0.1000002	8.89635E-06	289.525114
1.4	-1.1E-11	289.549611	0.1	8.23906E-06	289.549611
1.3	-1.23E-11	289.574122	0.0999998	7.59037E-06	289.574122
1.2	-1.42E-11	289.598628	0.0999997	6.95007E-06	289.598628
1.1	-1.57E-11	289.623267	0.0999998	6.32068E-06	289.623267
1	-1.71E-11	289.6478	0.0999999	5.70352E-06	289.6478
0.9	-1.9E-11	289.672389	0.0999999	5.10076E-06	289.672389
0.8	-2.02E-11	289.696938	0.1	4.51372E-06	289.696938
0.7	-1.61E-11	289.751607	0.1000002	3.95021E-06	289.751607
0.6	-2.34E-11	289.776137	0.0999998	3.39811E-06	289.776137
0.5	-2.58E-11	289.800651	0.0999999	2.87093E-06	289.800651
0.4	-2.82E-11	289.825203	0.1000001	2.37127E-06	289.825203
0.3	-3.03E-11	289.849751	0.0999999	1.90545E-06	289.849751
0.1999999	-2.96E-11	289.876143	0.0999998	1.4805E-06	289.876143
0.0999999	-3.54E-11	289.900724	0.0999998	1.10034E-06	289.900724
-1E-07	-3.39E-11	289.928038	0.0999994	7.75602E-07	289.928038
#scan	iMeasureCycle=3	iMux=0	time=319.657	N=401	LocalTime=19/04/2023 14:12:56
#VGate(V)	IGate(A)	time(s)	VDrain(V)	IDrain(A)	time(s)
-2E-07	-1.57E-11	319.664691	0.0999998	8.61456E-07	319.664691
-0.1000004	-2.41E-11	319.689545	0.0999995	5.69837E-07	319.689545
-0.2000001	-2.49E-11	319.715235	0.0999995	3.46764E-07	319.715235
-0.3	-3.07E-11	319.739985	0.0999998	1.88473E-07	319.739985
-0.4	-2.82E-11	319.777654	0.0999933	9.0949E-08	319.777654
-0.500001	-4.9E-11	319.80092	0.1000074	3.63297E-08	319.80092
-0.600001	-5.31E-11	319.824114	0.1000032	1.22619E-08	319.824114
-0.700001	-5.52E-11	319.847317	0.1000016	3.4792E-09	319.847317
-0.800001	-5.56E-11	319.870597	0.1000007	8.461E-10	319.870597
-0.900001	-5.74E-11	319.893868	0.1000005	1.642E-10	319.893868
-1.000001	-6.04E-11	319.917053	0.1000003	2.01E-11	319.917053
-1.100001	-6.15E-11	319.940255	0.1000003	-4.6E-12	319.940255
-1.200001	-6.12E-11	319.963717	0.1000002	-7.6E-12	319.963717
-1.300001	-6.19E-11	319.987005	0.1000002	-8.1E-12	319.987005
-1.400001	-6.45E-11	320.010296	0.1000001	-7.6E-12	320.010296
-1.5	-6.53E-11	320.033508	0.1000002	-7.8E-12	320.033508
-1.600001	-6.41E-11	320.056797	0.1000001	-7.6E-12	320.056797
-1.700001	-6.54E-11	320.080084	0.1000003	-7.1E-12	320.080084
-1.800001	-6.78E-11	320.103304	0.1000003	-6.8E-12	320.103304
-1.900001	-6.84E-11	320.126506	0.1000003	-7.1E-12	320.126506
-2.000001	-6.72E-11	320.149803	0.1000002	-7.7E-12	320.149803
-2.100001	-6.92E-11	320.173013	0.1000003	-7.1E-12	320.173013
-2.2	-4.75E-11	320.232081	0.1	-8.8E-12	320.232081
-2.3	-6.64E-11	320.255421	0.1000003	-7.3E-12	320.255421
-2.4	-6.89E-11	320.278636	0.1000003	-7E-12	320.278636
-2.5	-6.8E-11	320.301922	0.1000001	-7.4E-12	320.301922
-2.6	-6.8E-11	320.325283	0.1000004	-7.6E-12	320.325283
-2.7	-7.09E-11	320.348563	0.1000002	-7E-12	320.348563
-2.8	-7.16E-11	320.371779	0.1000003	-7E-12	320.371779
-2.9	-7.08E-11	320.395066	0.1000004	-7.1E-12	320.395066
-3	-7.06E-11	320.418351	0.1000002	-7.1E-12	320.418351
-3.1	-7.33E-11	320.441562	0.1000002	-7.1E-12	320.441562
-3.2	-7.36E-11	320.464848	0.1000003	-6.4E-12	320.464848
-3.3	-7.19E-11	320.48815	0.1000003	-7E-12	320.48815
-3.4	-7.41E-11	320.511373	0.1000003	-7.1E-12	320.511373
-3.5	-7.45E-11	320.534588	0.1000003	-7.1E-12	320.534588
-3.6	-7.41E-11	320.557806	0.1000003	-6.7E-12	320.557806
-3.7	-7.33E-11	320.581093	0.1000002	-6.9E-12	320.581093
-3.8	-7.29E-11	320.604417	0.1000002	-7.1E-12	320.604417
-3.9	-7.6E-11	320.627619	0.1000002	-7.1E-12	320.627619
-4	-7.57E-11	320.650823	0.1000002	-7E-12	320.650823
-4.1	-7.41E-11	320.674193	0.1000002	-7.1E-12	320.674193
-4.2	-5.52E-11	320.728005	0.1000002	-9E-12	320.728005
-4.3	-7.37E-11	320.751319	0.1000004	-6.7E-12	320.751319
-4.4	-7.65E-11	320.774544	0.1000002	-6.8E-12	320.774544
-4.5	-7.65E-11	320.797765	0.1000003	-6.9E-12	320.797765
-4.6	-7.41E-11	320.821155	0.1000003	-6.9E-12	320.821155
-4.7	-7.56E-11	320.844453	0.1000001	-6.3E-12	320.844453
-4.8	-7.75E-11	320.867677	0.1000003	-6.7E-12	320.867677
-4.9	-7.79E-11	320.890901	0.1000001	-6.8E-12	320.890901
-5	-7.64E-11	320.914193	0.1000002	-6.6E-12	320.914193
-5.1	-7.71E-11	320.937469	0.1000003	-6.8E-12	320.937469
-5.2	-7.88E-11	320.960826	0.1000003	-6.6E-12	320.960826
-5.3	-7.73E-11	320.984131	0.1000002	-6.6E-12	320.984131
-5.4	-7.73E-11	321.007516	0.1000003	-6.4E-12	321.007516
-5.5	-7.96E-11	321.030756	0.1000001	-6.1E-12	321.030756
-5.6	-8E-11	321.053977	0.1000003	-6.2E-12	321.053977
-5.7	-7.92E-11	321.077268	0.1000004	-6.8E-12	321.077268
-5.8	-7.85E-11	321.100569	0.1000002	-6.3E-12	321.100569
-5.9	-8.12E-11	321.123777	0.1000002	-6.4E-12	321.123777
-6	-8.1E-11	321.146989	0.1000002	-6.1E-12	321.146989
-6.1	-8.07E-11	321.170232	0.1000003	-6.2E-12	321.170232
-6.2	-6.02E-11	321.229362	0.1	-7.9E-12	321.229362
-6.3	-7.81E-11	321.252667	0.1000004	-6.4E-12	321.252667
-6.4	-7.97E-11	321.275911	0.1000002	-5.7E-12	321.275911
-6.5	-8.08E-11	321.299218	0.1000003	-5.7E-12	321.299218
-6.6	-7.94E-11	321.322563	0.1000003	-6.1E-12	321.322563
-6.7	-8.13E-11	321.34584	0.1000002	-5.8E-12	321.34584
-6.8	-8.22E-11	321.369067	0.1000003	-5.6E-12	321.369067
-6.9	-8.2E-11	321.392284	0.1000001	-5.7E-12	321.392284
-7	-8.2E-11	321.415512	0.1000001	-5.6E-12	321.415512
-7.1	-8.12E-11	321.438819	0.1000001	-6E-12	321.438819
-7.2	-8.26E-11	321.462112	0.1000003	-6.2E-12	321.462112
-7.3	-8.31E-11	321.485331	0.1000003	-6.1E-12	321.485331
-7.4	-8.19E-11	321.508627	0.1000001	-6.4E-12	321.508627
-7.5	-8.39E-11	321.531863	0.1000003	-5.6E-12	321.531863
-7.6	-8.41E-11	321.555076	0.1000002	-5.7E-12	321.555076
-7.7	-8.33E-11	321.578321	0.1000002	-6.1E-12	321.578321
-7.8	-8.22E-11	321.601616	0.1000003	-5.7E-12	321.601616
-7.9	-8.23E-11	321.624899	0.1	-5.7E-12	321.624899
-8	-8.4E-11	321.648114	0.1000002	-6E-12	321.648114
-8.1	-8.38E-11	321.671399	0.1000004	-5.8E-12	321.671399
-8.2	-6.35E-11	321.730774	0.0999999	-7.2E-12	321.730774
-8.3	-8.1E-11	321.754088	0.1000001	-5.5E-12	321.754088
-8.4	-8.37E-11	321.777303	0.1000003	-5.4E-12	321.777303
-8.5	-8.42E-11	321.800522	0.1000002	-5.4E-12	321.800522
-8.6	-8.23E-11	321.823862	0.1000001	-5.9E-12	321.823862
-8.7	-8.46E-11	321.847082	0.1000003	-5.7E-12	321.847082
-8.8	-8.31E-11	321.870392	0.1000002	-5.7E-12	321.870392
-8.9	-8.32E-11	321.893683	0.1000002	-5.9E-12	321.893683
-9	-8.34E-11	321.916969	0.1000001	-5.7E-12	321.916969
-9.1	-8.5E-11	321.940183	0.1000002	-5.7E-12	321.940183
-9.2	-8.54E-11	321.96348	0.1000002	-5.7E-12	321.96348
-9.3	-8.41E-11	321.986781	0.1000002	-5.8E-12	321.986781
-9.4	-8.03E-11	322.010376	0.1000001	-6.4E-12	322.010376
-9.5	-8.43E-11	322.03368	0.1000003	-6.1E-12	322.03368
-9.6	-8.51E-11	322.056956	0.1000002	-5.7E-12	322.056956
-9.7	-8.71E-11	322.080165	0.1000003	-5.6E-12	322.080165
-9.8	-8.65E-11	322.103383	0.1000002	-6E-12	322.103383
-9.9	-8.52E-11	322.126678	0.1000002	-6.1E-12	322.126678
-10	-8.5E-11	322.149967	0.1000003	-5.9E-12	322.149967
-9.90001	-4.4E-11	322.173248	0.0999997	-9.1E-12	322.173248
-9.80001	-5.93E-11	322.232327	0.0999999	-7.5E-12	322.232327
-9.70001	-3.83E-11	322.255627	0.1	-9.1E-12	322.255627
-9.60001	-3.63E-11	322.27886	0.0999998	-8.9E-12	322.27886
-9.50001	-3.68E-11	322.302154	0.1	-8.9E-12	322.302154
-9.40001	-3.41E-11	322.325402	0.0999999	-9E-12	322.325402
-9.30001	-3.26E-11	322.348683	0.0999999	-8.9E-12	322.348683
-9.20001	-3.36E-11	322.371982	0.0999999	-8.9E-12	322.371982
-9.10001	-3.16E-11	322.395267	0.1	-9E-12	322.395267
-9.00001	-3.02E-11	322.418486	0.0999998	-9.2E-12	322.418486
-8.90001	-2.84E-11	322.4417	0.0999999	-9.6E-12	322.4417
-8.80001	-3.14E-11	322.465114	0.0999999	-8.8E-12	322.465114
-8.70001	-3.01E-11	322.488425	0.1	-9.1E-12	322.488425
-8.60001	-3.12E-11	322.511828	0.0999999	-9.1E-12	322.511828
-8.50001	-2.84E-11	322.535115	0.0999998	-9.4E-12	322.535115
-8.40001	-2.79E-11	322.558411	0.1	-9.3E-12	322.558411
-8.30001	-2.59E-11	322.581647	0.0999999	-9.5E-12	322.581647
-8.20001	-2.69E-11	322.60494	0.0999998	-9.8E-12	322.60494
-8.10001	-2.62E-11	322.628215	0.0999999	-9.3E-12	322.628215
-8	-2.45E-11	322.651409	0.0999998	-9.7E-12	322.651409
-7.90001	-2.37E-11	322.674706	0.0999996	-9.4E-12	322.674706
-7.80001	-4.37E-11	322.73357	0.0999999	-7.7E-12	322.73357
-7.70001	-2.43E-11	322.756816	0.0999999	-9.6E-12	322.756816
-7.6	-2.34E-11	322.780041	0.0999998	-1.04E-11	322.780041
-7.50001	-2.4E-11	322.803331	0.1	-9.6E-12	322.803331
-7.40001	-2.41E-11	322.82667	0.0999999	-9.3E-12	322.82667
-7.30001	-2.21E-11	322.849875	0.1	-9.8E-12	322.849875
-7.2	-2.33E-11	322.873161	0.0999998	-9.9E-12	322.873161
-7.10001	-2.22E-11	322.896456	0.0999999	-9.4E-12	322.896456
-7.00001	-2.06E-11	322.919658	0.0999999	-9.6E-12	322.919658
-6.90001	-2.02E-11	322.942875	0.0999999	-9.7E-12	322.942875
-6.80001	-1.91E-11	322.966173	0.0999998	-9.8E-12	322.966173
-6.70001	-2.03E-11	322.98947	0.0999998	-1.01E-11	322.98947
-6.60001	-2.23E-11	323.012988	0.0999998	-9.6E-12	323.012988
-6.50001	-1.79E-11	323.036216	0.0999998	-9.8E-12	323.036216
-6.40001	-1.93E-11	323.059508	0.0999999	-9.8E-12	323.059508
-6.30001	-1.73E-11	323.082776	0.0999998	-9.9E-12	323.082776
-6.20001	-1.68E-11	323.105989	0.0999999	-1.03E-11	323.105989
-6.10001	-1.84E-11	323.129268	0.0999998	-1.03E-11	323.129268
-6.00001	-1.8E-11	323.15256	0.0999997	-1E-11	323.15256
-5.90001	-1.6E-11	323.175767	0.0999998	-1.01E-11	323.175767
-5.80001	-3.68E-11	323.235066	0.1000001	-8.2E-12	323.235066
-5.70001	-1.69E-11	323.258307	0.0999999	-1.03E-11	323.258307
-5.60001	-1.8E-11	323.281593	0.0999999	-9.9E-12	323.281593
-5.50001	-1.76E-11	323.304889	0.0999999	-1.01E-11	323.304889
-5.40001	-1.52E-11	323.328154	0.0999999	-1.04E-11	323.328154
-5.30001	-1.5E-11	323.351444	0.0999998	-9.8E-12	323.351444
-5.20001	-1.54E-11	323.374744	0.0999999	-1.02E-11	323.374744
-5.1	-1.35E-11	323.397959	0.0999999	-1.09E-11	323.397959
-5.00001	-1.4E-11	323.421245	0.0999999	-1.09E-11	323.421245
-4.90001	-1.39E-11	323.444526	0.0999998	-1.07E-11	323.444526
-4.80001	-1.43E-11	323.467952	0.0999999	-1.04E-11	323.467952
-4.7	-1.23E-11	323.491203	0.1	-1.05E-11	323.491203
-4.60001	-1.44E-11	323.514596	0.0999999	-1.04E-11	323.514596
-4.50001	-1.21E-11	323.537896	0.0999998	-1.03E-11	323.537896
-4.40001	-1.18E-11	323.56119	0.0999999	-1.03E-11	323.56119
-4.3	-1.12E-11	323.584468	0.0999999	-1.08E-11	323.584468
-4.20001	-1.07E-11	323.607764	0.0999999	-1.06E-11	323.607764
-4.10001	-8.8E-12	323.630958	0.0999999	-1.03E-11	323.630958
-4.00001	-8.2E-12	323.654177	0.1	-1.13E-11	323.654177
-3.90001	-7.5E-12	323.677482	0.0999998	-1.1E-11	323.677482
-3.80001	-2.84E-11	323.732075	0.1	-9.4E-12	323.732075
-3.70001	-8.4E-12	323.755338	0.0999997	-1.12E-11	323.755338
-3.60001	-8.9E-12	323.778631	0.0999999	-1.12E-11	323.778631
-3.50001	-8.2E-12	323.801923	0.1000001	-1.12E-11	323.801923
-3.40001	-5.9E-12	323.825186	0.0999997	-1.15E-11	323.825186
-3.30001	-5.6E-12	323.848395	0.0999998	-1.16E-11	323.848395
-3.20001	-4.3E-12	323.871597	0.0999998	-1.13E-11	323.871597
-3.10001	-6E-12	323.894879	0.0999998	-1.09E-11	323.894879
-3.00001	-5.2E-12	323.918178	0.0999998	-1.09E-11	323.918178
-2.90001	-2.3E-12	323.941367	0.0999999	-1.17E-11	323.941367
-2.80001	-2E-12	323.964632	0.0999998	-1.15E-11	323.964632
-2.70001	-3.1E-12	323.987922	0.0999999	-1.12E-11	323.987922
-2.60001	-6E-13	324.011211	0.1	-1.12E-11	324.011211
-2.50001	2E-13	324.034449	0.0999999	-1.13E-11	324.034449
-2.40001	-1.2E-12	324.057741	0.0999999	-1.14E-11	324.057741
-2.30001	0	324.081008	0.0999998	-1.16E-11	324.081008
-2.20001	8E-13	324.104289	0.0999996	-1.16E-11	324.104289
-2.099999	-1.37E-11	324.129413	0.1	-1E-11	324.129413
-2	2.9E-12	324.152654	0.0999997	-1.21E-11	324.152654
-1.9	2.2E-12	324.175951	0.0999999	-1.21E-11	324.175951
-1.800001	-1.62E-11	324.22284	0.1	-1E-11	324.22284
-1.699999	4E-12	324.246138	0.0999999	-1.21E-11	324.246138
-1.599999	3.6E-12	324.269452	0.0999997	-1.22E-11	324.269452
-1.5	5.9E-12	324.292703	0.1	-1.24E-11	324.292703
-1.4	6.4E-12	324.316005	0.0999998	-1.19E-11	324.316005
-1.3	7.9E-12	324.339379	0.0999999	-1.2E-11	324.339379
-1.2	1.03E-11	324.362666	0.0999999	-1.15E-11	324.362666
-1.1	1.23E-11	324.385878	0.0999998	-5E-13	324.385878
-1	1.12E-11	324.40916	0.0999999	6.73E-11	324.40916
-0.9	1.26E-11	324.432446	0.1000001	3.944E-10	324.432446
-0.8	1.56E-11	324.455668	0.1000006	1.7235E-09	324.455668
-0.7	1.75E-11	324.478957	0.1000022	6.312E-09	324.478957
-0.599999	1.75E-11	324.502244	0.1000063	1.96531E-08	324.502244
-0.5	2.05E-11	324.525463	0.1000089	5.20805E-08	324.525463
-0.400001	6E-13	324.564906	0.1000002	1.14096E-07	324.564906
-0.3	6.9E-12	324.589402	0.1000006	2.28296E-07	324.589402
-0.1999999	5.2E-12	324.615891	0.1000008	3.98114E-07	324.615891
-0.0999999	1.04E-11	324.640393	0.1000009	6.32494E-07	324.640393
3E-07	1.2E-11	324.664884	0.1000011	9.2776E-07	324.664884
0.1	5.3E-12	324.743803	0.1000002	1.26282E-06	324.743803
0.2000003	1.27E-11	324.768381	0.1000001	1.67366E-06	324.768381
0.299999	1.55E-11	324.7931	0.1000002	2.12457E-06	324.7931
0.4	1.79E-11	324.817638	0.1000001	2.61142E-06	324.817638
0.5	2.02E-11	324.842205	0.0999999	3.1288E-06	324.842205
0.6	2.21E-11	324.866726	0.1000001	3.67156E-06	324.866726
0.7	2.43E-11	324.891227	0.1000001	4.23568E-06	324.891227
0.8	2.62E-11	324.915732	0.1	4.81814E-06	324.915732
0.9	2.81E-11	324.940261	0.1	5.41725E-06	324.940261
0.999999	3E-11	324.964817	0.1000001	6.03123E-06	324.964817
1.1	3.15E-11	324.989332	0.1	6.65742E-06	324.989332
1.199999	3.32E-11	325.014019	0.1000002	7.29524E-06	325.014019
1.3	3.5E-11	325.038543	0.1000001	7.94209E-06	325.038543
1.4	3.64E-11	325.063045	0.1000001	8.59712E-06	325.063045
1.5	3.72E-11	325.08757	0.1000001	9.25895E-06	325.08757
1.6	3.84E-11	325.11211	0.1000003	9.92698E-06	325.11211
1.699999	3.44E-11	325.146738	0.1	1.05916E-05	325.146738
1.8	3.95E-11	325.171262	0.1	1.12709E-05	325.171262
1.899999	4.09E-11	325.195769	0.1000001	1.19532E-05	325.195769
1.999999	3.5E-11	325.245096	0.1	1.26307E-05	325.245096
2.099999	4.03E-11	325.269609	0.0999999	1.33223E-05	325.269609
2.19999	4.13E-11	325.294335	0.1000002	1.40127E-05	325.294335
2.29999	4.27E-11	325.318855	0.1000001	1.47075E-05	325.318855
2.39999	4.32E-11	325.343468	0.1000001	1.54055E-05	325.343468
2.49999	4.4E-11	325.367991	0.1	1.61054E-05	325.367991
2.59999	4.47E-11	325.392575	0.1	1.68073E-05	325.392575
2.69999	4.53E-11	325.417083	0.1000002	1.75114E-05	325.417083
2.79999	4.61E-11	325.441614	0.0999999	1.8218E-05	325.441614
2.89999	4.64E-11	325.46621	0.0999999	1.89262E-05	325.46621
2.99999	4.71E-11	325.49072	0.0999999	1.96361E-05	325.49072
3.09999	4.75E-11	325.515223	0.1000003	2.03484E-05	325.515223
3.19999	4.76E-11	325.539781	0.1	2.10625E-05	325.539781
3.29999	4.81E-11	325.564298	0.1	2.17781E-05	325.564298
3.39999	4.78E-11	325.588817	0.1000001	2.24949E-05	325.588817
3.49999	4.84E-11	325.613338	0.0999999	2.32133E-05	325.613338
3.59999	4.9E-11	325.637853	0.1	2.39332E-05	325.637853
3.69999	4.93E-11	325.662391	0.1000003	2.46552E-05	325.662391
3.79999	4.95E-11	325.687016	0.1	2.53785E-05	325.687016
3.89999	4.28E-11	325.743773	0.0999999	2.60938E-05	325.743773
3.99999	4.83E-11	325.768308	0.1000001	2.68225E-05	325.768308
4.09999	4.85E-11	325.79285	0.0999999	2.75507E-05	325.79285
4.19999	4.93E-11	325.817358	0.0999999	2.82792E-05	325.817358
4.29999	5E-11	325.841951	0.1	2.90099E-05	325.841951
4.39999	5.05E-11	325.866454	0.1000001	2.97416E-05	325.866454
4.49999	5.06E-11	325.890998	0.1000002	3.04734E-05	325.890998
4.59999	5.05E-11	325.915517	0.1000001	3.12071E-05	325.915517
4.69999	5.09E-11	325.940065	0.1	3.19421E-05	325.940065
4.79999	5.13E-11	325.964677	0.1000002	3.26783E-05	325.964677
4.89999	5.18E-11	325.989195	0.1	3.3416E-05	325.989195
4.99999	5.18E-11	326.013813	0.1000001	3.41544E-05	326.013813
5.09999	5.21E-11	326.038346	0.1000001	3.48945E-05	326.038346
5.19999	5.21E-11	326.062863	0.1000002	3.56361E-05	326.062863
5.29999	5.21E-11	326.087393	0.0999999	3.63787E-05	326.087393
5.39999	5.2E-11	326.111995	0.1000001	3.7123E-05	326.111995
5.49999	5.24E-11	326.136538	0.1	3.7868E-05	326.136538
5.59999	5.26E-11	326.161067	0.1	3.86152E-05	326.161067
5.69999	5.33E-11	326.185582	0.1000001	3.93637E-05	326.185582
5.79999	4.62E-11	326.245526	0.1	4.01025E-05	326.245526
5.89999	5.13E-11	326.270125	0.1000002	4.08567E-05	326.270125
5.99999	5.27E-11	326.294643	0.1000002	4.16116E-05	326.294643
6.09999	5.31E-11	326.319197	0.1000001	4.23673E-05	326.319197
6.19999	5.31E-11	326.343787	0.0999999	4.31233E-05	326.343787
6.29999	5.34E-11	326.368327	0.0999999	4.38812E-05	326.368327
6.39999	5.37E-11	326.392843	0.0999998	4.46401E-05	326.392843
6.49999	5.41E-11	326.417367	0.1	4.54003E-05	326.417367
6.59999	5.43E-11	326.441886	0.1	4.61619E-05	326.441886
6.69999	5.46E-11	326.466675	0.1	4.6925E-05	326.466675
6.79999	5.41E-11	326.49123	0.1	4.76903E-05	326.49123
6.89999	5.41E-11	326.515733	0.1000001	4.84559E-05	326.515733
6.99999	5.47E-11	326.540325	0.1000001	4.92229E-05	326.540325
7.09999	5.5E-11	326.564842	0.1	4.99915E-05	326.564842
7.19999	5.56E-11	326.589396	0.1	5.07616E-05	326.589396
7.29999	5.55E-11	326.613917	0.1	5.15329E-05	326.613917
7.39999	5.63E-11	326.63844	0.0999999	5.23063E-05	326.63844
7.49999	5.6E-11	326.662952	0.0999999	5.30807E-05	326.662952
7.59999	5.62E-11	326.687554	0.0999999	5.38579E-05	326.687554
7.69999	4.91E-11	326.747066	0.1	5.4625E-05	326.747066
7.79999	5.38E-11	326.771667	0.1000002	5.54076E-05	326.771667
7.89999	5.49E-11	326.796172	0.1	5.61887E-05	326.796172
7.99999	5.49E-11	326.820701	0.1000003	5.69719E-05	326.820701
8.09999	5.51E-11	326.845295	0.1	5.77564E-05	326.845295
8.19999	5.51E-11	326.86983	0.1000001	5.85414E-05	326.86983
8.29999	5.58E-11	326.894347	0.1000001	5.9328E-05	326.894347
8.39999	5.61E-11	326.91886	0.0999998	6.01153E-05	326.91886
8.49999	5.66E-11	326.943416	0.0999999	6.09055E-05	326.943416
8.59999	5.62E-11	326.968042	0.0999999	6.16959E-05	326.968042
8.69999	5.66E-11	326.992583	0.1000001	6.2488E-05	326.992583
8.79999	5.72E-11	327.017209	0.1000001	6.32826E-05	327.017209
8.89999	5.7E-11	327.041764	0.1000002	6.40786E-05	327.041764
8.99999	5.74E-11	327.066273	0.1	6.48748E-05	327.066273
9.09999	5.72E-11	327.09079	0.1000001	6.56723E-05	327.09079
9.19999	5.76E-11	327.115292	0.0999999	6.64719E-05	327.115292
9.29999	5.7E-11	327.139832	0.1000002	6.72702E-05	327.139832
9.39999	5.75E-11	327.164354	0.1	6.80744E-05	327.164354
9.49999	5.79E-11	327.1889	0.1000002	6.88794E-05	327.1889
9.59999	5.11E-11	327.248084	0.1000002	6.96777E-05	327.248084
9.69999	5.56E-11	327.272597	0.1000002	7.04879E-05	327.272597
9.79999	5.71E-11	327.297109	0.1	7.12985E-05	327.297109
9.89999	5.75E-11	327.321624	0.1000003	7.21085E-05	327.321624
9.99999	5.83E-11	327.346153	0.1000002	7.29202E-05	327.346153
9.9	4.48E-11	327.370709	0.0999998	7.20926E-05	327.370709
9.8	4.11E-11	327.395218	0.1	7.12728E-05	327.395218
9.7	3.91E-11	327.41977	0.1000001	7.04554E-05	327.41977
9.6	3.76E-11	327.444393	0.1	6.96382E-05	327.444393
9.5	3.58E-11	327.46902	0.1	6.88253E-05	327.46902
9.4	3.44E-11	327.493529	0.0999998	6.80142E-05	327.493529
9.3	3.35E-11	327.518077	0.1000001	6.72033E-05	327.518077
9.2	3.3E-11	327.542609	0.0999998	6.63949E-05	327.542609
9.1	3.12E-11	327.56712	0.0999999	6.55866E-05	327.56712
9	3.09E-11	327.591622	0.1	6.47814E-05	327.591622
8.9	3.03E-11	327.616136	0.1	6.39824E-05	327.616136
8.8	2.98E-11	327.640647	0.1000001	6.3178E-05	327.640647
8.7	2.94E-11	327.665171	0.0999998	6.23748E-05	327.665171
8.6	2.89E-11	327.689785	0.0999999	6.15751E-05	327.689785
8.5	3.4E-11	327.749645	0.0999998	6.07785E-05	327.749645
8.4	2.84E-11	327.774177	0.0999999	5.99794E-05	327.774177
8.3	2.73E-11	327.798707	0.0999998	5.91831E-05	327.798707
8.2	2.66E-11	327.823226	0.0999998	5.83881E-05	327.823226
8.1	2.6E-11	327.847865	0.0999998	5.75957E-05	327.847865
8	2.57E-11	327.872422	0.1	5.68046E-05	327.872422
7.9	2.55E-11	327.896937	0.0999998	5.60143E-05	327.896937
7.8	2.51E-11	327.921453	0.0999999	5.52263E-05	327.921453
7.7	2.46E-11	327.945985	0.0999999	5.44401E-05	327.945985
7.6	2.45E-11	327.970604	0.1	5.36543E-05	327.970604
7.5	2.4E-11	327.995137	0.1000001	5.28708E-05	327.995137
7.4	2.3E-11	328.019734	0.1000001	5.20879E-05	328.019734
7.3	2.31E-11	328.044321	0.1	5.13079E-05	328.044321
7.2	2.22E-11	328.068841	0.1000002	5.05285E-05	328.068841
7.1	2.22E-11	328.093371	0.0999998	4.97501E-05	328.093371
7	2.17E-11	328.117911	0.0999999	4.89738E-05	328.117911
6.9	2.11E-11	328.142445	0.1	4.81993E-05	328.142445
6.8	2.07E-11	328.166986	0.1	4.74258E-05	328.166986
6.7	2.04E-11	328.191517	0.0999999	4.66537E-05	328.191517
6.6	2.58E-11	328.246506	0.0999999	4.58872E-05	328.246506
6.5	2.08E-11	328.271109	0.0999998	4.51167E-05	328.271109
6.4	2.01E-11	328.295627	0.0999997	4.43483E-05	328.295627
6.3	1.96E-11	328.320144	0.0999997	4.35817E-05	328.320144
6.2	1.89E-11	328.344731	0.1	4.28177E-05	328.344731
6.1	1.83E-11	328.369319	0.1	4.20542E-05	328.369319
6	1.82E-11	328.393842	0.0999999	4.12924E-05	328.393842
5.9	1.73E-11	328.418356	0.0999999	4.05321E-05	328.418356
5.8	1.69E-11	328.442862	0.1	3.97735E-05	328.442862
5.7	1.72E-11	328.467497	0.1	3.90161E-05	328.467497
5.6	1.64E-11	328.492027	0.0999999	3.82597E-05	328.492027
5.5	1.58E-11	328.516593	0.0999999	3.75053E-05	328.516593
5.4	1.51E-11	328.5412	0.1	3.67521E-05	328.5412
5.3	1.53E-11	328.565769	0.1	3.60006E-05	328.565769
5.2	1.47E-11	328.590274	0.1000001	3.52509E-05	328.590274
5.1	1.43E-11	328.614811	0.1	3.45023E-05	328.614811
5	1.42E-11	328.639322	0.0999999	3.37561E-05	328.639322
4.9	1.31E-11	328.663843	0.0999999	3.30106E-05	328.663843
4.8	1.25E-11	328.688447	0.1000002	3.22669E-05	328.688447
4.7	1.96E-11	328.750977	0.0999999	3.15305E-05	328.750977
4.6	1.39E-11	328.775561	0.1000001	3.07892E-05	328.775561
4.5	1.28E-11	328.800088	0.0999997	3.00494E-05	328.800088
4.4	1.25E-11	328.824636	0.0999999	2.93123E-05	328.824636
4.3	1.12E-11	328.849217	0.1	2.85762E-05	328.849217
4.2	1.06E-11	328.873734	0.1	2.78425E-05	328.873734
4.1	1.04E-11	328.898257	0.1	2.71103E-05	328.898257
4	9.8E-12	328.922787	0.0999999	2.63798E-05	328.922787
3.9	9.4E-12	328.947297	0.0999999	2.56505E-05	328.947297
3.8	9E-12	328.971941	0.0999998	2.49237E-05	328.971941
3.7	7.8E-12	328.996458	0.0999999	2.41979E-05	328.996458
3.6	7.1E-12	329.021084	0.1	2.34753E-05	329.021084
3.5	6.6E-12	329.045617	0.1	2.27533E-05	329.045617
3.4	6.2E-12	329.070172	0.1	2.20335E-05	329.070172
3.3	5.2E-12	329.094672	0.0999999	2.13155E-05	329.094672
3.2	4.7E-12	329.119188	0.0999999	2.05991E-05	329.119188
3.1	3.8E-12	329.143697	0.0999997	1.98855E-05	329.143697
3	3.5E-12	329.168241	0.1000002	1.91738E-05	329.168241
2.9	2.3E-12	329.19275	0.0999999	1.84636E-05	329.19275
2.8	8.9E-12	329.253945	0.1	1.77613E-05	329.253945
2.7	3.5E-12	329.278493	0.1000001	1.70547E-05	329.278493
2.6	2.1E-12	329.303026	0.0999999	1.63512E-05	329.303026
2.5	9E-13	329.327544	0.1	1.56508E-05	329.327544
2.4	0	329.352144	0.1	1.49521E-05	329.352144
2.3	-1.5E-12	329.376681	0.1000001	1.42564E-05	329.376681
2.2	-2.1E-12	329.401219	0.0999999	1.35641E-05	329.401219
2.099999	0	329.427632	0.1000001	1.28765E-05	329.427632
2	-4.1E-12	329.45216	0.1000001	1.21905E-05	329.45216
1.9	-5.5E-12	329.476785	0.1	1.15083E-05	329.476785
1.8	-6.4E-12	329.501321	0.0999999	1.08301E-05	329.501321
1.7	-7.9E-12	329.525864	0.1000001	1.01565E-05	329.525864
1.6	-9.3E-12	329.550416	0.0999998	9.4879E-06	329.550416
1.5	-6.3E-12	329.57751	0.1	8.8299E-06	329.57751
1.4	-1.09E-11	329.602047	0.0999998	8.17329E-06	329.602047
1.3	-1.31E-11	329.626587	0.1	7.52512E-06	329.626587
1.2	-1.41E-11	329.651094	0.0999999	6.88639E-06	329.651094
1.1	-1.6E-11	329.675599	0.0999999	6.25756E-06	329.675599
1	-1.76E-11	329.700194	0.0999999	5.64119E-06	329.700194
0.9	-1.32E-11	329.751018	0.1	5.04463E-06	329.751018
0.8	-1.99E-11	329.775543	0.0999998	4.4575E-06	329.775543
0.7	-2.23E-11	329.800085	0.1000002	3.88887E-06	329.800085
0.6	-2.42E-11	329.824599	0.0999999	3.34109E-06	329.824599
0.5	-2.66E-11	329.849151	0.0999998	2.81706E-06	329.849151
0.4	-2.91E-11	329.87367	0.0999999	2.32115E-06	329.87367
0.3	-3.13E-11	329.898186	0.0999998	1.85962E-06	329.898186
0.1999997	-3E-11	329.924593	0.0999999	1.4389E-06	329.924593
0.0999995	-3.6E-11	329.949093	0.0999997	1.06403E-06	329.949093
-1E-07	-3.42E-11	329.976424	0.0999995	7.45892E-07	329.976424
