#scan	iMeasureCycle=1	iMux=0	time=0.028	N=401	LocalTime=19/04/2023 14:37:37
#VGate(V)	IGate(A)	time(s)	VDrain(V)	IDrain(A)	time(s)
-2E-07	-1.636E-10	0.030892	0.1	1.4728E-06	0.030892
-0.1000004	-2.221E-10	0.055803	0.1000001	1.07626E-06	0.055803
-0.1999998	-2.663E-10	0.083096	0.0999997	7.44225E-07	0.083096
-0.300001	-1.854E-10	0.107855	0.0999996	4.76895E-07	0.107855
-0.4	-1.12E-10	0.132358	0.0999995	2.78625E-07	0.132358
-0.5	-8.82E-11	0.156854	0.0999996	1.44898E-07	0.156854
-0.6	-6.36E-11	0.194628	0.099994	6.67087E-08	0.194628
-0.700001	-7.71E-11	0.21791	0.100004	2.52656E-08	0.21791
-0.800001	-7.49E-11	0.241196	0.1000012	8.1167E-09	0.241196
-0.900001	-7.36E-11	0.264478	0.1000008	2.2169E-09	0.264478
-1.000001	-7.38E-11	0.287704	0.1000005	5.133E-10	0.287704
-1.100001	-7.25E-11	0.310937	0.1000001	9.63E-11	0.310937
-1.200001	-7E-11	0.334259	0.1000001	7.9E-12	0.334259
-1.300001	-7.06E-11	0.357541	0.1000002	-7.2E-12	0.357541
-1.400001	-7.2E-11	0.38075	0.0999999	-8.7E-12	0.38075
-1.500001	-7.22E-11	0.403972	0.1000002	-8.6E-12	0.403972
-1.600001	-7E-11	0.427257	0.1	-8.9E-12	0.427257
-1.700001	-7.03E-11	0.450599	0.1000001	-8.4E-12	0.450599
-1.800001	-6.99E-11	0.473894	0.1000001	-8.4E-12	0.473894
-1.900001	-7.05E-11	0.497184	0.1000003	-8.4E-12	0.497184
-2.000001	-7E-11	0.520465	0.1000001	-8.4E-12	0.520465
-2.100001	-7.21E-11	0.543682	0.1	-8.1E-12	0.543682
-2.2	-4.98E-11	0.599038	0.1	-9.9E-12	0.599038
-2.3	-6.97E-11	0.622282	0.1000002	-7.7E-12	0.622282
-2.4	-6.89E-11	0.645571	0.1000001	-8.2E-12	0.645571
-2.5	-6.94E-11	0.668859	0.1000001	-7.9E-12	0.668859
-2.6	-7.19E-11	0.692122	0.1000001	-7.9E-12	0.692122
-2.7	-7.25E-11	0.71535	0.1000001	-7.7E-12	0.71535
-2.8	-7.14E-11	0.73864	0.1000002	-7.9E-12	0.73864
-2.9	-7.23E-11	0.761896	0.1000001	-8.1E-12	0.761896
-3	-7.4E-11	0.785164	0.1000003	-7.6E-12	0.785164
-3.1	-7.25E-11	0.808472	0.1000002	-7.8E-12	0.808472
-3.2	-7.31E-11	0.831751	0.1000001	-7.9E-12	0.831751
-3.3	-7.46E-11	0.855034	0.1000002	-7.7E-12	0.855034
-3.4	-7.55E-11	0.878245	0.1000001	-7.8E-12	0.878245
-3.5	-7.38E-11	0.901542	0.1000002	-7.7E-12	0.901542
-3.6	-7.42E-11	0.924828	0.0999999	-7.9E-12	0.924828
-3.7	-7.44E-11	0.948104	0.1000001	-7.4E-12	0.948104
-3.8	-7.64E-11	0.971303	0.1000002	-7.6E-12	0.971303
-3.9	-7.54E-11	0.994594	0.1000001	-8E-12	0.994594
-4	-7.56E-11	1.017884	0.1	-7.9E-12	1.017884
-4.1	-7.78E-11	1.041084	0.1000001	-7.7E-12	1.041084
-4.2	-5.66E-11	1.094769	0.1	-9.4E-12	1.094769
-4.3	-7.43E-11	1.118116	0.1000002	-7.8E-12	1.118116
-4.4	-7.72E-11	1.141421	0.1000001	-7.5E-12	1.141421
-4.5	-7.71E-11	1.164656	0.1000002	-7.7E-12	1.164656
-4.6	-7.66E-11	1.188029	0.1000001	-7.9E-12	1.188029
-4.7	-7.85E-11	1.211266	0.1000001	-7.4E-12	1.211266
-4.8	-7.88E-11	1.23447	0.0999999	-6.9E-12	1.23447
-4.9	-7.72E-11	1.257769	0.1000001	-7E-12	1.257769
-5	-7.72E-11	1.281145	0.1000002	-7.4E-12	1.281145
-5.1	-7.97E-11	1.304365	0.1000003	-7.5E-12	1.304365
-5.2	-8.03E-11	1.327582	0.1000001	-7.7E-12	1.327582
-5.3	-7.89E-11	1.350868	0.1	-7.6E-12	1.350868
-5.4	-7.93E-11	1.374152	0.1000001	-7.5E-12	1.374152
-5.5	-8.14E-11	1.397365	0.1	-7.3E-12	1.397365
-5.6	-8.09E-11	1.420571	0.1000003	-7.3E-12	1.420571
-5.7	-7.94E-11	1.443949	0.1000002	-7E-12	1.443949
-5.8	-8.16E-11	1.46716	0.1000002	-7.1E-12	1.46716
-5.9	-8.18E-11	1.490394	0.1000002	-7E-12	1.490394
-6	-8.18E-11	1.513605	0.1	-7.1E-12	1.513605
-6.1	-8.04E-11	1.536905	0.1	-7.1E-12	1.536905
-6.2	-6.1E-11	1.596252	0.0999999	-8.8E-12	1.596252
-6.3	-8.04E-11	1.619507	0.1000001	-7.4E-12	1.619507
-6.4	-7.94E-11	1.642813	0.1000001	-7.3E-12	1.642813
-6.5	-8.06E-11	1.666116	0.1	-7E-12	1.666116
-6.6	-8.16E-11	1.689416	0.1000003	-6.9E-12	1.689416
-6.7	-8.23E-11	1.712646	0.1000002	-7E-12	1.712646
-6.8	-8.26E-11	1.735858	0.1000001	-7.2E-12	1.735858
-6.9	-8.15E-11	1.759142	0.1000001	-7.4E-12	1.759142
-7	-8.33E-11	1.78242	0.1000002	-7.1E-12	1.78242
-7.1	-8.3E-11	1.805646	0.1	-7.1E-12	1.805646
-7.2	-8.21E-11	1.828945	0.0999999	-7.1E-12	1.828945
-7.3	-8.22E-11	1.852224	0.1000001	-7.1E-12	1.852224
-7.4	-8.43E-11	1.875428	0.1000002	-7E-12	1.875428
-7.5	-8.37E-11	1.898682	0.1000002	-6.9E-12	1.898682
-7.6	-8.15E-11	1.922013	0.1000001	-7.1E-12	1.922013
-7.7	-8.24E-11	1.945294	0.1000001	-7.2E-12	1.945294
-7.8	-8.48E-11	1.968501	0.0999999	-7.1E-12	1.968501
-7.9	-8.47E-11	1.991749	0.1000003	-6.9E-12	1.991749
-8	-8.38E-11	2.015047	0.1000001	-7.1E-12	2.015047
-8.1	-8.38E-11	2.038323	0.1000001	-7.1E-12	2.038323
-8.2	-6.43E-11	2.093131	0.1	-8.6E-12	2.093131
-8.3	-8.22E-11	2.116464	0.1000002	-7E-12	2.116464
-8.4	-8.42E-11	2.139681	0.1000001	-7.1E-12	2.139681
-8.5	-8.49E-11	2.16289	0.0999999	-6.9E-12	2.16289
-8.6	-8.56E-11	2.186184	0.1000002	-7E-12	2.186184
-8.7	-8.43E-11	2.209489	0.1000001	-6.8E-12	2.209489
-8.8	-8.51E-11	2.232711	0.1000002	-6.8E-12	2.232711
-8.9	-8.57E-11	2.255951	0.1000001	-6.4E-12	2.255951
-9	-8.56E-11	2.27918	0.1000001	-6.7E-12	2.27918
-9.1	-8.45E-11	2.302472	0.1	-6.6E-12	2.302472
-9.2	-8.65E-11	2.325676	0.1000002	-6.4E-12	2.325676
-9.3	-8.68E-11	2.348893	0.1	-6.6E-12	2.348893
-9.4	-8.5E-11	2.372181	0.1000001	-7E-12	2.372181
-9.5	-8.49E-11	2.395479	0.1000001	-6.8E-12	2.395479
-9.6	-8.5E-11	2.418769	0.1000002	-6.9E-12	2.418769
-9.7	-8.73E-11	2.442042	0.1000001	-6.8E-12	2.442042
-9.8	-8.56E-11	2.465335	0.1	-6.8E-12	2.465335
-9.9	-8.56E-11	2.488623	0.1000003	-6.7E-12	2.488623
-10	-8.77E-11	2.511842	0.1000002	-6.4E-12	2.511842
-9.90001	-4.53E-11	2.535059	0.0999995	-9.5E-12	2.535059
-9.80001	-4.42E-11	2.558346	0.0999998	-9.9E-12	2.558346
-9.70001	-5.81E-11	2.598833	0.0999999	-8.2E-12	2.598833
-9.60001	-3.75E-11	2.622087	0.0999997	-1.01E-11	2.622087
-9.50001	-3.54E-11	2.645297	0.0999996	-1.06E-11	2.645297
-9.40001	-3.72E-11	2.668633	0.0999997	-1.03E-11	2.668633
-9.30001	-3.35E-11	2.691931	0.0999996	-1.01E-11	2.691931
-9.20001	-3.24E-11	2.715155	0.0999996	-9.8E-12	2.715155
-9.10001	-3.11E-11	2.738367	0.0999996	-1.03E-11	2.738367
-9.00001	-3.2E-11	2.761652	0.0999997	-1.03E-11	2.761652
-8.90001	-2.98E-11	2.784918	0.0999996	-1.05E-11	2.784918
-8.80001	-2.95E-11	2.808179	0.0999997	-1.02E-11	2.808179
-8.70001	-2.82E-11	2.831388	0.0999996	-1.02E-11	2.831388
-8.60001	-3.04E-11	2.854795	0.0999998	-9.7E-12	2.854795
-8.50001	-2.81E-11	2.878023	0.0999996	-1.02E-11	2.878023
-8.40001	-2.68E-11	2.901247	0.0999996	-1.03E-11	2.901247
-8.30001	-2.67E-11	2.924493	0.0999998	-1.02E-11	2.924493
-8.20001	-2.74E-11	2.947797	0.0999996	-1.05E-11	2.947797
-8.10001	-2.52E-11	2.97101	0.0999997	-1.05E-11	2.97101
-8.00001	-2.48E-11	2.99423	0.0999997	-1.06E-11	2.99423
-7.90001	-2.59E-11	3.017523	0.0999997	-1.02E-11	3.017523
-7.80001	-2.55E-11	3.040809	0.0999996	-1.02E-11	3.040809
-7.70001	-4.46E-11	3.100428	0.1	-8.5E-12	3.100428
-7.6	-2.65E-11	3.123769	0.0999998	-1.03E-11	3.123769
-7.50001	-2.6E-11	3.14706	0.0999997	-1.07E-11	3.14706
-7.40001	-2.33E-11	3.170274	0.0999997	-1.1E-11	3.170274
-7.30001	-2.29E-11	3.193586	0.0999997	-1.1E-11	3.193586
-7.2	-2.36E-11	3.216883	0.0999998	-1.09E-11	3.216883
-7.10001	-2.34E-11	3.240175	0.0999996	-1.08E-11	3.240175
-7.00001	-2.26E-11	3.263466	0.0999997	-1.09E-11	3.263466
-6.90001	-2.23E-11	3.286742	0.0999998	-1.07E-11	3.286742
-6.80001	-2.17E-11	3.310037	0.0999997	-1.09E-11	3.310037
-6.70001	-2.05E-11	3.333261	0.0999999	-1.07E-11	3.333261
-6.60001	-1.94E-11	3.356477	0.0999997	-1.03E-11	3.356477
-6.50001	-2.08E-11	3.379763	0.0999997	-1.03E-11	3.379763
-6.40001	-2.02E-11	3.403142	0.0999998	-1.05E-11	3.403142
-6.30001	-1.81E-11	3.426364	0.0999997	-1.05E-11	3.426364
-6.20001	-1.81E-11	3.449644	0.0999997	-1.07E-11	3.449644
-6.10001	-1.9E-11	3.47295	0.0999998	-1.05E-11	3.47295
-6.00001	-1.95E-11	3.496271	0.0999996	-1.05E-11	3.496271
-5.90001	-1.83E-11	3.519572	0.0999999	-1.08E-11	3.519572
-5.80001	-1.75E-11	3.542847	0.0999997	-1.08E-11	3.542847
-5.70001	-3.65E-11	3.601542	0.1000001	-9.3E-12	3.601542
-5.60001	-1.69E-11	3.624795	0.0999997	-1.08E-11	3.624795
-5.50001	-1.77E-11	3.648079	0.0999997	-1.09E-11	3.648079
-5.40001	-1.76E-11	3.671392	0.0999998	-1.09E-11	3.671392
-5.30001	-1.46E-11	3.694694	0.0999997	-1.12E-11	3.694694
-5.20001	-1.5E-11	3.717928	0.0999997	-1.1E-11	3.717928
-5.1	-1.58E-11	3.741221	0.0999998	-1.1E-11	3.741221
-5.00001	-1.33E-11	3.764426	0.0999996	-1.13E-11	3.764426
-4.90001	-1.27E-11	3.787694	0.0999997	-1.12E-11	3.787694
-4.80001	-1.23E-11	3.81091	0.0999999	-1.17E-11	3.81091
-4.7	-1.34E-11	3.834198	0.0999997	-1.18E-11	3.834198
-4.60001	-1.35E-11	3.857476	0.0999997	-1.14E-11	3.857476
-4.50001	-1.17E-11	3.880713	0.0999997	-1.13E-11	3.880713
-4.40001	-1.12E-11	3.903942	0.0999999	-1.16E-11	3.903942
-4.3	-1.14E-11	3.927243	0.0999997	-1.12E-11	3.927243
-4.20001	-9.4E-12	3.950459	0.0999996	-1.15E-11	3.950459
-4.10001	-9.4E-12	3.973663	0.0999998	-1.17E-11	3.973663
-4.00001	-8.8E-12	3.996865	0.0999997	-1.14E-11	3.996865
-3.90001	-1.13E-11	4.020197	0.0999998	-1.1E-11	4.020197
-3.80001	-1E-11	4.043498	0.0999997	-1.15E-11	4.043498
-3.70001	-2.86E-11	4.098544	0.1	-1.02E-11	4.098544
-3.60001	-9.3E-12	4.12185	0.0999997	-1.17E-11	4.12185
-3.50001	-7.5E-12	4.145071	0.0999997	-1.17E-11	4.145071
-3.40001	-8.2E-12	4.168361	0.0999997	-1.13E-11	4.168361
-3.30001	-6.3E-12	4.191673	0.0999997	-1.14E-11	4.191673
-3.20001	-5E-12	4.214894	0.0999997	-1.15E-11	4.214894
-3.10001	-3.9E-12	4.23811	0.0999997	-1.18E-11	4.23811
-3.00001	-5.5E-12	4.261392	0.0999998	-1.14E-11	4.261392
-2.90001	-4.8E-12	4.284677	0.0999998	-1.17E-11	4.284677
-2.80001	-2.6E-12	4.307885	0.0999997	-1.22E-11	4.307885
-2.70001	-1.8E-12	4.331108	0.0999998	-1.2E-11	4.331108
-2.60001	-2.6E-12	4.354388	0.0999998	-1.18E-11	4.354388
-2.50001	-2.4E-12	4.377677	0.0999998	-1.19E-11	4.377677
-2.40001	6E-13	4.400876	0.0999998	-1.24E-11	4.400876
-2.30001	1.4E-12	4.424089	0.0999996	-1.23E-11	4.424089
-2.20001	-3E-13	4.447428	0.0999997	-1.23E-11	4.447428
-2.099999	-1.47E-11	4.4726	0.0999999	-1.05E-11	4.4726
-2	2.7E-12	4.495816	0.0999998	-1.25E-11	4.495816
-1.9	3.6E-12	4.519034	0.0999998	-1.28E-11	4.519034
-1.8	4.6E-12	4.542253	0.0999998	-1.3E-11	4.542253
-1.700001	-1.62E-11	4.589353	0.0999999	-1.1E-11	4.589353
-1.6	3.4E-12	4.612704	0.0999996	-1.26E-11	4.612704
-1.5	6.7E-12	4.635944	0.0999995	-1.31E-11	4.635944
-1.4	8.4E-12	4.65915	0.0999998	-1.25E-11	4.65915
-1.3	7.5E-12	4.68245	0.0999998	-5.5E-12	4.68245
-1.2	8.6E-12	4.705799	0.0999998	3.59E-11	4.705799
-1.1	1.13E-11	4.729015	0.0999999	2.384E-10	4.729015
-1	1.32E-11	4.752234	0.1000002	1.0915E-09	4.752234
-0.9	1.23E-11	4.775585	0.1000017	4.1709E-09	4.775585
-0.799999	1.44E-11	4.798849	0.1000043	1.36185E-08	4.798849
-0.7	1.71E-11	4.822065	0.1000087	3.78024E-08	4.822065
-0.599999	1.84E-11	4.845351	0.1000024	8.96466E-08	4.845351
-0.500001	-1.1E-12	4.88479	0.1000002	1.78927E-07	4.88479
-0.400001	5.3E-12	4.909312	0.1000007	3.29756E-07	4.909312
-0.3	6.8E-12	4.933888	0.1000007	5.42144E-07	4.933888
-0.1999999	5.3E-12	4.960293	0.1000008	8.18125E-07	4.960293
-0.1000001	5.2E-12	4.994842	0.1	1.15251E-06	4.994842
4E-07	1.07E-11	5.019375	0.1000002	1.55219E-06	5.019375
0.1000004	1.33E-11	5.043853	0.1000002	1.99969E-06	5.043853
0.2	7.1E-12	5.110813	0.1	2.47123E-06	5.110813
0.3	1.48E-11	5.135605	0.0999997	3.00096E-06	5.135605
0.4	1.79E-11	5.160126	0.1	3.55506E-06	5.160126
0.5	2.03E-11	5.18465	0.1	4.13078E-06	5.18465
0.6	2.19E-11	5.209199	0.1000001	4.72442E-06	5.209199
0.7	2.38E-11	5.233777	0.1000001	5.33398E-06	5.233777
0.799999	2.65E-11	5.258273	0.1000002	5.95829E-06	5.258273
0.899999	2.78E-11	5.282786	0.1000001	6.59502E-06	5.282786
0.999999	2.97E-11	5.307301	0.1000001	7.2433E-06	5.307301
1.1	3.15E-11	5.331816	0.1000002	7.90116E-06	5.331816
1.2	3.3E-11	5.356339	0.1	8.56791E-06	5.356339
1.3	3.46E-11	5.380875	0.0999999	9.24115E-06	5.380875
1.399999	3.58E-11	5.405411	0.1	9.92115E-06	5.405411
1.499999	3.2E-11	5.440022	0.1	1.05946E-05	5.440022
1.599999	3.77E-11	5.4646	0.1	1.12857E-05	5.4646
1.699999	3.94E-11	5.489102	0.1000001	1.19791E-05	5.489102
1.8	3.99E-11	5.513649	0.1000001	1.2676E-05	5.513649
1.9	4.11E-11	5.538091	0.1000002	1.33751E-05	5.538091
2	4.16E-11	5.562601	0.1000001	1.40767E-05	5.562601
2.099999	3.57E-11	5.611122	0.1000002	1.47703E-05	5.611122
2.19999	4.14E-11	5.635861	0.1000002	1.54769E-05	5.635861
2.29999	4.25E-11	5.660417	0.1	1.61858E-05	5.660417
2.39999	4.37E-11	5.68496	0.1000001	1.68957E-05	5.68496
2.49999	4.38E-11	5.709568	0.1000001	1.76079E-05	5.709568
2.59999	4.48E-11	5.73411	0.1000001	1.83218E-05	5.73411
2.69999	4.49E-11	5.758619	0.1000002	1.90359E-05	5.758619
2.79999	4.53E-11	5.783157	0.1	1.97525E-05	5.783157
2.89999	4.59E-11	5.807665	0.1000001	2.04711E-05	5.807665
2.99999	4.64E-11	5.832183	0.1000001	2.11905E-05	5.832183
3.09999	4.66E-11	5.856686	0.1000001	2.19116E-05	5.856686
3.19999	4.75E-11	5.881202	0.1000001	2.26343E-05	5.881202
3.29999	4.76E-11	5.905708	0.1000001	2.33575E-05	5.905708
3.39999	4.81E-11	5.930227	0.1000002	2.40828E-05	5.930227
3.49999	4.81E-11	5.954749	0.1000003	2.48096E-05	5.954749
3.59999	4.84E-11	5.97928	0.1	2.55375E-05	5.97928
3.69999	4.9E-11	6.003786	0.1	2.62672E-05	6.003786
3.79999	4.87E-11	6.028381	0.1	2.6998E-05	6.028381
3.89999	4.9E-11	6.052945	0.1	2.77304E-05	6.052945
3.99999	4.24E-11	6.109964	0.1	2.84528E-05	6.109964
4.09999	4.8E-11	6.134562	0.1000001	2.91917E-05	6.134562
4.19999	4.87E-11	6.15912	0.1	2.99297E-05	6.15912
4.29999	4.94E-11	6.183625	0.1	3.06691E-05	6.183625
4.39999	4.96E-11	6.208218	0.1000001	3.14093E-05	6.208218
4.49999	4.99E-11	6.23272	0.1000002	3.21512E-05	6.23272
4.59999	5.04E-11	6.257245	0.0999999	3.28939E-05	6.257245
4.69999	5.1E-11	6.281755	0.1000001	3.36378E-05	6.281755
4.79999	5.11E-11	6.306271	0.1000001	3.43829E-05	6.306271
4.89999	5.13E-11	6.330779	0.1	3.51295E-05	6.330779
4.99999	5.15E-11	6.355306	0.1000002	3.58782E-05	6.355306
5.09999	5.18E-11	6.379808	0.1000001	3.66279E-05	6.379808
5.19999	5.18E-11	6.404324	0.1000003	3.73792E-05	6.404324
5.29999	5.18E-11	6.428847	0.1000001	3.81316E-05	6.428847
5.39999	5.17E-11	6.453433	0.1	3.88851E-05	6.453433
5.49999	5.21E-11	6.477936	0.0999998	3.96402E-05	6.477936
5.59999	5.16E-11	6.502473	0.1000002	4.03974E-05	6.502473
5.69999	5.25E-11	6.526978	0.1	4.11558E-05	6.526978
5.79999	5.27E-11	6.551582	0.1000002	4.19149E-05	6.551582
5.89999	4.67E-11	6.611813	0.1000003	4.26641E-05	6.611813
5.99999	5.12E-11	6.636363	0.1000002	4.34303E-05	6.636363
6.09999	5.2E-11	6.660923	0.1000001	4.4195E-05	6.660923
6.19999	5.24E-11	6.685431	0.1000003	4.49618E-05	6.685431
6.29999	5.3E-11	6.710041	0.1	4.57289E-05	6.710041
6.39999	5.3E-11	6.734566	0.1	4.64968E-05	6.734566
6.49999	5.32E-11	6.759074	0.1000003	4.72664E-05	6.759074
6.59999	5.31E-11	6.783668	0.1	4.80377E-05	6.783668
6.69999	5.4E-11	6.808184	0.0999998	4.881E-05	6.808184
6.79999	5.32E-11	6.832714	0.1	4.9584E-05	6.832714
6.89999	5.39E-11	6.857334	0.1000001	5.03582E-05	6.857334
6.99999	5.43E-11	6.881863	0.0999999	5.11351E-05	6.881863
7.09999	5.47E-11	6.906366	0.1	5.19133E-05	6.906366
7.19999	5.47E-11	6.930918	0.1	5.2693E-05	6.930918
7.29999	5.53E-11	6.955555	0.1000001	5.34738E-05	6.955555
7.39999	5.52E-11	6.98006	0.1000002	5.42558E-05	6.98006
7.49999	5.5E-11	7.004563	0.1000001	5.50397E-05	7.004563
7.59999	5.54E-11	7.029071	0.1000001	5.58259E-05	7.029071
7.69999	5.56E-11	7.053615	0.1000002	5.66116E-05	7.053615
7.79999	4.97E-11	7.108743	0.1000002	5.73907E-05	7.108743
7.89999	5.49E-11	7.133321	0.0999999	5.81834E-05	7.133321
7.99999	5.5E-11	7.157932	0.1000001	5.89743E-05	7.157932
8.09999	5.52E-11	7.182474	0.0999999	5.97671E-05	7.182474
8.19999	5.57E-11	7.207114	0.0999999	6.05613E-05	7.207114
8.29999	5.61E-11	7.231631	0.1	6.1357E-05	7.231631
8.39999	5.54E-11	7.256234	0.1000002	6.21539E-05	7.256234
8.49999	5.66E-11	7.280848	0.0999998	6.29523E-05	7.280848
8.59999	5.65E-11	7.305355	0.1	6.37519E-05	7.305355
8.69999	5.71E-11	7.329888	0.1000001	6.45532E-05	7.329888
8.79999	5.74E-11	7.3544	0.0999998	6.53546E-05	7.3544
8.89999	5.68E-11	7.378929	0.1000001	6.61577E-05	7.378929
8.99999	5.74E-11	7.403428	0.1	6.69624E-05	7.403428
9.09999	5.75E-11	7.427956	0.1000001	6.77694E-05	7.427956
9.19999	5.64E-11	7.452704	0.0999999	6.85768E-05	7.452704
9.29999	5.77E-11	7.477239	0.1000002	6.93825E-05	7.477239
9.39999	5.8E-11	7.501747	0.1	7.01946E-05	7.501747
9.49999	5.77E-11	7.526242	0.0999999	7.10094E-05	7.526242
9.59999	5.88E-11	7.550739	0.1	7.1823E-05	7.550739
9.69999	5.01E-11	7.61255	0.1000001	7.2628E-05	7.61255
9.79999	5.6E-11	7.637116	0.0999999	7.34474E-05	7.637116
9.89999	5.63E-11	7.661682	0.1	7.42672E-05	7.661682
9.99999	5.74E-11	7.686209	0.1000001	7.50871E-05	7.686209
9.9	4.43E-11	7.710807	0.1000001	7.4252E-05	7.710807
9.8	4.05E-11	7.735333	0.0999999	7.34234E-05	7.735333
9.7	3.84E-11	7.759874	0.1000002	7.25972E-05	7.759874
9.6	3.68E-11	7.784402	0.0999999	7.17728E-05	7.784402
9.5	3.53E-11	7.808965	0.0999999	7.09506E-05	7.808965
9.4	3.43E-11	7.833505	0.1000001	7.01305E-05	7.833505
9.3	3.35E-11	7.858022	0.1	6.93119E-05	7.858022
9.2	3.28E-11	7.882551	0.0999998	6.84944E-05	7.882551
9.1	3.14E-11	7.907078	0.1	6.7678E-05	7.907078
9	3.11E-11	7.931617	0.0999998	6.68648E-05	7.931617
8.9	3.02E-11	7.956139	0.0999998	6.6055E-05	7.956139
8.8	2.92E-11	7.980682	0.0999999	6.52431E-05	7.980682
8.7	2.86E-11	8.005191	0.1000001	6.44324E-05	8.005191
8.6	2.84E-11	8.029736	0.0999998	6.36227E-05	8.029736
8.5	2.78E-11	8.054239	0.0999997	6.28148E-05	8.054239
8.4	3.36E-11	8.116283	0.1000001	6.20116E-05	8.116283
8.3	2.81E-11	8.140892	0.1	6.12048E-05	8.140892
8.2	2.68E-11	8.165408	0.1000001	6.04012E-05	8.165408
8.1	2.59E-11	8.18993	0.0999999	5.95992E-05	8.18993
8	2.55E-11	8.214539	0.0999999	5.87977E-05	8.214539
7.9	2.47E-11	8.239058	0.0999999	5.79987E-05	8.239058
7.8	2.41E-11	8.263561	0.0999998	5.72019E-05	8.263561
7.7	2.4E-11	8.288065	0.1000003	5.64051E-05	8.288065
7.6	2.33E-11	8.312569	0.0999999	5.56105E-05	8.312569
7.5	2.31E-11	8.337093	0.1000001	5.48174E-05	8.337093
7.4	2.34E-11	8.361627	0.0999999	5.40262E-05	8.361627
7.3	2.26E-11	8.386142	0.0999999	5.32354E-05	8.386142
7.2	2.22E-11	8.410668	0.1	5.24462E-05	8.410668
7.1	2.19E-11	8.435166	0.0999999	5.16581E-05	8.435166
7	2.16E-11	8.459757	0.0999999	5.08731E-05	8.459757
6.9	2.12E-11	8.484279	0.0999999	5.00869E-05	8.484279
6.8	2.04E-11	8.508804	0.0999999	4.93029E-05	8.508804
6.7	2.04E-11	8.533361	0.0999998	4.85213E-05	8.533361
6.6	2E-11	8.557922	0.0999999	4.77408E-05	8.557922
6.5	2.64E-11	8.617351	0.1	4.69668E-05	8.617351
6.4	2.07E-11	8.641902	0.0999999	4.6188E-05	8.641902
6.3	2.07E-11	8.666422	0.1	4.54106E-05	8.666422
6.2	1.93E-11	8.690948	0.1	4.46351E-05	8.690948
6.1	1.87E-11	8.715548	0.1	4.38614E-05	8.715548
6	1.88E-11	8.740072	0.1	4.30883E-05	8.740072
5.9	1.81E-11	8.764577	0.1	4.23167E-05	8.764577
5.8	1.83E-11	8.78917	0.1	4.15479E-05	8.78917
5.7	1.75E-11	8.81369	0.1	4.078E-05	8.81369
5.6	1.64E-11	8.838232	0.0999999	4.00123E-05	8.838232
5.5	1.65E-11	8.862834	0.1000001	3.92462E-05	8.862834
5.4	1.53E-11	8.887351	0.1000001	3.84822E-05	8.887351
5.3	1.55E-11	8.911883	0.0999999	3.77201E-05	8.911883
5.2	1.48E-11	8.936429	0.1000001	3.69587E-05	8.936429
5.1	1.45E-11	8.960962	0.1	3.61984E-05	8.960962
5	1.4E-11	8.985472	0.0999999	3.54407E-05	8.985472
4.9	1.31E-11	9.009976	0.0999999	3.46839E-05	9.009976
4.8	1.28E-11	9.034485	0.0999999	3.39286E-05	9.034485
4.7	1.26E-11	9.058986	0.0999997	3.31739E-05	9.058986
4.6	1.86E-11	9.119023	0.1000002	3.24266E-05	9.119023
4.5	1.35E-11	9.143591	0.0999999	3.1675E-05	9.143591
4.4	1.25E-11	9.168139	0.1	3.09246E-05	9.168139
4.3	1.15E-11	9.192652	0.1	3.0176E-05	9.192652
4.2	1.12E-11	9.217282	0.1	2.943E-05	9.217282
4.1	9.9E-12	9.24181	0.1000001	2.86846E-05	9.24181
4	9.7E-12	9.266411	0.0999999	2.79413E-05	9.266411
3.9	9.2E-12	9.290925	0.1	2.7199E-05	9.290925
3.8	8.1E-12	9.315446	0.1	2.64587E-05	9.315446
3.7	7.4E-12	9.339954	0.0999999	2.57204E-05	9.339954
3.6	6.7E-12	9.364487	0.0999999	2.49835E-05	9.364487
3.5	6.6E-12	9.389005	0.1000001	2.42477E-05	9.389005
3.4	5.8E-12	9.413542	0.1	2.35139E-05	9.413542
3.3	5.2E-12	9.438044	0.1	2.27818E-05	9.438044
3.2	4.8E-12	9.462624	0.1	2.20519E-05	9.462624
3.1	3.6E-12	9.48714	0.0999998	2.13233E-05	9.48714
3	3.4E-12	9.511714	0.0999999	2.05965E-05	9.511714
2.9	2.7E-12	9.536226	0.0999997	1.98722E-05	9.536226
2.8	1.8E-12	9.560746	0.1000001	1.91491E-05	9.560746
2.7	8.1E-12	9.620431	0.0999998	1.84338E-05	9.620431
2.6	2E-12	9.644978	0.1000001	1.77134E-05	9.644978
2.5	2E-13	9.669478	0.0999999	1.69966E-05	9.669478
2.4	-2E-13	9.694033	0.0999998	1.62824E-05	9.694033
2.3	-1.2E-12	9.718618	0.0999997	1.55698E-05	9.718618
2.2	-2.9E-12	9.743144	0.1	1.486E-05	9.743144
2.099999	-5E-13	9.769551	0.1000001	1.41562E-05	9.769551
2	-4.6E-12	9.794094	0.0999999	1.34519E-05	9.794094
1.9	-5.6E-12	9.818632	0.1000003	1.27518E-05	9.818632
1.8	-6.5E-12	9.843171	0.0999999	1.20548E-05	9.843171
1.7	-7.7E-12	9.86773	0.0999995	1.13619E-05	9.86773
1.6	-9.2E-12	9.892274	0.0999997	1.06731E-05	9.892274
1.5	-1.06E-11	9.916804	0.0999999	9.9892E-06	9.916804
1.4	-1.18E-11	9.941338	0.1	9.311E-06	9.941338
1.3	-1E-11	9.968447	0.1000001	8.6452E-06	9.968447
1.2	-1.45E-11	9.992974	0.0999999	7.98126E-06	9.992974
1.1	-1.6E-11	10.017477	0.1000002	7.32673E-06	10.017477
1	-1.79E-11	10.041994	0.1	6.68223E-06	10.041994
0.9	-1.96E-11	10.066496	0.0999998	6.0503E-06	10.066496
0.8	-1.49E-11	10.121917	0.0999999	5.4382E-06	10.121917
0.7	-2.2E-11	10.146484	0.1	4.83252E-06	10.146484
0.6	-2.41E-11	10.171019	0.0999999	4.24408E-06	10.171019
0.5	-2.62E-11	10.195524	0.1	3.6757E-06	10.195524
0.4	-2.89E-11	10.220128	0.0999999	3.12913E-06	10.220128
0.3	-3.15E-11	10.244626	0.0999997	2.60969E-06	10.244626
0.1999999	-3E-11	10.27105	0.1	2.12338E-06	10.27105
0.0999996	-3.55E-11	10.295556	0.0999998	1.67328E-06	10.295556
-4E-07	-3.82E-11	10.320039	0.0999999	1.26823E-06	10.320039
#scan	iMeasureCycle=2	iMux=0	time=279.78	N=401	LocalTime=19/04/2023 14:42:17
#VGate(V)	IGate(A)	time(s)	VDrain(V)	IDrain(A)	time(s)
-3E-07	-1.62E-11	279.787471	0.0999999	1.36993E-06	279.787471
-0.1000003	-2.47E-11	279.812402	0.0999999	9.9203E-07	279.812402
-0.1999999	-2.46E-11	279.840856	0.0999996	6.7825E-07	279.840856
-0.3	-3.17E-11	279.865559	0.0999995	4.27941E-07	279.865559
-0.4	-3.45E-11	279.89006	0.0999997	2.45231E-07	279.89006
-0.5	-3.72E-11	279.914574	0.0999996	1.24372E-07	279.914574
-0.6	-3.39E-11	279.95223	0.099994	5.56431E-08	279.95223
-0.700001	-5.39E-11	279.975505	0.1000036	2.0473E-08	279.975505
-0.800001	-5.79E-11	279.998702	0.1000021	6.3858E-09	279.998702
-0.900001	-5.94E-11	280.021911	0.1000007	1.7013E-09	280.021911
-1.000001	-5.81E-11	280.045238	0.1000005	3.85E-10	280.045238
-1.100001	-6.04E-11	280.068512	0.1000002	6.73E-11	280.068512
-1.200001	-6.14E-11	280.091793	0.1	3.1E-12	280.091793
-1.300001	-6.42E-11	280.115	0.1000001	-7.2E-12	280.115
-1.400001	-6.34E-11	280.138282	0.1000001	-8.4E-12	280.138282
-1.500001	-6.43E-11	280.161633	0.1000001	-8.6E-12	280.161633
-1.600001	-6.7E-11	280.184829	0.1000003	-8.3E-12	280.184829
-1.700001	-6.62E-11	280.208122	0.1000002	-7.9E-12	280.208122
-1.800001	-6.68E-11	280.231498	0.1	-7.9E-12	280.231498
-1.900001	-6.9E-11	280.254724	0.1000001	-8.2E-12	280.254724
-2.000001	-6.93E-11	280.277936	0.1	-8.4E-12	280.277936
-2.100001	-6.82E-11	280.301217	0.1	-8.1E-12	280.301217
-2.2	-4.86E-11	280.355	0.1000001	-1.06E-11	280.355
-2.3	-6.86E-11	280.37823	0.1	-8.4E-12	280.37823
-2.4	-6.82E-11	280.401515	0.1000001	-8.5E-12	280.401515
-2.5	-6.85E-11	280.424817	0.1000001	-8E-12	280.424817
-2.6	-7.15E-11	280.448065	0.1000003	-7.8E-12	280.448065
-2.7	-7.23E-11	280.471279	0.1000002	-8E-12	280.471279
-2.8	-7.1E-11	280.494623	0.1000002	-7.5E-12	280.494623
-2.9	-7.13E-11	280.517918	0.1000002	-7.3E-12	280.517918
-3	-7.36E-11	280.541143	0.1000001	-7.5E-12	280.541143
-3.1	-7.19E-11	280.564428	0.1000001	-7.3E-12	280.564428
-3.2	-7.23E-11	280.58773	0.1000001	-7.7E-12	280.58773
-3.3	-7.47E-11	280.610921	0.0999999	-7.2E-12	280.610921
-3.4	-7.52E-11	280.634138	0.1000001	-7.3E-12	280.634138
-3.5	-7.38E-11	280.657458	0.1000003	-7.8E-12	280.657458
-3.6	-7.43E-11	280.680747	0.1000001	-7.2E-12	280.680747
-3.7	-7.61E-11	280.703935	0.1000001	-6.7E-12	280.703935
-3.8	-7.57E-11	280.727175	0.1	-7.2E-12	280.727175
-3.9	-7.49E-11	280.750537	0.1000002	-7.5E-12	280.750537
-4	-7.52E-11	280.773842	0.1	-7.4E-12	280.773842
-4.1	-7.71E-11	280.797052	0.1000002	-7.3E-12	280.797052
-4.2	-5.63E-11	280.850927	0.1	-8.7E-12	280.850927
-4.3	-7.43E-11	280.874243	0.1000001	-7.5E-12	280.874243
-4.4	-7.68E-11	280.897464	0.1000001	-7.6E-12	280.897464
-4.5	-7.53E-11	280.920753	0.0999999	-7.5E-12	280.920753
-4.6	-7.53E-11	280.944105	0.1	-7.1E-12	280.944105
-4.7	-7.83E-11	280.967312	0.1000002	-7E-12	280.967312
-4.8	-7.69E-11	280.990594	0.1000002	-7.4E-12	280.990594
-4.9	-7.73E-11	281.013873	0.1	-7.2E-12	281.013873
-5	-7.92E-11	281.037094	0.1	-7.2E-12	281.037094
-5.1	-7.91E-11	281.060337	0.1000003	-7.1E-12	281.060337
-5.2	-7.79E-11	281.083634	0.1	-7.4E-12	281.083634
-5.3	-7.89E-11	281.106913	0.1000003	-7.1E-12	281.106913
-5.4	-8E-11	281.130133	0.1	-7.1E-12	281.130133
-5.5	-7.64E-11	281.153554	0.1000001	-7.3E-12	281.153554
-5.6	-7.87E-11	281.176898	0.1000002	-7E-12	281.176898
-5.7	-7.93E-11	281.200175	0.1000002	-7.2E-12	281.200175
-5.8	-7.96E-11	281.22346	0.1	-7.1E-12	281.22346
-5.9	-7.91E-11	281.24687	0.0999999	-7.3E-12	281.24687
-6	-7.99E-11	281.270168	0.1000001	-6.9E-12	281.270168
-6.1	-8.2E-11	281.293377	0.1000001	-7.4E-12	281.293377
-6.2	-6.11E-11	281.3521	0.1	-8.5E-12	281.3521
-6.3	-8.06E-11	281.375339	0.1000002	-7.1E-12	281.375339
-6.4	-8.1E-11	281.398565	0.1000002	-6.9E-12	281.398565
-6.5	-8.18E-11	281.421787	0.1	-6.7E-12	281.421787
-6.6	-8.02E-11	281.445129	0.1000001	-7.1E-12	281.445129
-6.7	-8.25E-11	281.468347	0.1000001	-6.6E-12	281.468347
-6.8	-8.22E-11	281.491563	0.1000001	-6.7E-12	281.491563
-6.9	-8.24E-11	281.51482	0.1000001	-6.9E-12	281.51482
-7	-8.15E-11	281.53811	0.1000001	-7.2E-12	281.53811
-7.1	-8.15E-11	281.561414	0.1000001	-7.1E-12	281.561414
-7.2	-8.37E-11	281.584609	0.1000001	-6.9E-12	281.584609
-7.3	-8.39E-11	281.607825	0.1	-6.7E-12	281.607825
-7.4	-8.23E-11	281.631124	0.1000002	-6.9E-12	281.631124
-7.5	-7.82E-11	281.654637	0.1000001	-7.4E-12	281.654637
-7.6	-8.46E-11	281.677858	0.1000001	-6.5E-12	281.677858
-7.7	-8.29E-11	281.701143	0.1	-6.7E-12	281.701143
-7.8	-8.23E-11	281.724467	0.1000002	-7E-12	281.724467
-7.9	-8.52E-11	281.747765	0.1000001	-6.5E-12	281.747765
-8	-8.39E-11	281.771064	0.1000002	-6.7E-12	281.771064
-8.1	-8.35E-11	281.794355	0.1	-6.6E-12	281.794355
-8.2	-6.42E-11	281.853782	0.1	-8.2E-12	281.853782
-8.3	-8.29E-11	281.877036	0.1000001	-6.8E-12	281.877036
-8.4	-8.3E-11	281.900327	0.1000003	-6.7E-12	281.900327
-8.5	-8.31E-11	281.923625	0.1000001	-6.3E-12	281.923625
-8.6	-8.53E-11	281.946908	0.1000001	-6.5E-12	281.946908
-8.7	-8.38E-11	281.970207	0.1000002	-6.6E-12	281.970207
-8.8	-8.43E-11	281.99349	0.1000002	-7E-12	281.99349
-8.9	-8.54E-11	282.016705	0.1000001	-6.6E-12	282.016705
-9	-8.63E-11	282.040013	0.1	-6.6E-12	282.040013
-9.1	-8.54E-11	282.063304	0.1000002	-6.8E-12	282.063304
-9.2	-8.52E-11	282.086596	0.1000002	-7.1E-12	282.086596
-9.3	-8.72E-11	282.109801	0.1000002	-6.5E-12	282.109801
-9.4	-8.68E-11	282.13302	0.1000002	-6.6E-12	282.13302
-9.5	-8.38E-11	282.156368	0.1000002	-6.7E-12	282.156368
-9.6	-8.55E-11	282.179663	0.1000001	-6.1E-12	282.179663
-9.7	-8.77E-11	282.202931	0.1000001	-6.2E-12	282.202931
-9.8	-8.62E-11	282.226223	0.1000001	-6.1E-12	282.226223
-9.9	-8.6E-11	282.249593	0.1000001	-6.1E-12	282.249593
-10	-8.8E-11	282.272813	0.1000002	-6.2E-12	282.272813
-9.90001	-4.56E-11	282.29604	0.0999999	-1E-11	282.29604
-9.80001	-6.01E-11	282.355269	0.0999998	-8E-12	282.355269
-9.70001	-4.09E-11	282.378577	0.0999998	-9.3E-12	282.378577
-9.60001	-3.92E-11	282.401874	0.0999997	-9.4E-12	282.401874
-9.50001	-3.61E-11	282.42509	0.0999996	-9.4E-12	282.42509
-9.40001	-3.49E-11	282.448347	0.0999997	-9.9E-12	282.448347
-9.30001	-3.55E-11	282.471645	0.0999998	-9.6E-12	282.471645
-9.20001	-3.24E-11	282.494859	0.0999997	-1.01E-11	282.494859
-9.10001	-3.11E-11	282.518106	0.0999998	-1.03E-11	282.518106
-9.00001	-2.99E-11	282.541368	0.0999997	-1E-11	282.541368
-8.90001	-3.14E-11	282.564672	0.0999998	-9.8E-12	282.564672
-8.80001	-2.92E-11	282.58789	0.0999999	-1E-11	282.58789
-8.70001	-2.79E-11	282.611105	0.0999998	-1.02E-11	282.611105
-8.60001	-2.75E-11	282.63432	0.0999999	-1E-11	282.63432
-8.50001	-2.93E-11	282.657627	0.0999997	-1E-11	282.657627
-8.40001	-2.64E-11	282.680856	0.0999997	-1.01E-11	282.680856
-8.30001	-2.54E-11	282.704065	0.0999996	-1.02E-11	282.704065
-8.20001	-2.52E-11	282.727292	0.1	-1.01E-11	282.727292
-8.10001	-2.67E-11	282.750654	0.0999996	-9.9E-12	282.750654
-8.00001	-2.4E-11	282.773956	0.0999997	-1.04E-11	282.773956
-7.90001	-2.42E-11	282.797181	0.0999998	-1.02E-11	282.797181
-7.80001	-4.45E-11	282.856276	0.1	-8.5E-12	282.856276
-7.70001	-2.51E-11	282.879545	0.0999997	-1.04E-11	282.879545
-7.6	-2.54E-11	282.902837	0.0999997	-1.01E-11	282.902837
-7.50001	-2.56E-11	282.926133	0.0999997	-1.01E-11	282.926133
-7.40001	-2.23E-11	282.949485	0.0999997	-1.02E-11	282.949485
-7.30001	-2.48E-11	282.97282	0.1	-9.9E-12	282.97282
-7.2	-2.38E-11	282.996115	0.0999998	-1.02E-11	282.996115
-7.10001	-2.14E-11	283.01932	0.0999997	-1.06E-11	283.01932
-7.00001	-2.04E-11	283.042536	0.0999996	-1.04E-11	283.042536
-6.90001	-2.22E-11	283.065832	0.0999997	-1.03E-11	283.065832
-6.80001	-2.15E-11	283.089122	0.0999999	-1.05E-11	283.089122
-6.70001	-1.91E-11	283.112331	0.0999997	-1.04E-11	283.112331
-6.60001	-1.84E-11	283.135544	0.0999998	-1.06E-11	283.135544
-6.50001	-2.05E-11	283.158869	0.0999998	-1.02E-11	283.158869
-6.40001	-1.98E-11	283.18217	0.1	-1.05E-11	283.18217
-6.30001	-1.78E-11	283.205464	0.0999997	-1.03E-11	283.205464
-6.20001	-1.72E-11	283.228679	0.0999996	-1.06E-11	283.228679
-6.10001	-1.7E-11	283.251983	0.0999998	-1.02E-11	283.251983
-6.00001	-1.84E-11	283.275288	0.0999997	-1.03E-11	283.275288
-5.90001	-1.59E-11	283.298485	0.0999997	-1.05E-11	283.298485
-5.80001	-3.7E-11	283.357717	0.0999998	-8.8E-12	283.357717
-5.70001	-1.9E-11	283.381023	0.0999997	-1.05E-11	283.381023
-5.60001	-1.78E-11	283.404298	0.0999996	-1.01E-11	283.404298
-5.50001	-1.58E-11	283.427498	0.0999996	-1.07E-11	283.427498
-5.40001	-1.51E-11	283.450761	0.0999997	-1.06E-11	283.450761
-5.30001	-1.62E-11	283.474056	0.0999999	-1.06E-11	283.474056
-5.20001	-1.58E-11	283.497347	0.0999997	-1.06E-11	283.497347
-5.1	-1.38E-11	283.520558	0.0999997	-1.05E-11	283.520558
-5.00001	-1.35E-11	283.543826	0.0999998	-1.06E-11	283.543826
-4.90001	-1.4E-11	283.567119	0.0999998	-1.07E-11	283.567119
-4.80001	-1.44E-11	283.590415	0.0999998	-1.11E-11	283.590415
-4.7	-1.22E-11	283.613635	0.0999996	-1.1E-11	283.613635
-4.60001	-1.14E-11	283.636845	0.0999998	-1.11E-11	283.636845
-4.50001	-1.36E-11	283.660143	0.0999998	-1.1E-11	283.660143
-4.40001	-1.07E-11	283.683376	0.0999996	-1.11E-11	283.683376
-4.3	-1E-11	283.706587	0.0999997	-1.13E-11	283.706587
-4.20001	-9.3E-12	283.729798	0.0999997	-1.11E-11	283.729798
-4.10001	-1.09E-11	283.753142	0.0999998	-1.1E-11	283.753142
-4.00001	-1.13E-11	283.776485	0.0999997	-1.14E-11	283.776485
-3.90001	-8E-12	283.799703	0.0999999	-1.13E-11	283.799703
-3.80001	-2.98E-11	283.858978	0.0999999	-9.9E-12	283.858978
-3.70001	-1.08E-11	283.882308	0.0999996	-1.15E-11	283.882308
-3.60001	-1.03E-11	283.905601	0.0999997	-1.12E-11	283.905601
-3.50001	-7.5E-12	283.928803	0.0999998	-1.15E-11	283.928803
-3.40001	-6.8E-12	283.952089	0.0999998	-1.16E-11	283.952089
-3.30001	-7.7E-12	283.975394	0.1	-1.22E-11	283.975394
-3.20001	-7.6E-12	283.99868	0.0999998	-1.19E-11	283.99868
-3.10001	-4.5E-12	284.021883	0.0999997	-1.21E-11	284.021883
-3.00001	-3.7E-12	284.045089	0.0999996	-1.22E-11	284.045089
-2.90001	-5E-12	284.068387	0.0999997	-1.2E-11	284.068387
-2.80001	-4.1E-12	284.091683	0.0999996	-1.23E-11	284.091683
-2.70001	-1.8E-12	284.114893	0.0999997	-1.22E-11	284.114893
-2.60001	-9E-13	284.138099	0.0999997	-1.26E-11	284.138099
-2.50001	-2.2E-12	284.161388	0.0999996	-1.23E-11	284.161388
-2.40001	-3E-13	284.184619	0.0999996	-1.27E-11	284.184619
-2.30001	7E-13	284.207894	0.0999997	-1.26E-11	284.207894
-2.20001	-6E-13	284.231191	0.0999997	-1.27E-11	284.231191
-2.099999	-1.43E-11	284.256471	0.0999997	-1.14E-11	284.256471
-2	3E-12	284.279684	0.0999998	-1.27E-11	284.279684
-1.9	4E-12	284.3029	0.0999996	-1.31E-11	284.3029
-1.800001	-1.67E-11	284.360244	0.0999999	-1.12E-11	284.360244
-1.699999	1.9E-12	284.38355	0.0999998	-1.28E-11	284.38355
-1.6	3.1E-12	284.406839	0.0999999	-1.33E-11	284.406839
-1.5	4.2E-12	284.430123	0.0999998	-1.34E-11	284.430123
-1.4	5.6E-12	284.453467	0.0999997	-1.26E-11	284.453467
-1.3	7.2E-12	284.476761	0.0999998	-8.1E-12	284.476761
-1.2	9.6E-12	284.499982	0.0999996	2.05E-11	284.499982
-1.1	1.15E-11	284.5232	0.0999999	1.725E-10	284.5232
-1	1.11E-11	284.546533	0.1000002	8.203E-10	284.546533
-0.9	1.41E-11	284.569755	0.100001	3.2435E-09	284.569755
-0.8	1.55E-11	284.592965	0.1000036	1.0908E-08	284.592965
-0.7	1.73E-11	284.616168	0.1000074	3.12208E-08	284.616168
-0.599999	1.64E-11	284.639446	0.10001	7.61964E-08	284.639446
-0.500001	-1.1E-12	284.679067	0.1000002	1.55727E-07	284.679067
-0.400001	4.9E-12	284.703592	0.1000009	2.93121E-07	284.703592
-0.3	6.5E-12	284.728099	0.1000008	4.9021E-07	284.728099
-0.1999998	4.9E-12	284.754599	0.100001	7.4924E-07	284.754599
-0.1000001	4.9E-12	284.789132	0.1	1.06575E-06	284.789132
3E-07	1.08E-11	284.81362	0.1	1.44746E-06	284.81362
0.1000001	6.2E-12	284.868675	0.1	1.86638E-06	284.868675
0.2000001	1.35E-11	284.89318	0.0999998	2.34253E-06	284.89318
0.299999	1.58E-11	284.917931	0.1000001	2.85182E-06	284.917931
0.4	1.82E-11	284.942481	0.1	3.39056E-06	284.942481
0.5	2.07E-11	284.96707	0.1000001	3.95354E-06	284.96707
0.6	2.21E-11	284.991611	0.1000003	4.53643E-06	284.991611
0.7	2.43E-11	285.016101	0.1000001	5.13756E-06	285.016101
0.799999	2.62E-11	285.040656	0.1000002	5.75385E-06	285.040656
0.9	2.85E-11	285.065168	0.1	6.38418E-06	285.065168
1	2.99E-11	285.089722	0.1000002	7.0267E-06	285.089722
1.1	3.16E-11	285.114206	0.0999999	7.68065E-06	285.114206
1.2	3.34E-11	285.138735	0.0999999	8.34315E-06	285.138735
1.3	3.49E-11	285.163244	0.1000002	9.01368E-06	285.163244
1.399999	3.54E-11	285.187872	0.1000001	9.6912E-06	285.187872
1.5	3.66E-11	285.212446	0.1	1.0375E-05	285.212446
1.599999	3.29E-11	285.247161	0.0999999	1.10541E-05	285.247161
1.699999	3.84E-11	285.271772	0.1	1.17484E-05	285.271772
1.8	3.99E-11	285.296285	0.1000002	1.2446E-05	285.296285
1.899999	4.1E-11	285.320778	0.0999999	1.31471E-05	285.320778
1.999999	3.52E-11	285.367228	0.1	1.38434E-05	285.367228
2.099999	4.06E-11	285.391797	0.1	1.45522E-05	285.391797
2.19999	4.15E-11	285.416503	0.1	1.52593E-05	285.416503
2.29999	4.24E-11	285.441027	0.0999999	1.59711E-05	285.441027
2.39999	4.32E-11	285.465598	0.1000001	1.66851E-05	285.465598
2.49999	4.4E-11	285.490138	0.1	1.74016E-05	285.490138
2.59999	4.5E-11	285.514652	0.1	1.81197E-05	285.514652
2.69999	4.51E-11	285.539197	0.1	1.88386E-05	285.539197
2.79999	4.59E-11	285.563702	0.1000002	1.95599E-05	285.563702
2.89999	4.65E-11	285.588217	0.1000001	2.02826E-05	285.588217
2.99999	4.64E-11	285.61272	0.1	2.10068E-05	285.61272
3.09999	4.69E-11	285.637258	0.1000001	2.17328E-05	285.637258
3.19999	4.77E-11	285.661765	0.1000001	2.24597E-05	285.661765
3.29999	4.76E-11	285.68628	0.1000003	2.31877E-05	285.68628
3.39999	4.83E-11	285.710799	0.1000001	2.39172E-05	285.710799
3.49999	4.8E-11	285.735303	0.1000001	2.46478E-05	285.735303
3.59999	4.86E-11	285.759921	0.1000001	2.53795E-05	285.759921
3.69999	4.9E-11	285.784461	0.1000002	2.6113E-05	285.784461
3.79999	4.92E-11	285.809036	0.1000001	2.68479E-05	285.809036
3.89999	4.26E-11	285.865974	0.0999999	2.75731E-05	285.865974
3.99999	4.75E-11	285.890568	0.0999998	2.8313E-05	285.890568
4.09999	4.84E-11	285.915098	0.1000001	2.90524E-05	285.915098
4.19999	4.95E-11	285.939613	0.1000001	2.97926E-05	285.939613
4.29999	4.98E-11	285.964195	0.0999999	3.05341E-05	285.964195
4.39999	5E-11	285.98871	0.1	3.12758E-05	285.98871
4.49999	5.02E-11	286.013237	0.1	3.20186E-05	286.013237
4.59999	5.07E-11	286.037739	0.1	3.27627E-05	286.037739
4.69999	5.14E-11	286.062265	0.1000001	3.35086E-05	286.062265
4.79999	5.09E-11	286.086809	0.1000003	3.42556E-05	286.086809
4.89999	5.13E-11	286.111363	0.1000001	3.50035E-05	286.111363
4.99999	5.15E-11	286.135907	0.1000003	3.57532E-05	286.135907
5.09999	5.17E-11	286.160446	0.0999998	3.65043E-05	286.160446
5.19999	5.2E-11	286.185039	0.1	3.72563E-05	286.185039
5.29999	5.24E-11	286.209612	0.1000002	3.80091E-05	286.209612
5.39999	5.26E-11	286.234112	0.1000001	3.87641E-05	286.234112
5.49999	5.23E-11	286.25875	0.1000001	3.95202E-05	286.25875
5.59999	5.23E-11	286.283283	0.1000001	4.02784E-05	286.283283
5.69999	5.35E-11	286.307793	0.1000001	4.10372E-05	286.307793
5.79999	4.68E-11	286.363233	0.0999999	4.17888E-05	286.363233
5.89999	5.18E-11	286.387833	0.1	4.25534E-05	286.387833
5.99999	5.23E-11	286.412378	0.1	4.33174E-05	286.412378
6.09999	5.28E-11	286.436887	0.1000001	4.40825E-05	286.436887
6.19999	5.36E-11	286.46145	0.1	4.48491E-05	286.46145
6.29999	5.38E-11	286.485916	0.0999999	4.56162E-05	286.485916
6.39999	5.36E-11	286.510428	0.1000002	4.6385E-05	286.510428
6.49999	5.39E-11	286.534933	0.1	4.71551E-05	286.534933
6.59999	5.42E-11	286.559513	0.0999999	4.79271E-05	286.559513
6.69999	5.39E-11	286.584101	0.1000001	4.87005E-05	286.584101
6.79999	5.48E-11	286.608633	0.1000001	4.94746E-05	286.608633
6.89999	5.5E-11	286.633144	0.0999999	5.02497E-05	286.633144
6.99999	5.49E-11	286.657651	0.1000002	5.10271E-05	286.657651
7.09999	5.51E-11	286.682181	0.1000001	5.18059E-05	286.682181
7.19999	5.55E-11	286.706714	0.1000003	5.25862E-05	286.706714
7.29999	5.58E-11	286.731219	0.1000002	5.33675E-05	286.731219
7.39999	5.52E-11	286.755834	0.0999999	5.41501E-05	286.755834
7.49999	5.6E-11	286.780348	0.1000002	5.49343E-05	286.780348
7.59999	5.6E-11	286.804898	0.1000001	5.57195E-05	286.804898
7.69999	4.87E-11	286.862602	0.1000001	5.64954E-05	286.862602
7.79999	5.42E-11	286.887212	0.0999999	5.7287E-05	286.887212
7.89999	5.52E-11	286.911724	0.0999999	5.80784E-05	286.911724
7.99999	5.49E-11	286.93623	0.0999999	5.88702E-05	286.93623
8.09999	5.6E-11	286.960805	0.1	5.9664E-05	286.960805
8.19999	5.61E-11	286.98534	0.1000002	6.04589E-05	286.98534
8.29999	5.64E-11	287.009872	0.0999999	6.12542E-05	287.009872
8.39999	5.66E-11	287.034374	0.1	6.20519E-05	287.034374
8.49999	5.67E-11	287.0589	0.0999999	6.28506E-05	287.0589
8.59999	5.71E-11	287.083405	0.1	6.36498E-05	287.083405
8.69999	5.72E-11	287.107934	0.1	6.44511E-05	287.107934
8.79999	5.69E-11	287.132423	0.1000001	6.52534E-05	287.132423
8.89999	5.73E-11	287.156944	0.1	6.60571E-05	287.156944
8.99999	5.68E-11	287.181507	0.1	6.68622E-05	287.181507
9.09999	5.66E-11	287.206118	0.0999999	6.76688E-05	287.206118
9.19999	5.75E-11	287.230687	0.1000002	6.84775E-05	287.230687
9.29999	5.72E-11	287.255323	0.1000002	6.92848E-05	287.255323
9.39999	5.79E-11	287.279824	0.0999999	7.00973E-05	287.279824
9.49999	5.79E-11	287.304346	0.1	7.09106E-05	287.304346
9.59999	5.13E-11	287.353445	0.0999998	7.17185E-05	287.353445
9.69999	5.71E-11	287.378061	0.1000001	7.25368E-05	287.378061
9.79999	5.68E-11	287.402673	0.1	7.33555E-05	287.402673
9.89999	5.73E-11	287.427209	0.1	7.41747E-05	287.427209
9.99999	5.48E-11	287.453382	0.1000001	7.49932E-05	287.453382
9.9	4.43E-11	287.477949	0.0999998	7.41583E-05	287.477949
9.8	4.14E-11	287.502488	0.1	7.33295E-05	287.502488
9.7	3.9E-11	287.527009	0.1000003	7.25033E-05	287.527009
9.6	3.72E-11	287.551565	0.1000001	7.16794E-05	287.551565
9.5	3.58E-11	287.576114	0.1000001	7.08574E-05	287.576114
9.4	3.46E-11	287.600722	0.0999998	7.00376E-05	287.600722
9.3	3.37E-11	287.625254	0.1	6.92189E-05	287.625254
9.2	3.23E-11	287.649766	0.0999999	6.84016E-05	287.649766
9.1	3.12E-11	287.674543	0.1	6.75862E-05	287.674543
9	3.06E-11	287.699055	0.1	6.67724E-05	287.699055
8.9	2.97E-11	287.723586	0.0999999	6.59623E-05	287.723586
8.8	2.97E-11	287.74812	0.1	6.51504E-05	287.74812
8.7	2.87E-11	287.772632	0.1	6.43395E-05	287.772632
8.6	2.8E-11	287.797133	0.0999997	6.35296E-05	287.797133
8.5	2.73E-11	287.821726	0.0999999	6.27215E-05	287.821726
8.4	3.33E-11	287.875028	0.1	6.19183E-05	287.875028
8.3	2.79E-11	287.899689	0.0999999	6.11119E-05	287.899689
8.2	2.64E-11	287.92428	0.0999999	6.03083E-05	287.92428
8.1	2.57E-11	287.948782	0.1000001	5.95059E-05	287.948782
8	2.89E-11	287.974972	0.0999998	5.87058E-05	287.974972
7.9	2.49E-11	287.999518	0.0999998	5.79065E-05	287.999518
7.8	2.47E-11	288.024047	0.0999998	5.71092E-05	288.024047
7.7	2.4E-11	288.048586	0.1000002	5.63125E-05	288.048586
7.6	2.42E-11	288.073122	0.0999999	5.55177E-05	288.073122
7.5	2.38E-11	288.097644	0.0999999	5.47247E-05	288.097644
7.4	2.26E-11	288.122155	0.1000001	5.39328E-05	288.122155
7.3	2.29E-11	288.146678	0.1	5.31423E-05	288.146678
7.2	2.17E-11	288.171175	0.0999997	5.23525E-05	288.171175
7.1	2.18E-11	288.195717	0.1000001	5.15655E-05	288.195717
7	2.17E-11	288.220399	0.1000001	5.07782E-05	288.220399
6.9	2.08E-11	288.244985	0.0999999	4.99935E-05	288.244985
6.8	2.03E-11	288.26958	0.1	4.92101E-05	288.26958
6.7	2.04E-11	288.294131	0.1	4.8428E-05	288.294131
6.6	2.01E-11	288.318658	0.1	4.76469E-05	288.318658
6.5	2.61E-11	288.374076	0.0999998	4.68723E-05	288.374076
6.4	2.05E-11	288.398598	0.0999997	4.60939E-05	288.398598
6.3	2.01E-11	288.423263	0.1000001	4.53169E-05	288.423263
6.2	1.89E-11	288.447761	0.0999999	4.45412E-05	288.447761
6.1	1.85E-11	288.472329	0.1	4.37662E-05	288.472329
6	1.82E-11	288.496836	0.0999999	4.29945E-05	288.496836
5.9	1.77E-11	288.521356	0.1000001	4.22231E-05	288.521356
5.8	1.67E-11	288.545864	0.0999999	4.1453E-05	288.545864
5.7	1.71E-11	288.570553	0.0999999	4.06843E-05	288.570553
5.6	1.61E-11	288.595099	0.1000001	3.9918E-05	288.595099
5.5	1.58E-11	288.619641	0.0999997	3.91514E-05	288.619641
5.4	1.53E-11	288.644188	0.0999998	3.83874E-05	288.644188
5.3	1.52E-11	288.66871	0.0999998	3.76252E-05	288.66871
5.2	1.49E-11	288.693273	0.0999999	3.68642E-05	288.693273
5.1	1.49E-11	288.717827	0.1	3.61038E-05	288.717827
5	1.41E-11	288.742349	0.1	3.53454E-05	288.742349
4.9	1.33E-11	288.766949	0.1000003	3.45884E-05	288.766949
4.8	1.33E-11	288.791464	0.1	3.38336E-05	288.791464
4.7	1.18E-11	288.815977	0.1000001	3.30794E-05	288.815977
4.6	1.86E-11	288.874819	0.0999999	3.23326E-05	288.874819
4.5	1.37E-11	288.899427	0.0999999	3.15801E-05	288.899427
4.4	1.22E-11	288.923937	0.0999999	3.083E-05	288.923937
4.3	1.15E-11	288.948458	0.0999999	3.0082E-05	288.948458
4.2	1.09E-11	288.97306	0.0999999	2.93352E-05	288.97306
4.1	1.04E-11	288.997606	0.0999999	2.85903E-05	288.997606
4	9.7E-12	289.022121	0.0999999	2.78462E-05	289.022121
3.9	9.1E-12	289.046684	0.0999998	2.71045E-05	289.046684
3.8	8.1E-12	289.07119	0.1	2.6364E-05	289.07119
3.7	7.9E-12	289.095692	0.1000001	2.56255E-05	289.095692
3.6	7.2E-12	289.12021	0.1	2.4889E-05	289.12021
3.5	6.5E-12	289.144721	0.0999998	2.41536E-05	289.144721
3.4	6.3E-12	289.169221	0.0999999	2.34194E-05	289.169221
3.3	5.2E-12	289.193762	0.1	2.26873E-05	289.193762
3.2	5.3E-12	289.21829	0.0999997	2.19572E-05	289.21829
3.1	4.3E-12	289.242883	0.0999998	2.12293E-05	289.242883
3	2.8E-12	289.267502	0.1000002	2.05031E-05	289.267502
2.9	2.2E-12	289.291994	0.1000001	1.97779E-05	289.291994
2.8	2E-12	289.316557	0.0999999	1.90558E-05	289.316557
2.7	8.1E-12	289.376471	0.0999999	1.83398E-05	289.376471
2.6	2.1E-12	289.401	0.1	1.76201E-05	289.401
2.5	8E-13	289.425511	0.1000001	1.69031E-05	289.425511
2.4	-3E-13	289.450054	0.1	1.61885E-05	289.450054
2.3	-1.7E-12	289.474624	0.0999997	1.54766E-05	289.474624
2.2	-2.7E-12	289.499125	0.1	1.47676E-05	289.499125
2.099999	0	289.525529	0.1	1.40631E-05	289.525529
2	-4.5E-12	289.55008	0.0999999	1.33591E-05	289.55008
1.9	-5.7E-12	289.574641	0.0999999	1.26592E-05	289.574641
1.8	-6.9E-12	289.599192	0.0999998	1.19626E-05	289.599192
1.7	-7.7E-12	289.623718	0.0999999	1.127E-05	289.623718
1.6	-9.4E-12	289.648234	0.1	1.05821E-05	289.648234
1.5	-1.06E-11	289.672779	0.1	9.8991E-06	289.672779
1.4	-1.19E-11	289.697306	0.1000001	9.2218E-06	289.697306
1.3	-9.5E-12	289.724436	0.0999999	8.55665E-06	289.724436
1.2	-1.47E-11	289.748959	0.0999999	7.89336E-06	289.748959
1.1	-1.59E-11	289.773536	0.1	7.23976E-06	289.773536
1	-1.79E-11	289.798101	0.1	6.59702E-06	289.798101
0.9	-1.95E-11	289.822728	0.0999999	5.96629E-06	289.822728
0.8	-1.6E-11	289.873865	0.0999999	5.35514E-06	289.873865
0.7	-2.19E-11	289.898397	0.0999998	4.75152E-06	289.898397
0.6	-2.47E-11	289.922914	0.1	4.16672E-06	289.922914
0.5	-2.7E-11	289.947434	0.1	3.60069E-06	289.947434
0.4	-2.88E-11	289.971998	0.1	3.05801E-06	289.971998
0.3	-3.14E-11	289.996554	0.0999998	2.54258E-06	289.996554
0.1999998	-3.04E-11	290.022947	0.0999998	2.06075E-06	290.022947
0.0999998	-3.58E-11	290.047476	0.1	1.61678E-06	290.047476
-4E-07	-3.86E-11	290.07196	0.0999996	1.21859E-06	290.07196
#scan	iMeasureCycle=3	iMux=0	time=319.838	N=401	LocalTime=19/04/2023 14:42:57
#VGate(V)	IGate(A)	time(s)	VDrain(V)	IDrain(A)	time(s)
-1E-07	-1.61E-11	319.845643	0.0999999	1.32047E-06	319.845643
-0.1000004	-2.48E-11	319.870521	0.1	9.5046E-07	319.870521
-0.2	-2.45E-11	319.899296	0.0999996	6.45197E-07	319.899296
-0.3	-3.2E-11	319.924003	0.0999994	4.03218E-07	319.924003
-0.4	-3.48E-11	319.948575	0.0999998	2.28276E-07	319.948575
-0.5	-3.72E-11	319.973077	0.0999997	1.14138E-07	319.973077
-0.6	-3.38E-11	320.010768	0.0999945	5.02764E-08	320.010768
-0.700001	-5.4E-11	320.034051	0.1000038	1.81301E-08	320.034051
-0.800001	-5.78E-11	320.057236	0.1000021	5.5523E-09	320.057236
-0.900001	-5.95E-11	320.080437	0.1000006	1.4566E-09	320.080437
-1.000001	-6.09E-11	320.103631	0.1000003	3.237E-10	320.103631
-1.100001	-6.04E-11	320.126922	0.1000002	5.57E-11	320.126922
-1.200001	-6.12E-11	320.150208	0.1000001	8E-13	320.150208
-1.300001	-6.41E-11	320.173421	0.1	-6.9E-12	320.173421
-1.400001	-6.53E-11	320.196623	0.0999999	-8.1E-12	320.196623
-1.500001	-6.41E-11	320.219925	0.1000002	-8.2E-12	320.219925
-1.600001	-6.47E-11	320.243219	0.1000001	-8.3E-12	320.243219
-1.7	-6.78E-11	320.266421	0.1000002	-8.2E-12	320.266421
-1.800001	-6.64E-11	320.289768	0.1000002	-8.4E-12	320.289768
-1.900001	-6.74E-11	320.313127	0.1000002	-8.8E-12	320.313127
-2.000001	-6.98E-11	320.336342	0.1000001	-8.3E-12	320.336342
-2.100001	-7.03E-11	320.359615	0.1000002	-8.4E-12	320.359615
-2.2	-4.87E-11	320.413587	0.0999998	-9.6E-12	320.413587
-2.3	-6.9E-11	320.436826	0.1000001	-8E-12	320.436826
-2.4	-6.81E-11	320.460118	0.1000001	-8.1E-12	320.460118
-2.5	-6.89E-11	320.483394	0.1000003	-8.1E-12	320.483394
-2.6	-7.15E-11	320.506667	0.1	-7.9E-12	320.506667
-2.7	-7.22E-11	320.529886	0.0999999	-7.7E-12	320.529886
-2.8	-7.09E-11	320.55318	0.1000001	-7.9E-12	320.55318
-2.9	-7.1E-11	320.576491	0.1	-8E-12	320.576491
-3	-7.32E-11	320.599698	0.1000001	-7.9E-12	320.599698
-3.1	-7.17E-11	320.623034	0.1000002	-8.1E-12	320.623034
-3.2	-7.22E-11	320.64631	0.1000002	-7.6E-12	320.64631
-3.3	-7.31E-11	320.669581	0.1000004	-8.2E-12	320.669581
-3.4	-7.48E-11	320.692773	0.1	-7.6E-12	320.692773
-3.5	-7.56E-11	320.71598	0.1000003	-7.2E-12	320.71598
-3.6	-7.41E-11	320.739287	0.1000001	-7.5E-12	320.739287
-3.7	-7.44E-11	320.762563	0.1000001	-7.8E-12	320.762563
-3.8	-7.64E-11	320.785773	0.1	-7.4E-12	320.785773
-3.9	-7.66E-11	320.809057	0.1	-7.6E-12	320.809057
-4	-7.72E-11	320.832281	0.1000003	-7.6E-12	320.832281
-4.1	-7.46E-11	320.855607	0.1000001	-7.5E-12	320.855607
-4.2	-5.6E-11	320.909328	0.1	-9E-12	320.909328
-4.3	-7.46E-11	320.932635	0.1000002	-7.3E-12	320.932635
-4.4	-7.7E-11	320.955909	0.1000002	-7.4E-12	320.955909
-4.5	-7.76E-11	320.979143	0.1000001	-7.1E-12	320.979143
-4.6	-7.64E-11	321.002485	0.1000002	-7.2E-12	321.002485
-4.7	-7.66E-11	321.025791	0.1000003	-7.3E-12	321.025791
-4.8	-7.85E-11	321.048992	0.1000001	-7E-12	321.048992
-4.9	-7.87E-11	321.072195	0.1000002	-7.2E-12	321.072195
-5	-7.74E-11	321.095479	0.1000002	-7.3E-12	321.095479
-5.1	-7.76E-11	321.118776	0.1000001	-7E-12	321.118776
-5.2	-7.99E-11	321.141984	0.1000001	-6.8E-12	321.141984
-5.3	-7.99E-11	321.165193	0.1	-6.7E-12	321.165193
-5.4	-7.84E-11	321.188478	0.1000001	-7.1E-12	321.188478
-5.5	-7.92E-11	321.211765	0.1000001	-6.7E-12	321.211765
-5.6	-8.11E-11	321.235001	0.1000001	-6.7E-12	321.235001
-5.7	-8.15E-11	321.258208	0.1000001	-6.5E-12	321.258208
-5.8	-8.04E-11	321.281462	0.1000001	-6.7E-12	321.281462
-5.9	-8.16E-11	321.304765	0.1000002	-6.7E-12	321.304765
-6	-8.19E-11	321.327977	0.1000001	-6.4E-12	321.327977
-6.1	-8.17E-11	321.351182	0.1000001	-6.6E-12	321.351182
-6.2	-6.1E-11	321.406554	0.1	-8.5E-12	321.406554
-6.3	-7.88E-11	321.429865	0.1000001	-7.1E-12	321.429865
-6.4	-8.07E-11	321.453086	0.1000002	-6.4E-12	321.453086
-6.5	-8.2E-11	321.476303	0.1000001	-6.6E-12	321.476303
-6.6	-8E-11	321.49965	0.1000002	-6.7E-12	321.49965
-6.7	-8.06E-11	321.52296	0.0999999	-6.6E-12	321.52296
-6.8	-8.29E-11	321.546182	0.1000002	-6.5E-12	321.546182
-6.9	-8.27E-11	321.569414	0.1000002	-6.6E-12	321.569414
-7	-8.15E-11	321.592703	0.1000001	-6.5E-12	321.592703
-7.1	-8.2E-11	321.615968	0.1000002	-6.6E-12	321.615968
-7.2	-8.35E-11	321.639204	0.1000001	-6.4E-12	321.639204
-7.3	-8.38E-11	321.662422	0.1000003	-6.8E-12	321.662422
-7.4	-8.23E-11	321.6857	0.1000002	-6.9E-12	321.6857
-7.5	-8.15E-11	321.709027	0.1000002	-6.8E-12	321.709027
-7.6	-8.49E-11	321.732264	0.1000002	-6.7E-12	321.732264
-7.7	-8.28E-11	321.755556	0.1000001	-6.6E-12	321.755556
-7.8	-8.3E-11	321.778842	0.1000001	-6.9E-12	321.778842
-7.9	-8.5E-11	321.802165	0.1000001	-6.5E-12	321.802165
-8	-8.46E-11	321.82538	0.1000002	-6.4E-12	321.82538
-8.1	-8.33E-11	321.848756	0.1000001	-6.7E-12	321.848756
-8.2	-8.35E-11	321.872049	0.1000002	-6.8E-12	321.872049
-8.3	-6.49E-11	321.912131	0.0999999	-8.1E-12	321.912131
-8.4	-8.4E-11	321.93541	0.1000001	-6.6E-12	321.93541
-8.5	-8.49E-11	321.958671	0.1000001	-6.8E-12	321.958671
-8.6	-8.34E-11	321.981967	0.1	-6.4E-12	321.981967
-8.7	-8.52E-11	322.005243	0.1000002	-6.4E-12	322.005243
-8.8	-8.52E-11	322.028475	0.1000001	-6.7E-12	322.028475
-8.9	-8.58E-11	322.051694	0.1000003	-6.5E-12	322.051694
-9	-8.48E-11	322.074974	0.1000001	-6.5E-12	322.074974
-9.1	-8.44E-11	322.098267	0.1	-6.6E-12	322.098267
-9.2	-8.61E-11	322.121559	0.1000001	-6.5E-12	322.121559
-9.3	-8.44E-11	322.144857	0.1000001	-6.5E-12	322.144857
-9.4	-8.53E-11	322.168133	0.1000001	-6.6E-12	322.168133
-9.5	-8.71E-11	322.191357	0.1000003	-6.6E-12	322.191357
-9.6	-8.76E-11	322.214562	0.1000001	-5.9E-12	322.214562
-9.7	-8.58E-11	322.23788	0.1000002	-6.6E-12	322.23788
-9.8	-8.78E-11	322.261105	0.1000001	-6E-12	322.261105
-9.9	-8.7E-11	322.284344	0.1000001	-6.3E-12	322.284344
-10	-8.77E-11	322.307651	0.0999999	-5.8E-12	322.307651
-9.90001	-4.71E-11	322.330954	0.0999998	-9.4E-12	322.330954
-9.80001	-4.37E-11	322.354252	0.0999997	-9.6E-12	322.354252
-9.70001	-5.81E-11	322.413608	0.0999998	-8E-12	322.413608
-9.60001	-3.76E-11	322.436874	0.0999996	-1E-11	322.436874
-9.50001	-3.7E-11	322.460166	0.0999998	-9.5E-12	322.460166
-9.40001	-3.61E-11	322.483451	0.0999997	-9.7E-12	322.483451
-9.30001	-3.29E-11	322.506726	0.0999998	-1E-11	322.506726
-9.20001	-3.37E-11	322.530016	0.0999996	-1.01E-11	322.530016
-9.10001	-3.33E-11	322.553313	0.0999997	-1.02E-11	322.553313
-9.00001	-3.14E-11	322.576536	0.0999997	-1.03E-11	322.576536
-8.90001	-2.99E-11	322.599746	0.0999997	-1.02E-11	322.599746
-8.80001	-2.9E-11	322.623015	0.0999994	-1E-11	322.623015
-8.70001	-3.02E-11	322.646318	0.0999999	-9.6E-12	322.646318
-8.60001	-2.75E-11	322.669516	0.0999997	-1.01E-11	322.669516
-8.50001	-2.75E-11	322.692735	0.0999997	-1.03E-11	322.692735
-8.40001	-2.68E-11	322.715957	0.0999997	-1.02E-11	322.715957
-8.30001	-2.77E-11	322.739276	0.0999997	-1.01E-11	322.739276
-8.20001	-2.7E-11	322.76256	0.0999999	-1E-11	322.76256
-8.10001	-2.54E-11	322.785773	0.0999999	-1.01E-11	322.785773
-8	-2.63E-11	322.809149	0.0999997	-1.02E-11	322.809149
-7.90001	-2.63E-11	322.832437	0.0999998	-1E-11	322.832437
-7.80001	-2.37E-11	322.855655	0.0999996	-1.03E-11	322.855655
-7.70001	-4.43E-11	322.914571	0.0999998	-8.7E-12	322.914571
-7.6	-2.5E-11	322.937824	0.0999997	-1.05E-11	322.937824
-7.50001	-2.32E-11	322.9611	0.0999997	-1.1E-11	322.9611
-7.40001	-2.43E-11	322.984399	0.0999997	-1.12E-11	322.984399
-7.30001	-2.42E-11	323.007752	0.0999996	-1.06E-11	323.007752
-7.2	-2.14E-11	323.031053	0.0999998	-1.07E-11	323.031053
-7.10001	-2.12E-11	323.054269	0.0999998	-1.05E-11	323.054269
-7.00001	-2.25E-11	323.077551	0.0999997	-1.03E-11	323.077551
-6.90001	-2.02E-11	323.100765	0.0999997	-1.03E-11	323.100765
-6.80001	-1.96E-11	323.12398	0.0999997	-1.04E-11	323.12398
-6.70001	-2.11E-11	323.147273	0.0999997	-1.03E-11	323.147273
-6.60001	-2.1E-11	323.170553	0.0999997	-1.02E-11	323.170553
-6.50001	-1.91E-11	323.193764	0.0999996	-1.02E-11	323.193764
-6.40001	-1.81E-11	323.21698	0.0999996	-1.05E-11	323.21698
-6.30001	-1.71E-11	323.240208	0.0999997	-1.08E-11	323.240208
-6.20001	-1.96E-11	323.263545	0.0999996	-1.04E-11	323.263545
-6.10001	-1.75E-11	323.286756	0.0999997	-1.06E-11	323.286756
-6.00001	-1.68E-11	323.310052	0.0999998	-1.08E-11	323.310052
-5.90001	-1.68E-11	323.333268	0.0999997	-1.1E-11	323.333268
-5.80001	-1.77E-11	323.356567	0.0999999	-1.08E-11	323.356567
-5.70001	-3.7E-11	323.416025	0.0999999	-8.9E-12	323.416025
-5.60001	-1.73E-11	323.439337	0.0999997	-1.09E-11	323.439337
-5.50001	-1.75E-11	323.462632	0.0999997	-1.1E-11	323.462632
-5.40001	-1.78E-11	323.485921	0.0999998	-1.06E-11	323.485921
-5.30001	-1.52E-11	323.509202	0.0999997	-1.08E-11	323.509202
-5.20001	-1.61E-11	323.532508	0.0999998	-1.08E-11	323.532508
-5.1	-1.52E-11	323.555797	0.0999997	-1.08E-11	323.555797
-5.00001	-1.34E-11	323.579003	0.0999997	-1.08E-11	323.579003
-4.90001	-1.26E-11	323.602208	0.0999997	-1.1E-11	323.602208
-4.80001	-1.19E-11	323.625472	0.0999996	-1.17E-11	323.625472
-4.7	-1.35E-11	323.648763	0.0999997	-1.13E-11	323.648763
-4.60001	-1.12E-11	323.671977	0.1	-1.15E-11	323.671977
-4.50001	-1.12E-11	323.69519	0.0999996	-1.12E-11	323.69519
-4.40001	-1.07E-11	323.718402	0.0999995	-1.16E-11	323.718402
-4.3	-1.25E-11	323.74172	0.0999998	-1.08E-11	323.74172
-4.20001	-1.16E-11	323.765024	0.0999996	-1.12E-11	323.765024
-4.10001	-9.5E-12	323.788226	0.0999998	-1.09E-11	323.788226
-4.00001	-8.7E-12	323.811492	0.0999996	-1.08E-11	323.811492
-3.90001	-1.01E-11	323.834775	0.0999997	-1.09E-11	323.834775
-3.80001	-7.7E-12	323.858067	0.0999996	-1.12E-11	323.858067
-3.70001	-2.88E-11	323.91743	0.1	-9.7E-12	323.91743
-3.60001	-8.4E-12	323.940737	0.0999996	-1.15E-11	323.940737
-3.50001	-9.6E-12	323.964084	0.0999999	-1.16E-11	323.964084
-3.40001	-6.9E-12	323.987287	0.0999996	-1.16E-11	323.987287
-3.30001	-6.1E-12	324.010554	0.0999997	-1.16E-11	324.010554
-3.20001	-4.9E-12	324.03377	0.0999998	-1.2E-11	324.03377
-3.10001	-6.4E-12	324.057063	0.0999996	-1.16E-11	324.057063
-3.00001	-4E-12	324.080265	0.0999997	-1.18E-11	324.080265
-2.90001	-3.4E-12	324.103478	0.0999997	-1.18E-11	324.103478
-2.80001	-2.6E-12	324.12669	0.0999998	-1.16E-11	324.12669
-2.70001	-3.5E-12	324.149981	0.0999997	-1.16E-11	324.149981
-2.60001	-3.3E-12	324.173277	0.0999996	-1.17E-11	324.173277
-2.50001	-2E-13	324.196474	0.0999999	-1.21E-11	324.196474
-2.40001	-1.6E-12	324.219765	0.0999995	-1.16E-11	324.219765
-2.30001	8E-13	324.243002	0.0999997	-1.18E-11	324.243002
-2.20001	1.3E-12	324.266252	0.0999996	-1.23E-11	324.266252
-2.099999	-1.47E-11	324.291446	0.0999998	-1.06E-11	324.291446
-2	2E-12	324.314769	0.0999996	-1.21E-11	324.314769
-1.9	2.1E-12	324.33806	0.0999997	-1.2E-11	324.33806
-1.8	4.5E-12	324.361265	0.0999997	-1.21E-11	324.361265
-1.700001	-1.59E-11	324.418905	0.0999999	-1.09E-11	324.418905
-1.599999	3E-12	324.442209	0.0999995	-1.26E-11	324.442209
-1.5	4.1E-12	324.465509	0.0999995	-1.24E-11	324.465509
-1.4	5.7E-12	324.488792	0.0999996	-1.18E-11	324.488792
-1.3	9E-12	324.512054	0.0999998	-9E-12	324.512054
-1.2	1E-11	324.535274	0.0999998	1.62E-11	324.535274
-1.1	9E-12	324.558578	0.0999999	1.452E-10	324.558578
-1	1.22E-11	324.581787	0.1000003	7.063E-10	324.581787
-0.9	1.37E-11	324.60499	0.100001	2.8114E-09	324.60499
-0.799999	1.38E-11	324.628324	0.1000034	9.5756E-09	324.628324
-0.7	1.65E-11	324.651536	0.1000055	2.78725E-08	324.651536
-0.599999	1.83E-11	324.674744	0.1000087	6.91609E-08	324.674744
-0.500001	-1.8E-12	324.714189	0.1000002	1.43614E-07	324.714189
-0.400001	4.3E-12	324.738723	0.1000006	2.73901E-07	324.738723
-0.3	6.3E-12	324.763221	0.1000008	4.62954E-07	324.763221
-0.1999998	4.8E-12	324.789616	0.100001	7.13951E-07	324.789616
-0.0999997	9.8E-12	324.8142	0.1000009	1.028536E-06	324.8142
0	6E-12	324.848742	0.1	1.39353E-06	324.848742
0.1000004	1.25E-11	324.873235	0.0999999	1.81825E-06	324.873235
0.2	8.1E-12	324.927055	0.1	2.27319E-06	324.927055
0.299999	1.52E-11	324.951795	0.1000004	2.78011E-06	324.951795
0.4	1.72E-11	324.97636	0.1	3.31457E-06	324.97636
0.5	1.94E-11	325.000885	0.1000001	3.87353E-06	325.000885
0.6	2.17E-11	325.025475	0.1	4.4535E-06	325.025475
0.7	2.33E-11	325.05006	0.0999999	5.05069E-06	325.05006
0.8	2.56E-11	325.074573	0.1000001	5.66423E-06	325.074573
0.899999	2.75E-11	325.099085	0.1000001	6.29209E-06	325.099085
0.999999	2.9E-11	325.123582	0.1000001	6.93245E-06	325.123582
1.1	3.1E-11	325.148135	0.1000002	7.58389E-06	325.148135
1.2	3.29E-11	325.172633	0.1	8.24523E-06	325.172633
1.3	3.43E-11	325.197145	0.1000001	8.91507E-06	325.197145
1.4	3.59E-11	325.221667	0.1000001	9.591E-06	325.221667
1.5	3.69E-11	325.246217	0.1000001	1.027325E-05	325.246217
1.599999	3.29E-11	325.280844	0.1	1.09518E-05	325.280844
1.699999	3.84E-11	325.305403	0.0999999	1.1646E-05	325.305403
1.8	3.95E-11	325.330003	0.1000002	1.23429E-05	325.330003
1.9	4.07E-11	325.354492	0.1000001	1.30428E-05	325.354492
2	4.14E-11	325.379103	0.1	1.37457E-05	325.379103
2.099999	3.53E-11	325.425992	0.0999999	1.44446E-05	325.425992
2.19999	4.1E-11	325.450721	0.1	1.51531E-05	325.450721
2.29999	4.18E-11	325.475243	0.1000002	1.5865E-05	325.475243
2.39999	4.29E-11	325.499867	0.0999999	1.65787E-05	325.499867
2.49999	4.36E-11	325.52445	0.1000001	1.72948E-05	325.52445
2.59999	4.47E-11	325.54895	0.1000001	1.80121E-05	325.54895
2.69999	4.45E-11	325.573578	0.1	1.87324E-05	325.573578
2.79999	4.52E-11	325.598075	0.1	1.94534E-05	325.598075
2.89999	4.56E-11	325.62262	0.1000002	2.01768E-05	325.62262
2.99999	4.59E-11	325.647209	0.0999998	2.09016E-05	325.647209
3.09999	4.64E-11	325.671795	0.1	2.16283E-05	325.671795
3.19999	4.66E-11	325.696299	0.1000001	2.23559E-05	325.696299
3.29999	4.71E-11	325.720833	0.0999999	2.30852E-05	325.720833
3.39999	4.79E-11	325.745388	0.1	2.38161E-05	325.745388
3.49999	4.75E-11	325.769895	0.1	2.45482E-05	325.769895
3.59999	4.82E-11	325.794404	0.1000001	2.52818E-05	325.794404
3.69999	4.82E-11	325.819002	0.1	2.60166E-05	325.819002
3.79999	4.92E-11	325.843555	0.1000001	2.67519E-05	325.843555
3.89999	4.96E-11	325.868138	0.1	2.74889E-05	325.868138
3.99999	4.32E-11	325.920357	0.1000001	2.82193E-05	325.920357
4.09999	4.8E-11	325.944894	0.1000001	2.89616E-05	325.944894
4.19999	4.91E-11	325.969454	0.1000001	2.97035E-05	325.969454
4.29999	4.89E-11	325.994025	0.1000001	3.04457E-05	325.994025
4.39999	4.96E-11	326.018627	0.1	3.1189E-05	326.018627
4.49999	5E-11	326.043136	0.1	3.19336E-05	326.043136
4.59999	5.07E-11	326.067672	0.0999999	3.26796E-05	326.067672
4.69999	5.08E-11	326.092189	0.1000001	3.34255E-05	326.092189
4.79999	5.09E-11	326.116746	0.1000002	3.41732E-05	326.116746
4.89999	5.16E-11	326.141249	0.0999999	3.49231E-05	326.141249
4.99999	5.17E-11	326.165918	0.1	3.56729E-05	326.165918
5.09999	5.2E-11	326.190436	0.1	3.64241E-05	326.190436
5.19999	5.27E-11	326.214945	0.1	3.71765E-05	326.214945
5.29999	5.23E-11	326.239506	0.1000001	3.79312E-05	326.239506
5.39999	5.23E-11	326.2641	0.1000001	3.86862E-05	326.2641
5.49999	5.24E-11	326.288615	0.1	3.94427E-05	326.288615
5.59999	5.26E-11	326.313247	0.1000001	4.02007E-05	326.313247
5.69999	5.3E-11	326.337791	0.1000003	4.09608E-05	326.337791
5.79999	5.31E-11	326.362359	0.1000002	4.17208E-05	326.362359
5.89999	4.6E-11	326.424225	0.1000001	4.24693E-05	326.424225
5.99999	5.16E-11	326.448784	0.1	4.32372E-05	326.448784
6.09999	5.2E-11	326.473359	0.1000001	4.40043E-05	326.473359
6.19999	5.27E-11	326.49787	0.0999999	4.47715E-05	326.49787
6.29999	5.26E-11	326.522467	0.0999999	4.55396E-05	326.522467
6.39999	5.33E-11	326.547013	0.0999998	4.63095E-05	326.547013
6.49999	5.37E-11	326.571546	0.1000001	4.70799E-05	326.571546
6.59999	5.33E-11	326.596053	0.0999999	4.78513E-05	326.596053
6.69999	5.38E-11	326.620551	0.1000001	4.86248E-05	326.620551
6.79999	5.36E-11	326.64513	0.1	4.9399E-05	326.64513
6.89999	5.45E-11	326.66967	0.1	5.01761E-05	326.66967
6.99999	5.44E-11	326.694226	0.1000001	5.09528E-05	326.694226
7.09999	5.44E-11	326.718737	0.1000001	5.17311E-05	326.718737
7.19999	5.43E-11	326.743287	0.1000002	5.25119E-05	326.743287
7.29999	5.49E-11	326.767787	0.1	5.32939E-05	326.767787
7.39999	5.5E-11	326.792346	0.1000001	5.4076E-05	326.792346
7.49999	5.57E-11	326.816948	0.1	5.48604E-05	326.816948
7.59999	5.5E-11	326.84147	0.1000002	5.56461E-05	326.84147
7.69999	5.5E-11	326.865981	0.1000001	5.64339E-05	326.865981
7.79999	4.88E-11	326.927795	0.0999999	5.72121E-05	326.927795
7.89999	5.34E-11	326.95231	0.0999998	5.80052E-05	326.95231
7.99999	5.44E-11	326.976905	0.0999998	5.87984E-05	326.976905
8.09999	5.49E-11	327.001466	0.0999999	5.95914E-05	327.001466
8.19999	5.5E-11	327.026026	0.1	6.0386E-05	327.026026
8.29999	5.56E-11	327.050564	0.1	6.11818E-05	327.050564
8.39999	5.6E-11	327.075153	0.1000002	6.19799E-05	327.075153
8.49999	5.62E-11	327.099681	0.1	6.2779E-05	327.099681
8.59999	5.65E-11	327.124205	0.1	6.35792E-05	327.124205
8.69999	5.62E-11	327.148733	0.1000001	6.43802E-05	327.148733
8.79999	5.65E-11	327.173237	0.0999999	6.51828E-05	327.173237
8.89999	5.66E-11	327.197791	0.0999999	6.59868E-05	327.197791
8.99999	5.64E-11	327.222298	0.1	6.6792E-05	327.222298
9.09999	5.69E-11	327.246822	0.1	6.75987E-05	327.246822
9.19999	5.63E-11	327.271354	0.1000003	6.84083E-05	327.271354
9.29999	5.59E-11	327.296115	0.1000003	6.92147E-05	327.296115
9.39999	5.75E-11	327.320729	0.0999998	7.0027E-05	327.320729
9.49999	5.71E-11	327.345266	0.1000001	7.08419E-05	327.345266
9.59999	5.74E-11	327.369796	0.1000001	7.16565E-05	327.369796
9.69999	5.13E-11	327.425057	0.1	7.24653E-05	327.425057
9.79999	5.61E-11	327.449589	0.1000003	7.32843E-05	327.449589
9.89999	5.65E-11	327.474098	0.1	7.41039E-05	327.474098
9.99999	5.7E-11	327.49864	0.0999998	7.4924E-05	327.49864
9.9	4.39E-11	327.523226	0.1	7.4089E-05	327.523226
9.8	4.1E-11	327.547899	0.0999999	7.32596E-05	327.547899
9.7	3.9E-11	327.572402	0.1000002	7.24337E-05	327.572402
9.6	3.66E-11	327.596927	0.1	7.16091E-05	327.596927
9.5	3.48E-11	327.621445	0.1000001	7.07874E-05	327.621445
9.4	3.42E-11	327.646032	0.1000001	6.99676E-05	327.646032
9.3	3.3E-11	327.670535	0.0999998	6.91496E-05	327.670535
9.2	3.19E-11	327.695076	0.1000001	6.83327E-05	327.695076
9.1	3.12E-11	327.719591	0.1	6.75165E-05	327.719591
9	3.04E-11	327.744122	0.0999999	6.67027E-05	327.744122
8.9	2.99E-11	327.768624	0.0999999	6.58933E-05	327.768624
8.8	2.93E-11	327.793214	0.1000002	6.50809E-05	327.793214
8.7	2.85E-11	327.817812	0.1000001	6.427E-05	327.817812
8.6	2.76E-11	327.842396	0.1	6.34606E-05	327.842396
8.5	2.73E-11	327.867005	0.1000001	6.26523E-05	327.867005
8.4	3.4E-11	327.924664	0.1000001	6.185E-05	327.924664
8.3	2.78E-11	327.949253	0.1000002	6.10437E-05	327.949253
8.2	2.66E-11	327.973821	0.1	6.02394E-05	327.973821
8.1	2.58E-11	327.998362	0.1	5.94372E-05	327.998362
8	2.58E-11	328.022916	0.1	5.86369E-05	328.022916
7.9	2.51E-11	328.047456	0.0999999	5.78369E-05	328.047456
7.8	2.39E-11	328.071967	0.0999999	5.70399E-05	328.071967
7.7	2.38E-11	328.096541	0.0999999	5.62434E-05	328.096541
7.6	2.38E-11	328.121097	0.1000001	5.54486E-05	328.121097
7.5	2.32E-11	328.145634	0.1	5.46553E-05	328.145634
7.4	2.29E-11	328.170159	0.0999999	5.38629E-05	328.170159
7.3	2.23E-11	328.194707	0.0999998	5.30723E-05	328.194707
7.2	2.19E-11	328.219321	0.1	5.22843E-05	328.219321
7.1	2.09E-11	328.243877	0.1000001	5.14957E-05	328.243877
7	2.15E-11	328.268528	0.1000001	5.07088E-05	328.268528
6.9	2.04E-11	328.293077	0.1	4.99242E-05	328.293077
6.8	1.96E-11	328.317622	0.0999999	4.91409E-05	328.317622
6.7	1.96E-11	328.342141	0.1	4.83581E-05	328.342141
6.6	1.94E-11	328.36666	0.1000001	4.75773E-05	328.36666
6.5	2.73E-11	328.425575	0.1	4.68036E-05	328.425575
6.4	2.05E-11	328.450135	0.0999997	4.60235E-05	328.450135
6.3	2.01E-11	328.474696	0.0999998	4.52473E-05	328.474696
6.2	1.9E-11	328.499209	0.1	4.44717E-05	328.499209
6.1	1.84E-11	328.523809	0.0999998	4.36971E-05	328.523809
6	1.76E-11	328.548326	0.0999998	4.2924E-05	328.548326
5.9	1.8E-11	328.57287	0.0999998	4.2153E-05	328.57287
5.8	1.74E-11	328.597386	0.1000001	4.13833E-05	328.597386
5.7	1.68E-11	328.621909	0.0999998	4.0614E-05	328.621909
5.6	1.63E-11	328.6465	0.0999999	3.9847E-05	328.6465
5.5	1.6E-11	328.671049	0.0999999	3.90819E-05	328.671049
5.4	1.51E-11	328.695571	0.0999999	3.83176E-05	328.695571
5.3	1.43E-11	328.720071	0.1000001	3.75553E-05	328.720071
5.2	1.42E-11	328.74465	0.0999998	3.6794E-05	328.74465
5.1	1.37E-11	328.769167	0.0999999	3.60337E-05	328.769167
5	1.29E-11	328.793796	0.0999998	3.52759E-05	328.793796
4.9	1.34E-11	328.818506	0.1	3.45184E-05	328.818506
4.8	1.23E-11	328.843025	0.0999999	3.37632E-05	328.843025
4.7	1.17E-11	328.867556	0.0999999	3.30092E-05	328.867556
4.6	1.84E-11	328.916039	0.1	3.22607E-05	328.916039
4.5	1.22E-11	328.94064	0.1000001	3.15089E-05	328.94064
4.4	1.18E-11	328.965194	0.0999999	3.07595E-05	328.965194
4.3	1.12E-11	328.989809	0.0999998	3.00112E-05	328.989809
4.2	1.41E-11	329.016653	0.0999999	2.92654E-05	329.016653
4.1	9.9E-12	329.041187	0.1000002	2.85195E-05	329.041187
4	9E-12	329.06574	0.0999999	2.77758E-05	329.06574
3.9	8.1E-12	329.090269	0.1	2.70334E-05	329.090269
3.8	7.8E-12	329.11479	0.0999999	2.62932E-05	329.11479
3.7	7E-12	329.139321	0.0999999	2.55547E-05	329.139321
3.6	6.4E-12	329.163853	0.1000001	2.48177E-05	329.163853
3.5	5.6E-12	329.188345	0.0999997	2.4082E-05	329.188345
3.4	5.3E-12	329.212878	0.1000001	2.33488E-05	329.212878
3.3	4.8E-12	329.237375	0.0999999	2.2617E-05	329.237375
3.2	4E-12	329.261962	0.1	2.18865E-05	329.261962
3.1	3.5E-12	329.286459	0.1000003	2.11579E-05	329.286459
3	2.8E-12	329.311042	0.1000001	2.04322E-05	329.311042
2.9	2.2E-12	329.335637	0.0999998	1.97072E-05	329.335637
2.8	1.8E-12	329.360182	0.0999999	1.89846E-05	329.360182
2.7	1.1E-12	329.384691	0.0999999	1.82636E-05	329.384691
2.6	6.3E-12	329.430853	0.0999999	1.75493E-05	329.430853
2.5	7E-13	329.455385	0.1000001	1.6832E-05	329.455385
2.4	-5E-13	329.479896	0.1	1.61175E-05	329.479896
2.3	-1.6E-12	329.504417	0.1000002	1.54056E-05	329.504417
2.2	-3E-12	329.528994	0.0999999	1.46965E-05	329.528994
2.099999	-5E-13	329.555448	0.1000001	1.39929E-05	329.555448
2	-4.7E-12	329.579985	0.0999999	1.32894E-05	329.579985
1.9	-5.9E-12	329.604501	0.1	1.25896E-05	329.604501
1.8	-7.3E-12	329.629011	0.1	1.1893E-05	329.629011
1.7	-8.5E-12	329.653575	0.0999998	1.1201E-05	329.653575
1.6	-9.6E-12	329.67809	0.0999997	1.05135E-05	329.67809
1.5	-1.06E-11	329.702675	0.1000001	9.8306E-06	329.702675
1.4	-1.22E-11	329.727198	0.0999998	9.1541E-06	329.727198
1.3	-9.4E-12	329.754326	0.0999998	8.48943E-06	329.754326
1.2	-1.48E-11	329.778837	0.1	7.82695E-06	329.778837
1.1	-1.63E-11	329.803348	0.0999999	7.17459E-06	329.803348
1	-1.8E-11	329.827939	0.0999999	6.53262E-06	329.827939
0.9	-1.98E-11	329.852473	0.0999999	5.9036E-06	329.852473
0.8	-2.2E-11	329.876992	0.0999998	5.28827E-06	329.876992
0.7	-1.69E-11	329.936307	0.0999999	4.69533E-06	329.936307
0.6	-2.39E-11	329.96083	0.1	4.1099E-06	329.96083
0.5	-2.62E-11	329.985385	0.0999998	3.54574E-06	329.985385
0.4	-2.89E-11	330.009893	0.1000002	3.00554E-06	330.009893
0.3	-3.12E-11	330.034497	0.0999998	2.49307E-06	330.034497
0.2000001	-3.05E-11	330.060906	0.1	2.01459E-06	330.060906
0.0999997	-3.65E-11	330.085394	0.1	1.57442E-06	330.085394
-4E-07	-3.87E-11	330.109896	0.0999997	1.18122E-06	330.109896
