#scan	iMeasureCycle=1	iMux=0	time=0.031	N=401	LocalTime=20/04/2023 04:37:42
#VGate(V)	IGate(A)	time(s)	VDrain(V)	IDrain(A)	time(s)
-2E-07	-1.517E-10	0.033891	0.0999998	1.89842E-05	0.033891
-0.1000003	-2.106E-10	0.058748	0.1000001	1.81644E-05	0.058748
-0.2000006	-2.593E-10	0.083236	0.0999998	1.73505E-05	0.083236
-0.300001	-2.003E-10	0.107953	0.1	1.65409E-05	0.107953
-0.4	-1.114E-10	0.132447	0.1000001	1.57355E-05	0.132447
-0.5	-8.49E-11	0.157057	0.0999999	1.4934E-05	0.157057
-0.6	-7.2E-11	0.181558	0.1	1.41373E-05	0.181558
-0.7	-6.47E-11	0.206153	0.1	1.3346E-05	0.206153
-0.8	-6.01E-11	0.230731	0.0999999	1.25607E-05	0.230731
-0.9	-5.7E-11	0.255261	0.0999999	1.17817E-05	0.255261
-1	-5.48E-11	0.279774	0.0999998	1.1011E-05	0.279774
-1.1	-5.37E-11	0.304304	0.0999999	1.02489E-05	0.304304
-1.2	-5.31E-11	0.328822	0.0999998	9.497E-06	0.328822
-1.3	-4.84E-11	0.355943	0.1000001	8.76124E-06	0.355943
-1.4	-5.14E-11	0.380434	0.0999998	8.03399E-06	0.380434
-1.5	-5.11E-11	0.405159	0.0999998	7.3222E-06	0.405159
-1.6	-5.06E-11	0.429678	0.0999999	6.62836E-06	0.429678
-1.7	-5.06E-11	0.454213	0.0999998	5.9547E-06	0.454213
-1.800001	-5.11E-11	0.478725	0.0999999	5.30485E-06	0.478725
-1.9	-5.09E-11	0.503265	0.1000001	4.68164E-06	0.503265
-2	-5.08E-11	0.52781	0.0999998	4.0872E-06	0.52781
-2.1	-5.11E-11	0.552357	0.0999998	3.52625E-06	0.552357
-2.2	-4.56E-11	0.595802	0.1000001	3.00394E-06	0.595802
-2.3	-5.06E-11	0.62034	0.0999997	2.51726E-06	0.62034
-2.4	-5.07E-11	0.644878	0.0999998	2.07309E-06	0.644878
-2.5	-5.14E-11	0.669416	0.0999999	1.67397E-06	0.669416
-2.6	-5.21E-11	0.693981	0.1000001	1.32059E-06	0.693981
-2.7	-5.22E-11	0.718517	0.0999999	1.01319E-06	0.718517
-2.8	-4.9E-11	0.74582	0.0999995	7.53263E-07	0.74582
-2.9	-5.27E-11	0.770343	0.0999995	5.37063E-07	0.770343
-3	-5.32E-11	0.794876	0.0999998	3.6542E-07	0.794876
-3.1	-5.31E-11	0.819404	0.0999997	2.34526E-07	0.819404
-3.2	-5.37E-11	0.843938	0.0999998	1.40406E-07	0.843938
-3.3	-4.86E-11	0.881636	0.0999958	7.8437E-08	0.881636
-3.4	-6.8E-11	0.904942	0.100008	3.9204E-08	0.904942
-3.5	-6.76E-11	0.92828	0.1000039	1.77292E-08	0.92828
-3.6	-6.99E-11	0.951476	0.100002	7.2077E-09	0.951476
-3.7	-7.02E-11	0.974677	0.1000008	2.6134E-09	0.974677
-3.8	-7.06E-11	0.997879	0.1000003	8.379E-10	0.997879
-3.9	-6.93E-11	1.021166	0.1000003	2.348E-10	1.021166
-4	-6.97E-11	1.044457	0.1000003	5.35E-11	1.044457
-4.1	-4.95E-11	1.100354	0.1000001	6.2E-12	1.100354
-4.2	-6.76E-11	1.123678	0.1	-2.8E-12	1.123678
-4.3	-7.03E-11	1.14691	0.1	-4.6E-12	1.14691
-4.4	-7.11E-11	1.170126	0.1	-4.3E-12	1.170126
-4.5	-7.03E-11	1.193467	0.1	-4.4E-12	1.193467
-4.6	-7.01E-11	1.21676	0.1000002	-4.6E-12	1.21676
-4.7	-7.22E-11	1.239965	0.1	-4.3E-12	1.239965
-4.8	-7.29E-11	1.263228	0.1000001	-4.2E-12	1.263228
-4.9	-7.16E-11	1.286521	0.1000001	-4.4E-12	1.286521
-5	-7.32E-11	1.309768	0.1000003	-4.3E-12	1.309768
-5.1	-7.38E-11	1.332989	0.1000002	-4.4E-12	1.332989
-5.2	-7.44E-11	1.3562	0.1000001	-4.5E-12	1.3562
-5.3	-7.26E-11	1.379482	0.0999999	-4.2E-12	1.379482
-5.4	-7.24E-11	1.402879	0.1000002	-4.9E-12	1.402879
-5.5	-7.45E-11	1.426107	0.1000003	-4.2E-12	1.426107
-5.6	-7.35E-11	1.449395	0.1000001	-4.3E-12	1.449395
-5.7	-7.38E-11	1.472678	0.1000001	-4.1E-12	1.472678
-5.8	-7.41E-11	1.495894	0.1000001	-3.8E-12	1.495894
-5.9	-7.51E-11	1.519123	0.1000001	-3.9E-12	1.519123
-6	-7.33E-11	1.542458	0.1000001	-4.1E-12	1.542458
-6.1	-5.51E-11	1.598733	0.1	-5.3E-12	1.598733
-6.2	-7.41E-11	1.622069	0.1000002	-4.1E-12	1.622069
-6.3	-7.52E-11	1.645287	0.1000001	-3.8E-12	1.645287
-6.4	-7.58E-11	1.668523	0.1000002	-4E-12	1.668523
-6.5	-7.42E-11	1.691859	0.1	-4E-12	1.691859
-6.6	-7.62E-11	1.715089	0.1000002	-3.7E-12	1.715089
-6.7	-7.69E-11	1.73832	0.0999999	-3.9E-12	1.73832
-6.8	-7.52E-11	1.761609	0.1000002	-4.5E-12	1.761609
-6.9	-7.54E-11	1.784883	0.1000001	-4.3E-12	1.784883
-7	-7.83E-11	1.808085	0.1	-3.8E-12	1.808085
-7.1	-7.79E-11	1.83131	0.1000002	-3.7E-12	1.83131
-7.2	-7.83E-11	1.854529	0.1000002	-3.9E-12	1.854529
-7.3	-7.64E-11	1.877823	0.1000002	-3.6E-12	1.877823
-7.4	-7.85E-11	1.901136	0.1000001	-3.8E-12	1.901136
-7.5	-7.86E-11	1.924454	0.1000001	-3.9E-12	1.924454
-7.6	-7.69E-11	1.947793	0.1000002	-3.8E-12	1.947793
-7.7	-7.66E-11	1.971084	0.1000002	-3.9E-12	1.971084
-7.8	-7.89E-11	1.994292	0.1000001	-3.8E-12	1.994292
-7.9	-7.93E-11	2.017513	0.1000001	-3.5E-12	2.017513
-8	-7.69E-11	2.040804	0.1000001	-3.3E-12	2.040804
-8.1	-5.87E-11	2.095719	0.0999998	-5.8E-12	2.095719
-8.2	-7.65E-11	2.119031	0.1	-3.8E-12	2.119031
-8.3	-7.74E-11	2.142342	0.1000002	-3.8E-12	2.142342
-8.4	-7.88E-11	2.165615	0.1	-3.7E-12	2.165615
-8.5	-7.98E-11	2.188875	0.1000001	-3.7E-12	2.188875
-8.6	-7.79E-11	2.212167	0.1	-3.8E-12	2.212167
-8.7	-7.83E-11	2.235462	0.1000001	-3.6E-12	2.235462
-8.8	-8E-11	2.25868	0.1000003	-3.5E-12	2.25868
-8.9	-8.03E-11	2.281951	0.1000002	-3.8E-12	2.281951
-9	-7.91E-11	2.305238	0.1000002	-3.5E-12	2.305238
-9.1	-8.06E-11	2.328459	0.1000001	-3.7E-12	2.328459
-9.2	-8.1E-11	2.351672	0.1000001	-3.8E-12	2.351672
-9.3	-8.13E-11	2.374891	0.1000001	-3.7E-12	2.374891
-9.4	-7.88E-11	2.398301	0.1000002	-4.1E-12	2.398301
-9.5	-8.08E-11	2.421532	0.1000002	-3.8E-12	2.421532
-9.6	-8.16E-11	2.444951	0.1	-3.8E-12	2.444951
-9.7	-7.96E-11	2.468241	0.1000001	-3.4E-12	2.468241
-9.8	-8.15E-11	2.491453	0.1	-3.8E-12	2.491453
-9.9	-8.09E-11	2.514712	0.1000001	-3.9E-12	2.514712
-10	-8.16E-11	2.537931	0.1000002	-3.4E-12	2.537931
-9.90001	-4.12E-11	2.561221	0.0999998	-6.8E-12	2.561221
-9.80001	-5.45E-11	2.601611	0.0999998	-5.9E-12	2.601611
-9.70001	-3.32E-11	2.624884	0.0999998	-7.4E-12	2.624884
-9.60001	-3.17E-11	2.648111	0.0999998	-7.3E-12	2.648111
-9.50001	-2.99E-11	2.671353	0.0999995	-7.2E-12	2.671353
-9.40001	-3.03E-11	2.694695	0.0999997	-7.4E-12	2.694695
-9.30001	-2.79E-11	2.717912	0.0999997	-7.5E-12	2.717912
-9.20001	-2.86E-11	2.74121	0.0999996	-7.2E-12	2.74121
-9.10001	-2.79E-11	2.764486	0.0999995	-7.5E-12	2.764486
-9.00001	-2.72E-11	2.787775	0.0999998	-7.2E-12	2.787775
-8.90001	-2.64E-11	2.81106	0.0999996	-8E-12	2.81106
-8.80001	-2.55E-11	2.834442	0.0999996	-7.2E-12	2.834442
-8.70001	-2.46E-11	2.857726	0.0999998	-7.1E-12	2.857726
-8.60001	-2.27E-11	2.880932	0.0999998	-7.8E-12	2.880932
-8.50001	-2.2E-11	2.904236	0.0999995	-7.8E-12	2.904236
-8.40001	-2.36E-11	2.927537	0.0999998	-7.5E-12	2.927537
-8.30001	-2.13E-11	2.950815	0.0999997	-7.5E-12	2.950815
-8.20001	-2.08E-11	2.974033	0.0999999	-7.5E-12	2.974033
-8.10001	-2.03E-11	2.997245	0.0999998	-7.6E-12	2.997245
-8	-2.13E-11	3.020538	0.0999997	-7.4E-12	3.020538
-7.90001	-2.12E-11	3.043837	0.0999998	-7.3E-12	3.043837
-7.80001	-3.97E-11	3.098653	0.0999999	-6.4E-12	3.098653
-7.70001	-2.21E-11	3.121977	0.0999997	-7.9E-12	3.121977
-7.6	-1.92E-11	3.145203	0.0999998	-7.7E-12	3.145203
-7.50001	-1.79E-11	3.16844	0.0999996	-8.2E-12	3.16844
-7.40001	-1.94E-11	3.191788	0.0999997	-8E-12	3.191788
-7.30001	-1.91E-11	3.215087	0.0999998	-7.5E-12	3.215087
-7.2	-1.69E-11	3.238407	0.0999995	-8.2E-12	3.238407
-7.10001	-1.79E-11	3.261773	0.0999998	-7.7E-12	3.261773
-7.00001	-1.55E-11	3.285116	0.0999998	-7.7E-12	3.285116
-6.90001	-1.52E-11	3.308337	0.0999996	-8.1E-12	3.308337
-6.80001	-1.54E-11	3.331558	0.0999996	-8E-12	3.331558
-6.70001	-1.59E-11	3.354855	0.0999998	-8E-12	3.354855
-6.60001	-1.58E-11	3.378148	0.0999997	-7.9E-12	3.378148
-6.50001	-1.36E-11	3.401447	0.0999997	-8.3E-12	3.401447
-6.40001	-1.39E-11	3.424673	0.0999995	-8.3E-12	3.424673
-6.30001	-1.46E-11	3.447972	0.0999999	-8.2E-12	3.447972
-6.20001	-1.3E-11	3.471174	0.0999998	-7.9E-12	3.471174
-6.10001	-1.24E-11	3.494389	0.0999996	-8.1E-12	3.494389
-6.00001	-1.23E-11	3.517635	0.0999997	-8.1E-12	3.517635
-5.90001	-1.32E-11	3.540923	0.0999999	-8.1E-12	3.540923
-5.80001	-1.09E-11	3.564142	0.0999995	-8.7E-12	3.564142
-5.70001	-3.1E-11	3.60472	0.0999999	-6.8E-12	3.60472
-5.60001	-1.11E-11	3.627983	0.0999996	-8.6E-12	3.627983
-5.50001	-1.22E-11	3.651278	0.0999997	-8.2E-12	3.651278
-5.40001	-1.03E-11	3.674522	0.0999996	-8.3E-12	3.674522
-5.30001	-9.3E-12	3.697787	0.0999998	-8.5E-12	3.697787
-5.20001	-1.03E-11	3.721093	0.1	-7.8E-12	3.721093
-5.1	-1.06E-11	3.744471	0.0999997	-7.9E-12	3.744471
-5.00001	-7.7E-12	3.76767	0.0999997	-8.5E-12	3.76767
-4.90001	-7.5E-12	3.790879	0.0999998	-8.7E-12	3.790879
-4.80001	-8.6E-12	3.814165	0.0999997	-8.3E-12	3.814165
-4.7	-8.6E-12	3.83746	0.0999998	-8.9E-12	3.83746
-4.60001	-6.2E-12	3.860676	0.0999997	-9E-12	3.860676
-4.50001	-7.4E-12	3.883971	0.0999997	-8.8E-12	3.883971
-4.40001	-5.2E-12	3.907261	0.0999997	-9E-12	3.907261
-4.3	-4.9E-12	3.930483	0.0999998	-8.3E-12	3.930483
-4.20001	-4.4E-12	3.953739	0.0999997	-3.5E-12	3.953739
-4.10001	-3.7E-12	3.976957	0.0999997	1.87E-11	3.976957
-4.00001	-5.6E-12	4.000253	0.0999999	1.116E-10	4.000253
-3.90001	-4.8E-12	4.023539	0.0999999	4.376E-10	4.023539
-3.80001	-4.4E-12	4.046919	0.1000001	1.4374E-09	4.046919
-3.70001	-2.31E-11	4.105813	0.1000005	3.99E-09	4.105813
-3.60001	-3.1E-12	4.129051	0.1000002	1.05731E-08	4.129051
-3.50001	-2.2E-12	4.152342	0.1000013	2.46458E-08	4.152342
-3.40001	-3.5E-12	4.175644	0.1000012	5.14606E-08	4.175644
-3.30001	-1.2E-12	4.198923	0.09999	9.7633E-08	4.198923
-3.20001	-2.08E-11	4.238486	0.1000001	1.67105E-07	4.238486
-3.10001	-1.61E-11	4.263011	0.1000005	2.72532E-07	4.263011
-3.00001	-1.44E-11	4.287597	0.1000004	4.14609E-07	4.287597
-2.90001	-1.41E-11	4.312149	0.1000006	5.97461E-07	4.312149
-2.80001	-1.34E-11	4.336678	0.1000008	8.23511E-07	4.336678
-2.70001	-1.74E-11	4.371226	0.1	1.09075E-06	4.371226
-2.60001	-1.17E-11	4.395706	0.1	1.40962E-06	4.395706
-2.50001	-1.12E-11	4.420245	0.1	1.7734E-06	4.420245
-2.40001	-1.01E-11	4.444759	0.1000002	2.18106E-06	4.444759
-2.30001	-1E-11	4.469316	0.1	2.63108E-06	4.469316
-2.20001	-8.2E-12	4.493845	0.1	3.1229E-06	4.493845
-2.1	-1.13E-11	4.520276	0.0999999	3.65337E-06	4.520276
-2	-7E-12	4.544879	0.0999999	4.21892E-06	4.544879
-1.900001	-1.42E-11	4.609601	0.0999999	4.80373E-06	4.609601
-1.800001	-7.8E-12	4.63422	0.1	5.43447E-06	4.63422
-1.7	-6.6E-12	4.659057	0.0999999	6.08849E-06	4.659057
-1.6	-4.9E-12	4.683596	0.1	6.76381E-06	4.683596
-1.5	-3.7E-12	4.708183	0.1000001	7.45855E-06	4.708183
-1.4	-2.8E-12	4.7328	0.1000001	8.16985E-06	4.7328
-1.3	-1.5E-12	4.757296	0.1000002	8.8962E-06	4.757296
-1.200001	-8E-13	4.781803	0.1000003	9.63553E-06	4.781803
-1.100001	9E-13	4.806313	0.1000001	1.038587E-05	4.806313
-1.000001	-3E-12	4.841025	0.1000001	1.11391E-05	4.841025
-0.900001	2.3E-12	4.865566	0.0999999	1.19097E-05	4.865566
-0.8	3.8E-12	4.890058	0.1000001	1.26868E-05	4.890058
-0.7	5.3E-12	4.91466	0.0999999	1.34699E-05	4.91466
-0.6	6.9E-12	4.939215	0.1	1.42587E-05	4.939215
-0.500001	8.1E-12	4.963815	0.1	1.5053E-05	4.963815
-0.4	1.04E-11	4.988324	0.1000001	1.58513E-05	4.988324
-0.3	1.18E-11	5.012831	0.0999999	1.66543E-05	5.012831
-0.2	9.7E-12	5.039261	0.1000001	1.74602E-05	5.039261
-0.0999998	1.45E-11	5.063803	0.1000001	1.82713E-05	5.063803
-1E-07	1.03E-11	5.113295	0.1	1.90805E-05	5.113295
0.1000005	1.7E-11	5.137808	0.1000001	1.99014E-05	5.137808
0.2000002	1.92E-11	5.162334	0.1000002	2.07262E-05	5.162334
0.299999	2.11E-11	5.187053	0.0999999	2.15548E-05	5.187053
0.4	2.33E-11	5.211618	0.1000001	2.23887E-05	5.211618
0.5	2.51E-11	5.236175	0.1000001	2.32267E-05	5.236175
0.599999	2.75E-11	5.260675	0.1000001	2.40675E-05	5.260675
0.7	2.93E-11	5.285272	0.1	2.49112E-05	5.285272
0.799999	3.11E-11	5.309811	0.1000002	2.57565E-05	5.309811
0.899999	3.28E-11	5.33432	0.1	2.66039E-05	5.33432
0.999999	3.5E-11	5.358823	0.1000001	2.74534E-05	5.358823
1.1	3.68E-11	5.383324	0.0999999	2.83042E-05	5.383324
1.199999	3.79E-11	5.408	0.1000002	2.91555E-05	5.408
1.3	3.99E-11	5.432542	0.0999999	3.00077E-05	5.432542
1.4	4.13E-11	5.457067	0.1	3.08611E-05	5.457067
1.5	4.25E-11	5.481591	0.1000002	3.17152E-05	5.481591
1.599999	4.36E-11	5.506101	0.1000002	3.25697E-05	5.506101
1.699999	4.41E-11	5.530627	0.1	3.34247E-05	5.530627
1.8	4.53E-11	5.555149	0.1000001	3.42808E-05	5.555149
1.899999	3.91E-11	5.610282	0.1	3.51268E-05	5.610282
2	4.48E-11	5.634867	0.1	3.59875E-05	5.634867
2.099999	4.56E-11	5.659409	0.1000002	3.68471E-05	5.659409
2.19999	4.65E-11	5.684126	0.0999999	3.7703E-05	5.684126
2.29999	4.76E-11	5.708699	0.1000004	3.85628E-05	5.708699
2.39999	4.74E-11	5.733231	0.0999998	3.94223E-05	5.733231
2.49999	4.84E-11	5.757745	0.0999998	4.0283E-05	5.757745
2.59999	4.91E-11	5.782253	0.1	4.11438E-05	5.782253
2.69999	4.91E-11	5.806783	0.1000001	4.20047E-05	5.806783
2.79999	5.01E-11	5.831281	0.0999998	4.28666E-05	5.831281
2.89999	5.01E-11	5.855796	0.1	4.37287E-05	5.855796
2.99999	5.08E-11	5.880303	0.0999998	4.4592E-05	5.880303
3.09999	5.1E-11	5.904913	0.1000003	4.54553E-05	5.904913
3.19999	5.17E-11	5.92944	0.1000001	4.63198E-05	5.92944
3.29999	5.17E-11	5.954017	0.1000004	4.71844E-05	5.954017
3.39999	5.17E-11	5.978547	0.1	4.80502E-05	5.978547
3.49999	5.2E-11	6.003047	0.1	4.89158E-05	6.003047
3.59999	5.29E-11	6.027555	0.1000003	4.97822E-05	6.027555
3.69999	5.29E-11	6.052057	0.0999999	5.06489E-05	6.052057
3.79999	4.62E-11	6.113595	0.0999999	5.15053E-05	6.113595
3.89999	5.13E-11	6.138147	0.1	5.23784E-05	6.138147
3.99999	5.21E-11	6.162768	0.1	5.32491E-05	6.162768
4.09999	5.3E-11	6.187271	0.1000001	5.41205E-05	6.187271
4.19999	5.3E-11	6.211864	0.1	5.49919E-05	6.211864
4.29999	5.35E-11	6.236399	0.1	5.58645E-05	6.236399
4.39999	5.35E-11	6.260918	0.1000004	5.67375E-05	6.260918
4.49999	5.45E-11	6.285474	0.1000001	5.76105E-05	6.285474
4.59999	5.42E-11	6.31006	0.1	5.84848E-05	6.31006
4.69999	5.44E-11	6.33458	0.1000002	5.93591E-05	6.33458
4.79999	5.48E-11	6.359124	0.1000001	6.02339E-05	6.359124
4.89999	5.55E-11	6.383633	0.1	6.11098E-05	6.383633
4.99999	5.51E-11	6.408237	0.1000001	6.19874E-05	6.408237
5.09999	5.56E-11	6.432746	0.1000002	6.28649E-05	6.432746
5.19999	5.56E-11	6.457313	0.1000001	6.37434E-05	6.457313
5.29999	5.59E-11	6.48184	0.1	6.46225E-05	6.48184
5.39999	5.64E-11	6.506348	0.0999998	6.55029E-05	6.506348
5.49999	5.61E-11	6.530863	0.1	6.63842E-05	6.530863
5.59999	5.68E-11	6.555361	0.1000001	6.72647E-05	6.555361
5.69999	4.99E-11	6.615242	0.1000001	6.81374E-05	6.615242
5.79999	5.46E-11	6.639841	0.1000003	6.90236E-05	6.639841
5.89999	5.53E-11	6.664387	0.1000001	6.99092E-05	6.664387
5.99999	5.68E-11	6.688899	0.1000001	7.07952E-05	6.688899
6.09999	5.64E-11	6.713476	0.1	7.16818E-05	6.713476
6.19999	5.67E-11	6.73799	0.0999999	7.25684E-05	6.73799
6.29999	5.75E-11	6.76251	0.1	7.34576E-05	6.76251
6.39999	5.69E-11	6.787022	0.1000002	7.43458E-05	6.787022
6.49999	5.7E-11	6.811525	0.1	7.52342E-05	6.811525
6.59999	5.73E-11	6.836029	0.1	7.61249E-05	6.836029
6.69999	5.75E-11	6.860533	0.0999999	7.70157E-05	6.860533
6.79999	5.81E-11	6.885052	0.1	7.79072E-05	6.885052
6.89999	5.82E-11	6.90965	0.1	7.87995E-05	6.90965
6.99999	5.81E-11	6.93417	0.0999997	7.96936E-05	6.93417
7.09999	5.88E-11	6.958784	0.1000001	8.05885E-05	6.958784
7.19999	5.83E-11	6.983322	0.1000001	8.14842E-05	6.983322
7.29999	5.93E-11	7.007833	0.1000001	8.23799E-05	7.007833
7.39999	5.9E-11	7.032365	0.1	8.3276E-05	7.032365
7.49999	5.94E-11	7.056867	0.1000002	8.41751E-05	7.056867
7.59999	5.28E-11	7.116793	0.0999998	8.50642E-05	7.116793
7.69999	5.79E-11	7.141303	0.1000001	8.59672E-05	7.141303
7.79999	5.72E-11	7.166163	0.1	8.68694E-05	7.166163
7.89999	5.84E-11	7.190735	0.0999999	8.7772E-05	7.190735
7.99999	5.9E-11	7.21531	0.0999998	8.86758E-05	7.21531
8.09999	5.92E-11	7.239874	0.1	8.95789E-05	7.239874
8.19999	5.93E-11	7.264393	0.1000001	9.04825E-05	7.264393
8.29999	5.96E-11	7.288971	0.0999999	9.13876E-05	7.288971
8.39999	6E-11	7.313487	0.1	9.22953E-05	7.313487
8.49999	5.99E-11	7.338033	0.0999999	9.32009E-05	7.338033
8.59999	6.01E-11	7.362543	0.0999999	9.41092E-05	7.362543
8.69999	6.07E-11	7.387066	0.1	9.50175E-05	7.387066
8.79999	6.12E-11	7.411678	0.1000001	9.59281E-05	7.411678
8.89999	6.05E-11	7.436179	0.1000003	9.68379E-05	7.436179
8.99999	6.07E-11	7.460753	0.0999998	9.77492E-05	7.460753
9.09999	6.11E-11	7.485366	0.1000004	9.8662E-05	7.485366
9.19999	6.07E-11	7.509889	0.1	9.95765E-05	7.509889
9.29999	6.1E-11	7.534394	0.1000003	0.0001004872	7.534394
9.39999	6.11E-11	7.55892	0.0999998	0.0001014061	7.55892
9.49999	5.46E-11	7.618629	0.1000001	0.0001023179	7.618629
9.59999	5.93E-11	7.643173	0.0999998	0.0001032369	7.643173
9.69999	6.02E-11	7.667966	0.0999999	0.0001041595	7.667966
9.79999	5.61E-11	7.697577	0.1	0.000105046	7.697577
9.89999	6.01E-11	7.722146	0.1000001	0.000105966	7.722146
9.99999	6.1E-11	7.746637	0.1	0.000106888	7.746637
9.9	4.81E-11	7.771251	0.1	0.000105951	7.771251
9.8	4.47E-11	7.795793	0.1	0.000105022	7.795793
9.7	4.27E-11	7.82036	0.0999999	0.000104093	7.82036
9.6	4.05E-11	7.844874	0.1	0.000103168	7.844874
9.5	3.91E-11	7.869394	0.0999999	0.000102243	7.869394
9.4	3.86E-11	7.893909	0.0999999	0.000101319	7.893909
9.3	3.78E-11	7.918519	0.0999999	0.000100396	7.918519
9.2	3.65E-11	7.943061	0.0999999	9.9474E-05	7.943061
9.1	3.54E-11	7.96766	0.1000001	9.8557E-05	7.96766
9	3.51E-11	7.992206	0.1000001	9.7638E-05	7.992206
8.9	3.37E-11	8.016715	0.0999998	9.6725E-05	8.016715
8.8	3.34E-11	8.041236	0.1	9.5806E-05	8.041236
8.7	3.25E-11	8.065771	0.0999999	9.4888E-05	8.065771
8.6	3.79E-11	8.12305	0.0999999	9.3973E-05	8.12305
8.5	3.24E-11	8.147585	0.0999999	9.3057E-05	8.147585
8.4	3.16E-11	8.172183	0.1	9.2143E-05	8.172183
8.3	3.13E-11	8.196768	0.1	9.1229E-05	8.196768
8.2	3.07E-11	8.221332	0.1000001	9.0315E-05	8.221332
8.1	3.39E-11	8.249205	0.0999999	8.94391E-05	8.249205
8	3E-11	8.273712	0.0999998	8.8528E-05	8.273712
7.9	2.97E-11	8.298312	0.1000001	8.76178E-05	8.298312
7.8	2.91E-11	8.322869	0.0999999	8.67087E-05	8.322869
7.7	2.84E-11	8.347379	0.1000001	8.58016E-05	8.347379
7.6	2.73E-11	8.371897	0.0999999	8.48947E-05	8.371897
7.5	2.77E-11	8.396415	0.1000002	8.39885E-05	8.396415
7.4	2.74E-11	8.421128	0.1	8.30837E-05	8.421128
7.3	2.7E-11	8.445647	0.0999999	8.21795E-05	8.445647
7.2	2.68E-11	8.470163	0.0999997	8.12758E-05	8.470163
7.1	2.65E-11	8.49472	0.0999998	8.03734E-05	8.49472
7	2.59E-11	8.519228	0.0999998	7.94726E-05	8.519228
6.9	2.56E-11	8.543755	0.0999999	7.85705E-05	8.543755
6.8	2.49E-11	8.568299	0.1	7.76697E-05	8.568299
6.7	3.13E-11	8.624223	0.1	7.67765E-05	8.624223
6.6	2.55E-11	8.648738	0.0999999	7.58764E-05	8.648738
6.5	2.5E-11	8.673274	0.0999999	7.49777E-05	8.673274
6.4	2.44E-11	8.697826	0.1000001	7.40803E-05	8.697826
6.3	2.39E-11	8.722402	0.0999999	7.31846E-05	8.722402
6.2	2.27E-11	8.746937	0.0999999	7.229E-05	8.746937
6.1	2.27E-11	8.771459	0.0999998	7.1395E-05	8.771459
6	2.26E-11	8.796058	0.0999999	7.05008E-05	8.796058
5.9	2.18E-11	8.82057	0.0999998	6.96074E-05	8.82057
5.8	2.16E-11	8.845087	0.1000002	6.87153E-05	8.845087
5.7	2.1E-11	8.869617	0.0999999	6.78227E-05	8.869617
5.6	2.07E-11	8.89415	0.0999999	6.69317E-05	8.89415
5.5	2.03E-11	8.918779	0.1	6.60419E-05	8.918779
5.4	1.96E-11	8.943318	0.0999998	6.5153E-05	8.943318
5.3	1.93E-11	8.96788	0.1	6.42644E-05	8.96788
5.2	1.88E-11	8.9924	0.1000002	6.33767E-05	8.9924
5.1	1.84E-11	9.016918	0.1	6.24897E-05	9.016918
5	1.84E-11	9.041464	0.1000001	6.1603E-05	9.041464
4.9	1.8E-11	9.065966	0.0999999	6.07172E-05	9.065966
4.8	2.37E-11	9.123352	0.0999999	5.98395E-05	9.123352
4.7	1.86E-11	9.147895	0.1	5.89541E-05	9.147895
4.6	1.83E-11	9.172695	0.1000002	5.80718E-05	9.172695
4.5	1.71E-11	9.197213	0.1	5.71893E-05	9.197213
4.4	1.69E-11	9.221793	0.1000002	5.63066E-05	9.221793
4.3	1.6E-11	9.2463	0.0999999	5.54255E-05	9.2463
4.2	1.58E-11	9.270815	0.1	5.45456E-05	9.270815
4.1	1.52E-11	9.295384	0.0999999	5.36659E-05	9.295384
4	1.44E-11	9.319904	0.0999998	5.27881E-05	9.319904
3.9	1.41E-11	9.344424	0.0999998	5.19093E-05	9.344424
3.8	1.31E-11	9.368931	0.0999999	5.10326E-05	9.368931
3.7	1.24E-11	9.39346	0.1	5.01572E-05	9.39346
3.6	1.16E-11	9.41806	0.1000001	4.92809E-05	9.41806
3.5	1.12E-11	9.442581	0.0999999	4.8407E-05	9.442581
3.4	1.08E-11	9.467073	0.0999999	4.75322E-05	9.467073
3.3	1.03E-11	9.491626	0.1	4.66596E-05	9.491626
3.2	9.2E-12	9.516138	0.1000001	4.57877E-05	9.516138
3.1	9E-12	9.540698	0.1	4.49157E-05	9.540698
3	8E-12	9.565247	0.1	4.40443E-05	9.565247
2.9	1.38E-11	9.624494	0.1000001	4.31794E-05	9.624494
2.8	8.8E-12	9.649089	0.1000001	4.23088E-05	9.649089
2.7	7.3E-12	9.673867	0.0999998	4.14399E-05	9.673867
2.6	6.3E-12	9.698378	0.1	4.05721E-05	9.698378
2.5	5.2E-12	9.722966	0.0999999	3.97052E-05	9.722966
2.4	3.8E-12	9.747471	0.1	3.88391E-05	9.747471
2.3	3.2E-12	9.771991	0.0999999	3.79739E-05	9.771991
2.2	2.6E-12	9.796596	0.1	3.71097E-05	9.796596
2.099999	4.6E-12	9.823025	0.0999998	3.62501E-05	9.823025
2	4E-13	9.847524	0.1	3.53879E-05	9.847524
1.9	-3E-13	9.87204	0.0999999	3.45266E-05	9.87204
1.8	-2E-12	9.89655	0.1	3.36664E-05	9.89655
1.7	-2.8E-12	9.921214	0.1000001	3.28078E-05	9.921214
1.6	-4.3E-12	9.945716	0.1	3.19501E-05	9.945716
1.5	-5.1E-12	9.970312	0.1	3.10936E-05	9.970312
1.4	-6.7E-12	9.994815	0.0999998	3.02384E-05	9.994815
1.3	-8.5E-12	10.019327	0.0999999	2.93848E-05	10.019327
1.2	-9.3E-12	10.043834	0.0999998	2.85329E-05	10.043834
1.1	-1.1E-11	10.068352	0.0999997	2.76835E-05	10.068352
1	-5.8E-12	10.126207	0.0999998	2.68403E-05	10.126207
0.9	-1.27E-11	10.150727	0.1	2.59938E-05	10.150727
0.8	-1.5E-11	10.175573	0.1	2.51507E-05	10.175573
0.7	-1.7E-11	10.200082	0.0999999	2.43111E-05	10.200082
0.6	-1.96E-11	10.224654	0.0999998	2.34747E-05	10.224654
0.5	-2.13E-11	10.249155	0.0999999	2.26424E-05	10.249155
0.4	-2.37E-11	10.273686	0.1	2.18144E-05	10.273686
0.3	-2.6E-11	10.298222	0.0999999	2.09918E-05	10.298222
0.2	-2.45E-11	10.324679	0.1000001	2.01741E-05	10.324679
0.0999996	-3.04E-11	10.34917	0.1	1.93611E-05	10.34917
-5E-07	-3.31E-11	10.373658	0.0999999	1.85536E-05	10.373658
#scan	iMeasureCycle=2	iMux=0	time=279.752	N=401	LocalTime=20/04/2023 04:42:21
#VGate(V)	IGate(A)	time(s)	VDrain(V)	IDrain(A)	time(s)
0	-1.17E-11	279.759564	0.0999999	1.87658E-05	279.759564
-0.1000003	-1.95E-11	279.784465	0.0999999	1.79502E-05	279.784465
-0.2	-2.04E-11	279.810188	0.0999999	1.71406E-05	279.810188
-0.3	-2.64E-11	279.834938	0.1000001	1.63352E-05	279.834938
-0.4	-2.9E-11	279.85965	0.0999999	1.55345E-05	279.85965
-0.5	-3.19E-11	279.88422	0.1000001	1.47381E-05	279.88422
-0.6	-3.41E-11	279.908789	0.1	1.39467E-05	279.908789
-0.7	-3.62E-11	279.933289	0.0999999	1.31612E-05	279.933289
-0.8	-3.77E-11	279.957806	0.1	1.2382E-05	279.957806
-0.9	-3.94E-11	279.982356	0.0999999	1.16088E-05	279.982356
-1	-4.08E-11	280.006866	0.0999998	1.08445E-05	280.006866
-1.1	-4.18E-11	280.0314	0.1	1.00893E-05	280.0314
-1.2	-4.29E-11	280.055909	0.1000002	9.3443E-06	280.055909
-1.3	-4E-11	280.083039	0.1000001	8.61537E-06	280.083039
-1.4	-4.47E-11	280.107535	0.1000001	7.89557E-06	280.107535
-1.5	-4.54E-11	280.132073	0.0999999	7.19151E-06	280.132073
-1.6	-4.58E-11	280.156607	0.1	6.50544E-06	280.156607
-1.7	-4.69E-11	280.18114	0.0999998	5.84084E-06	280.18114
-1.8	-4.75E-11	280.205669	0.0999999	5.19913E-06	280.205669
-1.9	-4.83E-11	280.230209	0.0999999	4.58449E-06	280.230209
-2	-4.86E-11	280.254803	0.0999999	3.99914E-06	280.254803
-2.1	-4.94E-11	280.279425	0.1	3.44633E-06	280.279425
-2.2	-4.36E-11	280.325764	0.1	2.93218E-06	280.325764
-2.3	-4.87E-11	280.350295	0.1	2.45202E-06	280.350295
-2.4	-4.96E-11	280.374891	0.1	2.01631E-06	280.374891
-2.5	-5.03E-11	280.399421	0.1	1.62401E-06	280.399421
-2.6	-5.16E-11	280.423981	0.1	1.27727E-06	280.423981
-2.7	-5.15E-11	280.44852	0.1	9.7676E-07	280.44852
-2.8	-4.85E-11	280.475824	0.0999996	7.22871E-07	280.475824
-2.9	-5.22E-11	280.500331	0.0999997	5.1287E-07	280.500331
-3	-5.3E-11	280.524842	0.0999995	3.46478E-07	280.524842
-3.1	-5.32E-11	280.549352	0.0999999	2.20699E-07	280.549352
-3.2	-5.37E-11	280.573932	0.0999998	1.30793E-07	280.573932
-3.3	-4.85E-11	280.611629	0.0999952	7.23072E-08	280.611629
-3.4	-6.83E-11	280.634855	0.1000093	3.56344E-08	280.634855
-3.5	-6.73E-11	280.65814	0.1000031	1.58553E-08	280.65814
-3.6	-6.78E-11	280.681438	0.1000014	6.335E-09	280.681438
-3.7	-7.02E-11	280.704631	0.1000012	2.2456E-09	280.704631
-3.8	-7.11E-11	280.727841	0.1000006	7.054E-10	280.727841
-3.9	-7.11E-11	280.751049	0.1000002	1.897E-10	280.751049
-4	-6.98E-11	280.77434	0.1000003	4.18E-11	280.77434
-4.1	-5.02E-11	280.825973	0.1	3.7E-12	280.825973
-4.2	-7.05E-11	280.849212	0.1000003	-3.4E-12	280.849212
-4.3	-6.84E-11	280.872625	0.1000001	-4.9E-12	280.872625
-4.4	-7E-11	280.895928	0.1000001	-4.6E-12	280.895928
-4.5	-7.19E-11	280.91921	0.1000003	-4.6E-12	280.91921
-4.6	-7.08E-11	280.942502	0.1000004	-4.7E-12	280.942502
-4.7	-7.12E-11	280.965781	0.1000001	-4.5E-12	280.965781
-4.8	-7.3E-11	280.989014	0.1000003	-4.2E-12	280.989014
-4.9	-7.34E-11	281.01222	0.1000002	-4.3E-12	281.01222
-5	-7.39E-11	281.035442	0.1000003	-4.2E-12	281.035442
-5.1	-7.22E-11	281.058754	0.1000003	-4.6E-12	281.058754
-5.2	-7.34E-11	281.08199	0.1000002	-4.7E-12	281.08199
-5.3	-7.42E-11	281.105209	0.1000004	-4.5E-12	281.105209
-5.4	-7.43E-11	281.128437	0.1000001	-4.7E-12	281.128437
-5.5	-7.32E-11	281.151727	0.1000001	-4.9E-12	281.151727
-5.6	-7.32E-11	281.175013	0.1000002	-4.6E-12	281.175013
-5.7	-7.48E-11	281.198224	0.1000001	-4E-12	281.198224
-5.8	-7.36E-11	281.221512	0.1000003	-4.1E-12	281.221512
-5.9	-7.42E-11	281.244847	0.1000002	-4.7E-12	281.244847
-6	-7.55E-11	281.268051	0.1000003	-4.7E-12	281.268051
-6.1	-5.54E-11	281.320719	0.1	-6.1E-12	281.320719
-6.2	-7.32E-11	281.344034	0.1000003	-4.9E-12	281.344034
-6.3	-7.53E-11	281.367353	0.1000001	-4.3E-12	281.367353
-6.4	-7.56E-11	281.390585	0.1000003	-4.1E-12	281.390585
-6.5	-7.7E-11	281.413843	0.1000002	-4.4E-12	281.413843
-6.6	-7.52E-11	281.437144	0.1000004	-4.3E-12	281.437144
-6.7	-7.6E-11	281.460372	0.1000003	-4.5E-12	281.460372
-6.8	-7.75E-11	281.483589	0.1000003	-4.2E-12	281.483589
-6.9	-7.58E-11	281.506885	0.1000001	-4.4E-12	281.506885
-7	-7.61E-11	281.530167	0.1	-4.5E-12	281.530167
-7.1	-7.78E-11	281.553461	0.1000002	-4.2E-12	281.553461
-7.2	-7.82E-11	281.576724	0.1000003	-4.3E-12	281.576724
-7.3	-7.67E-11	281.600021	0.1000002	-4.2E-12	281.600021
-7.4	-7.7E-11	281.623344	0.1000002	-4.4E-12	281.623344
-7.5	-7.79E-11	281.64657	0.1000003	-4.2E-12	281.64657
-7.6	-7.88E-11	281.669776	0.1000002	-4.4E-12	281.669776
-7.7	-7.72E-11	281.693152	0.1000003	-4.2E-12	281.693152
-7.8	-7.86E-11	281.71636	0.1000002	-4.3E-12	281.71636
-7.9	-7.88E-11	281.739581	0.1000003	-4.2E-12	281.739581
-8	-7.67E-11	281.762908	0.1000002	-4E-12	281.762908
-8.1	-7.79E-11	281.786207	0.1000004	-4.1E-12	281.786207
-8.2	-5.92E-11	281.826296	0.1000002	-6.1E-12	281.826296
-8.3	-7.63E-11	281.84966	0.1000004	-4.2E-12	281.84966
-8.4	-7.86E-11	281.872965	0.1000002	-3.8E-12	281.872965
-8.5	-7.81E-11	281.896268	0.1000003	-4.1E-12	281.896268
-8.6	-7.79E-11	281.919625	0.1000004	-4E-12	281.919625
-8.7	-8.05E-11	281.942831	0.1000002	-4.1E-12	281.942831
-8.8	-8.1E-11	281.966039	0.1000002	-3.8E-12	281.966039
-8.9	-7.94E-11	281.989325	0.1000003	-4.1E-12	281.989325
-9	-7.9E-11	282.01262	0.1000003	-4.1E-12	282.01262
-9.1	-8.11E-11	282.035823	0.1000002	-4E-12	282.035823
-9.2	-8.15E-11	282.05904	0.1000003	-4.2E-12	282.05904
-9.3	-7.96E-11	282.082328	0.1	-3.9E-12	282.082328
-9.4	-7.96E-11	282.105621	0.1000003	-4.3E-12	282.105621
-9.5	-8.1E-11	282.128863	0.1000001	-3.8E-12	282.128863
-9.6	-8.13E-11	282.152074	0.1000004	-3.8E-12	282.152074
-9.7	-7.98E-11	282.175368	0.1000001	-4E-12	282.175368
-9.8	-8.18E-11	282.19867	0.1000004	-4E-12	282.19867
-9.9	-8.17E-11	282.221884	0.1000003	-3.7E-12	282.221884
-10	-8.15E-11	282.245145	0.1000003	-4E-12	282.245145
-9.90001	-4.13E-11	282.268428	0.0999997	-7.9E-12	282.268428
-9.80001	-5.44E-11	282.323736	0.0999999	-5.4E-12	282.323736
-9.70001	-3.35E-11	282.346977	0.1	-7.6E-12	282.346977
-9.60001	-3.13E-11	282.370284	0.0999998	-7.6E-12	282.370284
-9.50001	-3.17E-11	282.393581	0.0999998	-7.1E-12	282.393581
-9.40001	-2.87E-11	282.416863	0.1	-7.7E-12	282.416863
-9.30001	-2.75E-11	282.440087	0.0999997	-8.2E-12	282.440087
-9.20001	-2.69E-11	282.463311	0.0999998	-8.3E-12	282.463311
-9.10001	-2.56E-11	282.48652	0.0999998	-7.6E-12	282.48652
-9.00001	-2.69E-11	282.509816	0.0999998	-7.5E-12	282.509816
-8.90001	-2.46E-11	282.533012	0.0999999	-7.8E-12	282.533012
-8.80001	-2.42E-11	282.556229	0.0999999	-7.4E-12	282.556229
-8.70001	-2.31E-11	282.579483	0.0999999	-7.3E-12	282.579483
-8.60001	-2.39E-11	282.602859	0.0999998	-7.3E-12	282.602859
-8.50001	-2.25E-11	282.626101	0.0999999	-7.8E-12	282.626101
-8.40001	-2.16E-11	282.649321	0.0999997	-7.9E-12	282.649321
-8.30001	-2.32E-11	282.672655	0.0999999	-7.4E-12	282.672655
-8.20001	-2.04E-11	282.695879	0.0999999	-8E-12	282.695879
-8.10001	-2.02E-11	282.719111	0.0999999	-8.1E-12	282.719111
-8.00001	-1.93E-11	282.742325	0.0999999	-8.3E-12	282.742325
-7.90001	-2.07E-11	282.765625	0.0999998	-7.8E-12	282.765625
-7.80001	-1.99E-11	282.788911	0.0999999	-8.1E-12	282.788911
-7.70001	-3.78E-11	282.829351	0.1000001	-5.7E-12	282.829351
-7.6	-1.87E-11	282.852588	0.0999999	-7.7E-12	282.852588
-7.50001	-2.04E-11	282.875976	0.0999998	-7.8E-12	282.875976
-7.40001	-1.92E-11	282.899287	0.0999998	-7.9E-12	282.899287
-7.30001	-1.69E-11	282.922566	0.0999999	-8.4E-12	282.922566
-7.2	-1.96E-11	282.945894	0.0999999	-7.7E-12	282.945894
-7.10001	-1.84E-11	282.969177	0.0999998	-8.2E-12	282.969177
-7.00001	-1.58E-11	282.992381	0.0999998	-8.3E-12	282.992381
-6.90001	-1.78E-11	283.015677	0.0999998	-8.1E-12	283.015677
-6.80001	-1.73E-11	283.03905	0.0999999	-7.9E-12	283.03905
-6.70001	-1.67E-11	283.062345	0.1	-8.1E-12	283.062345
-6.60001	-1.43E-11	283.085549	0.0999998	-7.7E-12	283.085549
-6.50001	-1.43E-11	283.108771	0.0999997	-7.6E-12	283.108771
-6.40001	-1.57E-11	283.132073	0.0999998	-7.5E-12	283.132073
-6.30001	-1.51E-11	283.155376	0.0999998	-7.9E-12	283.155376
-6.20001	-1.25E-11	283.178581	0.0999998	-8.3E-12	283.178581
-6.10001	-1.22E-11	283.201877	0.0999999	-8.6E-12	283.201877
-6.00001	-1.38E-11	283.225163	0.0999997	-8.2E-12	283.225163
-5.90001	-1.18E-11	283.248431	0.0999999	-8.2E-12	283.248431
-5.80001	-1.1E-11	283.271647	0.0999998	-8.3E-12	283.271647
-5.70001	-3.26E-11	283.330915	0.1	-6.7E-12	283.330915
-5.60001	-1.22E-11	283.35414	0.0999997	-8.4E-12	283.35414
-5.50001	-1.32E-11	283.377509	0.1000001	-8.6E-12	283.377509
-5.40001	-1.11E-11	283.400733	0.0999999	-8.2E-12	283.400733
-5.30001	-1.04E-11	283.424004	0.0999998	-8.6E-12	283.424004
-5.20001	-8.9E-12	283.447212	0.0999998	-8.5E-12	283.447212
-5.1	-1.04E-11	283.470495	0.0999998	-8.1E-12	283.470495
-5.00001	-9.8E-12	283.493774	0.0999999	-8.6E-12	283.493774
-4.90001	-8.2E-12	283.516987	0.0999999	-8.5E-12	283.516987
-4.80001	-9.1E-12	283.540282	0.1	-8.4E-12	283.540282
-4.7	-8.5E-12	283.563576	0.1	-8.3E-12	283.563576
-4.60001	-6.4E-12	283.586854	0.0999998	-8.7E-12	283.586854
-4.50001	-6E-12	283.61008	0.0999998	-8.6E-12	283.61008
-4.40001	-7.8E-12	283.633398	0.0999999	-8.5E-12	283.633398
-4.3	-7.2E-12	283.656681	0.0999998	-8.2E-12	283.656681
-4.20001	-6.5E-12	283.679962	0.0999998	-5.3E-12	283.679962
-4.10001	-5.9E-12	283.703262	0.0999998	1.24E-11	283.703262
-4.00001	-5.4E-12	283.726531	0.0999999	8.69E-11	283.726531
-3.90001	-5E-12	283.749813	0.0999999	3.64E-10	283.749813
-3.80001	-2.7E-12	283.773014	0.1	1.23E-09	283.773014
-3.70001	-2.45E-11	283.832444	0.1000005	3.4717E-09	283.832444
-3.60001	-5.4E-12	283.855763	0.1000007	9.368E-09	283.855763
-3.50001	-3.8E-12	283.879112	0.1000012	2.21287E-08	283.879112
-3.40001	-1.9E-12	283.902409	0.1	4.69101E-08	283.902409
-3.30001	-2.9E-12	283.925737	0.0999984	9.01658E-08	283.925737
-3.20001	-2.1E-11	283.965228	0.1	1.56154E-07	283.965228
-3.10001	-1.6E-11	283.989716	0.1000003	2.57073E-07	283.989716
-3.00001	-1.51E-11	284.014238	0.1000006	3.9354E-07	284.014238
-2.90001	-1.44E-11	284.038745	0.1000005	5.70597E-07	284.038745
-2.80001	-1.34E-11	284.063255	0.1000007	7.90595E-07	284.063255
-2.70001	-1.78E-11	284.097835	0.1	1.05177E-06	284.097835
-2.60001	-1.26E-11	284.122389	0.0999999	1.36431E-06	284.122389
-2.50001	-1.12E-11	284.14693	0.0999999	1.72018E-06	284.14693
-2.40001	-1.04E-11	284.171495	0.1000003	2.12007E-06	284.171495
-2.30001	-9.5E-12	284.196033	0.1000001	2.56344E-06	284.196033
-2.20001	-9E-12	284.220553	0.1000003	3.04671E-06	284.220553
-2.099999	-1.15E-11	284.247015	0.1000002	3.56986E-06	284.247015
-2.000001	-7.4E-12	284.271538	0.0999999	4.12746E-06	284.271538
-1.900001	-1.42E-11	284.335986	0.0999999	4.70331E-06	284.335986
-1.8	-8.3E-12	284.360561	0.1000001	5.32595E-06	284.360561
-1.7	-7E-12	284.385151	0.1	5.97136E-06	284.385151
-1.6	-5.2E-12	284.40977	0.1000001	6.6388E-06	284.40977
-1.5	-4.3E-12	284.434327	0.1	7.32611E-06	284.434327
-1.4	-3.3E-12	284.458853	0.1000001	8.02996E-06	284.458853
-1.3	-1.8E-12	284.483356	0.1000001	8.74875E-06	284.483356
-1.200001	-8E-13	284.507925	0.1	9.48134E-06	284.507925
-1.100001	4E-13	284.532442	0.0999999	1.022521E-05	284.532442
-1.000001	-3.8E-12	284.567046	0.0999999	1.09717E-05	284.567046
-0.9	2.3E-12	284.591633	0.1000002	1.17362E-05	284.591633
-0.800001	3.5E-12	284.616184	0.1000002	1.25074E-05	284.616184
-0.7	5.4E-12	284.640724	0.1000001	1.32852E-05	284.640724
-0.6	6.8E-12	284.665231	0.1000001	1.40687E-05	284.665231
-0.500001	8.1E-12	284.689746	0.1	1.48577E-05	284.689746
-0.4	9.9E-12	284.714249	0.1	1.56511E-05	284.714249
-0.3	1.14E-11	284.738774	0.1000002	1.6449E-05	284.738774
-0.1999999	9.4E-12	284.765206	0.1000003	1.72499E-05	284.765206
-0.0999997	1.49E-11	284.789701	0.1000001	1.80564E-05	284.789701
-1E-07	9.9E-12	284.839643	0.1000001	1.88612E-05	284.839643
0.1000003	1.69E-11	284.864151	0.1000001	1.96781E-05	284.864151
0.2000003	1.92E-11	284.888758	0.0999999	2.04987E-05	284.888758
0.299999	2.01E-11	284.913735	0.1000001	2.13245E-05	284.913735
0.4	2.3E-11	284.938344	0.1	2.21552E-05	284.938344
0.5	2.48E-11	284.962832	0.1000001	2.29897E-05	284.962832
0.6	2.66E-11	284.987413	0.0999999	2.38283E-05	284.987413
0.699999	2.89E-11	285.011916	0.0999999	2.46714E-05	285.011916
0.8	3.1E-11	285.036419	0.1000001	2.55164E-05	285.036419
0.9	3.28E-11	285.061076	0.1	2.63644E-05	285.061076
0.999999	3.44E-11	285.085581	0.0999999	2.7215E-05	285.085581
1.1	3.6E-11	285.110094	0.0999999	2.80676E-05	285.110094
1.199999	3.77E-11	285.134679	0.1	2.89221E-05	285.134679
1.3	3.95E-11	285.159203	0.0999999	2.97775E-05	285.159203
1.399999	4.07E-11	285.183716	0.0999999	3.06345E-05	285.183716
1.499999	4.22E-11	285.20823	0.1000001	3.14928E-05	285.20823
1.6	4.32E-11	285.232769	0.0999999	3.23526E-05	285.232769
1.699999	4.37E-11	285.257336	0.1	3.32125E-05	285.257336
1.8	4.43E-11	285.281876	0.1	3.40729E-05	285.281876
1.899999	3.78E-11	285.341064	0.1	3.49276E-05	285.341064
2	4.36E-11	285.365584	0.1000001	3.57924E-05	285.365584
2.099999	4.51E-11	285.390171	0.1000002	3.66571E-05	285.390171
2.19999	4.6E-11	285.414917	0.1000001	3.75184E-05	285.414917
2.29999	4.67E-11	285.439487	0.1000002	3.83829E-05	285.439487
2.39999	4.74E-11	285.464033	0.1000001	3.92485E-05	285.464033
2.49999	4.78E-11	285.488557	0.1	4.0114E-05	285.488557
2.59999	4.85E-11	285.513095	0.1	4.09784E-05	285.513095
2.69999	4.9E-11	285.537617	0.1	4.18448E-05	285.537617
2.79999	4.94E-11	285.562152	0.1000001	4.27111E-05	285.562152
2.89999	5.02E-11	285.586733	0.0999999	4.35777E-05	285.586733
2.99999	4.99E-11	285.611272	0.1000001	4.44445E-05	285.611272
3.09999	5.03E-11	285.635857	0.1000003	4.5312E-05	285.635857
3.19999	5.08E-11	285.660387	0.1	4.61792E-05	285.660387
3.29999	5.14E-11	285.684949	0.1000001	4.70473E-05	285.684949
3.39999	5.21E-11	285.709445	0.1000001	4.79152E-05	285.709445
3.49999	5.18E-11	285.734009	0.1000001	4.87839E-05	285.734009
3.59999	5.19E-11	285.758519	0.0999999	4.96523E-05	285.758519
3.69999	5.25E-11	285.783026	0.1	5.05216E-05	285.783026
3.79999	4.69E-11	285.835697	0.0999999	5.13839E-05	285.835697
3.89999	5.15E-11	285.860257	0.1	5.22566E-05	285.860257
3.99999	5.2E-11	285.884868	0.1000002	5.31284E-05	285.884868
4.09999	5.26E-11	285.909372	0.1000003	5.40017E-05	285.909372
4.19999	5.28E-11	285.933969	0.1000001	5.48747E-05	285.933969
4.29999	5.32E-11	285.958509	0.1	5.57477E-05	285.958509
4.39999	5.38E-11	285.983027	0.1	5.66219E-05	285.983027
4.49999	5.43E-11	286.007536	0.1	5.74963E-05	286.007536
4.59999	5.45E-11	286.032091	0.1000002	5.83712E-05	286.032091
4.69999	5.41E-11	286.056605	0.1000001	5.92461E-05	286.056605
4.79999	5.47E-11	286.081131	0.1000002	6.01229E-05	286.081131
4.89999	5.45E-11	286.105662	0.1000001	6.1E-05	286.105662
4.99999	5.49E-11	286.130454	0.1000001	6.18776E-05	286.130454
5.09999	5.53E-11	286.154973	0.1000001	6.27555E-05	286.154973
5.19999	5.6E-11	286.179506	0.0999999	6.36351E-05	286.179506
5.29999	5.61E-11	286.204025	0.0999999	6.45157E-05	286.204025
5.39999	5.59E-11	286.228659	0.1	6.53953E-05	286.228659
5.49999	5.62E-11	286.253201	0.0999999	6.62767E-05	286.253201
5.59999	5.65E-11	286.277702	0.1000001	6.71584E-05	286.277702
5.69999	4.84E-11	286.343837	0.0999998	6.80273E-05	286.343837
5.79999	5.4E-11	286.368434	0.0999999	6.89158E-05	286.368434
5.89999	5.5E-11	286.393007	0.1	6.9804E-05	286.393007
5.99999	5.56E-11	286.417555	0.1000001	7.06906E-05	286.417555
6.09999	5.3E-11	286.44381	0.1	7.15764E-05	286.44381
6.19999	5.62E-11	286.468322	0.0999999	7.24654E-05	286.468322
6.29999	5.62E-11	286.492829	0.0999999	7.33531E-05	286.492829
6.39999	5.68E-11	286.517341	0.1000001	7.42414E-05	286.517341
6.49999	5.69E-11	286.541888	0.0999999	7.51316E-05	286.541888
6.59999	5.7E-11	286.566396	0.0999998	7.6023E-05	286.566396
6.69999	5.76E-11	286.591	0.0999999	7.69143E-05	286.591
6.79999	5.78E-11	286.615556	0.1000001	7.78066E-05	286.615556
6.89999	5.8E-11	286.640099	0.0999998	7.86991E-05	286.640099
6.99999	5.81E-11	286.664619	0.0999999	7.95942E-05	286.664619
7.09999	5.81E-11	286.689114	0.0999999	8.04881E-05	286.689114
7.19999	5.85E-11	286.71366	0.1000001	8.13832E-05	286.71366
7.29999	5.85E-11	286.73817	0.1000001	8.22801E-05	286.73817
7.39999	5.88E-11	286.762703	0.0999999	8.31784E-05	286.762703
7.49999	5.92E-11	286.787214	0.1	8.40752E-05	286.787214
7.59999	5.23E-11	286.843461	0.1	8.49662E-05	286.843461
7.69999	5.67E-11	286.86803	0.1000003	8.58692E-05	286.86803
7.79999	5.77E-11	286.892616	0.1000003	8.67713E-05	286.892616
7.89999	5.8E-11	286.917129	0.1000002	8.76735E-05	286.917129
7.99999	5.85E-11	286.941692	0.1000001	8.85767E-05	286.941692
8.09999	5.81E-11	286.966237	0.1000002	8.94812E-05	286.966237
8.19999	5.86E-11	286.990751	0.1000003	9.03868E-05	286.990751
8.29999	5.9E-11	287.015301	0.1000002	9.12918E-05	287.015301
8.39999	5.87E-11	287.039858	0.1000002	9.21982E-05	287.039858
8.49999	5.9E-11	287.064459	0.0999999	9.31052E-05	287.064459
8.59999	5.96E-11	287.088995	0.1000001	9.40128E-05	287.088995
8.69999	5.96E-11	287.113506	0.1000002	9.49219E-05	287.113506
8.79999	5.98E-11	287.138053	0.1	9.58316E-05	287.138053
8.89999	6.03E-11	287.162573	0.1000003	9.67429E-05	287.162573
8.99999	6.01E-11	287.187101	0.0999998	9.76546E-05	287.187101
9.09999	6.03E-11	287.211606	0.1000002	9.85677E-05	287.211606
9.19999	6.01E-11	287.236211	0.0999999	9.94817E-05	287.236211
9.29999	6.03E-11	287.260785	0.1	0.0001003923	287.260785
9.39999	6.02E-11	287.285309	0.1000001	0.0001013108	287.285309
9.49999	5.4E-11	287.344963	0.0999998	0.0001022239	287.344963
9.59999	5.86E-11	287.369538	0.1000002	0.0001031441	287.369538
9.69999	5.96E-11	287.394141	0.0999999	0.0001040649	287.394141
9.79999	5.57E-11	287.423714	0.0999998	0.000104951	287.423714
9.89999	5.95E-11	287.448297	0.0999999	0.000105873	287.448297
9.99999	6.07E-11	287.472836	0.1	0.000106797	287.472836
9.9	4.78E-11	287.497376	0.1	0.000105859	287.497376
9.8	4.43E-11	287.521892	0.1000001	0.000104931	287.521892
9.7	4.21E-11	287.546441	0.0999999	0.000104003	287.546441
9.6	3.99E-11	287.570963	0.1	0.000103076	287.570963
9.5	3.85E-11	287.595541	0.0999999	0.000102153	287.595541
9.4	3.8E-11	287.620057	0.0999999	0.000101228	287.620057
9.3	3.7E-11	287.644725	0.0999998	0.000100307	287.644725
9.2	3.61E-11	287.669242	0.0999999	9.9386E-05	287.669242
9.1	3.59E-11	287.693785	0.0999999	9.8467E-05	287.693785
9	3.46E-11	287.718332	0.1	9.7548E-05	287.718332
8.9	3.38E-11	287.74283	0.1000001	9.6636E-05	287.74283
8.8	3.28E-11	287.767353	0.1	9.5716E-05	287.767353
8.7	3.29E-11	287.791888	0.1000001	9.4799E-05	287.791888
8.6	3.8E-11	287.84455	0.1	9.3883E-05	287.84455
8.5	3.27E-11	287.869105	0.1	9.2965E-05	287.869105
8.4	3.17E-11	287.893749	0.1000001	9.2051E-05	287.893749
8.3	3.08E-11	287.918264	0.1	9.1136E-05	287.918264
8.2	3E-11	287.942854	0.1000001	9.0226E-05	287.942854
8.1	3.32E-11	287.970716	0.0999999	8.93453E-05	287.970716
8	2.98E-11	287.995228	0.0999999	8.84349E-05	287.995228
7.9	2.96E-11	288.019786	0.0999998	8.75252E-05	288.019786
7.8	2.88E-11	288.04429	0.1	8.66161E-05	288.04429
7.7	2.82E-11	288.068816	0.0999999	8.57079E-05	288.068816
7.6	2.74E-11	288.093325	0.0999998	8.48014E-05	288.093325
7.5	2.72E-11	288.117856	0.1	8.38952E-05	288.117856
7.4	2.73E-11	288.142421	0.0999999	8.29901E-05	288.142421
7.3	2.67E-11	288.166953	0.1	8.20861E-05	288.166953
7.2	2.64E-11	288.191472	0.1	8.11818E-05	288.191472
7.1	2.56E-11	288.216052	0.0999999	8.02802E-05	288.216052
7	2.51E-11	288.240574	0.1000002	7.9378E-05	288.240574
6.9	2.5E-11	288.265229	0.0999998	7.84766E-05	288.265229
6.8	2.4E-11	288.289747	0.0999999	7.7576E-05	288.289747
6.7	3.05E-11	288.350669	0.0999999	7.66826E-05	288.350669
6.6	2.55E-11	288.375205	0.1000001	7.57841E-05	288.375205
6.5	2.49E-11	288.399813	0.0999999	7.48853E-05	288.399813
6.4	2.43E-11	288.424344	0.0999999	7.39882E-05	288.424344
6.3	2.34E-11	288.448918	0.1000001	7.30909E-05	288.448918
6.2	2.33E-11	288.473459	0.0999999	7.21956E-05	288.473459
6.1	2.23E-11	288.497961	0.1	7.13006E-05	288.497961
6	2.19E-11	288.522498	0.0999998	7.04055E-05	288.522498
5.9	2.17E-11	288.547038	0.1	6.95129E-05	288.547038
5.8	2.11E-11	288.571575	0.0999997	6.86208E-05	288.571575
5.7	2.05E-11	288.596133	0.1000001	6.77284E-05	288.596133
5.6	2.02E-11	288.620647	0.1000001	6.68376E-05	288.620647
5.5	2.01E-11	288.645206	0.0999999	6.59472E-05	288.645206
5.4	1.95E-11	288.669773	0.0999997	6.50578E-05	288.669773
5.3	1.92E-11	288.694331	0.1	6.41695E-05	288.694331
5.2	1.85E-11	288.718915	0.0999998	6.32812E-05	288.718915
5.1	1.78E-11	288.743439	0.0999998	6.23937E-05	288.743439
5	1.79E-11	288.767893	0.0999999	6.15081E-05	288.767893
4.9	1.74E-11	288.79241	0.0999999	6.06217E-05	288.79241
4.8	2.28E-11	288.845045	0.0999999	5.97417E-05	288.845045
4.7	1.77E-11	288.869566	0.1	5.88573E-05	288.869566
4.6	1.7E-11	288.894178	0.1000001	5.79739E-05	288.894178
4.5	1.67E-11	288.9187	0.0999999	5.7092E-05	288.9187
4.4	1.58E-11	288.943262	0.0999998	5.62096E-05	288.943262
4.3	1.53E-11	288.967795	0.1000001	5.53285E-05	288.967795
4.2	1.44E-11	288.992316	0.0999999	5.44482E-05	288.992316
4.1	1.38E-11	289.016833	0.0999998	5.35695E-05	289.016833
4	1.33E-11	289.041367	0.1000002	5.26908E-05	289.041367
3.9	1.3E-11	289.065992	0.0999999	5.18128E-05	289.065992
3.8	1.2E-11	289.090515	0.1000001	5.09354E-05	289.090515
3.7	1.18E-11	289.11504	0.0999997	5.00598E-05	289.11504
3.6	1.15E-11	289.139805	0.1	4.91842E-05	289.139805
3.5	1.08E-11	289.164345	0.0999998	4.83095E-05	289.164345
3.4	1.06E-11	289.18887	0.0999999	4.74356E-05	289.18887
3.3	9.6E-12	289.213381	0.1	4.65632E-05	289.213381
3.2	9E-12	289.237904	0.1000001	4.56906E-05	289.237904
3.1	7.8E-12	289.262458	0.1000001	4.48187E-05	289.262458
3	7.9E-12	289.287029	0.0999999	4.39481E-05	289.287029
2.9	1.4E-11	289.345457	0.0999999	4.30827E-05	289.345457
2.8	8.8E-12	289.370019	0.0999999	4.22133E-05	289.370019
2.7	6.5E-12	289.394623	0.0999998	4.13445E-05	289.394623
2.6	5.8E-12	289.419153	0.1000002	4.04767E-05	289.419153
2.5	4.3E-12	289.443744	0.1000002	3.96087E-05	289.443744
2.4	3.6E-12	289.468272	0.0999999	3.87431E-05	289.468272
2.3	2.7E-12	289.492773	0.1000001	3.78786E-05	289.492773
2.2	1.7E-12	289.517291	0.0999999	3.70138E-05	289.517291
2.099999	4.1E-12	289.543695	0.0999999	3.61542E-05	289.543695
2	-2E-13	289.568236	0.1000002	3.52922E-05	289.568236
1.9	-1.4E-12	289.592745	0.1000001	3.44312E-05	289.592745
1.8	-2.8E-12	289.61733	0.1000001	3.35711E-05	289.61733
1.7	-3.5E-12	289.641887	0.1	3.27131E-05	289.641887
1.6	-4.5E-12	289.666485	0.1000001	3.18558E-05	289.666485
1.5	-5.6E-12	289.690991	0.1	3.09989E-05	289.690991
1.4	-6.9E-12	289.715541	0.1000001	3.01443E-05	289.715541
1.3	-8.5E-12	289.740087	0.0999999	2.92911E-05	289.740087
1.2	-9.9E-12	289.764598	0.0999999	2.84399E-05	289.764598
1.1	-1.13E-11	289.789097	0.0999997	2.75899E-05	289.789097
1	-5.6E-12	289.852021	0.1	2.67482E-05	289.852021
0.9	-1.24E-11	289.876585	0.0999999	2.59019E-05	289.876585
0.8	-1.52E-11	289.90119	0.0999999	2.50593E-05	289.90119
0.7	-1.72E-11	289.925741	0.0999999	2.42194E-05	289.925741
0.6	-1.92E-11	289.950311	0.1000001	2.33834E-05	289.950311
0.5	-2.14E-11	289.974878	0.0999999	2.2552E-05	289.974878
0.4	-2.38E-11	289.999388	0.0999999	2.17249E-05	289.999388
0.3	-2.63E-11	290.023896	0.0999999	2.09017E-05	290.023896
0.1999999	-2.53E-11	290.050295	0.0999998	2.0086E-05	290.050295
0.0999997	-3.11E-11	290.074826	0.0999999	1.92734E-05	290.074826
-5E-07	-3.34E-11	290.099314	0.1000001	1.84663E-05	290.099314
#scan	iMeasureCycle=3	iMux=0	time=319.829	N=401	LocalTime=20/04/2023 04:43:01
#VGate(V)	IGate(A)	time(s)	VDrain(V)	IDrain(A)	time(s)
0	-1.16E-11	319.836556	0.1000001	1.86703E-05	319.836556
-0.1000003	-1.93E-11	319.861541	0.1	1.78568E-05	319.861541
-0.2000001	-2.05E-11	319.887206	0.0999999	1.70481E-05	319.887206
-0.3	-2.64E-11	319.911939	0.1	1.62438E-05	319.911939
-0.4	-2.88E-11	319.936491	0.1000001	1.54449E-05	319.936491
-0.5	-3.15E-11	319.961014	0.1	1.46505E-05	319.961014
-0.6	-3.4E-11	319.985591	0.1000001	1.38615E-05	319.985591
-0.7	-3.58E-11	320.010129	0.0999998	1.30774E-05	320.010129
-0.8	-3.73E-11	320.034665	0.0999999	1.22997E-05	320.034665
-0.9	-3.9E-11	320.059193	0.0999998	1.15289E-05	320.059193
-1	-3.98E-11	320.083714	0.0999999	1.07666E-05	320.083714
-1.1	-4.19E-11	320.108218	0.0999999	1.00136E-05	320.108218
-1.2	-4.29E-11	320.132726	0.1000001	9.2708E-06	320.132726
-1.3	-4.01E-11	320.159854	0.0999999	8.54452E-06	320.159854
-1.4	-4.42E-11	320.184413	0.1	7.82702E-06	320.184413
-1.5	-4.52E-11	320.208955	0.1	7.12593E-06	320.208955
-1.6	-4.59E-11	320.233508	0.0999999	6.44358E-06	320.233508
-1.7	-4.69E-11	320.258024	0.0999999	5.78191E-06	320.258024
-1.8	-4.74E-11	320.282541	0.1	5.14334E-06	320.282541
-1.9	-4.76E-11	320.307096	0.1000002	4.53147E-06	320.307096
-2	-4.86E-11	320.331646	0.1	3.94993E-06	320.331646
-2.1	-4.93E-11	320.35616	0.0999997	3.40079E-06	320.35616
-2.2	-4.35E-11	320.403282	0.0999997	2.89029E-06	320.403282
-2.3	-4.87E-11	320.427843	0.0999997	2.41475E-06	320.427843
-2.4	-4.92E-11	320.452411	0.0999999	1.98306E-06	320.452411
-2.5	-5.01E-11	320.476961	0.1	1.59473E-06	320.476961
-2.6	-5.13E-11	320.501518	0.0999998	1.25163E-06	320.501518
-2.7	-5.18E-11	320.526041	0.0999998	9.5457E-07	320.526041
-2.8	-4.86E-11	320.55337	0.0999999	7.04567E-07	320.55337
-2.9	-5.23E-11	320.577921	0.0999996	4.98294E-07	320.577921
-3	-5.36E-11	320.602433	0.0999996	3.35088E-07	320.602433
-3.1	-5.34E-11	320.626955	0.0999997	2.12366E-07	320.626955
-3.2	-5.32E-11	320.651505	0.0999999	1.25284E-07	320.651505
-3.3	-4.8E-11	320.689209	0.0999953	6.87148E-08	320.689209
-3.4	-6.64E-11	320.71249	0.1000066	3.36493E-08	320.71249
-3.5	-6.72E-11	320.735778	0.1000027	1.48764E-08	320.735778
-3.6	-6.99E-11	320.758991	0.1000022	5.8945E-09	320.758991
-3.7	-6.88E-11	320.782283	0.1000007	2.0684E-09	320.782283
-3.8	-6.92E-11	320.805556	0.1000003	6.422E-10	320.805556
-3.9	-6.89E-11	320.828846	0.1000003	1.686E-10	320.828846
-4	-7.13E-11	320.852062	0.1000001	3.53E-11	320.852062
-4.1	-4.99E-11	320.903493	0.1	1.9E-12	320.903493
-4.2	-6.85E-11	320.926793	0.1000002	-3.6E-12	320.926793
-4.3	-7.1E-11	320.950103	0.1000003	-4.6E-12	320.950103
-4.4	-7.13E-11	320.973329	0.1000003	-4.4E-12	320.973329
-4.5	-7.19E-11	320.996588	0.1000001	-4.5E-12	320.996588
-4.6	-7.11E-11	321.019862	0.1	-5.2E-12	321.019862
-4.7	-7.29E-11	321.043075	0.1000003	-4.6E-12	321.043075
-4.8	-7.3E-11	321.066367	0.1000002	-4.7E-12	321.066367
-4.9	-7.38E-11	321.08958	0.1000001	-4.9E-12	321.08958
-5	-7.23E-11	321.112872	0.1000001	-4.6E-12	321.112872
-5.1	-7.26E-11	321.136166	0.1000003	-4.4E-12	321.136166
-5.2	-7.38E-11	321.1595	0.1	-4.5E-12	321.1595
-5.3	-7.07E-11	321.18288	0.0999999	-4.5E-12	321.18288
-5.4	-7.27E-11	321.206196	0.1	-4.5E-12	321.206196
-5.5	-7.5E-11	321.229403	0.1000002	-5E-12	321.229403
-5.6	-7.58E-11	321.252616	0.1000003	-4.5E-12	321.252616
-5.7	-7.39E-11	321.275913	0.1	-4.6E-12	321.275913
-5.8	-7.39E-11	321.299196	0.1	-4.8E-12	321.299196
-5.9	-7.57E-11	321.322453	0.1000002	-4.4E-12	321.322453
-6	-7.59E-11	321.345662	0.1	-4.4E-12	321.345662
-6.1	-5.52E-11	321.402162	0.1	-6.2E-12	321.402162
-6.2	-7.26E-11	321.425476	0.1000001	-4.5E-12	321.425476
-6.3	-7.52E-11	321.448743	0.1000001	-4.4E-12	321.448743
-6.4	-7.62E-11	321.471965	0.1000003	-4.3E-12	321.471965
-6.5	-7.48E-11	321.495298	0.1	-4.7E-12	321.495298
-6.6	-7.66E-11	321.518497	0.1000001	-4.5E-12	321.518497
-6.7	-7.7E-11	321.541703	0.1000001	-4.3E-12	321.541703
-6.8	-7.71E-11	321.564914	0.1000002	-4.1E-12	321.564914
-6.9	-7.57E-11	321.588205	0.1000002	-4.3E-12	321.588205
-7	-7.59E-11	321.611499	0.1000003	-4.5E-12	321.611499
-7.1	-7.79E-11	321.634699	0.1	-4.1E-12	321.634699
-7.2	-7.8E-11	321.657966	0.1000001	-4.1E-12	321.657966
-7.3	-7.63E-11	321.681255	0.1000002	-4.1E-12	321.681255
-7.4	-7.64E-11	321.704579	0.1000001	-3.8E-12	321.704579
-7.5	-7.87E-11	321.727784	0.0999999	-3.9E-12	321.727784
-7.6	-7.77E-11	321.751074	0.1	-4.5E-12	321.751074
-7.7	-7.78E-11	321.774374	0.1000002	-4.1E-12	321.774374
-7.8	-7.92E-11	321.797581	0.1000001	-3.6E-12	321.797581
-7.9	-7.9E-11	321.820796	0.1000002	-3.9E-12	321.820796
-8	-7.72E-11	321.844094	0.1000001	-3.8E-12	321.844094
-8.1	-5.82E-11	321.903598	0.1	-5.4E-12	321.903598
-8.2	-7.8E-11	321.926829	0.1000001	-3.8E-12	321.926829
-8.3	-7.85E-11	321.950138	0.1000001	-3.8E-12	321.950138
-8.4	-7.74E-11	321.973446	0.1	-4.2E-12	321.973446
-8.5	-7.73E-11	321.996801	0.0999998	-4E-12	321.996801
-8.6	-7.9E-11	322.020036	0.0999999	-3.8E-12	322.020036
-8.7	-7.93E-11	322.043245	0.1000002	-3.9E-12	322.043245
-8.8	-7.84E-11	322.066538	0.1000001	-4.2E-12	322.066538
-8.9	-7.77E-11	322.08984	0.1000001	-3.9E-12	322.08984
-9	-7.99E-11	322.113047	0.1000002	-3.8E-12	322.113047
-9.1	-8.05E-11	322.136256	0.1	-4E-12	322.136256
-9.2	-7.88E-11	322.159544	0.1000001	-3.5E-12	322.159544
-9.3	-7.91E-11	322.182843	0.1000002	-4E-12	322.182843
-9.4	-8.11E-11	322.206076	0.1000001	-3.7E-12	322.206076
-9.5	-8.19E-11	322.229288	0.1000001	-3.8E-12	322.229288
-9.6	-8.06E-11	322.252578	0.1000001	-3.6E-12	322.252578
-9.7	-8E-11	322.275892	0.1000002	-3.6E-12	322.275892
-9.8	-8.22E-11	322.29911	0.1000002	-3.5E-12	322.29911
-9.9	-8.18E-11	322.322383	0.1000002	-3.5E-12	322.322383
-10	-8.01E-11	322.345668	0.1000001	-3.7E-12	322.345668
-9.90001	-5.63E-11	322.400817	0.0999999	-5.5E-12	322.400817
-9.80001	-3.74E-11	322.424177	0.0999997	-7.2E-12	322.424177
-9.70001	-3.29E-11	322.44751	0.0999999	-7.2E-12	322.44751
-9.60001	-3.28E-11	322.470814	0.0999997	-7.4E-12	322.470814
-9.50001	-3.12E-11	322.494158	0.0999997	-7.5E-12	322.494158
-9.40001	-2.92E-11	322.517397	0.0999996	-7.7E-12	322.517397
-9.30001	-2.92E-11	322.540686	0.0999997	-7.1E-12	322.540686
-9.20001	-2.81E-11	322.563976	0.0999997	-7.4E-12	322.563976
-9.10001	-2.59E-11	322.58719	0.0999997	-7.8E-12	322.58719
-9.00001	-2.56E-11	322.610404	0.0999997	-7.5E-12	322.610404
-8.90001	-2.51E-11	322.633617	0.0999998	-7.9E-12	322.633617
-8.80001	-2.6E-11	322.656951	0.0999997	-7.4E-12	322.656951
-8.70001	-2.39E-11	322.680169	0.0999996	-7.6E-12	322.680169
-8.60001	-2.25E-11	322.703407	0.0999997	-7.8E-12	322.703407
-8.50001	-2.16E-11	322.726622	0.0999998	-7.8E-12	322.726622
-8.40001	-2.34E-11	322.74991	0.0999997	-7.4E-12	322.74991
-8.30001	-2.3E-11	322.773197	0.0999998	-7.8E-12	322.773197
-8.20001	-2.03E-11	322.796422	0.0999998	-7.8E-12	322.796422
-8.10001	-2.04E-11	322.819659	0.0999997	-8.1E-12	322.819659
-8	-2.1E-11	322.842943	0.0999998	-7.7E-12	322.842943
-7.90001	-2.12E-11	322.866233	0.0999998	-7.7E-12	322.866233
-7.80001	-3.87E-11	322.906838	0.1	-5.9E-12	322.906838
-7.70001	-2.13E-11	322.930146	0.0999997	-7.9E-12	322.930146
-7.6	-1.9E-11	322.953455	0.0999997	-7.7E-12	322.953455
-7.50001	-1.89E-11	322.976715	0.0999996	-7.7E-12	322.976715
-7.40001	-1.79E-11	322.999979	0.0999995	-7.7E-12	322.999979
-7.30001	-1.87E-11	323.023263	0.0999997	-7.5E-12	323.023263
-7.2	-1.71E-11	323.046496	0.0999996	-8E-12	323.046496
-7.10001	-1.55E-11	323.069729	0.0999996	-8.1E-12	323.069729
-7.00001	-1.58E-11	323.092947	0.0999998	-8.4E-12	323.092947
-6.90001	-1.7E-11	323.116245	0.0999996	-7.8E-12	323.116245
-6.80001	-1.67E-11	323.139535	0.0999997	-8.1E-12	323.139535
-6.70001	-1.46E-11	323.162743	0.0999998	-8.2E-12	323.162743
-6.60001	-1.39E-11	323.185965	0.0999997	-8E-12	323.185965
-6.50001	-1.55E-11	323.209288	0.0999998	-8.2E-12	323.209288
-6.40001	-1.52E-11	323.232573	0.0999998	-8.1E-12	323.232573
-6.30001	-1.33E-11	323.255773	0.0999997	-7.9E-12	323.255773
-6.20001	-1.28E-11	323.278985	0.0999999	-8E-12	323.278985
-6.10001	-1.42E-11	323.302286	0.0999997	-7.6E-12	323.302286
-6.00001	-1.33E-11	323.325628	0.0999996	-8.2E-12	323.325628
-5.90001	-1.13E-11	323.348836	0.0999998	-8.1E-12	323.348836
-5.80001	-3.21E-11	323.403994	0.0999999	-6.1E-12	323.403994
-5.70001	-1.25E-11	323.427232	0.0999998	-8.3E-12	323.427232
-5.60001	-1.09E-11	323.450521	0.0999999	-8.5E-12	323.450521
-5.50001	-1.27E-11	323.473821	0.0999996	-8.3E-12	323.473821
-5.40001	-9.9E-12	323.497077	0.0999996	-8.7E-12	323.497077
-5.30001	-9.5E-12	323.520287	0.0999997	-9E-12	323.520287
-5.20001	-1.1E-11	323.543568	0.0999998	-8.3E-12	323.543568
-5.1	-1E-11	323.566857	0.0999997	-8.5E-12	323.566857
-5.00001	-7.8E-12	323.590071	0.0999996	-9E-12	323.590071
-4.90001	-7.8E-12	323.613301	0.0999998	-9.4E-12	323.613301
-4.80001	-9.2E-12	323.636588	0.0999997	-8.7E-12	323.636588
-4.7	-7.3E-12	323.659889	0.0999997	-8.9E-12	323.659889
-4.60001	-7.2E-12	323.683141	0.0999998	-8.9E-12	323.683141
-4.50001	-5.8E-12	323.70638	0.0999996	-9E-12	323.70638
-4.40001	-7.2E-12	323.729665	0.0999997	-8.7E-12	323.729665
-4.3	-6.6E-12	323.752951	0.0999996	-8.4E-12	323.752951
-4.20001	-4.5E-12	323.776153	0.0999996	-5.8E-12	323.776153
-4.10001	-4.5E-12	323.799384	0.0999997	9.5E-12	323.799384
-4.00001	-5.4E-12	323.822672	0.0999998	7.66E-11	323.822672
-3.90001	-5.5E-12	323.845958	0.0999998	3.286E-10	323.845958
-3.80001	-3.1E-12	323.869193	0.1	1.1177E-09	323.869193
-3.70001	-2.27E-11	323.910158	0.1000005	3.2195E-09	323.910158
-3.60001	-3.2E-12	323.933406	0.1000002	8.7442E-09	323.933406
-3.50001	-1.7E-12	323.956702	0.1000012	2.0819E-08	323.956702
-3.40001	-2.7E-12	323.979989	0.1000012	4.44318E-08	323.979989
-3.30001	-8E-13	324.003256	0.0999962	8.59869E-08	324.003256
-3.20001	-2.02E-11	324.04267	0.1000001	1.49798E-07	324.04267
-3.10001	-1.54E-11	324.067183	0.1000006	2.47865E-07	324.067183
-3.00001	-1.49E-11	324.09178	0.1000005	3.81355E-07	324.09178
-2.90001	-1.38E-11	324.116297	0.1000004	5.54825E-07	324.116297
-2.80001	-1.33E-11	324.140799	0.1000008	7.71533E-07	324.140799
-2.70001	-1.26E-11	324.165321	0.1000007	1.032971E-06	324.165321
-2.60001	-1.66E-11	324.20011	0.1	1.33544E-06	324.20011
-2.50001	-1.2E-11	324.224649	0.1	1.68897E-06	324.224649
-2.40001	-1.03E-11	324.249157	0.1	2.08514E-06	324.249157
-2.30001	-1.01E-11	324.273686	0.0999999	2.52498E-06	324.273686
-2.20001	-9.4E-12	324.298231	0.1000001	3.00498E-06	324.298231
-2.099999	-1.2E-11	324.324725	0.0999999	3.52404E-06	324.324725
-2	-7.8E-12	324.349224	0.1000002	4.07755E-06	324.349224
-1.900001	-1.46E-11	324.41331	0.0999999	4.65023E-06	324.41331
-1.800001	-8E-12	324.437872	0.0999999	5.26957E-06	324.437872
-1.7	-6.7E-12	324.462473	0.1000001	5.91175E-06	324.462473
-1.6	-5.7E-12	324.487041	0.1000001	6.57597E-06	324.487041
-1.5	-4.1E-12	324.511595	0.1000001	7.26004E-06	324.511595
-1.4	-2.9E-12	324.53615	0.0999999	7.96168E-06	324.53615
-1.3	-1.7E-12	324.560667	0.1000001	8.67832E-06	324.560667
-1.200001	-8E-13	324.585191	0.1	9.40822E-06	324.585191
-1.100001	4E-13	324.609716	0.1	1.014956E-05	324.609716
-1.000001	-3E-12	324.644364	0.0999999	1.08943E-05	324.644364
-0.9	2.4E-12	324.66895	0.1000001	1.16574E-05	324.66895
-0.8	3.4E-12	324.69352	0.0999998	1.24268E-05	324.69352
-0.700001	5.2E-12	324.718053	0.1	1.32023E-05	324.718053
-0.6	6.6E-12	324.742561	0.1000001	1.39845E-05	324.742561
-0.500001	7.7E-12	324.767082	0.1000001	1.47717E-05	324.767082
-0.4	1E-11	324.79159	0.1	1.55639E-05	324.79159
-0.3	1.14E-11	324.816113	0.1000001	1.63602E-05	324.816113
-0.2	9.2E-12	324.842532	0.0999999	1.71603E-05	324.842532
-0.0999997	1.45E-11	324.867047	0.1	1.79657E-05	324.867047
-1E-07	1.03E-11	324.916776	0.1	1.87693E-05	324.916776
0.1000004	1.68E-11	324.941314	0.1	1.95849E-05	324.941314
0.2000003	1.91E-11	324.965898	0.1	2.04046E-05	324.965898
0.299999	2.13E-11	324.990635	0.1000001	2.12289E-05	324.990635
0.4	2.29E-11	325.015218	0.1000001	2.20578E-05	325.015218
0.5	2.54E-11	325.039756	0.1000001	2.28916E-05	325.039756
0.599999	2.7E-11	325.064371	0.0999999	2.3729E-05	325.064371
0.7	2.9E-11	325.088908	0.1000002	2.45697E-05	325.088908
0.799999	3.05E-11	325.113523	0.1000001	2.54146E-05	325.113523
0.9	3.26E-11	325.138024	0.0999999	2.62621E-05	325.138024
0.999999	3.46E-11	325.162538	0.1000001	2.71117E-05	325.162538
1.1	3.64E-11	325.187063	0.0999999	2.79637E-05	325.187063
1.199999	3.8E-11	325.211651	0.1	2.88169E-05	325.211651
1.3	3.98E-11	325.236161	0.0999999	2.96726E-05	325.236161
1.399999	4.1E-11	325.260665	0.1	3.05301E-05	325.260665
1.5	4.23E-11	325.285162	0.1000002	3.13882E-05	325.285162
1.6	4.36E-11	325.309685	0.1	3.22471E-05	325.309685
1.699999	4.42E-11	325.334277	0.1000002	3.31076E-05	325.334277
1.8	4.49E-11	325.35879	0.1000001	3.39681E-05	325.35879
1.899999	3.83E-11	325.418441	0.1000003	3.48234E-05	325.418441
2	4.41E-11	325.443002	0.0999999	3.5688E-05	325.443002
2.099999	4.55E-11	325.467604	0.0999999	3.65522E-05	325.467604
2.19999	4.66E-11	325.492328	0.1	3.74149E-05	325.492328
2.29999	4.72E-11	325.516898	0.0999999	3.82802E-05	325.516898
2.39999	4.79E-11	325.541408	0.0999999	3.9146E-05	325.541408
2.49999	4.88E-11	325.565928	0.1	4.00128E-05	325.565928
2.59999	4.94E-11	325.590431	0.1000001	4.08804E-05	325.590431
2.69999	4.96E-11	325.614943	0.1000002	4.17472E-05	325.614943
2.79999	5.01E-11	325.639447	0.1000002	4.26151E-05	325.639447
2.89999	5.03E-11	325.664044	0.1000002	4.34835E-05	325.664044
2.99999	5.11E-11	325.688543	0.1000001	4.43528E-05	325.688543
3.09999	5.15E-11	325.713095	0.1	4.52207E-05	325.713095
3.19999	5.16E-11	325.737604	0.1	4.60901E-05	325.737604
3.29999	5.22E-11	325.76213	0.1000002	4.69591E-05	325.76213
3.39999	5.25E-11	325.786631	0.1000001	4.78288E-05	325.786631
3.49999	5.28E-11	325.811233	0.1000002	4.86984E-05	325.811233
3.59999	5.28E-11	325.835769	0.1	4.95689E-05	325.835769
3.69999	5.34E-11	325.860314	0.1000001	5.044E-05	325.860314
3.79999	4.71E-11	325.912879	0.0999998	5.13038E-05	325.912879
3.89999	5.2E-11	325.937401	0.1000001	5.2178E-05	325.937401
3.99999	5.28E-11	325.962015	0.0999999	5.30514E-05	325.962015
4.09999	5.3E-11	325.986566	0.1	5.39249E-05	325.986566
4.19999	5.38E-11	326.011126	0.0999999	5.47989E-05	326.011126
4.29999	5.42E-11	326.03564	0.1	5.56734E-05	326.03564
4.39999	5.44E-11	326.06014	0.1	5.65474E-05	326.06014
4.49999	5.48E-11	326.084684	0.1000001	5.74222E-05	326.084684
4.59999	5.49E-11	326.109202	0.0999999	5.82977E-05	326.109202
4.69999	5.54E-11	326.133715	0.1000001	5.91744E-05	326.133715
4.79999	5.57E-11	326.158233	0.0999998	6.00502E-05	326.158233
4.89999	5.53E-11	326.182741	0.1	6.09286E-05	326.182741
4.99999	5.55E-11	326.207284	0.1000002	6.18064E-05	326.207284
5.09999	5.58E-11	326.231794	0.1000002	6.26856E-05	326.231794
5.19999	5.6E-11	326.256304	0.1000002	6.35646E-05	326.256304
5.29999	5.62E-11	326.280807	0.1000004	6.44449E-05	326.280807
5.39999	5.59E-11	326.305331	0.1000001	6.53256E-05	326.305331
5.49999	5.62E-11	326.329985	0.1000001	6.62076E-05	326.329985
5.59999	5.64E-11	326.354515	0.1000002	6.70893E-05	326.354515
5.69999	4.92E-11	326.416909	0.1000001	6.79599E-05	326.416909
5.79999	5.48E-11	326.441451	0.1	6.88489E-05	326.441451
5.89999	5.52E-11	326.466084	0.1000001	6.9736E-05	326.466084
5.99999	5.61E-11	326.490618	0.1000001	7.06224E-05	326.490618
6.09999	5.64E-11	326.515198	0.0999999	7.15095E-05	326.515198
6.19999	5.62E-11	326.539725	0.0999999	7.23982E-05	326.539725
6.29999	5.72E-11	326.564259	0.1	7.32854E-05	326.564259
6.39999	5.63E-11	326.588819	0.1	7.41747E-05	326.588819
6.49999	5.79E-11	326.613324	0.0999999	7.50643E-05	326.613324
6.59999	5.79E-11	326.637861	0.1	7.59557E-05	326.637861
6.69999	5.85E-11	326.662397	0.1000001	7.68474E-05	326.662397
6.79999	5.85E-11	326.686933	0.0999999	7.7739E-05	326.686933
6.89999	5.84E-11	326.71146	0.0999999	7.86325E-05	326.71146
6.99999	5.86E-11	326.735999	0.0999999	7.95268E-05	326.735999
7.09999	5.84E-11	326.760513	0.1	8.04215E-05	326.760513
7.19999	5.85E-11	326.785033	0.0999998	8.13165E-05	326.785033
7.29999	5.9E-11	326.809541	0.0999998	8.22129E-05	326.809541
7.39999	5.94E-11	326.834089	0.0999999	8.31107E-05	326.834089
7.49999	5.98E-11	326.8586	0.1	8.40092E-05	326.8586
7.59999	5.28E-11	326.920398	0.1	8.48985E-05	326.920398
7.69999	5.85E-11	326.944916	0.1000001	8.58011E-05	326.944916
7.79999	5.83E-11	326.969562	0.1000001	8.67046E-05	326.969562
7.89999	5.88E-11	326.994166	0.1	8.76078E-05	326.994166
7.99999	5.93E-11	327.018728	0.1	8.85116E-05	327.018728
8.09999	5.98E-11	327.04326	0.1	8.9415E-05	327.04326
8.19999	5.96E-11	327.067858	0.1	9.03212E-05	327.067858
8.29999	5.99E-11	327.092383	0.0999999	9.12256E-05	327.092383
8.39999	6.04E-11	327.116901	0.1000001	9.21323E-05	327.116901
8.49999	6.02E-11	327.141414	0.0999999	9.3039E-05	327.141414
8.59999	6.06E-11	327.165937	0.1000001	9.39473E-05	327.165937
8.69999	6.04E-11	327.190446	0.1000003	9.48569E-05	327.190446
8.79999	6.13E-11	327.214982	0.0999999	9.57663E-05	327.214982
8.89999	6.11E-11	327.239499	0.0999999	9.66772E-05	327.239499
8.99999	6.09E-11	327.264016	0.1000001	9.75896E-05	327.264016
9.09999	6.09E-11	327.28854	0.1000001	9.85009E-05	327.28854
9.19999	6.13E-11	327.313046	0.1000003	9.94151E-05	327.313046
9.29999	6.21E-11	327.337642	0.1	0.0001003269	327.337642
9.39999	6.2E-11	327.362164	0.1	0.0001012451	327.362164
9.49999	5.6E-11	327.417462	0.1	0.0001021591	327.417462
9.59999	6.03E-11	327.442074	0.0999999	0.0001030789	327.442074
9.69999	6.03E-11	327.466701	0.1	0.0001040008	327.466701
9.79999	6.14E-11	327.491216	0.1000002	0.0001049215	327.491216
9.89999	5.75E-11	327.520896	0.1	0.000105809	327.520896
9.99999	6.17E-11	327.545427	0.0999999	0.000106731	327.545427
9.9	4.85E-11	327.569944	0.1	0.000105794	327.569944
9.8	4.58E-11	327.594495	0.1	0.000104864	327.594495
9.7	4.35E-11	327.619003	0.0999999	0.000103937	327.619003
9.6	4.14E-11	327.643532	0.1000002	0.000103011	327.643532
9.5	3.95E-11	327.668102	0.0999999	0.000102085	327.668102
9.4	3.9E-11	327.692631	0.1000001	0.000101164	327.692631
9.3	3.81E-11	327.717202	0.1000001	0.000100244	327.717202
9.2	3.71E-11	327.741803	0.1	9.932E-05	327.741803
9.1	3.53E-11	327.766304	0.1000001	9.8401E-05	327.766304
9	3.51E-11	327.790831	0.1	9.7482E-05	327.790831
8.9	3.44E-11	327.815374	0.1	9.6568E-05	327.815374
8.8	3.41E-11	327.83992	0.1	9.5649E-05	327.83992
8.7	3.3E-11	327.864429	0.0999999	9.4731E-05	327.864429
8.6	3.9E-11	327.926284	0.0999999	9.3818E-05	327.926284
8.5	3.34E-11	327.95081	0.0999999	9.29E-05	327.95081
8.4	3.23E-11	327.975437	0.1	9.1986E-05	327.975437
8.3	3.19E-11	328.000001	0.1	9.107E-05	328.000001
8.2	3.13E-11	328.024575	0.0999999	9.0159E-05	328.024575
8.1	3.4E-11	328.052564	0.0999999	8.928E-05	328.052564
8	3.01E-11	328.077091	0.1	8.83702E-05	328.077091
7.9	2.94E-11	328.101593	0.1000001	8.746E-05	328.101593
7.8	2.89E-11	328.126159	0.1000001	8.65511E-05	328.126159
7.7	2.86E-11	328.150689	0.0999998	8.56429E-05	328.150689
7.6	2.85E-11	328.175239	0.0999997	8.4736E-05	328.175239
7.5	2.77E-11	328.199752	0.0999999	8.38291E-05	328.199752
7.4	2.74E-11	328.224353	0.1	8.29236E-05	328.224353
7.3	2.67E-11	328.248878	0.0999999	8.20189E-05	328.248878
7.2	2.68E-11	328.273438	0.0999999	8.11165E-05	328.273438
7.1	2.62E-11	328.297937	0.1000002	8.02138E-05	328.297937
7	2.57E-11	328.322451	0.1000001	7.93118E-05	328.322451
6.9	2.57E-11	328.34701	0.0999999	7.84099E-05	328.34701
6.8	2.53E-11	328.371529	0.0999999	7.75103E-05	328.371529
6.7	3.16E-11	328.423109	0.1000001	7.66151E-05	328.423109
6.6	2.61E-11	328.44768	0.0999999	7.57164E-05	328.44768
6.5	2.51E-11	328.472272	0.0999998	7.48177E-05	328.472272
6.4	2.47E-11	328.496892	0.1000001	7.39193E-05	328.496892
6.3	2.42E-11	328.521467	0.1	7.30235E-05	328.521467
6.2	2.34E-11	328.545986	0.1000001	7.21284E-05	328.545986
6.1	2.33E-11	328.570548	0.1	7.1232E-05	328.570548
6	2.22E-11	328.595053	0.1000002	7.03384E-05	328.595053
5.9	2.19E-11	328.619582	0.0999999	6.94448E-05	328.619582
5.8	2.16E-11	328.644084	0.1000001	6.85521E-05	328.644084
5.7	2.13E-11	328.668619	0.1	6.76602E-05	328.668619
5.6	2.16E-11	328.693164	0.0999999	6.67687E-05	328.693164
5.5	2.09E-11	328.71774	0.1	6.58799E-05	328.71774
5.4	2.01E-11	328.742314	0.1	6.49913E-05	328.742314
5.3	2.03E-11	328.766867	0.0999999	6.41015E-05	328.766867
5.2	1.93E-11	328.791416	0.1	6.32137E-05	328.791416
5.1	1.92E-11	328.815938	0.1	6.23271E-05	328.815938
5	1.86E-11	328.840449	0.1000001	6.14404E-05	328.840449
4.9	1.84E-11	328.864981	0.0999998	6.05543E-05	328.864981
4.8	2.41E-11	328.926538	0.0999999	5.96757E-05	328.926538
4.7	1.89E-11	328.951115	0.0999998	5.8791E-05	328.951115
4.6	1.78E-11	328.975722	0.0999999	5.79073E-05	328.975722
4.5	1.79E-11	329.00039	0.0999997	5.70252E-05	329.00039
4.4	1.67E-11	329.024962	0.1	5.61428E-05	329.024962
4.3	1.65E-11	329.049479	0.0999998	5.52619E-05	329.049479
4.2	1.6E-11	329.074129	0.0999998	5.4382E-05	329.074129
4.1	1.51E-11	329.098641	0.0999999	5.35019E-05	329.098641
4	1.4E-11	329.123188	0.0999998	5.26233E-05	329.123188
3.9	1.33E-11	329.147701	0.0999996	5.17455E-05	329.147701
3.8	1.28E-11	329.172257	0.0999997	5.08691E-05	329.172257
3.7	1.24E-11	329.196765	0.0999999	4.99925E-05	329.196765
3.6	1.16E-11	329.221286	0.1	4.91181E-05	329.221286
3.5	1.16E-11	329.24579	0.0999998	4.82432E-05	329.24579
3.4	1.11E-11	329.270297	0.0999998	4.73694E-05	329.270297
3.3	9.9E-12	329.294805	0.0999998	4.64965E-05	329.294805
3.2	8.8E-12	329.31932	0.0999998	4.56237E-05	329.31932
3.1	8.7E-12	329.343916	0.0999997	4.47526E-05	329.343916
3	7.6E-12	329.368435	0.0999999	4.38815E-05	329.368435
2.9	1.4E-11	329.427839	0.0999998	4.3017E-05	329.427839
2.8	8.2E-12	329.452374	0.1000001	4.21467E-05	329.452374
2.7	7.1E-12	329.47697	0.1	4.12778E-05	329.47697
2.6	6.1E-12	329.501521	0.1000001	4.04104E-05	329.501521
2.5	4.6E-12	329.526077	0.1000001	3.9543E-05	329.526077
2.4	4.5E-12	329.550624	0.1	3.86769E-05	329.550624
2.3	3.4E-12	329.575134	0.1	3.78119E-05	329.575134
2.2	2.6E-12	329.599678	0.1	3.69482E-05	329.599678
2.099999	4.9E-12	329.626093	0.1000001	3.6088E-05	329.626093
2	4E-13	329.650634	0.1	3.52261E-05	329.650634
1.9	-6E-13	329.675193	0.0999998	3.43655E-05	329.675193
1.8	-1.6E-12	329.699697	0.1000001	3.35058E-05	329.699697
1.7	-2.8E-12	329.724264	0.1	3.26471E-05	329.724264
1.6	-4.1E-12	329.748783	0.0999999	3.17892E-05	329.748783
1.5	-5.4E-12	329.773297	0.0999999	3.09327E-05	329.773297
1.4	-6.3E-12	329.797807	0.0999999	3.00782E-05	329.797807
1.3	-8.1E-12	329.822305	0.1000001	2.92257E-05	329.822305
1.2	-9.4E-12	329.846815	0.1	2.83745E-05	329.846815
1.1	-1.16E-11	329.871333	0.1000003	2.75251E-05	329.871333
1	-6.3E-12	329.92958	0.1000001	2.66825E-05	329.92958
0.9	-1.25E-11	329.954112	0.0999998	2.58369E-05	329.954112
0.8	-1.5E-11	329.978715	0.1	2.49943E-05	329.978715
0.7	-1.61E-11	330.003373	0.1	2.41557E-05	330.003373
0.6	-1.93E-11	330.027956	0.1	2.33198E-05	330.027956
0.5	-2.15E-11	330.052449	0.0999998	2.24883E-05	330.052449
0.4	-2.39E-11	330.076975	0.1	2.16614E-05	330.076975
0.3	-2.58E-11	330.10151	0.1000001	2.08394E-05	330.10151
0.1999998	-2.49E-11	330.127947	0.0999997	2.0024E-05	330.127947
0.0999995	-3.05E-11	330.152447	0.0999999	1.92121E-05	330.152447
-2E-07	-3.26E-11	330.176961	0.0999999	1.84051E-05	330.176961
