#scan	iMeasureCycle=1	iMux=0	time=0.03	N=401	LocalTime=19/04/2023 19:07:38
#VGate(V)	IGate(A)	time(s)	VDrain(V)	IDrain(A)	time(s)
-3E-07	-1.618E-10	0.032913	0.0999999	6.4601E-06	0.032913
-0.1000004	-2.212E-10	0.057783	0.0999999	5.77264E-06	0.057783
-0.2000002	-2.697E-10	0.08227	0.1	5.10389E-06	0.08227
-0.300001	-2.081E-10	0.107028	0.0999999	4.45611E-06	0.107028
-0.4	-1.183E-10	0.131582	0.0999997	3.83475E-06	0.131582
-0.5	-9.26E-11	0.156122	0.0999999	3.2431E-06	0.156122
-0.6	-7.96E-11	0.180654	0.0999997	2.68775E-06	0.180654
-0.7	-7.21E-11	0.205158	0.0999999	2.17393E-06	0.205158
-0.8	-6.7E-11	0.229689	0.0999999	1.70924E-06	0.229689
-0.9	-6.43E-11	0.254216	0.0999998	1.29831E-06	0.254216
-1	-6.22E-11	0.278815	0.0999998	9.4589E-07	0.278815
-1.1	-5.63E-11	0.306128	0.0999996	6.56665E-07	0.306128
-1.2	-5.95E-11	0.330679	0.0999995	4.27088E-07	0.330679
-1.3	-5.85E-11	0.355223	0.0999997	2.57363E-07	0.355223
-1.4	-5.84E-11	0.380005	0.0999997	1.41156E-07	0.380005
-1.5	-5.13E-11	0.417682	0.0999941	7.02267E-08	0.417682
-1.600001	-7.15E-11	0.440956	0.1000073	2.98467E-08	0.440956
-1.700001	-7.02E-11	0.464231	0.1000026	1.09775E-08	0.464231
-1.800001	-7.06E-11	0.487516	0.1000011	3.4426E-09	0.487516
-1.900001	-7.14E-11	0.510796	0.1000006	9.005E-10	0.510796
-2.000001	-7.31E-11	0.534002	0.1000002	1.903E-10	0.534002
-2.1	-5.12E-11	0.5812	0.1	2.67E-11	0.5812
-2.2	-6.95E-11	0.604759	0.1000003	-5.5E-12	0.604759
-2.3	-7.17E-11	0.627984	0.1000004	-1.04E-11	0.627984
-2.4	-7.25E-11	0.651206	0.1000002	-1.04E-11	0.651206
-2.5	-7.17E-11	0.674487	0.1000002	-1.06E-11	0.674487
-2.6	-7.21E-11	0.697842	0.1000001	-1.06E-11	0.697842
-2.7	-7.39E-11	0.721058	0.1000002	-1.02E-11	0.721058
-2.8	-7.44E-11	0.744269	0.1000001	-1E-11	0.744269
-2.9	-7.32E-11	0.767615	0.1000003	-1E-11	0.767615
-3	-7.56E-11	0.790821	0.1000003	-1.03E-11	0.790821
-3.1	-7.6E-11	0.814038	0.1000003	-9.6E-12	0.814038
-3.2	-7.62E-11	0.837247	0.1000001	-9.7E-12	0.837247
-3.3	-7.49E-11	0.860535	0.1000002	-1.01E-11	0.860535
-3.4	-7.36E-11	0.883893	0.1000003	-1E-11	0.883893
-3.5	-7.47E-11	0.907195	0.1000001	-1.03E-11	0.907195
-3.6	-7.58E-11	0.930488	0.1	-1.04E-11	0.930488
-3.7	-7.61E-11	0.953767	0.1	-1.03E-11	0.953767
-3.8	-7.71E-11	0.976977	0.1000001	-9.8E-12	0.976977
-3.9	-7.83E-11	1.00019	0.1000004	-1.01E-11	1.00019
-4	-7.67E-11	1.023496	0.1000002	-1.01E-11	1.023496
-4.1	-7.74E-11	1.046775	0.1000001	-9.8E-12	1.046775
-4.2	-5.82E-11	1.096512	0.1	-1.16E-11	1.096512
-4.3	-7.55E-11	1.119857	0.1000002	-1E-11	1.119857
-4.4	-7.7E-11	1.143143	0.1000002	-1E-11	1.143143
-4.5	-7.93E-11	1.166355	0.1000002	-9.7E-12	1.166355
-4.6	-7.78E-11	1.189697	0.1000003	-1E-11	1.189697
-4.7	-7.85E-11	1.212984	0.1000004	-9.7E-12	1.212984
-4.8	-8E-11	1.2362	0.1000005	-9E-12	1.2362
-4.9	-7.95E-11	1.259441	0.1000002	-9.2E-12	1.259441
-5	-7.89E-11	1.282814	0.1000003	-9.5E-12	1.282814
-5.1	-7.9E-11	1.306107	0.1000003	-9.6E-12	1.306107
-5.2	-7.9E-11	1.329404	0.1000002	-9.4E-12	1.329404
-5.3	-8.16E-11	1.352609	0.1000003	-9.6E-12	1.352609
-5.4	-8.12E-11	1.375844	0.1000002	-9.7E-12	1.375844
-5.5	-8.01E-11	1.399153	0.1000002	-9.9E-12	1.399153
-5.6	-8.12E-11	1.422408	0.1000005	-9.6E-12	1.422408
-5.7	-8.2E-11	1.445662	0.1000003	-9.5E-12	1.445662
-5.8	-8.03E-11	1.468958	0.1000002	-9.4E-12	1.468958
-5.9	-8.07E-11	1.492236	0.1000003	-9.6E-12	1.492236
-6	-8.26E-11	1.515447	0.1000002	-9.3E-12	1.515447
-6.1	-8.33E-11	1.538724	0.1000001	-9.1E-12	1.538724
-6.2	-6.24E-11	1.593773	0.1000001	-1.12E-11	1.593773
-6.3	-7.95E-11	1.617082	0.1000003	-9.7E-12	1.617082
-6.4	-8.25E-11	1.640304	0.1000004	-9.7E-12	1.640304
-6.5	-8.32E-11	1.663529	0.1000003	-9.7E-12	1.663529
-6.6	-8.34E-11	1.686801	0.1000003	-9.8E-12	1.686801
-6.7	-8.18E-11	1.710087	0.1000003	-9.7E-12	1.710087
-6.8	-8.2E-11	1.733384	0.1000003	-9.2E-12	1.733384
-6.9	-8.42E-11	1.756599	0.1000002	-9.3E-12	1.756599
-7	-8.46E-11	1.779866	0.1000004	-9.1E-12	1.779866
-7.1	-8.2E-11	1.803196	0.1000001	-9.5E-12	1.803196
-7.2	-8.27E-11	1.8265	0.1000002	-9.2E-12	1.8265
-7.3	-8.51E-11	1.849719	0.1000001	-9.5E-12	1.849719
-7.4	-8.37E-11	1.873005	0.1000002	-9.7E-12	1.873005
-7.5	-8.38E-11	1.896318	0.1000002	-9.8E-12	1.896318
-7.6	-8.52E-11	1.919553	0.1000001	-9.4E-12	1.919553
-7.7	-8.62E-11	1.942765	0.1000003	-9.4E-12	1.942765
-7.8	-8.49E-11	1.966056	0.1000002	-9.1E-12	1.966056
-7.9	-8.46E-11	1.989339	0.1000002	-9.7E-12	1.989339
-8	-8.6E-11	2.012556	0.1000002	-9.1E-12	2.012556
-8.1	-8.69E-11	2.035778	0.1000003	-9.4E-12	2.035778
-8.2	-8.5E-11	2.059074	0.1000004	-9.2E-12	2.059074
-8.3	-6.63E-11	2.099512	0.1000001	-1.1E-11	2.099512
-8.4	-8.5E-11	2.122791	0.1000002	-9.3E-12	2.122791
-8.5	-8.63E-11	2.146008	0.1000003	-9.4E-12	2.146008
-8.6	-8.73E-11	2.169224	0.1000002	-8.9E-12	2.169224
-8.7	-8.41E-11	2.19261	0.1000001	-9.2E-12	2.19261
-8.8	-8.67E-11	2.215829	0.1000003	-9.2E-12	2.215829
-8.9	-8.52E-11	2.239125	0.1000002	-8.8E-12	2.239125
-9	-8.41E-11	2.262474	0.1000002	-9E-12	2.262474
-9.1	-8.73E-11	2.285709	0.1000005	-8.8E-12	2.285709
-9.2	-8.7E-11	2.30895	0.1000002	-9.1E-12	2.30895
-9.3	-8.75E-11	2.332194	0.1000001	-8.9E-12	2.332194
-9.4	-8.62E-11	2.355492	0.1000003	-9.6E-12	2.355492
-9.5	-8.72E-11	2.378719	0.1000004	-9.1E-12	2.378719
-9.6	-8.85E-11	2.401949	0.1000002	-9.2E-12	2.401949
-9.7	-8.88E-11	2.425175	0.1000002	-9.2E-12	2.425175
-9.8	-8.73E-11	2.448513	0.1000003	-9.7E-12	2.448513
-9.9	-8.64E-11	2.471839	0.1000001	-9E-12	2.471839
-10	-8.89E-11	2.49506	0.1000002	-9E-12	2.49506
-9.90001	-4.75E-11	2.518354	0.1	-1.21E-11	2.518354
-9.80001	-4.42E-11	2.541649	0.0999999	-1.22E-11	2.541649
-9.70001	-5.94E-11	2.600851	0.1000001	-1.11E-11	2.600851
-9.60001	-3.81E-11	2.624148	0.0999999	-1.23E-11	2.624148
-9.50001	-3.61E-11	2.647379	0.1	-1.27E-11	2.647379
-9.40001	-3.61E-11	2.670667	0.0999998	-1.31E-11	2.670667
-9.30001	-3.57E-11	2.694022	0.0999998	-1.25E-11	2.694022
-9.20001	-3.3E-11	2.717234	0.0999997	-1.29E-11	2.717234
-9.10001	-3.2E-11	2.740452	0.0999998	-1.28E-11	2.740452
-9.00001	-3.37E-11	2.763767	0.0999998	-1.23E-11	2.763767
-8.90001	-3.04E-11	2.787039	0.0999999	-1.23E-11	2.787039
-8.80001	-3.04E-11	2.810259	0.0999997	-1.24E-11	2.810259
-8.70001	-3E-11	2.833474	0.0999999	-1.24E-11	2.833474
-8.60001	-3.02E-11	2.856761	0.0999999	-1.23E-11	2.856761
-8.50001	-2.98E-11	2.880054	0.0999997	-1.24E-11	2.880054
-8.40001	-2.76E-11	2.903299	0.0999998	-1.25E-11	2.903299
-8.30001	-2.87E-11	2.92667	0.0999999	-1.26E-11	2.92667
-8.20001	-2.87E-11	2.949966	0.0999999	-1.25E-11	2.949966
-8.10001	-2.61E-11	2.973189	0.0999998	-1.26E-11	2.973189
-8.00001	-2.55E-11	2.996413	0.0999998	-1.28E-11	2.996413
-7.90001	-2.7E-11	3.019697	0.0999997	-1.27E-11	3.019697
-7.80001	-2.67E-11	3.042999	0.0999999	-1.3E-11	3.042999
-7.70001	-4.44E-11	3.098005	0.1	-1.14E-11	3.098005
-7.6	-2.55E-11	3.121273	0.0999999	-1.33E-11	3.121273
-7.50001	-2.44E-11	3.144512	0.1	-1.29E-11	3.144512
-7.40001	-2.36E-11	3.167735	0.0999998	-1.35E-11	3.167735
-7.30001	-2.44E-11	3.191078	0.0999998	-1.29E-11	3.191078
-7.2	-2.41E-11	3.214361	0.0999999	-1.31E-11	3.214361
-7.10001	-2.22E-11	3.237582	0.0999998	-1.34E-11	3.237582
-7.00001	-2.19E-11	3.260801	0.0999999	-1.3E-11	3.260801
-6.90001	-2.33E-11	3.284168	0.0999999	-1.27E-11	3.284168
-6.80001	-2.12E-11	3.307382	0.0999998	-1.31E-11	3.307382
-6.70001	-2.22E-11	3.33075	0.0999998	-1.31E-11	3.33075
-6.60001	-2.15E-11	3.35404	0.0999997	-1.31E-11	3.35404
-6.50001	-2.14E-11	3.377332	0.0999998	-1.33E-11	3.377332
-6.40001	-1.93E-11	3.400563	0.0999999	-1.37E-11	3.400563
-6.30001	-1.88E-11	3.423773	0.1	-1.4E-11	3.423773
-6.20001	-1.99E-11	3.447189	0.1	-1.31E-11	3.447189
-6.10001	-1.82E-11	3.470416	0.0999998	-1.3E-11	3.470416
-6.00001	-1.73E-11	3.493633	0.0999998	-1.29E-11	3.493633
-5.90001	-1.86E-11	3.51692	0.0999999	-1.31E-11	3.51692
-5.80001	-1.86E-11	3.540298	0.1	-1.36E-11	3.540298
-5.70001	-1.66E-11	3.563556	0.0999999	-1.35E-11	3.563556
-5.60001	-3.58E-11	3.599694	0.1000001	-1.16E-11	3.599694
-5.50001	-1.68E-11	3.622937	0.1	-1.39E-11	3.622937
-5.40001	-1.61E-11	3.646164	0.0999998	-1.38E-11	3.646164
-5.30001	-1.7E-11	3.66945	0.0999997	-1.34E-11	3.66945
-5.20001	-1.54E-11	3.692723	0.0999998	-1.35E-11	3.692723
-5.1	-1.44E-11	3.715952	0.0999997	-1.36E-11	3.715952
-5.00001	-1.6E-11	3.739269	0.0999998	-1.39E-11	3.739269
-4.90001	-1.52E-11	3.762565	0.0999998	-1.37E-11	3.762565
-4.80001	-1.28E-11	3.785835	0.0999998	-1.37E-11	3.785835
-4.7	-1.5E-11	3.809163	0.0999999	-1.36E-11	3.809163
-4.60001	-1.35E-11	3.832452	0.0999998	-1.35E-11	3.832452
-4.50001	-1.2E-11	3.85568	0.0999998	-1.38E-11	3.85568
-4.40001	-1.14E-11	3.878896	0.1	-1.35E-11	3.878896
-4.3	-1.07E-11	3.90212	0.0999997	-1.39E-11	3.90212
-4.20001	-1.17E-11	3.925412	0.0999997	-1.35E-11	3.925412
-4.10001	-1.03E-11	3.948635	0.0999998	-1.4E-11	3.948635
-4.00001	-9.5E-12	3.971862	0.0999998	-1.4E-11	3.971862
-3.90001	-8.5E-12	3.995068	0.0999998	-1.41E-11	3.995068
-3.80001	-9.8E-12	4.018353	0.0999999	-1.36E-11	4.018353
-3.70001	-8E-12	4.041573	0.0999998	-1.37E-11	4.041573
-3.60001	-7.5E-12	4.06481	0.0999999	-1.43E-11	4.06481
-3.50001	-2.71E-11	4.101249	0.1000001	-1.21E-11	4.101249
-3.40001	-9.1E-12	4.124581	0.0999997	-1.41E-11	4.124581
-3.30001	-6.9E-12	4.147799	0.0999999	-1.42E-11	4.147799
-3.20001	-5.8E-12	4.171019	0.0999998	-1.46E-11	4.171019
-3.10001	-5.4E-12	4.194293	0.0999999	-1.45E-11	4.194293
-3.00001	-7.6E-12	4.217626	0.0999997	-1.45E-11	4.217626
-2.90001	-4.4E-12	4.240932	0.0999998	-1.49E-11	4.240932
-2.80001	-3.5E-12	4.264155	0.1	-1.47E-11	4.264155
-2.70001	-4.6E-12	4.287525	0.0999997	-1.44E-11	4.287525
-2.60001	-4.4E-12	4.310814	0.0999999	-1.46E-11	4.310814
-2.50001	-1.5E-12	4.334022	0.1	-1.51E-11	4.334022
-2.40001	-1E-12	4.357248	0.0999999	-1.48E-11	4.357248
-2.30001	-1.5E-12	4.380538	0.1	-1.3E-11	4.380538
-2.20001	-1.2E-12	4.40385	0.0999998	1E-13	4.40385
-2.099999	-1.53E-11	4.428976	0.1000001	7.82E-11	4.428976
-2	2.3E-12	4.452232	0.1000001	4.35E-10	4.452232
-1.9	3E-12	4.475476	0.1000004	1.7772E-09	4.475476
-1.8	2.5E-12	4.498771	0.1000015	5.9916E-09	4.498771
-1.699999	5E-12	4.521976	0.1000037	1.72455E-08	4.521976
-1.6	6.2E-12	4.545187	0.1000044	4.28231E-08	4.545187
-1.500001	-1.49E-11	4.592549	0.1000056	8.97799E-08	4.592549
-1.400001	-1.44E-11	4.632123	0.1000002	1.73528E-07	4.632123
-1.3	-8.4E-12	4.65665	0.1000006	3.06512E-07	4.65665
-1.200001	-6.8E-12	4.681153	0.1000007	4.92407E-07	4.681153
-1.100001	-5.6E-12	4.705716	0.1000009	7.3686E-07	4.705716
-1.000001	-9.2E-12	4.740222	0.1	1.03618E-06	4.740222
-0.9	-3.4E-12	4.76475	0.1000001	1.40284E-06	4.76475
-0.8	-1.9E-12	4.78933	0.1000001	1.82411E-06	4.78933
-0.7	-4E-13	4.813837	0.1	2.29611E-06	4.813837
-0.6	1.1E-12	4.838366	0.1000002	2.81418E-06	4.838366
-0.500001	2.7E-12	4.86288	0.1000002	3.37196E-06	4.86288
-0.400001	3.1E-12	4.887648	0.1000001	3.96375E-06	4.887648
-0.3	6.2E-12	4.91217	0.1	4.58374E-06	4.91217
-0.2000001	3.9E-12	4.938598	0.1	5.22792E-06	4.938598
-0.0999997	8.7E-12	4.96319	0.1000001	5.89282E-06	4.96319
3E-07	1.04E-11	4.987713	0.1	6.57437E-06	4.987713
0.1000005	1.25E-11	5.012216	0.1000003	7.27071E-06	5.012216
0.2000001	1.47E-11	5.036735	0.1000002	7.97732E-06	5.036735
0.299999	1.66E-11	5.061468	0.1	8.69452E-06	5.061468
0.399999	1.15E-11	5.114802	0.0999999	9.41119E-06	5.114802
0.5	1.88E-11	5.139318	0.1000001	1.014939E-05	5.139318
0.599999	1.61E-11	5.173943	0.1	1.08817E-05	5.173943
0.7	2.24E-11	5.19876	0.1	1.16338E-05	5.19876
0.8	2.51E-11	5.22327	0.1000001	1.23914E-05	5.22327
0.9	2.72E-11	5.247781	0.1	1.31541E-05	5.247781
0.999999	2.87E-11	5.272296	0.1000001	1.3922E-05	5.272296
1.1	3.08E-11	5.296834	0.1	1.46927E-05	5.296834
1.2	3.24E-11	5.321329	0.1	1.54681E-05	5.321329
1.3	3.4E-11	5.345848	0.1	1.62466E-05	5.345848
1.4	3.53E-11	5.370354	0.1000002	1.70263E-05	5.370354
1.5	3.64E-11	5.394889	0.1	1.78085E-05	5.394889
1.599999	3.8E-11	5.419388	0.1000001	1.85922E-05	5.419388
1.699999	3.88E-11	5.4439	0.1000001	1.93779E-05	5.4439
1.8	3.93E-11	5.468565	0.1000001	2.01652E-05	5.468565
1.9	4.04E-11	5.493132	0.1000002	2.09525E-05	5.493132
2	4.08E-11	5.517641	0.1000001	2.17421E-05	5.517641
2.099999	4.19E-11	5.542247	0.1000002	2.25327E-05	5.542247
2.19999	4.22E-11	5.566978	0.0999999	2.33164E-05	5.566978
2.29999	3.5E-11	5.624737	0.1000002	2.40955E-05	5.624737
2.39999	4.06E-11	5.649303	0.1000004	2.48929E-05	5.649303
2.49999	4.21E-11	5.673813	0.1000002	2.56895E-05	5.673813
2.59999	4.25E-11	5.698334	0.1000001	2.64859E-05	5.698334
2.69999	4.33E-11	5.722899	0.1000001	2.72821E-05	5.722899
2.79999	4.36E-11	5.747445	0.1000001	2.8079E-05	5.747445
2.89999	4.4E-11	5.772144	0.1	2.88764E-05	5.772144
2.99999	4.53E-11	5.796711	0.1	2.96753E-05	5.796711
3.09999	4.59E-11	5.821214	0.1	3.04749E-05	5.821214
3.19999	4.61E-11	5.845717	0.1	3.12743E-05	5.845717
3.29999	4.7E-11	5.870228	0.1000002	3.20752E-05	5.870228
3.39999	4.68E-11	5.894963	0.1000002	3.28766E-05	5.894963
3.49999	4.74E-11	5.919485	0.0999999	3.36781E-05	5.919485
3.59999	4.75E-11	5.943985	0.1000002	3.44814E-05	5.943985
3.69999	4.74E-11	5.968506	0.1000002	3.52854E-05	5.968506
3.79999	4.75E-11	5.993044	0.1000001	3.60909E-05	5.993044
3.89999	4.76E-11	6.017586	0.1000001	3.68961E-05	6.017586
3.99999	4.85E-11	6.042099	0.1000002	3.77027E-05	6.042099
4.09999	4.87E-11	6.066619	0.0999999	3.85091E-05	6.066619
4.19999	4.34E-11	6.108553	0.1	3.93105E-05	6.108553
4.29999	4.77E-11	6.133149	0.1	4.01228E-05	6.133149
4.39999	4.89E-11	6.157678	0.0999999	4.09334E-05	6.157678
4.49999	4.94E-11	6.182233	0.1000001	4.17447E-05	6.182233
4.59999	4.95E-11	6.206801	0.1000003	4.25566E-05	6.206801
4.69999	4.97E-11	6.23131	0.1000001	4.3369E-05	6.23131
4.79999	4.97E-11	6.25585	0.1000002	4.41834E-05	6.25585
4.89999	5.02E-11	6.280434	0.1000002	4.49977E-05	6.280434
4.99999	5.07E-11	6.304971	0.0999999	4.58125E-05	6.304971
5.09999	5.09E-11	6.329478	0.1	4.66295E-05	6.329478
5.19999	5.16E-11	6.353991	0.1000002	4.74473E-05	6.353991
5.29999	5.13E-11	6.378591	0.1	4.82652E-05	6.378591
5.39999	5.16E-11	6.403189	0.1000002	4.90845E-05	6.403189
5.49999	5.13E-11	6.427708	0.1000002	4.99044E-05	6.427708
5.59999	5.05E-11	6.452453	0.1000003	5.07257E-05	6.452453
5.69999	5.13E-11	6.477051	0.1000002	5.15483E-05	6.477051
5.79999	5.19E-11	6.501584	0.0999998	5.2371E-05	6.501584
5.89999	5.22E-11	6.526107	0.0999999	5.31956E-05	6.526107
5.99999	5.27E-11	6.550611	0.1	5.4021E-05	6.550611
6.09999	4.44E-11	6.612871	0.1000001	5.48335E-05	6.612871
6.19999	4.97E-11	6.637459	0.1000001	5.5666E-05	6.637459
6.29999	5.04E-11	6.661993	0.1000004	5.64974E-05	6.661993
6.39999	5.15E-11	6.686595	0.1000001	5.73283E-05	6.686595
6.49999	5.19E-11	6.711169	0.0999999	5.81595E-05	6.711169
6.59999	5.24E-11	6.735668	0.1000002	5.89919E-05	6.735668
6.69999	5.24E-11	6.76022	0.1000002	5.9825E-05	6.76022
6.79999	5.25E-11	6.784848	0.1000001	6.0659E-05	6.784848
6.89999	5.26E-11	6.809418	0.1000002	6.14943E-05	6.809418
6.99999	5.3E-11	6.833956	0.0999999	6.23305E-05	6.833956
7.09999	5.29E-11	6.858465	0.1000001	6.31688E-05	6.858465
7.19999	5.35E-11	6.883024	0.0999999	6.4007E-05	6.883024
7.29999	5.37E-11	6.90759	0.1	6.4846E-05	6.90759
7.39999	5.4E-11	6.932109	0.1000001	6.56867E-05	6.932109
7.49999	5.4E-11	6.95664	0.1000002	6.65284E-05	6.95664
7.59999	5.38E-11	6.98125	0.0999998	6.73703E-05	6.98125
7.69999	5.45E-11	7.005786	0.1000002	6.82139E-05	7.005786
7.79999	5.43E-11	7.030347	0.1000004	6.90601E-05	7.030347
7.89999	5.45E-11	7.054852	0.1000002	6.9905E-05	7.054852
7.99999	4.76E-11	7.115716	0.0999999	7.07415E-05	7.115716
8.09999	5.32E-11	7.140298	0.0999998	7.15931E-05	7.140298
8.19999	5.33E-11	7.164813	0.1	7.24446E-05	7.164813
8.29999	5.4E-11	7.189358	0.1000004	7.3295E-05	7.189358
8.39999	5.44E-11	7.21391	0.1000001	7.41469E-05	7.21391
8.49999	5.44E-11	7.238444	0.1	7.4999E-05	7.238444
8.59999	5.48E-11	7.262936	0.0999999	7.58532E-05	7.262936
8.69999	5.49E-11	7.287542	0.1000001	7.67087E-05	7.287542
8.79999	5.55E-11	7.312051	0.0999999	7.75639E-05	7.312051
8.89999	5.56E-11	7.336571	0.0999999	7.84215E-05	7.336571
8.99999	5.57E-11	7.361079	0.0999999	7.92802E-05	7.361079
9.09999	5.49E-11	7.385691	0.1000003	8.01394E-05	7.385691
9.19999	5.59E-11	7.410218	0.1	8.09982E-05	7.410218
9.29999	5.63E-11	7.434735	0.0999999	8.18567E-05	7.434735
9.39999	5.65E-11	7.459334	0.1000001	8.27222E-05	7.459334
9.49999	5.67E-11	7.48386	0.1	8.35878E-05	7.48386
9.59999	5.7E-11	7.508378	0.0999999	8.44541E-05	7.508378
9.69999	5.61E-11	7.533071	0.1000001	8.53217E-05	7.533071
9.79999	5.69E-11	7.557607	0.1	8.61903E-05	7.557607
9.89999	5.01E-11	7.617328	0.0999999	8.70516E-05	7.617328
9.99999	5.56E-11	7.641862	0.1000001	8.79239E-05	7.641862
9.9	4.23E-11	7.666383	0.1	8.70393E-05	7.666383
9.8	3.93E-11	7.69091	0.0999998	8.61604E-05	7.69091
9.7	3.71E-11	7.715515	0.1000001	8.52839E-05	7.715515
9.6	3.47E-11	7.740051	0.1	8.44095E-05	7.740051
9.5	3.31E-11	7.764566	0.1	8.35357E-05	7.764566
9.4	3.32E-11	7.789381	0.0999998	8.26652E-05	7.789381
9.3	3.21E-11	7.813916	0.1000001	8.17952E-05	7.813916
9.2	3.04E-11	7.838433	0.1000002	8.09268E-05	7.838433
9.1	2.95E-11	7.862986	0.0999999	8.00598E-05	7.862986
9	2.92E-11	7.887493	0.0999998	7.91941E-05	7.887493
8.9	2.85E-11	7.912041	0.1	7.83324E-05	7.912041
8.8	2.78E-11	7.936557	0.0999998	7.74666E-05	7.936557
8.7	2.75E-11	7.961109	0.1	7.6603E-05	7.961109
8.6	2.66E-11	7.985656	0.1000001	7.57404E-05	7.985656
8.5	2.58E-11	8.010204	0.0999999	7.48777E-05	8.010204
8.4	2.59E-11	8.03473	0.1	7.40162E-05	8.03473
8.3	2.53E-11	8.059243	0.1	7.3158E-05	8.059243
8.2	3.06E-11	8.1145	0.1	7.23038E-05	8.1145
8.1	2.57E-11	8.139115	0.0999999	7.14446E-05	8.139115
8	2.41E-11	8.16361	0.1000001	7.05887E-05	8.16361
7.9	2.39E-11	8.188148	0.0999998	6.9734E-05	8.188148
7.8	2.33E-11	8.212718	0.0999999	6.88805E-05	8.212718
7.7	2.26E-11	8.237251	0.1	6.80273E-05	8.237251
7.6	2.25E-11	8.261774	0.0999997	6.7176E-05	8.261774
7.5	2.2E-11	8.286389	0.1	6.63263E-05	8.286389
7.4	2.17E-11	8.310902	0.0999999	6.54767E-05	8.310902
7.3	2.13E-11	8.335437	0.1	6.46287E-05	8.335437
7.2	2.07E-11	8.359934	0.0999998	6.37823E-05	8.359934
7.1	2.01E-11	8.384507	0.1000001	6.29358E-05	8.384507
7	2.01E-11	8.409075	0.0999999	6.20907E-05	8.409075
6.9	1.96E-11	8.433601	0.0999999	6.12465E-05	8.433601
6.8	1.98E-11	8.458192	0.0999998	6.0404E-05	8.458192
6.7	1.83E-11	8.482703	0.0999998	5.95614E-05	8.482703
6.6	1.82E-11	8.507237	0.0999999	5.87205E-05	8.507237
6.5	1.78E-11	8.53175	0.0999998	5.78805E-05	8.53175
6.4	1.77E-11	8.556274	0.1000001	5.70423E-05	8.556274
6.3	2.48E-11	8.619263	0.0999998	5.62109E-05	8.619263
6.2	1.9E-11	8.643825	0.1	5.53725E-05	8.643825
6.1	1.82E-11	8.668335	0.0999998	5.4537E-05	8.668335
6	1.72E-11	8.692872	0.1000001	5.37012E-05	8.692872
5.9	1.65E-11	8.717443	0.0999998	5.28669E-05	8.717443
5.8	1.6E-11	8.741964	0.0999999	5.20331E-05	8.741964
5.7	1.54E-11	8.766468	0.0999998	5.1201E-05	8.766468
5.6	1.5E-11	8.791186	0.1	5.03698E-05	8.791186
5.5	1.5E-11	8.815737	0.1000001	4.95398E-05	8.815737
5.4	1.43E-11	8.840257	0.1	4.87107E-05	8.840257
5.3	1.4E-11	8.864789	0.0999999	4.78825E-05	8.864789
5.2	1.3E-11	8.889245	0.1000001	4.70556E-05	8.889245
5.1	1.28E-11	8.913799	0.1000001	4.6229E-05	8.913799
5	1.2E-11	8.938311	0.0999999	4.54036E-05	8.938311
4.9	1.19E-11	8.962829	0.1000002	4.45799E-05	8.962829
4.8	1.13E-11	8.987363	0.0999998	4.3756E-05	8.987363
4.7	1.08E-11	9.011925	0.0999999	4.29336E-05	9.011925
4.6	1.03E-11	9.036464	0.1	4.21128E-05	9.036464
4.5	9.9E-12	9.06098	0.1000001	4.12926E-05	9.06098
4.4	1.59E-11	9.117826	0.0999999	4.04776E-05	9.117826
4.3	1.05E-11	9.142401	0.1000001	3.96586E-05	9.142401
4.2	9.5E-12	9.16693	0.1	3.884E-05	9.16693
4.1	8.9E-12	9.191451	0.0999998	3.80229E-05	9.191451
4	8.6E-12	9.216024	0.1	3.72067E-05	9.216024
3.9	8.2E-12	9.240571	0.0999999	3.63926E-05	9.240571
3.8	7.3E-12	9.265141	0.1000001	3.55775E-05	9.265141
3.7	6.4E-12	9.289742	0.1	3.47643E-05	9.289742
3.6	5.6E-12	9.314261	0.1	3.3953E-05	9.314261
3.5	4.8E-12	9.338761	0.1	3.31418E-05	9.338761
3.4	4.8E-12	9.363277	0.0999999	3.23324E-05	9.363277
3.3	3.9E-12	9.38779	0.0999998	3.15227E-05	9.38779
3.2	3.2E-12	9.412324	0.1	3.07148E-05	9.412324
3.1	2.7E-12	9.436833	0.1000001	2.9908E-05	9.436833
3	1.7E-12	9.461367	0.1	2.91018E-05	9.461367
2.9	1.2E-12	9.485885	0.0999999	2.82967E-05	9.485885
2.8	4E-13	9.5104	0.0999999	2.74931E-05	9.5104
2.7	0	9.534965	0.0999999	2.66905E-05	9.534965
2.6	-1.3E-12	9.559595	0.0999999	2.58892E-05	9.559595
2.5	5.7E-12	9.622706	0.1	2.50949E-05	9.622706
2.4	-5E-13	9.647308	0.0999999	2.4295E-05	9.647308
2.3	-1.7E-12	9.671821	0.0999998	2.34963E-05	9.671821
2.2	-3.3E-12	9.696419	0.0999999	2.26997E-05	9.696419
2.099999	-1.2E-12	9.722898	0.1	2.19124E-05	9.722898
2	-5.2E-12	9.747402	0.1	2.11195E-05	9.747402
1.9	-7E-12	9.771911	0.0999996	2.03271E-05	9.771911
1.8	-7.9E-12	9.796528	0.0999999	1.95374E-05	9.796528
1.7	-8.8E-12	9.821088	0.1	1.875E-05	9.821088
1.6	-1.02E-11	9.84566	0.0999998	1.79646E-05	9.84566
1.5	-1.16E-11	9.870162	0.1000001	1.71813E-05	9.870162
1.4	-1.28E-11	9.894667	0.1	1.64014E-05	9.894667
1.3	-1.4E-11	9.919205	0.0999997	1.56242E-05	9.919205
1.2	-1.55E-11	9.943719	0.0999999	1.48516E-05	9.943719
1.1	-1.75E-11	9.968231	0.0999998	1.4083E-05	9.968231
1	-1.9E-11	9.99274	0.0999999	1.33191E-05	9.99274
0.9	-2.07E-11	10.01736	0.0999998	1.25611E-05	10.01736
0.8	-2.25E-11	10.041864	0.1	1.18098E-05	10.041864
0.7	-2.4E-11	10.066377	0.0999998	1.10661E-05	10.066377
0.6	-1.95E-11	10.125688	0.0999999	1.03359E-05	10.125688
0.5	-2.7E-11	10.150248	0.0999999	9.6064E-06	10.150248
0.4	-2.55E-11	10.177366	0.0999999	8.89415E-06	10.177366
0.3	-3.14E-11	10.201972	0.0999998	8.18396E-06	10.201972
0.1999999	-3.02E-11	10.228441	0.1000001	7.48563E-06	10.228441
0.0999997	-3.62E-11	10.252974	0.1	6.79708E-06	10.252974
-2E-07	-3.87E-11	10.277458	0.0999998	6.12265E-06	10.277458
#scan	iMeasureCycle=2	iMux=0	time=279.721	N=401	LocalTime=19/04/2023 19:12:18
#VGate(V)	IGate(A)	time(s)	VDrain(V)	IDrain(A)	time(s)
-3E-07	-1.77E-11	279.72849	0.0999998	6.28393E-06	279.72849
-0.1000004	-2.56E-11	279.753385	0.1000001	5.60564E-06	279.753385
-0.2	-2.74E-11	279.778987	0.1	4.94772E-06	279.778987
-0.3	-3.3E-11	279.803711	0.0999997	4.31156E-06	279.803711
-0.4	-3.61E-11	279.82827	0.0999999	3.70202E-06	279.82827
-0.5	-3.85E-11	279.852826	0.0999999	3.12377E-06	279.852826
-0.6	-4.08E-11	279.877345	0.0999996	2.58251E-06	279.877345
-0.7	-4.25E-11	279.901839	0.1	2.08295E-06	279.901839
-0.8	-4.44E-11	279.926347	0.0999999	1.63112E-06	279.926347
-0.9	-4.6E-11	279.950866	0.0999997	1.23331E-06	279.950866
-1	-4.28E-11	279.97819	0.0999997	8.94878E-07	279.97819
-1.1	-4.84E-11	280.002728	0.0999997	6.14608E-07	280.002728
-1.2	-4.88E-11	280.027286	0.0999995	3.96168E-07	280.027286
-1.3	-5.03E-11	280.051827	0.0999994	2.35951E-07	280.051827
-1.4	-5.11E-11	280.076395	0.0999997	1.27505E-07	280.076395
-1.5	-4.61E-11	280.11405	0.0999946	6.22359E-08	280.11405
-1.600001	-6.49E-11	280.137338	0.1000045	2.5877E-08	280.137338
-1.7	-6.8E-11	280.160534	0.100003	9.2743E-09	280.160534
-1.800001	-6.86E-11	280.183796	0.1000012	2.8263E-09	280.183796
-1.900001	-6.8E-11	280.207079	0.1000006	7.264E-10	280.207079
-2.000001	-6.82E-11	280.230374	0.1000003	1.471E-10	280.230374
-2.1	-4.92E-11	280.27697	0.1	1.66E-11	280.27697
-2.2	-6.99E-11	280.30044	0.1000003	-7.1E-12	280.30044
-2.3	-7.05E-11	280.323671	0.1000002	-1.04E-11	280.323671
-2.4	-7.17E-11	280.346965	0.1000003	-1.08E-11	280.346965
-2.5	-7.08E-11	280.370261	0.1000002	-1.05E-11	280.370261
-2.6	-7.29E-11	280.393531	0.1000002	-1.05E-11	280.393531
-2.7	-7.36E-11	280.416764	0.1000002	-1.02E-11	280.416764
-2.8	-7.39E-11	280.439977	0.1000003	-1.01E-11	280.439977
-2.9	-7.26E-11	280.463295	0.1000005	-1.03E-11	280.463295
-3	-7.28E-11	280.486597	0.1000002	-1.05E-11	280.486597
-3.1	-7.54E-11	280.509821	0.1000003	-1.03E-11	280.509821
-3.2	-7.65E-11	280.533105	0.1000004	-1E-11	280.533105
-3.3	-7.58E-11	280.556321	0.1000002	-9.6E-12	280.556321
-3.4	-7.51E-11	280.579625	0.1	-1.05E-11	280.579625
-3.5	-7.7E-11	280.602846	0.1000003	-1.05E-11	280.602846
-3.6	-7.73E-11	280.626063	0.1000003	-9.4E-12	280.626063
-3.7	-7.63E-11	280.649344	0.1000001	-1.01E-11	280.649344
-3.8	-7.58E-11	280.67263	0.1000002	-1.02E-11	280.67263
-3.9	-7.84E-11	280.695852	0.1000002	-1.01E-11	280.695852
-4	-7.82E-11	280.719075	0.1000003	-1.02E-11	280.719075
-4.1	-7.67E-11	280.74237	0.1000002	-1.02E-11	280.74237
-4.2	-5.77E-11	280.792598	0.1	-1.25E-11	280.792598
-4.3	-7.48E-11	280.815957	0.1000002	-1.04E-11	280.815957
-4.4	-7.85E-11	280.839263	0.1000003	-9.7E-12	280.839263
-4.5	-7.68E-11	280.862586	0.1000002	-1.03E-11	280.862586
-4.6	-7.74E-11	280.885933	0.1000002	-1E-11	280.885933
-4.7	-7.93E-11	280.90915	0.1000002	-9.8E-12	280.90915
-4.8	-7.79E-11	280.932448	0.1000002	-1.02E-11	280.932448
-4.9	-7.88E-11	280.955753	0.1000001	-1.01E-11	280.955753
-5	-8.09E-11	280.978953	0.1000003	-9.8E-12	280.978953
-5.1	-8.1E-11	281.002176	0.1000002	-9.5E-12	281.002176
-5.2	-8.13E-11	281.025396	0.1000002	-1.01E-11	281.025396
-5.3	-7.99E-11	281.048674	0.1000003	-9.6E-12	281.048674
-5.4	-6E-11	281.098102	0.1	-1.14E-11	281.098102
-5.5	-8.02E-11	281.121371	0.1000002	-1E-11	281.121371
-5.6	-8.08E-11	281.144586	0.1000001	-9.6E-12	281.144586
-5.7	-8E-11	281.167872	0.1000003	-9.4E-12	281.167872
-5.8	-6.44E-11	281.19345	0.1000002	-1.14E-11	281.19345
-5.9	-8.2E-11	281.216716	0.1000004	-9.7E-12	281.216716
-6	-8.04E-11	281.240004	0.1000002	-9.7E-12	281.240004
-6.1	-6.15E-11	281.289853	0.0999999	-1.15E-11	281.289853
-6.2	-7.95E-11	281.313154	0.1000002	-9.9E-12	281.313154
-6.3	-8E-11	281.336538	0.1000002	-9.6E-12	281.336538
-6.4	-8.28E-11	281.359742	0.1000003	-9.4E-12	281.359742
-6.5	-8.25E-11	281.383006	0.1000004	-9.6E-12	281.383006
-6.6	-8.15E-11	281.406299	0.1000002	-9.5E-12	281.406299
-6.7	-8.18E-11	281.429581	0.1000005	-1.01E-11	281.429581
-6.8	-8.35E-11	281.452808	0.1000002	-9.5E-12	281.452808
-6.9	-8.22E-11	281.476092	0.1000003	-9.7E-12	281.476092
-7	-8.24E-11	281.499479	0.1000003	-9.6E-12	281.499479
-7.1	-8.48E-11	281.522756	0.1000003	-9.7E-12	281.522756
-7.2	-8.53E-11	281.545974	0.1000002	-9.5E-12	281.545974
-7.3	-8.34E-11	281.569262	0.1000001	-9.6E-12	281.569262
-7.4	-8.31E-11	281.592553	0.1000003	-9.6E-12	281.592553
-7.5	-8.49E-11	281.615771	0.1000002	-9.6E-12	281.615771
-7.6	-8.6E-11	281.639002	0.1000005	-9E-12	281.639002
-7.7	-8.45E-11	281.662353	0.1000002	-9.5E-12	281.662353
-7.8	-8.61E-11	281.68556	0.1000002	-8.8E-12	281.68556
-7.9	-8.61E-11	281.708779	0.1000003	-9.2E-12	281.708779
-8	-8.62E-11	281.731994	0.1000004	-8.8E-12	281.731994
-8.1	-8.44E-11	281.755276	0.1000002	-8.8E-12	281.755276
-8.2	-6.7E-11	281.791408	0.1	-1.09E-11	281.791408
-8.3	-8.63E-11	281.814633	0.1000002	-9.2E-12	281.814633
-8.4	-8.71E-11	281.83796	0.1000002	-9E-12	281.83796
-8.5	-8.54E-11	281.861304	0.1000004	-9.1E-12	281.861304
-8.6	-8.53E-11	281.88464	0.1000001	-9.2E-12	281.88464
-8.7	-8.71E-11	281.907859	0.1000003	-9.1E-12	281.907859
-8.8	-8.74E-11	281.931074	0.1000003	-9.2E-12	281.931074
-8.9	-8.67E-11	281.954308	0.1000002	-9E-12	281.954308
-9	-8.56E-11	281.977597	0.1000002	-9.3E-12	281.977597
-9.1	-8.55E-11	282.000894	0.1	-9.1E-12	282.000894
-9.2	-8.65E-11	282.02419	0.1000003	-9.6E-12	282.02419
-9.3	-8.67E-11	282.04747	0.1000002	-9.3E-12	282.04747
-9.4	-8.67E-11	282.07074	0.1000004	-8.9E-12	282.07074
-9.5	-8.8E-11	282.093959	0.1000003	-9.1E-12	282.093959
-9.6	-8.87E-11	282.117171	0.1000003	-9E-12	282.117171
-9.7	-8.72E-11	282.14046	0.1000001	-9.2E-12	282.14046
-9.8	-8.75E-11	282.163744	0.1000003	-9.2E-12	282.163744
-9.9	-8.86E-11	282.187029	0.1000002	-8.9E-12	282.187029
-10	-8.94E-11	282.210252	0.1000002	-9E-12	282.210252
-9.90001	-4.82E-11	282.233547	0.0999998	-1.21E-11	282.233547
-9.80001	-4.47E-11	282.256817	0.0999998	-1.19E-11	282.256817
-9.70001	-6.02E-11	282.297201	0.1	-1.11E-11	282.297201
-9.60001	-3.92E-11	282.320454	0.1	-1.3E-11	282.320454
-9.50001	-3.9E-11	282.343869	0.0999998	-1.25E-11	282.343869
-9.40001	-3.78E-11	282.367164	0.0999999	-1.27E-11	282.367164
-9.30001	-3.44E-11	282.390428	0.0999998	-1.23E-11	282.390428
-9.20001	-3.34E-11	282.413658	0.0999996	-1.28E-11	282.413658
-9.10001	-3.39E-11	282.436957	0.0999998	-1.25E-11	282.436957
-9.00001	-3.14E-11	282.460183	0.0999999	-1.26E-11	282.460183
-8.90001	-3.1E-11	282.483397	0.0999998	-1.25E-11	282.483397
-8.80001	-3E-11	282.506615	0.0999999	-1.28E-11	282.506615
-8.70001	-3.15E-11	282.529989	0.0999999	-1.28E-11	282.529989
-8.60001	-2.92E-11	282.553197	0.0999997	-1.32E-11	282.553197
-8.50001	-2.75E-11	282.576406	0.0999998	-1.3E-11	282.576406
-8.40001	-2.79E-11	282.599634	0.0999999	-1.31E-11	282.599634
-8.30001	-2.92E-11	282.62293	0.1	-1.31E-11	282.62293
-8.20001	-2.87E-11	282.646223	0.0999998	-1.31E-11	282.646223
-8.10001	-2.6E-11	282.669423	0.0999999	-1.31E-11	282.669423
-8	-2.52E-11	282.692625	0.0999999	-1.31E-11	282.692625
-7.90001	-2.68E-11	282.715928	0.0999999	-1.27E-11	282.715928
-7.80001	-2.64E-11	282.739218	0.0999998	-1.29E-11	282.739218
-7.70001	-4.45E-11	282.794149	0.1000001	-1.13E-11	282.794149
-7.6	-2.55E-11	282.817386	0.0999998	-1.31E-11	282.817386
-7.50001	-2.42E-11	282.840688	0.0999998	-1.31E-11	282.840688
-7.40001	-2.3E-11	282.863965	0.0999999	-1.3E-11	282.863965
-7.30001	-2.44E-11	282.887299	0.0999997	-1.29E-11	282.887299
-7.2	-2.26E-11	282.910505	0.1	-1.33E-11	282.910505
-7.10001	-2.23E-11	282.933733	0.0999999	-1.32E-11	282.933733
-7.00001	-2.15E-11	282.956951	0.0999997	-1.32E-11	282.956951
-6.90001	-2.29E-11	282.980234	0.0999999	-1.29E-11	282.980234
-6.80001	-2.07E-11	283.003441	0.0999998	-1.35E-11	283.003441
-6.70001	-2.03E-11	283.026697	0.0999996	-1.39E-11	283.026697
-6.60001	-1.96E-11	283.049908	0.0999999	-1.35E-11	283.049908
-6.50001	-2.07E-11	283.073185	0.0999999	-1.31E-11	283.073185
-6.40001	-2.07E-11	283.09647	0.0999999	-1.32E-11	283.09647
-6.30001	-1.84E-11	283.119686	0.0999996	-1.37E-11	283.119686
-6.20001	-1.85E-11	283.142906	0.0999998	-1.34E-11	283.142906
-6.10001	-2.02E-11	283.166198	0.0999997	-1.33E-11	283.166198
-6.00001	-1.79E-11	283.189476	0.0999998	-1.37E-11	283.189476
-5.90001	-1.7E-11	283.212708	0.0999999	-1.35E-11	283.212708
-5.80001	-1.64E-11	283.235941	0.0999999	-1.36E-11	283.235941
-5.70001	-1.82E-11	283.259233	0.0999997	-1.41E-11	283.259233
-5.60001	-3.64E-11	283.299865	0.0999999	-1.2E-11	283.299865
-5.50001	-1.67E-11	283.323103	0.0999998	-1.35E-11	283.323103
-5.40001	-1.75E-11	283.346484	0.0999998	-1.38E-11	283.346484
-5.30001	-1.68E-11	283.369773	0.0999998	-1.36E-11	283.369773
-5.20001	-1.48E-11	283.39304	0.0999998	-1.41E-11	283.39304
-5.1	-1.42E-11	283.416257	0.0999998	-1.38E-11	283.416257
-5.00001	-1.54E-11	283.439551	0.0999998	-1.37E-11	283.439551
-4.90001	-1.33E-11	283.462782	0.0999996	-1.43E-11	283.462782
-4.80001	-1.47E-11	283.486076	0.0999999	-1.39E-11	283.486076
-4.7	-1.41E-11	283.509362	0.0999998	-1.39E-11	283.509362
-4.60001	-1.35E-11	283.532698	0.0999999	-1.44E-11	283.532698
-4.50001	-1.22E-11	283.555918	0.0999997	-1.42E-11	283.555918
-4.40001	-1.11E-11	283.579135	0.0999998	-1.4E-11	283.579135
-4.3	-1.11E-11	283.602351	0.0999998	-1.39E-11	283.602351
-4.20001	-1.21E-11	283.625649	0.0999999	-1.39E-11	283.625649
-4.10001	-9.8E-12	283.648854	0.0999999	-1.41E-11	283.648854
-4.00001	-9.3E-12	283.672065	0.0999998	-1.39E-11	283.672065
-3.90001	-8.3E-12	283.695273	0.0999998	-1.44E-11	283.695273
-3.80001	-1E-11	283.718557	0.0999997	-1.44E-11	283.718557
-3.70001	-9.7E-12	283.741842	0.0999999	-1.42E-11	283.741842
-3.60001	-2.9E-11	283.801415	0.1	-1.28E-11	283.801415
-3.50001	-1.06E-11	283.824729	0.0999998	-1.45E-11	283.824729
-3.40001	-8E-12	283.848044	0.0999997	-1.45E-11	283.848044
-3.30001	-7.8E-12	283.871347	0.0999999	-1.38E-11	283.871347
-3.20001	-6.5E-12	283.894613	0.0999997	-1.49E-11	283.894613
-3.10001	-7E-12	283.917907	0.0999999	-1.45E-11	283.917907
-3.00001	-5.2E-12	283.941111	0.0999997	-1.48E-11	283.941111
-2.90001	-4.3E-12	283.964347	0.0999998	-1.47E-11	283.964347
-2.80001	-3.2E-12	283.98756	0.0999997	-1.51E-11	283.98756
-2.70001	-4.5E-12	284.010849	0.0999998	-1.47E-11	284.010849
-2.60001	-3.8E-12	284.034148	0.0999999	-1.45E-11	284.034148
-2.50001	-1.2E-12	284.057349	0.0999999	-1.49E-11	284.057349
-2.40001	-1E-12	284.08059	0.0999998	-1.49E-11	284.08059
-2.30001	-1.5E-12	284.103874	0.0999998	-1.34E-11	284.103874
-2.20001	4E-13	284.127204	0.0999999	-4.4E-12	284.127204
-2.099999	-1.51E-11	284.152337	0.0999999	5.63E-11	284.152337
-2	2.8E-12	284.175547	0.1	3.394E-10	284.175547
-1.9	2E-12	284.198875	0.1000003	1.44E-09	284.198875
-1.8	2.7E-12	284.222169	0.1000014	5.0055E-09	284.222169
-1.699999	5.5E-12	284.245396	0.1000029	1.47936E-08	284.245396
-1.600001	-1.57E-11	284.302845	0.1000044	3.63501E-08	284.302845
-1.5	4.3E-12	284.326095	0.0999993	8.2278E-08	284.326095
-1.400001	-1.45E-11	284.365662	0.1000002	1.58447E-07	284.365662
-1.3	-8.5E-12	284.391479	0.1000004	2.83166E-07	284.391479
-1.200001	-6.8E-12	284.415993	0.1000005	4.59349E-07	284.415993
-1.100001	-5.4E-12	284.440524	0.100001	6.92893E-07	284.440524
-1	-3.4E-12	284.465046	0.1000008	9.85944E-07	284.465046
-0.900001	-7.9E-12	284.499586	0.1000001	1.33225E-06	284.499586
-0.800001	-3.2E-12	284.524317	0.1	1.74216E-06	284.524317
-0.7	-4E-13	284.548853	0.1000002	2.2018E-06	284.548853
-0.6	6E-13	284.573377	0.1	2.70639E-06	284.573377
-0.500001	2.4E-12	284.597919	0.0999999	3.25133E-06	284.597919
-0.400001	4E-12	284.622426	0.1000001	3.82962E-06	284.622426
-0.3	5.4E-12	284.646938	0.1000001	4.43803E-06	284.646938
-0.2	3.6E-12	284.673369	0.1	5.07071E-06	284.673369
-0.0999998	8.5E-12	284.697889	0.1000001	5.7261E-06	284.697889
2E-07	1.05E-11	284.722382	0.1000001	6.39715E-06	284.722382
0.1000003	1.22E-11	284.746895	0.1000001	7.08317E-06	284.746895
0.2	7.2E-12	284.811057	0.1	7.77131E-06	284.811057
0.3	1.41E-11	284.835879	0.1	8.4842E-06	284.835879
0.4	1.63E-11	284.860459	0.1	9.20575E-06	284.860459
0.5	1.89E-11	284.884976	0.0999998	9.93492E-06	284.884976
0.599999	1.57E-11	284.919698	0.1	1.0663E-05	284.919698
0.7	2.2E-11	284.944239	0.1	1.14098E-05	284.944239
0.799999	2.47E-11	284.96879	0.1000003	1.2164E-05	284.96879
0.899999	2.62E-11	284.993315	0.1	1.29241E-05	284.993315
0.999999	2.8E-11	285.017851	0.1000001	1.36901E-05	285.017851
1.1	3.05E-11	285.042369	0.1000002	1.4461E-05	285.042369
1.2	3.18E-11	285.066877	0.1000001	1.52358E-05	285.066877
1.3	3.38E-11	285.091379	0.1	1.60144E-05	285.091379
1.4	3.52E-11	285.115876	0.1000002	1.67969E-05	285.115876
1.5	3.59E-11	285.140384	0.0999999	1.75814E-05	285.140384
1.599999	3.72E-11	285.164883	0.1000001	1.83685E-05	285.164883
1.699999	3.89E-11	285.189392	0.1000001	1.91573E-05	285.189392
1.8	3.94E-11	285.213911	0.1000002	1.99485E-05	285.213911
1.9	3.99E-11	285.23847	0.0999999	2.07405E-05	285.23847
2	4.12E-11	285.262965	0.1	2.15344E-05	285.262965
2.099999	3.48E-11	285.30965	0.1000001	2.23239E-05	285.30965
2.19999	3.98E-11	285.334398	0.0999999	2.3114E-05	285.334398
2.29999	4.17E-11	285.359018	0.0999999	2.39124E-05	285.359018
2.39999	4.25E-11	285.383526	0.1000001	2.47115E-05	285.383526
2.49999	4.31E-11	285.408126	0.1000001	2.55115E-05	285.408126
2.59999	4.36E-11	285.432663	0.1	2.63114E-05	285.432663
2.69999	4.41E-11	285.457178	0.1	2.7112E-05	285.457178
2.79999	4.45E-11	285.481731	0.1	2.7913E-05	285.481731
2.89999	4.51E-11	285.506225	0.1000002	2.87151E-05	285.506225
2.99999	4.55E-11	285.530818	0.1000002	2.95171E-05	285.530818
3.09999	4.61E-11	285.555352	0.1000001	3.03203E-05	285.555352
3.19999	4.64E-11	285.579869	0.1	3.11237E-05	285.579869
3.29999	4.66E-11	285.604394	0.1	3.19275E-05	285.604394
3.39999	4.72E-11	285.628895	0.1000001	3.27317E-05	285.628895
3.49999	4.77E-11	285.653411	0.1000001	3.3537E-05	285.653411
3.59999	4.75E-11	285.677918	0.1000001	3.43429E-05	285.677918
3.69999	4.8E-11	285.702419	0.0999998	3.51491E-05	285.702419
3.79999	4.8E-11	285.726945	0.1	3.59555E-05	285.726945
3.89999	4.86E-11	285.751462	0.1000001	3.67629E-05	285.751462
3.99999	4.14E-11	285.80872	0.1000001	3.75612E-05	285.80872
4.09999	4.69E-11	285.8333	0.1	3.83733E-05	285.8333
4.19999	4.78E-11	285.857906	0.0999998	3.91848E-05	285.857906
4.29999	4.83E-11	285.882416	0.1	3.99965E-05	285.882416
4.39999	4.87E-11	285.906995	0.1000002	4.0808E-05	285.906995
4.49999	4.89E-11	285.931566	0.1000001	4.16201E-05	285.931566
4.59999	4.97E-11	285.956104	0.1	4.24334E-05	285.956104
4.69999	4.95E-11	285.980741	0.1000002	4.32473E-05	285.980741
4.79999	4.96E-11	286.005278	0.0999999	4.40618E-05	286.005278
4.89999	5.03E-11	286.02983	0.1000001	4.48773E-05	286.02983
4.99999	5.09E-11	286.054388	0.0999999	4.56935E-05	286.054388
5.09999	5.11E-11	286.078911	0.1000002	4.65108E-05	286.078911
5.19999	5.08E-11	286.10342	0.1000001	4.73285E-05	286.10342
5.29999	5.13E-11	286.127939	0.0999999	4.81471E-05	286.127939
5.39999	5.14E-11	286.152483	0.1000002	4.89679E-05	286.152483
5.49999	5.16E-11	286.177008	0.1000001	4.97882E-05	286.177008
5.59999	5.19E-11	286.201574	0.0999999	5.06098E-05	286.201574
5.69999	5.17E-11	286.226116	0.1	5.14327E-05	286.226116
5.79999	5.19E-11	286.25072	0.1000001	5.22566E-05	286.25072
5.89999	4.55E-11	286.30604	0.1000001	5.30732E-05	286.30604
5.99999	5.08E-11	286.33056	0.1000001	5.39022E-05	286.33056
6.09999	5.14E-11	286.35517	0.1000001	5.4731E-05	286.35517
6.19999	5.19E-11	286.379678	0.1000002	5.55592E-05	286.379678
6.29999	5.22E-11	286.404249	0.0999999	5.63883E-05	286.404249
6.39999	5.24E-11	286.428784	0.1000002	5.72189E-05	286.428784
6.49999	5.23E-11	286.453427	0.1000002	5.80511E-05	286.453427
6.59999	5.24E-11	286.477954	0.1000002	5.88827E-05	286.477954
6.69999	5.22E-11	286.502488	0.1	5.97158E-05	286.502488
6.79999	5.28E-11	286.52708	0.1000001	6.05498E-05	286.52708
6.89999	5.36E-11	286.551644	0.1000001	6.13859E-05	286.551644
6.99999	5.35E-11	286.576154	0.0999999	6.22231E-05	286.576154
7.09999	5.38E-11	286.600697	0.1	6.30609E-05	286.600697
7.19999	5.41E-11	286.625442	0.1000001	6.38997E-05	286.625442
7.29999	5.39E-11	286.649958	0.1000003	6.47393E-05	286.649958
7.39999	5.42E-11	286.674472	0.1000001	6.558E-05	286.674472
7.49999	5.44E-11	286.698987	0.1	6.6422E-05	286.698987
7.59999	5.43E-11	286.723501	0.1	6.72656E-05	286.723501
7.69999	5.43E-11	286.748012	0.1000001	6.81086E-05	286.748012
7.79999	4.78E-11	286.805447	0.1	6.89435E-05	286.805447
7.89999	5.29E-11	286.83003	0.1	6.97933E-05	286.83003
7.99999	5.39E-11	286.854621	0.0999999	7.06413E-05	286.854621
8.09999	5.43E-11	286.87919	0.1000001	7.14905E-05	286.87919
8.19999	5.44E-11	286.903787	0.1	7.2342E-05	286.903787
8.29999	5.49E-11	286.928293	0.0999999	7.3192E-05	286.928293
8.39999	5.52E-11	286.952806	0.0999999	7.40441E-05	286.952806
8.49999	5.5E-11	286.977346	0.1000002	7.48964E-05	286.977346
8.59999	5.51E-11	287.001878	0.1	7.57513E-05	287.001878
8.69999	5.52E-11	287.026423	0.1000003	7.6606E-05	287.026423
8.79999	5.6E-11	287.050947	0.1000001	7.74617E-05	287.050947
8.89999	5.62E-11	287.075487	0.1000002	7.83191E-05	287.075487
8.99999	5.67E-11	287.099993	0.1	7.91775E-05	287.099993
9.09999	5.65E-11	287.124501	0.0999999	8.00363E-05	287.124501
9.19999	5.64E-11	287.149017	0.0999999	8.08969E-05	287.149017
9.29999	5.68E-11	287.173525	0.1	8.17555E-05	287.173525
9.39999	5.66E-11	287.198128	0.1	8.26209E-05	287.198128
9.49999	5.62E-11	287.222669	0.1000002	8.34869E-05	287.222669
9.59999	5.68E-11	287.247299	0.1	8.43533E-05	287.247299
9.69999	5.07E-11	287.296228	0.1000002	8.52146E-05	287.296228
9.79999	5.55E-11	287.320839	0.0999998	8.60856E-05	287.320839
9.89999	5.51E-11	287.345465	0.1	8.69559E-05	287.345465
9.99999	5.6E-11	287.370064	0.1	8.78276E-05	287.370064
9.9	4.6E-11	287.396245	0.0999999	8.69413E-05	287.396245
9.8	3.95E-11	287.420772	0.1000001	8.60617E-05	287.420772
9.7	3.74E-11	287.445295	0.1000001	8.51861E-05	287.445295
9.6	3.54E-11	287.46984	0.1000001	8.43114E-05	287.46984
9.5	3.47E-11	287.494351	0.1	8.3438E-05	287.494351
9.4	3.33E-11	287.518863	0.0999998	8.25664E-05	287.518863
9.3	3.21E-11	287.543466	0.0999999	8.16981E-05	287.543466
9.2	3.15E-11	287.568022	0.1	8.08281E-05	287.568022
9.1	3.01E-11	287.592537	0.0999998	7.99618E-05	287.592537
9	2.89E-11	287.617055	0.0999997	7.90955E-05	287.617055
8.9	2.88E-11	287.641597	0.0999999	7.82353E-05	287.641597
8.8	2.8E-11	287.666256	0.1	7.73692E-05	287.666256
8.7	2.75E-11	287.690775	0.1	7.65041E-05	287.690775
8.6	2.71E-11	287.715303	0.0999999	7.56421E-05	287.715303
8.5	2.64E-11	287.73984	0.1	7.47793E-05	287.73984
8.4	2.61E-11	287.764476	0.1	7.39184E-05	287.764476
8.30001	3.02E-11	287.810373	0.0999997	7.3063E-05	287.810373
8.2	2.54E-11	287.834919	0.0999998	7.22039E-05	287.834919
8.1	2.48E-11	287.859487	0.0999999	7.13465E-05	287.859487
8	2.41E-11	287.884044	0.0999998	7.04908E-05	287.884044
7.9	2.38E-11	287.908648	0.0999999	6.96358E-05	287.908648
7.8	2.37E-11	287.93314	0.1000001	6.87827E-05	287.93314
7.7	2.33E-11	287.95769	0.1000001	6.79305E-05	287.95769
7.6	2.25E-11	287.982327	0.1000002	6.70783E-05	287.982327
7.5	2.17E-11	288.006834	0.0999997	6.62283E-05	288.006834
7.4	2.1E-11	288.031344	0.0999998	6.53794E-05	288.031344
7.3	2.11E-11	288.055979	0.1	6.45314E-05	288.055979
7.2	2.04E-11	288.080516	0.1000001	6.36842E-05	288.080516
7.1	1.94E-11	288.105019	0.0999998	6.28383E-05	288.105019
7	1.97E-11	288.129544	0.1000002	6.19933E-05	288.129544
6.9	1.94E-11	288.154055	0.0999999	6.11488E-05	288.154055
6.8	1.89E-11	288.178616	0.1	6.0305E-05	288.178616
6.7	1.85E-11	288.203179	0.1000001	5.94628E-05	288.203179
6.6	1.76E-11	288.227739	0.1000001	5.86227E-05	288.227739
6.5	1.77E-11	288.252243	0.0999999	5.77824E-05	288.252243
6.4	2.49E-11	288.314187	0.0999998	5.69494E-05	288.314187
6.3	1.91E-11	288.338755	0.0999997	5.6111E-05	288.338755
6.2	1.83E-11	288.363352	0.1	5.52736E-05	288.363352
6.1	1.78E-11	288.387877	0.1000001	5.44366E-05	288.387877
6	1.69E-11	288.412441	0.1	5.36018E-05	288.412441
5.9	1.62E-11	288.436957	0.1000002	5.27683E-05	288.436957
5.8	1.52E-11	288.461469	0.1000003	5.19346E-05	288.461469
5.7	1.54E-11	288.486041	0.0999998	5.11023E-05	288.486041
5.6	1.47E-11	288.510558	0.0999999	5.02707E-05	288.510558
5.5	1.4E-11	288.53514	0.1000001	4.94411E-05	288.53514
5.4	1.42E-11	288.559689	0.0999999	4.86117E-05	288.559689
5.3	1.39E-11	288.58421	0.1	4.7783E-05	288.58421
5.2	1.27E-11	288.608711	0.0999997	4.69561E-05	288.608711
5.1	1.24E-11	288.633217	0.1000001	4.61294E-05	288.633217
5	1.25E-11	288.657733	0.1	4.53037E-05	288.657733
4.9	1.18E-11	288.682269	0.0999997	4.44797E-05	288.682269
4.8	1.16E-11	288.706777	0.0999999	4.36569E-05	288.706777
4.7	1.11E-11	288.731307	0.1	4.28348E-05	288.731307
4.6	1.07E-11	288.755809	0.0999998	4.20138E-05	288.755809
4.5	1.72E-11	288.8178	0.0999999	4.11975E-05	288.8178
4.4	1.19E-11	288.842344	0.1000001	4.03777E-05	288.842344
4.3	1.09E-11	288.86694	0.1	3.95587E-05	288.86694
4.2	1.01E-11	288.891538	0.0999999	3.8741E-05	288.891538
4.1	8.9E-12	288.916093	0.0999999	3.79237E-05	288.916093
4	8.5E-12	288.940602	0.0999999	3.71077E-05	288.940602
3.9	7.7E-12	288.965145	0.0999999	3.62928E-05	288.965145
3.8	7.1E-12	288.989701	0.0999998	3.5479E-05	288.989701
3.7	6.4E-12	289.014225	0.0999998	3.46658E-05	289.014225
3.6	5.5E-12	289.038723	0.1	3.38536E-05	289.038723
3.5	5.6E-12	289.063355	0.1000001	3.30425E-05	289.063355
3.4	4.3E-12	289.087896	0.0999998	3.22327E-05	289.087896
3.3	3.6E-12	289.112416	0.0999998	3.1424E-05	289.112416
3.2	3.3E-12	289.136903	0.1000001	3.06155E-05	289.136903
3.1	2.5E-12	289.161423	0.1000001	2.98091E-05	289.161423
3	1.9E-12	289.185943	0.1000002	2.90035E-05	289.185943
2.9	1.1E-12	289.21053	0.0999999	2.81992E-05	289.21053
2.8	1E-13	289.235043	0.0999999	2.73954E-05	289.235043
2.7	-3E-13	289.259585	0.1	2.65923E-05	289.259585
2.6	5.7E-12	289.319074	0.1	2.57965E-05	289.319074
2.5	2E-13	289.343596	0.1000001	2.49949E-05	289.343596
2.4	-1.5E-12	289.368142	0.1	2.41964E-05	289.368142
2.3	-2.9E-12	289.392664	0.1000001	2.33983E-05	289.392664
2.2	-4E-12	289.417238	0.0999998	2.26017E-05	289.417238
2.099999	-1.3E-12	289.443668	0.1000001	2.18151E-05	289.443668
2	-6.2E-12	289.468194	0.0999999	2.10218E-05	289.468194
1.9	-6.7E-12	289.492748	0.0999999	2.02306E-05	289.492748
1.8	-8.2E-12	289.517279	0.0999998	1.94413E-05	289.517279
1.7	-9.2E-12	289.541868	0.1	1.86542E-05	289.541868
1.6	-1.07E-11	289.566376	0.1	1.78696E-05	289.566376
1.5	-1.15E-11	289.590911	0.0999997	1.70864E-05	289.590911
1.4	-1.32E-11	289.615411	0.0999999	1.63068E-05	289.615411
1.3	-1.43E-11	289.63994	0.1	1.55307E-05	289.63994
1.2	-1.6E-11	289.664436	0.1000002	1.47582E-05	289.664436
1.1	-1.76E-11	289.688955	0.1	1.39902E-05	289.688955
1	-1.95E-11	289.713447	0.0999998	1.32271E-05	289.713447
0.9	-2.08E-11	289.737993	0.1000001	1.24703E-05	289.737993
0.8	-2.28E-11	289.762488	0.0999999	1.17198E-05	289.762488
0.700001	-1.8E-11	289.820816	0.0999999	1.09833E-05	289.820816
0.6	-2.51E-11	289.845326	0.1000001	1.02465E-05	289.845326
0.5	-2.74E-11	289.869944	0.0999998	9.5199E-06	289.869944
0.4	-2.63E-11	289.897062	0.0999999	8.80851E-06	289.897062
0.3	-3.21E-11	289.921638	0.1	8.09998E-06	289.921638
0.1999999	-3.11E-11	289.94805	0.1000001	7.40353E-06	289.94805
0.0999995	-3.6E-11	289.972634	0.0999999	6.71703E-06	289.972634
-2E-07	-3.91E-11	289.997132	0.0999997	6.04447E-06	289.997132
#scan	iMeasureCycle=3	iMux=0	time=319.801	N=401	LocalTime=19/04/2023 19:12:58
#VGate(V)	IGate(A)	time(s)	VDrain(V)	IDrain(A)	time(s)
0	-1.76E-11	319.808492	0.1	6.20256E-06	319.808492
-0.1000006	-2.57E-11	319.833355	0.1	5.5284E-06	319.833355
-0.2000002	-2.7E-11	319.858995	0.1	4.87504E-06	319.858995
-0.3	-3.31E-11	319.883722	0.1000001	4.24237E-06	319.883722
-0.4	-3.59E-11	319.908381	0.1	3.63821E-06	319.908381
-0.5	-3.84E-11	319.932912	0.1000001	3.06498E-06	319.932912
-0.6	-4.06E-11	319.95742	0.0999999	2.52924E-06	319.95742
-0.7	-4.27E-11	319.981968	0.0999999	2.03532E-06	319.981968
-0.8	-4.42E-11	320.006477	0.1000001	1.58953E-06	320.006477
-0.9	-4.55E-11	320.031034	0.0999998	1.19783E-06	320.031034
-0.999999	-4.35E-11	320.058328	0.0999994	8.65877E-07	320.058328
-1.1	-4.86E-11	320.082844	0.0999995	5.91869E-07	320.082844
-1.2	-4.96E-11	320.107339	0.0999994	3.78938E-07	320.107339
-1.3	-5.08E-11	320.131847	0.0999998	2.23827E-07	320.131847
-1.4	-5.2E-11	320.156365	0.0999997	1.19584E-07	320.156365
-1.5	-4.66E-11	320.194036	0.0999947	5.77378E-08	320.194036
-1.600001	-6.69E-11	320.217279	0.1000061	2.36957E-08	320.217279
-1.700001	-6.68E-11	320.240563	0.1000018	8.3909E-09	320.240563
-1.800001	-6.75E-11	320.263898	0.1000011	2.505E-09	320.263898
-1.900001	-7E-11	320.287111	0.1000005	6.291E-10	320.287111
-2.000001	-7.1E-11	320.310315	0.1000002	1.227E-10	320.310315
-2.1	-4.96E-11	320.356501	0.1000002	1.1E-11	320.356501
-2.2	-7E-11	320.379974	0.1000002	-7.9E-12	320.379974
-2.3	-7.11E-11	320.403288	0.1000002	-1E-11	320.403288
-2.4	-7.2E-11	320.426517	0.1000002	-1.06E-11	320.426517
-2.5	-7.13E-11	320.449801	0.1000003	-1.08E-11	320.449801
-2.6	-7.16E-11	320.47314	0.1000003	-1.09E-11	320.47314
-2.7	-7.4E-11	320.496357	0.1000001	-1.04E-11	320.496357
-2.8	-7.38E-11	320.519614	0.1000004	-1.03E-11	320.519614
-2.9	-7.33E-11	320.542982	0.1000003	-1.05E-11	320.542982
-3	-7.56E-11	320.566198	0.1000003	-1.05E-11	320.566198
-3.1	-7.55E-11	320.58947	0.1000003	-1.05E-11	320.58947
-3.2	-7.59E-11	320.612683	0.1000003	-1.01E-11	320.612683
-3.3	-7.38E-11	320.636076	0.1000001	-1.02E-11	320.636076
-3.4	-7.71E-11	320.659351	0.1000001	-1.01E-11	320.659351
-3.5	-7.57E-11	320.682645	0.1000003	-1.04E-11	320.682645
-3.6	-7.59E-11	320.705918	0.1000001	-9.8E-12	320.705918
-3.7	-7.58E-11	320.729208	0.1000003	-1.02E-11	320.729208
-3.8	-7.86E-11	320.752407	0.1000002	-9.8E-12	320.752407
-3.9	-7.82E-11	320.775618	0.1000001	-9.4E-12	320.775618
-4	-7.69E-11	320.798911	0.1000002	-1E-11	320.798911
-4.1	-7.71E-11	320.822201	0.1000002	-9.9E-12	320.822201
-4.2	-5.87E-11	320.86761	0.1000001	-1.19E-11	320.86761
-4.3	-7.84E-11	320.890839	0.1000002	-1.02E-11	320.890839
-4.4	-7.7E-11	320.914189	0.1000003	-1.03E-11	320.914189
-4.5	-7.93E-11	320.9374	0.1000003	-9.7E-12	320.9374
-4.6	-7.97E-11	320.960677	0.1000002	-1E-11	320.960677
-4.7	-7.8E-11	320.983971	0.1000001	-1.01E-11	320.983971
-4.8	-7.89E-11	321.007247	0.1000004	-1.01E-11	321.007247
-4.9	-8.05E-11	321.030482	0.1000002	-9.9E-12	321.030482
-5	-8.08E-11	321.053692	0.1000004	-9.9E-12	321.053692
-5.1	-7.93E-11	321.077061	0.1	-9.6E-12	321.077061
-5.2	-7.98E-11	321.100336	0.1000002	-9.9E-12	321.100336
-5.3	-8.16E-11	321.123554	0.1000003	-9.4E-12	321.123554
-5.4	-8.18E-11	321.146785	0.1000004	-9.7E-12	321.146785
-5.5	-8.06E-11	321.170088	0.1000003	-9.5E-12	321.170088
-5.6	-8.05E-11	321.193388	0.1000002	-9.8E-12	321.193388
-5.7	-8.26E-11	321.216602	0.1000001	-9.6E-12	321.216602
-5.8	-8.3E-11	321.239814	0.1000005	-9.3E-12	321.239814
-5.9	-8.17E-11	321.263154	0.1000003	-9.6E-12	321.263154
-6	-8.17E-11	321.286459	0.1000002	-9.4E-12	321.286459
-6.1	-8.35E-11	321.309669	0.1000002	-9.3E-12	321.309669
-6.2	-8.38E-11	321.33288	0.1000002	-9.4E-12	321.33288
-6.3	-6.45E-11	321.369014	0.0999999	-1.11E-11	321.369014
-6.4	-8.22E-11	321.392327	0.1000002	-9.5E-12	321.392327
-6.5	-8.21E-11	321.415679	0.1000002	-9.8E-12	321.415679
-6.6	-8.36E-11	321.438893	0.1000003	-9.7E-12	321.438893
-6.7	-8.27E-11	321.46224	0.1000002	-9.4E-12	321.46224
-6.8	-8.25E-11	321.485542	0.1000004	-9.4E-12	321.485542
-6.9	-8.42E-11	321.508743	0.1000003	-9.3E-12	321.508743
-7	-8.49E-11	321.531976	0.1000002	-9.1E-12	321.531976
-7.1	-8.36E-11	321.555263	0.1000002	-9.2E-12	321.555263
-7.2	-8.39E-11	321.578554	0.1000003	-9.2E-12	321.578554
-7.3	-8.53E-11	321.601825	0.1000002	-9.5E-12	321.601825
-7.4	-8.6E-11	321.625057	0.1000003	-9.2E-12	321.625057
-7.5	-8.5E-11	321.648345	0.1000003	-9.2E-12	321.648345
-7.6	-8.48E-11	321.671644	0.1000004	-9.4E-12	321.671644
-7.7	-8.65E-11	321.694869	0.1000003	-9.2E-12	321.694869
-7.8	-8.69E-11	321.71808	0.1000002	-9.5E-12	321.71808
-7.9	-8.5E-11	321.741368	0.1000002	-9.2E-12	321.741368
-8	-8.5E-11	321.764645	0.1000004	-8.9E-12	321.764645
-8.1	-8.71E-11	321.78787	0.1000002	-9.7E-12	321.78787
-8.2	-8.74E-11	321.811085	0.1000002	-9.4E-12	321.811085
-8.3	-8.59E-11	321.834376	0.1000001	-9.2E-12	321.834376
-8.4	-6.68E-11	321.874827	0.1000001	-1.08E-11	321.874827
-8.5	-8.58E-11	321.898108	0.1000003	-9.2E-12	321.898108
-8.6	-8.69E-11	321.921385	0.1000002	-9.2E-12	321.921385
-8.7	-8.56E-11	321.944681	0.1000003	-9.3E-12	321.944681
-8.8	-8.42E-11	321.968074	0.1000004	-9.5E-12	321.968074
-8.9	-8.76E-11	321.991291	0.1000001	-9E-12	321.991291
-9	-8.77E-11	322.014511	0.1000002	-9.1E-12	322.014511
-9.1	-8.68E-11	322.037818	0.1000003	-8.7E-12	322.037818
-9.2	-8.77E-11	322.061031	0.1000003	-8.8E-12	322.061031
-9.3	-8.77E-11	322.084274	0.1000003	-8.6E-12	322.084274
-9.4	-8.69E-11	322.107562	0.1000005	-9E-12	322.107562
-9.5	-8.7E-11	322.130846	0.1000003	-9.1E-12	322.130846
-9.6	-8.89E-11	322.154036	0.1000003	-8.5E-12	322.154036
-9.7	-8.69E-11	322.177332	0.1000001	-9.3E-12	322.177332
-9.8	-8.82E-11	322.200566	0.1000004	-9.2E-12	322.200566
-9.9	-8.71E-11	322.223867	0.1000003	-9.2E-12	322.223867
-10	-8.85E-11	322.247101	0.1000002	-9.1E-12	322.247101
-9.90001	-4.62E-11	322.270365	0.0999998	-1.27E-11	322.270365
-9.80001	-4.5E-11	322.29367	0.0999998	-1.23E-11	322.29367
-9.70001	-4.22E-11	322.31695	0.0999999	-1.23E-11	322.31695
-9.60001	-5.82E-11	322.376467	0.1000002	-1.02E-11	322.376467
-9.50001	-3.83E-11	322.399724	0.0999999	-1.23E-11	322.399724
-9.40001	-3.55E-11	322.422954	0.0999999	-1.24E-11	322.422954
-9.30001	-3.64E-11	322.446264	0.0999999	-1.22E-11	322.446264
-9.20001	-3.33E-11	322.469527	0.0999997	-1.27E-11	322.469527
-9.10001	-3.18E-11	322.492752	0.0999998	-1.27E-11	322.492752
-9.00001	-3.33E-11	322.516034	0.0999999	-1.27E-11	322.516034
-8.90001	-3.08E-11	322.539334	0.0999998	-1.27E-11	322.539334
-8.80001	-3.02E-11	322.562557	0.1	-1.28E-11	322.562557
-8.70001	-2.99E-11	322.585817	0.0999999	-1.28E-11	322.585817
-8.60001	-3.07E-11	322.609112	0.0999997	-1.22E-11	322.609112
-8.50001	-2.84E-11	322.632314	0.0999997	-1.28E-11	322.632314
-8.40001	-2.76E-11	322.65553	0.0999997	-1.25E-11	322.65553
-8.30001	-2.69E-11	322.678744	0.1	-1.27E-11	322.678744
-8.20001	-2.77E-11	322.702039	0.1	-1.27E-11	322.702039
-8.10001	-2.76E-11	322.72533	0.0999998	-1.3E-11	322.72533
-8.00001	-2.58E-11	322.748531	0.0999997	-1.29E-11	322.748531
-7.90001	-2.49E-11	322.771747	0.0999998	-1.31E-11	322.771747
-7.80001	-2.66E-11	322.795111	0.0999999	-1.28E-11	322.795111
-7.70001	-2.46E-11	322.818319	0.0999998	-1.27E-11	322.818319
-7.60001	-4.53E-11	322.877714	0.1000001	-1.11E-11	322.877714
-7.50001	-2.56E-11	322.900979	0.0999997	-1.27E-11	322.900979
-7.40001	-2.57E-11	322.924331	0.0999999	-1.26E-11	322.924331
-7.30001	-2.35E-11	322.947544	0.0999998	-1.31E-11	322.947544
-7.2	-2.28E-11	322.970809	0.0999997	-1.3E-11	322.970809
-7.10001	-2.25E-11	322.994027	0.0999999	-1.31E-11	322.994027
-7.00001	-2.38E-11	323.017327	0.0999999	-1.28E-11	323.017327
-6.90001	-2.14E-11	323.040569	0.0999997	-1.35E-11	323.040569
-6.80001	-2.12E-11	323.063782	0.0999999	-1.3E-11	323.063782
-6.70001	-2.1E-11	323.087	0.0999999	-1.29E-11	323.087
-6.60001	-2.31E-11	323.11033	0.0999997	-1.3E-11	323.11033
-6.50001	-2.21E-11	323.13362	0.1	-1.36E-11	323.13362
-6.40001	-1.93E-11	323.156822	0.0999997	-1.38E-11	323.156822
-6.30001	-2.09E-11	323.180116	0.0999998	-1.34E-11	323.180116
-6.20001	-2.08E-11	323.20341	0.0999999	-1.29E-11	323.20341
-6.10001	-1.88E-11	323.226613	0.0999999	-1.38E-11	323.226613
-6.00001	-1.85E-11	323.249846	0.0999998	-1.32E-11	323.249846
-5.90001	-1.97E-11	323.273206	0.0999998	-1.35E-11	323.273206
-5.80001	-1.92E-11	323.296488	0.0999998	-1.36E-11	323.296488
-5.70001	-1.69E-11	323.319719	0.0999996	-1.42E-11	323.319719
-5.60001	-3.77E-11	323.378999	0.0999999	-1.16E-11	323.378999
-5.50001	-1.91E-11	323.402277	0.0999999	-1.35E-11	323.402277
-5.40001	-1.87E-11	323.425588	0.0999998	-1.34E-11	323.425588
-5.30001	-1.76E-11	323.448871	0.1	-1.4E-11	323.448871
-5.20001	-1.51E-11	323.472139	0.0999999	-1.41E-11	323.472139
-5.1	-1.66E-11	323.495443	0.0999997	-1.4E-11	323.495443
-5.00001	-1.61E-11	323.51873	0.0999998	-1.4E-11	323.51873
-4.90001	-1.46E-11	323.541971	0.0999998	-1.39E-11	323.541971
-4.80001	-1.36E-11	323.565185	0.0999999	-1.41E-11	323.565185
-4.7	-1.52E-11	323.588539	0.0999997	-1.36E-11	323.588539
-4.60001	-1.47E-11	323.611837	0.0999998	-1.37E-11	323.611837
-4.50001	-1.27E-11	323.635066	0.0999999	-1.4E-11	323.635066
-4.40001	-1.18E-11	323.658291	0.0999999	-1.4E-11	323.658291
-4.3	-1.31E-11	323.681575	0.0999999	-1.37E-11	323.681575
-4.20001	-1.12E-11	323.704873	0.0999999	-1.41E-11	323.704873
-4.10001	-1.21E-11	323.728164	0.0999998	-1.39E-11	323.728164
-4.00001	-9.7E-12	323.751376	0.0999995	-1.42E-11	323.751376
-3.90001	-1.11E-11	323.774661	0.1	-1.38E-11	323.774661
-3.80001	-8.8E-12	323.797878	0.0999998	-1.44E-11	323.797878
-3.70001	-8.1E-12	323.821097	0.0999998	-1.42E-11	323.821097
-3.60001	-2.95E-11	323.880544	0.0999999	-1.25E-11	323.880544
-3.50001	-9.6E-12	323.90379	0.0999998	-1.43E-11	323.90379
-3.40001	-1E-11	323.927141	0.1	-1.41E-11	323.927141
-3.30001	-7.5E-12	323.950348	0.1	-1.48E-11	323.950348
-3.20001	-6.9E-12	323.973617	0.0999998	-1.49E-11	323.973617
-3.10001	-7.6E-12	323.996911	0.0999998	-1.48E-11	323.996911
-3.00001	-5E-12	324.020122	0.0999998	-1.47E-11	324.020122
-2.90001	-4.2E-12	324.043351	0.0999999	-1.48E-11	324.043351
-2.80001	-3.6E-12	324.066563	0.0999998	-1.49E-11	324.066563
-2.70001	-3.3E-12	324.089793	0.0999997	-1.47E-11	324.089793
-2.60001	-4.2E-12	324.113087	0.0999999	-1.48E-11	324.113087
-2.50001	-1.4E-12	324.136291	0.0999999	-1.46E-11	324.136291
-2.40001	-2.7E-12	324.159589	0.0999999	-1.47E-11	324.159589
-2.30001	-1.7E-12	324.182874	0.0999998	-1.37E-11	324.182874
-2.20001	-1E-12	324.206167	0.0999999	-6E-12	324.206167
-2.099999	-1.54E-11	324.231293	0.1	4.65E-11	324.231293
-2	2.5E-12	324.254523	0.0999999	2.925E-10	324.254523
-1.9	1.5E-12	324.277815	0.1000005	1.2754E-09	324.277815
-1.8	1.8E-12	324.301123	0.1000017	4.5013E-09	324.301123
-1.699999	4.6E-12	324.324327	0.1000025	1.3501E-08	324.324327
-1.600001	-1.65E-11	324.382171	0.1000037	3.35254E-08	324.382171
-1.5	4E-12	324.405428	0.1000005	7.68454E-08	324.405428
-1.400001	-1.49E-11	324.444952	0.1000001	1.4943E-07	324.444952
-1.3	-8.6E-12	324.470503	0.1000002	2.6947E-07	324.470503
-1.200001	-7.5E-12	324.495036	0.1000007	4.40487E-07	324.495036
-1.100001	-5.7E-12	324.519565	0.1000008	6.68713E-07	324.519565
-1	-4.6E-12	324.544194	0.1000009	9.55907E-07	324.544194
-0.900001	-8.8E-12	324.57876	0.1	1.29567E-06	324.57876
-0.8	-2.5E-12	324.603351	0.1000002	1.69993E-06	324.603351
-0.700001	-1.2E-12	324.627915	0.1000003	2.15367E-06	324.627915
-0.600001	4E-13	324.652425	0.1	2.65311E-06	324.652425
-0.500001	1.9E-12	324.676955	0.1000002	3.19253E-06	324.676955
-0.4	3.6E-12	324.701455	0.1000002	3.76616E-06	324.701455
-0.3	4.9E-12	324.72599	0.1000001	4.36969E-06	324.72599
-0.2	3.3E-12	324.752434	0.0999999	4.99855E-06	324.752434
-0.0999996	8.9E-12	324.776929	0.1000002	5.64996E-06	324.776929
3E-07	1.04E-11	324.801422	0.1000001	6.31846E-06	324.801422
0.1000004	1.24E-11	324.825925	0.1000003	7.00197E-06	324.825925
0.1999999	7.1E-12	324.89005	0.1	7.6869E-06	324.89005
0.299999	1.43E-11	324.91486	0.0999999	8.39779E-06	324.91486
0.4	1.66E-11	324.939426	0.1	9.11619E-06	324.939426
0.5	1.88E-11	324.963945	0.1000001	9.84383E-06	324.963945
0.599999	1.56E-11	324.998645	0.1000001	1.05698E-05	324.998645
0.699999	2.22E-11	325.023159	0.1000001	1.1315E-05	325.023159
0.799999	2.43E-11	325.047692	0.1000003	1.20669E-05	325.047692
0.899999	2.66E-11	325.072202	0.0999999	1.28255E-05	325.072202
0.999999	2.85E-11	325.096708	0.1	1.35899E-05	325.096708
1.1	3.05E-11	325.121306	0.1	1.43595E-05	325.121306
1.199999	3.21E-11	325.145833	0.1000001	1.51328E-05	325.145833
1.3	3.31E-11	325.17038	0.0999999	1.59109E-05	325.17038
1.399999	3.5E-11	325.194909	0.1000001	1.6692E-05	325.194909
1.5	3.63E-11	325.219423	0.0999999	1.74764E-05	325.219423
1.599999	3.74E-11	325.243927	0.1	1.82626E-05	325.243927
1.699999	3.84E-11	325.268496	0.1	1.90508E-05	325.268496
1.8	3.94E-11	325.29303	0.1	1.98412E-05	325.29303
1.9	4.02E-11	325.317536	0.1000001	2.06337E-05	325.317536
2	4.07E-11	325.342044	0.0999997	2.14278E-05	325.342044
2.099999	3.49E-11	325.388835	0.1	2.22172E-05	325.388835
2.19999	4.02E-11	325.413643	0.1000001	2.30088E-05	325.413643
2.29999	4.12E-11	325.438169	0.1	2.38074E-05	325.438169
2.39999	4.19E-11	325.462719	0.1	2.46067E-05	325.462719
2.49999	4.28E-11	325.487272	0.1000002	2.54071E-05	325.487272
2.59999	4.37E-11	325.511841	0.1000001	2.62076E-05	325.511841
2.69999	4.41E-11	325.536367	0.1	2.70096E-05	325.536367
2.79999	4.47E-11	325.560905	0.1000002	2.78121E-05	325.560905
2.89999	4.48E-11	325.585444	0.1	2.86154E-05	325.585444
2.99999	4.51E-11	325.609963	0.0999998	2.94195E-05	325.609963
3.09999	4.57E-11	325.634498	0.1000001	3.02243E-05	325.634498
3.19999	4.59E-11	325.658997	0.0999998	3.10288E-05	325.658997
3.29999	4.62E-11	325.683523	0.1000001	3.18344E-05	325.683523
3.39999	4.67E-11	325.708013	0.1000003	3.26405E-05	325.708013
3.49999	4.68E-11	325.732549	0.0999999	3.34467E-05	325.732549
3.59999	4.73E-11	325.757084	0.1000001	3.4254E-05	325.757084
3.69999	4.75E-11	325.781617	0.0999999	3.5062E-05	325.781617
3.79999	4.78E-11	325.806143	0.1	3.58702E-05	325.806143
3.89999	4.78E-11	325.830699	0.1000002	3.66785E-05	325.830699
3.99999	4.16E-11	325.887558	0.1	3.7479E-05	325.887558
4.09999	4.62E-11	325.912142	0.1	3.82916E-05	325.912142
4.19999	4.7E-11	325.936709	0.0999999	3.91038E-05	325.936709
4.29999	4.79E-11	325.961215	0.1	3.99165E-05	325.961215
4.39999	4.84E-11	325.985794	0.1000002	4.07295E-05	325.985794
4.49999	4.88E-11	326.010325	0.1000001	4.15425E-05	326.010325
4.59999	4.9E-11	326.034885	0.1	4.2356E-05	326.034885
4.69999	4.95E-11	326.059395	0.1000001	4.31703E-05	326.059395
4.79999	4.99E-11	326.083919	0.1000001	4.39854E-05	326.083919
4.89999	4.97E-11	326.108429	0.1000002	4.48009E-05	326.108429
4.99999	5.04E-11	326.132964	0.1	4.56186E-05	326.132964
5.09999	5.08E-11	326.157467	0.1000002	4.64368E-05	326.157467
5.19999	5.01E-11	326.181982	0.1000002	4.72549E-05	326.181982
5.29999	5.06E-11	326.206515	0.0999999	4.80744E-05	326.206515
5.39999	5.06E-11	326.231049	0.1000001	4.88954E-05	326.231049
5.49999	5.13E-11	326.25559	0.1	4.97155E-05	326.25559
5.59999	5.1E-11	326.280229	0.0999999	5.05375E-05	326.280229
5.69999	5.16E-11	326.304735	0.0999999	5.13606E-05	326.304735
5.79999	5.23E-11	326.32925	0.1	5.21851E-05	326.32925
5.89999	4.51E-11	326.389447	0.1	5.30001E-05	326.389447
5.99999	5.04E-11	326.413997	0.0999999	5.38296E-05	326.413997
6.09999	5.1E-11	326.438611	0.1000001	5.46578E-05	326.438611
6.19999	5.16E-11	326.463133	0.1000003	5.5487E-05	326.463133
6.29999	5.2E-11	326.487694	0.1000003	5.6318E-05	326.487694
6.39999	5.2E-11	326.512223	0.1000001	5.71483E-05	326.512223
6.49999	5.29E-11	326.536814	0.1	5.79803E-05	326.536814
6.59999	5.23E-11	326.561334	0.0999998	5.88135E-05	326.561334
6.69999	5.28E-11	326.585834	0.1000001	5.96466E-05	326.585834
6.79999	5.27E-11	326.610418	0.1	6.0481E-05	326.610418
6.89999	5.32E-11	326.634927	0.0999999	6.13161E-05	326.634927
6.99999	5.31E-11	326.659471	0.1000001	6.21531E-05	326.659471
7.09999	5.32E-11	326.683983	0.1000002	6.2991E-05	326.683983
7.19999	5.36E-11	326.708507	0.1000001	6.38291E-05	326.708507
7.29999	5.39E-11	326.733012	0.1	6.467E-05	326.733012
7.39999	5.41E-11	326.757546	0.1000002	6.55107E-05	326.757546
7.49999	5.45E-11	326.782048	0.1000002	6.6352E-05	326.782048
7.59999	5.43E-11	326.806566	0.1000002	6.71944E-05	326.806566
7.69999	5.47E-11	326.831077	0.1	6.80389E-05	326.831077
7.79999	4.87E-11	326.886226	0.1000002	6.88765E-05	326.886226
7.89999	5.35E-11	326.910797	0.1	6.97245E-05	326.910797
7.99999	5.43E-11	326.935374	0.1000001	7.05733E-05	326.935374
8.09999	5.38E-11	326.959877	0.0999998	7.14226E-05	326.959877
8.19999	5.42E-11	326.984439	0.1000001	7.22726E-05	326.984439
8.29999	5.47E-11	327.008974	0.1	7.31231E-05	327.008974
8.39999	5.51E-11	327.033758	0.1000001	7.39753E-05	327.033758
8.49999	5.51E-11	327.058279	0.1000002	7.48286E-05	327.058279
8.59999	5.52E-11	327.082813	0.1	7.56818E-05	327.082813
8.69999	5.51E-11	327.107339	0.1000001	7.6537E-05	327.107339
8.79999	5.54E-11	327.131871	0.1	7.73933E-05	327.131871
8.89999	5.56E-11	327.156383	0.1000001	7.82515E-05	327.156383
8.99999	5.51E-11	327.180924	0.1000001	7.91097E-05	327.180924
9.09999	5.58E-11	327.205455	0.1000002	7.99686E-05	327.205455
9.19999	5.58E-11	327.230073	0.0999999	8.08295E-05	327.230073
9.29999	5.58E-11	327.254606	0.1000001	8.16885E-05	327.254606
9.39999	5.61E-11	327.279168	0.1000003	8.25524E-05	327.279168
9.49999	5.66E-11	327.303723	0.1000001	8.34188E-05	327.303723
9.59999	5.71E-11	327.328178	0.0999999	8.42861E-05	327.328178
9.69999	4.86E-11	327.390219	0.0999998	8.51442E-05	327.390219
9.79999	5.41E-11	327.414794	0.1000001	8.60154E-05	327.414794
9.89999	5.53E-11	327.439354	0.1	8.68861E-05	327.439354
9.99999	5.64E-11	327.46388	0.1	8.77581E-05	327.46388
9.9	4.25E-11	327.488444	0.1	8.68717E-05	327.488444
9.8	3.93E-11	327.51299	0.1000002	8.59927E-05	327.51299
9.7	3.69E-11	327.537531	0.1	8.5117E-05	327.537531
9.6	3.55E-11	327.56209	0.1000001	8.42428E-05	327.56209
9.5	3.36E-11	327.586601	0.0999999	8.33698E-05	327.586601
9.4	3.27E-11	327.611222	0.0999998	8.24978E-05	327.611222
9.3	3.14E-11	327.635737	0.0999999	8.16276E-05	327.635737
9.2	3.01E-11	327.660275	0.0999998	8.07598E-05	327.660275
9.1	2.94E-11	327.684781	0.0999998	7.98922E-05	327.684781
9	2.96E-11	327.709289	0.0999999	7.90263E-05	327.709289
8.9	2.84E-11	327.733824	0.0999998	7.81657E-05	327.733824
8.8	2.76E-11	327.758347	0.1000001	7.73001E-05	327.758347
8.7	2.67E-11	327.782865	0.1	7.64351E-05	327.782865
8.6	2.65E-11	327.807375	0.0999999	7.55714E-05	327.807375
8.5	2.56E-11	327.831878	0.0999998	7.47104E-05	327.831878
8.4	3.18E-11	327.893676	0.0999998	7.38526E-05	327.893676
8.3	2.6E-11	327.918249	0.1	7.29924E-05	327.918249
8.2	2.53E-11	327.942807	0.1000001	7.21339E-05	327.942807
8.1	2.48E-11	327.967335	0.0999999	7.12769E-05	327.967335
8	2.44E-11	327.991892	0.1000001	7.04207E-05	327.991892
7.9	2.35E-11	328.016432	0.0999999	6.95657E-05	328.016432
7.8	2.32E-11	328.040992	0.0999999	6.87133E-05	328.040992
7.7	2.27E-11	328.065524	0.1000001	6.78606E-05	328.065524
7.6	2.19E-11	328.090034	0.1000002	6.70083E-05	328.090034
7.5	2.16E-11	328.114573	0.0999998	6.61586E-05	328.114573
7.4	2.11E-11	328.139162	0.0999997	6.53087E-05	328.139162
7.3	2.03E-11	328.163679	0.0999999	6.44616E-05	328.163679
7.2	1.99E-11	328.188224	0.1000001	6.36129E-05	328.188224
7.1	1.96E-11	328.212764	0.0999999	6.27662E-05	328.212764
7	1.94E-11	328.237287	0.1	6.19219E-05	328.237287
6.9	1.87E-11	328.261842	0.1000001	6.10775E-05	328.261842
6.8	1.87E-11	328.286432	0.0999998	6.02341E-05	328.286432
6.7	1.84E-11	328.310951	0.0999999	5.93922E-05	328.310951
6.6	1.78E-11	328.335476	0.0999999	5.85514E-05	328.335476
6.5	2.47E-11	328.395209	0.0999998	5.77173E-05	328.395209
6.4	1.91E-11	328.419773	0.0999999	5.68769E-05	328.419773
6.3	1.8E-11	328.444308	0.1	5.60376E-05	328.444308
6.2	1.76E-11	328.468836	0.0999998	5.5201E-05	328.468836
6.1	1.63E-11	328.493387	0.0999999	5.43645E-05	328.493387
6	1.59E-11	328.517932	0.1000002	5.35296E-05	328.517932
5.9	1.63E-11	328.542523	0.1000001	5.26954E-05	328.542523
5.8	1.52E-11	328.567057	0.1	5.18621E-05	328.567057
5.7	1.47E-11	328.591595	0.0999999	5.10302E-05	328.591595
5.6	1.47E-11	328.616175	0.0999998	5.01988E-05	328.616175
5.5	1.43E-11	328.640683	0.1000001	4.93688E-05	328.640683
5.4	1.4E-11	328.665235	0.0999999	4.85393E-05	328.665235
5.3	1.35E-11	328.689788	0.1	4.77109E-05	328.689788
5.2	1.24E-11	328.714297	0.0999999	4.68839E-05	328.714297
5.1	1.21E-11	328.738816	0.1000002	4.6057E-05	328.738816
5	1.14E-11	328.763345	0.1	4.52322E-05	328.763345
4.9	1.12E-11	328.78787	0.0999999	4.44082E-05	328.78787
4.8	1.08E-11	328.812413	0.1	4.35843E-05	328.812413
4.7	1E-11	328.83693	0.1	4.27616E-05	328.83693
4.6	1.85E-11	328.913334	0.1000002	4.19478E-05	328.913334
4.5	1.24E-11	328.937905	0.0999999	4.11275E-05	328.937905
4.4	1.08E-11	328.962525	0.1000002	4.03068E-05	328.962525
4.3	1E-11	328.987068	0.0999999	3.94877E-05	328.987068
4.2	9.5E-12	329.01166	0.0999999	3.86697E-05	329.01166
4.1	8.9E-12	329.036218	0.0999997	3.78535E-05	329.036218
4	7.8E-12	329.060697	0.0999997	3.70373E-05	329.060697
3.9	7.5E-12	329.085227	0.1000001	3.62222E-05	329.085227
3.8	6.6E-12	329.10973	0.0999997	3.54082E-05	329.10973
3.7	6.1E-12	329.134247	0.0999999	3.45956E-05	329.134247
3.6	5.4E-12	329.15876	0.0999998	3.37833E-05	329.15876
3.5	4.8E-12	329.183278	0.0999998	3.29724E-05	329.183278
3.4	4E-12	329.207785	0.1	3.21625E-05	329.207785
3.3	3.5E-12	329.232303	0.1	3.13543E-05	329.232303
3.2	2.7E-12	329.256811	0.1	3.05458E-05	329.256811
3.1	2.1E-12	329.281411	0.1	2.97394E-05	329.281411
3	1.2E-12	329.305917	0.1	2.89339E-05	329.305917
2.9	1E-12	329.33045	0.0999999	2.81293E-05	329.33045
2.8	0	329.354958	0.1	2.7325E-05	329.354958
2.7	4.8E-12	329.394583	0.0999999	2.65249E-05	329.394583
2.6	-5E-13	329.419101	0.0999997	2.57235E-05	329.419101
2.5	-1.8E-12	329.443701	0.1	2.49224E-05	329.443701
2.4	-2.3E-12	329.468222	0.0999998	2.4124E-05	329.468222
2.3	-3.6E-12	329.492818	0.0999999	2.33272E-05	329.492818
2.2	-4.7E-12	329.517321	0.1	2.25321E-05	329.517321
2.099999	-1.8E-12	329.543772	0.1	2.17439E-05	329.543772
2	-6.3E-12	329.568369	0.0999996	2.09508E-05	329.568369
1.9	-7.5E-12	329.592881	0.0999999	2.01599E-05	329.592881
1.8	-8.6E-12	329.617444	0.1	1.9371E-05	329.617444
1.7	-9.6E-12	329.641956	0.0999999	1.85841E-05	329.641956
1.6	-1.11E-11	329.666478	0.1	1.77996E-05	329.666478
1.5	-1.26E-11	329.690989	0.0999998	1.70177E-05	329.690989
1.4	-1.41E-11	329.715493	0.1000001	1.62376E-05	329.715493
1.3	-1.52E-11	329.74001	0.1000001	1.54624E-05	329.74001
1.2	-1.65E-11	329.764513	0.1	1.46903E-05	329.764513
1.1	-1.81E-11	329.78903	0.1	1.39228E-05	329.78903
1	-1.97E-11	329.813541	0.0999998	1.31604E-05	329.813541
0.9	-2.15E-11	329.83804	0.0999999	1.24035E-05	329.83804
0.8	-1.63E-11	329.899999	0.0999999	1.166E-05	329.899999
0.7	-2.3E-11	329.924488	0.0999998	1.09154E-05	329.924488
0.6	-2.59E-11	329.949065	0.1	1.01809E-05	329.949065
0.5	-2.82E-11	329.973575	0.1000002	9.4553E-06	329.973575
0.4	-2.66E-11	330.000752	0.1	8.74576E-06	330.000752
0.3	-3.25E-11	330.025258	0.0999999	8.03774E-06	330.025258
0.2	-3.17E-11	330.051682	0.1	7.343E-06	330.051682
0.0999996	-3.72E-11	330.076209	0.1	6.65806E-06	330.076209
-3E-07	-3.99E-11	330.100692	0.0999999	5.98691E-06	330.100692
