#scan	iMeasureCycle=1	iMux=0	time=0.031	N=401	LocalTime=19/04/2023 15:01:37
#VGate(V)	IGate(A)	time(s)	VDrain(V)	IDrain(A)	time(s)
-2E-07	-1.627E-10	0.033947	0.0999999	1.87071E-06	0.033947
-0.1000005	-2.216E-10	0.058823	0.1	1.42527E-06	0.058823
-0.2000004	-2.695E-10	0.083433	0.0999998	1.03698E-06	0.083433
-0.3	-1.734E-10	0.110942	0.0999999	7.1283E-07	0.110942
-0.4	-1.094E-10	0.135453	0.0999995	4.54205E-07	0.135453
-0.5	-8.77E-11	0.15995	0.0999997	2.63722E-07	0.15995
-0.6	-7.58E-11	0.184486	0.0999997	1.36427E-07	0.184486
-0.7	-5.84E-11	0.222134	0.0999942	6.24817E-08	0.222134
-0.800001	-7.6E-11	0.245339	0.1000054	2.36453E-08	0.245339
-0.900001	-7.48E-11	0.268547	0.1000019	7.6319E-09	0.268547
-1	-7.4E-11	0.291784	0.1000008	2.1166E-09	0.291784
-1.100001	-6.97E-11	0.315405	0.1000003	5.013E-10	0.315405
-1.200001	-7.31E-11	0.338609	0.1000003	9.74E-11	0.338609
-1.300001	-7.04E-11	0.361891	0.1000002	9.3E-12	0.361891
-1.400001	-7.02E-11	0.385173	0.1000001	-7E-12	0.385173
-1.5	-7.12E-11	0.408386	0.1000001	-9.3E-12	0.408386
-1.600001	-7.17E-11	0.431656	0.1000003	-9.2E-12	0.431656
-1.700001	-6.99E-11	0.454946	0.1	-9E-12	0.454946
-1.800001	-7.01E-11	0.478323	0.1000002	-9.4E-12	0.478323
-1.900001	-7.17E-11	0.501597	0.1000003	-9E-12	0.501597
-2.000001	-7.03E-11	0.524962	0.1000001	-8.6E-12	0.524962
-2.100001	-7.03E-11	0.548237	0.1000001	-8.9E-12	0.548237
-2.2	-4.97E-11	0.601752	0.0999999	-1.05E-11	0.601752
-2.3	-6.94E-11	0.624998	0.1000001	-8.6E-12	0.624998
-2.4	-6.87E-11	0.648292	0.1000002	-8.6E-12	0.648292
-2.5	-6.98E-11	0.671592	0.1000001	-8.8E-12	0.671592
-2.6	-7.21E-11	0.694867	0.1000002	-8.4E-12	0.694867
-2.7	-7.27E-11	0.71807	0.1000003	-8.2E-12	0.71807
-2.8	-7.17E-11	0.741358	0.1000001	-8.9E-12	0.741358
-2.9	-7.31E-11	0.764643	0.1000001	-8.6E-12	0.764643
-3	-7.38E-11	0.787861	0.1	-8.5E-12	0.787861
-3.1	-7.42E-11	0.811076	0.1000002	-8.1E-12	0.811076
-3.2	-7.23E-11	0.834373	0.1	-8.3E-12	0.834373
-3.3	-7.28E-11	0.857648	0.1000001	-8.1E-12	0.857648
-3.4	-7.53E-11	0.880851	0.1000001	-8E-12	0.880851
-3.5	-7.58E-11	0.904071	0.1000003	-8.1E-12	0.904071
-3.6	-7.41E-11	0.927356	0.1000001	-8.3E-12	0.927356
-3.7	-7.56E-11	0.950589	0.1000002	-8.1E-12	0.950589
-3.8	-7.65E-11	0.973801	0.1000001	-8.1E-12	0.973801
-3.9	-7.69E-11	0.997015	0.1	-8.3E-12	0.997015
-4	-7.56E-11	1.02039	0.1000001	-8.1E-12	1.02039
-4.1	-7.6E-11	1.043684	0.1000001	-8.2E-12	1.043684
-4.2	-5.73E-11	1.093371	0.0999999	-9.4E-12	1.093371
-4.3	-7.52E-11	1.116693	0.0999999	-8.2E-12	1.116693
-4.4	-7.69E-11	1.139926	0.1000002	-8.1E-12	1.139926
-4.5	-7.83E-11	1.163138	0.1000001	-7.9E-12	1.163138
-4.6	-7.85E-11	1.186405	0.1000001	-7.5E-12	1.186405
-4.7	-7.72E-11	1.209707	0.1000001	-7.8E-12	1.209707
-4.8	-7.9E-11	1.232929	0.1000001	-7.7E-12	1.232929
-4.9	-7.9E-11	1.256148	0.1000002	-7.7E-12	1.256148
-5	-7.94E-11	1.279352	0.1000002	-7.8E-12	1.279352
-5.1	-7.84E-11	1.302648	0.1000002	-8E-12	1.302648
-5.2	-7.98E-11	1.325877	0.1	-7.9E-12	1.325877
-5.3	-8.01E-11	1.349089	0.1000001	-8E-12	1.349089
-5.4	-8.06E-11	1.372302	0.1	-7.5E-12	1.372302
-5.5	-8.1E-11	1.395516	0.1	-7.4E-12	1.395516
-5.6	-8E-11	1.418774	0.1000004	-7.1E-12	1.418774
-5.7	-8.09E-11	1.442007	0.1000001	-8.1E-12	1.442007
-5.8	-8.02E-11	1.465304	0.1000001	-7.9E-12	1.465304
-5.9	-7.98E-11	1.488599	0.1000002	-7.8E-12	1.488599
-6	-8.16E-11	1.511919	0.1000003	-8.1E-12	1.511919
-6.1	-8.21E-11	1.535134	0.1000001	-7.9E-12	1.535134
-6.2	-8.24E-11	1.558342	0.1000001	-7.7E-12	1.558342
-6.3	-6.21E-11	1.594516	0.0999999	-9.4E-12	1.594516
-6.4	-8E-11	1.617827	0.1000001	-7.2E-12	1.617827
-6.5	-8.03E-11	1.641119	0.1000002	-7.7E-12	1.641119
-6.6	-8.23E-11	1.664326	0.1000002	-7.5E-12	1.664326
-6.7	-8.28E-11	1.687583	0.1000001	-6.9E-12	1.687583
-6.8	-8.13E-11	1.710883	0.1000003	-7.1E-12	1.710883
-6.9	-8.33E-11	1.734099	0.1000002	-7.3E-12	1.734099
-7	-8.34E-11	1.757369	0.1	-6.9E-12	1.757369
-7.1	-8.19E-11	1.780662	0.1000001	-7.5E-12	1.780662
-7.2	-8.19E-11	1.803953	0.1000001	-7.9E-12	1.803953
-7.3	-8.36E-11	1.827182	0.1000003	-7.9E-12	1.827182
-7.4	-8.41E-11	1.850401	0.1000002	-8E-12	1.850401
-7.5	-8.43E-11	1.873603	0.1000003	-7.2E-12	1.873603
-7.6	-8.32E-11	1.896892	0.1000001	-7.6E-12	1.896892
-7.7	-8.45E-11	1.920113	0.1000001	-6.9E-12	1.920113
-7.8	-8.44E-11	1.943334	0.1	-7.3E-12	1.943334
-7.9	-8.5E-11	1.966542	0.1000002	-6.8E-12	1.966542
-8	-8.34E-11	1.989911	0.1000001	-7.3E-12	1.989911
-8.1	-8.47E-11	2.013224	0.1000001	-7.3E-12	2.013224
-8.2	-8.52E-11	2.036445	0.1000002	-6.8E-12	2.036445
-8.3	-8.35E-11	2.059735	0.1000001	-7.7E-12	2.059735
-8.4	-6.57E-11	2.096187	0.0999999	-9E-12	2.096187
-8.5	-8.45E-11	2.119436	0.1000002	-6.8E-12	2.119436
-8.6	-8.35E-11	2.142728	0.1000001	-7E-12	2.142728
-8.7	-8.38E-11	2.166005	0.1000002	-7.4E-12	2.166005
-8.8	-8.26E-11	2.189411	0.1	-7.6E-12	2.189411
-8.9	-8.58E-11	2.212637	0.1000004	-7.1E-12	2.212637
-9	-8.45E-11	2.235933	0.1000001	-7E-12	2.235933
-9.1	-8.47E-11	2.259211	0.1000002	-7.1E-12	2.259211
-9.2	-8.63E-11	2.282423	0.1000001	-7.3E-12	2.282423
-9.3	-8.6E-11	2.305652	0.1000002	-7E-12	2.305652
-9.4	-8.54E-11	2.328962	0.1000001	-7E-12	2.328962
-9.5	-8.44E-11	2.352288	0.1	-7.2E-12	2.352288
-9.6	-8.71E-11	2.375493	0.1000001	-7.1E-12	2.375493
-9.7	-8.71E-11	2.398702	0.1000002	-7.1E-12	2.398702
-9.8	-8.56E-11	2.421997	0.1000001	-7.2E-12	2.421997
-9.9	-8.48E-11	2.445354	0.0999999	-6.8E-12	2.445354
-10	-8.75E-11	2.468562	0.1000001	-6.6E-12	2.468562
-9.90001	-4.5E-11	2.491864	0.0999998	-1.04E-11	2.491864
-9.80001	-4.43E-11	2.51528	0.0999998	-1E-11	2.51528
-9.70001	-3.96E-11	2.5385	0.0999996	-1.07E-11	2.5385
-9.60001	-3.74E-11	2.561734	0.0999996	-1.07E-11	2.561734
-9.50001	-5.52E-11	2.602071	0.1	-8.9E-12	2.602071
-9.40001	-3.67E-11	2.625387	0.0999997	-1.06E-11	2.625387
-9.30001	-3.37E-11	2.648597	0.0999998	-1.08E-11	2.648597
-9.20001	-3.22E-11	2.671818	0.0999997	-1.05E-11	2.671818
-9.10001	-3.19E-11	2.695095	0.0999997	-1.05E-11	2.695095
-9.00001	-3.22E-11	2.718393	0.0999998	-1.05E-11	2.718393
-8.90001	-3.2E-11	2.741682	0.0999997	-1.03E-11	2.741682
-8.80001	-2.91E-11	2.764891	0.0999998	-1.08E-11	2.764891
-8.70001	-2.81E-11	2.788111	0.0999997	-1.06E-11	2.788111
-8.60001	-2.91E-11	2.811402	0.0999996	-1.08E-11	2.811402
-8.50001	-2.68E-11	2.834648	0.0999996	-1.12E-11	2.834648
-8.40001	-2.61E-11	2.857867	0.0999997	-1.11E-11	2.857867
-8.30001	-2.58E-11	2.881091	0.0999996	-1.14E-11	2.881091
-8.20001	-2.75E-11	2.904382	0.0999996	-1.09E-11	2.904382
-8.10001	-2.75E-11	2.927677	0.0999996	-1.06E-11	2.927677
-8.00001	-2.47E-11	2.950873	0.0999996	-1.06E-11	2.950873
-7.90001	-2.42E-11	2.974077	0.0999997	-1.09E-11	2.974077
-7.80001	-2.55E-11	2.997368	0.0999996	-1.08E-11	2.997368
-7.70001	-2.28E-11	3.020681	0.0999999	-1.12E-11	3.020681
-7.6	-2.33E-11	3.043984	0.0999996	-1.09E-11	3.043984
-7.50001	-4.27E-11	3.098426	0.1	-9.8E-12	3.098426
-7.40001	-2.51E-11	3.121768	0.0999997	-1.1E-11	3.121768
-7.30001	-2.25E-11	3.144991	0.0999996	-1.12E-11	3.144991
-7.2	-2.19E-11	3.168206	0.0999998	-1.13E-11	3.168206
-7.10001	-2.32E-11	3.191552	0.0999998	-1.08E-11	3.191552
-7.00001	-2.3E-11	3.214857	0.0999996	-1.12E-11	3.214857
-6.90001	-2.04E-11	3.238067	0.0999996	-1.13E-11	3.238067
-6.80001	-1.99E-11	3.261286	0.0999997	-1.11E-11	3.261286
-6.70001	-2.11E-11	3.28457	0.0999998	-1.12E-11	3.28457
-6.60001	-2.12E-11	3.30787	0.0999996	-1.12E-11	3.30787
-6.50001	-1.91E-11	3.331108	0.0999999	-1.13E-11	3.331108
-6.40001	-1.86E-11	3.354314	0.0999997	-1.15E-11	3.354314
-6.30001	-1.97E-11	3.377601	0.0999997	-1.13E-11	3.377601
-6.20001	-1.9E-11	3.400879	0.0999997	-1.09E-11	3.400879
-6.10001	-1.72E-11	3.424103	0.0999998	-1.15E-11	3.424103
-6.00001	-1.66E-11	3.44737	0.0999998	-1.17E-11	3.44737
-5.90001	-1.77E-11	3.470658	0.0999997	-1.18E-11	3.470658
-5.80001	-1.76E-11	3.493936	0.0999998	-1.15E-11	3.493936
-5.70001	-1.63E-11	3.517256	0.0999997	-1.15E-11	3.517256
-5.60001	-1.64E-11	3.540554	0.0999998	-1.18E-11	3.540554
-5.50001	-1.65E-11	3.563853	0.0999999	-1.17E-11	3.563853
-5.40001	-3.44E-11	3.604391	0.0999999	-1.01E-11	3.604391
-5.30001	-1.44E-11	3.627621	0.0999997	-1.16E-11	3.627621
-5.20001	-1.57E-11	3.650916	0.0999997	-1.15E-11	3.650916
-5.1	-1.3E-11	3.674111	0.0999996	-1.17E-11	3.674111
-5.00001	-1.29E-11	3.697385	0.0999996	-1.19E-11	3.697385
-4.90001	-1.26E-11	3.720598	0.0999996	-1.18E-11	3.720598
-4.80001	-1.4E-11	3.743888	0.0999998	-1.16E-11	3.743888
-4.7	-1.14E-11	3.767105	0.0999997	-1.2E-11	3.767105
-4.60001	-1.11E-11	3.790325	0.0999997	-1.22E-11	3.790325
-4.50001	-1.09E-11	3.813554	0.0999996	-1.24E-11	3.813554
-4.40001	-1.05E-11	3.836803	0.0999996	-1.21E-11	3.836803
-4.3	-1.17E-11	3.860101	0.0999997	-1.2E-11	3.860101
-4.20001	-9.6E-12	3.883306	0.0999996	-1.23E-11	3.883306
-4.10001	-8.8E-12	3.906522	0.0999998	-1.17E-11	3.906522
-4.00001	-1.03E-11	3.929809	0.0999998	-1.16E-11	3.929809
-3.90001	-1.03E-11	3.953107	0.0999997	-1.21E-11	3.953107
-3.80001	-7.9E-12	3.976308	0.0999997	-1.21E-11	3.976308
-3.70001	-7E-12	3.99952	0.0999998	-1.21E-11	3.99952
-3.60001	-8E-12	4.022895	0.0999997	-1.22E-11	4.022895
-3.50001	-8E-12	4.046175	0.0999998	-1.22E-11	4.046175
-3.40001	-2.7E-11	4.105753	0.1000001	-1.03E-11	4.105753
-3.30001	-8E-12	4.129083	0.0999998	-1.23E-11	4.129083
-3.20001	-7.9E-12	4.152387	0.0999998	-1.21E-11	4.152387
-3.10001	-5E-12	4.175599	0.0999997	-1.25E-11	4.175599
-3.00001	-4.1E-12	4.19886	0.0999998	-1.24E-11	4.19886
-2.90001	-5.1E-12	4.222149	0.0999997	-1.23E-11	4.222149
-2.80001	-2.5E-12	4.245356	0.0999996	-1.3E-11	4.245356
-2.70001	-2.8E-12	4.268612	0.0999997	-1.29E-11	4.268612
-2.60001	-3.2E-12	4.29189	0.0999997	-1.27E-11	4.29189
-2.50001	-2E-12	4.315185	0.0999997	-1.28E-11	4.315185
-2.40001	3E-13	4.338411	0.0999996	-1.33E-11	4.338411
-2.30001	1.1E-12	4.361627	0.0999997	-1.29E-11	4.361627
-2.20001	-4E-13	4.384917	0.0999996	-1.33E-11	4.384917
-2.099999	-1.44E-11	4.410112	0.0999999	-1.17E-11	4.410112
-2	1.3E-12	4.433404	0.0999997	-1.28E-11	4.433404
-1.9	3.9E-12	4.456674	0.0999997	-1.3E-11	4.456674
-1.8	5.2E-12	4.479885	0.0999999	-1.29E-11	4.479885
-1.7	4.5E-12	4.503261	0.0999997	-1.34E-11	4.503261
-1.599999	6.6E-12	4.526572	0.0999998	-1.33E-11	4.526572
-1.5	7.9E-12	4.549795	0.0999996	-1.27E-11	4.549795
-1.400001	-1.27E-11	4.60728	0.0999999	-3.6E-12	4.60728
-1.3	5.9E-12	4.630604	0.0999999	3.67E-11	4.630604
-1.2	9.9E-12	4.653814	0.1	2.346E-10	4.653814
-1.1	1.09E-11	4.67703	0.1000003	1.0518E-09	4.67703
-0.999999	1.12E-11	4.700362	0.1000014	3.9507E-09	4.700362
-0.9	1.24E-11	4.723659	0.1000043	1.28429E-08	4.723659
-0.799999	1.56E-11	4.746869	0.1000073	3.56668E-08	4.746869
-0.7	1.68E-11	4.770074	0.1000018	8.48446E-08	4.770074
-0.600001	-2.8E-12	4.809601	0.1000003	1.70064E-07	4.809601
-0.500001	3.5E-12	4.834219	0.1000007	3.14775E-07	4.834219
-0.400001	5.2E-12	4.858761	0.1000008	5.20483E-07	4.858761
-0.3	6.8E-12	4.883285	0.1000012	7.91065E-07	4.883285
-0.1999999	3E-12	4.919599	0.1	1.11794E-06	4.919599
-0.0999998	9.5E-12	4.944111	0.1000001	1.51366E-06	4.944111
3E-07	1.2E-11	4.968594	0.1000001	1.95876E-06	4.968594
0.1000004	1.41E-11	4.993085	0.1000002	2.44758E-06	4.993085
0.2000002	1.54E-11	5.017658	0.1000002	2.97287E-06	5.017658
0.299999	1.7E-11	5.042414	0.1000001	3.52758E-06	5.042414
0.4	1.93E-11	5.066923	0.1000001	4.10734E-06	5.066923
0.499999	1.52E-11	5.1126	0.1	4.69608E-06	5.1126
0.599999	2.2E-11	5.137148	0.1000002	5.31585E-06	5.137148
0.7	2.42E-11	5.161647	0.1	5.94785E-06	5.161647
0.8	2.62E-11	5.186168	0.1	6.59166E-06	5.186168
0.9	2.86E-11	5.210712	0.1000003	7.24768E-06	5.210712
0.999999	2.95E-11	5.235305	0.1000005	7.91329E-06	5.235305
1.1	3.2E-11	5.259817	0.0999999	8.5881E-06	5.259817
1.199999	3.34E-11	5.284376	0.1000003	9.27002E-06	5.284376
1.3	3.53E-11	5.308882	0.1000002	9.95869E-06	5.308882
1.399999	3.14E-11	5.343489	0.1000001	1.06423E-05	5.343489
1.5	3.71E-11	5.367992	0.1000002	1.1343E-05	5.367992
1.599999	3.82E-11	5.392523	0.1000003	1.20466E-05	5.392523
1.699999	3.94E-11	5.417024	0.1	1.2753E-05	5.417024
1.8	4.04E-11	5.441639	0.1	1.34622E-05	5.441639
1.9	4.15E-11	5.466249	0.1000001	1.41731E-05	5.466249
2	4.22E-11	5.490788	0.1000002	1.48873E-05	5.490788
2.1	4.31E-11	5.515313	0.0999997	1.56033E-05	5.515313
2.19999	4.33E-11	5.54008	0.1000003	1.63165E-05	5.54008
2.29999	4.44E-11	5.56459	0.1	1.70359E-05	5.56459
2.39999	3.81E-11	5.611567	0.1	1.77466E-05	5.611567
2.49999	4.38E-11	5.63611	0.1000001	1.84727E-05	5.63611
2.59999	4.43E-11	5.660661	0.1	1.91982E-05	5.660661
2.69999	4.49E-11	5.68516	0.0999999	1.99246E-05	5.68516
2.79999	4.53E-11	5.709774	0.1000002	2.06518E-05	5.709774
2.89999	4.62E-11	5.734326	0.1	2.13802E-05	5.734326
2.99999	4.7E-11	5.758848	0.1000002	2.21113E-05	5.758848
3.09999	4.75E-11	5.783384	0.1	2.28424E-05	5.783384
3.19999	4.72E-11	5.807907	0.1	2.35752E-05	5.807907
3.29999	4.78E-11	5.832474	0.1000001	2.43092E-05	5.832474
3.39999	4.88E-11	5.85698	0.1000001	2.50437E-05	5.85698
3.49999	4.85E-11	5.88151	0.1000001	2.57804E-05	5.88151
3.59999	4.88E-11	5.906004	0.1	2.6518E-05	5.906004
3.69999	4.9E-11	5.930554	0.1000002	2.72577E-05	5.930554
3.79999	4.94E-11	5.95506	0.1000001	2.7998E-05	5.95506
3.89999	5.04E-11	5.979571	0.1000001	2.87401E-05	5.979571
3.99999	4.99E-11	6.004069	0.1	2.94832E-05	6.004069
4.09999	5.06E-11	6.028698	0.1000002	3.0228E-05	6.028698
4.19999	5.06E-11	6.053219	0.1000001	3.09736E-05	6.053219
4.29999	4.35E-11	6.11274	0.0999999	3.17088E-05	6.11274
4.39999	4.93E-11	6.137341	0.1	3.24612E-05	6.137341
4.49999	4.97E-11	6.161913	0.1000001	3.32119E-05	6.161913
4.59999	5.02E-11	6.186445	0.1	3.39652E-05	6.186445
4.69999	5.05E-11	6.211013	0.1	3.47179E-05	6.211013
4.79999	5.1E-11	6.235603	0.1	3.54722E-05	6.235603
4.89999	5.12E-11	6.260132	0.1	3.62277E-05	6.260132
4.99999	5.14E-11	6.284637	0.0999999	3.69848E-05	6.284637
5.09999	5.2E-11	6.309167	0.1	3.77427E-05	6.309167
5.19999	5.2E-11	6.333731	0.1000001	3.85014E-05	6.333731
5.29999	5.19E-11	6.358248	0.0999999	3.92631E-05	6.358248
5.39999	5.24E-11	6.382758	0.1000001	4.00252E-05	6.382758
5.49999	5.28E-11	6.407254	0.1	4.0789E-05	6.407254
5.59999	5.3E-11	6.431765	0.1	4.15535E-05	6.431765
5.69999	5.35E-11	6.456343	0.1000001	4.23198E-05	6.456343
5.79999	5.39E-11	6.480849	0.1	4.3088E-05	6.480849
5.89999	5.28E-11	6.505496	0.1000003	4.38564E-05	6.505496
5.99999	5.36E-11	6.530086	0.1	4.46269E-05	6.530086
6.09999	5.39E-11	6.554626	0.1	4.53982E-05	6.554626
6.19999	4.72E-11	6.614373	0.1	4.61604E-05	6.614373
6.29999	5.26E-11	6.638973	0.1	4.69374E-05	6.638973
6.39999	5.31E-11	6.663514	0.1000003	4.77144E-05	6.663514
6.49999	5.32E-11	6.688053	0.1	4.84922E-05	6.688053
6.59999	5.39E-11	6.712628	0.1000002	4.92712E-05	6.712628
6.69999	5.43E-11	6.737129	0.1000001	5.00512E-05	6.737129
6.79999	5.46E-11	6.761661	0.1000001	5.0833E-05	6.761661
6.89999	5.48E-11	6.786212	0.1000002	5.16153E-05	6.786212
6.99999	5.51E-11	6.810723	0.1000001	5.24E-05	6.810723
7.09999	5.52E-11	6.83526	0.0999999	5.31856E-05	6.83526
7.19999	5.53E-11	6.859768	0.1000002	5.39727E-05	6.859768
7.29999	5.56E-11	6.88428	0.1000002	5.47609E-05	6.88428
7.39999	5.58E-11	6.908792	0.1000001	5.55506E-05	6.908792
7.49999	5.58E-11	6.933324	0.1000001	5.63412E-05	6.933324
7.59999	5.61E-11	6.957875	0.0999999	5.71324E-05	6.957875
7.69999	5.61E-11	6.982403	0.0999999	5.79263E-05	6.982403
7.79999	5.65E-11	7.006897	0.1000003	5.87222E-05	7.006897
7.89999	5.63E-11	7.031508	0.1000001	5.95178E-05	7.031508
7.99999	5.62E-11	7.056006	0.1	6.0315E-05	7.056006
8.09999	5.03E-11	7.111245	0.0999999	6.1106E-05	7.111245
8.19999	5.46E-11	7.135864	0.1000002	6.19085E-05	7.135864
8.29999	5.59E-11	7.160408	0.1	6.27115E-05	7.160408
8.39999	5.64E-11	7.184923	0.1	6.35151E-05	7.184923
8.49999	5.64E-11	7.209488	0.1000002	6.43201E-05	7.209488
8.59999	5.72E-11	7.234032	0.0999998	6.51265E-05	7.234032
8.69999	5.67E-11	7.258572	0.1000002	6.59342E-05	7.258572
8.79999	5.72E-11	7.283109	0.1	6.67423E-05	7.283109
8.89999	5.7E-11	7.307631	0.1000001	6.75533E-05	7.307631
8.99999	5.7E-11	7.332235	0.1000001	6.83645E-05	7.332235
9.09999	5.75E-11	7.35677	0.0999999	6.91766E-05	7.35677
9.19999	5.77E-11	7.381287	0.0999999	6.99911E-05	7.381287
9.29999	5.76E-11	7.405813	0.1000002	7.08041E-05	7.405813
9.39999	5.79E-11	7.430352	0.0999999	7.16229E-05	7.430352
9.49999	5.8E-11	7.454918	0.0999998	7.24421E-05	7.454918
9.59999	5.81E-11	7.479433	0.0999999	7.32633E-05	7.479433
9.69999	5.82E-11	7.503978	0.1000001	7.4085E-05	7.503978
9.79999	5.86E-11	7.528576	0.1000001	7.49085E-05	7.528576
9.89999	5.81E-11	7.553094	0.1	7.57326E-05	7.553094
9.99999	5.08E-11	7.610953	0.1	7.65491E-05	7.610953
9.9	4.29E-11	7.635517	0.0999997	7.57092E-05	7.635517
9.8	4.05E-11	7.660053	0.1000002	7.48755E-05	7.660053
9.7	3.87E-11	7.684602	0.1	7.40436E-05	7.684602
9.6	3.7E-11	7.709225	0.0999999	7.32134E-05	7.709225
9.5	3.48E-11	7.73373	0.1	7.23852E-05	7.73373
9.4	3.41E-11	7.75827	0.1	7.15596E-05	7.75827
9.3	3.25E-11	7.782796	0.1000001	7.07342E-05	7.782796
9.2	3.22E-11	7.807373	0.0999999	6.99105E-05	7.807373
9.1	3.16E-11	7.831881	0.0999997	6.90887E-05	7.831881
9	3.06E-11	7.856404	0.0999998	6.82686E-05	7.856404
8.9	2.96E-11	7.880912	0.1	6.74534E-05	7.880912
8.8	2.94E-11	7.905446	0.0999997	6.6633E-05	7.905446
8.7	2.84E-11	7.929966	0.0999999	6.58156E-05	7.929966
8.6	2.76E-11	7.954486	0.1000001	6.50009E-05	7.954486
8.5	2.71E-11	7.978999	0.1	6.41857E-05	7.978999
8.4	2.64E-11	8.003488	0.1	6.33726E-05	8.003488
8.3	2.65E-11	8.028032	0.1	6.25615E-05	8.028032
8.2	2.57E-11	8.052509	0.0999999	6.17509E-05	8.052509
8.1	3.2E-11	8.101531	0.0999997	6.09455E-05	8.101531
8	2.65E-11	8.12612	0.0999998	6.01377E-05	8.12612
7.9	2.62E-11	8.150735	0.1	5.93316E-05	8.150735
7.8	2.54E-11	8.175339	0.1	5.85265E-05	8.175339
7.7	2.82E-11	8.201539	0.1000001	5.77245E-05	8.201539
7.6	2.4E-11	8.226057	0.1	5.6922E-05	8.226057
7.5	2.32E-11	8.250577	0.0999999	5.61209E-05	8.250577
7.4	2.25E-11	8.275092	0.1	5.53221E-05	8.275092
7.3	2.27E-11	8.299632	0.0999998	5.45254E-05	8.299632
7.2	2.18E-11	8.324142	0.0999998	5.3729E-05	8.324142
7.1	2.17E-11	8.348709	0.1	5.29345E-05	8.348709
7	2.1E-11	8.373228	0.1000001	5.21409E-05	8.373228
6.9	2.07E-11	8.397727	0.0999998	5.13479E-05	8.397727
6.8	2.08E-11	8.422228	0.1	5.05571E-05	8.422228
6.7	2.06E-11	8.44674	0.1000002	4.97678E-05	8.44674
6.6	1.97E-11	8.471305	0.1	4.89798E-05	8.471305
6.5	1.99E-11	8.495943	0.1	4.81927E-05	8.495943
6.4	1.91E-11	8.520478	0.0999998	4.74067E-05	8.520478
6.3	1.86E-11	8.545048	0.0999998	4.66229E-05	8.545048
6.2	1.84E-11	8.569616	0.0999999	4.58396E-05	8.569616
6.1	2.38E-11	8.615695	0.1	4.50621E-05	8.615695
6	1.89E-11	8.640213	0.0999999	4.42809E-05	8.640213
5.9	1.77E-11	8.664767	0.0999999	4.35018E-05	8.664767
5.8	1.7E-11	8.689283	0.0999999	4.27239E-05	8.689283
5.7	1.71E-11	8.713862	0.1	4.19476E-05	8.713862
5.6	1.65E-11	8.738434	0.0999999	4.1173E-05	8.738434
5.5	1.61E-11	8.763043	0.1000001	4.03994E-05	8.763043
5.4	1.52E-11	8.787559	0.1	3.96269E-05	8.787559
5.3	1.48E-11	8.812165	0.0999999	3.88565E-05	8.812165
5.2	1.47E-11	8.836685	0.1000001	3.80861E-05	8.836685
5.1	1.37E-11	8.861152	0.1000002	3.73178E-05	8.861152
5	1.36E-11	8.885702	0.1	3.65516E-05	8.885702
4.9	1.32E-11	8.910203	0.0999999	3.57858E-05	8.910203
4.8	1.24E-11	8.934729	0.1	3.50215E-05	8.934729
4.7	1.27E-11	8.95927	0.0999998	3.42592E-05	8.95927
4.6	1.19E-11	8.983802	0.1	3.34983E-05	8.983802
4.5	1.17E-11	9.008304	0.1	3.27381E-05	9.008304
4.4	1.09E-11	9.032918	0.1	3.1979E-05	9.032918
4.3	1.11E-11	9.057462	0.0999998	3.12218E-05	9.057462
4.2	1.65E-11	9.098508	0.0999999	3.04697E-05	9.098508
4.1	1.54E-11	9.136542	0.0999998	2.97175E-05	9.136542
4	1.06E-11	9.161084	0.1000001	2.89638E-05	9.161084
3.9	9.7E-12	9.185605	0.1000001	2.82122E-05	9.185605
3.8	8.5E-12	9.210123	0.0999999	2.74614E-05	9.210123
3.7	7.4E-12	9.234699	0.1	2.67132E-05	9.234699
3.6	7.6E-12	9.259212	0.0999998	2.59663E-05	9.259212
3.5	6.9E-12	9.28373	0.0999998	2.52205E-05	9.28373
3.4	6.2E-12	9.308243	0.0999998	2.44773E-05	9.308243
3.3	5.5E-12	9.332745	0.0999999	2.37349E-05	9.332745
3.2	4.5E-12	9.357301	0.1	2.29949E-05	9.357301
3.1	3.8E-12	9.381842	0.0999998	2.22563E-05	9.381842
3	3E-12	9.406378	0.1000001	2.15186E-05	9.406378
2.9	2E-12	9.430883	0.1000001	2.07827E-05	9.430883
2.8	1.9E-12	9.455407	0.0999999	2.00489E-05	9.455407
2.7	9E-13	9.479973	0.0999999	1.93171E-05	9.479973
2.6	2E-13	9.504492	0.1	1.85873E-05	9.504492
2.5	-9E-13	9.528998	0.1	1.78594E-05	9.528998
2.4	-1.9E-12	9.553608	0.0999998	1.71339E-05	9.553608
2.3	-2E-12	9.578169	0.0999999	1.64098E-05	9.578169
2.2	2.2E-12	9.619328	0.0999998	1.56922E-05	9.619328
2.099999	6E-13	9.64575	0.1	1.4977E-05	9.64575
2	-4.2E-12	9.670262	0.1000001	1.42601E-05	9.670262
1.9	-5.3E-12	9.694771	0.0999998	1.3547E-05	9.694771
1.8	-6.5E-12	9.719468	0.1	1.28372E-05	9.719468
1.7	-7.8E-12	9.744005	0.0999999	1.21312E-05	9.744005
1.6	-8.9E-12	9.768536	0.1000001	1.14288E-05	9.768536
1.5	-9.9E-12	9.793057	0.0999999	1.07311E-05	9.793057
1.4	-1.14E-11	9.81763	0.1000001	1.00388E-05	9.81763
1.3	-1.27E-11	9.842202	0.1000001	9.3521E-06	9.842202
1.2	-1.06E-11	9.869342	0.1	8.67829E-06	9.869342
1.1	-1.55E-11	9.893858	0.0999998	8.00681E-06	9.893858
0.999999	-1.69E-11	9.918391	0.0999998	7.34523E-06	9.918391
0.9	-1.93E-11	9.942895	0.0999999	6.69461E-06	9.942895
0.8	-2.09E-11	9.967402	0.0999999	6.05622E-06	9.967402
0.7	-2.28E-11	9.991914	0.1000001	5.43141E-06	9.991914
0.6	-2.48E-11	10.016455	0.0999999	4.82216E-06	10.016455
0.5	-2.74E-11	10.041039	0.1	4.22911E-06	10.041039
0.4	-2.94E-11	10.065551	0.0999999	3.65573E-06	10.065551
0.3	-2.52E-11	10.120312	0.0999998	3.11153E-06	10.120312
0.1999997	-2.87E-11	10.146769	0.1	2.58808E-06	10.146769
0.0999997	-3.47E-11	10.171295	0.0999999	2.09775E-06	10.171295
-3E-07	-3.73E-11	10.195818	0.0999998	1.6479E-06	10.195818
#scan	iMeasureCycle=2	iMux=0	time=279.625	N=401	LocalTime=19/04/2023 15:06:17
#VGate(V)	IGate(A)	time(s)	VDrain(V)	IDrain(A)	time(s)
0	-1.57E-11	279.632493	0.1	1.7585E-06	279.632493
-0.1000003	-2.34E-11	279.65741	0.1	1.33061E-06	279.65741
-0.2000002	-2.51E-11	279.683452	0.0999997	9.6033E-07	279.683452
-0.3	-2.72E-11	279.710962	0.0999996	6.52775E-07	279.710962
-0.4	-3.41E-11	279.735468	0.0999995	4.09885E-07	279.735468
-0.5	-3.64E-11	279.759996	0.0999996	2.33747E-07	279.759996
-0.6	-3.9E-11	279.784504	0.0999997	1.18159E-07	279.784504
-0.7	-3.48E-11	279.822196	0.0999948	5.28362E-08	279.822196
-0.800001	-5.64E-11	279.845403	0.1000049	1.94436E-08	279.845403
-0.900001	-5.66E-11	279.868686	0.1000012	6.0982E-09	279.868686
-1.000001	-5.83E-11	279.891975	0.1000003	1.6462E-09	279.891975
-1.100001	-6.14E-11	279.915165	0.1000002	3.853E-10	279.915165
-1.200001	-6.25E-11	279.938375	0.1000002	7.25E-11	279.938375
-1.300001	-6.17E-11	279.961657	0.1	4.3E-12	279.961657
-1.400001	-6.3E-11	279.984943	0.1000001	-7.8E-12	279.984943
-1.500001	-6.54E-11	280.008147	0.1	-8.8E-12	280.008147
-1.600001	-6.58E-11	280.031438	0.1000003	-8.7E-12	280.031438
-1.700001	-6.51E-11	280.054724	0.1000003	-9.2E-12	280.054724
-1.800001	-6.58E-11	280.078013	0.1000002	-9.1E-12	280.078013
-1.900001	-6.84E-11	280.101224	0.1000001	-8.7E-12	280.101224
-2.000001	-6.95E-11	280.124487	0.1000003	-8.6E-12	280.124487
-2.100001	-6.79E-11	280.147775	0.1000002	-8.6E-12	280.147775
-2.2	-4.82E-11	280.200834	0.1	-1.05E-11	280.200834
-2.3	-6.65E-11	280.224142	0.1000001	-9.4E-12	280.224142
-2.4	-6.75E-11	280.247436	0.1000001	-8.8E-12	280.247436
-2.5	-7.02E-11	280.270648	0.1	-8.6E-12	280.270648
-2.6	-7.13E-11	280.293911	0.1000003	-8.6E-12	280.293911
-2.7	-6.96E-11	280.31722	0.1000001	-8.8E-12	280.31722
-2.8	-7.19E-11	280.340435	0.1000002	-8.6E-12	280.340435
-2.9	-7.21E-11	280.363646	0.1000001	-8.4E-12	280.363646
-3	-7.28E-11	280.38686	0.1000002	-8.6E-12	280.38686
-3.1	-7.18E-11	280.410149	0.1000001	-9E-12	280.410149
-3.2	-7.19E-11	280.433429	0.1000002	-8.8E-12	280.433429
-3.3	-7.43E-11	280.456692	0.1000002	-8.5E-12	280.456692
-3.4	-7.28E-11	280.479984	0.1	-8.4E-12	280.479984
-3.5	-7.28E-11	280.503278	0.1000001	-9E-12	280.503278
-3.6	-7.52E-11	280.52659	0.1000002	-8.6E-12	280.52659
-3.7	-7.55E-11	280.549806	0.1000001	-8.4E-12	280.549806
-3.8	-7.43E-11	280.573103	0.1000001	-8.2E-12	280.573103
-3.9	-7.44E-11	280.596403	0.1	-8.5E-12	280.596403
-4	-7.62E-11	280.619611	0.1000002	-8.5E-12	280.619611
-4.1	-7.63E-11	280.642833	0.1	-8.5E-12	280.642833
-4.2	-5.52E-11	280.696701	0.0999997	-1E-11	280.696701
-4.3	-7.54E-11	280.719931	0.1000001	-8.5E-12	280.719931
-4.4	-7.6E-11	280.743143	0.1000001	-8.2E-12	280.743143
-4.5	-7.52E-11	280.766433	0.1000002	-8.3E-12	280.766433
-4.6	-7.72E-11	280.789695	0.1000003	-8.3E-12	280.789695
-4.7	-7.79E-11	280.812918	0.1000002	-8.2E-12	280.812918
-4.8	-7.74E-11	280.836168	0.1000002	-8.4E-12	280.836168
-4.9	-7.64E-11	280.859468	0.1000001	-8.1E-12	280.859468
-5	-7.9E-11	280.882674	0.1000003	-8.1E-12	280.882674
-5.1	-7.89E-11	280.905898	0.1000001	-8.3E-12	280.905898
-5.2	-7.95E-11	280.929102	0.1000003	-8.1E-12	280.929102
-5.3	-7.79E-11	280.952381	0.1000002	-8.4E-12	280.952381
-5.4	-7.79E-11	280.975666	0.1000002	-8.2E-12	280.975666
-5.5	-8.06E-11	280.998884	0.1000004	-7.9E-12	280.998884
-5.6	-8.02E-11	281.022185	0.1000003	-7.7E-12	281.022185
-5.7	-8.03E-11	281.045409	0.1000002	-7.7E-12	281.045409
-5.8	-7.89E-11	281.068716	0.1000001	-7.9E-12	281.068716
-5.9	-8.13E-11	281.091923	0.1000002	-7.6E-12	281.091923
-6	-8.13E-11	281.115186	0.1000002	-7.6E-12	281.115186
-6.1	-7.97E-11	281.138479	0.1000001	-7.6E-12	281.138479
-6.2	-6.01E-11	281.19772	0.1	-9.4E-12	281.19772
-6.3	-7.98E-11	281.220958	0.1	-7.7E-12	281.220958
-6.4	-8.07E-11	281.244178	0.1000002	-7.6E-12	281.244178
-6.5	-7.91E-11	281.267477	0.1000001	-7.9E-12	281.267477
-6.6	-7.96E-11	281.290819	0.1000001	-7.6E-12	281.290819
-6.7	-8.11E-11	281.314046	0.1000002	-7.5E-12	281.314046
-6.8	-8.21E-11	281.33728	0.1000001	-7.6E-12	281.33728
-6.9	-8.27E-11	281.360494	0.1000002	-7.7E-12	281.360494
-7	-8.11E-11	281.383784	0.1000001	-8.1E-12	281.383784
-7.1	-8.29E-11	281.406988	0.1000002	-7.8E-12	281.406988
-7.2	-8.28E-11	281.430295	0.1	-7.5E-12	281.430295
-7.3	-8.15E-11	281.453645	0.1000002	-7.7E-12	281.453645
-7.4	-8.13E-11	281.47694	0.1000002	-7.3E-12	281.47694
-7.5	-8.37E-11	281.500153	0.1	-7.3E-12	281.500153
-7.6	-8.41E-11	281.523451	0.1000002	-7.4E-12	281.523451
-7.7	-8.24E-11	281.546739	0.1	-7.1E-12	281.546739
-7.8	-8.26E-11	281.570022	0.1000001	-7.7E-12	281.570022
-7.9	-8.53E-11	281.593238	0.1000001	-7.1E-12	281.593238
-8	-8.29E-11	281.616523	0.1	-7.7E-12	281.616523
-8.1	-8.32E-11	281.639799	0.1000002	-7.8E-12	281.639799
-8.2	-6.38E-11	281.699242	0.0999998	-9.2E-12	281.699242
-8.3	-8.33E-11	281.722474	0.1000002	-7.5E-12	281.722474
-8.4	-8.44E-11	281.745704	0.1000002	-7.6E-12	281.745704
-8.5	-8.44E-11	281.768929	0.1	-7.7E-12	281.768929
-8.6	-8.48E-11	281.792203	0.1000002	-7.6E-12	281.792203
-8.7	-8.45E-11	281.815429	0.1000002	-7.7E-12	281.815429
-8.8	-8.33E-11	281.838747	0.1000001	-7.6E-12	281.838747
-8.9	-8.54E-11	281.86204	0.1000002	-7.4E-12	281.86204
-9	-8.6E-11	281.885239	0.1	-7.4E-12	281.885239
-9.1	-8.53E-11	281.908484	0.1000002	-7.9E-12	281.908484
-9.2	-8.61E-11	281.931694	0.1000002	-7.4E-12	281.931694
-9.3	-8.49E-11	281.954979	0.1000003	-7.6E-12	281.954979
-9.4	-8.44E-11	281.978265	0.1000002	-7.6E-12	281.978265
-9.5	-8.69E-11	282.001482	0.1000002	-7.7E-12	282.001482
-9.6	-8.67E-11	282.024776	0.0999999	-7.3E-12	282.024776
-9.7	-8.58E-11	282.048015	0.1000002	-7.5E-12	282.048015
-9.8	-8.61E-11	282.071262	0.1000001	-7.5E-12	282.071262
-9.9	-8.62E-11	282.094485	0.1000002	-7.4E-12	282.094485
-10	-8.71E-11	282.117744	0.1	-7.4E-12	282.117744
-9.90001	-4.57E-11	282.141029	0.0999998	-1.04E-11	282.141029
-9.80001	-5.95E-11	282.200555	0.0999998	-9E-12	282.200555
-9.70001	-3.85E-11	282.2238	0.0999997	-1.04E-11	282.2238
-9.60001	-3.58E-11	282.247004	0.0999999	-1.06E-11	282.247004
-9.50001	-3.67E-11	282.270304	0.0999997	-1.06E-11	282.270304
-9.40001	-3.36E-11	282.293592	0.0999999	-1.08E-11	282.293592
-9.30001	-3.21E-11	282.316814	0.0999995	-1.11E-11	282.316814
-9.20001	-3.29E-11	282.340126	0.0999997	-1.05E-11	282.340126
-9.10001	-3.21E-11	282.363401	0.0999997	-1.05E-11	282.363401
-9.00001	-2.95E-11	282.386614	0.0999998	-1.11E-11	282.386614
-8.90001	-3.06E-11	282.409913	0.0999997	-1.09E-11	282.409913
-8.80001	-3.04E-11	282.433207	0.0999997	-1.04E-11	282.433207
-8.70001	-2.94E-11	282.456557	0.0999997	-1.03E-11	282.456557
-8.60001	-2.66E-11	282.479767	0.0999998	-1.11E-11	282.479767
-8.50001	-2.63E-11	282.502977	0.0999998	-1.11E-11	282.502977
-8.40001	-2.57E-11	282.526286	0.0999996	-1.08E-11	282.526286
-8.30001	-2.53E-11	282.549503	0.0999997	-1.09E-11	282.549503
-8.20001	-2.48E-11	282.57272	0.0999996	-1.11E-11	282.57272
-8.10001	-2.43E-11	282.595937	0.0999998	-1.13E-11	282.595937
-8.00001	-2.56E-11	282.61923	0.0999996	-1.15E-11	282.61923
-7.90001	-2.41E-11	282.642483	0.0999997	-1.11E-11	282.642483
-7.80001	-4.38E-11	282.701803	0.0999999	-9.7E-12	282.701803
-7.70001	-2.45E-11	282.725041	0.0999997	-1.15E-11	282.725041
-7.6	-2.6E-11	282.748353	0.0999998	-1.06E-11	282.748353
-7.50001	-2.45E-11	282.771628	0.0999998	-1.1E-11	282.771628
-7.40001	-2.2E-11	282.794898	0.0999998	-1.16E-11	282.794898
-7.30001	-2.19E-11	282.81812	0.0999997	-1.13E-11	282.81812
-7.2	-2.27E-11	282.841439	0.0999998	-1.11E-11	282.841439
-7.10001	-2.27E-11	282.864732	0.0999998	-1.11E-11	282.864732
-7.00001	-2.07E-11	282.888032	0.0999998	-1.18E-11	282.888032
-6.90001	-2.13E-11	282.911329	0.0999996	-1.12E-11	282.911329
-6.80001	-1.95E-11	282.934556	0.0999997	-1.2E-11	282.934556
-6.70001	-1.94E-11	282.957758	0.0999997	-1.2E-11	282.957758
-6.60001	-1.85E-11	282.98097	0.0999995	-1.19E-11	282.98097
-6.50001	-1.83E-11	283.004177	0.0999998	-1.19E-11	283.004177
-6.40001	-1.98E-11	283.027556	0.0999999	-1.15E-11	283.027556
-6.30001	-1.77E-11	283.050759	0.0999998	-1.2E-11	283.050759
-6.20001	-1.86E-11	283.074054	0.0999997	-1.14E-11	283.074054
-6.10001	-1.66E-11	283.097361	0.0999997	-1.18E-11	283.097361
-6.00001	-1.63E-11	283.120713	0.0999997	-1.19E-11	283.120713
-5.90001	-1.61E-11	283.14393	0.0999995	-1.18E-11	283.14393
-5.80001	-3.73E-11	283.203422	0.0999998	-1.01E-11	283.203422
-5.70001	-1.91E-11	283.226743	0.0999998	-1.16E-11	283.226743
-5.60001	-1.65E-11	283.249947	0.0999996	-1.16E-11	283.249947
-5.50001	-1.57E-11	283.273155	0.0999998	-1.2E-11	283.273155
-5.40001	-1.52E-11	283.296415	0.0999998	-1.19E-11	283.296415
-5.30001	-1.55E-11	283.319716	0.0999998	-1.2E-11	283.319716
-5.20001	-1.67E-11	283.34308	0.0999997	-1.21E-11	283.34308
-5.1	-1.32E-11	283.366282	0.0999999	-1.22E-11	283.366282
-5.00001	-1.29E-11	283.389496	0.0999997	-1.24E-11	283.389496
-4.90001	-1.4E-11	283.412798	0.0999998	-1.23E-11	283.412798
-4.80001	-1.22E-11	283.43611	0.0999997	-1.2E-11	283.43611
-4.7	-1.1E-11	283.459381	0.0999998	-1.2E-11	283.459381
-4.60001	-1.21E-11	283.482665	0.0999997	-1.23E-11	283.482665
-4.50001	-1.23E-11	283.505951	0.0999997	-1.22E-11	283.505951
-4.40001	-1.02E-11	283.529248	0.0999996	-1.24E-11	283.529248
-4.3	-1.01E-11	283.552468	0.0999998	-1.24E-11	283.552468
-4.20001	-1.12E-11	283.575761	0.0999996	-1.28E-11	283.575761
-4.10001	-1.03E-11	283.599042	0.0999998	-1.25E-11	283.599042
-4.00001	-8.2E-12	283.622256	0.0999998	-1.23E-11	283.622256
-3.90001	-7.6E-12	283.645466	0.0999997	-1.27E-11	283.645466
-3.80001	-2.88E-11	283.70449	0.0999997	-1.12E-11	283.70449
-3.70001	-8.7E-12	283.727717	0.0999997	-1.29E-11	283.727717
-3.60001	-7.8E-12	283.750945	0.0999998	-1.29E-11	283.750945
-3.50001	-9.1E-12	283.774246	0.0999998	-1.29E-11	283.774246
-3.40001	-6E-12	283.79752	0.0999996	-1.34E-11	283.79752
-3.30001	-5.5E-12	283.820731	0.0999997	-1.32E-11	283.820731
-3.20001	-6.3E-12	283.844031	0.0999998	-1.34E-11	283.844031
-3.10001	-5.8E-12	283.867316	0.0999995	-1.34E-11	283.867316
-3.00001	-3E-12	283.890514	0.0999997	-1.35E-11	283.890514
-2.90001	-3.1E-12	283.913738	0.0999996	-1.32E-11	283.913738
-2.80001	-4E-12	283.937038	0.0999998	-1.3E-11	283.937038
-2.70001	-1.8E-12	283.960243	0.0999995	-1.32E-11	283.960243
-2.60001	-7E-13	283.983462	0.0999996	-1.36E-11	283.983462
-2.50001	1E-13	284.00668	0.0999997	-1.34E-11	284.00668
-2.40001	-1.2E-12	284.03014	0.0999997	-1.35E-11	284.03014
-2.30001	8E-13	284.053364	0.0999997	-1.35E-11	284.053364
-2.20001	2.5E-12	284.076569	0.0999996	-1.38E-11	284.076569
-2.099999	-1.33E-11	284.10169	0.1	-1.2E-11	284.10169
-2	1.8E-12	284.125025	0.0999998	-1.36E-11	284.125025
-1.9	2.7E-12	284.148312	0.0999996	-1.36E-11	284.148312
-1.800001	-1.63E-11	284.205996	0.0999999	-1.22E-11	284.205996
-1.699999	2.1E-12	284.229301	0.0999998	-1.37E-11	284.229301
-1.6	6.1E-12	284.252514	0.0999998	-1.41E-11	284.252514
-1.5	7E-12	284.27573	0.0999998	-1.37E-11	284.27573
-1.4	7.7E-12	284.298994	0.0999998	-8.3E-12	284.298994
-1.3	7.5E-12	284.322291	0.0999996	2.34E-11	284.322291
-1.2	8.8E-12	284.34559	0.0999999	1.752E-10	284.34559
-1.1	1.2E-11	284.368787	0.1000001	8.114E-10	284.368787
-1	1.36E-11	284.391988	0.1000008	3.1358E-09	284.391988
-0.9	1.28E-11	284.415268	0.1000039	1.04267E-08	284.415268
-0.8	1.42E-11	284.438559	0.1000071	2.97836E-08	284.438559
-0.7	1.77E-11	284.461824	0.1000071	7.25715E-08	284.461824
-0.600001	-2.7E-12	284.501274	0.1000004	1.49036E-07	284.501274
-0.500001	3.6E-12	284.525893	0.1000007	2.8167E-07	284.525893
-0.400001	5.6E-12	284.550425	0.1000008	4.73004E-07	284.550425
-0.3	7.1E-12	284.574942	0.1000011	7.27549E-07	284.574942
-0.2000001	3.5E-12	284.611206	0.1000001	1.03804E-06	284.611206
-0.0999996	9.8E-12	284.635717	0.1000002	1.41656E-06	284.635717
5E-07	1.17E-11	284.660225	0.1	1.84436E-06	284.660225
0.0999998	6.8E-12	284.714323	0.1	2.30533E-06	284.714323
0.2000003	1.37E-11	284.738954	0.1000002	2.82006E-06	284.738954
0.299999	1.67E-11	284.763661	0.1000002	3.3625E-06	284.763661
0.399999	1.91E-11	284.788252	0.0999999	3.93072E-06	284.788252
0.5	2.1E-11	284.8128	0.1000002	4.51974E-06	284.8128
0.599999	2.28E-11	284.837363	0.1	5.12696E-06	284.837363
0.7	2.47E-11	284.86187	0.1000001	5.74955E-06	284.86187
0.8	2.64E-11	284.886399	0.1000001	6.38646E-06	284.886399
0.9	2.79E-11	284.91092	0.1000001	7.03572E-06	284.91092
0.999999	2.99E-11	284.935433	0.1	7.69641E-06	284.935433
1.1	3.24E-11	284.95994	0.1	8.36715E-06	284.95994
1.2	3.4E-11	284.984446	0.1	9.04659E-06	284.984446
1.3	3.51E-11	285.008961	0.0999999	9.73256E-06	285.008961
1.399999	3.67E-11	285.033566	0.1	1.042523E-05	285.033566
1.499999	3.23E-11	285.068148	0.1	1.11136E-05	285.068148
1.599999	3.8E-11	285.092646	0.1000002	1.18182E-05	285.092646
1.699999	3.96E-11	285.117118	0.1	1.25247E-05	285.117118
1.8	4.05E-11	285.141669	0.1000002	1.32352E-05	285.141669
1.9	4.11E-11	285.166187	0.1000001	1.39483E-05	285.166187
1.999999	3.55E-11	285.212925	0.0999999	1.46571E-05	285.212925
2.099999	4.1E-11	285.237454	0.1000002	1.5378E-05	285.237454
2.19999	4.21E-11	285.262195	0.1	1.60969E-05	285.262195
2.29999	4.34E-11	285.286745	0.1000001	1.682E-05	285.286745
2.39999	4.43E-11	285.311303	0.0999999	1.75464E-05	285.311303
2.49999	4.44E-11	285.33584	0.1000002	1.82734E-05	285.33584
2.59999	4.58E-11	285.360356	0.1	1.90016E-05	285.360356
2.69999	4.6E-11	285.384903	0.1	1.9732E-05	285.384903
2.79999	4.67E-11	285.4094	0.1000002	2.04644E-05	285.4094
2.89999	4.66E-11	285.434025	0.1	2.11973E-05	285.434025
2.99999	4.67E-11	285.458602	0.1	2.19313E-05	285.458602
3.09999	4.71E-11	285.483101	0.1000001	2.26675E-05	285.483101
3.19999	4.78E-11	285.507625	0.1000001	2.34053E-05	285.507625
3.29999	4.81E-11	285.532232	0.1000001	2.41435E-05	285.532232
3.39999	4.85E-11	285.556763	0.1000001	2.48827E-05	285.556763
3.49999	4.87E-11	285.581373	0.1000002	2.56235E-05	285.581373
3.59999	4.95E-11	285.605891	0.1000001	2.63651E-05	285.605891
3.69999	4.96E-11	285.630419	0.1	2.71073E-05	285.630419
3.79999	5.01E-11	285.654944	0.0999998	2.7851E-05	285.654944
3.89999	4.34E-11	285.711678	0.0999998	2.8586E-05	285.711678
3.99999	4.83E-11	285.736268	0.0999999	2.93351E-05	285.736268
4.09999	4.91E-11	285.760799	0.1	3.00832E-05	285.760799
4.19999	4.87E-11	285.785547	0.1	3.08327E-05	285.785547
4.29999	4.99E-11	285.810144	0.1	3.15828E-05	285.810144
4.39999	4.97E-11	285.834673	0.1000001	3.23339E-05	285.834673
4.49999	5.06E-11	285.859235	0.1000001	3.30861E-05	285.859235
4.59999	5.09E-11	285.883738	0.0999999	3.38391E-05	285.883738
4.69999	5.16E-11	285.908243	0.0999998	3.45933E-05	285.908243
4.79999	5.17E-11	285.93274	0.1000001	3.5348E-05	285.93274
4.89999	5.2E-11	285.957261	0.1000002	3.6105E-05	285.957261
4.99999	5.19E-11	285.981769	0.1000001	3.68624E-05	285.981769
5.09999	5.23E-11	286.006271	0.1	3.76215E-05	286.006271
5.19999	5.22E-11	286.030889	0.1000004	3.83813E-05	286.030889
5.29999	5.25E-11	286.055408	0.1000001	3.91436E-05	286.055408
5.39999	5.23E-11	286.079939	0.1000002	3.99063E-05	286.079939
5.49999	5.28E-11	286.104444	0.1000001	4.06708E-05	286.104444
5.59999	5.34E-11	286.129012	0.1000001	4.14364E-05	286.129012
5.69999	5.37E-11	286.153591	0.1000002	4.2204E-05	286.153591
5.79999	4.68E-11	286.213214	0.1000002	4.29612E-05	286.213214
5.89999	5.2E-11	286.237735	0.1000002	4.37349E-05	286.237735
5.99999	5.24E-11	286.262289	0.1	4.45068E-05	286.262289
6.09999	5.29E-11	286.286793	0.0999999	4.52795E-05	286.286793
6.19999	5.27E-11	286.311372	0.1000001	4.60532E-05	286.311372
6.29999	5.35E-11	286.335903	0.1000001	4.6829E-05	286.335903
6.39999	5.37E-11	286.360445	0.1000003	4.76058E-05	286.360445
6.49999	5.35E-11	286.384988	0.1000001	4.83833E-05	286.384988
6.59999	5.41E-11	286.409509	0.1000002	4.91628E-05	286.409509
6.69999	5.46E-11	286.43401	0.0999999	4.99438E-05	286.43401
6.79999	5.52E-11	286.458573	0.1000001	5.07253E-05	286.458573
6.89999	5.5E-11	286.483163	0.0999999	5.15081E-05	286.483163
6.99999	5.51E-11	286.50767	0.1	5.22932E-05	286.50767
7.09999	5.53E-11	286.532291	0.1000001	5.30787E-05	286.532291
7.19999	5.56E-11	286.556801	0.0999999	5.38654E-05	286.556801
7.29999	5.57E-11	286.581329	0.1000002	5.46542E-05	286.581329
7.39999	5.56E-11	286.605859	0.1000001	5.5444E-05	286.605859
7.49999	5.56E-11	286.630409	0.1000001	5.62361E-05	286.630409
7.59999	5.6E-11	286.654934	0.1	5.70283E-05	286.654934
7.69999	4.93E-11	286.714556	0.1000001	5.78123E-05	286.714556
7.79999	5.4E-11	286.739074	0.1000001	5.86106E-05	286.739074
7.89999	5.49E-11	286.763609	0.1000002	5.94091E-05	286.763609
7.99999	5.43E-11	286.788358	0.0999999	6.0207E-05	286.788358
8.09999	5.55E-11	286.812949	0.1	6.10065E-05	286.812949
8.19999	5.57E-11	286.837479	0.0999999	6.18083E-05	286.837479
8.29999	5.62E-11	286.86207	0.1000001	6.26114E-05	286.86207
8.39999	5.61E-11	286.886611	0.0999999	6.34151E-05	286.886611
8.49999	5.67E-11	286.911114	0.1000002	6.42204E-05	286.911114
8.59999	5.63E-11	286.935631	0.0999999	6.50262E-05	286.935631
8.69999	5.65E-11	286.9601	0.1000001	6.58338E-05	286.9601
8.79999	5.67E-11	286.984621	0.1000002	6.66425E-05	286.984621
8.89999	5.74E-11	287.009116	0.1	6.74531E-05	287.009116
8.99999	5.72E-11	287.033758	0.0999998	6.82663E-05	287.033758
9.09999	5.76E-11	287.058277	0.0999999	6.90782E-05	287.058277
9.19999	5.75E-11	287.082786	0.0999998	6.98931E-05	287.082786
9.29999	5.75E-11	287.107315	0.1	7.07061E-05	287.107315
9.39999	5.73E-11	287.131904	0.0999999	7.15256E-05	287.131904
9.49999	5.79E-11	287.156444	0.1000002	7.23458E-05	287.156444
9.59999	5.17E-11	287.216129	0.1	7.3159E-05	287.216129
9.69999	5.66E-11	287.240644	0.1	7.39828E-05	287.240644
9.79999	5.74E-11	287.265176	0.1000001	7.48075E-05	287.265176
9.89999	5.74E-11	287.289689	0.1000001	7.56332E-05	287.289689
9.99999	5.73E-11	287.314288	0.1000001	7.64585E-05	287.314288
9.9	4.38E-11	287.338821	0.1000001	7.56175E-05	287.338821
9.8	4.1E-11	287.363372	0.1	7.47819E-05	287.363372
9.7	3.89E-11	287.387914	0.1	7.39505E-05	287.387914
9.6	3.72E-11	287.412455	0.0999998	7.31203E-05	287.412455
9.5	3.6E-11	287.437096	0.0999998	7.22919E-05	287.437096
9.4	3.44E-11	287.46167	0.1	7.14658E-05	287.46167
9.3	3.34E-11	287.48622	0.0999999	7.06409E-05	287.48622
9.2	3.26E-11	287.510725	0.0999998	6.98174E-05	287.510725
9.1	3.2E-11	287.535325	0.0999999	6.89947E-05	287.535325
9	3.09E-11	287.559839	0.0999997	6.81751E-05	287.559839
8.9	3.04E-11	287.584347	0.1	6.73599E-05	287.584347
8.8	2.93E-11	287.608861	0.1000001	6.65409E-05	287.608861
8.7	2.88E-11	287.633373	0.1000001	6.57227E-05	287.633373
8.6	2.86E-11	287.657877	0.0999997	6.49072E-05	287.657877
8.5	3.41E-11	287.71808	0.1	6.40956E-05	287.71808
8.4	2.86E-11	287.742606	0.0999998	6.32809E-05	287.742606
8.3	2.73E-11	287.767121	0.0999998	6.24689E-05	287.767121
8.2	2.68E-11	287.791678	0.0999997	6.1658E-05	287.791678
8.1	2.63E-11	287.816243	0.1	6.08491E-05	287.816243
8	2.54E-11	287.840776	0.1000003	6.00418E-05	287.840776
7.9	2.54E-11	287.865373	0.1000002	5.92353E-05	287.865373
7.8	2.5E-11	287.889879	0.0999999	5.84314E-05	287.889879
7.7	2.43E-11	287.914405	0.1000002	5.76284E-05	287.914405
7.6	2.4E-11	287.938925	0.1000001	5.6827E-05	287.938925
7.5	2.34E-11	287.963447	0.0999999	5.60273E-05	287.963447
7.4	2.28E-11	287.987979	0.0999998	5.52286E-05	287.987979
7.3	2.23E-11	288.012503	0.0999999	5.44309E-05	288.012503
7.2	2.15E-11	288.037109	0.1000002	5.36345E-05	288.037109
7.1	2.11E-11	288.06165	0.0999999	5.28394E-05	288.06165
7	2.07E-11	288.086164	0.0999999	5.20457E-05	288.086164
6.9	2.08E-11	288.110673	0.0999999	5.12533E-05	288.110673
6.8	2.01E-11	288.135249	0.1000001	5.04622E-05	288.135249
6.7	2.02E-11	288.159766	0.1	4.96726E-05	288.159766
6.6	2.69E-11	288.219176	0.0999997	4.88895E-05	288.219176
6.5	2.09E-11	288.243691	0.0999998	4.81017E-05	288.243691
6.4	2.02E-11	288.268205	0.0999999	4.73164E-05	288.268205
6.3	1.97E-11	288.292777	0.0999998	4.65311E-05	288.292777
6.2	1.9E-11	288.31734	0.0999999	4.5748E-05	288.31734
6.1	1.86E-11	288.341893	0.0999999	4.49663E-05	288.341893
6	1.78E-11	288.366407	0.1	4.4186E-05	288.366407
5.9	1.71E-11	288.390938	0.0999998	4.3407E-05	288.390938
5.8	1.7E-11	288.415449	0.1	4.26288E-05	288.415449
5.7	1.66E-11	288.439962	0.1	4.18529E-05	288.439962
5.6	1.61E-11	288.464608	0.1000001	4.10782E-05	288.464608
5.5	1.56E-11	288.489116	0.1	4.03041E-05	288.489116
5.4	1.53E-11	288.513613	0.0999999	3.95318E-05	288.513613
5.3	1.51E-11	288.538262	0.0999999	3.87613E-05	288.538262
5.2	1.49E-11	288.562805	0.0999998	3.7991E-05	288.562805
5.1	1.43E-11	288.587321	0.0999997	3.72226E-05	288.587321
5	1.37E-11	288.61185	0.0999999	3.64564E-05	288.61185
4.9	1.3E-11	288.636352	0.0999998	3.56908E-05	288.636352
4.8	1.27E-11	288.660854	0.1	3.49265E-05	288.660854
4.7	1.86E-11	288.716152	0.0999999	3.41685E-05	288.716152
4.6	1.33E-11	288.740695	0.1	3.3407E-05	288.740695
4.5	1.28E-11	288.765284	0.0999999	3.26463E-05	288.765284
4.4	1.2E-11	288.789802	0.0999999	3.18879E-05	288.789802
4.3	1.12E-11	288.814405	0.0999999	3.1131E-05	288.814405
4.2	1.06E-11	288.838926	0.1000001	3.03753E-05	288.838926
4.1	1.03E-11	288.863439	0.0999999	2.96209E-05	288.863439
4	9.3E-12	288.887953	0.1000001	2.88682E-05	288.887953
3.9	9.1E-12	288.912492	0.1	2.81165E-05	288.912492
3.8	8.5E-12	288.937078	0.1	2.7367E-05	288.937078
3.7	7.5E-12	288.961618	0.1	2.66188E-05	288.961618
3.6	7.2E-12	288.986159	0.0999999	2.58715E-05	288.986159
3.5	6.5E-12	289.010699	0.1000001	2.51268E-05	289.010699
3.4	5.3E-12	289.035248	0.0999997	2.43832E-05	289.035248
3.3	4.9E-12	289.059788	0.0999998	2.36412E-05	289.059788
3.2	4.2E-12	289.084328	0.0999999	2.2901E-05	289.084328
3.1	3.3E-12	289.108832	0.0999998	2.21621E-05	289.108832
3	2.9E-12	289.13343	0.1	2.1425E-05	289.13343
2.9	2.1E-12	289.157945	0.0999998	2.06891E-05	289.157945
2.8	9.1E-12	289.220475	0.1	1.99619E-05	289.220475
2.7	3.4E-12	289.245033	0.1000001	1.92292E-05	289.245033
2.6	2.2E-12	289.269646	0.1	1.84991E-05	289.269646
2.5	3E-13	289.29416	0.0999999	1.77707E-05	289.29416
2.4	-3E-13	289.318739	0.0999998	1.70447E-05	289.318739
2.3	-1.6E-12	289.343337	0.0999999	1.63212E-05	289.343337
2.2	-3.2E-12	289.367843	0.0999999	1.55995E-05	289.367843
2.099999	-3E-13	289.394261	0.1	1.4884E-05	289.394261
2	-5E-12	289.418764	0.0999999	1.41683E-05	289.418764
1.9	-5.8E-12	289.443389	0.1	1.34553E-05	289.443389
1.8	-6.6E-12	289.467959	0.0999999	1.27458E-05	289.467959
1.7	-8.2E-12	289.492525	0.0999999	1.20398E-05	289.492525
1.6	-9.6E-12	289.517051	0.0999998	1.13382E-05	289.517051
1.5	-1.04E-11	289.541733	0.0999997	1.06414E-05	289.541733
1.4	-1.2E-11	289.566234	0.1	9.9495E-06	289.566234
1.3	-1.3E-11	289.590864	0.0999999	9.264E-06	289.590864
1.2	-1.13E-11	289.617999	0.0999998	8.59086E-06	289.617999
1.1	-1.62E-11	289.642514	0.0999999	7.92033E-06	289.642514
1	-1.78E-11	289.667019	0.1	7.26025E-06	289.667019
0.9	-1.29E-11	289.723475	0.0999999	6.61666E-06	289.723475
0.8	-1.95E-11	289.747982	0.0999999	5.97798E-06	289.747982
0.7	-2.16E-11	289.772513	0.1	5.35445E-06	289.772513
0.6	-2.45E-11	289.797038	0.0999999	4.74667E-06	289.797038
0.5	-2.66E-11	289.821627	0.0999999	4.15553E-06	289.821627
0.4	-2.9E-11	289.846139	0.1	3.58489E-06	289.846139
0.3	-3.17E-11	289.870644	0.0999999	3.03785E-06	289.870644
0.2	-3.01E-11	289.89708	0.1	2.52048E-06	289.89708
0.0999996	-3.62E-11	289.921572	0.0999997	2.03582E-06	289.921572
-4E-07	-3.85E-11	289.946057	0.0999998	1.59235E-06	289.946057
#scan	iMeasureCycle=3	iMux=0	time=319.65	N=401	LocalTime=19/04/2023 15:06:57
#VGate(V)	IGate(A)	time(s)	VDrain(V)	IDrain(A)	time(s)
-1E-07	-1.65E-11	319.657479	0.0999999	1.70252E-06	319.657479
-0.1000004	-2.42E-11	319.682362	0.1	1.28208E-06	319.682362
-0.2000003	-2.57E-11	319.70799	0.0999998	9.1967E-07	319.70799
-0.3	-2.74E-11	319.73551	0.0999997	6.20604E-07	319.73551
-0.4	-3.45E-11	319.760017	0.0999994	3.86084E-07	319.760017
-0.5	-3.7E-11	319.784549	0.0999997	2.17732E-07	319.784549
-0.6	-3.92E-11	319.809127	0.0999997	1.08448E-07	319.809127
-0.7	-3.51E-11	319.846784	0.0999956	4.77068E-08	319.846784
-0.800001	-5.61E-11	319.870028	0.1000046	1.72152E-08	319.870028
-0.900001	-5.89E-11	319.893255	0.1000018	5.323E-09	319.893255
-1.000001	-6.04E-11	319.916463	0.1000007	1.4208E-09	319.916463
-1.100001	-6.02E-11	319.939748	0.1000003	3.245E-10	319.939748
-1.200001	-6.17E-11	319.963032	0.1000001	5.73E-11	319.963032
-1.300001	-6.43E-11	319.98625	0.1000002	1.6E-12	319.98625
-1.400001	-6.38E-11	320.009539	0.1	-8E-12	320.009539
-1.5	-6.61E-11	320.032736	0.1000001	-8.8E-12	320.032736
-1.600001	-6.52E-11	320.056121	0.1	-9.4E-12	320.056121
-1.7	-6.72E-11	320.079339	0.1000001	-9.1E-12	320.079339
-1.800001	-6.82E-11	320.102614	0.1000002	-9.4E-12	320.102614
-1.900001	-6.72E-11	320.125901	0.1000001	-9.6E-12	320.125901
-2.000001	-6.8E-11	320.149184	0.0999999	-9.5E-12	320.149184
-2.100001	-7.02E-11	320.172401	0.1000001	-9.3E-12	320.172401
-2.2	-4.81E-11	320.225612	0.0999999	-1.09E-11	320.225612
-2.3	-6.86E-11	320.248849	0.1000002	-8.9E-12	320.248849
-2.4	-6.78E-11	320.272237	0.1000001	-9.1E-12	320.272237
-2.5	-6.85E-11	320.295525	0.1000001	-9.2E-12	320.295525
-2.6	-7.02E-11	320.31882	0.1000002	-9E-12	320.31882
-2.7	-7.17E-11	320.342035	0.1000001	-8.6E-12	320.342035
-2.8	-7.08E-11	320.365329	0.0999999	-9.4E-12	320.365329
-2.9	-7.2E-11	320.388578	0.1000002	-8.9E-12	320.388578
-3	-7.35E-11	320.411786	0.1000002	-8.9E-12	320.411786
-3.1	-7.22E-11	320.435072	0.1000002	-8.6E-12	320.435072
-3.2	-7.28E-11	320.458352	0.1000001	-8.6E-12	320.458352
-3.3	-7.47E-11	320.481557	0.1000002	-8.2E-12	320.481557
-3.4	-7.51E-11	320.504763	0.1000001	-8.4E-12	320.504763
-3.5	-7.58E-11	320.527978	0.1000002	-8.7E-12	320.527978
-3.6	-7.37E-11	320.551323	0.1000002	-8.6E-12	320.551323
-3.7	-7.55E-11	320.574532	0.1000003	-8.6E-12	320.574532
-3.8	-7.55E-11	320.597792	0.1000001	-8.1E-12	320.597792
-3.9	-7.64E-11	320.621015	0.1	-7.8E-12	320.621015
-4	-7.48E-11	320.644294	0.1000003	-8E-12	320.644294
-4.1	-7.72E-11	320.667503	0.1000001	-7.7E-12	320.667503
-4.2	-5.67E-11	320.716928	0.1	-1E-11	320.716928
-4.3	-7.59E-11	320.74016	0.1000001	-7.8E-12	320.74016
-4.4	-7.51E-11	320.763526	0.1000001	-8.1E-12	320.763526
-4.5	-7.73E-11	320.786738	0.1000002	-7.9E-12	320.786738
-4.6	-7.75E-11	320.810002	0.1000002	-7.8E-12	320.810002
-4.7	-7.81E-11	320.833211	0.1000001	-8E-12	320.833211
-4.8	-7.67E-11	320.856502	0.1000001	-8E-12	320.856502
-4.9	-7.31E-11	320.880038	0.1000001	-8.5E-12	320.880038
-5	-7.72E-11	320.90334	0.1000002	-7.8E-12	320.90334
-5.1	-7.76E-11	320.926627	0.1000001	-8E-12	320.926627
-5.2	-7.95E-11	320.949825	0.1000004	-7.6E-12	320.949825
-5.3	-7.97E-11	320.97304	0.1000002	-7.8E-12	320.97304
-5.4	-7.99E-11	320.996252	0.1000001	-7.7E-12	320.996252
-5.5	-7.91E-11	321.019536	0.1000003	-8.2E-12	321.019536
-5.6	-7.84E-11	321.042829	0.1	-7.9E-12	321.042829
-5.7	-8.06E-11	321.06612	0.1	-8E-12	321.06612
-5.8	-7.89E-11	321.089413	0.1000001	-7.5E-12	321.089413
-5.9	-7.89E-11	321.112831	0.1000001	-8.1E-12	321.112831
-6	-8.11E-11	321.136042	0.1000003	-7.8E-12	321.136042
-6.1	-7.93E-11	321.159328	0.0999999	-8.2E-12	321.159328
-6.2	-7.97E-11	321.18262	0.1000002	-8.2E-12	321.18262
-6.3	-6.15E-11	321.223067	0.1	-9.5E-12	321.223067
-6.4	-8.11E-11	321.246313	0.1000003	-8E-12	321.246313
-6.5	-8.15E-11	321.269533	0.1000001	-8E-12	321.269533
-6.6	-8.03E-11	321.292833	0.1000001	-8.1E-12	321.292833
-6.7	-8.22E-11	321.316095	0.1000002	-8.1E-12	321.316095
-6.8	-8.26E-11	321.33931	0.1000002	-8E-12	321.33931
-6.9	-8.09E-11	321.362603	0.1000001	-8E-12	321.362603
-7	-8.15E-11	321.385933	0.1000001	-7.7E-12	321.385933
-7.1	-8.26E-11	321.409146	0.1000001	-7.8E-12	321.409146
-7.2	-8.28E-11	321.432447	0.1	-8E-12	321.432447
-7.3	-8.18E-11	321.45574	0.1000001	-7.6E-12	321.45574
-7.4	-8.2E-11	321.479035	0.1000001	-7.7E-12	321.479035
-7.5	-8.41E-11	321.502252	0.1	-7.6E-12	321.502252
-7.6	-8.45E-11	321.525473	0.1000002	-7.3E-12	321.525473
-7.7	-8.27E-11	321.548763	0.1000001	-8.2E-12	321.548763
-7.8	-8.37E-11	321.572139	0.1000001	-8.2E-12	321.572139
-7.9	-8.43E-11	321.595349	0.1000003	-7.6E-12	321.595349
-8	-8.31E-11	321.61873	0.1000003	-7.6E-12	321.61873
-8.1	-8.33E-11	321.642005	0.1	-8E-12	321.642005
-8.2	-8.34E-11	321.665298	0.1000001	-7.9E-12	321.665298
-8.3	-6.43E-11	321.724141	0.0999999	-9E-12	321.724141
-8.4	-8.35E-11	321.747395	0.1000001	-7.1E-12	321.747395
-8.5	-8.45E-11	321.770616	0.1000002	-7.5E-12	321.770616
-8.6	-8.32E-11	321.793923	0.1000003	-7.6E-12	321.793923
-8.7	-8.34E-11	321.817278	0.1000001	-7.7E-12	321.817278
-8.8	-8.53E-11	321.840488	0.0999999	-7.4E-12	321.840488
-8.9	-8.53E-11	321.863694	0.1	-7E-12	321.863694
-9	-8.41E-11	321.887004	0.1000001	-7.5E-12	321.887004
-9.1	-8.4E-11	321.91036	0.1000001	-7.7E-12	321.91036
-9.2	-8.68E-11	321.933582	0.1000002	-7.6E-12	321.933582
-9.3	-8.64E-11	321.956794	0.1000002	-7.4E-12	321.956794
-9.4	-8.5E-11	321.980078	0.1000002	-7.5E-12	321.980078
-9.5	-8.71E-11	322.003285	0.1000001	-8.1E-12	322.003285
-9.6	-8.53E-11	322.026572	0.1	-8.2E-12	322.026572
-9.7	-8.76E-11	322.049772	0.1000002	-7.6E-12	322.049772
-9.8	-8.59E-11	322.07306	0.1000002	-7.5E-12	322.07306
-9.9	-8.6E-11	322.096352	0.1000002	-7.5E-12	322.096352
-10	-8.77E-11	322.119654	0.1000001	-7.4E-12	322.119654
-9.90001	-4.64E-11	322.142951	0.0999996	-1.09E-11	322.142951
-9.80001	-4.33E-11	322.166235	0.0999996	-1.12E-11	322.166235
-9.70001	-5.75E-11	322.225519	0.0999999	-9.4E-12	322.225519
-9.60001	-3.7E-11	322.248793	0.0999996	-1.14E-11	322.248793
-9.50001	-3.72E-11	322.272085	0.0999997	-1.13E-11	322.272085
-9.40001	-3.53E-11	322.295378	0.0999998	-1.11E-11	322.295378
-9.30001	-3.26E-11	322.318661	0.0999997	-1.09E-11	322.318661
-9.20001	-3.17E-11	322.341875	0.0999997	-1.17E-11	322.341875
-9.10001	-3.28E-11	322.365163	0.0999997	-1.1E-11	322.365163
-9.00001	-3.18E-11	322.388475	0.0999997	-1.15E-11	322.388475
-8.90001	-2.96E-11	322.411699	0.0999997	-1.14E-11	322.411699
-8.80001	-2.86E-11	322.434925	0.0999998	-1.13E-11	322.434925
-8.70001	-2.97E-11	322.458205	0.0999998	-1.12E-11	322.458205
-8.60001	-2.98E-11	322.481582	0.0999998	-1.18E-11	322.481582
-8.50001	-2.69E-11	322.504795	0.0999996	-1.18E-11	322.504795
-8.40001	-2.63E-11	322.528002	0.0999997	-1.16E-11	322.528002
-8.30001	-2.77E-11	322.551296	0.0999999	-1.15E-11	322.551296
-8.20001	-2.57E-11	322.574556	0.0999996	-1.14E-11	322.574556
-8.10001	-2.45E-11	322.597791	0.0999997	-1.1E-11	322.597791
-8	-2.43E-11	322.621091	0.0999996	-1.12E-11	322.621091
-7.90001	-2.52E-11	322.644382	0.0999997	-1.08E-11	322.644382
-7.80001	-2.33E-11	322.667586	0.0999997	-1.13E-11	322.667586
-7.70001	-4.43E-11	322.726863	0.0999998	-9.5E-12	322.726863
-7.6	-2.42E-11	322.750098	0.0999997	-1.12E-11	322.750098
-7.50001	-2.5E-11	322.773391	0.0999998	-1.13E-11	322.773391
-7.40001	-2.42E-11	322.796678	0.0999998	-1.1E-11	322.796678
-7.30001	-2.23E-11	322.819956	0.0999997	-1.14E-11	322.819956
-7.2	-2.12E-11	322.843168	0.0999996	-1.14E-11	322.843168
-7.10001	-2.27E-11	322.866461	0.0999996	-1.11E-11	322.866461
-7.00001	-2.23E-11	322.889784	0.0999999	-1.21E-11	322.889784
-6.90001	-1.98E-11	322.913042	0.0999998	-1.15E-11	322.913042
-6.80001	-1.99E-11	322.936266	0.0999996	-1.13E-11	322.936266
-6.70001	-2.06E-11	322.959559	0.0999996	-1.14E-11	322.959559
-6.60001	-2.03E-11	322.982846	0.0999998	-1.14E-11	322.982846
-6.50001	-1.83E-11	323.006072	0.0999997	-1.21E-11	323.006072
-6.40001	-1.78E-11	323.029285	0.0999997	-1.16E-11	323.029285
-6.30001	-1.91E-11	323.052572	0.0999998	-1.18E-11	323.052572
-6.20001	-1.88E-11	323.075852	0.0999999	-1.14E-11	323.075852
-6.10001	-1.74E-11	323.099098	0.0999997	-1.21E-11	323.099098
-6.00001	-1.78E-11	323.122476	0.0999997	-1.19E-11	323.122476
-5.90001	-1.76E-11	323.145755	0.0999997	-1.21E-11	323.145755
-5.80001	-1.58E-11	323.168954	0.0999997	-1.26E-11	323.168954
-5.70001	-3.62E-11	323.223856	0.1000001	-1.01E-11	323.223856
-5.60001	-1.69E-11	323.24713	0.0999997	-1.21E-11	323.24713
-5.50001	-1.57E-11	323.270342	0.0999998	-1.21E-11	323.270342
-5.40001	-1.69E-11	323.293648	0.0999998	-1.2E-11	323.293648
-5.30001	-1.63E-11	323.316993	0.0999998	-1.19E-11	323.316993
-5.20001	-1.38E-11	323.340209	0.0999998	-1.24E-11	323.340209
-5.1	-1.32E-11	323.363422	0.0999998	-1.2E-11	323.363422
-5.00001	-1.64E-11	323.386811	0.0999996	-1.18E-11	323.386811
-4.90001	-1.28E-11	323.410038	0.0999996	-1.22E-11	323.410038
-4.80001	-1.22E-11	323.433346	0.0999997	-1.23E-11	323.433346
-4.7	-1.37E-11	323.456677	0.0999997	-1.2E-11	323.456677
-4.60001	-1.29E-11	323.479962	0.0999997	-1.21E-11	323.479962
-4.50001	-1.12E-11	323.503213	0.0999997	-1.25E-11	323.503213
-4.40001	-9.6E-12	323.526428	0.0999997	-1.28E-11	323.526428
-4.3	-1.08E-11	323.549722	0.1	-1.2E-11	323.549722
-4.20001	-1.11E-11	323.573074	0.0999998	-1.23E-11	323.573074
-4.10001	-9E-12	323.596305	0.0999998	-1.26E-11	323.596305
-4.00001	-9.8E-12	323.61968	0.0999996	-1.25E-11	323.61968
-3.90001	-9.3E-12	323.642951	0.0999999	-1.22E-11	323.642951
-3.80001	-7.3E-12	323.666165	0.0999996	-1.24E-11	323.666165
-3.70001	-7E-12	323.689391	0.0999997	-1.24E-11	323.689391
-3.60001	-2.6E-11	323.726083	0.1	-1.11E-11	323.726083
-3.50001	-7.1E-12	323.749329	0.0999997	-1.26E-11	323.749329
-3.40001	-5.7E-12	323.772546	0.0999996	-1.27E-11	323.772546
-3.30001	-4.4E-12	323.795766	0.0999996	-1.26E-11	323.795766
-3.20001	-6.2E-12	323.819113	0.1000001	-1.25E-11	323.819113
-3.10001	-4.2E-12	323.842317	0.0999997	-1.3E-11	323.842317
-3.00001	-3.1E-12	323.865534	0.0999998	-1.29E-11	323.865534
-2.90001	-2.8E-12	323.888748	0.0999997	-1.29E-11	323.888748
-2.80001	-3.6E-12	323.91208	0.0999998	-1.32E-11	323.91208
-2.70001	-2.8E-12	323.935363	0.0999998	-1.34E-11	323.935363
-2.60001	-5E-13	323.958577	0.0999997	-1.34E-11	323.958577
-2.50001	0	323.981776	0.0999997	-1.35E-11	323.981776
-2.40001	-8E-13	324.005071	0.0999997	-1.35E-11	324.005071
-2.30001	1.2E-12	324.02828	0.0999998	-1.36E-11	324.02828
-2.20001	4E-13	324.051573	0.0999999	-1.32E-11	324.051573
-2.1	-1.45E-11	324.076689	0.0999998	-1.21E-11	324.076689
-2	1.9E-12	324.099984	0.0999997	-1.33E-11	324.099984
-1.9	4.4E-12	324.123271	0.0999998	-1.39E-11	324.123271
-1.8	5.5E-12	324.146489	0.0999997	-1.35E-11	324.146489
-1.699999	6.7E-12	324.169697	0.0999998	-1.39E-11	324.169697
-1.600001	-1.44E-11	324.215934	0.0999999	-1.16E-11	324.215934
-1.5	4.3E-12	324.239303	0.0999996	-1.33E-11	324.239303
-1.4	8.2E-12	324.26251	0.0999998	-8.8E-12	324.26251
-1.3	9.6E-12	324.285718	0.0999996	1.63E-11	324.285718
-1.2	1.04E-11	324.308936	0.0999999	1.445E-10	324.308936
-1.1	1E-11	324.332282	0.1	6.892E-10	324.332282
-0.999999	1.08E-11	324.355573	0.1000009	2.7022E-09	324.355573
-0.9	1.46E-11	324.378775	0.1000027	9.1549E-09	324.378775
-0.8	1.6E-11	324.401996	0.1000055	2.65966E-08	324.401996
-0.7	1.54E-11	324.42528	0.1000079	6.60406E-08	324.42528
-0.600001	-2.9E-12	324.464756	0.1000001	1.37538E-07	324.464756
-0.500001	3.5E-12	324.489264	0.1000005	2.6344E-07	324.489264
-0.400001	5.1E-12	324.513908	0.1000007	4.47112E-07	324.513908
-0.3	7E-12	324.5384	0.1000009	6.93525E-07	324.5384
-0.1999999	5.1E-12	324.564824	0.1000008	1.001637E-06	324.564824
-0.1	5.2E-12	324.599458	0.1000001	1.3639E-06	324.599458
3E-07	1.13E-11	324.624035	0.1000001	1.78715E-06	324.624035
0.1000003	1.36E-11	324.648525	0.1000001	2.25311E-06	324.648525
0.2000004	1.51E-11	324.673023	0.1000002	2.75716E-06	324.673023
0.299999	9.7E-12	324.73945	0.0999999	3.27886E-06	324.73945
0.4	1.72E-11	324.763966	0.1	3.84682E-06	324.763966
0.5	1.96E-11	324.788467	0.1000001	4.43392E-06	324.788467
0.6	2.18E-11	324.812985	0.1000002	5.0385E-06	324.812985
0.699999	2.42E-11	324.837541	0.1000002	5.65886E-06	324.837541
0.799999	2.62E-11	324.862063	0.1000001	6.29315E-06	324.862063
0.9	2.84E-11	324.886562	0.1000002	6.94075E-06	324.886562
0.999999	2.96E-11	324.911126	0.1000003	7.59925E-06	324.911126
1.1	3.12E-11	324.935661	0.1	8.26829E-06	324.935661
1.2	3.34E-11	324.960187	0.0999999	8.94567E-06	324.960187
1.3	3.45E-11	324.984724	0.1	9.63074E-06	324.984724
1.4	3.62E-11	325.009348	0.1000001	1.032197E-05	325.009348
1.499999	3.24E-11	325.043905	0.1	1.10095E-05	325.043905
1.599999	3.79E-11	325.068414	0.0999999	1.17125E-05	325.068414
1.699999	3.95E-11	325.092909	0.1	1.24192E-05	325.092909
1.8	4.06E-11	325.117517	0.1	1.31289E-05	325.117517
1.899999	4.15E-11	325.142022	0.0999999	1.38414E-05	325.142022
2	4.19E-11	325.166538	0.1	1.45573E-05	325.166538
2.1	4.27E-11	325.191034	0.1	1.52752E-05	325.191034
2.19999	3.69E-11	325.23834	0.1000001	1.59859E-05	325.23834
2.29999	4.22E-11	325.262854	0.1000001	1.67108E-05	325.262854
2.39999	4.26E-11	325.287413	0.1000002	1.74367E-05	325.287413
2.49999	4.37E-11	325.312045	0.1	1.81642E-05	325.312045
2.59999	4.41E-11	325.336635	0.0999999	1.88935E-05	325.336635
2.69999	4.52E-11	325.361169	0.1	1.96243E-05	325.361169
2.79999	4.59E-11	325.385706	0.0999997	2.03566E-05	325.385706
2.89999	4.62E-11	325.410232	0.1000001	2.10901E-05	325.410232
2.99999	4.64E-11	325.434827	0.1	2.1826E-05	325.434827
3.09999	4.72E-11	325.459347	0.1000003	2.25629E-05	325.459347
3.19999	4.73E-11	325.483882	0.1000002	2.33017E-05	325.483882
3.29999	4.82E-11	325.508393	0.1	2.40404E-05	325.508393
3.39999	4.81E-11	325.532903	0.1000001	2.47815E-05	325.532903
3.49999	4.86E-11	325.557409	0.1000001	2.55238E-05	325.557409
3.59999	4.89E-11	325.581984	0.1	2.62663E-05	325.581984
3.69999	4.87E-11	325.606504	0.1000001	2.70104E-05	325.606504
3.79999	4.96E-11	325.631089	0.1000001	2.77563E-05	325.631089
3.89999	4.96E-11	325.655603	0.1	2.85025E-05	325.655603
3.99999	5.01E-11	325.680106	0.1000001	2.92501E-05	325.680106
4.09999	4.32E-11	325.737078	0.1000001	2.99897E-05	325.737078
4.19999	4.83E-11	325.76162	0.1000002	3.07411E-05	325.76162
4.29999	4.9E-11	325.786132	0.1000002	3.14936E-05	325.786132
4.39999	4.99E-11	325.810726	0.1000002	3.22462E-05	325.810726
4.49999	4.97E-11	325.835312	0.1000001	3.29996E-05	325.835312
4.59999	5.02E-11	325.859878	0.1000002	3.37539E-05	325.859878
4.69999	5.06E-11	325.884412	0.1	3.45092E-05	325.884412
4.79999	5.13E-11	325.908986	0.1000001	3.52658E-05	325.908986
4.89999	5.17E-11	325.933529	0.0999999	3.60232E-05	325.933529
4.99999	5.15E-11	325.958073	0.1000001	3.6781E-05	325.958073
5.09999	5.15E-11	325.982588	0.1000002	3.75414E-05	325.982588
5.19999	5.18E-11	326.007108	0.1000002	3.83028E-05	326.007108
5.29999	5.25E-11	326.031622	0.1	3.90642E-05	326.031622
5.39999	5.24E-11	326.056135	0.1000001	3.98279E-05	326.056135
5.49999	5.27E-11	326.080637	0.1000001	4.05932E-05	326.080637
5.59999	5.32E-11	326.105131	0.1000002	4.13593E-05	326.105131
5.69999	5.32E-11	326.129749	0.1000001	4.21265E-05	326.129749
5.79999	5.33E-11	326.154271	0.1	4.28945E-05	326.154271
5.89999	5.37E-11	326.178759	0.1	4.36653E-05	326.178759
5.99999	4.7E-11	326.238424	0.1000001	4.44259E-05	326.238424
6.09999	5.19E-11	326.262993	0.0999998	4.52016E-05	326.262993
6.19999	5.32E-11	326.287512	0.1	4.59766E-05	326.287512
6.29999	5.32E-11	326.312029	0.1	4.6753E-05	326.312029
6.39999	5.34E-11	326.336704	0.0999999	4.75299E-05	326.336704
6.49999	5.36E-11	326.361275	0.1000002	4.83076E-05	326.361275
6.59999	5.43E-11	326.385784	0.1000001	4.90873E-05	326.385784
6.69999	5.39E-11	326.410335	0.1	4.98686E-05	326.410335
6.79999	5.42E-11	326.434884	0.0999999	5.06513E-05	326.434884
6.89999	5.43E-11	326.459447	0.1	5.14341E-05	326.459447
6.99999	5.49E-11	326.483955	0.1	5.22187E-05	326.483955
7.09999	5.48E-11	326.508477	0.0999999	5.30048E-05	326.508477
7.19999	5.5E-11	326.532995	0.0999999	5.37928E-05	326.532995
7.29999	5.5E-11	326.557509	0.1000001	5.45818E-05	326.557509
7.39999	5.54E-11	326.582071	0.1	5.53719E-05	326.582071
7.49999	5.57E-11	326.606597	0.1000001	5.61631E-05	326.606597
7.59999	5.56E-11	326.631199	0.1000002	5.69559E-05	326.631199
7.69999	5.54E-11	326.655729	0.1000001	5.77505E-05	326.655729
7.79999	5.56E-11	326.68026	0.0999999	5.85455E-05	326.68026
7.89999	4.98E-11	326.739796	0.0999999	5.93321E-05	326.739796
7.99999	5.47E-11	326.764316	0.0999999	6.01327E-05	326.764316
8.09999	5.51E-11	326.788829	0.0999999	6.0935E-05	326.788829
8.19999	5.59E-11	326.813337	0.1000002	6.17366E-05	326.813337
8.29999	5.58E-11	326.837989	0.1	6.25399E-05	326.837989
8.39999	5.61E-11	326.862528	0.1000001	6.33438E-05	326.862528
8.49999	5.69E-11	326.887041	0.1000001	6.41489E-05	326.887041
8.59999	5.68E-11	326.911593	0.1000002	6.49557E-05	326.911593
8.69999	5.69E-11	326.936136	0.1	6.5763E-05	326.936136
8.79999	5.72E-11	326.960655	0.0999999	6.65723E-05	326.960655
8.89999	5.68E-11	326.985163	0.1	6.73839E-05	326.985163
8.99999	5.76E-11	327.009688	0.1	6.81948E-05	327.009688
9.09999	5.82E-11	327.034226	0.1000002	6.90082E-05	327.034226
9.19999	5.81E-11	327.058766	0.1	6.98233E-05	327.058766
9.29999	5.8E-11	327.083272	0.0999999	7.0637E-05	327.083272
9.39999	5.82E-11	327.107804	0.1000002	7.1456E-05	327.107804
9.49999	5.77E-11	327.132387	0.0999998	7.2275E-05	327.132387
9.59999	5.83E-11	327.156931	0.1000001	7.30968E-05	327.156931
9.69999	5.82E-11	327.18144	0.1000003	7.39195E-05	327.18144
9.79999	5.2E-11	327.241234	0.1000002	7.47358E-05	327.241234
9.89999	5.67E-11	327.265823	0.1000002	7.55624E-05	327.265823
9.99999	5.75E-11	327.290326	0.1	7.639E-05	327.290326
9.9	4.42E-11	327.314879	0.0999997	7.55486E-05	327.314879
9.8	4.08E-11	327.339432	0.0999998	7.47135E-05	327.339432
9.7	3.87E-11	327.363975	0.1	7.38808E-05	327.363975
9.6	3.74E-11	327.388478	0.1000001	7.30503E-05	327.388478
9.5	3.5E-11	327.413019	0.0999997	7.22221E-05	327.413019
9.4	3.46E-11	327.437609	0.1000001	7.13973E-05	327.437609
9.3	3.36E-11	327.46218	0.0999999	7.05715E-05	327.46218
9.2	3.18E-11	327.486688	0.0999999	6.97484E-05	327.486688
9.1	3.15E-11	327.511202	0.0999996	6.89269E-05	327.511202
9	3.06E-11	327.535784	0.1000001	6.81059E-05	327.535784
8.9	3.06E-11	327.560354	0.0999999	6.72899E-05	327.560354
8.8	3E-11	327.584934	0.1	6.64704E-05	327.584934
8.7	2.86E-11	327.609441	0.1	6.56539E-05	327.609441
8.6	2.84E-11	327.63406	0.0999999	6.48376E-05	327.63406
8.5	2.83E-11	327.658604	0.0999999	6.40224E-05	327.658604
8.4	2.73E-11	327.683125	0.0999999	6.32094E-05	327.683125
8.30001	3.27E-11	327.742539	0.0999998	6.24018E-05	327.742539
8.2	2.76E-11	327.767088	0.0999997	6.15909E-05	327.767088
8.1	2.65E-11	327.791602	0.0999997	6.07807E-05	327.791602
8	2.61E-11	327.816105	0.0999999	5.99739E-05	327.816105
7.9	2.5E-11	327.840669	0.0999999	5.91678E-05	327.840669
7.8	2.52E-11	327.865197	0.0999997	5.83636E-05	327.865197
7.7	2.46E-11	327.889709	0.0999999	5.75606E-05	327.889709
7.6	2.46E-11	327.914257	0.0999999	5.67591E-05	327.914257
7.5	2.42E-11	327.938809	0.0999998	5.59579E-05	327.938809
7.4	2.33E-11	327.963369	0.0999998	5.516E-05	327.963369
7.3	2.32E-11	327.98787	0.1000001	5.4362E-05	327.98787
7.2	2.26E-11	328.012422	0.1000001	5.35652E-05	328.012422
7.1	2.15E-11	328.036936	0.0999999	5.27703E-05	328.036936
7	2.12E-11	328.061479	0.0999999	5.19769E-05	328.061479
6.9	2.13E-11	328.086125	0.1000001	5.11837E-05	328.086125
6.8	2.1E-11	328.110677	0.1	5.03922E-05	328.110677
6.7	2.01E-11	328.135298	0.1	4.96035E-05	328.135298
6.6	2.01E-11	328.159849	0.1000001	4.88155E-05	328.159849
6.5	1.98E-11	328.184377	0.0999999	4.80282E-05	328.184377
6.4	2.56E-11	328.239881	0.0999999	4.7247E-05	328.239881
6.3	2E-11	328.264454	0.1000002	4.64622E-05	328.264454
6.2	1.92E-11	328.288977	0.1	4.56783E-05	328.288977
6.1	1.84E-11	328.3135	0.0999998	4.48963E-05	328.3135
6	1.79E-11	328.338072	0.0999999	4.41159E-05	328.338072
5.9	1.8E-11	328.362641	0.1000001	4.33372E-05	328.362641
5.8	1.75E-11	328.387181	0.0999999	4.25595E-05	328.387181
5.7	1.68E-11	328.411727	0.1	4.17831E-05	328.411727
5.6	1.64E-11	328.436258	0.0999997	4.1008E-05	328.436258
5.5	1.6E-11	328.460797	0.0999998	4.02346E-05	328.460797
5.4	1.58E-11	328.485331	0.1	3.94621E-05	328.485331
5.3	1.51E-11	328.509883	0.0999998	3.86914E-05	328.509883
5.2	1.5E-11	328.534396	0.0999998	3.79207E-05	328.534396
5.1	1.46E-11	328.558906	0.0999999	3.71532E-05	328.558906
5	1.39E-11	328.58348	0.1000001	3.63862E-05	328.58348
4.9	1.34E-11	328.608049	0.1	3.56205E-05	328.608049
4.8	1.3E-11	328.632664	0.0999999	3.48562E-05	328.632664
4.7	1.25E-11	328.657212	0.0999999	3.40936E-05	328.657212
4.6	1.19E-11	328.68175	0.1	3.33319E-05	328.68175
4.5	1.96E-11	328.743749	0.1000001	3.25781E-05	328.743749
4.4	1.33E-11	328.768368	0.1	3.18186E-05	328.768368
4.3	1.24E-11	328.792926	0.1000001	3.1061E-05	328.792926
4.2	1.14E-11	328.817465	0.1	3.03051E-05	328.817465
4.1	1.06E-11	328.842057	0.1000001	2.95508E-05	328.842057
4	9.8E-12	328.866585	0.0999998	2.87979E-05	328.866585
3.9	9.5E-12	328.891177	0.1000001	2.80464E-05	328.891177
3.8	9.4E-12	328.915951	0.1	2.72971E-05	328.915951
3.7	7.7E-12	328.940471	0.1000001	2.65484E-05	328.940471
3.6	7.6E-12	328.965094	0.0999998	2.58016E-05	328.965094
3.5	6.8E-12	328.98961	0.0999997	2.50561E-05	328.98961
3.4	6.3E-12	329.01414	0.0999999	2.43128E-05	329.01414
3.3	5E-12	329.038643	0.1	2.35705E-05	329.038643
3.2	4.5E-12	329.063233	0.0999999	2.28302E-05	329.063233
3.1	3.8E-12	329.087738	0.1000001	2.20912E-05	329.087738
3	3.9E-12	329.112259	0.1000002	2.13536E-05	329.112259
2.9	2.5E-12	329.13686	0.1000001	2.06183E-05	329.13686
2.8	2E-12	329.161403	0.0999999	1.98854E-05	329.161403
2.7	9E-13	329.185896	0.0999999	1.91535E-05	329.185896
2.6	7.1E-12	329.246928	0.0999999	1.84291E-05	329.246928
2.5	1.4E-12	329.27149	0.0999999	1.77001E-05	329.27149
2.4	1E-13	329.296038	0.1000001	1.69746E-05	329.296038
2.3	-1.3E-12	329.320544	0.1	1.62504E-05	329.320544
2.2	-2.5E-12	329.345109	0.1000002	1.55296E-05	329.345109
2.099999	0	329.371603	0.1	1.48146E-05	329.371603
2	-4.4E-12	329.396112	0.1	1.40985E-05	329.396112
1.9	-5.3E-12	329.420645	0.0999999	1.33863E-05	329.420645
1.8	-6.7E-12	329.445271	0.1	1.26768E-05	329.445271
1.7	-8.3E-12	329.469918	0.0999999	1.19709E-05	329.469918
1.6	-8.9E-12	329.494476	0.0999999	1.12697E-05	329.494476
1.5	-1.03E-11	329.519006	0.1000001	1.05723E-05	329.519006
1.4	-1.17E-11	329.543527	0.1000001	9.8813E-06	329.543527
1.3	-1.32E-11	329.568046	0.0999998	9.1958E-06	329.568046
1.2	-1.09E-11	329.595216	0.1	8.5235E-06	329.595216
1.1	-1.52E-11	329.619925	0.0999998	7.85382E-06	329.619925
1	-1.7E-11	329.644492	0.0999999	7.19441E-06	329.644492
0.9	-1.91E-11	329.669012	0.1	6.54617E-06	329.669012
0.8	-2.1E-11	329.693569	0.0999999	5.91054E-06	329.693569
0.7	-1.72E-11	329.74443	0.0999999	5.29433E-06	329.74443
0.6	-2.38E-11	329.768973	0.0999999	4.68642E-06	329.768973
0.5	-2.64E-11	329.793526	0.1000001	4.09742E-06	329.793526
0.4	-2.87E-11	329.818033	0.1	3.52837E-06	329.818033
0.3	-3.09E-11	329.842616	0.1000001	2.98386E-06	329.842616
0.1999998	-3.02E-11	329.869028	0.0999998	2.46992E-06	329.869028
0.0999995	-3.56E-11	329.893524	0.0999998	1.98945E-06	329.893524
-4E-07	-3.71E-11	329.918309	0.1000001	1.5501E-06	329.918309
