#scan	iMeasureCycle=1	iMux=0	time=0.031	N=401	LocalTime=19/04/2023 22:19:40
#VGate(V)	IGate(A)	time(s)	VDrain(V)	IDrain(A)	time(s)
-2E-07	-1.571E-10	0.033941	0.1000002	1.06072E-05	0.033941
-0.1000003	-2.161E-10	0.058825	0.0999999	9.8518E-06	0.058825
-0.2000003	-2.652E-10	0.083348	0.1	9.1062E-06	0.083348
-0.3	-1.8E-10	0.110677	0.0999999	8.37518E-06	0.110677
-0.4	-1.1E-10	0.135171	0.1000001	7.64984E-06	0.135171
-0.5	-8.65E-11	0.159692	0.0999999	6.93852E-06	0.159692
-0.6	-7.52E-11	0.184235	0.1	6.24132E-06	0.184235
-0.7	-6.79E-11	0.208757	0.0999999	5.56295E-06	0.208757
-0.8	-6.34E-11	0.233272	0.1	4.90699E-06	0.233272
-0.9	-6.04E-11	0.257803	0.0999998	4.27527E-06	0.257803
-1	-5.87E-11	0.282308	0.0999999	3.67239E-06	0.282308
-1.1	-5.68E-11	0.306857	0.0999998	3.10371E-06	0.306857
-1.2	-5.62E-11	0.331376	0.0999997	2.57435E-06	0.331376
-1.3	-5.57E-11	0.355991	0.0999999	2.08851E-06	0.355991
-1.4	-5.55E-11	0.380508	0.1000002	1.65115E-06	0.380508
-1.5	-5.5E-11	0.405053	0.1000001	1.26594E-06	0.405053
-1.6	-5.5E-11	0.429575	0.1	9.3563E-07	0.429575
-1.699999	-5.1E-11	0.456911	0.0999998	6.62557E-07	0.456911
-1.8	-5.5E-11	0.4814	0.0999995	4.4333E-07	0.4814
-1.9	-5.48E-11	0.50595	0.0999995	2.77615E-07	0.50595
-2	-5.51E-11	0.53052	0.0999997	1.60065E-07	0.53052
-2.1	-4.59E-11	0.598184	0.0999971	8.5915E-08	0.598184
-2.2	-6.71E-11	0.621648	0.1000089	3.90629E-08	0.621648
-2.3	-6.59E-11	0.644957	0.1000035	1.55519E-08	0.644957
-2.4	-6.93E-11	0.668161	0.1000019	5.2832E-09	0.668161
-2.5	-6.94E-11	0.691427	0.1000006	1.4928E-09	0.691427
-2.6	-6.86E-11	0.714711	0.1000002	3.405E-10	0.714711
-2.7	-6.86E-11	0.738005	0.1000001	5.66E-11	0.738005
-2.8	-7.15E-11	0.761206	0.1000001	1.8E-12	0.761206
-2.9	-7.2E-11	0.784416	0.1000002	-6E-12	0.784416
-3	-7.23E-11	0.80763	0.1	-7.9E-12	0.80763
-3.1	-7.08E-11	0.830922	0.1	-7.3E-12	0.830922
-3.2	-7.08E-11	0.85434	0.1000002	-7.8E-12	0.85434
-3.3	-7.28E-11	0.877546	0.0999999	-7.6E-12	0.877546
-3.4	-7.18E-11	0.900834	0.1000001	-7.5E-12	0.900834
-3.5	-7.23E-11	0.924106	0.1	-7.6E-12	0.924106
-3.6	-7.34E-11	0.947324	0.1	-7.7E-12	0.947324
-3.7	-7.49E-11	0.970528	0.1000001	-7.5E-12	0.970528
-3.8	-7.32E-11	0.99381	0.1000001	-7.4E-12	0.99381
-3.9	-7.34E-11	1.017094	0.1000001	-7.3E-12	1.017094
-4	-7.5E-11	1.040316	0.1000002	-7.3E-12	1.040316
-4.1	-5.36E-11	1.101084	0.1	-9.2E-12	1.101084
-4.2	-7.25E-11	1.124402	0.1000001	-7.6E-12	1.124402
-4.3	-7.45E-11	1.147637	0.1	-7.1E-12	1.147637
-4.4	-7.51E-11	1.170866	0.1000001	-7.3E-12	1.170866
-4.5	-7.36E-11	1.194215	0.0999999	-7.5E-12	1.194215
-4.6	-7.38E-11	1.217526	0.1	-7.4E-12	1.217526
-4.7	-7.64E-11	1.240736	0.1000002	-7.1E-12	1.240736
-4.8	-7.68E-11	1.263947	0.1000001	-7.1E-12	1.263947
-4.9	-7.54E-11	1.287235	0.1000001	-7.4E-12	1.287235
-5	-7.53E-11	1.310527	0.1000003	-7.1E-12	1.310527
-5.1	-7.79E-11	1.333734	0.1000002	-7.3E-12	1.333734
-5.2	-7.84E-11	1.357036	0.1	-7.1E-12	1.357036
-5.3	-7.7E-11	1.380332	0.1000001	-7.1E-12	1.380332
-5.4	-7.87E-11	1.403548	0.1000002	-6.9E-12	1.403548
-5.5	-7.9E-11	1.426773	0.1	-6.8E-12	1.426773
-5.6	-7.92E-11	1.44999	0.1000002	-7.1E-12	1.44999
-5.7	-7.78E-11	1.473284	0.1000001	-7E-12	1.473284
-5.8	-7.76E-11	1.496574	0.1000003	-7E-12	1.496574
-5.9	-7.95E-11	1.519807	0.1000001	-6.8E-12	1.519807
-6	-7.98E-11	1.543027	0.1000002	-6.6E-12	1.543027
-6.1	-5.9E-11	1.595482	0.1000001	-8.2E-12	1.595482
-6.2	-7.66E-11	1.61881	0.1000001	-6.8E-12	1.61881
-6.3	-7.9E-11	1.642121	0.1000003	-6.2E-12	1.642121
-6.4	-7.78E-11	1.66541	0.1000001	-6.6E-12	1.66541
-6.5	-7.81E-11	1.688758	0.1000002	-7.1E-12	1.688758
-6.6	-8.07E-11	1.711967	0.1000001	-6.6E-12	1.711967
-6.7	-7.9E-11	1.735257	0.1000002	-6.4E-12	1.735257
-6.8	-7.95E-11	1.758551	0.1000002	-6.8E-12	1.758551
-6.9	-7.92E-11	1.781842	0.1	-6.8E-12	1.781842
-7	-8.13E-11	1.805049	0.1000001	-7E-12	1.805049
-7.1	-8.14E-11	1.828269	0.1	-6.3E-12	1.828269
-7.2	-8.02E-11	1.851616	0.1000001	-6.5E-12	1.851616
-7.3	-8.19E-11	1.874875	0.1000001	-6.6E-12	1.874875
-7.4	-8.18E-11	1.898113	0.1000002	-6.5E-12	1.898113
-7.5	-8.2E-11	1.921407	0.1	-6.5E-12	1.921407
-7.6	-8.03E-11	1.944702	0.1000002	-6.9E-12	1.944702
-7.7	-8.24E-11	1.967931	0.1000002	-6.5E-12	1.967931
-7.8	-8.09E-11	1.991227	0.1000002	-6.9E-12	1.991227
-7.9	-8.13E-11	2.014517	0.1	-7E-12	2.014517
-8	-8.24E-11	2.037748	0.1000001	-6.5E-12	2.037748
-8.1	-8.21E-11	2.061072	0.1000002	-6.8E-12	2.061072
-8.2	-6.41E-11	2.097044	0.0999998	-8.2E-12	2.097044
-8.3	-8.29E-11	2.120286	0.1000001	-6.5E-12	2.120286
-8.4	-8.29E-11	2.143519	0.1000002	-6.7E-12	2.143519
-8.5	-8.06E-11	2.166859	0.1000003	-7E-12	2.166859
-8.6	-8.21E-11	2.190217	0.1	-6.6E-12	2.190217
-8.7	-8.44E-11	2.21343	0.1000001	-6.4E-12	2.21343
-8.8	-8.51E-11	2.236648	0.1000002	-6.3E-12	2.236648
-8.9	-8.29E-11	2.25994	0.1000002	-7E-12	2.25994
-9	-8.25E-11	2.283242	0.0999999	-6.4E-12	2.283242
-9.1	-8.5E-11	2.306441	0.1000002	-6.3E-12	2.306441
-9.2	-8.48E-11	2.329655	0.1000002	-6.6E-12	2.329655
-9.3	-8.34E-11	2.353021	0.1	-6.6E-12	2.353021
-9.4	-8.5E-11	2.376241	0.1000002	-6.3E-12	2.376241
-9.5	-8.58E-11	2.399466	0.1000003	-6.3E-12	2.399466
-9.6	-8.55E-11	2.422689	0.1000003	-6.4E-12	2.422689
-9.7	-8.41E-11	2.445977	0.1000002	-6.7E-12	2.445977
-9.8	-8.37E-11	2.469268	0.1000001	-6.6E-12	2.469268
-9.9	-8.54E-11	2.492479	0.1	-6.2E-12	2.492479
-10	-8.54E-11	2.51569	0.1	-6.4E-12	2.51569
-9.90001	-4.45E-11	2.539031	0.0999998	-9.6E-12	2.539031
-9.80001	-4.15E-11	2.562334	0.0999996	-9.8E-12	2.562334
-9.70001	-5.69E-11	2.603036	0.0999998	-8.4E-12	2.603036
-9.60001	-3.7E-11	2.626354	0.0999998	-9.7E-12	2.626354
-9.50001	-3.44E-11	2.649599	0.0999998	-1.04E-11	2.649599
-9.40001	-3.25E-11	2.672827	0.0999995	-1E-11	2.672827
-9.30001	-3.16E-11	2.696112	0.0999998	-1.02E-11	2.696112
-9.20001	-3.2E-11	2.719405	0.0999996	-9.7E-12	2.719405
-9.10001	-2.93E-11	2.742601	0.0999995	-9.9E-12	2.742601
-9.00001	-2.9E-11	2.765856	0.0999995	-9.9E-12	2.765856
-8.90001	-2.96E-11	2.789151	0.0999996	-9.8E-12	2.789151
-8.80001	-2.82E-11	2.812432	0.0999999	-9.8E-12	2.812432
-8.70001	-2.63E-11	2.83564	0.0999997	-1E-11	2.83564
-8.60001	-2.6E-11	2.858916	0.0999999	-1.02E-11	2.858916
-8.50001	-2.67E-11	2.882207	0.0999998	-9.7E-12	2.882207
-8.40001	-2.67E-11	2.905494	0.0999997	-9.9E-12	2.905494
-8.30001	-2.43E-11	2.928719	0.0999997	-1.02E-11	2.928719
-8.20001	-2.6E-11	2.952011	0.0999998	-1.05E-11	2.952011
-8.10001	-2.51E-11	2.975295	0.0999998	-1E-11	2.975295
-8.00001	-2.42E-11	2.998568	0.0999997	-1.04E-11	2.998568
-7.90001	-2.26E-11	3.021784	0.0999995	-1.02E-11	3.021784
-7.80001	-2.39E-11	3.045082	0.0999997	-1.01E-11	3.045082
-7.70001	-4.26E-11	3.104346	0.0999999	-8.3E-12	3.104346
-7.60001	-2.41E-11	3.127649	0.0999996	-9.9E-12	3.127649
-7.50001	-2.17E-11	3.150858	0.0999998	-1.04E-11	3.150858
-7.40001	-2.15E-11	3.174088	0.0999998	-1.05E-11	3.174088
-7.30001	-2.09E-11	3.197354	0.0999999	-1.04E-11	3.197354
-7.2	-2.17E-11	3.220646	0.0999997	-1.05E-11	3.220646
-7.10001	-2.13E-11	3.243926	0.0999996	-1.05E-11	3.243926
-7.00001	-1.93E-11	3.267151	0.0999998	-1.09E-11	3.267151
-6.90001	-1.84E-11	3.290376	0.0999998	-1.06E-11	3.290376
-6.80001	-1.85E-11	3.313613	0.0999997	-1.03E-11	3.313613
-6.70001	-1.99E-11	3.336907	0.0999997	-1.03E-11	3.336907
-6.60001	-1.75E-11	3.360298	0.0999998	-1.08E-11	3.360298
-6.50001	-1.89E-11	3.383596	0.0999997	-1.09E-11	3.383596
-6.40001	-1.84E-11	3.40687	0.0999997	-1.08E-11	3.40687
-6.30001	-1.59E-11	3.430097	0.0999997	-1.09E-11	3.430097
-6.20001	-1.57E-11	3.453311	0.0999996	-1.08E-11	3.453311
-6.10001	-1.75E-11	3.476612	0.0999996	-1.1E-11	3.476612
-6.00001	-1.65E-11	3.499899	0.0999996	-1.1E-11	3.499899
-5.90001	-1.45E-11	3.523137	0.0999998	-1.09E-11	3.523137
-5.80001	-1.44E-11	3.54641	0.0999998	-1.1E-11	3.54641
-5.70001	-3.58E-11	3.60587	0.1	-9.1E-12	3.60587
-5.60001	-1.76E-11	3.629185	0.0999997	-1.09E-11	3.629185
-5.50001	-1.46E-11	3.652402	0.0999996	-1.1E-11	3.652402
-5.40001	-1.4E-11	3.675654	0.0999997	-1.12E-11	3.675654
-5.30001	-1.49E-11	3.699001	0.0999997	-1.12E-11	3.699001
-5.20001	-1.48E-11	3.722287	0.0999999	-1.12E-11	3.722287
-5.1	-1.24E-11	3.745493	0.0999996	-1.13E-11	3.745493
-5.00001	-1.38E-11	3.768791	0.0999998	-1.12E-11	3.768791
-4.90001	-1.31E-11	3.792077	0.0999998	-1.13E-11	3.792077
-4.80001	-1.07E-11	3.815278	0.0999997	-1.13E-11	3.815278
-4.7	-1.03E-11	3.838498	0.0999997	-1.14E-11	3.838498
-4.60001	-1.03E-11	3.861773	0.0999997	-1.13E-11	3.861773
-4.50001	-1.15E-11	3.885079	0.0999997	-1.14E-11	3.885079
-4.40001	-1.05E-11	3.908373	0.0999998	-1.18E-11	3.908373
-4.3	-9.2E-12	3.931703	0.0999997	-1.16E-11	3.931703
-4.20001	-1.01E-11	3.954994	0.0999997	-1.18E-11	3.954994
-4.10001	-9E-12	3.978282	0.0999997	-1.16E-11	3.978282
-4.00001	-6.8E-12	4.001494	0.0999997	-1.25E-11	4.001494
-3.90001	-6.6E-12	4.024707	0.0999996	-1.19E-11	4.024707
-3.80001	-7.5E-12	4.047997	0.0999997	-1.2E-11	4.047997
-3.70001	-2.75E-11	4.107254	0.0999997	-9.9E-12	4.107254
-3.60001	-9.2E-12	4.130567	0.0999999	-1.21E-11	4.130567
-3.50001	-5.7E-12	4.153776	0.0999998	-1.22E-11	4.153776
-3.40001	-5.1E-12	4.17699	0.0999998	-1.22E-11	4.17699
-3.30001	-5.7E-12	4.200328	0.0999997	-1.22E-11	4.200328
-3.20001	-5.6E-12	4.223636	0.0999998	-1.23E-11	4.223636
-3.10001	-2.7E-12	4.246845	0.0999998	-1.22E-11	4.246845
-3.00001	-4.1E-12	4.270222	0.0999998	-1.2E-11	4.270222
-2.90001	-3.2E-12	4.293519	0.0999998	-7.9E-12	4.293519
-2.80001	-1E-12	4.316735	0.0999998	1.56E-11	4.316735
-2.70001	3E-13	4.339948	0.0999996	1.493E-10	4.339948
-2.60001	-1.4E-12	4.363325	0.0999999	7.306E-10	4.363325
-2.50001	-5E-13	4.386628	0.1000007	2.7621E-09	4.386628
-2.40001	1.9E-12	4.409828	0.1000017	8.6421E-09	4.409828
-2.30001	2.6E-12	4.433044	0.1000031	2.30636E-08	4.433044
-2.20001	1.8E-12	4.456328	0.100003	5.31438E-08	4.456328
-2.1	-1.69E-11	4.497705	0.1000001	1.0591E-07	4.497705
-2.000001	-1.12E-11	4.522242	0.1000002	1.95684E-07	4.522242
-1.900001	-1.02E-11	4.546812	0.1000007	3.26897E-07	4.546812
-1.800001	-1.7E-11	4.611095	0.1000003	4.98538E-07	4.611095
-1.7	-1.05E-11	4.635642	0.1000007	7.34851E-07	4.635642
-1.6	-8.3E-12	4.660167	0.1000007	1.024232E-06	4.660167
-1.500001	-1.27E-11	4.696651	0.1000001	1.36146E-06	4.696651
-1.400001	-6.9E-12	4.721166	0.1	1.76024E-06	4.721166
-1.3	-5.7E-12	4.745669	0.1000001	2.20781E-06	4.745669
-1.200001	-4.2E-12	4.770187	0.0999999	2.70135E-06	4.770187
-1.100001	-3E-12	4.794708	0.1000001	3.23651E-06	4.794708
-1	-1.3E-12	4.819234	0.1	3.80859E-06	4.819234
-0.9	-1E-13	4.843745	0.1000001	4.41269E-06	4.843745
-0.8	6E-13	4.868324	0.1000002	5.04495E-06	4.868324
-0.700001	2.6E-12	4.892839	0.1	5.70076E-06	4.892839
-0.600001	4.1E-12	4.917359	0.1	6.3781E-06	4.917359
-0.5	5.2E-12	4.941859	0.1000001	7.07199E-06	4.941859
-0.4	6.9E-12	4.966367	0.1	7.78075E-06	4.966367
-0.3	8.5E-12	4.990819	0.1000001	8.50183E-06	4.990819
-0.2	6.6E-12	5.017214	0.1000001	9.23331E-06	5.017214
-0.0999998	1.18E-11	5.041711	0.0999998	9.97501E-06	5.041711
-2E-07	4.6E-12	5.11813	0.0999999	1.07061E-05	5.11813
0.1000002	1.2E-11	5.142669	0.1000002	1.14659E-05	5.142669
0.2000003	1.51E-11	5.167158	0.1000003	1.22309E-05	5.167158
0.299999	1.69E-11	5.191956	0.0999999	1.30005E-05	5.191956
0.4	1.99E-11	5.216506	0.1	1.37769E-05	5.216506
0.5	2.14E-11	5.241126	0.1000002	1.45589E-05	5.241126
0.599999	2.34E-11	5.265672	0.1000001	1.53464E-05	5.265672
0.7	2.56E-11	5.290175	0.0999998	1.61385E-05	5.290175
0.799999	2.76E-11	5.314694	0.0999999	1.69351E-05	5.314694
0.899999	2.92E-11	5.3392	0.0999999	1.77352E-05	5.3392
0.999999	3.1E-11	5.363795	0.1000001	1.85378E-05	5.363795
1.1	3.27E-11	5.388346	0.1000001	1.93435E-05	5.388346
1.2	3.43E-11	5.412875	0.1000002	2.01518E-05	5.412875
1.3	3.62E-11	5.437377	0.0999998	2.09618E-05	5.437377
1.4	3.72E-11	5.46188	0.1000001	2.17732E-05	5.46188
1.5	3.87E-11	5.486402	0.0999999	2.25858E-05	5.486402
1.599999	3.95E-11	5.510912	0.1000001	2.34001E-05	5.510912
1.7	4.03E-11	5.535463	0.1000001	2.42155E-05	5.535463
1.8	4.1E-11	5.560014	0.1000002	2.50309E-05	5.560014
1.899999	3.53E-11	5.616231	0.1000001	2.5836E-05	5.616231
2	4.07E-11	5.640762	0.1	2.66577E-05	5.640762
2.099999	4.2E-11	5.665292	0.1	2.74781E-05	5.665292
2.19999	4.27E-11	5.690028	0.0999999	2.82932E-05	5.690028
2.29999	4.35E-11	5.714619	0.0999999	2.91142E-05	5.714619
2.39999	4.45E-11	5.739148	0.1000002	2.99355E-05	5.739148
2.49999	4.54E-11	5.763652	0.1	3.07572E-05	5.763652
2.59999	4.55E-11	5.788297	0.1000001	3.15794E-05	5.788297
2.69999	4.62E-11	5.812805	0.1	3.24027E-05	5.812805
2.79999	4.66E-11	5.837311	0.1	3.32264E-05	5.837311
2.89999	4.68E-11	5.861944	0.1000001	3.40505E-05	5.861944
2.99999	4.73E-11	5.886564	0.1	3.48745E-05	5.886564
3.09999	4.8E-11	5.911089	0.0999998	3.57002E-05	5.911089
3.19999	4.87E-11	5.935694	0.1000002	3.6527E-05	5.935694
3.29999	4.9E-11	5.960214	0.1000003	3.73534E-05	5.960214
3.39999	4.94E-11	5.984753	0.0999999	3.81815E-05	5.984753
3.49999	4.97E-11	6.009286	0.1000003	3.90101E-05	6.009286
3.59999	4.96E-11	6.033841	0.1000003	3.9839E-05	6.033841
3.69999	5E-11	6.058366	0.1000001	4.06692E-05	6.058366
3.79999	4.34E-11	6.115224	0.0999999	4.14882E-05	6.115224
3.89999	4.85E-11	6.139756	0.1000001	4.23231E-05	6.139756
3.99999	4.95E-11	6.164263	0.1000003	4.31569E-05	6.164263
4.09999	4.95E-11	6.188876	0.0999999	4.3991E-05	6.188876
4.19999	5.03E-11	6.213441	0.1	4.48249E-05	6.213441
4.29999	5.09E-11	6.237961	0.1	4.56594E-05	6.237961
4.39999	5.1E-11	6.262466	0.0999999	4.64945E-05	6.262466
4.49999	5.14E-11	6.287	0.1000001	4.73311E-05	6.287
4.59999	5.21E-11	6.311541	0.1000001	4.81681E-05	6.311541
4.69999	5.22E-11	6.336036	0.1000001	4.90055E-05	6.336036
4.79999	5.2E-11	6.360657	0.1000001	4.98441E-05	6.360657
4.89999	5.22E-11	6.38515	0.0999999	5.06838E-05	6.38515
4.99999	5.25E-11	6.409671	0.1000001	5.15241E-05	6.409671
5.09999	5.3E-11	6.434174	0.1	5.23646E-05	6.434174
5.19999	5.33E-11	6.458693	0.1	5.32063E-05	6.458693
5.29999	5.32E-11	6.483228	0.1000002	5.40496E-05	6.483228
5.39999	5.35E-11	6.50779	0.1000002	5.48936E-05	6.50779
5.49999	5.35E-11	6.53236	0.1	5.57375E-05	6.53236
5.59999	5.41E-11	6.556893	0.1000001	5.65832E-05	6.556893
5.69999	4.78E-11	6.612279	0.1	5.74204E-05	6.612279
5.79999	5.32E-11	6.636788	0.0999998	5.82698E-05	6.636788
5.89999	5.41E-11	6.661301	0.1000001	5.91204E-05	6.661301
5.99999	5.42E-11	6.685814	0.0999997	5.99707E-05	6.685814
6.09999	5.43E-11	6.71041	0.1	6.08218E-05	6.71041
6.19999	5.43E-11	6.735013	0.1	6.16728E-05	6.735013
6.29999	5.43E-11	6.75955	0.1000001	6.25251E-05	6.75955
6.39999	5.51E-11	6.784062	0.1000001	6.33787E-05	6.784062
6.49999	5.46E-11	6.808576	0.1000003	6.42339E-05	6.808576
6.59999	5.51E-11	6.833092	0.1000002	6.50881E-05	6.833092
6.69999	5.5E-11	6.857765	0.1000002	6.5944E-05	6.857765
6.79999	5.5E-11	6.882379	0.1000001	6.6802E-05	6.882379
6.89999	5.56E-11	6.906926	0.1	6.76604E-05	6.906926
6.99999	5.58E-11	6.931436	0.1	6.85187E-05	6.931436
7.09999	5.56E-11	6.95597	0.1000001	6.93781E-05	6.95597
7.19999	5.56E-11	6.980492	0.1000001	7.02389E-05	6.980492
7.29999	5.57E-11	7.005029	0.1	7.11013E-05	7.005029
7.39999	5.58E-11	7.029574	0.1	7.19633E-05	7.029574
7.49999	5.63E-11	7.054103	0.1	7.28267E-05	7.054103
7.59999	4.81E-11	7.116536	0.1000001	7.36798E-05	7.116536
7.69999	5.37E-11	7.1411	0.1	7.45495E-05	7.1411
7.79999	5.47E-11	7.165665	0.1	7.54183E-05	7.165665
7.89999	5.54E-11	7.190163	0.1	7.6287E-05	7.190163
7.99999	5.56E-11	7.214783	0.1000001	7.71571E-05	7.214783
8.09999	5.58E-11	7.239324	0.1000001	7.80276E-05	7.239324
8.19999	5.63E-11	7.263846	0.1000001	7.88992E-05	7.263846
8.29999	5.65E-11	7.288377	0.1000001	7.97709E-05	7.288377
8.39999	5.68E-11	7.312917	0.1000001	8.06444E-05	7.312917
8.49999	5.7E-11	7.337436	0.1000001	8.15175E-05	7.337436
8.59999	5.73E-11	7.362035	0.1000001	8.23916E-05	7.362035
8.69999	5.73E-11	7.386558	0.1000001	8.32679E-05	7.386558
8.79999	5.76E-11	7.411075	0.1000002	8.41461E-05	7.411075
8.89999	5.76E-11	7.435599	0.0999999	8.50232E-05	7.435599
8.99999	5.83E-11	7.460125	0.1	8.59023E-05	7.460125
9.09999	5.79E-11	7.484644	0.1000001	8.67834E-05	7.484644
9.19999	5.79E-11	7.509184	0.0999999	8.76656E-05	7.509184
9.29999	5.81E-11	7.533743	0.1	8.85441E-05	7.533743
9.39999	5.9E-11	7.55832	0.1	8.94287E-05	7.55832
9.49999	5.22E-11	7.615172	0.0999999	9.03104E-05	7.615172
9.59999	5.7E-11	7.639681	0.1000002	9.1199E-05	7.639681
9.69999	5.76E-11	7.664207	0.0999997	9.2088E-05	7.664207
9.79999	5.84E-11	7.688727	0.0999999	9.29766E-05	7.688727
9.89999	5.85E-11	7.713291	0.1000002	9.38663E-05	7.713291
9.99999	5.87E-11	7.737854	0.1000002	9.47559E-05	7.737854
9.9	4.54E-11	7.762372	0.1	9.38514E-05	7.762372
9.8	4.21E-11	7.786903	0.0999998	9.29523E-05	7.786903
9.7	3.97E-11	7.811408	0.0999998	9.20562E-05	7.811408
9.6	3.81E-11	7.835929	0.0999999	9.11616E-05	7.835929
9.5	3.69E-11	7.860541	0.1000001	9.02683E-05	7.860541
9.4	3.59E-11	7.885198	0.1	8.93778E-05	7.885198
9.3	3.48E-11	7.909713	0.0999998	8.8487E-05	7.909713
9.2	3.43E-11	7.934311	0.0999999	8.75978E-05	7.934311
9.1	3.28E-11	7.958813	0.0999998	8.67093E-05	7.958813
9	3.24E-11	7.983306	0.1000001	8.58224E-05	7.983306
8.9	3.17E-11	8.007809	0.0999998	8.49402E-05	8.007809
8.8	3.06E-11	8.03233	0.0999999	8.40535E-05	8.03233
8.7	2.99E-11	8.056833	0.0999997	8.3169E-05	8.056833
8.6	3.61E-11	8.119436	0.1000003	8.22893E-05	8.119436
8.5	3.01E-11	8.143987	0.1	8.14037E-05	8.143987
8.4	2.93E-11	8.168532	0.0999998	8.05214E-05	8.168532
8.3	2.87E-11	8.193069	0.1000001	7.96414E-05	8.193069
8.2	2.78E-11	8.217626	0.0999998	7.87607E-05	8.217626
8.1	2.68E-11	8.24213	0.1	7.78817E-05	8.24213
8	2.62E-11	8.266642	0.1000001	7.70037E-05	8.266642
7.9	2.59E-11	8.291154	0.1000001	7.61284E-05	8.291154
7.8	2.56E-11	8.315781	0.0999999	7.5253E-05	8.315781
7.7	2.52E-11	8.340278	0.1	7.43784E-05	8.340278
7.6	2.44E-11	8.364886	0.0999998	7.35057E-05	8.364886
7.5	2.44E-11	8.389414	0.1000003	7.2633E-05	8.389414
7.4	2.38E-11	8.413902	0.0999999	7.17616E-05	8.413902
7.3	2.34E-11	8.438428	0.1	7.08919E-05	8.438428
7.2	2.26E-11	8.462928	0.0999997	7.00222E-05	8.462928
7.1	2.25E-11	8.487436	0.1000001	6.91537E-05	8.487436
7	2.24E-11	8.511938	0.1000002	6.82858E-05	8.511938
6.9	2.2E-11	8.536475	0.0999999	6.74189E-05	8.536475
6.8	2.14E-11	8.561031	0.0999997	6.65535E-05	8.561031
6.7	2.76E-11	8.618149	0.1000001	6.56941E-05	8.618149
6.6	2.29E-11	8.642686	0.0999999	6.48289E-05	8.642686
6.5	2.19E-11	8.667233	0.0999998	6.39664E-05	8.667233
6.4	2.1E-11	8.69175	0.0999999	6.31045E-05	8.69175
6.3	2.06E-11	8.716321	0.1	6.22425E-05	8.716321
6.2	2.03E-11	8.740858	0.0999998	6.13818E-05	8.740858
6.1	1.98E-11	8.765362	0.0999998	6.05229E-05	8.765362
6	1.91E-11	8.789879	0.1	5.96637E-05	8.789879
5.9	1.92E-11	8.814421	0.1	5.88059E-05	8.814421
5.8	1.81E-11	8.83893	0.1000001	5.79491E-05	8.83893
5.7	1.82E-11	8.863561	0.1000001	5.70936E-05	8.863561
5.6	1.76E-11	8.888133	0.1	5.62383E-05	8.888133
5.5	1.7E-11	8.912649	0.1	5.53839E-05	8.912649
5.4	1.66E-11	8.937164	0.0999999	5.45308E-05	8.937164
5.3	1.6E-11	8.9617	0.1000001	5.36784E-05	8.9617
5.2	1.59E-11	8.98625	0.1000001	5.28265E-05	8.98625
5.1	1.58E-11	9.010786	0.0999998	5.19759E-05	9.010786
5	1.53E-11	9.035345	0.0999996	5.11264E-05	9.035345
4.9	1.45E-11	9.059868	0.0999999	5.02778E-05	9.059868
4.8	2.17E-11	9.122568	0.0999997	4.94366E-05	9.122568
4.7	1.57E-11	9.147146	0.0999999	4.85875E-05	9.147146
4.6	1.51E-11	9.171651	0.0999999	4.77413E-05	9.171651
4.5	1.39E-11	9.196171	0.1000002	4.68956E-05	9.196171
4.4	1.28E-11	9.220736	0.0999999	4.60505E-05	9.220736
4.3	1.24E-11	9.245293	0.0999999	4.52071E-05	9.245293
4.2	1.17E-11	9.26981	0.0999998	4.43631E-05	9.26981
4.1	1.13E-11	9.29432	0.0999997	4.35209E-05	9.29432
4	1.13E-11	9.318822	0.1	4.26797E-05	9.318822
3.9	1.04E-11	9.343352	0.0999997	4.18397E-05	9.343352
3.8	9.5E-12	9.367953	0.0999999	4.10006E-05	9.367953
3.7	8.6E-12	9.392498	0.0999998	4.01616E-05	9.392498
3.6	7.9E-12	9.416999	0.1	3.93237E-05	9.416999
3.5	8E-12	9.441631	0.1000001	3.84865E-05	9.441631
3.4	7.2E-12	9.46614	0.0999998	3.76504E-05	9.46614
3.3	6.8E-12	9.49066	0.1000001	3.68152E-05	9.49066
3.2	5.8E-12	9.515162	0.1	3.59809E-05	9.515162
3.1	4.5E-12	9.539641	0.1	3.51467E-05	9.539641
3	4.6E-12	9.564215	0.0999998	3.43146E-05	9.564215
2.9	1.05E-11	9.62541	0.0999999	3.3488E-05	9.62541
2.8	5.4E-12	9.649942	0.0999999	3.26562E-05	9.649942
2.7	3.8E-12	9.67445	0.1	3.18259E-05	9.67445
2.6	2.7E-12	9.698988	0.0999999	3.09966E-05	9.698988
2.5	2E-12	9.723611	0.0999997	3.0168E-05	9.723611
2.4	9E-13	9.748139	0.0999999	2.93415E-05	9.748139
2.3	0	9.772694	0.1	2.85158E-05	9.772694
2.2	-1.5E-12	9.797197	0.0999997	2.76916E-05	9.797197
2.099999	1E-12	9.823628	0.0999999	2.6873E-05	9.823628
2	-2.9E-12	9.848166	0.1	2.60505E-05	9.848166
1.9	-3.9E-12	9.872814	0.1	2.52304E-05	9.872814
1.8	-5.2E-12	9.89738	0.0999999	2.44106E-05	9.89738
1.7	-5.9E-12	9.921948	0.1	2.35927E-05	9.921948
1.6	-7.7E-12	9.94656	0.0999999	2.27771E-05	9.94656
1.5	-8.6E-12	9.971068	0.0999999	2.19631E-05	9.971068
1.4	-1.01E-11	9.995604	0.0999998	2.11506E-05	9.995604
1.3	-1.15E-11	10.020139	0.0999999	2.03414E-05	10.020139
1.2	-1.29E-11	10.044687	0.0999999	1.95345E-05	10.044687
1.1	-1.49E-11	10.069204	0.1	1.87302E-05	10.069204
1	-9.9E-12	10.127461	0.0999998	1.79352E-05	10.127461
0.9	-1.62E-11	10.152034	0.0999999	1.71374E-05	10.152034
0.8	-1.84E-11	10.176537	0.0999999	1.63447E-05	10.176537
0.7	-2.08E-11	10.201051	0.0999998	1.55575E-05	10.201051
0.6	-2.28E-11	10.225638	0.0999999	1.47759E-05	10.225638
0.5	-2.49E-11	10.250355	0.0999999	1.40008E-05	10.250355
0.4	-2.74E-11	10.274854	0.1000001	1.32324E-05	10.274854
0.3	-2.95E-11	10.299361	0.1000001	1.24709E-05	10.299361
0.1999999	-2.83E-11	10.325761	0.1	1.17171E-05	10.325761
0.0999995	-3.4E-11	10.350269	0.1000001	1.09684E-05	10.350269
-6E-07	-3.62E-11	10.374852	0.1	1.02274E-05	10.374852
#scan	iMeasureCycle=2	iMux=0	time=279.741	N=401	LocalTime=19/04/2023 22:24:19
#VGate(V)	IGate(A)	time(s)	VDrain(V)	IDrain(A)	time(s)
-3E-07	-1.52E-11	279.748569	0.0999999	1.04098E-05	279.748569
-0.1000003	-2.26E-11	279.773485	0.1000001	9.6617E-06	279.773485
-0.2	-2.25E-11	279.801674	0.1	8.92894E-06	279.801674
-0.3	-2.97E-11	279.826405	0.0999999	8.19946E-06	279.826405
-0.4	-3.25E-11	279.850966	0.0999999	7.48326E-06	279.850966
-0.5	-3.55E-11	279.875478	0.0999998	6.78002E-06	279.875478
-0.6	-3.73E-11	279.900004	0.0999999	6.09315E-06	279.900004
-0.7	-3.9E-11	279.924506	0.0999999	5.42531E-06	279.924506
-0.8	-4.09E-11	279.949044	0.1000001	4.77945E-06	279.949044
-0.9	-4.24E-11	279.973559	0.0999998	4.15849E-06	279.973559
-1	-4.39E-11	279.99813	0.0999999	3.56668E-06	279.99813
-1.1	-4.51E-11	280.022635	0.0999998	3.00972E-06	280.022635
-1.2	-4.61E-11	280.04715	0.1000002	2.49098E-06	280.04715
-1.3	-4.71E-11	280.071662	0.0999999	2.01594E-06	280.071662
-1.4	-4.82E-11	280.096182	0.1	1.58886E-06	280.096182
-1.5	-4.86E-11	280.120715	0.0999999	1.21353E-06	280.120715
-1.6	-4.6E-11	280.148075	0.0999996	8.94174E-07	280.148075
-1.7	-5E-11	280.172581	0.0999996	6.27733E-07	280.172581
-1.8	-5.07E-11	280.197116	0.0999995	4.17055E-07	280.197116
-1.9	-5.14E-11	280.221644	0.0999995	2.58498E-07	280.221644
-2	-5.22E-11	280.246254	0.0999997	1.47291E-07	280.246254
-2.1	-4.35E-11	280.321624	0.0999969	7.81238E-08	280.321624
-2.2	-6.48E-11	280.345065	0.1000099	3.4849E-08	280.345065
-2.3	-6.61E-11	280.368291	0.1000041	1.35739E-08	280.368291
-2.4	-6.74E-11	280.391498	0.1000017	4.5101E-09	280.391498
-2.5	-6.6E-11	280.414845	0.1000005	1.2306E-09	280.414845
-2.6	-6.64E-11	280.438202	0.1000001	2.706E-10	280.438202
-2.7	-6.94E-11	280.461429	0.1000002	4.13E-11	280.461429
-2.8	-7.01E-11	280.484645	0.1000001	-6E-13	280.484645
-2.9	-6.9E-11	280.507952	0.1	-7.5E-12	280.507952
-3	-6.9E-11	280.531246	0.1000002	-7.9E-12	280.531246
-3.1	-7.13E-11	280.554459	0.1000001	-7.6E-12	280.554459
-3.2	-7.22E-11	280.577675	0.1000003	-7.5E-12	280.577675
-3.3	-7.06E-11	280.60096	0.1000001	-7.5E-12	280.60096
-3.4	-7.09E-11	280.624241	0.1000003	-7.9E-12	280.624241
-3.5	-7.28E-11	280.647461	0.1000001	-7.5E-12	280.647461
-3.6	-7.36E-11	280.670692	0.1000003	-7.5E-12	280.670692
-3.7	-7.17E-11	280.693974	0.1000002	-7.8E-12	280.693974
-3.8	-7.24E-11	280.717259	0.1000003	-7.6E-12	280.717259
-3.9	-7.45E-11	280.740459	0.1000002	-7.6E-12	280.740459
-4	-7.49E-11	280.763834	0.1000002	-7.2E-12	280.763834
-4.1	-5.38E-11	280.814754	0.1	-9.3E-12	280.814754
-4.2	-7.4E-11	280.837983	0.1	-7.8E-12	280.837983
-4.3	-7.19E-11	280.861319	0.1	-7.8E-12	280.861319
-4.4	-7.47E-11	280.884535	0.1000002	-7.6E-12	280.884535
-4.5	-7.51E-11	280.907806	0.1000001	-7.3E-12	280.907806
-4.6	-7.61E-11	280.931027	0.1000001	-7.2E-12	280.931027
-4.7	-7.47E-11	280.954316	0.1000002	-7.2E-12	280.954316
-4.8	-7.42E-11	280.977629	0.1000001	-7.2E-12	280.977629
-4.9	-7.66E-11	281.00086	0.1000002	-7E-12	281.00086
-5	-7.65E-11	281.024066	0.1000003	-7.3E-12	281.024066
-5.1	-7.55E-11	281.047351	0.1000001	-7.7E-12	281.047351
-5.2	-7.53E-11	281.070645	0.1000001	-7.7E-12	281.070645
-5.3	-7.59E-11	281.093933	0.1000002	-7.5E-12	281.093933
-5.4	-7.75E-11	281.117188	0.1000003	-6.9E-12	281.117188
-5.5	-7.64E-11	281.140479	0.1000001	-7.3E-12	281.140479
-5.6	-7.8E-11	281.163687	0.1000002	-6.8E-12	281.163687
-5.7	-7.8E-11	281.186906	0.1000002	-7.1E-12	281.186906
-5.8	-7.68E-11	281.210188	0.1000002	-7.3E-12	281.210188
-5.9	-7.73E-11	281.233462	0.1	-7E-12	281.233462
-6	-7.84E-11	281.256777	0.1000003	-7E-12	281.256777
-6.1	-5.78E-11	281.313602	0.0999999	-9E-12	281.313602
-6.2	-7.6E-11	281.336923	0.1000001	-6.9E-12	281.336923
-6.3	-7.88E-11	281.360144	0.1000002	-7E-12	281.360144
-6.4	-7.68E-11	281.383447	0.1000002	-6.7E-12	281.383447
-6.5	-7.73E-11	281.406798	0.1000003	-6.8E-12	281.406798
-6.6	-7.89E-11	281.430018	0.1000001	-6.7E-12	281.430018
-6.7	-7.99E-11	281.453288	0.1000002	-7E-12	281.453288
-6.8	-7.85E-11	281.476585	0.1000002	-6.9E-12	281.476585
-6.9	-7.87E-11	281.499898	0.1000001	-7.3E-12	281.499898
-7	-8.06E-11	281.523112	0.1000001	-6.9E-12	281.523112
-7.1	-7.94E-11	281.546405	0.1000001	-7.1E-12	281.546405
-7.2	-7.93E-11	281.569703	0.1000001	-6.9E-12	281.569703
-7.3	-7.99E-11	281.593001	0.1000001	-6.9E-12	281.593001
-7.4	-8.16E-11	281.616202	0.1000002	-6.7E-12	281.616202
-7.5	-7.97E-11	281.639497	0.1000002	-7.2E-12	281.639497
-7.6	-8.01E-11	281.662792	0.1000001	-7.6E-12	281.662792
-7.7	-8.24E-11	281.686001	0.1000001	-6.8E-12	281.686001
-7.8	-8.22E-11	281.709212	0.1000002	-6.8E-12	281.709212
-7.9	-8.26E-11	281.732426	0.1000001	-7.1E-12	281.732426
-8	-8.32E-11	281.755726	0.1000002	-7.2E-12	281.755726
-8.1	-6.18E-11	281.815003	0.0999998	-8.6E-12	281.815003
-8.2	-8.16E-11	281.838227	0.1000002	-6.6E-12	281.838227
-8.3	-8.19E-11	281.861547	0.1	-6.8E-12	281.861547
-8.4	-8.26E-11	281.884762	0.1	-6.9E-12	281.884762
-8.5	-8.08E-11	281.908112	0.1000001	-7.1E-12	281.908112
-8.6	-8.28E-11	281.931324	0.1000001	-7E-12	281.931324
-8.7	-8.3E-11	281.954538	0.1	-7E-12	281.954538
-8.8	-8.3E-11	281.977761	0.1000001	-7E-12	281.977761
-8.9	-8.18E-11	282.001069	0.0999999	-7.2E-12	282.001069
-9	-8.22E-11	282.024354	0.1000001	-7.3E-12	282.024354
-9.1	-8.42E-11	282.047556	0.1000002	-6.4E-12	282.047556
-9.2	-8.51E-11	282.07077	0.1000003	-6.2E-12	282.07077
-9.3	-8.28E-11	282.094065	0.1000001	-6.7E-12	282.094065
-9.4	-8.42E-11	282.117366	0.1000003	-6.8E-12	282.117366
-9.5	-8.47E-11	282.140588	0.1000002	-6.6E-12	282.140588
-9.6	-8.46E-11	282.163803	0.0999999	-6.6E-12	282.163803
-9.7	-8.33E-11	282.187095	0.1000002	-7E-12	282.187095
-9.8	-8.32E-11	282.210383	0.1000001	-6.6E-12	282.210383
-9.9	-8.54E-11	282.233585	0.1000002	-6.8E-12	282.233585
-10	-8.58E-11	282.256887	0.1000001	-7.1E-12	282.256887
-9.90001	-5.97E-11	282.316577	0.1	-8.1E-12	282.316577
-9.80001	-3.79E-11	282.339804	0.0999996	-1.01E-11	282.339804
-9.70001	-3.54E-11	282.363017	0.0999997	-1.03E-11	282.363017
-9.60001	-3.55E-11	282.386313	0.0999998	-9.9E-12	282.386313
-9.50001	-3.36E-11	282.409599	0.0999997	-1E-11	282.409599
-9.40001	-3.21E-11	282.432828	0.0999998	-1.02E-11	282.432828
-9.30001	-3.07E-11	282.45609	0.0999996	-1.02E-11	282.45609
-9.20001	-3.16E-11	282.479382	0.0999998	-1.01E-11	282.479382
-9.10001	-2.87E-11	282.502622	0.0999997	-1.04E-11	282.502622
-9.00001	-2.78E-11	282.525846	0.0999997	-1.05E-11	282.525846
-8.90001	-2.74E-11	282.549057	0.0999996	-1.08E-11	282.549057
-8.80001	-2.83E-11	282.57235	0.0999997	-1.02E-11	282.57235
-8.70001	-2.74E-11	282.595635	0.0999996	-1.01E-11	282.595635
-8.60001	-2.47E-11	282.618841	0.0999997	-1.02E-11	282.618841
-8.50001	-2.5E-11	282.642058	0.0999998	-1.05E-11	282.642058
-8.40001	-2.59E-11	282.665345	0.0999997	-1.04E-11	282.665345
-8.30001	-2.61E-11	282.688645	0.0999998	-1.05E-11	282.688645
-8.20001	-2.36E-11	282.71186	0.0999998	-1.05E-11	282.71186
-8.10001	-2.28E-11	282.735084	0.0999997	-1.09E-11	282.735084
-8.00001	-2.27E-11	282.758408	0.0999996	-1.06E-11	282.758408
-7.90001	-4.3E-11	282.818054	0.0999998	-9.2E-12	282.818054
-7.80001	-2.33E-11	282.841274	0.0999996	-1.08E-11	282.841274
-7.70001	-2.44E-11	282.864577	0.0999998	-1.09E-11	282.864577
-7.6	-2.22E-11	282.88781	0.0999996	-1.12E-11	282.88781
-7.50001	-2.18E-11	282.911119	0.0999996	-1.11E-11	282.911119
-7.40001	-2.04E-11	282.934345	0.0999998	-1.04E-11	282.934345
-7.30001	-2.23E-11	282.957626	0.0999997	-1.06E-11	282.957626
-7.2	-2.18E-11	282.980926	0.0999997	-1.06E-11	282.980926
-7.10001	-1.9E-11	283.004159	0.0999996	-1.12E-11	283.004159
-7.00001	-1.84E-11	283.027382	0.0999997	-1.11E-11	283.027382
-6.90001	-1.95E-11	283.050672	0.0999996	-1.09E-11	283.050672
-6.80001	-1.8E-11	283.073882	0.0999999	-1.13E-11	283.073882
-6.70001	-1.77E-11	283.097111	0.0999998	-1.11E-11	283.097111
-6.60001	-1.72E-11	283.12039	0.0999999	-1.12E-11	283.12039
-6.50001	-1.86E-11	283.143686	0.0999997	-1.1E-11	283.143686
-6.40001	-1.82E-11	283.166976	0.0999998	-1.09E-11	283.166976
-6.30001	-1.62E-11	283.19022	0.0999998	-1.11E-11	283.19022
-6.20001	-1.57E-11	283.213436	0.0999997	-1.11E-11	283.213436
-6.10001	-1.67E-11	283.236716	0.0999996	-1.1E-11	283.236716
-6.00001	-1.5E-11	283.260028	0.0999997	-1.11E-11	283.260028
-5.90001	-3.53E-11	283.319431	0.0999998	-9.5E-12	283.319431
-5.80001	-1.56E-11	283.342669	0.0999997	-1.12E-11	283.342669
-5.70001	-1.62E-11	283.365963	0.0999996	-1.09E-11	283.365963
-5.60001	-1.69E-11	283.389317	0.0999997	-1.1E-11	283.389317
-5.50001	-1.34E-11	283.4126	0.0999999	-1.13E-11	283.4126
-5.40001	-1.44E-11	283.435886	0.0999996	-1.12E-11	283.435886
-5.30001	-1.42E-11	283.459231	0.0999997	-1.16E-11	283.459231
-5.20001	-1.2E-11	283.482455	0.0999997	-1.21E-11	283.482455
-5.1	-1.18E-11	283.505699	0.0999996	-1.16E-11	283.505699
-5.00001	-1.18E-11	283.52894	0.0999996	-1.18E-11	283.52894
-4.90001	-1.22E-11	283.552233	0.0999997	-1.17E-11	283.552233
-4.80001	-1.02E-11	283.575444	0.0999996	-1.2E-11	283.575444
-4.7	-9.2E-12	283.598657	0.0999996	-1.17E-11	283.598657
-4.60001	-1.12E-11	283.621948	0.0999995	-1.2E-11	283.621948
-4.50001	-1.06E-11	283.645217	0.0999996	-1.18E-11	283.645217
-4.40001	-8.2E-12	283.668431	0.0999996	-1.16E-11	283.668431
-4.3	-7.5E-12	283.691645	0.0999997	-1.18E-11	283.691645
-4.20001	-9.4E-12	283.714931	0.0999997	-1.16E-11	283.714931
-4.10001	-8.7E-12	283.73822	0.0999997	-1.16E-11	283.73822
-4.00001	-6.5E-12	283.761548	0.0999996	-1.18E-11	283.761548
-3.90001	-2.75E-11	283.820997	0.0999998	-1.07E-11	283.820997
-3.80001	-8.3E-12	283.844245	0.0999996	-1.18E-11	283.844245
-3.70001	-7.8E-12	283.867535	0.0999996	-1.18E-11	283.867535
-3.60001	-5.4E-12	283.890754	0.0999997	-1.2E-11	283.890754
-3.50001	-4.8E-12	283.914027	0.0999996	-1.23E-11	283.914027
-3.40001	-6.2E-12	283.937318	0.0999998	-1.16E-11	283.937318
-3.30001	-5.1E-12	283.9606	0.0999997	-1.18E-11	283.9606
-3.20001	-2.8E-12	283.983884	0.0999997	-1.17E-11	283.983884
-3.10001	-2.6E-12	284.007121	0.0999997	-1.25E-11	284.007121
-3.00001	-3.3E-12	284.030408	0.0999997	-1.24E-11	284.030408
-2.90001	-2.7E-12	284.053695	0.0999997	-9.6E-12	284.053695
-2.80001	0	284.076895	0.0999998	8.6E-12	284.076895
-2.70001	5E-13	284.100113	0.0999999	1.15E-10	284.100113
-2.60001	-7E-13	284.123458	0.1	5.939E-10	284.123458
-2.50001	-1E-13	284.146759	0.1000006	2.3278E-09	284.146759
-2.40001	6E-13	284.170049	0.1000014	7.4829E-09	284.170049
-2.30001	2E-12	284.193333	0.1000028	2.038E-08	284.193333
-2.20001	2.2E-12	284.216608	0.1000036	4.78089E-08	284.216608
-2.099999	-1.25E-11	284.241773	0.1000172	9.88598E-08	284.241773
-2.000001	-1.56E-11	284.281315	0.1000001	1.79423E-07	284.281315
-1.900001	-1.54E-11	284.323711	0.1000002	3.02411E-07	284.323711
-1.800001	-1.01E-11	284.348234	0.1000005	4.76803E-07	284.348234
-1.7	-8.2E-12	284.372737	0.1000009	7.02011E-07	284.372737
-1.6	-7.9E-12	284.397336	0.1000009	9.80734E-07	284.397336
-1.500001	-1.14E-11	284.431929	0.0999999	1.30863E-06	284.431929
-1.400001	-6.1E-12	284.45652	0.1	1.69684E-06	284.45652
-1.3	-4.5E-12	284.481034	0.1000001	2.13341E-06	284.481034
-1.2	-3.3E-12	284.505627	0.1	2.61585E-06	284.505627
-1.100001	-2.1E-12	284.530175	0.0999999	3.14004E-06	284.530175
-1	-7E-13	284.554679	0.1000001	3.70121E-06	284.554679
-0.9	8E-13	284.579203	0.1000001	4.2944E-06	284.579203
-0.8	2.6E-12	284.603656	0.1000001	4.91596E-06	284.603656
-0.700001	3.2E-12	284.62815	0.1000001	5.562E-06	284.62815
-0.6	4.3E-12	284.652651	0.1000001	6.22847E-06	284.652651
-0.500001	5.7E-12	284.677161	0.1	6.91368E-06	284.677161
-0.4	7.1E-12	284.701682	0.1000001	7.61376E-06	284.701682
-0.3	9E-12	284.726177	0.0999999	8.32666E-06	284.726177
-0.2	7E-12	284.752687	0.1	9.05071E-06	284.752687
-0.0999994	1.21E-11	284.777322	0.1	9.78518E-06	284.777322
-1E-07	6.5E-12	284.841226	0.0999999	1.05121E-05	284.841226
0.1000003	1.36E-11	284.865737	0.1000003	1.12654E-05	284.865737
0.2000004	1.58E-11	284.890229	0.1	1.20238E-05	284.890229
0.299999	1.82E-11	284.91508	0.1000001	1.27878E-05	284.91508
0.4	2E-11	284.93959	0.1000001	1.3559E-05	284.93959
0.5	2.2E-11	284.964083	0.1000001	1.43357E-05	284.964083
0.599999	2.41E-11	284.988581	0.0999999	1.51193E-05	284.988581
0.699999	2.59E-11	285.013117	0.0999999	1.59089E-05	285.013117
0.8	2.79E-11	285.037618	0.1000001	1.67032E-05	285.037618
0.899999	2.95E-11	285.062147	0.1	1.75019E-05	285.062147
0.999999	3.19E-11	285.086678	0.1000002	1.83049E-05	285.086678
1.1	3.34E-11	285.111299	0.0999999	1.91112E-05	285.111299
1.2	3.49E-11	285.13583	0.1000003	1.99201E-05	285.13583
1.3	3.64E-11	285.160333	0.1	2.07323E-05	285.160333
1.399999	3.81E-11	285.184843	0.0999999	2.15463E-05	285.184843
1.5	3.88E-11	285.209354	0.1	2.23624E-05	285.209354
1.599999	4.03E-11	285.233861	0.1	2.31799E-05	285.233861
1.699999	4.14E-11	285.258353	0.1	2.39991E-05	285.258353
1.8	4.16E-11	285.282949	0.0999999	2.48197E-05	285.282949
1.899999	3.62E-11	285.329624	0.1	2.56349E-05	285.329624
2	4.16E-11	285.35415	0.1	2.64598E-05	285.35415
2.1	4.3E-11	285.378669	0.0999999	2.72842E-05	285.378669
2.19999	4.36E-11	285.403436	0.1000002	2.81043E-05	285.403436
2.29999	4.45E-11	285.428088	0.1000002	2.89305E-05	285.428088
2.39999	4.53E-11	285.452658	0.1	2.97564E-05	285.452658
2.49999	4.56E-11	285.477183	0.1000001	3.05831E-05	285.477183
2.59999	4.65E-11	285.501819	0.1000001	3.14111E-05	285.501819
2.69999	4.67E-11	285.526369	0.1000002	3.22388E-05	285.526369
2.79999	4.77E-11	285.55086	0.0999999	3.30665E-05	285.55086
2.89999	4.73E-11	285.575403	0.1000002	3.38958E-05	285.575403
2.99999	4.81E-11	285.599925	0.1	3.47247E-05	285.599925
3.09999	4.85E-11	285.624465	0.1	3.55541E-05	285.624465
3.19999	4.89E-11	285.648969	0.1	3.63844E-05	285.648969
3.29999	4.91E-11	285.673587	0.0999999	3.72147E-05	285.673587
3.39999	4.96E-11	285.698125	0.1000002	3.80451E-05	285.698125
3.49999	4.96E-11	285.722641	0.1000001	3.88763E-05	285.722641
3.59999	5.04E-11	285.747145	0.1000001	3.97081E-05	285.747145
3.69999	5.07E-11	285.771753	0.1000002	4.05404E-05	285.771753
3.79999	4.4E-11	285.828925	0.1000002	4.13621E-05	285.828925
3.89999	4.91E-11	285.85343	0.1	4.21986E-05	285.85343
3.99999	4.91E-11	285.877974	0.0999998	4.30347E-05	285.877974
4.09999	5.03E-11	285.902478	0.1	4.38699E-05	285.902478
4.19999	5.06E-11	285.927086	0.1	4.47056E-05	285.927086
4.29999	5.07E-11	285.951658	0.1000002	4.55413E-05	285.951658
4.39999	5.12E-11	285.976211	0.1000001	4.63781E-05	285.976211
4.49999	5.17E-11	286.000737	0.0999999	4.72155E-05	286.000737
4.59999	5.24E-11	286.025273	0.1000002	4.80531E-05	286.025273
4.69999	5.2E-11	286.049795	0.1000002	4.88919E-05	286.049795
4.79999	5.19E-11	286.074287	0.0999999	4.97315E-05	286.074287
4.89999	5.26E-11	286.098809	0.1	5.05713E-05	286.098809
4.99999	5.26E-11	286.123369	0.1000002	5.14122E-05	286.123369
5.09999	5.34E-11	286.147899	0.1	5.22542E-05	286.147899
5.19999	5.34E-11	286.172413	0.0999999	5.30968E-05	286.172413
5.29999	5.34E-11	286.196937	0.0999998	5.39405E-05	286.196937
5.39999	5.43E-11	286.221442	0.0999999	5.47842E-05	286.221442
5.49999	5.35E-11	286.246001	0.0999998	5.56295E-05	286.246001
5.59999	5.37E-11	286.270609	0.1000001	5.6476E-05	286.270609
5.69999	4.7E-11	286.330233	0.1000002	5.73133E-05	286.330233
5.79999	5.26E-11	286.354782	0.1000001	5.8164E-05	286.354782
5.89999	5.3E-11	286.379331	0.1	5.90147E-05	286.379331
5.99999	5.4E-11	286.403838	0.0999999	5.98656E-05	286.403838
6.09999	5.41E-11	286.428441	0.1000001	6.07164E-05	286.428441
6.19999	5.44E-11	286.453028	0.1	6.15687E-05	286.453028
6.29999	5.47E-11	286.477531	0.1	6.24207E-05	286.477531
6.39999	5.49E-11	286.502058	0.0999998	6.32751E-05	286.502058
6.49999	5.53E-11	286.526703	0.1000002	6.41296E-05	286.526703
6.59999	5.56E-11	286.551233	0.1000001	6.49854E-05	286.551233
6.69999	5.53E-11	286.575769	0.1000001	6.58413E-05	286.575769
6.79999	5.58E-11	286.600289	0.1000002	6.66995E-05	286.600289
6.89999	5.54E-11	286.62482	0.1	6.75575E-05	286.62482
6.99999	5.61E-11	286.649356	0.1000001	6.84168E-05	286.649356
7.09999	5.62E-11	286.673864	0.1	6.9277E-05	286.673864
7.19999	5.65E-11	286.698428	0.1000002	7.01391E-05	286.698428
7.29999	5.69E-11	286.72293	0.1	7.10014E-05	286.72293
7.39999	5.62E-11	286.747486	0.1000002	7.18641E-05	286.747486
7.49999	5.68E-11	286.772085	0.1000002	7.27277E-05	286.772085
7.59999	5.01E-11	286.831782	0.1000001	7.35833E-05	286.831782
7.69999	5.5E-11	286.856321	0.0999998	7.44527E-05	286.856321
7.79999	5.58E-11	286.880852	0.1000002	7.53204E-05	286.880852
7.89999	5.62E-11	286.905371	0.1000002	7.61891E-05	286.905371
7.99999	5.65E-11	286.929926	0.1	7.70586E-05	286.929926
8.09999	5.62E-11	286.954433	0.1000001	7.79302E-05	286.954433
8.19999	5.68E-11	286.978975	0.1	7.88017E-05	286.978975
8.29999	5.68E-11	287.00353	0.0999999	7.96732E-05	287.00353
8.39999	5.81E-11	287.028054	0.1	8.05461E-05	287.028054
8.49999	5.76E-11	287.052576	0.1000002	8.14216E-05	287.052576
8.59999	5.76E-11	287.077109	0.0999999	8.22955E-05	287.077109
8.69999	5.8E-11	287.10164	0.1000001	8.31723E-05	287.10164
8.79999	5.83E-11	287.126261	0.0999999	8.405E-05	287.126261
8.89999	5.75E-11	287.150805	0.1000001	8.49282E-05	287.150805
8.99999	5.76E-11	287.175312	0.1000003	8.58076E-05	287.175312
9.09999	5.83E-11	287.199862	0.1000003	8.66872E-05	287.199862
9.19999	5.78E-11	287.224408	0.1	8.75691E-05	287.224408
9.29999	5.84E-11	287.248926	0.1000003	8.84487E-05	287.248926
9.39999	5.93E-11	287.273547	0.0999999	8.93328E-05	287.273547
9.49999	5.27E-11	287.333471	0.1000001	9.02139E-05	287.333471
9.59999	5.73E-11	287.358046	0.1	9.11032E-05	287.358046
9.69999	5.76E-11	287.382557	0.0999999	9.19916E-05	287.382557
9.79999	5.79E-11	287.407085	0.1000001	9.288E-05	287.407085
9.89999	5.82E-11	287.431656	0.0999999	9.37701E-05	287.431656
9.99999	5.83E-11	287.456263	0.1	9.466E-05	287.456263
9.9	4.53E-11	287.480801	0.0999998	9.37567E-05	287.480801
9.8	4.25E-11	287.505319	0.0999999	9.28579E-05	287.505319
9.7	4.07E-11	287.529852	0.1	9.19611E-05	287.529852
9.6	3.83E-11	287.554396	0.0999997	9.10661E-05	287.554396
9.5	3.72E-11	287.578897	0.0999998	9.01739E-05	287.578897
9.4	3.54E-11	287.603435	0.1000002	8.92816E-05	287.603435
9.3	3.46E-11	287.62794	0.1	8.83926E-05	287.62794
9.2	3.4E-11	287.6525	0.0999999	8.75024E-05	287.6525
9.1	3.31E-11	287.677053	0.0999999	8.66147E-05	287.677053
9	3.23E-11	287.701563	0.0999999	8.57274E-05	287.701563
8.9	3.13E-11	287.726163	0.1000001	8.48456E-05	287.726163
8.8	3.1E-11	287.750675	0.0999999	8.39597E-05	287.750675
8.7	3.02E-11	287.775321	0.1000002	8.30736E-05	287.775321
8.6	3.55E-11	287.834919	0.0999997	8.21929E-05	287.834919
8.5	3.05E-11	287.859447	0.1000002	8.13075E-05	287.859447
8.4	2.93E-11	287.883963	0.1	8.04259E-05	287.883963
8.3	2.84E-11	287.908484	0.1000001	7.95453E-05	287.908484
8.2	2.75E-11	287.933044	0.0999998	7.86663E-05	287.933044
8.1	2.67E-11	287.957596	0.1	7.7787E-05	287.957596
8	2.66E-11	287.982103	0.0999999	7.6909E-05	287.982103
7.9	2.64E-11	288.006619	0.1000002	7.60331E-05	288.006619
7.8	2.57E-11	288.03116	0.0999998	7.51584E-05	288.03116
7.7	2.57E-11	288.055701	0.0999999	7.42836E-05	288.055701
7.6	2.5E-11	288.080202	0.1000001	7.34096E-05	288.080202
7.5	2.49E-11	288.104775	0.0999997	7.25382E-05	288.104775
7.4	2.38E-11	288.129342	0.1000001	7.16664E-05	288.129342
7.3	2.34E-11	288.153945	0.1000002	7.07964E-05	288.153945
7.2	2.39E-11	288.178711	0.0999997	6.99265E-05	288.178711
7.1	2.3E-11	288.20321	0.1	6.90589E-05	288.20321
7	2.27E-11	288.22783	0.0999999	6.81901E-05	288.22783
6.9	2.19E-11	288.252381	0.1000001	6.73224E-05	288.252381
6.8	2.19E-11	288.276991	0.1000001	6.64571E-05	288.276991
6.7	2.8E-11	288.336334	0.1	6.5598E-05	288.336334
6.6	2.27E-11	288.360877	0.0999999	6.4734E-05	288.360877
6.5	2.2E-11	288.385423	0.0999997	6.38705E-05	288.385423
6.4	2.18E-11	288.409975	0.0999998	6.3008E-05	288.409975
6.3	2.12E-11	288.434541	0.1000001	6.21461E-05	288.434541
6.2	2.04E-11	288.459136	0.1000001	6.12859E-05	288.459136
6.1	2.01E-11	288.483646	0.1000001	6.04264E-05	288.483646
6	1.98E-11	288.508173	0.1000002	5.95674E-05	288.508173
5.9	1.92E-11	288.532738	0.0999999	5.87096E-05	288.532738
5.8	1.86E-11	288.557268	0.0999999	5.78526E-05	288.557268
5.7	1.81E-11	288.581782	0.1000002	5.6997E-05	288.581782
5.6	1.82E-11	288.606316	0.0999999	5.6142E-05	288.606316
5.5	1.76E-11	288.630827	0.0999999	5.52878E-05	288.630827
5.4	1.75E-11	288.655377	0.1000003	5.4435E-05	288.655377
5.3	1.69E-11	288.679944	0.0999998	5.35821E-05	288.679944
5.2	1.6E-11	288.704488	0.1	5.27304E-05	288.704488
5.1	1.57E-11	288.728995	0.1	5.18795E-05	288.728995
5	1.58E-11	288.753606	0.0999998	5.10305E-05	288.753606
4.9	1.46E-11	288.778224	0.1000002	5.01809E-05	288.778224
4.8	2.15E-11	288.838194	0.1000001	4.93387E-05	288.838194
4.7	1.59E-11	288.862714	0.1	4.84907E-05	288.862714
4.6	1.48E-11	288.887209	0.0999998	4.76443E-05	288.887209
4.5	1.44E-11	288.911731	0.0999998	4.67986E-05	288.911731
4.4	1.36E-11	288.936331	0.0999999	4.59534E-05	288.936331
4.3	1.32E-11	288.960901	0.1000001	4.51098E-05	288.960901
4.2	1.2E-11	288.985431	0.0999999	4.42668E-05	288.985431
4.1	1.1E-11	289.009946	0.0999999	4.34248E-05	289.009946
4	1.07E-11	289.034488	0.1	4.25828E-05	289.034488
3.9	1.06E-11	289.059008	0.1	4.17421E-05	289.059008
3.8	1E-11	289.083554	0.0999999	4.09029E-05	289.083554
3.7	9.4E-12	289.108062	0.1000001	4.00646E-05	289.108062
3.6	8.9E-12	289.132665	0.1	3.92264E-05	289.132665
3.5	8E-12	289.157182	0.0999999	3.8389E-05	289.157182
3.4	7.4E-12	289.18171	0.1	3.75534E-05	289.18171
3.3	6.9E-12	289.206213	0.0999998	3.67179E-05	289.206213
3.2	6E-12	289.230735	0.0999999	3.5883E-05	289.230735
3.1	5E-12	289.255253	0.0999999	3.50492E-05	289.255253
3	5E-12	289.279868	0.0999998	3.42177E-05	289.279868
2.9	1.06E-11	289.339307	0.1	3.3391E-05	289.339307
2.8	5.3E-12	289.363839	0.1	3.25596E-05	289.363839
2.7	4.2E-12	289.388361	0.0999997	3.17295E-05	289.388361
2.6	2.9E-12	289.412918	0.0999997	3.09005E-05	289.412918
2.5	2.4E-12	289.43749	0.0999999	3.00725E-05	289.43749
2.4	1E-12	289.46208	0.0999999	2.92462E-05	289.46208
2.3	-4E-13	289.486582	0.1	2.84205E-05	289.486582
2.2	-1.1E-12	289.511101	0.0999999	2.75955E-05	289.511101
2.099999	1.4E-12	289.537599	0.1000001	2.67773E-05	289.537599
2	-2.8E-12	289.562127	0.0999998	2.59554E-05	289.562127
1.9	-4.4E-12	289.586633	0.1000001	2.51349E-05	289.586633
1.8	-5.1E-12	289.611185	0.0999999	2.43154E-05	289.611185
1.7	-6.9E-12	289.635688	0.1	2.34987E-05	289.635688
1.6	-7.4E-12	289.660245	0.1	2.26829E-05	289.660245
1.5	-8.8E-12	289.684751	0.0999999	2.18689E-05	289.684751
1.4	-9.9E-12	289.709288	0.0999998	2.10576E-05	289.709288
1.3	-1.15E-11	289.733818	0.0999998	2.02483E-05	289.733818
1.2	-1.32E-11	289.758356	0.0999998	1.9441E-05	289.758356
1.1	-1.41E-11	289.782978	0.1	1.86373E-05	289.782978
1	-9.2E-12	289.841353	0.1	1.78433E-05	289.841353
0.9	-1.57E-11	289.865886	0.1	1.70456E-05	289.865886
0.8	-1.79E-11	289.890411	0.1	1.62537E-05	289.890411
0.7	-1.99E-11	289.914947	0.1	1.54671E-05	289.914947
0.6	-2.19E-11	289.939547	0.0999999	1.46866E-05	289.939547
0.5	-2.53E-11	289.964145	0.0999997	1.39126E-05	289.964145
0.4	-2.72E-11	289.988659	0.0999999	1.31451E-05	289.988659
0.3	-2.93E-11	290.013158	0.0999998	1.23841E-05	290.013158
0.1999998	-2.84E-11	290.039619	0.0999999	1.16317E-05	290.039619
0.0999997	-3.36E-11	290.064167	0.1	1.08844E-05	290.064167
-4E-07	-3.59E-11	290.08865	0.1	1.01447E-05	290.08865
#scan	iMeasureCycle=3	iMux=0	time=319.78	N=401	LocalTime=19/04/2023 22:24:59
#VGate(V)	IGate(A)	time(s)	VDrain(V)	IDrain(A)	time(s)
-1E-07	-1.48E-11	319.787582	0.1000001	1.03227E-05	319.787582
-0.1000003	-2.29E-11	319.812489	0.1	9.5766E-06	319.812489
-0.1999999	-2.3E-11	319.840723	0.0999999	8.84623E-06	319.840723
-0.3	-3.02E-11	319.86549	0.1000002	8.11898E-06	319.86549
-0.4	-3.26E-11	319.890023	0.0999998	7.40535E-06	319.890023
-0.5	-3.56E-11	319.914535	0.0999998	6.70631E-06	319.914535
-0.6	-3.74E-11	319.93908	0.0999999	6.02246E-06	319.93908
-0.7	-3.96E-11	319.963602	0.0999999	5.35775E-06	319.963602
-0.8	-4.1E-11	319.988101	0.1000001	4.71546E-06	319.988101
-0.9	-4.24E-11	320.012656	0.1	4.09861E-06	320.012656
-1	-4.4E-11	320.037163	0.1	3.51162E-06	320.037163
-1.1	-4.5E-11	320.061703	0.0999999	2.95853E-06	320.061703
-1.2	-4.65E-11	320.086215	0.1	2.44499E-06	320.086215
-1.3	-4.72E-11	320.11076	0.1	1.97471E-06	320.11076
-1.4	-4.83E-11	320.135276	0.0999998	1.55282E-06	320.135276
-1.5	-4.89E-11	320.159816	0.1	1.18283E-06	320.159816
-1.6	-4.62E-11	320.187141	0.0999995	8.68609E-07	320.187141
-1.7	-5.01E-11	320.211677	0.0999995	6.07333E-07	320.211677
-1.8	-5.12E-11	320.236176	0.0999994	4.01582E-07	320.236176
-1.9	-5.14E-11	320.260714	0.0999997	2.47436E-07	320.260714
-2	-5.22E-11	320.28525	0.0999998	1.39781E-07	320.28525
-2.099999	-4.33E-11	320.360978	0.0999978	7.35418E-08	320.360978
-2.2	-6.49E-11	320.38441	0.1000087	3.24109E-08	320.38441
-2.3	-6.47E-11	320.407704	0.1000033	1.24711E-08	320.407704
-2.4	-6.77E-11	320.430898	0.1000017	4.0752E-09	320.430898
-2.5	-6.74E-11	320.454182	0.1000006	1.1021E-09	320.454182
-2.6	-6.94E-11	320.477393	0.1000004	2.391E-10	320.477393
-2.7	-6.78E-11	320.500674	0.1000002	3.56E-11	320.500674
-2.8	-7.03E-11	320.523938	0.1000002	-1.3E-12	320.523938
-2.9	-7.06E-11	320.547194	0.1000003	-6.9E-12	320.547194
-3	-7.12E-11	320.570422	0.1000004	-7.3E-12	320.570422
-3.1	-7.02E-11	320.593702	0.1000004	-7.6E-12	320.593702
-3.2	-7.16E-11	320.616938	0.1000001	-7.2E-12	320.616938
-3.3	-7.3E-11	320.640156	0.1000003	-7.5E-12	320.640156
-3.4	-7.3E-11	320.663369	0.1000002	-7.5E-12	320.663369
-3.5	-7.17E-11	320.68665	0.1000004	-7.7E-12	320.68665
-3.6	-7.2E-11	320.70991	0.1000002	-7.5E-12	320.70991
-3.7	-7.4E-11	320.733137	0.1000003	-7.2E-12	320.733137
-3.8	-7.36E-11	320.7564	0.1000002	-7.5E-12	320.7564
-3.9	-7.29E-11	320.779693	0.1000002	-7.5E-12	320.779693
-4	-7.33E-11	320.802984	0.1000002	-7.8E-12	320.802984
-4.1	-5.38E-11	320.853586	0.1000002	-9.2E-12	320.853586
-4.2	-7.19E-11	320.876966	0.1000002	-7.9E-12	320.876966
-4.3	-7.47E-11	320.900179	0.1000004	-7.2E-12	320.900179
-4.4	-7.54E-11	320.923393	0.1000002	-7.3E-12	320.923393
-4.5	-7.58E-11	320.946654	0.1000002	-6.9E-12	320.946654
-4.6	-7.46E-11	320.97002	0.1000002	-7.2E-12	320.97002
-4.7	-7.65E-11	320.993222	0.1000004	-7.1E-12	320.993222
-4.8	-7.52E-11	321.016525	0.1000004	-7.6E-12	321.016525
-4.9	-7.72E-11	321.039726	0.1000002	-6.8E-12	321.039726
-5	-7.57E-11	321.06301	0.1000001	-7.3E-12	321.06301
-5.1	-7.71E-11	321.086243	0.1000003	-6.8E-12	321.086243
-5.2	-7.81E-11	321.109464	0.1000003	-7.2E-12	321.109464
-5.3	-7.59E-11	321.132749	0.1000002	-7.4E-12	321.132749
-5.4	-7.59E-11	321.156127	0.1000004	-7.3E-12	321.156127
-5.5	-7.79E-11	321.179349	0.1000002	-7.5E-12	321.179349
-5.6	-7.88E-11	321.202614	0.1000004	-6.7E-12	321.202614
-5.7	-7.72E-11	321.225909	0.1000004	-6.9E-12	321.225909
-5.8	-7.75E-11	321.249196	0.1000002	-6.6E-12	321.249196
-5.9	-7.91E-11	321.272414	0.1000003	-6.7E-12	321.272414
-6	-7.94E-11	321.295637	0.1000003	-6.6E-12	321.295637
-6.1	-5.86E-11	321.352426	0.1	-8.5E-12	321.352426
-6.2	-7.77E-11	321.37573	0.1000002	-6.8E-12	321.37573
-6.3	-7.85E-11	321.398954	0.1000004	-6.5E-12	321.398954
-6.4	-7.75E-11	321.422247	0.1000003	-6.8E-12	321.422247
-6.5	-7.95E-11	321.445606	0.1000002	-6.7E-12	321.445606
-6.6	-7.99E-11	321.468828	0.1000004	-6.8E-12	321.468828
-6.7	-8.02E-11	321.492036	0.1000003	-7E-12	321.492036
-6.8	-7.89E-11	321.515333	0.1000003	-6.4E-12	321.515333
-6.9	-8.08E-11	321.538607	0.1000002	-6.7E-12	321.538607
-7	-8.08E-11	321.561833	0.1000004	-6.4E-12	321.561833
-7.1	-7.89E-11	321.585138	0.1000002	-6.5E-12	321.585138
-7.2	-7.98E-11	321.608424	0.1000003	-6.5E-12	321.608424
-7.3	-8.06E-11	321.631652	0.1000003	-6.9E-12	321.631652
-7.4	-8.16E-11	321.654873	0.1000003	-6.5E-12	321.654873
-7.5	-8.24E-11	321.678087	0.1000003	-6.8E-12	321.678087
-7.6	-8.06E-11	321.701378	0.1000003	-7.2E-12	321.701378
-7.7	-7.96E-11	321.724703	0.1000003	-6.9E-12	321.724703
-7.8	-8.24E-11	321.748001	0.1000002	-6.2E-12	321.748001
-7.9	-8.06E-11	321.771297	0.1000003	-6.7E-12	321.771297
-8	-8.08E-11	321.794578	0.1000002	-6.9E-12	321.794578
-8.1	-6.35E-11	321.845085	0.1000001	-8.1E-12	321.845085
-8.2	-8.19E-11	321.868345	0.1000002	-6.4E-12	321.868345
-8.3	-8.03E-11	321.89168	0.1000002	-6.7E-12	321.89168
-8.4	-8.16E-11	321.914903	0.1000001	-6.4E-12	321.914903
-8.5	-8.09E-11	321.940552	0.1000003	-6.8E-12	321.940552
-8.6	-8.13E-11	321.963852	0.1000003	-6.8E-12	321.963852
-8.7	-8.33E-11	321.987066	0.1000003	-6.6E-12	321.987066
-8.8	-8.34E-11	322.010275	0.1000002	-6.8E-12	322.010275
-8.9	-8.16E-11	322.033551	0.1000002	-6.8E-12	322.033551
-9	-8.21E-11	322.056842	0.1000001	-7E-12	322.056842
-9.1	-8.44E-11	322.080087	0.1000004	-7E-12	322.080087
-9.2	-8.34E-11	322.103383	0.1000003	-6.8E-12	322.103383
-9.3	-8.33E-11	322.126661	0.1000002	-7.1E-12	322.126661
-9.4	-8.28E-11	322.149961	0.1000002	-7E-12	322.149961
-9.5	-8.55E-11	322.173187	0.1000001	-6.6E-12	322.173187
-9.6	-8.43E-11	322.196533	0.1000003	-6.6E-12	322.196533
-9.7	-8.38E-11	322.219814	0.1000002	-6.3E-12	322.219814
-9.8	-8.58E-11	322.243015	0.1000003	-6.7E-12	322.243015
-9.9	-8.59E-11	322.266244	0.1000003	-6.6E-12	322.266244
-10	-8.41E-11	322.289543	0.1000002	-7E-12	322.289543
-9.90001	-4.5E-11	322.31282	0.0999999	-9.8E-12	322.31282
-9.80001	-5.8E-11	322.355142	0.1000001	-8.8E-12	322.355142
-9.70001	-3.74E-11	322.378413	0.0999998	-1.04E-11	322.378413
-9.60001	-3.5E-11	322.401617	0.0999999	-1.04E-11	322.401617
-9.50001	-3.53E-11	322.424908	0.0999999	-9.8E-12	322.424908
-9.40001	-3.26E-11	322.448177	0.0999998	-1.03E-11	322.448177
-9.30001	-3.11E-11	322.471386	0.0999999	-1.07E-11	322.471386
-9.20001	-3.05E-11	322.494604	0.1000001	-1.03E-11	322.494604
-9.10001	-3.09E-11	322.517895	0.0999999	-1.02E-11	322.517895
-9.00001	-2.83E-11	322.541164	0.0999999	-1.07E-11	322.541164
-8.90001	-2.79E-11	322.564401	0.0999999	-1.04E-11	322.564401
-8.80001	-2.71E-11	322.587632	0.0999998	-1.08E-11	322.587632
-8.70001	-2.81E-11	322.610914	0.0999999	-1.03E-11	322.610914
-8.60001	-2.78E-11	322.63421	0.0999999	-1.02E-11	322.63421
-8.50001	-2.55E-11	322.65751	0.0999998	-1.04E-11	322.65751
-8.40001	-2.63E-11	322.680806	0.0999997	-1.03E-11	322.680806
-8.30001	-2.55E-11	322.704077	0.0999999	-1.03E-11	322.704077
-8.20001	-2.42E-11	322.727287	0.0999999	-1.08E-11	322.727287
-8.10001	-2.35E-11	322.750491	0.0999998	-1.09E-11	322.750491
-8	-2.31E-11	322.773745	0.0999997	-1.1E-11	322.773745
-7.90001	-2.57E-11	322.797079	0.1000001	-1.04E-11	322.797079
-7.80001	-4.3E-11	322.856311	0.1	-8.6E-12	322.856311
-7.70001	-2.3E-11	322.879588	0.0999998	-1.06E-11	322.879588
-7.6	-2.21E-11	322.9028	0.0999998	-1.05E-11	322.9028
-7.50001	-2.35E-11	322.926097	0.0999997	-1.05E-11	322.926097
-7.40001	-2.31E-11	322.949448	0.0999999	-1.06E-11	322.949448
-7.30001	-2.11E-11	322.972697	0.1000001	-1.05E-11	322.972697
-7.2	-1.99E-11	322.995914	0.0999997	-1.1E-11	322.995914
-7.10001	-2.11E-11	323.019207	0.0999997	-1.08E-11	323.019207
-7.00001	-2.09E-11	323.042512	0.0999998	-1.06E-11	323.042512
-6.90001	-1.83E-11	323.065718	0.0999999	-1.06E-11	323.065718
-6.80001	-1.83E-11	323.088953	0.0999999	-1.06E-11	323.088953
-6.70001	-1.8E-11	323.112182	0.0999997	-1.05E-11	323.112182
-6.60001	-1.88E-11	323.135485	0.0999997	-1.07E-11	323.135485
-6.50001	-1.64E-11	323.15868	0.0999998	-1.09E-11	323.15868
-6.40001	-1.6E-11	323.181915	0.0999999	-1.09E-11	323.181915
-6.30001	-1.81E-11	323.205257	0.1000001	-1.09E-11	323.205257
-6.20001	-1.75E-11	323.228552	0.1	-1.06E-11	323.228552
-6.10001	-1.55E-11	323.251763	0.0999997	-1.11E-11	323.251763
-6.00001	-1.47E-11	323.274983	0.0999999	-1.06E-11	323.274983
-5.90001	-1.56E-11	323.298269	0.0999997	-1.06E-11	323.298269
-5.80001	-3.57E-11	323.357842	0.1	-9E-12	323.357842
-5.70001	-1.54E-11	323.381102	0.0999997	-1.09E-11	323.381102
-5.60001	-1.71E-11	323.404404	0.0999997	-1.07E-11	323.404404
-5.50001	-1.55E-11	323.427685	0.0999999	-1.1E-11	323.427685
-5.40001	-1.37E-11	323.450963	0.0999998	-1.1E-11	323.450963
-5.30001	-1.34E-11	323.474189	0.0999997	-1.09E-11	323.474189
-5.20001	-1.4E-11	323.49749	0.0999998	-1.1E-11	323.49749
-5.1	-1.38E-11	323.520783	0.0999998	-1.11E-11	323.520783
-5.00001	-1.16E-11	323.544046	0.0999998	-1.1E-11	323.544046
-4.90001	-1.09E-11	323.567355	0.0999998	-1.11E-11	323.567355
-4.80001	-1.22E-11	323.590662	0.0999998	-1.09E-11	323.590662
-4.7	-9.9E-12	323.613867	0.1	-1.12E-11	323.613867
-4.60001	-9.6E-12	323.637072	0.0999999	-1.14E-11	323.637072
-4.50001	-9.3E-12	323.660285	0.0999998	-1.09E-11	323.660285
-4.40001	-1.03E-11	323.683571	0.0999998	-1.06E-11	323.683571
-4.3	-1.01E-11	323.706851	0.0999998	-1.09E-11	323.706851
-4.20001	-7.7E-12	323.730049	0.0999999	-1.11E-11	323.730049
-4.10001	-7.2E-12	323.753252	0.0999998	-1.12E-11	323.753252
-4.00001	-8.3E-12	323.776547	0.1	-1.16E-11	323.776547
-3.90001	-8.1E-12	323.799843	0.0999998	-1.14E-11	323.799843
-3.80001	-2.74E-11	323.859339	0.1000001	-1E-11	323.859339
-3.70001	-7.3E-12	323.882609	0.0999998	-1.18E-11	323.882609
-3.60001	-7.8E-12	323.905917	0.0999999	-1.15E-11	323.905917
-3.50001	-5.4E-12	323.929122	0.0999998	-1.16E-11	323.929122
-3.40001	-1.21E-11	323.961937	0.1	-1.11E-11	323.961937
-3.30001	-4.4E-12	323.985165	0.0999998	-1.17E-11	323.985165
-3.20001	-5.4E-12	324.008448	0.1000001	-1.2E-11	324.008448
-3.10001	-2.9E-12	324.031652	0.0999998	-1.2E-11	324.031652
-3.00001	-3.6E-12	324.054943	0.0999999	-1.18E-11	324.054943
-2.90001	-3.1E-12	324.078247	0.1	-9.9E-12	324.078247
-2.80001	-5E-13	324.10146	0.0999999	6.1E-12	324.10146
-2.70001	-1.2E-12	324.124747	0.0999999	9.94E-11	324.124747
-2.60001	-1E-13	324.148032	0.1	5.244E-10	324.148032
-2.50001	1.4E-12	324.171253	0.1000005	2.0872E-09	324.171253
-2.40001	2.6E-12	324.194475	0.1000015	6.7968E-09	324.194475
-2.30001	3.1E-12	324.217735	0.1000024	1.88068E-08	324.217735
-2.20001	3.7E-12	324.240967	0.1000032	4.46557E-08	324.240967
-2.099999	-1.22E-11	324.266145	0.1000179	9.32288E-08	324.266145
-2.000001	-1.57E-11	324.305635	0.1000003	1.7082E-07	324.305635
-1.900001	-1.64E-11	324.362331	0.1000002	2.89372E-07	324.362331
-1.800001	-1.04E-11	324.386894	0.1000005	4.59505E-07	324.386894
-1.7	-8.9E-12	324.411401	0.1000006	6.79995E-07	324.411401
-1.6	-8.1E-12	324.435928	0.1000007	9.53929E-07	324.435928
-1.500001	-1.15E-11	324.470503	0.1	1.27637E-06	324.470503
-1.400001	-6.3E-12	324.495028	0.1000001	1.65989E-06	324.495028
-1.3	-4.8E-12	324.519541	0.1	2.09142E-06	324.519541
-1.2	-3.8E-12	324.544114	0.1000001	2.56845E-06	324.544114
-1.100001	-2.1E-12	324.568617	0.1000001	3.08838E-06	324.568617
-1	-1E-12	324.593279	0.1	3.64506E-06	324.593279
-0.9	-1E-13	324.617834	0.0999999	4.23436E-06	324.617834
-0.8	1.2E-12	324.642375	0.1000003	4.85238E-06	324.642375
-0.700001	2.8E-12	324.666918	0.1000001	5.49499E-06	324.666918
-0.6	3.9E-12	324.691461	0.1	6.15827E-06	324.691461
-0.500001	5.7E-12	324.715986	0.1000001	6.84037E-06	324.715986
-0.4	7E-12	324.740518	0.1	7.53782E-06	324.740518
-0.3	9.1E-12	324.765128	0.1000001	8.24793E-06	324.765128
-0.1999999	7.4E-12	324.79157	0.1000001	8.9694E-06	324.79157
-0.0999997	1.2E-11	324.81608	0.1	9.70202E-06	324.81608
-2E-07	6.9E-12	324.869574	0.1	1.043344E-05	324.869574
0.1000001	8.4E-12	324.904156	0.1000003	1.11763E-05	324.904156
0.2000002	1.57E-11	324.928659	0.1	1.19333E-05	324.928659
0.299999	1.75E-11	324.953439	0.1	1.26961E-05	324.953439
0.4	2.02E-11	324.977952	0.0999999	1.34651E-05	324.977952
0.5	2.2E-11	325.00247	0.0999999	1.42408E-05	325.00247
0.599999	2.36E-11	325.026967	0.1000001	1.50235E-05	325.026967
0.699999	2.58E-11	325.051482	0.1000001	1.58108E-05	325.051482
0.799999	2.84E-11	325.075983	0.1000001	1.66034E-05	325.075983
0.9	2.96E-11	325.100503	0.1000001	1.74012E-05	325.100503
0.999999	3.15E-11	325.12499	0.1	1.82032E-05	325.12499
1.1	3.33E-11	325.149501	0.0999999	1.90086E-05	325.149501
1.2	3.53E-11	325.173993	0.1	1.98164E-05	325.173993
1.3	3.64E-11	325.198517	0.1	2.06274E-05	325.198517
1.4	3.76E-11	325.223077	0.1	2.14406E-05	325.223077
1.5	3.9E-11	325.247584	0.1	2.22567E-05	325.247584
1.6	4.02E-11	325.272076	0.1000002	2.30741E-05	325.272076
1.699999	4.13E-11	325.296622	0.1000001	2.38929E-05	325.296622
1.8	4.21E-11	325.321171	0.1000002	2.47123E-05	325.321171
1.899999	3.61E-11	325.36861	0.0999999	2.55288E-05	325.36861
2	4.19E-11	325.39317	0.1	2.63529E-05	325.39317
2.1	4.27E-11	325.41771	0.1000002	2.71783E-05	325.41771
2.19999	4.37E-11	325.442406	0.0999998	2.79977E-05	325.442406
2.29999	4.46E-11	325.467012	0.1000002	2.88239E-05	325.467012
2.39999	4.57E-11	325.491564	0.1000003	2.96504E-05	325.491564
2.49999	4.63E-11	325.516085	0.1000001	3.04786E-05	325.516085
2.59999	4.65E-11	325.540627	0.1	3.13076E-05	325.540627
2.69999	4.73E-11	325.565146	0.1000002	3.21364E-05	325.565146
2.79999	4.74E-11	325.58968	0.0999999	3.29652E-05	325.58968
2.89999	4.76E-11	325.614228	0.0999999	3.37956E-05	325.614228
2.99999	4.8E-11	325.638752	0.0999999	3.46259E-05	325.638752
3.09999	4.85E-11	325.663248	0.1000001	3.54571E-05	325.663248
3.19999	4.85E-11	325.687863	0.0999998	3.62892E-05	325.687863
3.29999	4.97E-11	325.712376	0.0999999	3.71207E-05	325.712376
3.39999	4.95E-11	325.736899	0.1	3.79536E-05	325.736899
3.49999	4.96E-11	325.761395	0.1	3.87861E-05	325.761395
3.59999	4.97E-11	325.785959	0.1	3.9619E-05	325.785959
3.69999	4.99E-11	325.81048	0.1	4.04523E-05	325.81048
3.79999	4.37E-11	325.867098	0.1000001	4.12786E-05	325.867098
3.89999	4.92E-11	325.891659	0.1000002	4.21152E-05	325.891659
3.99999	4.96E-11	325.916207	0.1000001	4.29517E-05	325.916207
4.09999	5.02E-11	325.940712	0.1	4.37885E-05	325.940712
4.19999	5.05E-11	325.965302	0.1	4.46253E-05	325.965302
4.29999	5.12E-11	325.989806	0.0999998	4.54617E-05	325.989806
4.39999	5.11E-11	326.014363	0.0999999	4.62994E-05	326.014363
4.49999	5.2E-11	326.0389	0.1000002	4.71377E-05	326.0389
4.59999	5.16E-11	326.063401	0.1000001	4.79764E-05	326.063401
4.69999	5.24E-11	326.087967	0.1000002	4.88158E-05	326.087967
4.79999	5.21E-11	326.112491	0.1	4.96553E-05	326.112491
4.89999	5.28E-11	326.13702	0.1	5.04962E-05	326.13702
4.99999	5.3E-11	326.161515	0.1	5.13377E-05	326.161515
5.09999	5.28E-11	326.186024	0.1000002	5.21798E-05	326.186024
5.19999	5.32E-11	326.210697	0.1000001	5.30226E-05	326.210697
5.29999	5.34E-11	326.235227	0.1	5.38667E-05	326.235227
5.39999	5.35E-11	326.259759	0.1000002	5.47115E-05	326.259759
5.49999	5.34E-11	326.284318	0.1000001	5.55564E-05	326.284318
5.59999	5.41E-11	326.30884	0.1000001	5.64031E-05	326.30884
5.69999	4.72E-11	326.368437	0.0999999	5.72399E-05	326.368437
5.79999	5.24E-11	326.392992	0.0999999	5.80919E-05	326.392992
5.89999	5.33E-11	326.417528	0.1	5.89418E-05	326.417528
5.99999	5.33E-11	326.442031	0.1000001	5.97926E-05	326.442031
6.09999	5.35E-11	326.466628	0.1000002	6.06441E-05	326.466628
6.19999	5.4E-11	326.491143	0.1000002	6.14969E-05	326.491143
6.29999	5.42E-11	326.515696	0.1000003	6.23498E-05	326.515696
6.39999	5.4E-11	326.540267	0.1	6.32033E-05	326.540267
6.49999	5.45E-11	326.564782	0.0999998	6.40582E-05	326.564782
6.59999	5.49E-11	326.589312	0.1000002	6.49143E-05	326.589312
6.69999	5.53E-11	326.613834	0.1000002	6.57694E-05	326.613834
6.79999	5.54E-11	326.638554	0.1	6.66278E-05	326.638554
6.89999	5.51E-11	326.663052	0.1	6.74861E-05	326.663052
6.99999	5.57E-11	326.68758	0.1000001	6.83461E-05	326.68758
7.09999	5.6E-11	326.712115	0.1	6.9206E-05	326.712115
7.19999	5.59E-11	326.736627	0.0999999	7.00671E-05	326.736627
7.29999	5.61E-11	326.761162	0.1000001	7.09296E-05	326.761162
7.39999	5.62E-11	326.785803	0.1000001	7.17937E-05	326.785803
7.49999	5.69E-11	326.810322	0.0999999	7.26565E-05	326.810322
7.59999	5.02E-11	326.870075	0.0999999	7.35121E-05	326.870075
7.69999	5.5E-11	326.894686	0.1000002	7.4381E-05	326.894686
7.79999	5.6E-11	326.919258	0.0999998	7.52505E-05	326.919258
7.89999	5.61E-11	326.943763	0.1000001	7.61186E-05	326.943763
7.99999	5.65E-11	326.968335	0.1000004	7.69887E-05	326.968335
8.09999	5.68E-11	326.99287	0.1	7.78586E-05	326.99287
8.19999	5.73E-11	327.017418	0.0999999	7.87313E-05	327.017418
8.29999	5.73E-11	327.041941	0.0999998	7.96042E-05	327.041941
8.39999	5.76E-11	327.066441	0.1000002	8.04763E-05	327.066441
8.49999	5.73E-11	327.090982	0.1000001	8.1351E-05	327.090982
8.59999	5.75E-11	327.115491	0.1	8.22265E-05	327.115491
8.69999	5.81E-11	327.140029	0.1000002	8.31017E-05	327.140029
8.79999	5.82E-11	327.16454	0.1000001	8.39792E-05	327.16454
8.89999	5.81E-11	327.189097	0.1	8.48568E-05	327.189097
8.99999	5.83E-11	327.213667	0.0999999	8.57368E-05	327.213667
9.09999	5.77E-11	327.238234	0.1000003	8.66172E-05	327.238234
9.19999	5.84E-11	327.262739	0.1000001	8.7499E-05	327.262739
9.29999	5.87E-11	327.287264	0.1000003	8.83786E-05	327.287264
9.39999	5.87E-11	327.311804	0.1	8.92654E-05	327.311804
9.49999	5.22E-11	327.371857	0.0999999	9.01464E-05	327.371857
9.59999	5.71E-11	327.396449	0.1	9.10337E-05	327.396449
9.69999	5.76E-11	327.420989	0.1000002	9.19224E-05	327.420989
9.79999	5.79E-11	327.44553	0.1	9.2811E-05	327.44553
9.89999	5.82E-11	327.470107	0.0999999	9.37013E-05	327.470107
9.99999	5.89E-11	327.494631	0.1000001	9.45924E-05	327.494631
9.9	4.61E-11	327.519136	0.0999999	9.36864E-05	327.519136
9.8	4.3E-11	327.54387	0.1	9.27867E-05	327.54387
9.7	4.04E-11	327.568418	0.1	9.1892E-05	327.568418
9.6	3.84E-11	327.592969	0.0999999	9.0997E-05	327.592969
9.5	3.71E-11	327.617507	0.1	9.01047E-05	327.617507
9.4	3.6E-11	327.642059	0.0999998	8.92133E-05	327.642059
9.3	3.43E-11	327.666603	0.1000002	8.8323E-05	327.666603
9.2	3.37E-11	327.691149	0.1000001	8.74337E-05	327.691149
9.1	3.28E-11	327.7157	0.0999998	8.65444E-05	327.7157
9	3.2E-11	327.740244	0.0999998	8.56579E-05	327.740244
8.9	3.12E-11	327.764759	0.0999998	8.47772E-05	327.764759
8.8	3.12E-11	327.789297	0.1	8.389E-05	327.789297
8.7	3.03E-11	327.813897	0.1000001	8.3004E-05	327.813897
8.6	3.58E-11	327.873293	0.1	8.21228E-05	327.873293
8.5	3.05E-11	327.897898	0.1000001	8.12394E-05	327.897898
8.4	2.94E-11	327.922414	0.1000001	8.03578E-05	327.922414
8.3	2.82E-11	327.946944	0.0999999	7.94757E-05	327.946944
8.2	2.78E-11	327.97151	0.0999997	7.85959E-05	327.97151
8.1	2.76E-11	327.996059	0.0999998	7.77173E-05	327.996059
8	2.69E-11	328.020612	0.0999998	7.68402E-05	328.020612
7.9	2.67E-11	328.045164	0.0999998	7.59634E-05	328.045164
7.8	2.57E-11	328.069669	0.0999999	7.50877E-05	328.069669
7.7	2.57E-11	328.09423	0.0999997	7.42134E-05	328.09423
7.6	2.52E-11	328.118766	0.1000001	7.33405E-05	328.118766
7.5	2.47E-11	328.143275	0.1000001	7.24679E-05	328.143275
7.4	2.42E-11	328.16779	0.1	7.15958E-05	328.16779
7.3	2.4E-11	328.192295	0.0999999	7.07261E-05	328.192295
7.2	2.35E-11	328.21688	0.0999999	6.98569E-05	328.21688
7.1	2.3E-11	328.241451	0.1	6.89882E-05	328.241451
7	2.27E-11	328.265988	0.0999997	6.81201E-05	328.265988
6.9	2.18E-11	328.290501	0.0999997	6.72541E-05	328.290501
6.8	2.19E-11	328.315057	0.0999999	6.63878E-05	328.315057
6.7	2.77E-11	328.375493	0.1000001	6.55291E-05	328.375493
6.6	2.3E-11	328.400077	0.0999997	6.46637E-05	328.400077
6.5	2.18E-11	328.424623	0.0999998	6.38004E-05	328.424623
6.4	2.13E-11	328.449193	0.0999999	6.29377E-05	328.449193
6.3	2.08E-11	328.473764	0.1	6.20766E-05	328.473764
6.2	2.05E-11	328.498282	0.1000001	6.1216E-05	328.498282
6.1	1.99E-11	328.522788	0.1	6.03554E-05	328.522788
6	1.91E-11	328.547317	0.0999999	5.94973E-05	328.547317
5.9	1.88E-11	328.57182	0.1000001	5.86389E-05	328.57182
5.8	1.83E-11	328.596394	0.0999998	5.7782E-05	328.596394
5.7	1.75E-11	328.62089	0.0999999	5.69261E-05	328.62089
5.6	1.79E-11	328.645473	0.1000001	5.60714E-05	328.645473
5.5	1.71E-11	328.669976	0.0999999	5.52169E-05	328.669976
5.4	1.69E-11	328.694521	0.0999998	5.43633E-05	328.694521
5.3	1.65E-11	328.719014	0.1	5.35116E-05	328.719014
5.2	1.68E-11	328.743664	0.0999998	5.26602E-05	328.743664
5.1	1.54E-11	328.768232	0.0999999	5.18094E-05	328.768232
5	1.5E-11	328.792739	0.0999999	5.09598E-05	328.792739
4.9	1.46E-11	328.817257	0.0999998	5.01108E-05	328.817257
4.8	2.1E-11	328.876504	0.0999998	4.92682E-05	328.876504
4.7	1.56E-11	328.901064	0.0999996	4.84198E-05	328.901064
4.6	1.49E-11	328.925603	0.1	4.75734E-05	328.925603
4.5	1.4E-11	328.950125	0.0999999	4.67276E-05	328.950125
4.4	1.35E-11	328.974693	0.0999998	4.58829E-05	328.974693
4.3	1.27E-11	328.999201	0.1	4.50397E-05	328.999201
4.2	1.28E-11	329.023836	0.0999998	4.41965E-05	329.023836
4.1	1.17E-11	329.048353	0.0999999	4.33547E-05	329.048353
4	1.11E-11	329.072875	0.0999998	4.25131E-05	329.072875
3.9	1.06E-11	329.097435	0.0999999	4.16728E-05	329.097435
3.8	9.6E-12	329.121937	0.0999998	4.08334E-05	329.121937
3.7	9.1E-12	329.146459	0.1000001	3.99942E-05	329.146459
3.6	8.8E-12	329.170974	0.1	3.9157E-05	329.170974
3.5	7.9E-12	329.195513	0.0999999	3.83198E-05	329.195513
3.4	6.9E-12	329.22008	0.1000001	3.74833E-05	329.22008
3.3	6.3E-12	329.244587	0.0999998	3.66481E-05	329.244587
3.2	6E-12	329.269085	0.0999999	3.58141E-05	329.269085
3.1	5.4E-12	329.293579	0.1	3.49807E-05	329.293579
3	4.7E-12	329.318086	0.0999998	3.41477E-05	329.318086
2.9	1.07E-11	329.373483	0.0999998	3.33206E-05	329.373483
2.8	5.2E-12	329.398139	0.1000001	3.24898E-05	329.398139
2.7	3.9E-12	329.422649	0.1000001	3.16595E-05	329.422649
2.6	2.4E-12	329.447192	0.0999998	3.08302E-05	329.447192
2.5	1.9E-12	329.471763	0.1	3.00028E-05	329.471763
2.4	9E-13	329.496283	0.1000001	2.91764E-05	329.496283
2.3	-4E-13	329.520788	0.1	2.83509E-05	329.520788
2.2	-1.3E-12	329.545336	0.1	2.75262E-05	329.545336
2.099999	1.4E-12	329.571819	0.0999999	2.67091E-05	329.571819
2	-2.9E-12	329.596336	0.1000001	2.58873E-05	329.596336
1.9	-4E-12	329.620856	0.0999999	2.50671E-05	329.620856
1.8	-4.9E-12	329.645387	0.0999998	2.42486E-05	329.645387
1.7	-6.3E-12	329.66992	0.1	2.34311E-05	329.66992
1.6	-7.5E-12	329.694424	0.0999999	2.26156E-05	329.694424
1.5	-9E-12	329.718925	0.0999999	2.18019E-05	329.718925
1.4	-1.01E-11	329.743447	0.0999997	2.09911E-05	329.743447
1.3	-1.12E-11	329.768042	0.0999998	2.01813E-05	329.768042
1.2	-1.35E-11	329.792543	0.0999999	1.93752E-05	329.792543
1.1	-1.49E-11	329.817056	0.1	1.85725E-05	329.817056
1	-9.3E-12	329.879447	0.1	1.77785E-05	329.879447
0.9	-1.59E-11	329.904011	0.0999999	1.69816E-05	329.904011
0.8	-1.79E-11	329.928574	0.1	1.61899E-05	329.928574
0.7	-2E-11	329.953085	0.1000001	1.54041E-05	329.953085
0.6	-2.21E-11	329.977647	0.1000001	1.46244E-05	329.977647
0.5	-2.49E-11	330.002148	0.1	1.38503E-05	330.002148
0.4	-2.71E-11	330.026668	0.1000001	1.30841E-05	330.026668
0.3	-2.89E-11	330.051172	0.0999999	1.23245E-05	330.051172
0.1999999	-2.76E-11	330.077605	0.0999999	1.1572E-05	330.077605
0.0999996	-3.36E-11	330.102141	0.1	1.08254E-05	330.102141
0	-3.56E-11	330.126687	0.0999998	1.00859E-05	330.126687
