#scan	iMeasureCycle=1	iMux=0	time=0.031	N=401	LocalTime=19/04/2023 12:19:36
#VGate(V)	IGate(A)	time(s)	VDrain(V)	IDrain(A)	time(s)
-2E-07	-1.637E-10	0.033938	0.0999918	1.64355E-08	0.033938
-0.1000008	-2.365E-10	0.057526	0.100002	4.1979E-09	0.057526
-0.200001	-2.841E-10	0.080799	0.1000004	8.826E-10	0.080799
-0.300001	-2.507E-10	0.104214	0.1000003	1.297E-10	0.104214
-0.400001	-1.386E-10	0.127505	0.1000001	2E-12	0.127505
-0.500001	-1.053E-10	0.15086	0.1000002	-1.19E-11	0.15086
-0.600001	-9.04E-11	0.174127	0.1000003	-1.05E-11	0.174127
-0.700001	-8.4E-11	0.197311	0.1000002	-7.7E-12	0.197311
-0.800001	-7.88E-11	0.22052	0.1000002	-6.3E-12	0.22052
-0.900001	-7.36E-11	0.243846	0.1	-5.3E-12	0.243846
-1.000001	-7.07E-11	0.26713	0.1000004	-4.9E-12	0.26713
-1.100001	-7.12E-11	0.290321	0.1000001	-4.2E-12	0.290321
-1.200001	-7.07E-11	0.313612	0.1000002	-3.4E-12	0.313612
-1.300001	-6.81E-11	0.336903	0.1000001	-3.2E-12	0.336903
-1.400001	-6.9E-11	0.360111	0.1000002	-3E-12	0.360111
-1.500001	-6.89E-11	0.383321	0.1000001	-2.7E-12	0.383321
-1.600001	-6.85E-11	0.406526	0.1000003	-2.4E-12	0.406526
-1.700001	-6.66E-11	0.429805	0.1	-2.3E-12	0.429805
-1.800001	-6.61E-11	0.453098	0.1000002	-2.6E-12	0.453098
-1.900001	-6.85E-11	0.47632	0.1000001	-1.8E-12	0.47632
-2.000001	-6.78E-11	0.499527	0.1000002	-1.6E-12	0.499527
-2.100001	-6.65E-11	0.522813	0.1000002	-1.8E-12	0.522813
-2.2	-6.84E-11	0.546336	0.1000002	-2E-12	0.546336
-2.3	-4.63E-11	0.598763	0.0999998	-3.7E-12	0.598763
-2.4	-6.44E-11	0.622088	0.0999999	-2E-12	0.622088
-2.5	-6.68E-11	0.645398	0.1000004	-1.9E-12	0.645398
-2.6	-6.84E-11	0.668616	0.1	-2E-12	0.668616
-2.7	-6.65E-11	0.69196	0.1	-2.2E-12	0.69196
-2.8	-6.66E-11	0.715237	0.1000001	-2.2E-12	0.715237
-2.9	-6.83E-11	0.738474	0.1000002	-1.7E-12	0.738474
-3	-6.95E-11	0.761686	0.1000003	-1.5E-12	0.761686
-3.1	-7E-11	0.784916	0.0999999	-1.6E-12	0.784916
-3.2	-6.87E-11	0.808196	0.1000003	-2E-12	0.808196
-3.3	-6.89E-11	0.831479	0.1000002	-1.6E-12	0.831479
-3.4	-7.07E-11	0.854696	0.1	-1.2E-12	0.854696
-3.5	-6.93E-11	0.877986	0.1000001	-1.3E-12	0.877986
-3.6	-6.94E-11	0.901261	0.1000002	-9E-13	0.901261
-3.7	-7.19E-11	0.92454	0.1000002	-1.3E-12	0.92454
-3.8	-7.15E-11	0.947788	0.1000002	-1E-12	0.947788
-3.9	-7.04E-11	0.971098	0.0999999	-8E-13	0.971098
-4	-7.04E-11	0.994388	0.1000001	-1E-12	0.994388
-4.1	-7.31E-11	1.017589	0.1000002	-1.4E-12	1.017589
-4.2	-7.16E-11	1.040894	0.1000001	-1.6E-12	1.040894
-4.3	-5.23E-11	1.09712	0.0999998	-3.3E-12	1.09712
-4.4	-6.99E-11	1.12043	0.1	-1.4E-12	1.12043
-4.5	-7.2E-11	1.143753	0.1	-1.2E-12	1.143753
-4.6	-7.29E-11	1.166972	0.1000002	-9E-13	1.166972
-4.7	-7.16E-11	1.190323	0.1	-1.6E-12	1.190323
-4.8	-7.22E-11	1.213618	0.1000001	-1.2E-12	1.213618
-4.9	-7.28E-11	1.236902	0.1000001	-9E-13	1.236902
-5	-7.41E-11	1.260167	0.1000002	-1E-12	1.260167
-5.1	-7.42E-11	1.283401	0.1000002	-1.2E-12	1.283401
-5.2	-7.32E-11	1.306693	0.1000001	-9E-13	1.306693
-5.3	-7.5E-11	1.329904	0.1000003	-9E-13	1.329904
-5.4	-7.44E-11	1.353201	0.1000003	-1E-12	1.353201
-5.5	-7.44E-11	1.376481	0.1000001	-5E-13	1.376481
-5.6	-7.62E-11	1.399685	0.1000003	-1E-12	1.399685
-5.7	-7.64E-11	1.422911	0.1	-8E-13	1.422911
-5.8	-7.48E-11	1.446212	0.1	-1E-12	1.446212
-5.9	-7.55E-11	1.469525	0.0999999	-6E-13	1.469525
-6	-7.76E-11	1.492721	0.1000001	-5E-13	1.492721
-6.1	-7.76E-11	1.515933	0.1	-4E-13	1.515933
-6.2	-7.59E-11	1.539214	0.1000001	-8E-13	1.539214
-6.3	-5.76E-11	1.594668	0.1	-2.5E-12	1.594668
-6.4	-7.63E-11	1.617897	0.1000003	-1.1E-12	1.617897
-6.5	-7.44E-11	1.641256	0.0999999	-1E-12	1.641256
-6.6	-7.77E-11	1.664478	0.1000003	-4E-13	1.664478
-6.7	-7.61E-11	1.687823	0.1000002	-9E-13	1.687823
-6.8	-7.83E-11	1.711044	0.1000002	-8E-13	1.711044
-6.9	-7.89E-11	1.73434	0.1	-6E-13	1.73434
-7	-7.68E-11	1.757631	0.1000002	-1E-12	1.757631
-7.1	-7.71E-11	1.780918	0.1000001	-1E-12	1.780918
-7.2	-7.95E-11	1.804114	0.1000001	-2E-13	1.804114
-7.3	-7.95E-11	1.827336	0.1000001	-4E-13	1.827336
-7.4	-7.78E-11	1.850632	0.1000001	-7E-13	1.850632
-7.5	-7.76E-11	1.873926	0.1000002	-6E-13	1.873926
-7.6	-7.96E-11	1.897133	0.1	-7E-13	1.897133
-7.7	-7.86E-11	1.920422	0.1	-4E-13	1.920422
-7.8	-7.9E-11	1.943761	0.1000001	-9E-13	1.943761
-7.9	-7.98E-11	1.967021	0.1000001	-1E-12	1.967021
-8	-8.09E-11	1.990233	0.1000002	-4E-13	1.990233
-8.1	-7.93E-11	2.013522	0.1000002	-6E-13	2.013522
-8.2	-7.92E-11	2.036816	0.1000003	-7E-13	2.036816
-8.3	-8.07E-11	2.06006	0.1000003	-5E-13	2.06006
-8.4	-6.09E-11	2.100405	0.1000001	-2.3E-12	2.100405
-8.5	-7.83E-11	2.123712	0.1000001	-7E-13	2.123712
-8.6	-7.85E-11	2.14711	0.1000001	-7E-13	2.14711
-8.7	-8.13E-11	2.170332	0.1000002	-4E-13	2.170332
-8.8	-8.15E-11	2.193599	0.1000001	-2E-13	2.193599
-8.9	-8E-11	2.216888	0.1000003	-2E-13	2.216888
-9	-8E-11	2.240195	0.1	-6E-13	2.240195
-9.1	-8.2E-11	2.263513	0.1000003	-1E-13	2.263513
-9.2	-8E-11	2.286813	0.1000002	-5E-13	2.286813
-9.3	-8.02E-11	2.310189	0.1	-3E-13	2.310189
-9.4	-8.24E-11	2.333402	0.1	-4E-13	2.333402
-9.5	-8.28E-11	2.35661	0.1000001	-2E-13	2.35661
-9.6	-8.12E-11	2.3799	0.1	-4E-13	2.3799
-9.7	-8.1E-11	2.403185	0.1	-3E-13	2.403185
-9.8	-8.27E-11	2.426387	0.1000001	-8E-13	2.426387
-9.9	-8.18E-11	2.449634	0.1000001	1E-13	2.449634
-10	-8.13E-11	2.472952	0.1	-4E-13	2.472952
-9.90001	-4.11E-11	2.496161	0.0999999	-3.5E-12	2.496161
-9.80001	-3.76E-11	2.519383	0.0999998	-3.7E-12	2.519383
-9.70001	-3.53E-11	2.542595	0.0999998	-3.5E-12	2.542595
-9.60001	-5.28E-11	2.601445	0.0999998	-1.5E-12	2.601445
-9.50001	-3.2E-11	2.624713	0.0999997	-3.4E-12	2.624713
-9.40001	-3.29E-11	2.648101	0.0999996	-3.5E-12	2.648101
-9.30001	-3.11E-11	2.671415	0.0999998	-3.5E-12	2.671415
-9.20001	-2.8E-11	2.694677	0.0999996	-3.7E-12	2.694677
-9.10001	-2.71E-11	2.717892	0.0999995	-3.8E-12	2.717892
-9.00001	-2.82E-11	2.741193	0.0999998	-3.8E-12	2.741193
-8.90001	-2.6E-11	2.764407	0.0999997	-4.4E-12	2.764407
-8.80001	-2.6E-11	2.787629	0.0999996	-4.1E-12	2.787629
-8.70001	-2.52E-11	2.810845	0.0999998	-4E-12	2.810845
-8.60001	-2.64E-11	2.834152	0.0999997	-3.4E-12	2.834152
-8.50001	-2.53E-11	2.85746	0.0999999	-3.5E-12	2.85746
-8.40001	-2.32E-11	2.880675	0.0999998	-3.7E-12	2.880675
-8.30001	-2.27E-11	2.90389	0.0999997	-4E-12	2.90389
-8.20001	-2.39E-11	2.927186	0.0999996	-3.9E-12	2.927186
-8.10001	-2.15E-11	2.950468	0.0999995	-4.1E-12	2.950468
-8.00001	-2.1E-11	2.97372	0.0999998	-4.3E-12	2.97372
-7.90001	-2.25E-11	2.997009	0.0999999	-3.8E-12	2.997009
-7.80001	-2.21E-11	3.020297	0.0999997	-3.8E-12	3.020297
-7.70001	-2.01E-11	3.043504	0.0999996	-4.1E-12	3.043504
-7.60001	-4.05E-11	3.102846	0.1000001	-2.5E-12	3.102846
-7.50001	-2.08E-11	3.126082	0.0999997	-4E-12	3.126082
-7.40001	-2.14E-11	3.14946	0.0999998	-4.2E-12	3.14946
-7.30001	-1.92E-11	3.172682	0.0999997	-4.4E-12	3.172682
-7.2	-1.83E-11	3.195972	0.0999997	-4.3E-12	3.195972
-7.10001	-1.75E-11	3.219184	0.0999998	-4E-12	3.219184
-7.00001	-1.9E-11	3.242469	0.0999997	-4E-12	3.242469
-6.90001	-1.86E-11	3.265761	0.0999998	-4.5E-12	3.265761
-6.80001	-1.66E-11	3.289022	0.0999995	-4.6E-12	3.289022
-6.70001	-1.8E-11	3.312309	0.0999999	-4E-12	3.312309
-6.60001	-1.58E-11	3.335527	0.0999998	-4.8E-12	3.335527
-6.50001	-1.73E-11	3.35883	0.1000001	-4.4E-12	3.35883
-6.40001	-1.5E-11	3.382051	0.0999998	-4.8E-12	3.382051
-6.30001	-1.51E-11	3.405291	0.0999999	-4.3E-12	3.405291
-6.20001	-1.56E-11	3.428591	0.0999998	-4.4E-12	3.428591
-6.10001	-1.57E-11	3.451892	0.0999997	-4.2E-12	3.451892
-6.00001	-1.35E-11	3.475131	0.0999997	-4.3E-12	3.475131
-5.90001	-1.43E-11	3.498425	0.0999996	-4.5E-12	3.498425
-5.80001	-1.43E-11	3.521708	0.0999998	-4.2E-12	3.521708
-5.70001	-1.37E-11	3.544993	0.0999997	-4.5E-12	3.544993
-5.60001	-3.27E-11	3.604511	0.1000001	-3.2E-12	3.604511
-5.50001	-1.43E-11	3.627847	0.0999998	-4.3E-12	3.627847
-5.40001	-1.21E-11	3.651161	0.0999995	-4.5E-12	3.651161
-5.30001	-1.15E-11	3.674402	0.1	-5.1E-12	3.674402
-5.20001	-1.29E-11	3.697738	0.0999997	-5E-12	3.697738
-5.1	-1.21E-11	3.72103	0.0999996	-4.8E-12	3.72103
-5.00001	-1.21E-11	3.744317	0.0999997	-4.8E-12	3.744317
-4.90001	-1.17E-11	3.767606	0.0999998	-4.8E-12	3.767606
-4.80001	-1.09E-11	3.790896	0.0999998	-5E-12	3.790896
-4.7	-8.6E-12	3.814107	0.0999998	-5.1E-12	3.814107
-4.60001	-8.5E-12	3.837332	0.0999997	-5.1E-12	3.837332
-4.50001	-9.2E-12	3.86063	0.0999997	-5.4E-12	3.86063
-4.40001	-8.7E-12	3.883917	0.0999995	-5E-12	3.883917
-4.3	-7E-12	3.907117	0.0999997	-5.2E-12	3.907117
-4.20001	-6.4E-12	3.930325	0.0999998	-5.3E-12	3.930325
-4.10001	-7.7E-12	3.953661	0.0999998	-5.1E-12	3.953661
-4.00001	-7.7E-12	3.976981	0.0999996	-5.3E-12	3.976981
-3.90001	-5E-12	4.000183	0.0999998	-5.5E-12	4.000183
-3.80001	-4.5E-12	4.023394	0.0999997	-5.2E-12	4.023394
-3.70001	-5.7E-12	4.046682	0.0999995	-5.4E-12	4.046682
-3.60001	-2.5E-11	4.105694	0.0999999	-4E-12	4.105694
-3.50001	-6.8E-12	4.129006	0.0999997	-5.5E-12	4.129006
-3.40001	-4.5E-12	4.15233	0.0999996	-5.8E-12	4.15233
-3.30001	-2.8E-12	4.175548	0.0999997	-5.8E-12	4.175548
-3.20001	-4.4E-12	4.198929	0.0999996	-5.5E-12	4.198929
-3.10001	-3.2E-12	4.222224	0.0999997	-5.6E-12	4.222224
-3.00001	-2.6E-12	4.245519	0.0999998	-5.1E-12	4.245519
-2.90001	-5E-13	4.26873	0.0999998	-5.5E-12	4.26873
-2.80001	-1E-12	4.292054	0.0999998	-5.8E-12	4.292054
-2.70001	1.2E-12	4.315368	0.0999995	-5.9E-12	4.315368
-2.60001	1.9E-12	4.338589	0.0999996	-6.1E-12	4.338589
-2.50001	3E-12	4.361801	0.0999997	-6E-12	4.361801
-2.40001	1.7E-12	4.385102	0.0999998	-6E-12	4.385102
-2.30001	4.1E-12	4.408312	0.0999998	-6.2E-12	4.408312
-2.20001	4.9E-12	4.431525	0.0999999	-6.2E-12	4.431525
-2.099999	-1.1E-11	4.456641	0.0999998	-4.7E-12	4.456641
-2	5.1E-12	4.479949	0.0999997	-6.3E-12	4.479949
-1.9	5.8E-12	4.503231	0.0999997	-6.1E-12	4.503231
-1.8	8.4E-12	4.52643	0.0999999	-6.4E-12	4.52643
-1.7	8.9E-12	4.549645	0.0999995	-6.4E-12	4.549645
-1.600001	-1.07E-11	4.602885	0.0999999	-5.3E-12	4.602885
-1.5	7.5E-12	4.626236	0.0999999	-6.4E-12	4.626236
-1.4	1.02E-11	4.649485	0.0999997	-6.6E-12	4.649485
-1.3	1.12E-11	4.672739	0.0999996	-6.7E-12	4.672739
-1.2	1.39E-11	4.695996	0.0999998	-7.1E-12	4.695996
-1.1	1.28E-11	4.719287	0.0999997	-7.1E-12	4.719287
-1	1.41E-11	4.742566	0.0999998	-7E-12	4.742566
-0.9	1.53E-11	4.765848	0.0999998	-7.2E-12	4.765848
-0.8	1.86E-11	4.789047	0.0999997	-7.4E-12	4.789047
-0.7	1.84E-11	4.812329	0.0999996	-7.1E-12	4.812329
-0.599999	2.05E-11	4.835555	0.0999998	-6.8E-12	4.835555
-0.5	2.29E-11	4.858764	0.0999996	2.3E-12	4.858764
-0.4	2.15E-11	4.882094	0.0999995	5.97E-11	4.882094
-0.3	2.47E-11	4.905383	0.1	3.586E-10	4.905383
-0.1999997	1.09E-11	4.930546	0.1000011	1.6465E-09	4.930546
-0.0999991	2.99E-11	4.953804	0.1000034	6.5761E-09	4.953804
1.2E-06	3.16E-11	4.977008	0.1000081	2.17249E-08	4.977008
0.100001	3.15E-11	5.00028	0.1000156	5.9659E-08	5.00028
0.1999999	1.4E-11	5.03976	0.1000001	1.32042E-07	5.03976
0.299999	2.05E-11	5.064489	0.1000009	2.64234E-07	5.064489
0.399999	1.64E-11	5.115357	0.1000002	4.47206E-07	5.115357
0.5	2.35E-11	5.139867	0.1000011	7.04471E-07	5.139867
0.599999	2.61E-11	5.16446	0.1000013	1.01527E-06	5.16446
0.699999	2.21E-11	5.200969	0.1000002	1.36541E-06	5.200969
0.799999	2.9E-11	5.225473	0.0999997	1.77051E-06	5.225473
0.899999	3.09E-11	5.250018	0.1000002	2.20794E-06	5.250018
0.999999	3.29E-11	5.274505	0.1000002	2.67466E-06	5.274505
1.1	3.51E-11	5.299078	0.1000001	3.1663E-06	5.299078
1.2	3.68E-11	5.323577	0.1000002	3.67848E-06	5.323577
1.3	3.82E-11	5.348101	0.1000003	4.20759E-06	5.348101
1.399999	3.91E-11	5.372599	0.1000001	4.75202E-06	5.372599
1.5	4.08E-11	5.39713	0.1000002	5.30819E-06	5.39713
1.6	4.18E-11	5.421621	0.1	5.87445E-06	5.421621
1.699999	4.33E-11	5.446157	0.1	6.44962E-06	5.446157
1.8	4.41E-11	5.470655	0.1000001	7.0328E-06	5.470655
1.899999	4.45E-11	5.495279	0.1000001	7.62298E-06	5.495279
2	4.53E-11	5.519809	0.1000001	8.21943E-06	5.519809
2.099999	4.61E-11	5.544329	0.1000002	8.82114E-06	5.544329
2.19999	4.67E-11	5.569063	0.1	9.42878E-06	5.569063
2.29999	4.05E-11	5.614318	0.1	1.003004E-05	5.614318
2.39999	4.05E-11	5.649004	0.1	1.06419E-05	5.649004
2.49999	4.6E-11	5.673623	0.1000003	1.12646E-05	5.673623
2.59999	4.49E-11	5.69932	0.1000003	1.18894E-05	5.69932
2.69999	4.85E-11	5.723828	0.1000002	1.25175E-05	5.723828
2.79999	4.88E-11	5.748348	0.1	1.31485E-05	5.748348
2.89999	4.91E-11	5.77285	0.1000002	1.37829E-05	5.77285
2.99999	4.97E-11	5.797397	0.1000003	1.44202E-05	5.797397
3.09999	4.99E-11	5.821933	0.0999998	1.50591E-05	5.821933
3.19999	5.06E-11	5.846447	0.1	1.57015E-05	5.846447
3.29999	5.09E-11	5.870952	0.1000001	1.63462E-05	5.870952
3.39999	5.15E-11	5.895477	0.1000002	1.69934E-05	5.895477
3.49999	5.16E-11	5.919983	0.1000003	1.76436E-05	5.919983
3.59999	5.21E-11	5.944496	0.1000002	1.82963E-05	5.944496
3.69999	5.21E-11	5.969069	0.1	1.89512E-05	5.969069
3.79999	5.19E-11	5.993642	0.1000001	1.96086E-05	5.993642
3.89999	5.27E-11	6.018143	0.1000002	2.02681E-05	6.018143
3.99999	5.28E-11	6.042653	0.1000001	2.09297E-05	6.042653
4.09999	5.25E-11	6.067145	0.1	2.1594E-05	6.067145
4.19999	4.76E-11	6.108539	0.1000001	2.22534E-05	6.108539
4.29999	5.19E-11	6.133053	0.1	2.2925E-05	6.133053
4.39999	5.27E-11	6.157653	0.1000002	2.35968E-05	6.157653
4.49999	5.33E-11	6.182165	0.1000001	2.42706E-05	6.182165
4.59999	5.36E-11	6.206827	0.1000002	2.49461E-05	6.206827
4.69999	5.38E-11	6.231343	0.1000001	2.5624E-05	6.231343
4.79999	5.44E-11	6.25586	0.1000001	2.6304E-05	6.25586
4.89999	5.42E-11	6.28036	0.1	2.69864E-05	6.28036
4.99999	5.34E-11	6.305023	0.1000001	2.76704E-05	6.305023
5.09999	5.44E-11	6.329547	0.1000001	2.83557E-05	6.329547
5.19999	5.43E-11	6.354109	0.1000001	2.90441E-05	6.354109
5.29999	5.49E-11	6.378623	0.1000001	2.97342E-05	6.378623
5.39999	5.51E-11	6.403136	0.1000002	3.04263E-05	6.403136
5.49999	5.54E-11	6.427645	0.1000003	3.11205E-05	6.427645
5.59999	5.57E-11	6.452156	0.1000001	3.18166E-05	6.452156
5.69999	5.58E-11	6.476696	0.1000004	3.25145E-05	6.476696
5.79999	5.61E-11	6.501236	0.1	3.32144E-05	6.501236
5.89999	5.67E-11	6.525745	0.0999999	3.39164E-05	6.525745
5.99999	5.67E-11	6.550288	0.1	3.462E-05	6.550288
6.09999	5E-11	6.608313	0.1000002	3.53125E-05	6.608313
6.19999	5.47E-11	6.632897	0.1000001	3.60245E-05	6.632897
6.29999	5.55E-11	6.657443	0.1	3.67359E-05	6.657443
6.39999	5.55E-11	6.681991	0.1000001	3.74482E-05	6.681991
6.49999	5.6E-11	6.706557	0.1000001	3.81624E-05	6.706557
6.59999	5.64E-11	6.731091	0.1000002	3.8878E-05	6.731091
6.69999	5.65E-11	6.755636	0.1	3.95948E-05	6.755636
6.79999	5.71E-11	6.780165	0.1	4.03146E-05	6.780165
6.89999	5.7E-11	6.804696	0.1	4.10355E-05	6.804696
6.99999	5.78E-11	6.829228	0.1	4.17578E-05	6.829228
7.09999	5.81E-11	6.853733	0.1000001	4.24821E-05	6.853733
7.19999	5.82E-11	6.8783	0.1000001	4.32087E-05	6.8783
7.29999	5.81E-11	6.902823	0.1000001	4.39367E-05	6.902823
7.39999	5.81E-11	6.927372	0.1000002	4.46663E-05	6.927372
7.49999	5.82E-11	6.951916	0.1000002	4.53976E-05	6.951916
7.59999	5.79E-11	6.976471	0.1000003	4.61306E-05	6.976471
7.69999	5.91E-11	7.001096	0.1000003	4.68661E-05	7.001096
7.79999	5.92E-11	7.025604	0.1000002	4.76026E-05	7.025604
7.89999	5.91E-11	7.050112	0.1000002	4.83412E-05	7.050112
7.99999	5.26E-11	7.098773	0.1	4.90719E-05	7.098773
8.09999	5.76E-11	7.123351	0.1000002	4.98164E-05	7.123351
8.19999	5.83E-11	7.147955	0.1	5.05601E-05	7.147955
8.29999	5.86E-11	7.172576	0.1000002	5.13062E-05	7.172576
8.39999	5.57E-11	7.198737	0.1000001	5.20539E-05	7.198737
8.49999	5.92E-11	7.223263	0.0999999	5.28029E-05	7.223263
8.59999	5.9E-11	7.247776	0.0999999	5.35537E-05	7.247776
8.69999	5.93E-11	7.272273	0.0999999	5.4306E-05	7.272273
8.79999	5.93E-11	7.29688	0.1000002	5.50601E-05	7.29688
8.89999	5.99E-11	7.321388	0.1000001	5.58158E-05	7.321388
8.99999	6.03E-11	7.345902	0.1	5.65726E-05	7.345902
9.09999	6.04E-11	7.370415	0.1000002	5.73312E-05	7.370415
9.19999	6.04E-11	7.394955	0.1000002	5.80919E-05	7.394955
9.29999	6.03E-11	7.419557	0.1000001	5.88513E-05	7.419557
9.39999	6.05E-11	7.444066	0.1000001	5.96173E-05	7.444066
9.49999	6.02E-11	7.468579	0.1	6.0384E-05	7.468579
9.59999	6.07E-11	7.493133	0.1	6.11526E-05	7.493133
9.69999	6.05E-11	7.517671	0.1000003	6.19222E-05	7.517671
9.79999	6.04E-11	7.542189	0.0999998	6.26926E-05	7.542189
9.89999	6.05E-11	7.566704	0.1000001	6.34656E-05	7.566704
9.99999	5.46E-11	7.617164	0.0999999	6.42319E-05	7.617164
9.9	4.61E-11	7.641745	0.0999999	6.34422E-05	7.641745
9.8	4.41E-11	7.666317	0.1000001	6.26583E-05	7.666317
9.7	4.16E-11	7.69085	0.0999999	6.18762E-05	7.69085
9.6	3.93E-11	7.715403	0.1	6.10968E-05	7.715403
9.5	3.89E-11	7.739929	0.0999999	6.03193E-05	7.739929
9.4	3.8E-11	7.764444	0.0999999	5.95446E-05	7.764444
9.3	3.68E-11	7.788976	0.1000002	5.8772E-05	7.788976
9.2	3.59E-11	7.813515	0.1	5.80007E-05	7.813515
9.1	3.54E-11	7.83808	0.1	5.72305E-05	7.83808
9	3.44E-11	7.862608	0.0999998	5.64633E-05	7.862608
8.9	3.39E-11	7.887138	0.1000001	5.57003E-05	7.887138
8.8	3.28E-11	7.911662	0.0999998	5.49344E-05	7.911662
8.7	3.22E-11	7.936195	0.1	5.41705E-05	7.936195
8.6	3.16E-11	7.960764	0.0999999	5.34087E-05	7.960764
8.5	3.14E-11	7.985307	0.1	5.26497E-05	7.985307
8.4	3.06E-11	8.009849	0.0999999	5.18918E-05	8.009849
8.3	3.03E-11	8.034402	0.0999998	5.11346E-05	8.034402
8.2	2.97E-11	8.058935	0.0999999	5.03799E-05	8.058935
8.1	3.56E-11	8.118562	0.0999999	4.96305E-05	8.118562
8	3.02E-11	8.1431	0.1	4.88788E-05	8.1431
7.9	2.88E-11	8.167714	0.0999999	4.81291E-05	8.167714
7.8	2.9E-11	8.192246	0.0999999	4.73815E-05	8.192246
7.7	2.8E-11	8.216804	0.1	4.66363E-05	8.216804
7.6	2.75E-11	8.241327	0.1000001	4.58927E-05	8.241327
7.5	2.7E-11	8.265831	0.1	4.51511E-05	8.265831
7.4	2.7E-11	8.290398	0.1	4.44103E-05	8.290398
7.3	2.68E-11	8.315079	0.0999998	4.36714E-05	8.315079
7.2	2.57E-11	8.3396	0.0999999	4.29345E-05	8.3396
7.1	2.53E-11	8.364113	0.1000001	4.22004E-05	8.364113
7	2.51E-11	8.388628	0.0999999	4.14671E-05	8.388628
6.9	2.48E-11	8.413144	0.0999999	4.07357E-05	8.413144
6.8	2.45E-11	8.437699	0.0999998	4.0006E-05	8.437699
6.7	2.43E-11	8.462199	0.0999998	3.92774E-05	8.462199
6.6	2.47E-11	8.486995	0.0999999	3.85511E-05	8.486995
6.5	2.39E-11	8.511537	0.1	3.78266E-05	8.511537
6.4	2.33E-11	8.53608	0.1	3.71042E-05	8.53608
6.3	2.28E-11	8.560637	0.0999998	3.63846E-05	8.560637
6.2	2.92E-11	8.620325	0.0999999	3.56701E-05	8.620325
6.1	2.36E-11	8.644896	0.0999999	3.49533E-05	8.644896
6	2.32E-11	8.66958	0.0999999	3.42374E-05	8.66958
5.9	2.21E-11	8.694089	0.1	3.35239E-05	8.694089
5.8	2.13E-11	8.718678	0.0999999	3.28134E-05	8.718678
5.7	2.08E-11	8.743211	0.1	3.21044E-05	8.743211
5.6	2E-11	8.767729	0.1	3.1397E-05	8.767729
5.5	1.95E-11	8.792233	0.1	3.06913E-05	8.792233
5.4	1.9E-11	8.816834	0.0999999	2.99881E-05	8.816834
5.3	1.85E-11	8.841348	0.0999999	2.92881E-05	8.841348
5.2	1.87E-11	8.865915	0.0999998	2.85886E-05	8.865915
5.1	1.79E-11	8.890437	0.1	2.7892E-05	8.890437
5	1.75E-11	8.914963	0.0999999	2.71971E-05	8.914963
4.9	1.68E-11	8.939509	0.1	2.65047E-05	8.939509
4.8	1.64E-11	8.964081	0.0999999	2.5814E-05	8.964081
4.7	1.63E-11	8.988871	0.1000001	2.51263E-05	8.988871
4.6	1.54E-11	9.01337	0.0999999	2.44399E-05	9.01337
4.5	1.57E-11	9.0379	0.0999998	2.37562E-05	9.0379
4.4	1.56E-11	9.062442	0.1	2.30752E-05	9.062442
4.3	2.12E-11	9.121516	0.1000001	2.24011E-05	9.121516
4.2	1.58E-11	9.146078	0.0999999	2.17233E-05	9.146078
4.1	1.44E-11	9.170692	0.0999999	2.10485E-05	9.170692
4	1.43E-11	9.195262	0.0999999	2.03765E-05	9.195262
3.9	1.3E-11	9.219838	0.1000001	1.97074E-05	9.219838
3.8	1.2E-11	9.24434	0.1000001	1.90404E-05	9.24434
3.7	1.15E-11	9.268844	0.1	1.83757E-05	9.268844
3.6	1.12E-11	9.293368	0.1000002	1.77148E-05	9.293368
3.5	1.03E-11	9.317897	0.0999999	1.70564E-05	9.317897
3.4	9.8E-12	9.342414	0.1	1.64008E-05	9.342414
3.3	9.1E-12	9.366903	0.1000001	1.57486E-05	9.366903
3.2	8.5E-12	9.391407	0.1000001	1.50985E-05	9.391407
3.1	8E-12	9.415916	0.1	1.44517E-05	9.415916
3	7.9E-12	9.440529	0.1	1.38086E-05	9.440529
2.9	6.6E-12	9.465053	0.1000001	1.31682E-05	9.465053
2.8	5.9E-12	9.489849	0.1	1.2532E-05	9.489849
2.7	4.6E-12	9.514366	0.0999999	1.18996E-05	9.514366
2.6	4E-12	9.53888	0.1000001	1.12706E-05	9.53888
2.5	3.4E-12	9.56338	0.0999999	1.06463E-05	9.56338
2.4	9.3E-12	9.623081	0.1	1.00317E-05	9.623081
2.3	3.4E-12	9.647641	0.0999999	9.4143E-06	9.647641
2.2	5.9E-12	9.674895	0.1	8.80589E-06	9.674895
2.099999	4.2E-12	9.701316	0.1	8.19939E-06	9.701316
2	-1E-13	9.725897	0.0999999	7.5996E-06	9.725897
1.9	-1.3E-12	9.750411	0.0999999	7.00677E-06	9.750411
1.8	-2.6E-12	9.774917	0.0999999	6.42074E-06	9.774917
1.7	-3.6E-12	9.799466	0.0999999	5.84353E-06	9.799466
1.6	-5.6E-12	9.823968	0.1	5.2756E-06	9.823968
1.5	-6.6E-12	9.848497	0.0999997	4.71868E-06	9.848497
1.4	-8.2E-12	9.872998	0.1000001	4.1742E-06	9.872998
1.3	-9.2E-12	9.897521	0.0999999	3.64508E-06	9.897521
1.2	-1.08E-11	9.922018	0.0999999	3.13368E-06	9.922018
1.1	-1.18E-11	9.946688	0.0999999	2.64454E-06	9.946688
1	-1.38E-11	9.971242	0.0999999	2.18089E-06	9.971242
0.9	-1.55E-11	9.995801	0.1	1.74834E-06	9.995801
0.8	-1.68E-11	10.020311	0.1	1.35192E-06	10.020311
0.7	-1.96E-11	10.044788	0.0999999	9.9748E-07	10.044788
0.6	-1.79E-11	10.072093	0.0999993	6.93624E-07	10.072093
0.5	-1.71E-11	10.124428	0.0999997	4.49128E-07	10.124428
0.4	-2.41E-11	10.149033	0.0999995	2.58103E-07	10.149033
0.3	-2.67E-11	10.173654	0.0999996	1.30168E-07	10.173654
0.1999999	-2.33E-11	10.215501	0.0999932	5.73995E-08	10.215501
0.099999	-4.38E-11	10.238781	0.1000029	2.01058E-08	10.238781
-1.2E-06	-4.87E-11	10.261969	0.1000015	5.9398E-09	10.261969
#scan	iMeasureCycle=2	iMux=0	time=279.758	N=401	LocalTime=19/04/2023 12:24:16
#VGate(V)	IGate(A)	time(s)	VDrain(V)	IDrain(A)	time(s)
-2E-07	-1.34E-11	279.765722	0.0999944	1.10588E-08	279.765722
-0.1000012	-3.47E-11	279.789306	0.1000012	2.7618E-09	279.789306
-0.2000002	-2.26E-11	279.81443	0.0999996	5.97E-10	279.81443
-0.300001	-4.26E-11	279.837846	0.1000001	1.079E-10	279.837846
-0.400001	-4.35E-11	279.861132	0.1000004	1.3E-11	279.861132
-0.500001	-4.81E-11	279.88434	0.1	-1.1E-12	279.88434
-0.600001	-5E-11	279.907555	0.1000001	-3E-12	279.907555
-0.700001	-5.21E-11	279.930837	0.1	-3E-12	279.930837
-0.800001	-5.22E-11	279.954113	0.1000001	-3.2E-12	279.954113
-0.900001	-5.31E-11	279.977398	0.1	-3E-12	279.977398
-1.000001	-5.65E-11	280.000601	0.1000003	-2.5E-12	280.000601
-1.100001	-5.79E-11	280.023819	0.1000002	-2.5E-12	280.023819
-1.200001	-5.74E-11	280.047414	0.1000002	-2.7E-12	280.047414
-1.300001	-5.76E-11	280.070729	0.1	-2.7E-12	280.070729
-1.400001	-5.92E-11	280.09402	0.1000002	-2.5E-12	280.09402
-1.500001	-6.04E-11	280.117305	0.1000001	-2.6E-12	280.117305
-1.600001	-6.28E-11	280.140515	0.1000001	-2.5E-12	280.140515
-1.700001	-6.33E-11	280.163727	0.1000001	-2.4E-12	280.163727
-1.800001	-6.28E-11	280.187016	0.1000003	-2.6E-12	280.187016
-1.900001	-6.34E-11	280.210295	0.1	-2.2E-12	280.210295
-2.000001	-6.57E-11	280.233521	0.1000001	-2.2E-12	280.233521
-2.100001	-6.62E-11	280.256729	0.1000001	-1.7E-12	280.256729
-2.2	-6.63E-11	280.280218	0.1	-2.3E-12	280.280218
-2.29999	-4.55E-11	280.330807	0.1	-3.6E-12	280.330807
-2.4	-6.54E-11	280.354049	0.1000001	-2.1E-12	280.354049
-2.5	-6.49E-11	280.377391	0.1000001	-2.2E-12	280.377391
-2.6	-6.53E-11	280.400681	0.1000001	-1.7E-12	280.400681
-2.7	-6.8E-11	280.423942	0.1000001	-1.4E-12	280.423942
-2.8	-6.66E-11	280.447237	0.1000001	-1.4E-12	280.447237
-2.9	-6.87E-11	280.470449	0.1000002	-1.5E-12	280.470449
-3	-6.91E-11	280.49366	0.1000003	-1.3E-12	280.49366
-3.1	-6.96E-11	280.516891	0.1	-1.8E-12	280.516891
-3.2	-7.02E-11	280.540116	0.1000003	-1.4E-12	280.540116
-3.3	-6.76E-11	280.563458	0.1000001	-1.9E-12	280.563458
-3.4	-6.91E-11	280.586739	0.1000002	-1.1E-12	280.586739
-3.5	-7.13E-11	280.609941	0.1	-1.5E-12	280.609941
-3.6	-7.02E-11	280.633315	0.1	-1.8E-12	280.633315
-3.7	-6.94E-11	280.656607	0.1000002	-2.2E-12	280.656607
-3.8	-7.09E-11	280.679842	0.1000001	-2.1E-12	280.679842
-3.9	-7.2E-11	280.703069	0.1	-2.1E-12	280.703069
-4	-7.06E-11	280.726402	0.1000002	-2E-12	280.726402
-4.1	-7.13E-11	280.749704	0.1000002	-1.4E-12	280.749704
-4.2	-7.35E-11	280.773004	0.1000001	-1.6E-12	280.773004
-4.3	-5.26E-11	280.829475	0.0999998	-3.4E-12	280.829475
-4.4	-7.22E-11	280.852709	0.1000003	-1.5E-12	280.852709
-4.5	-7.33E-11	280.875921	0.1	-1.6E-12	280.875921
-4.6	-7.33E-11	280.899149	0.1000002	-1.2E-12	280.899149
-4.7	-7.44E-11	280.922489	0.1000002	-1.2E-12	280.922489
-4.8	-7.27E-11	280.945778	0.1000002	-1.5E-12	280.945778
-4.9	-7.45E-11	280.968976	0.1000001	-1.5E-12	280.968976
-5	-7.49E-11	280.992188	0.1000002	-1.3E-12	280.992188
-5.1	-7.33E-11	281.015477	0.1000002	-1.7E-12	281.015477
-5.2	-7.48E-11	281.038731	0.1000001	-1.5E-12	281.038731
-5.3	-7.57E-11	281.06197	0.1000003	-1.1E-12	281.06197
-5.4	-7.61E-11	281.085188	0.1000003	-1.1E-12	281.085188
-5.5	-7.62E-11	281.108417	0.1000002	-9E-13	281.108417
-5.6	-7.47E-11	281.131707	0.1000001	-8E-13	281.131707
-5.7	-7.5E-11	281.155	0.1000001	-1.3E-12	281.155
-5.8	-7.75E-11	281.178207	0.1000002	-1E-12	281.178207
-5.9	-7.75E-11	281.201413	0.1000001	-7E-13	281.201413
-6	-7.54E-11	281.224701	0.1	-1.2E-12	281.224701
-6.1	-7.58E-11	281.248	0.1	-1.2E-12	281.248
-6.2	-7.77E-11	281.271309	0.1000002	-9E-13	281.271309
-6.3	-5.65E-11	281.331014	0.0999999	-2.7E-12	281.331014
-6.4	-7.53E-11	281.35425	0.1000001	-1.4E-12	281.35425
-6.5	-7.65E-11	281.377529	0.1	-1E-12	281.377529
-6.6	-7.73E-11	281.400746	0.1000001	-8E-13	281.400746
-6.7	-7.58E-11	281.424096	0.0999999	-8E-13	281.424096
-6.8	-7.81E-11	281.447338	0.1000003	-8E-13	281.447338
-6.9	-7.81E-11	281.470544	0.1000002	-9E-13	281.470544
-7	-7.71E-11	281.493847	0.1	-1.2E-12	281.493847
-7.1	-7.76E-11	281.517129	0.1000001	-1.1E-12	281.517129
-7.2	-7.83E-11	281.540393	0.1000001	-5E-13	281.540393
-7.3	-8E-11	281.563629	0.1000001	-7E-13	281.563629
-7.4	-7.85E-11	281.586921	0.1000001	-8E-13	281.586921
-7.5	-7.82E-11	281.610211	0.1000002	-1.2E-12	281.610211
-7.6	-8.07E-11	281.633428	0.1000003	-8E-13	281.633428
-7.7	-7.83E-11	281.656728	0.1	-8E-13	281.656728
-7.8	-7.86E-11	281.679991	0.1	-8E-13	281.679991
-7.9	-8.06E-11	281.703208	0.1000002	-8E-13	281.703208
-8	-8.11E-11	281.726494	0.1000001	-9E-13	281.726494
-8.1	-8.15E-11	281.749727	0.1000002	-6E-13	281.749727
-8.2	-7.97E-11	281.773095	0.1	-9E-13	281.773095
-8.3	-6.04E-11	281.832293	0.1000001	-2.6E-12	281.832293
-8.4	-7.95E-11	281.855534	0.1000002	-1.1E-12	281.855534
-8.5	-8.03E-11	281.878754	0.1000001	-4E-13	281.878754
-8.6	-8.05E-11	281.901963	0.1	-4E-13	281.901963
-8.7	-7.95E-11	281.9253	0.1000003	-1.4E-12	281.9253
-8.8	-8.15E-11	281.948512	0.1000001	-9E-13	281.948512
-8.9	-8.21E-11	281.971741	0.1	-1E-12	281.971741
-9	-8.23E-11	281.994943	0.1000002	-1.1E-12	281.994943
-9.1	-8.06E-11	282.01824	0.1	-9E-13	282.01824
-9.2	-8.18E-11	282.04151	0.1000002	-7E-13	282.04151
-9.3	-8.26E-11	282.064757	0.1000002	-9E-13	282.064757
-9.4	-8.31E-11	282.087968	0.1000001	-4E-13	282.087968
-9.5	-8.16E-11	282.11125	0.0999999	-1.1E-12	282.11125
-9.6	-8.31E-11	282.134466	0.1000001	-8E-13	282.134466
-9.7	-8.32E-11	282.157692	0.1000003	-8E-13	282.157692
-9.8	-8.13E-11	282.180996	0.1000001	-9E-13	282.180996
-9.9	-8.16E-11	282.204276	0.1000001	-1.4E-12	282.204276
-10	-8.18E-11	282.227566	0.1000001	-9E-13	282.227566
-9.90001	-4.15E-11	282.250783	0.0999998	-4.2E-12	282.250783
-9.80001	-3.85E-11	282.274089	0.0999996	-4.5E-12	282.274089
-9.70001	-5.38E-11	282.333629	0.1000001	-2.7E-12	282.333629
-9.60001	-3.43E-11	282.356881	0.0999998	-4.7E-12	282.356881
-9.50001	-3.19E-11	282.380152	0.0999996	-4.3E-12	282.380152
-9.40001	-3.28E-11	282.40345	0.0999995	-4E-12	282.40345
-9.30001	-3.16E-11	282.426803	0.0999997	-4.2E-12	282.426803
-9.20001	-2.88E-11	282.450052	0.0999998	-4.6E-12	282.450052
-9.10001	-2.75E-11	282.47325	0.0999996	-4.6E-12	282.47325
-9.00001	-2.87E-11	282.496553	0.0999996	-4.7E-12	282.496553
-8.90001	-2.83E-11	282.519844	0.0999997	-4.3E-12	282.519844
-8.80001	-2.58E-11	282.543061	0.0999998	-4.8E-12	282.543061
-8.70001	-2.49E-11	282.566295	0.0999997	-4.9E-12	282.566295
-8.60001	-2.63E-11	282.589579	0.0999999	-4.3E-12	282.589579
-8.50001	-2.45E-11	282.61282	0.0999998	-4.4E-12	282.61282
-8.40001	-2.37E-11	282.63603	0.0999996	-4.9E-12	282.63603
-8.30001	-2.25E-11	282.659266	0.0999997	-4.8E-12	282.659266
-8.20001	-2.38E-11	282.682556	0.0999998	-4.9E-12	282.682556
-8.10001	-2.36E-11	282.705851	0.0999997	-4.8E-12	282.705851
-8	-2.17E-11	282.729119	0.0999998	-5.2E-12	282.729119
-7.90001	-2.12E-11	282.752349	0.0999996	-4.7E-12	282.752349
-7.80001	-2.2E-11	282.775721	0.0999998	-4.7E-12	282.775721
-7.70001	-4.07E-11	282.834959	0.1	-3.3E-12	282.834959
-7.6	-2.08E-11	282.858211	0.0999997	-5.4E-12	282.858211
-7.50001	-1.99E-11	282.881428	0.0999997	-4.9E-12	282.881428
-7.40001	-2.16E-11	282.904731	0.0999998	-4.7E-12	282.904731
-7.30001	-2.07E-11	282.928089	0.1	-4.7E-12	282.928089
-7.2	-1.86E-11	282.951307	0.0999998	-4.6E-12	282.951307
-7.10001	-1.99E-11	282.974602	0.0999997	-4.8E-12	282.974602
-7.00001	-1.94E-11	282.997888	0.0999997	-5.2E-12	282.997888
-6.90001	-1.76E-11	283.021086	0.0999998	-4.9E-12	283.021086
-6.80001	-1.67E-11	283.044396	0.0999998	-5.1E-12	283.044396
-6.70001	-1.8E-11	283.067717	0.0999999	-4.8E-12	283.067717
-6.60001	-1.81E-11	283.091003	0.0999998	-4.9E-12	283.091003
-6.50001	-1.64E-11	283.114231	0.0999995	-4.9E-12	283.114231
-6.40001	-1.49E-11	283.13744	0.0999999	-5E-12	283.13744
-6.30001	-1.67E-11	283.160811	0.0999997	-5E-12	283.160811
-6.20001	-1.56E-11	283.184025	0.0999999	-4.8E-12	283.184025
-6.10001	-1.51E-11	283.207256	0.0999998	-4.9E-12	283.207256
-6.00001	-1.41E-11	283.230469	0.0999995	-5.2E-12	283.230469
-5.90001	-1.51E-11	283.253767	0.0999996	-4.9E-12	283.253767
-5.80001	-1.47E-11	283.277149	0.0999996	-5E-12	283.277149
-5.70001	-3.3E-11	283.336942	0.0999998	-3.4E-12	283.336942
-5.60001	-1.7E-11	283.360305	0.0999998	-5E-12	283.360305
-5.50001	-1.34E-11	283.38361	0.0999998	-5.3E-12	283.38361
-5.40001	-1.25E-11	283.406824	0.0999997	-5E-12	283.406824
-5.30001	-1.47E-11	283.430202	0.0999996	-4.9E-12	283.430202
-5.20001	-1.11E-11	283.453418	0.0999997	-5.1E-12	283.453418
-5.1	-1.08E-11	283.476631	0.0999997	-5.2E-12	283.476631
-5.00001	-1.26E-11	283.499909	0.0999997	-5E-12	283.499909
-4.90001	-1.14E-11	283.523185	0.0999998	-5.4E-12	283.523185
-4.80001	-9.5E-12	283.546405	0.0999996	-5.4E-12	283.546405
-4.7	-9E-12	283.569649	0.0999997	-5.3E-12	283.569649
-4.60001	-1.01E-11	283.593037	0.0999995	-5.8E-12	283.593037
-4.50001	-9.7E-12	283.616321	0.0999998	-5.8E-12	283.616321
-4.40001	-7.5E-12	283.639535	0.0999997	-5.9E-12	283.639535
-4.3	-8.1E-12	283.662787	0.0999997	-5.5E-12	283.662787
-4.20001	-8E-12	283.686082	0.0999997	-5.5E-12	283.686082
-4.10001	-7.9E-12	283.70935	0.0999996	-5.7E-12	283.70935
-4.00001	-5.4E-12	283.732617	0.0999997	-5.8E-12	283.732617
-3.90001	-5E-12	283.755839	0.0999999	-5.7E-12	283.755839
-3.80001	-6.6E-12	283.77921	0.0999998	-5.6E-12	283.77921
-3.70001	-2.52E-11	283.837835	0.0999998	-4.4E-12	283.837835
-3.60001	-5.4E-12	283.861063	0.0999998	-5.4E-12	283.861063
-3.50001	-6.4E-12	283.88436	0.1	-5.5E-12	283.88436
-3.40001	-4.3E-12	283.907574	0.0999997	-6.1E-12	283.907574
-3.30001	-2.8E-12	283.930841	0.0999998	-6.1E-12	283.930841
-3.20001	-2.7E-12	283.954152	0.0999999	-5.7E-12	283.954152
-3.10001	-3.5E-12	283.97744	0.0999998	-6E-12	283.97744
-3.00001	-3.2E-12	284.000753	0.0999996	-6.4E-12	284.000753
-2.90001	3E-13	284.023962	0.0999998	-6.4E-12	284.023962
-2.80001	6E-13	284.047195	0.0999996	-6.3E-12	284.047195
-2.70001	-9E-13	284.070525	0.0999996	-5.9E-12	284.070525
-2.60001	2.1E-12	284.093716	0.0999995	-6.4E-12	284.093716
-2.50001	2.4E-12	284.116923	0.0999998	-6.5E-12	284.116923
-2.40001	3.3E-12	284.140132	0.0999996	-6.3E-12	284.140132
-2.30001	2.2E-12	284.16342	0.0999998	-6.3E-12	284.16342
-2.20001	3.1E-12	284.186719	0.0999997	-6.2E-12	284.186719
-2.099999	-1.16E-11	284.211904	0.1	-5E-12	284.211904
-2	6.1E-12	284.23511	0.0999999	-6.7E-12	284.23511
-1.9	5E-12	284.258404	0.0999997	-6.6E-12	284.258404
-1.8	7.5E-12	284.281705	0.0999999	-6.6E-12	284.281705
-1.700001	-1.26E-11	284.33926	0.0999999	-5.3E-12	284.33926
-1.599999	6E-12	284.362574	0.0999997	-6.9E-12	284.362574
-1.5	9.1E-12	284.385831	0.0999996	-7.4E-12	284.385831
-1.4	9.8E-12	284.409054	0.0999997	-7.1E-12	284.409054
-1.3	1.12E-11	284.432422	0.0999997	-7.7E-12	284.432422
-1.2	1.07E-11	284.455716	0.0999997	-7.1E-12	284.455716
-1.1	1.39E-11	284.478938	0.0999996	-7.6E-12	284.478938
-1	1.54E-11	284.502154	0.0999996	-7.3E-12	284.502154
-0.9	1.62E-11	284.525371	0.0999994	-7.7E-12	284.525371
-0.8	1.65E-11	284.548654	0.0999997	-7.7E-12	284.548654
-0.7	1.63E-11	284.57202	0.0999997	-8.1E-12	284.57202
-0.599999	2.01E-11	284.595249	0.0999997	-7.4E-12	284.595249
-0.5	2.2E-11	284.618456	0.0999999	-2.4E-12	284.618456
-0.4	2.23E-11	284.641738	0.0999998	3.41E-11	284.641738
-0.3	2.54E-11	284.664954	0.0999999	2.269E-10	284.664954
-0.1999998	1.01E-11	284.69007	0.1000007	1.0604E-09	284.69007
-0.0999989	2.83E-11	284.713286	0.1000023	4.3149E-09	284.713286
1.1E-06	2.81E-11	284.736639	0.1000063	1.47464E-08	284.736639
0.1000012	3.09E-11	284.759893	0.1000129	4.25179E-08	284.759893
0.2000001	1.04E-11	284.843419	0.1000001	9.5548E-08	284.843419
0.3	1.78E-11	284.868145	0.1000006	2.04537E-07	284.868145
0.399999	2.04E-11	284.892647	0.1000009	3.70383E-07	284.892647
0.5	2.28E-11	284.917145	0.1000009	5.96194E-07	284.917145
0.599999	2.46E-11	284.941699	0.1000012	8.79495E-07	284.941699
0.699999	2.16E-11	284.976389	0.1000001	1.20786E-06	284.976389
0.8	2.78E-11	285.0009	0.1	1.59164E-06	285.0009
0.9	2.96E-11	285.025432	0.1000001	2.01154E-06	285.025432
0.999999	3.2E-11	285.049907	0.1000001	2.46379E-06	285.049907
1.1	3.39E-11	285.074439	0.0999999	2.94496E-06	285.074439
1.2	3.57E-11	285.098951	0.1000002	3.44864E-06	285.098951
1.3	3.67E-11	285.123456	0.1000002	3.97162E-06	285.123456
1.4	3.81E-11	285.147963	0.1000001	4.51078E-06	285.147963
1.5	4E-11	285.172499	0.1	5.06362E-06	285.172499
1.599999	4.08E-11	285.197028	0.1000001	5.62794E-06	285.197028
1.699999	4.22E-11	285.221546	0.1	6.20181E-06	285.221546
1.8	4.35E-11	285.24605	0.1	6.7842E-06	285.24605
1.9	4.4E-11	285.270602	0.1	7.37391E-06	285.270602
2	4.44E-11	285.295209	0.1	7.97055E-06	285.295209
2.099999	3.81E-11	285.349154	0.0999999	8.5619E-06	285.349154
2.19999	4.32E-11	285.373933	0.1000001	9.17404E-06	285.373933
2.29999	4.43E-11	285.398491	0.0999999	9.78831E-06	285.398491
2.39999	4.55E-11	285.42303	0.1000001	1.040717E-05	285.42303
2.49999	4.1E-11	285.457656	0.1	1.10238E-05	285.457656
2.59999	4.54E-11	285.482247	0.1	1.16518E-05	285.482247
2.69999	4.71E-11	285.506794	0.1000002	1.2283E-05	285.506794
2.79999	4.78E-11	285.531319	0.1000001	1.29168E-05	285.531319
2.89999	4.81E-11	285.555842	0.1000001	1.35547E-05	285.555842
2.99999	4.86E-11	285.580382	0.1000001	1.41951E-05	285.580382
3.09999	4.9E-11	285.604905	0.1000001	1.48388E-05	285.604905
3.19999	4.94E-11	285.629445	0.1000002	1.54852E-05	285.629445
3.29999	5E-11	285.653957	0.1000002	1.61347E-05	285.653957
3.39999	5.05E-11	285.678461	0.1000001	1.67862E-05	285.678461
3.49999	5.04E-11	285.702981	0.1000001	1.74413E-05	285.702981
3.59999	5.14E-11	285.727544	0.0999999	1.80987E-05	285.727544
3.69999	5.12E-11	285.752083	0.1000002	1.87589E-05	285.752083
3.79999	5.12E-11	285.776623	0.1000002	1.94208E-05	285.776623
3.89999	5.2E-11	285.801154	0.1	2.00854E-05	285.801154
3.99999	4.72E-11	285.840626	0.1000001	2.07469E-05	285.840626
4.09999	5.18E-11	285.86516	0.1000001	2.14174E-05	285.86516
4.19999	5.22E-11	285.88979	0.1000001	2.20885E-05	285.88979
4.29999	5.27E-11	285.914313	0.1	2.2762E-05	285.914313
4.39999	5.33E-11	285.938907	0.1	2.34375E-05	285.938907
4.49999	5.31E-11	285.963478	0.1	2.41141E-05	285.963478
4.59999	5.31E-11	285.987998	0.1	2.47935E-05	285.987998
4.69999	5.35E-11	286.012504	0.0999999	2.54744E-05	286.012504
4.79999	5.41E-11	286.037014	0.0999999	2.61569E-05	286.037014
4.89999	5.41E-11	286.06168	0.1	2.68417E-05	286.06168
4.99999	5.41E-11	286.086257	0.0999999	2.75279E-05	286.086257
5.09999	5.46E-11	286.110795	0.1000001	2.82161E-05	286.110795
5.19999	5.52E-11	286.135307	0.1000004	2.89061E-05	286.135307
5.29999	5.53E-11	286.159819	0.1000001	2.95982E-05	286.159819
5.39999	5.53E-11	286.184346	0.0999999	3.0292E-05	286.184346
5.49999	5.63E-11	286.208857	0.1	3.09886E-05	286.208857
5.59999	5.58E-11	286.233474	0.1000001	3.16863E-05	286.233474
5.69999	5.61E-11	286.257976	0.1000001	3.23856E-05	286.257976
5.79999	5.61E-11	286.282577	0.1000001	3.30871E-05	286.282577
5.89999	4.82E-11	286.344415	0.1000001	3.37768E-05	286.344415
5.99999	5.39E-11	286.368969	0.1000002	3.4486E-05	286.368969
6.09999	5.48E-11	286.393533	0.1	3.51951E-05	286.393533
6.19999	5.5E-11	286.41804	0.1	3.59054E-05	286.41804
6.29999	5.56E-11	286.44263	0.1	3.66173E-05	286.44263
6.39999	5.58E-11	286.467129	0.0999999	3.7331E-05	286.467129
6.49999	5.59E-11	286.491649	0.1	3.80448E-05	286.491649
6.59999	5.64E-11	286.516187	0.1	3.87614E-05	286.516187
6.69999	5.65E-11	286.540712	0.0999999	3.94798E-05	286.540712
6.79999	5.66E-11	286.565512	0.1000002	4.02003E-05	286.565512
6.89999	5.71E-11	286.590021	0.1000002	4.09211E-05	286.590021
6.99999	5.69E-11	286.614572	0.1000002	4.1645E-05	286.614572
7.09999	5.68E-11	286.63912	0.1000003	4.23709E-05	286.63912
7.19999	5.78E-11	286.66365	0.1000001	4.3098E-05	286.66365
7.29999	5.78E-11	286.688165	0.1000001	4.38267E-05	286.688165
7.39999	5.79E-11	286.712694	0.1000001	4.45573E-05	286.712694
7.49999	5.81E-11	286.737261	0.1	4.52894E-05	286.737261
7.59999	5.84E-11	286.761791	0.1	4.60237E-05	286.761791
7.69999	5.87E-11	286.786385	0.1000002	4.6759E-05	286.786385
7.79999	5.19E-11	286.848241	0.0999998	4.74856E-05	286.848241
7.89999	5.67E-11	286.872788	0.0999999	4.82279E-05	286.872788
7.99999	5.71E-11	286.897304	0.0999998	4.89704E-05	286.897304
8.09999	5.84E-11	286.921824	0.1000001	4.97134E-05	286.921824
8.19999	5.88E-11	286.946379	0.1000001	5.04585E-05	286.946379
8.29999	5.88E-11	286.970908	0.0999999	5.12041E-05	286.970908
8.39999	5.94E-11	286.995428	0.1000001	5.19521E-05	286.995428
8.49999	5.94E-11	287.019954	0.1000001	5.27028E-05	287.019954
8.59999	5.96E-11	287.044454	0.1000001	5.3454E-05	287.044454
8.69999	5.94E-11	287.069018	0.1000001	5.42067E-05	287.069018
8.79999	5.92E-11	287.093557	0.1000001	5.49609E-05	287.093557
8.89999	5.98E-11	287.118074	0.0999999	5.57177E-05	287.118074
8.99999	5.96E-11	287.142616	0.1000002	5.64749E-05	287.142616
9.09999	5.99E-11	287.167169	0.1000002	5.7234E-05	287.167169
9.19999	5.99E-11	287.191689	0.1	5.79954E-05	287.191689
9.29999	6.05E-11	287.216227	0.1000002	5.87567E-05	287.216227
9.39999	6.05E-11	287.240723	0.1000001	5.95222E-05	287.240723
9.49999	6.04E-11	287.26524	0.1000003	6.02891E-05	287.26524
9.59999	6.04E-11	287.289868	0.1000003	6.10583E-05	287.289868
9.69999	5.41E-11	287.349591	0.1000002	6.18206E-05	287.349591
9.79999	5.93E-11	287.374144	0.1	6.25955E-05	287.374144
9.89999	5.96E-11	287.398721	0.0999999	6.33695E-05	287.398721
9.99999	6E-11	287.423254	0.1000001	6.41444E-05	287.423254
9.9	4.78E-11	287.447818	0.0999999	6.33531E-05	287.447818
9.8	4.4E-11	287.472384	0.0999999	6.25689E-05	287.472384
9.7	4.19E-11	287.496887	0.1000001	6.17874E-05	287.496887
9.6	4.04E-11	287.521408	0.1	6.10081E-05	287.521408
9.5	3.85E-11	287.545911	0.1	6.023E-05	287.545911
9.4	3.77E-11	287.570454	0.1000001	5.94559E-05	287.570454
9.3	3.68E-11	287.594996	0.1	5.86836E-05	287.594996
9.2	3.62E-11	287.619565	0.1000001	5.79117E-05	287.619565
9.1	3.48E-11	287.644069	0.0999999	5.71429E-05	287.644069
9	3.43E-11	287.668599	0.1	5.63756E-05	287.668599
8.9	3.37E-11	287.693145	0.0999998	5.56123E-05	287.693145
8.8	3.24E-11	287.717663	0.0999999	5.4847E-05	287.717663
8.7	3.23E-11	287.742238	0.0999999	5.40838E-05	287.742238
8.6	3.17E-11	287.766764	0.0999999	5.33219E-05	287.766764
8.5	3.1E-11	287.79139	0.1	5.25622E-05	287.79139
8.4	3.64E-11	287.850755	0.1	5.18065E-05	287.850755
8.3	3.1E-11	287.875262	0.1	5.10487E-05	287.875262
8.2	3.07E-11	287.899827	0.0999999	5.02943E-05	287.899827
8.1	2.95E-11	287.924342	0.0999999	4.95414E-05	287.924342
8	2.88E-11	287.94896	0.1000001	4.87904E-05	287.94896
7.9	2.85E-11	287.973475	0.0999999	4.80411E-05	287.973475
7.8	2.83E-11	287.99803	0.1	4.72933E-05	287.99803
7.7	2.78E-11	288.022542	0.1	4.65479E-05	288.022542
7.6	2.75E-11	288.047057	0.0999997	4.58047E-05	288.047057
7.5	2.71E-11	288.071597	0.0999999	4.50631E-05	288.071597
7.4	2.61E-11	288.096123	0.0999998	4.43228E-05	288.096123
7.3	2.63E-11	288.12065	0.1000001	4.35835E-05	288.12065
7.2	2.6E-11	288.145162	0.0999999	4.28465E-05	288.145162
7.1	2.57E-11	288.169697	0.1000001	4.21118E-05	288.169697
7	2.65E-11	288.194501	0.0999999	4.13781E-05	288.194501
6.9	2.43E-11	288.219024	0.0999999	4.06472E-05	288.219024
6.8	2.39E-11	288.243562	0.0999998	3.99181E-05	288.243562
6.7	2.39E-11	288.268101	0.1	3.91903E-05	288.268101
6.6	2.3E-11	288.292709	0.1000001	3.84646E-05	288.292709
6.5	2.97E-11	288.3526	0.0999999	3.77449E-05	288.3526
6.4	2.5E-11	288.377185	0.0999998	3.70217E-05	288.377185
6.3	2.35E-11	288.401755	0.1000001	3.63006E-05	288.401755
6.2	2.33E-11	288.426315	0.0999999	3.55819E-05	288.426315
6.1	2.25E-11	288.450889	0.1000001	3.48646E-05	288.450889
6	2.16E-11	288.475396	0.1	3.41495E-05	288.475396
5.9	2.2E-11	288.499904	0.1	3.34373E-05	288.499904
5.8	2.07E-11	288.524447	0.0999999	3.27268E-05	288.524447
5.7	2.04E-11	288.548958	0.1	3.20177E-05	288.548958
5.6	2E-11	288.5735	0.0999999	3.13099E-05	288.5735
5.5	1.97E-11	288.598014	0.0999999	3.06048E-05	288.598014
5.4	1.92E-11	288.622531	0.1	2.99021E-05	288.622531
5.3	1.84E-11	288.647046	0.1	2.92011E-05	288.647046
5.2	1.84E-11	288.671589	0.1	2.85024E-05	288.671589
5.1	1.8E-11	288.696113	0.1	2.78056E-05	288.696113
5	1.74E-11	288.72069	0.0999999	2.71111E-05	288.72069
4.9	1.69E-11	288.745273	0.1000001	2.64185E-05	288.745273
4.8	1.64E-11	288.769786	0.0999999	2.57277E-05	288.769786
4.7	1.62E-11	288.794434	0.1	2.504E-05	288.794434
4.6	2.2E-11	288.853832	0.0999999	2.43589E-05	288.853832
4.5	1.72E-11	288.878371	0.1000001	2.36746E-05	288.878371
4.4	1.63E-11	288.902887	0.1	2.29926E-05	288.902887
4.3	1.56E-11	288.927458	0.0999999	2.23133E-05	288.927458
4.2	1.48E-11	288.952051	0.0999999	2.16363E-05	288.952051
4.1	1.39E-11	288.976582	0.0999999	2.09629E-05	288.976582
4	1.34E-11	289.001087	0.0999999	2.02911E-05	289.001087
3.9	1.31E-11	289.025621	0.1	1.96217E-05	289.025621
3.8	1.22E-11	289.050135	0.1	1.89551E-05	289.050135
3.7	1.18E-11	289.074703	0.0999999	1.8291E-05	289.074703
3.6	1.11E-11	289.0992	0.1	1.76304E-05	289.0992
3.5	1.04E-11	289.123729	0.1000001	1.6972E-05	289.123729
3.4	9.9E-12	289.14833	0.1	1.63164E-05	289.14833
3.3	9.2E-12	289.172869	0.1	1.56637E-05	289.172869
3.2	8.5E-12	289.197422	0.1	1.50149E-05	289.197422
3.1	7.7E-12	289.221955	0.0999999	1.43686E-05	289.221955
3	7E-12	289.246472	0.1	1.37255E-05	289.246472
2.9	6.5E-12	289.271021	0.1000001	1.30854E-05	289.271021
2.8	5.5E-12	289.295629	0.0999999	1.24498E-05	289.295629
2.7	1.16E-11	289.355646	0.1	1.18229E-05	289.355646
2.6	6.2E-12	289.380169	0.0999999	1.11933E-05	289.380169
2.5	5E-12	289.404761	0.1	1.05682E-05	289.404761
2.4	3.8E-12	289.429282	0.1	9.9482E-06	289.429282
2.3	2.3E-12	289.453862	0.0999999	9.3328E-06	289.453862
2.2	5.6E-12	289.481014	0.1000001	8.72429E-06	289.481014
2.099999	3.7E-12	289.507431	0.1	8.11875E-06	289.507431
2	-5E-13	289.531959	0.0999999	7.51959E-06	289.531959
1.9	-1.7E-12	289.556464	0.0999999	6.92766E-06	289.556464
1.8	-2.5E-12	289.581042	0.1	6.34315E-06	289.581042
1.7	-3.9E-12	289.605548	0.0999999	5.76648E-06	289.605548
1.6	-5.1E-12	289.630179	0.0999999	5.19989E-06	289.630179
1.5	-6.7E-12	289.654683	0.1	4.64423E-06	289.654683
1.4	-7.7E-12	289.679175	0.1	4.10195E-06	289.679175
1.3	-9.3E-12	289.703699	0.0999999	3.57475E-06	289.703699
1.2	-1.01E-11	289.728371	0.1000001	3.06616E-06	289.728371
1.1	-1.26E-11	289.752905	0.0999997	2.57935E-06	289.752905
1	-1.38E-11	289.777408	0.0999999	2.11977E-06	289.777408
0.9	-1.59E-11	289.802018	0.0999999	1.6916E-06	289.802018
0.8	-1.2E-11	289.8524	0.0999999	1.30542E-06	289.8524
0.7	-1.83E-11	289.876907	0.0999999	9.5482E-07	289.876907
0.6	-1.71E-11	289.90421	0.0999995	6.57585E-07	289.90421
0.5	-2.31E-11	289.928707	0.0999995	4.15444E-07	289.928707
0.4	-2.56E-11	289.953264	0.0999996	2.35829E-07	289.953264
0.3	-2.79E-11	289.977768	0.0999996	1.16587E-07	289.977768
0.1999998	-2.48E-11	290.017318	0.0999934	5.0048E-08	290.017318
0.099999	-4.61E-11	290.040515	0.1000038	1.71021E-08	290.040515
-1.1E-06	-4.91E-11	290.063724	0.1000013	4.9639E-09	290.063724
#scan	iMeasureCycle=3	iMux=0	time=319.834	N=401	LocalTime=19/04/2023 12:24:56
#VGate(V)	IGate(A)	time(s)	VDrain(V)	IDrain(A)	time(s)
-3E-07	-1.36E-11	319.841668	0.099996	9.2842E-09	319.841668
-0.100001	-3.57E-11	319.865264	0.1000011	2.2699E-09	319.865264
-0.2000012	-3.7E-11	319.88863	0.1000001	4.833E-10	319.88863
-0.300001	-4.29E-11	319.912093	0.1000002	8.49E-11	319.912093
-0.400001	-4.6E-11	319.935304	0.1000002	1.01E-11	319.935304
-0.500001	-4.63E-11	319.958588	0.1	-1.6E-12	319.958588
-0.600001	-4.91E-11	319.981858	0.1	-2.8E-12	319.981858
-0.700001	-5.26E-11	320.005065	0.1000003	-2.6E-12	320.005065
-0.800001	-5.44E-11	320.028285	0.1000002	-2.7E-12	320.028285
-0.900001	-5.59E-11	320.051502	0.1	-2.4E-12	320.051502
-1	-5.55E-11	320.074784	0.1000001	-2.6E-12	320.074784
-1.100001	-5.66E-11	320.098075	0.0999999	-2.7E-12	320.098075
-1.200001	-5.94E-11	320.121326	0.1000002	-2.4E-12	320.121326
-1.300001	-6.04E-11	320.144539	0.1	-1.9E-12	320.144539
-1.400001	-6.08E-11	320.167765	0.1000001	-2.1E-12	320.167765
-1.500001	-6.03E-11	320.191046	0.1000001	-2.5E-12	320.191046
-1.600001	-6.28E-11	320.214261	0.1000002	-1.8E-12	320.214261
-1.7	-6.36E-11	320.23747	0.1000001	-2.3E-12	320.23747
-1.800001	-6.26E-11	320.260757	0.1000002	-2.3E-12	320.260757
-1.900001	-6.31E-11	320.284028	0.1000001	-2.1E-12	320.284028
-2.000001	-6.55E-11	320.307245	0.1000001	-1.4E-12	320.307245
-2.100001	-6.53E-11	320.330495	0.1000001	-1.9E-12	320.330495
-2.2	-6.4E-11	320.354081	0.1	-1.9E-12	320.354081
-2.3	-4.55E-11	320.406471	0.0999999	-3.2E-12	320.406471
-2.4	-6.33E-11	320.429792	0.1000002	-1.7E-12	320.429792
-2.5	-6.44E-11	320.453138	0.1000001	-1.7E-12	320.453138
-2.6	-6.71E-11	320.476412	0.1000001	-1.6E-12	320.476412
-2.7	-6.76E-11	320.499765	0.1000001	-1.7E-12	320.499765
-2.8	-6.67E-11	320.523061	0.1	-1.7E-12	320.523061
-2.9	-6.7E-11	320.546345	0.1000001	-1.7E-12	320.546345
-3	-6.93E-11	320.569552	0.1000002	-1.4E-12	320.569552
-3.1	-7.02E-11	320.592763	0.1000002	-1.5E-12	320.592763
-3.2	-6.87E-11	320.616076	0.1000002	-1.4E-12	320.616076
-3.3	-6.88E-11	320.639369	0.1000001	-1E-12	320.639369
-3.4	-7.1E-11	320.662573	0.1000002	-1.4E-12	320.662573
-3.5	-7.15E-11	320.685781	0.1	-1.1E-12	320.685781
-3.6	-6.98E-11	320.709081	0.1000002	-1.4E-12	320.709081
-3.7	-7E-11	320.732382	0.1000001	-1.2E-12	320.732382
-3.8	-7.22E-11	320.755599	0.1000002	-1E-12	320.755599
-3.9	-7.23E-11	320.7789	0.1000002	-1.4E-12	320.7789
-4	-7.08E-11	320.802198	0.1000001	-1.1E-12	320.802198
-4.1	-7.13E-11	320.825479	0.1	-1.5E-12	320.825479
-4.2	-7.32E-11	320.848786	0.1000001	-1E-12	320.848786
-4.3	-5.21E-11	320.905243	0.1000001	-2.6E-12	320.905243
-4.4	-6.93E-11	320.928573	0.1	-1.3E-12	320.928573
-4.5	-7.21E-11	320.951788	0.0999999	-1.2E-12	320.951788
-4.6	-7.34E-11	320.975016	0.1	-1.3E-12	320.975016
-4.7	-7.16E-11	320.998363	0.1000001	-1.6E-12	320.998363
-4.8	-7.2E-11	321.021669	0.1000002	-9E-13	321.021669
-4.9	-7.44E-11	321.044875	0.1000002	-9E-13	321.044875
-5	-7.49E-11	321.068082	0.1000002	-7E-13	321.068082
-5.1	-7.38E-11	321.091368	0.1000001	-9E-13	321.091368
-5.2	-7.47E-11	321.114679	0.1000001	-1E-12	321.114679
-5.3	-7.53E-11	321.1379	0.1000001	-9E-13	321.1379
-5.4	-7.37E-11	321.161195	0.1000002	-1.3E-12	321.161195
-5.5	-7.45E-11	321.184482	0.1	-1.3E-12	321.184482
-5.6	-7.62E-11	321.207769	0.1000003	-1E-12	321.207769
-5.7	-7.6E-11	321.230991	0.1000002	-9E-13	321.230991
-5.8	-7.5E-11	321.254284	0.1000001	-1.2E-12	321.254284
-5.9	-7.49E-11	321.277556	0.1000002	-1.4E-12	321.277556
-6	-7.64E-11	321.300762	0.1000002	-1.5E-12	321.300762
-6.1	-7.67E-11	321.32399	0.1000002	-1E-12	321.32399
-6.2	-7.6E-11	321.347356	0.1	-1.4E-12	321.347356
-6.3	-5.65E-11	321.406436	0.0999999	-2.4E-12	321.406436
-6.4	-7.44E-11	321.429764	0.1000003	-1.1E-12	321.429764
-6.5	-7.64E-11	321.453055	0.0999999	-4E-13	321.453055
-6.6	-7.74E-11	321.476277	0.1	-7E-13	321.476277
-6.7	-7.6E-11	321.499616	0.1	-8E-13	321.499616
-6.8	-7.61E-11	321.522937	0.1000004	-1.1E-12	321.522937
-6.9	-7.81E-11	321.546148	0.1000003	-5E-13	321.546148
-7	-7.88E-11	321.569359	0.1000001	-6E-13	321.569359
-7.1	-7.66E-11	321.592649	0.1000001	-1.2E-12	321.592649
-7.2	-7.89E-11	321.615866	0.1000003	-6E-13	321.615866
-7.3	-7.92E-11	321.639091	0.1000002	-8E-13	321.639091
-7.4	-7.97E-11	321.6623	0.1000002	-8E-13	321.6623
-7.5	-7.76E-11	321.685595	0.1000002	-7E-13	321.685595
-7.6	-7.81E-11	321.708856	0.1000001	-9E-13	321.708856
-7.7	-8E-11	321.73209	0.1000001	-8E-13	321.73209
-7.8	-7.88E-11	321.755385	0.1	-5E-13	321.755385
-7.9	-7.85E-11	321.778777	0.1000002	-7E-13	321.778777
-8	-8.01E-11	321.801999	0.1000002	-5E-13	321.801999
-8.1	-7.94E-11	321.825261	0.1	-6E-13	321.825261
-8.2	-7.79E-11	321.848674	0.1000003	-7E-13	321.848674
-8.3	-6.01E-11	321.907891	0.0999999	-2E-12	321.907891
-8.4	-7.96E-11	321.931132	0.1000001	0	321.931132
-8.5	-8E-11	321.954346	0.1	1E-13	321.954346
-8.6	-8.05E-11	321.977568	0.1000001	-5E-13	321.977568
-8.7	-7.92E-11	322.000908	0.1000003	-3E-13	322.000908
-8.8	-7.85E-11	322.024216	0.0999999	-7E-13	322.024216
-8.9	-8.13E-11	322.047431	0.1000001	-5E-13	322.047431
-9	-7.98E-11	322.070725	0.1	-6E-13	322.070725
-9.1	-8E-11	322.094007	0.1000002	-4E-13	322.094007
-9.2	-8.2E-11	322.117671	0.1000003	-2E-13	322.117671
-9.3	-8.06E-11	322.140971	0.1	-2E-13	322.140971
-9.4	-8.08E-11	322.164261	0.1000001	-4E-13	322.164261
-9.5	-8.11E-11	322.187546	0.1000002	-4E-13	322.187546
-9.6	-8.24E-11	322.210773	0.0999999	-6E-13	322.210773
-9.7	-8.16E-11	322.23407	0.1000002	-6E-13	322.23407
-9.8	-8.28E-11	322.257287	0.1000002	1E-13	322.257287
-9.9	-8.31E-11	322.280495	0.1000001	0	322.280495
-10	-8.16E-11	322.303781	0.0999998	-6E-13	322.303781
-9.90001	-4.3E-11	322.327084	0.0999996	-3.8E-12	322.327084
-9.80001	-3.84E-11	322.350401	0.0999999	-4.1E-12	322.350401
-9.70001	-5.41E-11	322.409311	0.0999999	-2.3E-12	322.409311
-9.60001	-3.42E-11	322.432569	0.0999999	-3.7E-12	322.432569
-9.50001	-3.21E-11	322.45584	0.0999997	-3.7E-12	322.45584
-9.40001	-3.2E-11	322.479125	0.0999996	-3.9E-12	322.479125
-9.30001	-3.12E-11	322.502473	0.0999998	-3.6E-12	322.502473
-9.20001	-2.87E-11	322.525703	0.0999997	-3.7E-12	322.525703
-9.10001	-2.77E-11	322.548918	0.0999998	-4.2E-12	322.548918
-9.00001	-2.91E-11	322.572239	0.0999998	-4.2E-12	322.572239
-8.90001	-2.75E-11	322.595523	0.0999998	-3.9E-12	322.595523
-8.80001	-2.58E-11	322.618993	0.0999996	-4.2E-12	322.618993
-8.70001	-2.7E-11	322.642298	0.0999998	-4.4E-12	322.642298
-8.60001	-2.39E-11	322.665499	0.0999998	-4.1E-12	322.665499
-8.50001	-2.37E-11	322.688726	0.0999997	-4E-12	322.688726
-8.40001	-2.27E-11	322.711935	0.0999998	-4.4E-12	322.711935
-8.30001	-2.29E-11	322.735154	0.0999997	-4.2E-12	322.735154
-8.20001	-2.42E-11	322.758462	0.0999997	-4.1E-12	322.758462
-8.10001	-2.2E-11	322.781753	0.0999997	-4.3E-12	322.781753
-8.00001	-2.13E-11	322.804964	0.0999996	-4.2E-12	322.804964
-7.90001	-2.27E-11	322.828256	0.0999998	-4.4E-12	322.828256
-7.80001	-2.02E-11	322.851573	0.0999997	-4.4E-12	322.851573
-7.70001	-4.12E-11	322.910804	0.0999999	-2.3E-12	322.910804
-7.6	-2.16E-11	322.934048	0.0999997	-4E-12	322.934048
-7.50001	-2.21E-11	322.957354	0.0999998	-4.1E-12	322.957354
-7.40001	-2.1E-11	322.980626	0.0999999	-4E-12	322.980626
-7.30001	-1.86E-11	323.003902	0.0999997	-4E-12	323.003902
-7.2	-1.85E-11	323.027114	0.0999996	-3.8E-12	323.027114
-7.10001	-2.09E-11	323.050459	0.1000001	-4.3E-12	323.050459
-7.00001	-1.95E-11	323.073748	0.0999997	-4.1E-12	323.073748
-6.90001	-1.69E-11	323.097037	0.0999997	-4.2E-12	323.097037
-6.80001	-1.87E-11	323.120695	0.0999997	-4E-12	323.120695
-6.70001	-1.66E-11	323.14392	0.0999996	-4.3E-12	323.14392
-6.60001	-1.61E-11	323.167132	0.0999997	-4.6E-12	323.167132
-6.50001	-1.75E-11	323.190425	0.0999999	-4.6E-12	323.190425
-6.40001	-1.64E-11	323.2137	0.0999999	-4.8E-12	323.2137
-6.30001	-1.47E-11	323.236919	0.0999997	-4.8E-12	323.236919
-6.20001	-1.51E-11	323.260166	0.0999995	-4.9E-12	323.260166
-6.10001	-1.57E-11	323.283456	0.0999996	-4.7E-12	323.283456
-6.00001	-1.55E-11	323.306742	0.0999998	-4.5E-12	323.306742
-5.90001	-1.3E-11	323.32998	0.0999999	-4.7E-12	323.32998
-5.80001	-1.28E-11	323.353274	0.0999998	-4.8E-12	323.353274
-5.70001	-3.33E-11	323.412233	0.0999997	-3.5E-12	323.412233
-5.60001	-1.56E-11	323.435545	0.0999996	-4.9E-12	323.435545
-5.50001	-1.5E-11	323.458899	0.0999997	-4.9E-12	323.458899
-5.40001	-1.27E-11	323.48211	0.0999996	-4.9E-12	323.48211
-5.30001	-1.19E-11	323.505376	0.0999996	-5.2E-12	323.505376
-5.20001	-1.11E-11	323.528589	0.0999996	-5.1E-12	323.528589
-5.1	-1.24E-11	323.551888	0.0999998	-4.8E-12	323.551888
-5.00001	-1.01E-11	323.575086	0.0999998	-5.1E-12	323.575086
-4.90001	-9.5E-12	323.598304	0.0999998	-5.5E-12	323.598304
-4.80001	-1.09E-11	323.621836	0.1	-5.3E-12	323.621836
-4.7	-8.3E-12	323.645053	0.0999998	-5.3E-12	323.645053
-4.60001	-8.1E-12	323.668276	0.0999998	-5.4E-12	323.668276
-4.50001	-8E-12	323.691484	0.0999996	-5.7E-12	323.691484
-4.40001	-9.2E-12	323.71477	0.0999998	-5.5E-12	323.71477
-4.3	-8.8E-12	323.738073	0.0999996	-5.3E-12	323.738073
-4.20001	-6.6E-12	323.761284	0.0999998	-5.7E-12	323.761284
-4.10001	-5.9E-12	323.784582	0.0999998	-5.5E-12	323.784582
-4.00001	-7.3E-12	323.80788	0.0999997	-5.5E-12	323.80788
-3.90001	-5E-12	323.831078	0.0999997	-6.1E-12	323.831078
-3.80001	-4.7E-12	323.854373	0.0999997	-6E-12	323.854373
-3.70001	-2.5E-11	323.913596	0.0999997	-3.7E-12	323.913596
-3.60001	-7.1E-12	323.936917	0.0999998	-5.3E-12	323.936917
-3.50001	-6E-12	323.960206	0.0999997	-4.9E-12	323.960206
-3.40001	-3.7E-12	323.983406	0.0999997	-5.6E-12	323.983406
-3.30001	-3E-12	324.006666	0.0999997	-5.7E-12	324.006666
-3.20001	-3.4E-12	324.029959	0.0999996	-5.5E-12	324.029959
-3.10001	-3E-12	324.05325	0.0999998	-5.9E-12	324.05325
-3.00001	-6E-13	324.076453	0.0999997	-6.2E-12	324.076453
-2.90001	-2E-13	324.099667	0.0999997	-6E-12	324.099667
-2.80001	9E-13	324.123221	0.0999997	-5.9E-12	324.123221
-2.70001	7E-13	324.146449	0.0999997	-6.2E-12	324.146449
-2.60001	1.7E-12	324.169687	0.0999997	-6.4E-12	324.169687
-2.50001	1.3E-12	324.192983	0.0999997	-6.5E-12	324.192983
-2.40001	1.7E-12	324.216262	0.0999997	-6.5E-12	324.216262
-2.30001	4E-12	324.239533	0.0999994	-6.5E-12	324.239533
-2.20001	5.6E-12	324.262744	0.0999999	-6.1E-12	324.262744
-2.099999	-1.12E-11	324.28794	0.0999998	-5.1E-12	324.28794
-2	5.9E-12	324.311145	0.0999997	-6.7E-12	324.311145
-1.9	6.6E-12	324.334384	0.0999999	-6.7E-12	324.334384
-1.8	7.6E-12	324.35768	0.0999997	-7.1E-12	324.35768
-1.700001	-1.25E-11	324.411143	0.1	-5.1E-12	324.411143
-1.6	6.3E-12	324.434452	0.0999996	-6.6E-12	324.434452
-1.5	8.9E-12	324.457777	0.0999997	-7E-12	324.457777
-1.4	1.03E-11	324.480994	0.0999999	-7.2E-12	324.480994
-1.3	1.01E-11	324.504335	0.0999998	-7.3E-12	324.504335
-1.2	1.12E-11	324.527622	0.0999998	-7.6E-12	324.527622
-1.1	1.39E-11	324.550841	0.0999996	-7.8E-12	324.550841
-1	1.56E-11	324.574063	0.0999998	-7.9E-12	324.574063
-0.9	1.45E-11	324.597344	0.0999997	-7.9E-12	324.597344
-0.8	1.59E-11	324.620641	0.0999996	-8.1E-12	324.620641
-0.7	1.94E-11	324.643874	0.0999998	-8.4E-12	324.643874
-0.599999	2.08E-11	324.667073	0.0999998	-7.9E-12	324.667073
-0.5	2.07E-11	324.690358	0.0999996	-3.8E-12	324.690358
-0.4	2.2E-11	324.713647	0.0999998	2.52E-11	324.713647
-0.3	2.54E-11	324.736868	0.1000001	1.833E-10	324.736868
-0.1999998	1.03E-11	324.761971	0.1000005	8.766E-10	324.761971
-0.099999	2.73E-11	324.785337	0.1000018	3.5969E-09	324.785337
1.3E-06	2.88E-11	324.808612	0.1000058	1.2546E-08	324.808612
0.1000008	3.29E-11	324.831794	0.1000115	3.68771E-08	324.831794
0.200001	3.45E-11	324.855071	0.1000139	9.09934E-08	324.855071
0.299999	1.27E-11	324.931964	0.0999999	1.80124E-07	324.931964
0.4	2.03E-11	324.956485	0.1000007	3.3855E-07	324.956485
0.5	2.28E-11	324.981006	0.1000009	5.55943E-07	324.981006
0.599999	2.23E-11	325.006485	0.1000011	8.30354E-07	325.006485
0.699999	2.23E-11	325.041038	0.1000001	1.15185E-06	325.041038
0.799999	2.81E-11	325.065551	0.1000003	1.52859E-06	325.065551
0.9	3.06E-11	325.090048	0.1	1.94269E-06	325.090048
0.999999	3.2E-11	325.1147	0.1000004	2.39035E-06	325.1147
1.1	3.37E-11	325.139263	0.1000001	2.86625E-06	325.139263
1.2	3.59E-11	325.163896	0.1000001	3.36642E-06	325.163896
1.3	3.77E-11	325.188382	0.1000004	3.88652E-06	325.188382
1.4	3.91E-11	325.212918	0.1000002	4.42348E-06	325.212918
1.5	4.06E-11	325.237411	0.1000002	4.97436E-06	325.237411
1.6	4.18E-11	325.261932	0.0999999	5.53691E-06	325.261932
1.699999	4.26E-11	325.286455	0.1000002	6.10898E-06	325.286455
1.8	4.38E-11	325.310953	0.0999999	6.68983E-06	325.310953
1.899999	4.42E-11	325.335466	0.1000002	7.27852E-06	325.335466
2	4.46E-11	325.360098	0.1000001	7.87412E-06	325.360098
2.099999	3.76E-11	325.425947	0.1	8.46314E-06	325.425947
2.19999	4.33E-11	325.450748	0.0999999	9.07502E-06	325.450748
2.29999	4.49E-11	325.475288	0.1000001	9.68902E-06	325.475288
2.39999	4.6E-11	325.499829	0.1000001	1.030746E-05	325.499829
2.49999	4.13E-11	325.53448	0.1000001	1.09248E-05	325.53448
2.59999	4.66E-11	325.559009	0.1	1.15523E-05	325.559009
2.69999	4.73E-11	325.58353	0.1000001	1.21831E-05	325.58353
2.79999	4.79E-11	325.608079	0.1000003	1.28169E-05	325.608079
2.89999	4.81E-11	325.632646	0.1	1.34542E-05	325.632646
2.99999	4.91E-11	325.657153	0.0999999	1.40948E-05	325.657153
3.09999	4.91E-11	325.681674	0.1	1.47385E-05	325.681674
3.19999	5.02E-11	325.706167	0.1000001	1.53855E-05	325.706167
3.29999	5.02E-11	325.730682	0.1	1.60351E-05	325.730682
3.39999	5.07E-11	325.755184	0.1	1.66872E-05	325.755184
3.49999	5.1E-11	325.779711	0.1000001	1.73422E-05	325.779711
3.59999	5.17E-11	325.804282	0.1	1.80002E-05	325.804282
3.69999	5.18E-11	325.82881	0.1	1.86608E-05	325.82881
3.79999	5.21E-11	325.853366	0.1000001	1.93239E-05	325.853366
3.89999	5.2E-11	325.877885	0.1	1.99884E-05	325.877885
3.99999	4.65E-11	325.922091	0.1000001	2.06503E-05	325.922091
4.09999	5.13E-11	325.946608	0.0999998	2.13216E-05	325.946608
4.19999	5.19E-11	325.971128	0.1	2.19944E-05	325.971128
4.29999	5.26E-11	325.995637	0.1	2.2669E-05	325.995637
4.39999	5.27E-11	326.020225	0.1000002	2.33455E-05	326.020225
4.49999	5.34E-11	326.044743	0.1	2.40235E-05	326.044743
4.59999	5.37E-11	326.069263	0.1000001	2.47041E-05	326.069263
4.69999	5.41E-11	326.093771	0.1	2.53869E-05	326.093771
4.79999	5.42E-11	326.118275	0.1	2.60707E-05	326.118275
4.89999	5.45E-11	326.14281	0.1000001	2.67565E-05	326.14281
4.99999	5.47E-11	326.167366	0.1	2.74444E-05	326.167366
5.09999	5.55E-11	326.191874	0.1000001	2.81342E-05	326.191874
5.19999	5.56E-11	326.216383	0.1000001	2.88255E-05	326.216383
5.29999	5.5E-11	326.240929	0.1	2.95183E-05	326.240929
5.39999	5.53E-11	326.265438	0.1	3.02128E-05	326.265438
5.49999	5.54E-11	326.289969	0.0999999	3.09101E-05	326.289969
5.59999	5.59E-11	326.314477	0.1	3.16089E-05	326.314477
5.69999	5.58E-11	326.339	0.1	3.23094E-05	326.339
5.79999	5.6E-11	326.363596	0.1	3.30112E-05	326.363596
5.89999	5E-11	326.419238	0.1000001	3.37059E-05	326.419238
5.99999	5.47E-11	326.443756	0.1000001	3.44144E-05	326.443756
6.09999	5.54E-11	326.468345	0.1000002	3.51234E-05	326.468345
6.19999	5.54E-11	326.492899	0.0999999	3.58335E-05	326.492899
6.29999	5.61E-11	326.517513	0.1000002	3.65456E-05	326.517513
6.39999	5.64E-11	326.542017	0.1000002	3.72586E-05	326.542017
6.49999	5.64E-11	326.56653	0.1000001	3.79736E-05	326.56653
6.59999	5.7E-11	326.591039	0.1000001	3.86908E-05	326.591039
6.69999	5.73E-11	326.615551	0.1000001	3.94093E-05	326.615551
6.79999	5.79E-11	326.640085	0.1000001	4.01297E-05	326.640085
6.89999	5.77E-11	326.664591	0.0999999	4.0852E-05	326.664591
6.99999	5.76E-11	326.689106	0.1000001	4.1575E-05	326.689106
7.09999	5.76E-11	326.713624	0.1000001	4.23017E-05	326.713624
7.19999	5.73E-11	326.738131	0.1000002	4.30287E-05	326.738131
7.29999	5.83E-11	326.762649	0.1000001	4.37573E-05	326.762649
7.39999	5.81E-11	326.787217	0.0999999	4.44881E-05	326.787217
7.49999	5.79E-11	326.811735	0.1000001	4.52205E-05	326.811735
7.59999	5.82E-11	326.83625	0.1000003	4.59554E-05	326.83625
7.69999	5.86E-11	326.860863	0.1000001	4.66905E-05	326.860863
7.79999	5.1E-11	326.922751	0.1000001	4.74156E-05	326.922751
7.89999	5.66E-11	326.947307	0.0999999	4.81591E-05	326.947307
7.99999	5.7E-11	326.971839	0.1	4.89026E-05	326.971839
8.09999	5.73E-11	326.996365	0.0999999	4.9646E-05	326.996365
8.19999	5.79E-11	327.02094	0.0999999	5.03906E-05	327.02094
8.29999	5.82E-11	327.045443	0.1000002	5.11378E-05	327.045443
8.39999	5.86E-11	327.069956	0.1	5.18867E-05	327.069956
8.49999	5.96E-11	327.094498	0.1000001	5.26367E-05	327.094498
8.59999	5.88E-11	327.119192	0.1	5.33878E-05	327.119192
8.69999	5.95E-11	327.14375	0.1000001	5.41404E-05	327.14375
8.79999	5.95E-11	327.16828	0.0999999	5.48962E-05	327.16828
8.89999	5.98E-11	327.192801	0.1	5.56518E-05	327.192801
8.99999	6.01E-11	327.217332	0.1	5.64104E-05	327.217332
9.09999	6.01E-11	327.241865	0.1	5.71693E-05	327.241865
9.19999	6.01E-11	327.266404	0.0999999	5.79316E-05	327.266404
9.29999	6.02E-11	327.290967	0.1000002	5.86922E-05	327.290967
9.39999	6.03E-11	327.315507	0.1000001	5.94583E-05	327.315507
9.49999	6.05E-11	327.340016	0.1000001	6.02258E-05	327.340016
9.59999	6.06E-11	327.364619	0.1	6.09948E-05	327.364619
9.69999	5.47E-11	327.426402	0.1	6.17566E-05	327.426402
9.79999	5.91E-11	327.450949	0.1	6.25312E-05	327.450949
9.89999	5.97E-11	327.475509	0.1	6.33052E-05	327.475509
9.99999	6.01E-11	327.500032	0.1000001	6.40818E-05	327.500032
9.9	4.72E-11	327.524592	0.1	6.32913E-05	327.524592
9.8	4.41E-11	327.549096	0.1000001	6.25067E-05	327.549096
9.7	4.19E-11	327.573556	0.1	6.1724E-05	327.573556
9.6	4.06E-11	327.598072	0.1	6.09446E-05	327.598072
9.5	3.92E-11	327.622582	0.1	6.01684E-05	327.622582
9.4	3.76E-11	327.647159	0.0999999	5.93929E-05	327.647159
9.3	3.63E-11	327.671666	0.0999998	5.86205E-05	327.671666
9.2	3.56E-11	327.696233	0.1	5.78491E-05	327.696233
9.1	3.51E-11	327.720728	0.1	5.70805E-05	327.720728
9	3.41E-11	327.745291	0.0999999	5.63129E-05	327.745291
8.9	3.33E-11	327.769798	0.1	5.555E-05	327.769798
8.8	3.27E-11	327.794425	0.1	5.47848E-05	327.794425
8.7	3.22E-11	327.818967	0.1000001	5.40215E-05	327.818967
8.6	3.12E-11	327.843484	0.1000002	5.32598E-05	327.843484
8.5	3.06E-11	327.868095	0.0999999	5.24998E-05	327.868095
8.4	3.64E-11	327.928124	0.1	5.17446E-05	327.928124
8.3	3.08E-11	327.952643	0.1	5.09866E-05	327.952643
8.2	2.99E-11	327.977157	0.0999999	5.02321E-05	327.977157
8.1	2.91E-11	328.001673	0.0999999	4.94799E-05	328.001673
8	2.91E-11	328.02624	0.1	4.8729E-05	328.02624
7.9	2.85E-11	328.050759	0.0999999	4.79794E-05	328.050759
7.8	2.79E-11	328.075256	0.1	4.7232E-05	328.075256
7.7	2.75E-11	328.099787	0.0999999	4.64865E-05	328.099787
7.6	2.71E-11	328.124318	0.1000002	4.57433E-05	328.124318
7.5	2.65E-11	328.148864	0.0999999	4.50005E-05	328.148864
7.4	2.61E-11	328.173506	0.0999998	4.42608E-05	328.173506
7.3	2.58E-11	328.198025	0.0999997	4.35223E-05	328.198025
7.2	2.56E-11	328.222541	0.1000001	4.27854E-05	328.222541
7.1	2.52E-11	328.247043	0.1	4.20504E-05	328.247043
7	2.47E-11	328.271551	0.1	4.13171E-05	328.271551
6.9	2.52E-11	328.296132	0.0999998	4.05862E-05	328.296132
6.8	2.39E-11	328.32067	0.1000001	3.98562E-05	328.32067
6.7	2.32E-11	328.345172	0.0999999	3.91279E-05	328.345172
6.6	2.3E-11	328.36978	0.0999998	3.84019E-05	328.36978
6.5	2.88E-11	328.429126	0.1000001	3.76823E-05	328.429126
6.4	2.41E-11	328.453699	0.0999998	3.69588E-05	328.453699
6.3	2.28E-11	328.478273	0.1000001	3.62383E-05	328.478273
6.2	2.25E-11	328.502807	0.0999999	3.552E-05	328.502807
6.1	2.2E-11	328.527378	0.1	3.48026E-05	328.527378
6	2.21E-11	328.551896	0.0999999	3.40873E-05	328.551896
5.9	2.1E-11	328.5764	0.0999996	3.33748E-05	328.5764
5.8	2.11E-11	328.601048	0.1000001	3.26634E-05	328.601048
5.7	2.07E-11	328.625564	0.1	3.19544E-05	328.625564
5.6	2.02E-11	328.650105	0.0999999	3.12475E-05	328.650105
5.5	1.94E-11	328.674604	0.0999998	3.05431E-05	328.674604
5.4	1.91E-11	328.699168	0.1000001	2.98401E-05	328.699168
5.3	1.87E-11	328.723681	0.1000001	2.91394E-05	328.723681
5.2	1.81E-11	328.748196	0.1	2.84402E-05	328.748196
5.1	1.78E-11	328.77271	0.0999997	2.77438E-05	328.77271
5	1.71E-11	328.797303	0.1	2.70493E-05	328.797303
4.9	1.67E-11	328.821832	0.1	2.63566E-05	328.821832
4.8	1.58E-11	328.84634	0.1	2.56664E-05	328.84634
4.7	1.57E-11	328.870961	0.0999999	2.49785E-05	328.870961
4.6	2.2E-11	328.930855	0.0999998	2.42975E-05	328.930855
4.5	1.69E-11	328.955378	0.1	2.36132E-05	328.955378
4.4	1.6E-11	328.979917	0.1000001	2.29316E-05	328.979917
4.3	1.51E-11	329.004429	0.1	2.22523E-05	329.004429
4.2	1.45E-11	329.029003	0.0999999	2.15751E-05	329.029003
4.1	1.38E-11	329.053518	0.0999999	2.09014E-05	329.053518
4	1.29E-11	329.078026	0.1	2.02288E-05	329.078026
3.9	1.29E-11	329.102627	0.1000001	1.95599E-05	329.102627
3.8	1.2E-11	329.127177	0.1	1.88932E-05	329.127177
3.7	1.14E-11	329.15173	0.1000001	1.82294E-05	329.15173
3.6	1.02E-11	329.176246	0.0999999	1.75682E-05	329.176246
3.5	1.01E-11	329.200755	0.0999996	1.69096E-05	329.200755
3.4	9.4E-12	329.225289	0.0999999	1.62542E-05	329.225289
3.3	8.9E-12	329.249835	0.1000002	1.56019E-05	329.249835
3.2	8.1E-12	329.27437	0.1	1.49529E-05	329.27437
3.1	6.8E-12	329.298886	0.0999999	1.43063E-05	329.298886
3	6.6E-12	329.323421	0.0999999	1.36634E-05	329.323421
2.9	5.7E-12	329.347977	0.0999999	1.3024E-05	329.347977
2.8	5.3E-12	329.372546	0.1000002	1.23886E-05	329.372546
2.7	1.1E-11	329.432656	0.0999999	1.17621E-05	329.432656
2.6	5.1E-12	329.45718	0.1000001	1.11326E-05	329.45718
2.5	4.3E-12	329.481778	0.1	1.05076E-05	329.481778
2.4	2.9E-12	329.50629	0.1	9.8883E-06	329.50629
2.3	2.1E-12	329.530873	0.1	9.2727E-06	329.530873
2.2	4.7E-12	329.55798	0.0999999	8.66447E-06	329.55798
2.099999	3.5E-12	329.584372	0.0999999	8.05954E-06	329.584372
2	-1.1E-12	329.608923	0.1	7.46068E-06	329.608923
1.9	-2.1E-12	329.633436	0.1	6.86918E-06	329.633436
1.8	-3.1E-12	329.657963	0.1	6.28488E-06	329.657963
1.7	-4.7E-12	329.682467	0.0999999	5.70947E-06	329.682467
1.6	-5.6E-12	329.707016	0.1	5.14312E-06	329.707016
1.5	-6.6E-12	329.73154	0.0999999	4.58893E-06	329.73154
1.4	-8.2E-12	329.756039	0.1	4.04758E-06	329.756039
1.3	-9.7E-12	329.780553	0.0999998	3.52178E-06	329.780553
1.2	-1.08E-11	329.805179	0.1000002	3.01496E-06	329.805179
1.1	-1.31E-11	329.829703	0.0999999	2.53089E-06	329.829703
1	-1.44E-11	329.854225	0.1000001	2.07384E-06	329.854225
0.9	-1.59E-11	329.878831	0.0999998	1.64908E-06	329.878831
0.8	-1.13E-11	329.933767	0.1000001	1.26828E-06	329.933767
0.7	-1.86E-11	329.958271	0.0999999	9.2163E-07	329.958271
0.6	-1.71E-11	329.985596	0.0999995	6.29419E-07	329.985596
0.5	-2.23E-11	330.010146	0.0999996	3.93762E-07	330.010146
0.4	-2.53E-11	330.034694	0.0999996	2.20614E-07	330.034694
0.3	-2.78E-11	330.05922	0.0999996	1.07348E-07	330.05922
0.1999998	-2.45E-11	330.098755	0.0999945	4.5268E-08	330.098755
0.0999988	-4.65E-11	330.121955	0.1000033	1.519E-08	330.121955
-1.4E-06	-4.89E-11	330.145197	0.1000014	4.3642E-09	330.145197
