#scan	iMeasureCycle=1	iMux=0	time=0.021	N=401	LocalTime=20/04/2023 02:31:41
#VGate(V)	IGate(A)	time(s)	VDrain(V)	IDrain(A)	time(s)
-3E-07	-1.532E-10	0.023894	0.0999999	1.62524E-05	0.023894
-0.1000003	-2.116E-10	0.04881	0.1000002	1.54499E-05	0.04881
-0.2000004	-2.603E-10	0.073342	0.0999999	1.46531E-05	0.073342
-0.300001	-1.914E-10	0.098177	0.1000001	1.38606E-05	0.098177
-0.4	-1.094E-10	0.122685	0.1	1.30735E-05	0.122685
-0.5	-8.44E-11	0.14733	0.1000001	1.22924E-05	0.14733
-0.6	-7.23E-11	0.171863	0.0999999	1.15178E-05	0.171863
-0.7	-6.55E-11	0.196393	0.0999999	1.075E-05	0.196393
-0.8	-6.09E-11	0.220916	0.0999997	9.9907E-06	0.220916
-0.9	-5.77E-11	0.245449	0.1000001	9.242E-06	0.245449
-0.999999	-5.16E-11	0.272506	0.0999998	8.50826E-06	0.272506
-1.1	-5.43E-11	0.297019	0.1	7.78261E-06	0.297019
-1.2	-5.35E-11	0.321547	0.1	7.0722E-06	0.321547
-1.3	-5.28E-11	0.346064	0.1000001	6.37956E-06	0.346064
-1.4	-5.23E-11	0.370618	0.0999999	5.70675E-06	0.370618
-1.5	-5.26E-11	0.395138	0.0999999	5.05742E-06	0.395138
-1.6	-5.2E-11	0.419768	0.0999999	4.43498E-06	0.419768
-1.7	-5.19E-11	0.444278	0.0999998	3.84283E-06	0.444278
-1.8	-5.23E-11	0.468846	0.0999999	3.28465E-06	0.468846
-1.9	-5.2E-11	0.493354	0.1	2.76496E-06	0.493354
-2	-5.27E-11	0.517855	0.0999999	2.28678E-06	0.517855
-2.1	-5.27E-11	0.542367	0.1	1.85329E-06	0.542367
-2.2	-4.6E-11	0.590396	0.1	1.46954E-06	0.590396
-2.3	-5.12E-11	0.614986	0.0999999	1.12979E-06	0.614986
-2.4	-4.8E-11	0.64234	0.0999995	8.42365E-07	0.64234
-2.5	-5.19E-11	0.66698	0.0999996	6.02549E-07	0.66698
-2.6	-5.28E-11	0.691529	0.0999995	4.11432E-07	0.691529
-2.7	-5.28E-11	0.716142	0.0999997	2.65479E-07	0.716142
-2.8	-5.37E-11	0.740639	0.0999998	1.59613E-07	0.740639
-2.9	-4.78E-11	0.77838	0.0999943	8.93835E-08	0.77838
-3	-6.61E-11	0.801666	0.1000083	4.44675E-08	0.801666
-3.1	-6.9E-11	0.82487	0.1000046	1.96012E-08	0.82487
-3.2	-6.97E-11	0.848072	0.1000019	7.5351E-09	0.848072
-3.3	-6.97E-11	0.871313	0.1000008	2.4745E-09	0.871313
-3.4	-6.93E-11	0.894598	0.1000004	6.933E-10	0.894598
-3.5	-6.91E-11	0.917886	0.1000003	1.704E-10	0.917886
-3.6	-7.11E-11	0.941086	0.1000003	3.3E-11	0.941086
-3.7	-7.18E-11	0.964315	0.1000004	9E-13	0.964315
-3.8	-7.07E-11	0.987607	0.1000005	-4.9E-12	0.987607
-3.9	-7.13E-11	1.010902	0.1000003	-5.5E-12	1.010902
-4	-7.32E-11	1.034097	0.1000002	-5.4E-12	1.034097
-4.1	-5.12E-11	1.090841	0.1	-7.1E-12	1.090841
-4.2	-7.01E-11	1.114173	0.1000003	-5.4E-12	1.114173
-4.3	-7.17E-11	1.137401	0.1000002	-5.2E-12	1.137401
-4.4	-7.25E-11	1.160702	0.1000002	-5.3E-12	1.160702
-4.5	-7.13E-11	1.184061	0.1000002	-5.8E-12	1.184061
-4.6	-7.26E-11	1.207295	0.1000003	-5.3E-12	1.207295
-4.7	-7.37E-11	1.230533	0.1000002	-5.2E-12	1.230533
-4.8	-7.46E-11	1.253735	0.1000002	-5E-12	1.253735
-4.9	-7.19E-11	1.277092	0.1000002	-5.4E-12	1.277092
-5	-7.43E-11	1.300318	0.1000002	-4.7E-12	1.300318
-5.1	-7.53E-11	1.323541	0.1000004	-4.9E-12	1.323541
-5.2	-7.35E-11	1.346822	0.1000004	-4.9E-12	1.346822
-5.3	-7.35E-11	1.370103	0.1000004	-5.4E-12	1.370103
-5.4	-7.51E-11	1.393338	0.1000004	-4.9E-12	1.393338
-5.5	-7.39E-11	1.416632	0.1000003	-5.3E-12	1.416632
-5.6	-7.42E-11	1.440015	0.1000003	-5.1E-12	1.440015
-5.7	-7.43E-11	1.463292	0.1000002	-5.3E-12	1.463292
-5.8	-7.67E-11	1.486523	0.1000003	-5E-12	1.486523
-5.9	-7.51E-11	1.509814	0.1000004	-4.9E-12	1.509814
-6	-7.59E-11	1.533102	0.1000002	-5.3E-12	1.533102
-6.1	-5.7E-11	1.584853	0.0999999	-6.7E-12	1.584853
-6.2	-7.43E-11	1.608161	0.1000004	-5.3E-12	1.608161
-6.3	-7.52E-11	1.631462	0.1000003	-4.9E-12	1.631462
-6.4	-7.7E-11	1.654776	0.1000004	-5E-12	1.654776
-6.5	-7.79E-11	1.678039	0.1000003	-5.1E-12	1.678039
-6.6	-7.66E-11	1.701331	0.1000003	-5.4E-12	1.701331
-6.7	-7.77E-11	1.724581	0.1000004	-4.9E-12	1.724581
-6.8	-7.81E-11	1.747803	0.1000001	-5E-12	1.747803
-6.9	-7.63E-11	1.771184	0.1000003	-4.8E-12	1.771184
-7	-7.71E-11	1.794478	0.1000002	-5E-12	1.794478
-7.1	-7.85E-11	1.817712	0.1000003	-5.2E-12	1.817712
-7.2	-7.84E-11	1.840926	0.1000004	-4.9E-12	1.840926
-7.3	-7.75E-11	1.864217	0.1000003	-5.2E-12	1.864217
-7.4	-7.73E-11	1.887523	0.1000003	-5.1E-12	1.887523
-7.5	-7.94E-11	1.91074	0.1000004	-5E-12	1.91074
-7.6	-7.76E-11	1.934038	0.1000003	-5.4E-12	1.934038
-7.7	-7.81E-11	1.957318	0.1000004	-4.9E-12	1.957318
-7.8	-8.01E-11	1.980535	0.1000002	-4.6E-12	1.980535
-7.9	-8.06E-11	2.003761	0.1000003	-4.9E-12	2.003761
-8	-8.06E-11	2.026974	0.1000002	-5.1E-12	2.026974
-8.1	-7.9E-11	2.050269	0.1000002	-5E-12	2.050269
-8.2	-6.09E-11	2.086367	0.1	-6.4E-12	2.086367
-8.3	-7.77E-11	2.109755	0.1000003	-4.9E-12	2.109755
-8.4	-8.09E-11	2.132975	0.1000001	-4.3E-12	2.132975
-8.5	-8.04E-11	2.156282	0.1000002	-4.1E-12	2.156282
-8.6	-7.99E-11	2.179625	0.1000002	-4.4E-12	2.179625
-8.7	-8.17E-11	2.202843	0.1000004	-4.3E-12	2.202843
-8.8	-8.15E-11	2.226072	0.1000002	-4.7E-12	2.226072
-8.9	-8.17E-11	2.249291	0.1000002	-4.6E-12	2.249291
-9	-8.04E-11	2.272593	0.1000001	-4.7E-12	2.272593
-9.1	-8E-11	2.295886	0.1000004	-4.5E-12	2.295886
-9.2	-8.14E-11	2.319122	0.1000001	-4.5E-12	2.319122
-9.3	-8.27E-11	2.342331	0.1000001	-4.6E-12	2.342331
-9.4	-8.08E-11	2.365622	0.1000002	-4.4E-12	2.365622
-9.5	-8.28E-11	2.388832	0.1000002	-4.4E-12	2.388832
-9.6	-8.3E-11	2.412052	0.1000004	-4.7E-12	2.412052
-9.7	-8.35E-11	2.435342	0.1000002	-4.5E-12	2.435342
-9.8	-8.14E-11	2.458637	0.1000003	-4.9E-12	2.458637
-9.9	-8.02E-11	2.481978	0.1000002	-5E-12	2.481978
-10	-8.32E-11	2.505202	0.1000003	-4.6E-12	2.505202
-9.90001	-4.05E-11	2.528421	0.0999998	-8.3E-12	2.528421
-9.80001	-3.91E-11	2.551717	0.0999999	-8.1E-12	2.551717
-9.70001	-5.39E-11	2.592515	0.1000001	-6.6E-12	2.592515
-9.60001	-3.5E-11	2.615816	0.0999996	-8.2E-12	2.615816
-9.50001	-3.38E-11	2.639118	0.0999998	-7.9E-12	2.639118
-9.40001	-3.08E-11	2.662426	0.0999999	-8.6E-12	2.662426
-9.30001	-2.92E-11	2.685699	0.0999998	-8.3E-12	2.685699
-9.20001	-2.97E-11	2.708996	0.0999999	-8.6E-12	2.708996
-9.10001	-2.72E-11	2.732305	0.0999999	-8.8E-12	2.732305
-9.00001	-2.63E-11	2.755533	0.0999999	-8.5E-12	2.755533
-8.90001	-2.73E-11	2.7789	0.0999998	-8.2E-12	2.7789
-8.80001	-2.44E-11	2.802211	0.0999999	-8.6E-12	2.802211
-8.70001	-2.4E-11	2.825437	0.0999998	-8.6E-12	2.825437
-8.60001	-2.37E-11	2.848649	0.0999999	-8.6E-12	2.848649
-8.50001	-2.49E-11	2.871946	0.0999999	-8.4E-12	2.871946
-8.40001	-2.46E-11	2.895266	0.1000001	-8.4E-12	2.895266
-8.30001	-2.39E-11	2.918553	0.1	-8.2E-12	2.918553
-8.20001	-2.34E-11	2.941831	0.0999996	-8.3E-12	2.941831
-8.10001	-2.26E-11	2.965096	0.0999999	-8.3E-12	2.965096
-8.00001	-2.21E-11	2.988378	0.0999996	-8.6E-12	2.988378
-7.90001	-1.97E-11	3.011581	0.0999998	-8.7E-12	3.011581
-7.80001	-2.22E-11	3.034924	0.0999998	-8.4E-12	3.034924
-7.70001	-3.99E-11	3.093721	0.1000001	-6.8E-12	3.093721
-7.6	-2.02E-11	3.117016	0.0999998	-9.1E-12	3.117016
-7.50001	-2.07E-11	3.140309	0.1	-8.4E-12	3.140309
-7.40001	-1.9E-11	3.163618	0.0999999	-8.7E-12	3.163618
-7.30001	-1.8E-11	3.186883	0.0999997	-8.7E-12	3.186883
-7.2	-1.92E-11	3.210198	0.0999999	-8.8E-12	3.210198
-7.10001	-1.94E-11	3.233525	0.1	-8.7E-12	3.233525
-7.00001	-1.67E-11	3.256745	0.0999999	-9E-12	3.256745
-6.90001	-1.63E-11	3.279957	0.0999998	-9E-12	3.279957
-6.80001	-1.74E-11	3.303259	0.0999997	-8.6E-12	3.303259
-6.70001	-1.79E-11	3.326555	0.1	-8.8E-12	3.326555
-6.60001	-1.56E-11	3.349761	0.0999997	-9.2E-12	3.349761
-6.50001	-1.69E-11	3.37305	0.0999999	-8.8E-12	3.37305
-6.40001	-1.64E-11	3.39634	0.1000002	-8.7E-12	3.39634
-6.30001	-1.43E-11	3.419549	0.0999998	-8.9E-12	3.419549
-6.20001	-1.39E-11	3.442864	0.0999999	-9.2E-12	3.442864
-6.10001	-1.52E-11	3.466151	0.1	-9.1E-12	3.466151
-6.00001	-1.46E-11	3.48943	0.0999997	-8.6E-12	3.48943
-5.90001	-1.33E-11	3.512673	0.0999998	-8.8E-12	3.512673
-5.80001	-1.25E-11	3.535939	0.0999997	-9.6E-12	3.535939
-5.70001	-3.33E-11	3.594988	0.1000002	-7.3E-12	3.594988
-5.60001	-1.37E-11	3.61825	0.0999998	-9.1E-12	3.61825
-5.50001	-1.24E-11	3.641483	0.0999999	-9.3E-12	3.641483
-5.40001	-1.35E-11	3.66488	0.0999999	-9.2E-12	3.66488
-5.30001	-1.07E-11	3.688146	0.0999998	-9E-12	3.688146
-5.20001	-1.18E-11	3.711538	0.0999998	-9.2E-12	3.711538
-5.1	-1.17E-11	3.73485	0.0999999	-9.1E-12	3.73485
-5.00001	-9.4E-12	3.758061	0.0999999	-9.1E-12	3.758061
-4.90001	-1.05E-11	3.781517	0.1	-9.2E-12	3.781517
-4.80001	-1.04E-11	3.804811	0.0999999	-9E-12	3.804811
-4.7	-8.3E-12	3.828031	0.0999997	-9.2E-12	3.828031
-4.60001	-7.5E-12	3.851244	0.0999997	-9.5E-12	3.851244
-4.50001	-8.6E-12	3.874539	0.0999999	-9.2E-12	3.874539
-4.40001	-8.1E-12	3.89781	0.0999997	-9.5E-12	3.89781
-4.3	-5.6E-12	3.921046	0.0999999	-9.6E-12	3.921046
-4.20001	-5E-12	3.944251	0.1	-9.6E-12	3.944251
-4.10001	-6.3E-12	3.967534	0.0999995	-9.5E-12	3.967534
-4.00001	-6.4E-12	3.990815	0.0999996	-1.01E-11	3.990815
-3.90001	-6.8E-12	4.014126	0.0999999	-9.1E-12	4.014126
-3.80001	-3.2E-12	4.037344	0.0999999	-7.5E-12	4.037344
-3.70001	-2.48E-11	4.096487	0.1	7.3E-12	4.096487
-3.60001	-6.9E-12	4.119862	0.0999999	7.54E-11	4.119862
-3.50001	-4.6E-12	4.143165	0.1	3.51E-10	4.143165
-3.40001	-2.1E-12	4.166471	0.1000002	1.3101E-09	4.166471
-3.30001	-1.7E-12	4.18973	0.1000007	4.2057E-09	4.18973
-3.20001	-2.8E-12	4.213037	0.100002	1.15973E-08	4.213037
-3.10001	0	4.236265	0.1000016	2.78403E-08	4.236265
-3.00001	5E-13	4.259479	0.1000008	5.87239E-08	4.259479
-2.90001	-2.03E-11	4.307587	0.1	1.08566E-07	4.307587
-2.80001	-1.55E-11	4.332103	0.1000003	1.91081E-07	4.332103
-2.70001	-1.41E-11	4.356607	0.1000004	3.08344E-07	4.356607
-2.60001	-1.37E-11	4.381133	0.1000004	4.66389E-07	4.381133
-2.50001	-1.27E-11	4.40573	0.1000006	6.69001E-07	4.40573
-2.40001	-1.18E-11	4.430263	0.1000008	9.19329E-07	4.430263
-2.30001	-1.62E-11	4.464958	0.1000001	1.21376E-06	4.464958
-2.20001	-1.07E-11	4.489486	0.1	1.56312E-06	4.489486
-2.1	-1.29E-11	4.515917	0.1	1.96034E-06	4.515917
-2.000001	-8.6E-12	4.540466	0.1	2.40292E-06	4.540466
-1.900001	-1.42E-11	4.602258	0.1000001	2.87786E-06	4.602258
-1.800001	-8.6E-12	4.626802	0.1000001	3.40776E-06	4.626802
-1.7	-6.9E-12	4.651406	0.1000001	3.97186E-06	4.651406
-1.6	-6.1E-12	4.67592	0.1	4.56865E-06	4.67592
-1.5	-5.2E-12	4.700483	0.1000004	5.1941E-06	4.700483
-1.400001	-4.6E-12	4.725336	0.1000001	5.84414E-06	4.725336
-1.3	-2.3E-12	4.74986	0.1	6.51744E-06	4.74986
-1.2	-1.2E-12	4.774448	0.1000001	7.20988E-06	4.774448
-1.100001	-2E-13	4.799005	0.1	7.91916E-06	4.799005
-1	1.2E-12	4.823525	0.0999998	8.64326E-06	4.823525
-0.9	2.1E-12	4.848047	0.0999999	9.37973E-06	4.848047
-0.8	3.8E-12	4.872561	0.1000001	1.012709E-05	4.872561
-0.700001	-1E-13	4.907199	0.1	1.08751E-05	4.907199
-0.6	5.4E-12	4.931716	0.1000001	1.16419E-05	4.931716
-0.500001	7.1E-12	4.956253	0.1000001	1.24141E-05	4.956253
-0.400001	8.8E-12	4.980754	0.1000001	1.31927E-05	4.980754
-0.3	1.04E-11	5.005314	0.1000002	1.39763E-05	5.005314
-0.2	8.9E-12	5.031724	0.1	1.4765E-05	5.031724
-0.0999998	1.37E-11	5.05622	0.1000001	1.55588E-05	5.05622
0	9.6E-12	5.103579	0.1000001	1.63516E-05	5.103579
0.1000003	1.63E-11	5.128178	0.1000001	1.71565E-05	5.128178
0.2000004	1.9E-11	5.152851	0.1	1.7965E-05	5.152851
0.299999	2.06E-11	5.177575	0.1	1.87775E-05	5.177575
0.4	2.26E-11	5.202135	0.1000002	1.95949E-05	5.202135
0.5	2.52E-11	5.226866	0.1000001	2.04172E-05	5.226866
0.599999	2.65E-11	5.25139	0.1	2.12438E-05	5.25139
0.7	2.86E-11	5.275984	0.1000001	2.20733E-05	5.275984
0.799999	3.03E-11	5.300519	0.0999998	2.29046E-05	5.300519
0.899999	3.24E-11	5.32503	0.1	2.37395E-05	5.32503
0.999999	3.4E-11	5.349557	0.0999999	2.45757E-05	5.349557
1.1	3.53E-11	5.374053	0.1000001	2.54127E-05	5.374053
1.2	3.71E-11	5.398598	0.1000001	2.62515E-05	5.398598
1.3	3.83E-11	5.423129	0.1	2.70916E-05	5.423129
1.4	4E-11	5.447734	0.1000001	2.79341E-05	5.447734
1.5	4.12E-11	5.472263	0.0999999	2.8776E-05	5.472263
1.599999	4.26E-11	5.496772	0.1000002	2.96186E-05	5.496772
1.699999	4.35E-11	5.521302	0.1	3.04625E-05	5.521302
1.8	4.36E-11	5.545849	0.0999999	3.13068E-05	5.545849
1.899999	3.79E-11	5.605268	0.1000001	3.21404E-05	5.605268
1.999999	4.28E-11	5.629903	0.0999999	3.29898E-05	5.629903
2.1	4.46E-11	5.654501	0.1000002	3.38377E-05	5.654501
2.19999	4.54E-11	5.679211	0.1000001	3.4682E-05	5.679211
2.29999	4.6E-11	5.703825	0.1000001	3.55311E-05	5.703825
2.39999	4.66E-11	5.728607	0.1000001	3.63792E-05	5.728607
2.49999	4.75E-11	5.753119	0.1000003	3.7228E-05	5.753119
2.59999	4.81E-11	5.777746	0.1000001	3.80784E-05	5.777746
2.69999	4.87E-11	5.802245	0.0999999	3.89282E-05	5.802245
2.79999	4.88E-11	5.826806	0.1	3.97793E-05	5.826806
2.89999	4.96E-11	5.851309	0.1	4.063E-05	5.851309
2.99999	5E-11	5.875842	0.1000001	4.14825E-05	5.875842
3.09999	5.04E-11	5.900352	0.1	4.23347E-05	5.900352
3.19999	5.09E-11	5.924877	0.1000001	4.31873E-05	5.924877
3.29999	5.12E-11	5.94941	0.1	4.40406E-05	5.94941
3.39999	5.14E-11	5.973931	0.1000001	4.48954E-05	5.973931
3.49999	5.21E-11	5.998426	0.1000001	4.575E-05	5.998426
3.59999	5.19E-11	6.022954	0.1000001	4.66047E-05	6.022954
3.69999	5.21E-11	6.047489	0.0999999	4.74606E-05	6.047489
3.79999	4.61E-11	6.099799	0.1	4.831E-05	6.099799
3.89999	5.1E-11	6.124405	0.0999999	4.9171E-05	6.124405
3.99999	5.19E-11	6.148959	0.1000001	5.00301E-05	6.148959
4.09999	5.22E-11	6.173607	0.1000003	5.08896E-05	6.173607
4.19999	5.25E-11	6.19819	0.1000001	5.17499E-05	6.19819
4.29999	5.34E-11	6.222735	0.0999998	5.26111E-05	6.222735
4.39999	5.34E-11	6.247283	0.1	5.34718E-05	6.247283
4.49999	5.37E-11	6.271835	0.0999999	5.43337E-05	6.271835
4.59999	5.37E-11	6.296357	0.1	5.51966E-05	6.296357
4.69999	5.45E-11	6.320861	0.0999999	5.60612E-05	6.320861
4.79999	5.47E-11	6.345441	0.1000001	5.69245E-05	6.345441
4.89999	5.46E-11	6.369978	0.1000001	5.77896E-05	6.369978
4.99999	5.46E-11	6.394517	0.0999998	5.86555E-05	6.394517
5.09999	5.49E-11	6.419026	0.1	5.95222E-05	6.419026
5.19999	5.53E-11	6.443612	0.1000002	6.039E-05	6.443612
5.29999	5.56E-11	6.468127	0.1000001	6.12582E-05	6.468127
5.39999	5.58E-11	6.492662	0.1000001	6.21281E-05	6.492662
5.49999	5.59E-11	6.517202	0.0999999	6.29986E-05	6.517202
5.59999	5.59E-11	6.541742	0.1	6.38689E-05	6.541742
5.69999	4.89E-11	6.603556	0.1000001	6.47273E-05	6.603556
5.79999	5.4E-11	6.628055	0.0999999	6.56039E-05	6.628055
5.89999	5.46E-11	6.652616	0.1000003	6.64809E-05	6.652616
5.99999	5.54E-11	6.677241	0.1	6.73559E-05	6.677241
6.09999	5.54E-11	6.701815	0.1	6.82314E-05	6.701815
6.19999	5.56E-11	6.726421	0.0999998	6.91087E-05	6.726421
6.29999	5.59E-11	6.750982	0.1000001	6.99866E-05	6.750982
6.39999	5.6E-11	6.775599	0.1	7.08649E-05	6.775599
6.49999	5.67E-11	6.800125	0.1	7.17432E-05	6.800125
6.59999	5.72E-11	6.824642	0.1000001	7.26228E-05	6.824642
6.69999	5.68E-11	6.849193	0.1000001	7.3504E-05	6.849193
6.79999	5.73E-11	6.873709	0.1000002	7.43845E-05	6.873709
6.89999	5.7E-11	6.89824	0.0999999	7.52673E-05	6.89824
6.99999	5.78E-11	6.922773	0.1	7.61511E-05	6.922773
7.09999	5.77E-11	6.947372	0.1000002	7.70358E-05	6.947372
7.19999	5.77E-11	6.971931	0.1000003	7.79203E-05	6.971931
7.29999	5.81E-11	6.996471	0.1	7.88054E-05	6.996471
7.39999	5.85E-11	7.020979	0.1	7.96928E-05	7.020979
7.49999	5.88E-11	7.045489	0.1	8.05807E-05	7.045489
7.59999	5.3E-11	7.102893	0.0999998	8.14595E-05	7.102893
7.69999	5.76E-11	7.127492	0.0999999	8.2353E-05	7.127492
7.79999	5.81E-11	7.152023	0.1000002	8.3245E-05	7.152023
7.89999	5.81E-11	7.176638	0.0999999	8.41365E-05	7.176638
7.99999	5.86E-11	7.201209	0.1000001	8.50281E-05	7.201209
8.09999	5.88E-11	7.225722	0.1000001	8.59228E-05	7.225722
8.19999	5.89E-11	7.250266	0.1000002	8.68174E-05	7.250266
8.29999	5.91E-11	7.2748	0.1	8.77129E-05	7.2748
8.39999	5.9E-11	7.299303	0.0999999	8.86095E-05	7.299303
8.49999	5.95E-11	7.323826	0.0999998	8.95068E-05	7.323826
8.59999	5.96E-11	7.348446	0.1000001	9.04052E-05	7.348446
8.69999	5.99E-11	7.372964	0.1000001	9.13038E-05	7.372964
8.79999	5.96E-11	7.397474	0.1	9.22036E-05	7.397474
8.89999	5.96E-11	7.422007	0.1000001	9.31047E-05	7.422007
8.99999	5.96E-11	7.446575	0.1000002	9.40051E-05	7.446575
9.09999	5.97E-11	7.471112	0.1000002	9.49072E-05	7.471112
9.19999	6.02E-11	7.495613	0.0999998	9.58121E-05	7.495613
9.29999	6.04E-11	7.520152	0.1000003	9.67134E-05	7.520152
9.39999	6.06E-11	7.544661	0.1000004	9.76223E-05	7.544661
9.49999	5.32E-11	7.60706	0.1000001	9.85223E-05	7.60706
9.59999	5.84E-11	7.631629	0.1	9.94353E-05	7.631629
9.69999	5.94E-11	7.656252	0.1	0.0001003477	7.656252
9.79999	5.98E-11	7.680794	0.1	0.0001012587	7.680794
9.89999	6.03E-11	7.705363	0.1	0.0001021707	7.705363
9.99999	6E-11	7.729916	0.1	0.0001030828	7.729916
9.9	4.69E-11	7.75448	0.1000002	0.0001021579	7.75448
9.8	4.47E-11	7.779163	0.0999998	0.0001012354	7.779163
9.7	4.19E-11	7.80377	0.1	0.0001003166	7.80377
9.6	3.97E-11	7.828294	0.0999999	9.94011E-05	7.828294
9.5	3.85E-11	7.852826	0.0999999	9.84856E-05	7.852826
9.4	3.7E-11	7.877352	0.0999999	9.75713E-05	7.877352
9.3	3.61E-11	7.90192	0.1	9.66584E-05	7.90192
9.2	3.53E-11	7.926452	0.0999998	9.57479E-05	7.926452
9.1	3.48E-11	7.950956	0.0999999	9.48375E-05	7.950956
9	3.43E-11	7.975481	0.0999998	9.39281E-05	7.975481
8.9	3.27E-11	7.999995	0.0999999	9.30245E-05	7.999995
8.8	3.27E-11	8.024524	0.0999999	9.21161E-05	8.024524
8.7	3.21E-11	8.049053	0.0999999	9.12081E-05	8.049053
8.6	3.78E-11	8.110066	0.0999999	9.03041E-05	8.110066
8.5	3.22E-11	8.13463	0.0999998	8.93954E-05	8.13463
8.4	3.16E-11	8.159134	0.0999996	8.84914E-05	8.159134
8.3	3.08E-11	8.183654	0.0999999	8.75878E-05	8.183654
8.2	2.99E-11	8.208225	0.1	8.66831E-05	8.208225
8.1	3E-11	8.232773	0.1000002	8.57807E-05	8.232773
8	2.91E-11	8.257285	0.0999999	8.48801E-05	8.257285
7.9	2.84E-11	8.281816	0.0999998	8.39806E-05	8.281816
7.8	2.82E-11	8.306326	0.0999998	8.3081E-05	8.306326
7.7	2.78E-11	8.33085	0.0999998	8.21842E-05	8.33085
7.6	2.78E-11	8.355404	0.0999998	8.12876E-05	8.355404
7.5	2.67E-11	8.379943	0.0999999	8.0393E-05	8.379943
7.4	2.62E-11	8.404447	0.1	7.94981E-05	8.404447
7.3	2.6E-11	8.428972	0.0999997	7.8603E-05	8.428972
7.2	2.6E-11	8.453603	0.0999999	7.77107E-05	8.453603
7.1	2.55E-11	8.47817	0.1	7.68177E-05	8.47817
7	2.52E-11	8.502678	0.0999999	7.59259E-05	8.502678
6.9	2.42E-11	8.527202	0.1000002	7.50361E-05	8.527202
6.8	2.47E-11	8.55176	0.1000002	7.41453E-05	8.55176
6.7	3.01E-11	8.611727	0.0999998	7.32627E-05	8.611727
6.6	2.58E-11	8.636254	0.0999999	7.2374E-05	8.636254
6.5	2.42E-11	8.66081	0.0999998	7.14862E-05	8.66081
6.4	2.4E-11	8.685343	0.1000001	7.0599E-05	8.685343
6.3	2.32E-11	8.709917	0.0999998	6.97135E-05	8.709917
6.2	2.43E-11	8.734717	0.0999999	6.88289E-05	8.734717
6.1	2.23E-11	8.759268	0.0999998	6.79439E-05	8.759268
6	2.2E-11	8.783836	0.1	6.70607E-05	8.783836
5.9	2.18E-11	8.808363	0.1	6.61785E-05	8.808363
5.8	2.09E-11	8.832861	0.1000001	6.52964E-05	8.832861
5.7	2.06E-11	8.857388	0.1	6.44152E-05	8.857388
5.6	2.01E-11	8.881902	0.0999999	6.35344E-05	8.881902
5.5	1.95E-11	8.906424	0.0999998	6.26557E-05	8.906424
5.4	1.89E-11	8.930959	0.1000001	6.17772E-05	8.930959
5.3	1.91E-11	8.955572	0.0999998	6.08984E-05	8.955572
5.2	1.83E-11	8.980086	0.0999999	6.00213E-05	8.980086
5.1	1.8E-11	9.004621	0.1	5.91454E-05	9.004621
5	1.73E-11	9.029127	0.1	5.82707E-05	9.029127
4.9	1.72E-11	9.053701	0.0999999	5.73955E-05	9.053701
4.8	2.35E-11	9.113283	0.0999997	5.65279E-05	9.113283
4.7	1.82E-11	9.137876	0.1	5.56533E-05	9.137876
4.6	1.69E-11	9.162347	0.0999999	5.47809E-05	9.162347
4.5	1.64E-11	9.186923	0.1	5.39095E-05	9.186923
4.4	1.55E-11	9.211504	0.1000001	5.30381E-05	9.211504
4.3	1.56E-11	9.23619	0.1000001	5.2168E-05	9.23619
4.2	1.43E-11	9.260726	0.1	5.12989E-05	9.260726
4.1	1.4E-11	9.285239	0.1	5.04301E-05	9.285239
4	1.36E-11	9.309768	0.1000001	4.95625E-05	9.309768
3.9	1.26E-11	9.334309	0.1000002	4.8696E-05	9.334309
3.8	1.17E-11	9.358825	0.1000001	4.783E-05	9.358825
3.7	1.14E-11	9.383364	0.0999999	4.69653E-05	9.383364
3.6	1.05E-11	9.407878	0.1	4.61003E-05	9.407878
3.5	1.03E-11	9.432374	0.0999999	4.52369E-05	9.432374
3.4	9.6E-12	9.457089	0.1	4.43744E-05	9.457089
3.3	9E-12	9.481605	0.0999998	4.35119E-05	9.481605
3.2	8.3E-12	9.50614	0.1000001	4.26509E-05	9.50614
3.1	7.9E-12	9.530668	0.0999998	4.17904E-05	9.530668
3	6.9E-12	9.555176	0.1	4.0931E-05	9.555176
2.9	1.32E-11	9.614724	0.0999999	4.00771E-05	9.614724
2.8	7.3E-12	9.639258	0.1000002	3.92181E-05	9.639258
2.7	6.4E-12	9.663843	0.1000001	3.83602E-05	9.663843
2.6	4.5E-12	9.68836	0.1000001	3.75037E-05	9.68836
2.5	3.7E-12	9.712924	0.0999998	3.66484E-05	9.712924
2.4	3.7E-12	9.737616	0.0999999	3.57941E-05	9.737616
2.3	2.3E-12	9.76217	0.1000001	3.49397E-05	9.76217
2.2	1.5E-12	9.786741	0.0999999	3.40868E-05	9.786741
2.099999	4.2E-12	9.81318	0.0999998	3.32392E-05	9.81318
2	-7E-13	9.837711	0.1	3.23883E-05	9.837711
1.9	-1.5E-12	9.862243	0.0999998	3.15388E-05	9.862243
1.8	-2.9E-12	9.886761	0.0999997	3.06908E-05	9.886761
1.7	-4.1E-12	9.911276	0.0999999	2.98437E-05	9.911276
1.6	-4.8E-12	9.9358	0.0999999	2.89981E-05	9.9358
1.5	-6.1E-12	9.960332	0.0999998	2.81534E-05	9.960332
1.4	-8.2E-12	9.984863	0.0999998	2.73109E-05	9.984863
1.3	-9E-12	10.009405	0.0999998	2.64695E-05	10.009405
1.2	-1.04E-11	10.033922	0.0999999	2.56305E-05	10.033922
1.1	-1.22E-11	10.05846	0.1000001	2.47934E-05	10.05846
1	-6.4E-12	10.116135	0.1000001	2.3964E-05	10.116135
0.9	-1.32E-11	10.14076	0.0999999	2.31315E-05	10.14076
0.8	-1.57E-11	10.165237	0.0999999	2.23023E-05	10.165237
0.7	-1.76E-11	10.189808	0.0999999	2.14769E-05	10.189808
0.6	-2E-11	10.21438	0.0999999	2.06559E-05	10.21438
0.5	-2.17E-11	10.239048	0.0999999	1.98391E-05	10.239048
0.4	-2.46E-11	10.26357	0.0999999	1.9028E-05	10.26357
0.3	-2.68E-11	10.288119	0.0999999	1.82219E-05	10.288119
0.1999998	-2.6E-11	10.314512	0.0999999	1.7422E-05	10.314512
0.0999996	-3.13E-11	10.339032	0.0999999	1.66266E-05	10.339032
-4E-07	-3.32E-11	10.363564	0.1000002	1.58362E-05	10.363564
#scan	iMeasureCycle=2	iMux=0	time=279.878	N=401	LocalTime=20/04/2023 02:36:21
#VGate(V)	IGate(A)	time(s)	VDrain(V)	IDrain(A)	time(s)
-2E-07	-1.18E-11	279.88547	0.0999998	1.60373E-05	279.88547
-0.1000004	-1.97E-11	279.910434	0.0999999	1.52401E-05	279.910434
-0.2000002	-2.13E-11	279.936295	0.1	1.44485E-05	279.936295
-0.3	-2.7E-11	279.961022	0.1	1.36603E-05	279.961022
-0.4	-2.96E-11	279.985534	0.0999997	1.2879E-05	279.985534
-0.5	-3.23E-11	280.01006	0.1000001	1.21038E-05	280.01006
-0.6	-3.43E-11	280.034574	0.1	1.13348E-05	280.034574
-0.7	-3.62E-11	280.059094	0.0999998	1.05737E-05	280.059094
-0.8	-3.83E-11	280.083604	0.1000001	9.8214E-06	280.083604
-0.9	-3.94E-11	280.108135	0.1	9.0793E-06	280.108135
-0.999999	-3.69E-11	280.135237	0.0999999	8.35327E-06	280.135237
-1.1	-4.21E-11	280.15975	0.0999998	7.6354E-06	280.15975
-1.2	-4.25E-11	280.184286	0.1	6.93365E-06	280.184286
-1.3	-4.44E-11	280.208798	0.1	6.24952E-06	280.208798
-1.4	-4.47E-11	280.233402	0.1	5.58531E-06	280.233402
-1.5	-4.55E-11	280.257944	0.0999999	4.94518E-06	280.257944
-1.6	-4.65E-11	280.282658	0.0999999	4.33219E-06	280.282658
-1.7	-4.73E-11	280.30718	0.0999997	3.74951E-06	280.30718
-1.8	-4.83E-11	280.331744	0.1000001	3.2005E-06	280.331744
-1.9	-4.89E-11	280.356271	0.0999999	2.68947E-06	280.356271
-2	-5E-11	280.38072	0.0999999	2.21988E-06	280.38072
-2.1	-5.07E-11	280.405249	0.1	1.79474E-06	280.405249
-2.2	-4.44E-11	280.451854	0.1	1.41911E-06	280.451854
-2.3	-4.96E-11	280.476364	0.0999999	1.08697E-06	280.476364
-2.4	-4.65E-11	280.503678	0.0999998	8.06845E-07	280.503678
-2.5	-5.1E-11	280.528178	0.0999997	5.74473E-07	280.528178
-2.6	-5.17E-11	280.552763	0.0999996	3.89753E-07	280.552763
-2.7	-5.18E-11	280.577355	0.0999996	2.49443E-07	280.577355
-2.8	-5.24E-11	280.601879	0.0999999	1.48696E-07	280.601879
-2.9	-4.7E-11	280.639536	0.0999941	8.22469E-08	280.639536
-3	-6.7E-11	280.662747	0.100009	4.02934E-08	280.662747
-3.1	-6.76E-11	280.685975	0.1000048	1.7496E-08	280.685975
-3.2	-6.71E-11	280.709261	0.1000016	6.6049E-09	280.709261
-3.3	-6.76E-11	280.732537	0.1000009	2.1375E-09	280.732537
-3.4	-6.96E-11	280.755761	0.1000003	5.898E-10	280.755761
-3.5	-7E-11	280.779046	0.1000003	1.408E-10	280.779046
-3.6	-6.88E-11	280.802348	0.1000001	2.49E-11	280.802348
-3.7	-7.12E-11	280.825555	0.1	-1E-13	280.825555
-3.8	-7.17E-11	280.848785	0.1000001	-4.2E-12	280.848785
-3.9	-7.19E-11	280.872003	0.1000003	-5.1E-12	280.872003
-4	-7.01E-11	280.895378	0.1000002	-5.3E-12	280.895378
-4.1	-5.03E-11	280.952007	0.0999998	-6.8E-12	280.952007
-4.2	-6.98E-11	280.975249	0.1000002	-5.2E-12	280.975249
-4.3	-6.92E-11	280.998545	0.1000001	-5.5E-12	280.998545
-4.4	-6.98E-11	281.021854	0.1000002	-5.2E-12	281.021854
-4.5	-7.26E-11	281.045115	0.1000002	-4.8E-12	281.045115
-4.6	-7.28E-11	281.068326	0.1000002	-5E-12	281.068326
-4.7	-7.14E-11	281.091615	0.1	-5.2E-12	281.091615
-4.8	-7.16E-11	281.114912	0.1000002	-5.3E-12	281.114912
-4.9	-7.41E-11	281.13811	0.1000001	-5E-12	281.13811
-5	-7.44E-11	281.161326	0.1000002	-5E-12	281.161326
-5.1	-7.27E-11	281.184618	0.1000003	-4.6E-12	281.184618
-5.2	-7.28E-11	281.207918	0.1000001	-4.9E-12	281.207918
-5.3	-7.52E-11	281.231216	0.1000003	-4.6E-12	281.231216
-5.4	-7.42E-11	281.254508	0.1000002	-5E-12	281.254508
-5.5	-7.42E-11	281.277889	0.1000002	-4.6E-12	281.277889
-5.6	-7.62E-11	281.301121	0.1000003	-4.6E-12	281.301121
-5.7	-7.65E-11	281.324348	0.1000002	-4.6E-12	281.324348
-5.8	-7.47E-11	281.34766	0.1	-4.8E-12	281.34766
-5.9	-7.53E-11	281.370963	0.1000001	-4.9E-12	281.370963
-6	-7.72E-11	281.394176	0.1000001	-4.6E-12	281.394176
-6.1	-5.52E-11	281.45065	0.0999998	-6.6E-12	281.45065
-6.2	-7.33E-11	281.473958	0.1	-5E-12	281.473958
-6.3	-7.59E-11	281.497175	0.1000001	-4.9E-12	281.497175
-6.4	-7.46E-11	281.520476	0.1	-4.7E-12	281.520476
-6.5	-7.5E-11	281.543826	0.1000001	-5.1E-12	281.543826
-6.6	-7.53E-11	281.567184	0.1000002	-5.2E-12	281.567184
-6.7	-7.72E-11	281.590396	0.1000003	-4.4E-12	281.590396
-6.8	-7.79E-11	281.613626	0.1	-4.1E-12	281.613626
-6.9	-7.61E-11	281.636916	0.0999999	-4.6E-12	281.636916
-7	-7.61E-11	281.660214	0.1000001	-4.4E-12	281.660214
-7.1	-7.79E-11	281.683435	0.1000001	-4.5E-12	281.683435
-7.2	-7.89E-11	281.70664	0.1000003	-4.3E-12	281.70664
-7.3	-7.7E-11	281.729938	0.1000001	-4.5E-12	281.729938
-7.4	-7.86E-11	281.753173	0.1000003	-4.7E-12	281.753173
-7.5	-7.95E-11	281.776478	0.1	-4.5E-12	281.776478
-7.6	-8E-11	281.799698	0.1000001	-4.2E-12	281.799698
-7.7	-7.81E-11	281.822993	0.1000001	-4.1E-12	281.822993
-7.8	-7.9E-11	281.846253	0.1000002	-3.8E-12	281.846253
-7.9	-7.98E-11	281.869473	0.1000004	-4.3E-12	281.869473
-8	-7.94E-11	281.892708	0.1	-4.4E-12	281.892708
-8.1	-5.82E-11	281.952269	0.0999999	-5.9E-12	281.952269
-8.2	-7.83E-11	281.975515	0.1	-4.3E-12	281.975515
-8.3	-7.89E-11	281.998826	0.1000001	-4.1E-12	281.998826
-8.4	-7.94E-11	282.022053	0.1000002	-4.4E-12	282.022053
-8.5	-7.8E-11	282.045399	0.1000001	-4.3E-12	282.045399
-8.6	-7.98E-11	282.068593	0.1000002	-4.3E-12	282.068593
-8.7	-8.01E-11	282.091811	0.1	-3.9E-12	282.091811
-8.8	-7.87E-11	282.11511	0.1000002	-4.1E-12	282.11511
-8.9	-7.91E-11	282.138398	0.1	-4.5E-12	282.138398
-9	-8.09E-11	282.161595	0.0999999	-4.4E-12	282.161595
-9.1	-7.92E-11	282.184888	0.1	-4.3E-12	282.184888
-9.2	-7.98E-11	282.208183	0.1000002	-4.3E-12	282.208183
-9.3	-7.99E-11	282.231578	0.1000002	-4.1E-12	282.231578
-9.4	-8.14E-11	282.254791	0.1000003	-4.1E-12	282.254791
-9.5	-8.21E-11	282.27809	0.1000002	-4.3E-12	282.27809
-9.6	-8.21E-11	282.301304	0.1	-3.7E-12	282.301304
-9.7	-8.05E-11	282.324609	0.1000002	-4.5E-12	282.324609
-9.8	-8.24E-11	282.347844	0.1000002	-3.8E-12	282.347844
-9.9	-8.28E-11	282.371059	0.1000001	-4.2E-12	282.371059
-10	-8.11E-11	282.394345	0.1000001	-4.4E-12	282.394345
-9.90001	-5.66E-11	282.453732	0.0999999	-5.8E-12	282.453732
-9.80001	-3.57E-11	282.476987	0.0999995	-7.5E-12	282.476987
-9.70001	-3.32E-11	282.500203	0.0999996	-7.7E-12	282.500203
-9.60001	-3.3E-11	282.523504	0.0999995	-7.7E-12	282.523504
-9.50001	-3.03E-11	282.546763	0.0999998	-7.7E-12	282.546763
-9.40001	-2.97E-11	282.570048	0.0999996	-7.4E-12	282.570048
-9.30001	-3E-11	282.593341	0.0999995	-7.2E-12	282.593341
-9.20001	-2.96E-11	282.616634	0.0999997	-7.8E-12	282.616634
-9.10001	-2.84E-11	282.639932	0.0999995	-7.9E-12	282.639932
-9.00001	-2.61E-11	282.663134	0.0999997	-8.2E-12	282.663134
-8.90001	-2.54E-11	282.686351	0.0999997	-7.5E-12	282.686351
-8.80001	-2.62E-11	282.709637	0.0999997	-7.7E-12	282.709637
-8.70001	-2.57E-11	282.732927	0.0999998	-8.3E-12	282.732927
-8.60001	-2.31E-11	282.756131	0.0999995	-8.1E-12	282.756131
-8.50001	-2.28E-11	282.77942	0.0999997	-8E-12	282.77942
-8.40001	-2.43E-11	282.802707	0.0999997	-7.9E-12	282.802707
-8.30001	-2.12E-11	282.825926	0.0999997	-7.6E-12	282.825926
-8.20001	-2.08E-11	282.849171	0.0999997	-7.9E-12	282.849171
-8.10001	-2.03E-11	282.872381	0.0999997	-8.1E-12	282.872381
-8.00001	-2.02E-11	282.895676	0.0999998	-7.9E-12	282.895676
-7.90001	-4.02E-11	282.955103	0.0999999	-5.8E-12	282.955103
-7.80001	-2.06E-11	282.978352	0.0999997	-8E-12	282.978352
-7.70001	-1.95E-11	283.001565	0.0999998	-8.3E-12	283.001565
-7.6	-2.13E-11	283.02486	0.0999998	-8E-12	283.02486
-7.50001	-2.05E-11	283.048209	0.0999997	-8.1E-12	283.048209
-7.40001	-1.8E-11	283.071419	0.0999998	-8.1E-12	283.071419
-7.30001	-1.8E-11	283.094668	0.0999996	-8.2E-12	283.094668
-7.2	-1.83E-11	283.117958	0.0999997	-7.6E-12	283.117958
-7.10001	-1.84E-11	283.141252	0.0999996	-7.9E-12	283.141252
-7.00001	-1.59E-11	283.164466	0.0999995	-8.4E-12	283.164466
-6.90001	-1.75E-11	283.18776	0.0999998	-8.1E-12	283.18776
-6.80001	-1.65E-11	283.211042	0.0999997	-8.4E-12	283.211042
-6.70001	-1.54E-11	283.234363	0.0999997	-8.3E-12	283.234363
-6.60001	-1.63E-11	283.257665	0.0999998	-8E-12	283.257665
-6.50001	-1.63E-11	283.281041	0.0999998	-8.4E-12	283.281041
-6.40001	-1.59E-11	283.304328	0.0999998	-8.4E-12	283.304328
-6.30001	-1.39E-11	283.327547	0.0999998	-8.8E-12	283.327547
-6.20001	-1.29E-11	283.350777	0.0999998	-8.8E-12	283.350777
-6.10001	-1.46E-11	283.374067	0.0999996	-9E-12	283.374067
-6.00001	-1.43E-11	283.397343	0.0999997	-8.8E-12	283.397343
-5.90001	-3.32E-11	283.456883	0.0999999	-7.3E-12	283.456883
-5.80001	-1.49E-11	283.480177	0.0999997	-8.5E-12	283.480177
-5.70001	-1.39E-11	283.503459	0.0999998	-8.7E-12	283.503459
-5.60001	-1.28E-11	283.526718	0.0999997	-8.4E-12	283.526718
-5.50001	-1.1E-11	283.550007	0.0999998	-8.7E-12	283.550007
-5.40001	-1.06E-11	283.573291	0.0999997	-8.7E-12	283.573291
-5.30001	-1.33E-11	283.59663	0.0999998	-8E-12	283.59663
-5.20001	-9.7E-12	283.619852	0.0999997	-8.5E-12	283.619852
-5.1	-9.1E-12	283.643066	0.0999996	-8.6E-12	283.643066
-5.00001	-1.04E-11	283.666351	0.0999996	-8.6E-12	283.666351
-4.90001	-9.5E-12	283.68964	0.0999998	-8.9E-12	283.68964
-4.80001	-7.5E-12	283.712847	0.0999996	-8.8E-12	283.712847
-4.7	-8.8E-12	283.73642	0.0999999	-9E-12	283.73642
-4.60001	-6.6E-12	283.759739	0.0999997	-9.4E-12	283.759739
-4.50001	-6.9E-12	283.78301	0.0999999	-9.2E-12	283.78301
-4.40001	-7.5E-12	283.806294	0.0999997	-9.3E-12	283.806294
-4.3	-9E-12	283.829654	0.0999998	-9E-12	283.829654
-4.20001	-4.8E-12	283.852878	0.0999995	-9.1E-12	283.852878
-4.10001	-4.7E-12	283.876089	0.0999998	-9.1E-12	283.876089
-4.00001	-4.7E-12	283.899311	0.0999998	-9.3E-12	283.899311
-3.90001	-2.53E-11	283.958242	0.1	-7.2E-12	283.958242
-3.80001	-7.1E-12	283.981555	0.0999996	-7.1E-12	283.981555
-3.70001	-6.5E-12	284.004843	0.0999998	4.2E-12	284.004843
-3.60001	-3.5E-12	284.028066	0.0999996	6.07E-11	284.028066
-3.50001	-3E-12	284.051323	0.0999998	2.898E-10	284.051323
-3.40001	-3.8E-12	284.074604	0.1	1.1007E-09	284.074604
-3.30001	-1.3E-12	284.097818	0.1000002	3.6121E-09	284.097818
-3.20001	-2.8E-12	284.121114	0.1000015	1.01775E-08	284.121114
-3.10001	-2E-12	284.144404	0.1000021	2.48407E-08	284.144404
-3.00001	-9E-13	284.167667	0.1000013	5.3432E-08	284.167667
-2.90001	-4E-13	284.190963	0.0999973	1.026886E-07	284.190963
-2.80001	-1.88E-11	284.230481	0.1000001	1.77179E-07	284.230481
-2.70001	-1.33E-11	284.255095	0.1000003	2.90098E-07	284.255095
-2.60001	-1.24E-11	284.27968	0.1000007	4.42539E-07	284.27968
-2.50001	-1.16E-11	284.304217	0.1000007	6.38691E-07	284.304217
-2.40001	-1.12E-11	284.328733	0.1000008	8.82505E-07	284.328733
-2.30001	-1.58E-11	284.363295	0.1000001	1.16933E-06	284.363295
-2.20001	-1.06E-11	284.387841	0.1000001	1.51107E-06	284.387841
-2.099999	-1.27E-11	284.414262	0.1	1.89993E-06	284.414262
-2.000001	-1.5E-11	284.463893	0.1000001	2.32607E-06	284.463893
-1.900001	-9.1E-12	284.488463	0.0999997	2.80649E-06	284.488463
-1.800001	-7.2E-12	284.512972	0.1	3.32477E-06	284.512972
-1.7	-6.5E-12	284.537583	0.1000001	3.87891E-06	284.537583
-1.6	-5.4E-12	284.562167	0.1	4.46562E-06	284.562167
-1.5	-3.9E-12	284.586741	0.1	5.08176E-06	284.586741
-1.4	-3E-12	284.611266	0.1	5.7232E-06	284.611266
-1.3	-2E-12	284.635798	0.1000002	6.3878E-06	284.635798
-1.2	-1.1E-12	284.660315	0.1000002	7.07159E-06	284.660315
-1.100001	0	284.684857	0.0999998	7.77361E-06	284.684857
-1	1.4E-12	284.709368	0.1000002	8.48938E-06	284.709368
-0.9	2.3E-12	284.733907	0.1	9.21878E-06	284.733907
-0.8	4.1E-12	284.758413	0.1	9.95867E-06	284.758413
-0.700001	0	284.793155	0.1	1.07013E-05	284.793155
-0.6	5.7E-12	284.817717	0.0999998	1.14615E-05	284.817717
-0.500001	7.4E-12	284.84252	0.1000001	1.22276E-05	284.84252
-0.4	9.2E-12	284.867026	0.1	1.30003E-05	284.867026
-0.3	1.06E-11	284.891533	0.1	1.3779E-05	284.891533
-0.1999999	9E-12	284.918042	0.1	1.45618E-05	284.918042
-0.1000001	8.9E-12	284.95848	0.1	1.53474E-05	284.95848
4E-07	1.45E-11	284.982972	0.1000001	1.61415E-05	284.982972
0.1000004	1.73E-11	285.007454	0.1	1.69401E-05	285.007454
0.2000002	1.92E-11	285.031972	0.1000002	1.77433E-05	285.031972
0.299999	2.11E-11	285.056717	0.0999999	1.85517E-05	285.056717
0.4	2.32E-11	285.08125	0.1000001	1.93656E-05	285.08125
0.5	2.53E-11	285.105747	0.1000003	2.01839E-05	285.105747
0.599999	2.65E-11	285.130315	0.1000001	2.10075E-05	285.130315
0.699999	2.91E-11	285.154836	0.1000001	2.18356E-05	285.154836
0.799999	3.08E-11	285.179347	0.0999999	2.26665E-05	285.179347
0.899999	3.23E-11	285.203887	0.1000002	2.35009E-05	285.203887
0.999999	3.44E-11	285.22839	0.0999999	2.43382E-05	285.22839
1.1	3.59E-11	285.252984	0.1000001	2.51775E-05	285.252984
1.199999	3.71E-11	285.277682	0.1000001	2.60189E-05	285.277682
1.3	3.93E-11	285.302211	0.1000002	2.68623E-05	285.302211
1.399999	4.08E-11	285.326725	0.1	2.7707E-05	285.326725
1.5	4.17E-11	285.351288	0.1	2.85529E-05	285.351288
1.599999	4.31E-11	285.375785	0.1	2.94002E-05	285.375785
1.699999	4.39E-11	285.400322	0.1	3.02491E-05	285.400322
1.799999	3.67E-11	285.458214	0.0999999	3.109E-05	285.458214
1.9	4.28E-11	285.482794	0.1000004	3.19433E-05	285.482794
2	4.45E-11	285.507325	0.0999999	3.27959E-05	285.507325
2.099999	4.53E-11	285.531843	0.1000001	3.36481E-05	285.531843
2.19999	4.6E-11	285.556613	0.1000001	3.44974E-05	285.556613
2.29999	4.69E-11	285.581213	0.0999999	3.53515E-05	285.581213
2.39999	4.71E-11	285.605736	0.1	3.62055E-05	285.605736
2.49999	4.78E-11	285.630279	0.1	3.70591E-05	285.630279
2.59999	4.81E-11	285.654802	0.1	3.79132E-05	285.654802
2.69999	4.91E-11	285.679351	0.0999999	3.87682E-05	285.679351
2.79999	4.92E-11	285.703884	0.0999999	3.96239E-05	285.703884
2.89999	5.03E-11	285.728414	0.1	4.04793E-05	285.728414
2.99999	5E-11	285.752954	0.1	4.1335E-05	285.752954
3.09999	5.06E-11	285.777586	0.1	4.21909E-05	285.777586
3.19999	5.12E-11	285.802167	0.1000001	4.30479E-05	285.802167
3.29999	5.14E-11	285.826706	0.1	4.39045E-05	285.826706
3.39999	5.17E-11	285.851266	0.1	4.47622E-05	285.851266
3.49999	5.21E-11	285.875821	0.1	4.56194E-05	285.875821
3.59999	5.2E-11	285.900356	0.0999999	4.64772E-05	285.900356
3.69999	4.56E-11	285.949023	0.1	4.73259E-05	285.949023
3.79999	5.08E-11	285.973631	0.1000001	4.81886E-05	285.973631
3.89999	5.14E-11	285.998246	0.0999998	4.90499E-05	285.998246
3.99999	5.2E-11	286.022797	0.1000001	4.99105E-05	286.022797
4.09999	4.98E-11	286.048998	0.0999999	5.07707E-05	286.048998
4.19999	5.27E-11	286.073555	0.0999999	5.16338E-05	286.073555
4.29999	5.28E-11	286.098078	0.1000001	5.2495E-05	286.098078
4.39999	5.32E-11	286.12259	0.1000001	5.33579E-05	286.12259
4.49999	5.38E-11	286.147112	0.1000002	5.42211E-05	286.147112
4.59999	5.43E-11	286.171618	0.1000004	5.50852E-05	286.171618
4.69999	5.47E-11	286.196168	0.1000001	5.59497E-05	286.196168
4.79999	5.5E-11	286.220789	0.0999999	5.68146E-05	286.220789
4.89999	5.51E-11	286.245493	0.0999999	5.76801E-05	286.245493
4.99999	5.48E-11	286.270048	0.1000001	5.85475E-05	286.270048
5.09999	5.52E-11	286.294652	0.1	5.94146E-05	286.294652
5.19999	5.5E-11	286.319181	0.1000001	6.02828E-05	286.319181
5.29999	5.53E-11	286.34371	0.1	6.11517E-05	286.34371
5.39999	5.58E-11	286.368239	0.1000001	6.2023E-05	286.368239
5.49999	5.58E-11	286.392764	0.1000002	6.28928E-05	286.392764
5.59999	5.61E-11	286.417273	0.1	6.37639E-05	286.417273
5.69999	4.97E-11	286.467454	0.1000001	6.46284E-05	286.467454
5.79999	5.49E-11	286.491973	0.1000002	6.55039E-05	286.491973
5.89999	5.52E-11	286.516499	0.0999997	6.63791E-05	286.516499
5.99999	5.64E-11	286.540996	0.1	6.72556E-05	286.540996
6.09999	5.67E-11	286.565562	0.1	6.81316E-05	286.565562
6.19999	5.66E-11	286.590158	0.0999999	6.90084E-05	286.590158
6.29999	5.7E-11	286.614676	0.0999999	6.9886E-05	286.614676
6.39999	5.74E-11	286.639191	0.0999999	7.07638E-05	286.639191
6.49999	5.69E-11	286.663841	0.1000001	7.16431E-05	286.663841
6.59999	5.73E-11	286.688368	0.0999999	7.25238E-05	286.688368
6.69999	5.74E-11	286.712896	0.1	7.34036E-05	286.712896
6.79999	5.75E-11	286.737436	0.0999998	7.4286E-05	286.737436
6.89999	5.77E-11	286.761941	0.1	7.51684E-05	286.761941
6.99999	5.76E-11	286.78658	0.0999998	7.60518E-05	286.78658
7.09999	5.78E-11	286.811102	0.0999999	7.69353E-05	286.811102
7.19999	5.88E-11	286.835632	0.1000001	7.7822E-05	286.835632
7.29999	5.9E-11	286.860164	0.0999999	7.87088E-05	286.860164
7.39999	5.88E-11	286.884687	0.1	7.95955E-05	286.884687
7.49999	5.92E-11	286.909162	0.1000003	8.04833E-05	286.909162
7.59999	5.22E-11	286.969034	0.0999998	8.13619E-05	286.969034
7.69999	5.71E-11	286.993596	0.0999996	8.22552E-05	286.993596
7.79999	5.81E-11	287.018105	0.0999999	8.31474E-05	287.018105
7.89999	5.82E-11	287.042618	0.0999997	8.40402E-05	287.042618
7.99999	5.88E-11	287.067206	0.0999998	8.49328E-05	287.067206
8.09999	5.84E-11	287.09175	0.1000002	8.58279E-05	287.09175
8.19999	5.9E-11	287.116248	0.1	8.67233E-05	287.116248
8.29999	5.93E-11	287.140777	0.1	8.76192E-05	287.140777
8.39999	5.9E-11	287.165319	0.1	8.85149E-05	287.165319
8.49999	5.96E-11	287.189855	0.0999998	8.9412E-05	287.189855
8.59999	5.97E-11	287.214364	0.1	9.03113E-05	287.214364
8.69999	5.92E-11	287.238892	0.1000002	9.121E-05	287.238892
8.79999	5.95E-11	287.263488	0.1000001	9.21098E-05	287.263488
8.89999	5.97E-11	287.288104	0.0999998	9.30106E-05	287.288104
8.99999	5.95E-11	287.312644	0.1000002	9.39128E-05	287.312644
9.09999	6.01E-11	287.337203	0.1	9.4814E-05	287.337203
9.19999	6.07E-11	287.361777	0.1000003	9.57178E-05	287.361777
9.29999	6.11E-11	287.386294	0.1000001	9.6621E-05	287.386294
9.39999	6.09E-11	287.410822	0.0999999	9.7529E-05	287.410822
9.49999	5.42E-11	287.47059	0.1000002	9.84319E-05	287.47059
9.59999	5.93E-11	287.49513	0.1000002	9.93444E-05	287.49513
9.69999	5.94E-11	287.519648	0.1000002	0.0001002544	287.519648
9.79999	5.99E-11	287.544176	0.0999997	0.0001011666	287.544176
9.89999	5.98E-11	287.568777	0.1	0.0001020791	287.568777
9.99999	6.01E-11	287.593409	0.1	0.0001029905	287.593409
9.9	4.76E-11	287.617943	0.1000001	0.0001020649	287.617943
9.8	4.44E-11	287.642473	0.0999996	0.0001011447	287.642473
9.7	4.22E-11	287.667014	0.1	0.0001002253	287.667014
9.6	4.05E-11	287.691566	0.1000001	9.93078E-05	287.691566
9.5	3.89E-11	287.716106	0.1	9.83915E-05	287.716106
9.4	3.75E-11	287.740639	0.0999998	9.74797E-05	287.740639
9.3	3.71E-11	287.765275	0.0999999	9.65675E-05	287.765275
9.2	3.61E-11	287.789912	0.0999998	9.56551E-05	287.789912
9.1	3.47E-11	287.814446	0.1	9.47445E-05	287.814446
9	3.37E-11	287.838956	0.0999999	9.38365E-05	287.838956
8.9	3.4E-11	287.863593	0.1	9.29319E-05	287.863593
8.8	3.31E-11	287.888112	0.0999999	9.20236E-05	287.888112
8.7	3.22E-11	287.912587	0.0999997	9.11143E-05	287.912587
8.6	3.76E-11	287.971845	0.0999999	9.02105E-05	287.971845
8.5	3.24E-11	287.996368	0.0999999	8.93048E-05	287.996368
8.4	3.18E-11	288.020889	0.1000002	8.84E-05	288.020889
8.3	3.1E-11	288.045402	0.1	8.74945E-05	288.045402
8.2	3.01E-11	288.070005	0.1	8.65915E-05	288.070005
8.1	2.94E-11	288.094527	0.0999996	8.5689E-05	288.094527
8	2.93E-11	288.119025	0.1	8.47887E-05	288.119025
7.9	2.86E-11	288.143543	0.0999999	8.38889E-05	288.143543
7.8	2.77E-11	288.168058	0.0999997	8.29902E-05	288.168058
7.7	2.74E-11	288.192608	0.0999999	8.20923E-05	288.192608
7.6	2.73E-11	288.217125	0.0999999	8.1195E-05	288.217125
7.5	2.68E-11	288.241657	0.1000001	8.02991E-05	288.241657
7.4	2.62E-11	288.266288	0.1	7.94042E-05	288.266288
7.3	2.62E-11	288.290914	0.0999998	7.8511E-05	288.290914
7.2	2.55E-11	288.315428	0.0999999	7.76157E-05	288.315428
7.1	2.49E-11	288.339985	0.1000001	7.67236E-05	288.339985
7	2.52E-11	288.364527	0.0999998	7.58313E-05	288.364527
6.9	2.48E-11	288.389049	0.1	7.49413E-05	288.389049
6.8	2.46E-11	288.41357	0.1	7.40515E-05	288.41357
6.7	3.04E-11	288.473659	0.0999999	7.31686E-05	288.473659
6.6	2.5E-11	288.498208	0.1000001	7.22788E-05	288.498208
6.5	2.46E-11	288.522714	0.0999999	7.1391E-05	288.522714
6.4	2.38E-11	288.547248	0.0999998	7.0505E-05	288.547248
6.3	2.33E-11	288.571807	0.1	6.96189E-05	288.571807
6.2	2.27E-11	288.596417	0.0999998	6.87327E-05	288.596417
6.1	2.23E-11	288.620927	0.0999998	6.78485E-05	288.620927
6	2.18E-11	288.645455	0.1	6.69649E-05	288.645455
5.9	2.17E-11	288.670006	0.1000001	6.60817E-05	288.670006
5.8	2.09E-11	288.694527	0.1	6.51992E-05	288.694527
5.7	2.09E-11	288.719086	0.0999998	6.43189E-05	288.719086
5.6	2.03E-11	288.743589	0.1	6.34392E-05	288.743589
5.5	2.01E-11	288.768119	0.0999998	6.25597E-05	288.768119
5.4	1.92E-11	288.792718	0.0999997	6.16814E-05	288.792718
5.3	1.88E-11	288.817246	0.1000001	6.08029E-05	288.817246
5.2	1.84E-11	288.841775	0.0999999	5.99257E-05	288.841775
5.1	1.84E-11	288.866342	0.0999999	5.90496E-05	288.866342
5	1.77E-11	288.890872	0.0999999	5.81741E-05	288.890872
4.9	1.74E-11	288.915424	0.1	5.72993E-05	288.915424
4.8	2.29E-11	288.970618	0.1	5.64303E-05	288.970618
4.7	1.78E-11	288.995143	0.0999998	5.55557E-05	288.995143
4.6	1.7E-11	289.019667	0.0999999	5.4684E-05	289.019667
4.5	1.65E-11	289.044209	0.1	5.38122E-05	289.044209
4.4	1.58E-11	289.068783	0.1	5.29417E-05	289.068783
4.3	1.49E-11	289.093305	0.0999999	5.20722E-05	289.093305
4.2	1.43E-11	289.117805	0.1	5.12029E-05	289.117805
4.1	1.36E-11	289.142319	0.1000001	5.03341E-05	289.142319
4	1.35E-11	289.166816	0.0999999	4.94663E-05	289.166816
3.9	1.33E-11	289.191439	0.0999999	4.85995E-05	289.191439
3.8	1.23E-11	289.216028	0.1000001	4.77338E-05	289.216028
3.7	1.23E-11	289.240583	0.1	4.68686E-05	289.240583
3.6	1.1E-11	289.26521	0.1	4.60045E-05	289.26521
3.5	1.11E-11	289.289843	0.1	4.51407E-05	289.289843
3.4	1.01E-11	289.314355	0.1000002	4.42779E-05	289.314355
3.3	9.4E-12	289.338868	0.1000001	4.34159E-05	289.338868
3.2	8.9E-12	289.363433	0.1000001	4.25549E-05	289.363433
3.1	7.9E-12	289.387953	0.0999999	4.16942E-05	289.387953
3	7.2E-12	289.412502	0.0999999	4.08341E-05	289.412502
2.9	1.43E-11	289.474872	0.1	3.99817E-05	289.474872
2.8	8.3E-12	289.499427	0.1000001	3.91228E-05	289.499427
2.7	7E-12	289.523998	0.0999999	3.82644E-05	289.523998
2.6	5.5E-12	289.548512	0.0999995	3.74079E-05	289.548512
2.5	5.2E-12	289.573105	0.0999998	3.65534E-05	289.573105
2.4	3.7E-12	289.597698	0.0999998	3.56979E-05	289.597698
2.3	2.8E-12	289.622217	0.0999998	3.48452E-05	289.622217
2.2	1.7E-12	289.646768	0.1000001	3.3992E-05	289.646768
2.099999	4E-12	289.673188	0.1000001	3.31443E-05	289.673188
2	-1E-13	289.69774	0.1	3.2294E-05	289.69774
1.9	-1.1E-12	289.72229	0.1000001	3.14446E-05	289.72229
1.8	-2.5E-12	289.746809	0.0999998	3.05966E-05	289.746809
1.7	-3.8E-12	289.771403	0.1	2.97492E-05	289.771403
1.6	-4.8E-12	289.796015	0.1	2.89042E-05	289.796015
1.5	-5.8E-12	289.820559	0.0999999	2.80602E-05	289.820559
1.4	-6.9E-12	289.845111	0.1	2.72174E-05	289.845111
1.3	-8.5E-12	289.869643	0.1	2.63769E-05	289.869643
1.2	-9.9E-12	289.894202	0.1	2.55385E-05	289.894202
1.1	-1.18E-11	289.918771	0.0999997	2.47014E-05	289.918771
1	-6.4E-12	289.978007	0.1	2.38729E-05	289.978007
0.9	-1.31E-11	290.002537	0.0999999	2.304E-05	290.002537
0.8	-1.54E-11	290.027051	0.0999999	2.2211E-05	290.027051
0.7	-1.72E-11	290.051573	0.1	2.13865E-05	290.051573
0.6	-1.94E-11	290.076142	0.0999999	2.05658E-05	290.076142
0.5	-2.19E-11	290.100661	0.0999999	1.97502E-05	290.100661
0.4	-2.42E-11	290.125153	0.1	1.89394E-05	290.125153
0.3	-2.68E-11	290.149668	0.1000001	1.81336E-05	290.149668
0.1999999	-2.55E-11	290.176065	0.0999999	1.73344E-05	290.176065
0.0999995	-3.12E-11	290.200581	0.1000004	1.65396E-05	290.200581
-4E-07	-3.36E-11	290.225099	0.1000001	1.57502E-05	290.225099
#scan	iMeasureCycle=3	iMux=0	time=319.976	N=401	LocalTime=20/04/2023 02:37:01
#VGate(V)	IGate(A)	time(s)	VDrain(V)	IDrain(A)	time(s)
-2E-07	-1.17E-11	319.98377	0.1	1.59456E-05	319.98377
-0.1000004	-1.97E-11	320.008658	0.0999999	1.51498E-05	320.008658
-0.2	-2.06E-11	320.034636	0.1000001	1.4359E-05	320.034636
-0.3	-2.72E-11	320.059356	0.0999999	1.35732E-05	320.059356
-0.4	-2.98E-11	320.083883	0.0999997	1.27937E-05	320.083883
-0.5	-3.22E-11	320.108416	0.0999999	1.20203E-05	320.108416
-0.6	-3.44E-11	320.132957	0.1	1.12532E-05	320.132957
-0.7	-3.66E-11	320.157469	0.1	1.04947E-05	320.157469
-0.8	-3.77E-11	320.181985	0.1	9.745E-06	320.181985
-0.9	-3.97E-11	320.206542	0.1	9.0047E-06	320.206542
-0.999999	-3.74E-11	320.233687	0.1000003	8.281E-06	320.233687
-1.1	-4.19E-11	320.258189	0.0999999	7.56619E-06	320.258189
-1.2	-4.25E-11	320.282735	0.1	6.86744E-06	320.282735
-1.3	-4.39E-11	320.307262	0.1	6.18645E-06	320.307262
-1.4	-4.5E-11	320.331868	0.1000001	5.52624E-06	320.331868
-1.5	-4.61E-11	320.356479	0.1	4.88967E-06	320.356479
-1.6	-4.66E-11	320.380989	0.0999999	4.2802E-06	320.380989
-1.7	-4.75E-11	320.405546	0.1	3.70072E-06	320.405546
-1.8	-4.8E-11	320.430058	0.0999999	3.15602E-06	320.430058
-1.9	-4.89E-11	320.454587	0.1	2.6493E-06	320.454587
-2	-4.92E-11	320.479105	0.0999998	2.18357E-06	320.479105
-2.1	-5.01E-11	320.50362	0.0999999	1.76255E-06	320.50362
-2.2	-4.44E-11	320.550293	0.0999998	1.39167E-06	320.550293
-2.3	-4.95E-11	320.574836	0.1	1.06355E-06	320.574836
-2.4	-4.66E-11	320.602148	0.0999997	7.87491E-07	320.602148
-2.5	-5.07E-11	320.626648	0.0999995	5.58701E-07	320.626648
-2.6	-5.01E-11	320.651391	0.0999994	3.77657E-07	320.651391
-2.7	-5.21E-11	320.67594	0.0999998	2.40328E-07	320.67594
-2.8	-5.26E-11	320.700449	0.0999998	1.42308E-07	320.700449
-2.9	-4.72E-11	320.738127	0.0999951	7.81385E-08	320.738127
-3	-6.55E-11	320.761429	0.1000072	3.79194E-08	320.761429
-3.1	-6.67E-11	320.784724	0.1000037	1.63271E-08	320.784724
-3.2	-6.85E-11	320.807922	0.1000021	6.0947E-09	320.807922
-3.3	-6.91E-11	320.83112	0.1000009	1.9508E-09	320.83112
-3.4	-6.95E-11	320.854415	0.1000004	5.384E-10	320.854415
-3.5	-6.84E-11	320.877702	0.1000002	1.279E-10	320.877702
-3.6	-7.03E-11	320.900943	0.1000002	2.25E-11	320.900943
-3.7	-7.07E-11	320.924161	0.1000002	-1E-12	320.924161
-3.8	-7.13E-11	320.947364	0.1000001	-4.8E-12	320.947364
-3.9	-6.98E-11	320.970649	0.1000003	-5.6E-12	320.970649
-4	-7.19E-11	320.993952	0.1000002	-5.2E-12	320.993952
-4.1	-5.05E-11	321.050364	0.0999998	-7.5E-12	321.050364
-4.2	-6.97E-11	321.073611	0.1000001	-5.5E-12	321.073611
-4.3	-6.99E-11	321.096916	0.1000001	-5.5E-12	321.096916
-4.4	-7.01E-11	321.120206	0.1000002	-5.7E-12	321.120206
-4.5	-7.24E-11	321.143475	0.1000002	-5.6E-12	321.143475
-4.6	-7.09E-11	321.166765	0.0999999	-5.8E-12	321.166765
-4.7	-7.09E-11	321.190055	0.1	-5.7E-12	321.190055
-4.8	-7.36E-11	321.213258	0.1000001	-5.4E-12	321.213258
-4.9	-7.4E-11	321.236474	0.1000001	-5.4E-12	321.236474
-5	-7.26E-11	321.259764	0.1000002	-5.5E-12	321.259764
-5.1	-7.26E-11	321.283057	0.1000002	-5E-12	321.283057
-5.2	-7.39E-11	321.306296	0.0999999	-5.2E-12	321.306296
-5.3	-7.47E-11	321.329604	0.1000001	-4.7E-12	321.329604
-5.4	-7.11E-11	321.353001	0.1000003	-5.6E-12	321.353001
-5.5	-7.34E-11	321.376307	0.1000002	-5.1E-12	321.376307
-5.6	-7.59E-11	321.399537	0.1000002	-5.5E-12	321.399537
-5.7	-7.44E-11	321.422847	0.1000002	-5.1E-12	321.422847
-5.8	-7.47E-11	321.446128	0.1000002	-4.9E-12	321.446128
-5.9	-7.68E-11	321.469329	0.1	-5.1E-12	321.469329
-6	-7.51E-11	321.49262	0.1000001	-4.7E-12	321.49262
-6.1	-5.54E-11	321.549227	0.0999999	-6.9E-12	321.549227
-6.2	-7.46E-11	321.572494	0.1000001	-4.9E-12	321.572494
-6.3	-7.57E-11	321.595724	0.1000002	-5.4E-12	321.595724
-6.4	-7.64E-11	321.618942	0.1000001	-5E-12	321.618942
-6.5	-7.51E-11	321.642279	0.1	-5.2E-12	321.642279
-6.6	-7.66E-11	321.665587	0.1000002	-5E-12	321.665587
-6.7	-7.73E-11	321.68881	0.1000001	-4.7E-12	321.68881
-6.8	-7.74E-11	321.712036	0.1000002	-4.9E-12	321.712036
-6.9	-7.65E-11	321.735333	0.1000002	-5.4E-12	321.735333
-7	-7.62E-11	321.758624	0.1000001	-5E-12	321.758624
-7.1	-7.83E-11	321.781924	0.1000002	-5.1E-12	321.781924
-7.2	-7.67E-11	321.805242	0.1000002	-5.2E-12	321.805242
-7.3	-7.68E-11	321.828526	0.1000001	-5.4E-12	321.828526
-7.4	-7.88E-11	321.851741	0.1000001	-5.1E-12	321.851741
-7.5	-7.94E-11	321.875119	0.1000003	-5E-12	321.875119
-7.6	-7.68E-11	321.898456	0.1000002	-5.2E-12	321.898456
-7.7	-7.92E-11	321.921713	0.1000002	-4.9E-12	321.921713
-7.8	-7.99E-11	321.94494	0.1	-4.4E-12	321.94494
-7.9	-7.98E-11	321.968156	0.1000002	-4.9E-12	321.968156
-8	-7.82E-11	321.9915	0.1	-5E-12	321.9915
-8.1	-5.9E-11	322.05051	0.0999998	-6.5E-12	322.05051
-8.2	-7.64E-11	322.07383	0.0999999	-5E-12	322.07383
-8.3	-7.91E-11	322.09706	0.1	-4.8E-12	322.09706
-8.4	-7.94E-11	322.120287	0.1000002	-5.1E-12	322.120287
-8.5	-7.84E-11	322.143621	0.1000001	-5.1E-12	322.143621
-8.6	-7.81E-11	322.166914	0.1000001	-4.9E-12	322.166914
-8.7	-7.99E-11	322.190161	0.1000001	-5E-12	322.190161
-8.8	-8.09E-11	322.213376	0.1	-4.7E-12	322.213376
-8.9	-7.9E-11	322.236667	0.1	-4.9E-12	322.236667
-9	-7.9E-11	322.259952	0.1000001	-4.8E-12	322.259952
-9.1	-8.16E-11	322.283154	0.1000001	-4.4E-12	322.283154
-9.2	-7.97E-11	322.306456	0.1000002	-4.9E-12	322.306456
-9.3	-7.94E-11	322.329842	0.1000002	-4.6E-12	322.329842
-9.4	-8.17E-11	322.353059	0.1	-4.7E-12	322.353059
-9.5	-8.21E-11	322.376363	0.1	-4.6E-12	322.376363
-9.6	-8.04E-11	322.399666	0.1	-4.5E-12	322.399666
-9.7	-8.19E-11	322.422914	0.1000002	-4.9E-12	322.422914
-9.8	-8.24E-11	322.446125	0.1000002	-3.9E-12	322.446125
-9.9	-8.22E-11	322.46934	0.1000001	-4.3E-12	322.46934
-10	-8.09E-11	322.492716	0.0999999	-4.5E-12	322.492716
-9.90001	-5.7E-11	322.552207	0.1	-6.3E-12	322.552207
-9.80001	-3.56E-11	322.575439	0.0999996	-8E-12	322.575439
-9.70001	-3.35E-11	322.598675	0.0999996	-8.5E-12	322.598675
-9.60001	-3.38E-11	322.621981	0.0999997	-7.9E-12	322.621981
-9.50001	-3.03E-11	322.645256	0.0999997	-8.4E-12	322.645256
-9.40001	-2.95E-11	322.668559	0.0999997	-8.1E-12	322.668559
-9.30001	-2.84E-11	322.691777	0.0999998	-8.2E-12	322.691777
-9.20001	-2.9E-11	322.715075	0.0999998	-8E-12	322.715075
-9.10001	-2.66E-11	322.738279	0.0999995	-8.1E-12	322.738279
-9.00001	-2.55E-11	322.761493	0.0999998	-8.2E-12	322.761493
-8.90001	-2.49E-11	322.784712	0.0999998	-8.2E-12	322.784712
-8.80001	-2.37E-11	322.807933	0.0999996	-8.5E-12	322.807933
-8.70001	-2.49E-11	322.831226	0.0999999	-8.5E-12	322.831226
-8.60001	-2.25E-11	322.854427	0.0999997	-8.6E-12	322.854427
-8.50001	-2.18E-11	322.877721	0.0999998	-8.4E-12	322.877721
-8.40001	-2.36E-11	322.901024	0.0999999	-8.2E-12	322.901024
-8.30001	-2.15E-11	322.924287	0.0999997	-8.6E-12	322.924287
-8.20001	-2.11E-11	322.947505	0.0999998	-8.6E-12	322.947505
-8.10001	-1.97E-11	322.970717	0.0999997	-8.7E-12	322.970717
-8	-1.95E-11	322.994012	0.0999996	-8.8E-12	322.994012
-7.90001	-4.03E-11	323.053681	0.0999999	-7E-12	323.053681
-7.80001	-2.05E-11	323.076917	0.0999996	-8.7E-12	323.076917
-7.70001	-2.06E-11	323.100217	0.0999994	-8.6E-12	323.100217
-7.6	-2.01E-11	323.123505	0.1	-8.3E-12	323.123505
-7.50001	-1.8E-11	323.146782	0.0999997	-8.9E-12	323.146782
-7.40001	-1.78E-11	323.169996	0.0999997	-8.5E-12	323.169996
-7.30001	-1.94E-11	323.193282	0.0999997	-8.6E-12	323.193282
-7.2	-1.88E-11	323.216591	0.0999998	-8.6E-12	323.216591
-7.10001	-1.7E-11	323.239795	0.0999999	-8.4E-12	323.239795
-7.00001	-1.61E-11	323.263034	0.0999997	-8.6E-12	323.263034
-6.90001	-1.72E-11	323.286314	0.0999998	-8.4E-12	323.286314
-6.80001	-1.66E-11	323.30961	0.0999998	-8.4E-12	323.30961
-6.70001	-1.44E-11	323.332913	0.0999998	-8.5E-12	323.332913
-6.60001	-1.45E-11	323.356129	0.0999997	-8.6E-12	323.356129
-6.50001	-1.56E-11	323.379511	0.0999997	-8.8E-12	323.379511
-6.40001	-1.38E-11	323.40279	0.0999996	-8.8E-12	323.40279
-6.30001	-1.35E-11	323.426026	0.0999997	-9.2E-12	323.426026
-6.20001	-1.51E-11	323.449331	0.0999998	-8.9E-12	323.449331
-6.10001	-1.43E-11	323.472604	0.0999998	-8.7E-12	323.472604
-6.00001	-1.39E-11	323.49588	0.0999998	-8.8E-12	323.49588
-5.90001	-3.25E-11	323.550735	0.1	-7.3E-12	323.550735
-5.80001	-1.31E-11	323.574021	0.0999997	-8.8E-12	323.574021
-5.70001	-1.27E-11	323.597244	0.0999998	-8.9E-12	323.597244
-5.60001	-1.34E-11	323.620555	0.0999996	-8.8E-12	323.620555
-5.50001	-1.32E-11	323.64391	0.0999998	-9E-12	323.64391
-5.40001	-1.06E-11	323.667209	0.0999997	-9.2E-12	323.667209
-5.30001	-1.02E-11	323.69042	0.0999997	-9.4E-12	323.69042
-5.20001	-1.12E-11	323.71372	0.0999999	-9.2E-12	323.71372
-5.1	-9.4E-12	323.736936	0.0999998	-9.4E-12	323.736936
-5.00001	-1.01E-11	323.760231	0.0999994	-9.6E-12	323.760231
-4.90001	-9.9E-12	323.783604	0.0999998	-9.6E-12	323.783604
-4.80001	-9.7E-12	323.806981	0.0999998	-9.3E-12	323.806981
-4.7	-7.3E-12	323.830189	0.0999997	-1E-11	323.830189
-4.60001	-6.9E-12	323.853398	0.0999998	-9.8E-12	323.853398
-4.50001	-8.1E-12	323.876772	0.0999997	-9.8E-12	323.876772
-4.40001	-6.3E-12	323.899976	0.0999997	-1E-11	323.899976
-4.3	-5.8E-12	323.923216	0.0999995	-9.6E-12	323.923216
-4.20001	-5.2E-12	323.946423	0.0999997	-1E-11	323.946423
-4.10001	-6.4E-12	323.969718	0.0999998	-1.01E-11	323.969718
-4.00001	-9.2E-12	323.993147	0.0999998	-9.6E-12	323.993147
-3.90001	-4.3E-12	324.016417	0.0999997	-9.9E-12	324.016417
-3.80001	-2.37E-11	324.057123	0.0999999	-6.7E-12	324.057123
-3.70001	-4.1E-12	324.080356	0.0999996	2.4E-12	324.080356
-3.60001	-3.2E-12	324.103572	0.0999998	5.39E-11	324.103572
-3.50001	-3.8E-12	324.126874	0.0999997	2.633E-10	324.126874
-3.40001	-3E-12	324.150208	0.0999999	1.0022E-09	324.150208
-3.30001	-1.1E-12	324.173416	0.1000006	3.3134E-09	324.173416
-3.20001	-1E-13	324.19661	0.1000011	9.4387E-09	324.19661
-3.10001	8E-13	324.219824	0.1000014	2.33063E-08	324.219824
-3.00001	-4E-13	324.243116	0.1000024	5.04752E-08	324.243116
-2.90001	1.5E-12	324.266316	0.0999961	9.77717E-08	324.266316
-2.80001	-1.89E-11	324.305766	0.1000001	1.69761E-07	324.305766
-2.70001	-1.36E-11	324.330311	0.1000004	2.79681E-07	324.330311
-2.60001	-1.24E-11	324.354831	0.1000006	4.28787E-07	324.354831
-2.50001	-1.19E-11	324.379445	0.1000006	6.21366E-07	324.379445
-2.40001	-1.12E-11	324.403946	0.1000008	8.60895E-07	324.403946
-2.30001	-1.55E-11	324.438621	0.0999999	1.14377E-06	324.438621
-2.20001	-1.05E-11	324.463132	0.1000001	1.48112E-06	324.463132
-2.1	-1.31E-11	324.489547	0.1	1.86613E-06	324.489547
-2	-8.3E-12	324.514044	0.1	2.29645E-06	324.514044
-1.900001	-1.37E-11	324.562796	0.0999999	2.7605E-06	324.562796
-1.800001	-7.8E-12	324.587339	0.1	3.27762E-06	324.587339
-1.7	-6.6E-12	324.611879	0.1	3.82799E-06	324.611879
-1.6	-5.5E-12	324.636415	0.1	4.41187E-06	324.636415
-1.5	-4.6E-12	324.661031	0.1000002	5.02432E-06	324.661031
-1.4	-3.3E-12	324.685632	0.1	5.66257E-06	324.685632
-1.3	-1.8E-12	324.710174	0.0999999	6.32382E-06	324.710174
-1.200001	-7E-13	324.734694	0.1	7.00483E-06	324.734694
-1.100001	3E-13	324.759194	0.1000002	7.70356E-06	324.759194
-1	1.5E-12	324.7837	0.1000001	8.41664E-06	324.7837
-0.9	2.5E-12	324.808208	0.1000001	9.14366E-06	324.808208
-0.8	3.8E-12	324.832814	0.1000002	9.88166E-06	324.832814
-0.700001	0	324.867557	0.1000002	1.06219E-05	324.867557
-0.6	6E-12	324.892086	0.0999999	1.138E-05	324.892086
-0.5	7.5E-12	324.916623	0.0999999	1.21446E-05	324.916623
-0.4	8.8E-12	324.941154	0.1	1.29157E-05	324.941154
-0.300001	1.07E-11	324.965662	0.1	1.36924E-05	324.965662
-0.1999999	9E-12	324.992076	0.0999999	1.44741E-05	324.992076
-0.0999997	1.37E-11	325.016655	0.0999998	1.52615E-05	325.016655
0	9.8E-12	325.064049	0.1	1.60473E-05	325.064049
0.1000004	1.62E-11	325.088574	0.1000001	1.68453E-05	325.088574
0.2000004	1.88E-11	325.113069	0.1	1.76482E-05	325.113069
0.299999	2.07E-11	325.137832	0.1000002	1.84561E-05	325.137832
0.4	2.28E-11	325.162416	0.1000001	1.92687E-05	325.162416
0.5	2.48E-11	325.186918	0.0999999	2.0086E-05	325.186918
0.6	2.66E-11	325.211492	0.1000001	2.09087E-05	325.211492
0.7	2.81E-11	325.236001	0.1000001	2.17349E-05	325.236001
0.799999	3.03E-11	325.260516	0.1000001	2.25646E-05	325.260516
0.899999	3.21E-11	325.285005	0.0999999	2.33979E-05	325.285005
0.999999	3.39E-11	325.30953	0.1	2.42353E-05	325.30953
1.1	3.59E-11	325.334014	0.1000002	2.50742E-05	325.334014
1.2	3.71E-11	325.358543	0.0999999	2.59145E-05	325.358543
1.3	3.85E-11	325.383124	0.1000001	2.67573E-05	325.383124
1.4	4E-11	325.407654	0.1	2.76017E-05	325.407654
1.5	4.14E-11	325.43219	0.1000002	2.84474E-05	325.43219
1.6	4.23E-11	325.456714	0.1	2.92951E-05	325.456714
1.699999	4.34E-11	325.481213	0.1000001	3.01429E-05	325.481213
1.8	4.43E-11	325.505747	0.1	3.09928E-05	325.505747
1.899999	3.76E-11	325.565522	0.0999999	3.18362E-05	325.565522
2	4.33E-11	325.590045	0.1000003	3.26896E-05	325.590045
2.099999	4.42E-11	325.614595	0.1000001	3.35419E-05	325.614595
2.19999	4.57E-11	325.639273	0.1000002	3.43919E-05	325.639273
2.29999	4.6E-11	325.663844	0.0999998	3.52465E-05	325.663844
2.39999	4.7E-11	325.688433	0.1000001	3.61011E-05	325.688433
2.49999	4.74E-11	325.712971	0.1000002	3.69564E-05	325.712971
2.59999	4.84E-11	325.737481	0.1	3.78122E-05	325.737481
2.69999	4.86E-11	325.762011	0.1	3.86688E-05	325.762011
2.79999	4.93E-11	325.786603	0.1000001	3.95253E-05	325.786603
2.89999	4.97E-11	325.811152	0.1000001	4.03826E-05	325.811152
2.99999	5.01E-11	325.835693	0.1000002	4.12401E-05	325.835693
3.09999	5.05E-11	325.860212	0.1000002	4.20983E-05	325.860212
3.19999	5.1E-11	325.884819	0.0999999	4.29561E-05	325.884819
3.29999	5.17E-11	325.909319	0.1000001	4.38145E-05	325.909319
3.39999	5.17E-11	325.933891	0.1	4.46726E-05	325.933891
3.49999	5.19E-11	325.958398	0.0999998	4.5532E-05	325.958398
3.59999	5.19E-11	325.982951	0.0999998	4.63921E-05	325.982951
3.69999	5.22E-11	326.007547	0.0999998	4.72516E-05	326.007547
3.79999	4.59E-11	326.064881	0.1	4.81025E-05	326.064881
3.89999	5.08E-11	326.089466	0.0999999	4.8966E-05	326.089466
3.99999	5.16E-11	326.114004	0.1000001	4.98287E-05	326.114004
4.09999	5.19E-11	326.138573	0.1	5.06915E-05	326.138573
4.19999	5.22E-11	326.16316	0.0999999	5.15544E-05	326.16316
4.29999	5.32E-11	326.187662	0.1000003	5.24171E-05	326.187662
4.39999	5.33E-11	326.212169	0.1000001	5.32809E-05	326.212169
4.49999	5.38E-11	326.23668	0.1000003	5.41463E-05	326.23668
4.59999	5.42E-11	326.261221	0.1000002	5.50099E-05	326.261221
4.69999	5.45E-11	326.285726	0.1	5.58744E-05	326.285726
4.79999	5.45E-11	326.310268	0.1	5.67412E-05	326.310268
4.89999	5.45E-11	326.335039	0.1	5.76076E-05	326.335039
4.99999	5.48E-11	326.359578	0.1000001	5.84749E-05	326.359578
5.09999	5.53E-11	326.38421	0.1	5.9342E-05	326.38421
5.19999	5.52E-11	326.408724	0.0999999	6.02112E-05	326.408724
5.29999	5.56E-11	326.433281	0.1	6.10816E-05	326.433281
5.39999	5.54E-11	326.45782	0.1000002	6.19508E-05	326.45782
5.49999	5.56E-11	326.482342	0.0999999	6.28221E-05	326.482342
5.59999	5.62E-11	326.506877	0.1000002	6.36941E-05	326.506877
5.69999	4.93E-11	326.565952	0.0999998	6.45569E-05	326.565952
5.79999	5.48E-11	326.59049	0.1000001	6.54328E-05	326.59049
5.89999	5.55E-11	326.615035	0.1000001	6.6309E-05	326.615035
5.99999	5.68E-11	326.639576	0.1	6.71845E-05	326.639576
6.09999	5.64E-11	326.664151	0.1	6.80608E-05	326.664151
6.19999	5.67E-11	326.688768	0.1	6.89387E-05	326.688768
6.29999	5.7E-11	326.713286	0.1000002	6.9817E-05	326.713286
6.39999	5.68E-11	326.737807	0.1000001	7.06947E-05	326.737807
6.49999	5.72E-11	326.762319	0.0999999	7.1574E-05	326.762319
6.59999	5.75E-11	326.786857	0.1000001	7.24549E-05	326.786857
6.69999	5.77E-11	326.811352	0.1000001	7.33361E-05	326.811352
6.79999	5.76E-11	326.835878	0.1	7.42173E-05	326.835878
6.89999	5.76E-11	326.860387	0.0999999	7.50992E-05	326.860387
6.99999	5.8E-11	326.885013	0.0999999	7.59841E-05	326.885013
7.09999	5.81E-11	326.909554	0.1000002	7.68676E-05	326.909554
7.19999	5.77E-11	326.934112	0.1000001	7.77532E-05	326.934112
7.29999	5.85E-11	326.958633	0.0999998	7.86395E-05	326.958633
7.39999	5.86E-11	326.98317	0.1	7.95278E-05	326.98317
7.49999	5.92E-11	327.007777	0.1000001	8.04161E-05	327.007777
7.59999	5.19E-11	327.067855	0.1000002	8.12948E-05	327.067855
7.69999	5.66E-11	327.092454	0.1000001	8.21877E-05	327.092454
7.79999	5.76E-11	327.116963	0.1000001	8.308E-05	327.116963
7.89999	5.85E-11	327.141445	0.1	8.39741E-05	327.141445
7.99999	5.84E-11	327.16604	0.1	8.4867E-05	327.16604
8.09999	5.88E-11	327.190546	0.1000002	8.57606E-05	327.190546
8.19999	5.91E-11	327.215045	0.1000001	8.66556E-05	327.215045
8.29999	5.94E-11	327.239561	0.1000003	8.75521E-05	327.239561
8.39999	5.95E-11	327.264082	0.1000001	8.84486E-05	327.264082
8.49999	5.95E-11	327.288595	0.1000001	8.93459E-05	327.288595
8.59999	6.02E-11	327.313108	0.1000001	9.02446E-05	327.313108
8.69999	5.94E-11	327.337794	0.0999999	9.11438E-05	327.337794
8.79999	6.07E-11	327.36234	0.1000001	9.20428E-05	327.36234
8.89999	6.07E-11	327.38693	0.1	9.29447E-05	327.38693
8.99999	6.05E-11	327.411461	0.1	9.3846E-05	327.411461
9.09999	6.07E-11	327.436008	0.0999999	9.47507E-05	327.436008
9.19999	6.06E-11	327.460548	0.1	9.56545E-05	327.460548
9.29999	6.08E-11	327.485064	0.1	9.6555E-05	327.485064
9.39999	6.09E-11	327.509582	0.0999999	9.74637E-05	327.509582
9.49999	5.38E-11	327.569013	0.1000001	9.83655E-05	327.569013
9.59999	5.93E-11	327.593549	0.0999998	9.92787E-05	327.593549
9.69999	5.96E-11	327.618093	0.1000001	0.0001001898	327.618093
9.79999	5.99E-11	327.642627	0.1000002	0.0001011011	327.642627
9.89999	6.04E-11	327.667182	0.1000001	0.0001020132	327.667182
9.99999	6.06E-11	327.691806	0.1	0.0001029261	327.691806
9.9	4.72E-11	327.716316	0.0999999	0.0001019999	327.716316
9.8	4.48E-11	327.740853	0.1000001	0.0001010787	327.740853
9.7	4.25E-11	327.765378	0.0999998	0.0001001601	327.765378
9.6	4.05E-11	327.789987	0.1000001	9.92441E-05	327.789987
9.5	3.93E-11	327.814507	0.1000002	9.83276E-05	327.814507
9.4	3.82E-11	327.839034	0.0999997	9.74145E-05	327.839034
9.3	3.71E-11	327.863558	0.0999999	9.65014E-05	327.863558
9.2	3.59E-11	327.888196	0.1	9.5592E-05	327.888196
9.1	3.53E-11	327.912729	0.0999999	9.46817E-05	327.912729
9	3.45E-11	327.937294	0.0999999	9.37707E-05	327.937294
8.9	3.4E-11	327.961854	0.1000001	9.28669E-05	327.961854
8.8	3.3E-11	327.986408	0.1000002	9.1959E-05	327.986408
8.7	3.27E-11	328.011027	0.0999998	9.10495E-05	328.011027
8.6	3.82E-11	328.071017	0.1000002	9.01457E-05	328.071017
8.5	3.28E-11	328.095558	0.0999998	8.92388E-05	328.095558
8.4	3.2E-11	328.120078	0.0999999	8.83328E-05	328.120078
8.3	3.14E-11	328.144617	0.0999998	8.74292E-05	328.144617
8.2	3.08E-11	328.169306	0.1000001	8.65255E-05	328.169306
8.1	3.01E-11	328.19384	0.1	8.56233E-05	328.19384
8	2.96E-11	328.218373	0.1	8.47219E-05	328.218373
7.9	2.89E-11	328.242898	0.1	8.38232E-05	328.242898
7.8	2.84E-11	328.267461	0.0999997	8.29235E-05	328.267461
7.7	2.79E-11	328.291964	0.1000001	8.2025E-05	328.291964
7.6	2.77E-11	328.316499	0.1	8.11284E-05	328.316499
7.5	2.73E-11	328.340966	0.0999998	8.02336E-05	328.340966
7.4	2.74E-11	328.365527	0.1	7.93386E-05	328.365527
7.3	2.69E-11	328.390146	0.0999998	7.84429E-05	328.390146
7.2	2.8E-11	328.415143	0.0999996	7.75499E-05	328.415143
7.1	2.56E-11	328.439675	0.1000001	7.66577E-05	328.439675
7	2.57E-11	328.464193	0.1	7.57652E-05	328.464193
6.9	2.46E-11	328.488703	0.1	7.48742E-05	328.488703
6.8	2.48E-11	328.51322	0.1	7.39848E-05	328.51322
6.7	3.03E-11	328.572079	0.0999999	7.31011E-05	328.572079
6.6	2.56E-11	328.596647	0.1	7.22127E-05	328.596647
6.5	2.49E-11	328.62118	0.0999999	7.13252E-05	328.62118
6.4	2.45E-11	328.645744	0.0999998	7.04371E-05	328.645744
6.3	2.3E-11	328.67032	0.1	6.95513E-05	328.67032
6.2	2.34E-11	328.69494	0.1	6.86666E-05	328.69494
6.1	2.3E-11	328.719504	0.1	6.77815E-05	328.719504
6	2.24E-11	328.744019	0.1	6.68985E-05	328.744019
5.9	2.18E-11	328.768548	0.1	6.60152E-05	328.768548
5.8	2.16E-11	328.793056	0.1	6.51333E-05	328.793056
5.7	2.09E-11	328.817574	0.1	6.42524E-05	328.817574
5.6	2.04E-11	328.842087	0.0999999	6.33715E-05	328.842087
5.5	1.95E-11	328.866614	0.1	6.24919E-05	328.866614
5.4	1.93E-11	328.891209	0.1000001	6.16141E-05	328.891209
5.3	1.95E-11	328.91572	0.1000001	6.07352E-05	328.91572
5.2	1.88E-11	328.94026	0.1000001	5.98574E-05	328.94026
5.1	1.84E-11	328.964798	0.0999998	5.89812E-05	328.964798
5	1.81E-11	328.989339	0.1000001	5.81064E-05	328.989339
4.9	1.75E-11	329.013948	0.0999998	5.72317E-05	329.013948
4.8	2.31E-11	329.07401	0.1	5.63626E-05	329.07401
4.7	1.83E-11	329.09856	0.1	5.54886E-05	329.09856
4.6	1.7E-11	329.123098	0.0999998	5.46163E-05	329.123098
4.5	1.65E-11	329.147607	0.1	5.37456E-05	329.147607
4.4	1.6E-11	329.172184	0.1	5.28746E-05	329.172184
4.3	1.53E-11	329.196691	0.0999998	5.20046E-05	329.196691
4.2	1.48E-11	329.221246	0.0999999	5.11348E-05	329.221246
4.1	1.43E-11	329.245781	0.1	5.02667E-05	329.245781
4	1.36E-11	329.2703	0.0999999	4.93989E-05	329.2703
3.9	1.28E-11	329.294813	0.0999999	4.85322E-05	329.294813
3.8	1.23E-11	329.319353	0.1000001	4.76661E-05	329.319353
3.7	1.22E-11	329.343946	0.1	4.6801E-05	329.343946
3.6	1.11E-11	329.368479	0.0999998	4.59359E-05	329.368479
3.5	1.02E-11	329.39308	0.1000001	4.50726E-05	329.39308
3.4	9.9E-12	329.417583	0.0999999	4.421E-05	329.417583
3.3	9.4E-12	329.442134	0.0999998	4.33485E-05	329.442134
3.2	8.1E-12	329.466583	0.1000001	4.24868E-05	329.466583
3.1	8.2E-12	329.491108	0.1	4.16265E-05	329.491108
3	7.6E-12	329.515635	0.0999998	4.0768E-05	329.515635
2.9	1.32E-11	329.570626	0.0999999	3.99136E-05	329.570626
2.8	7.5E-12	329.595146	0.0999999	3.90544E-05	329.595146
2.7	6.8E-12	329.619663	0.1	3.81973E-05	329.619663
2.6	5.5E-12	329.644178	0.0999999	3.73411E-05	329.644178
2.5	4.3E-12	329.668709	0.0999999	3.64852E-05	329.668709
2.4	3.4E-12	329.693308	0.1	3.56302E-05	329.693308
2.3	2.8E-12	329.717836	0.0999998	3.47767E-05	329.717836
2.2	1.9E-12	329.742369	0.0999998	3.39247E-05	329.742369
2.099999	4.4E-12	329.768807	0.1000001	3.30771E-05	329.768807
2	-4E-13	329.793395	0.1000001	3.22267E-05	329.793395
1.9	-1.8E-12	329.817908	0.1000001	3.1378E-05	329.817908
1.8	-2.8E-12	329.842428	0.1	3.05297E-05	329.842428
1.7	-3.7E-12	329.866934	0.1000002	2.96828E-05	329.866934
1.6	-4.9E-12	329.891575	0.0999999	2.88376E-05	329.891575
1.5	-6.1E-12	329.916085	0.0999999	2.79942E-05	329.916085
1.4	-7.1E-12	329.940636	0.0999999	2.71513E-05	329.940636
1.3	-8.8E-12	329.965156	0.0999999	2.63111E-05	329.965156
1.2	-1E-11	329.989708	0.0999998	2.54728E-05	329.989708
1.1	-1.13E-11	330.014263	0.0999999	2.46362E-05	330.014263
1	-6.8E-12	330.076717	0.1	2.38081E-05	330.076717
0.9	-1.26E-11	330.101304	0.1	2.29752E-05	330.101304
0.8	-1.53E-11	330.125827	0.0999999	2.21467E-05	330.125827
0.7	-1.75E-11	330.15036	0.0999999	2.13225E-05	330.15036
0.6	-1.97E-11	330.174983	0.0999998	2.05016E-05	330.174983
0.5	-2.19E-11	330.19952	0.1000001	1.96861E-05	330.19952
0.4	-2.39E-11	330.224052	0.0999999	1.88756E-05	330.224052
0.3	-2.63E-11	330.248558	0.0999998	1.80704E-05	330.248558
0.1999998	-2.56E-11	330.274983	0.1	1.72711E-05	330.274983
0.0999997	-3.07E-11	330.299526	0.1000001	1.64772E-05	330.299526
-4E-07	-3.31E-11	330.324031	0.0999999	1.56884E-05	330.324031
