#scan	iMeasureCycle=1	iMux=0	time=0.021	N=401	LocalTime=19/04/2023 20:49:39
#VGate(V)	IGate(A)	time(s)	VDrain(V)	IDrain(A)	time(s)
-1E-07	-1.592E-10	0.023879	0.1	8.60091E-06	0.023879
-0.1000003	-2.185E-10	0.048752	0.1000001	7.87176E-06	0.048752
-0.2000005	-2.667E-10	0.073285	0.1	7.15562E-06	0.073285
-0.300001	-1.981E-10	0.097979	0.0999999	6.4524E-06	0.097979
-0.4	-1.142E-10	0.122505	0.1	5.76613E-06	0.122505
-0.500001	-8.94E-11	0.147013	0.0999998	5.09918E-06	0.147013
-0.6	-7.68E-11	0.171586	0.0999999	4.4551E-06	0.171586
-0.7	-6.94E-11	0.196097	0.1	3.83722E-06	0.196097
-0.8	-6.44E-11	0.220652	0.0999998	3.25158E-06	0.220652
-0.9	-6.17E-11	0.245155	0.0999998	2.703E-06	0.245155
-1	-5.96E-11	0.269672	0.1000001	2.197E-06	0.269672
-1.1	-5.82E-11	0.294216	0.1	1.73866E-06	0.294216
-1.2	-5.73E-11	0.318731	0.0999999	1.33345E-06	0.318731
-1.3	-5.67E-11	0.343276	0.0999999	9.8505E-07	0.343276
-1.4	-5.23E-11	0.370612	0.0999996	6.96848E-07	0.370612
-1.5	-5.58E-11	0.39511	0.0999995	4.65085E-07	0.39511
-1.6	-5.54E-11	0.419733	0.0999995	2.90036E-07	0.419733
-1.7	-5.52E-11	0.444315	0.0999998	1.6637E-07	0.444315
-1.8	-4.95E-11	0.482087	0.0999941	8.74074E-08	0.482087
-1.900001	-6.79E-11	0.505427	0.100007	3.98926E-08	0.505427
-2.000001	-6.99E-11	0.528646	0.1000044	1.58283E-08	0.528646
-2.1	-4.72E-11	0.59172	0.0999995	5.6554E-09	0.59172
-2.2	-6.82E-11	0.615135	0.1000009	1.5507E-09	0.615135
-2.3	-6.81E-11	0.638425	0.1000003	3.562E-10	0.638425
-2.4	-6.92E-11	0.661704	0.1000003	6.28E-11	0.661704
-2.5	-7.06E-11	0.684979	0.1000004	3.3E-12	0.684979
-2.6	-7.14E-11	0.708201	0.1000004	-7.3E-12	0.708201
-2.7	-6.98E-11	0.731526	0.1000002	-9E-12	0.731526
-2.8	-7E-11	0.754815	0.1000003	-9.3E-12	0.754815
-2.9	-7.25E-11	0.77804	0.1000003	-8.8E-12	0.77804
-3	-7.31E-11	0.801256	0.1000001	-9E-12	0.801256
-3.1	-7.23E-11	0.824526	0.1000003	-8.7E-12	0.824526
-3.2	-7.14E-11	0.847836	0.1000002	-9.2E-12	0.847836
-3.3	-7.3E-11	0.871081	0.1000002	-8.8E-12	0.871081
-3.4	-7.43E-11	0.894293	0.1000004	-8.6E-12	0.894293
-3.5	-7.25E-11	0.917676	0.1000003	-9.4E-12	0.917676
-3.6	-7.49E-11	0.940888	0.1000004	-8.6E-12	0.940888
-3.7	-7.51E-11	0.964105	0.1000001	-8.8E-12	0.964105
-3.8	-7.41E-11	0.987397	0.1000002	-8.7E-12	0.987397
-3.9	-7.41E-11	1.010676	0.1000001	-8.6E-12	1.010676
-4	-7.6E-11	1.033882	0.1000003	-8.4E-12	1.033882
-4.1	-5.5E-11	1.087887	0.1000002	-1.03E-11	1.087887
-4.2	-7.47E-11	1.111127	0.1000001	-8.5E-12	1.111127
-4.3	-7.54E-11	1.134353	0.1000003	-8.8E-12	1.134353
-4.4	-7.63E-11	1.157555	0.1000002	-8.6E-12	1.157555
-4.5	-7.53E-11	1.180883	0.1000003	-8.9E-12	1.180883
-4.6	-7.51E-11	1.204173	0.1000003	-8.8E-12	1.204173
-4.7	-7.74E-11	1.227398	0.1000004	-8.2E-12	1.227398
-4.8	-7.61E-11	1.250687	0.1000002	-8.4E-12	1.250687
-4.9	-7.66E-11	1.273971	0.1000002	-8.7E-12	1.273971
-5	-7.86E-11	1.29719	0.1000001	-8.3E-12	1.29719
-5.1	-7.9E-11	1.320402	0.1000002	-8.1E-12	1.320402
-5.2	-7.91E-11	1.343617	0.1000003	-8.3E-12	1.343617
-5.3	-7.77E-11	1.366918	0.1000003	-8.3E-12	1.366918
-5.4	-7.75E-11	1.390216	0.1000004	-8.5E-12	1.390216
-5.5	-7.94E-11	1.413517	0.1000002	-8.4E-12	1.413517
-5.6	-7.84E-11	1.436813	0.1000001	-8.1E-12	1.436813
-5.7	-7.82E-11	1.46009	0.1000001	-8.4E-12	1.46009
-5.8	-8.05E-11	1.483321	0.1000002	-7.9E-12	1.483321
-5.9	-8.01E-11	1.506599	0.1000003	-8.1E-12	1.506599
-6	-8.08E-11	1.529834	0.1000001	-8E-12	1.529834
-6.1	-5.97E-11	1.589213	0.1000001	-9.6E-12	1.589213
-6.2	-7.94E-11	1.612441	0.1000002	-7.8E-12	1.612441
-6.3	-8.02E-11	1.635649	0.1000002	-8.1E-12	1.635649
-6.4	-8.07E-11	1.65886	0.1000003	-7.8E-12	1.65886
-6.5	-7.94E-11	1.682284	0.1000004	-7.9E-12	1.682284
-6.6	-8.16E-11	1.705492	0.1000003	-7.7E-12	1.705492
-6.7	-8.22E-11	1.728725	0.1000003	-8.1E-12	1.728725
-6.8	-8.04E-11	1.752023	0.1000001	-8E-12	1.752023
-6.9	-8.05E-11	1.775315	0.1000001	-7.8E-12	1.775315
-7	-8.26E-11	1.79853	0.1000002	-7.8E-12	1.79853
-7.1	-8.33E-11	1.821739	0.1000004	-7.8E-12	1.821739
-7.2	-8.16E-11	1.845084	0.1000002	-8.5E-12	1.845084
-7.3	-8.05E-11	1.868417	0.1000003	-7.7E-12	1.868417
-7.4	-8.26E-11	1.891664	0.1000002	-8.1E-12	1.891664
-7.5	-8.41E-11	1.914964	0.1000002	-7.4E-12	1.914964
-7.6	-8.24E-11	1.93828	0.1000003	-8.1E-12	1.93828
-7.7	-8.21E-11	1.961571	0.1000001	-8.1E-12	1.961571
-7.8	-8.4E-11	1.984887	0.1000003	-7.7E-12	1.984887
-7.9	-8.23E-11	2.008191	0.1000003	-8E-12	2.008191
-8	-8.27E-11	2.031457	0.1000001	-7.6E-12	2.031457
-8.1	-6.34E-11	2.0863	0.1000002	-9.1E-12	2.0863
-8.2	-8.07E-11	2.109607	0.1000002	-7.9E-12	2.109607
-8.3	-8.31E-11	2.132833	0.1000004	-7.7E-12	2.132833
-8.4	-8.43E-11	2.156059	0.1000003	-7.3E-12	2.156059
-8.5	-8.22E-11	2.179411	0.1000002	-7.6E-12	2.179411
-8.6	-8.18E-11	2.202751	0.1000002	-8.3E-12	2.202751
-8.7	-8.43E-11	2.225991	0.1000005	-7.5E-12	2.225991
-8.8	-8.46E-11	2.249217	0.1000003	-7.7E-12	2.249217
-8.9	-8.39E-11	2.2725	0.1000002	-7.8E-12	2.2725
-9	-8.4E-11	2.2958	0.1000003	-7.5E-12	2.2958
-9.1	-8.56E-11	2.319005	0.1000003	-7.4E-12	2.319005
-9.2	-8.58E-11	2.342232	0.1000003	-8E-12	2.342232
-9.3	-8.41E-11	2.365525	0.1000003	-8.3E-12	2.365525
-9.4	-8.43E-11	2.388831	0.1000003	-7.9E-12	2.388831
-9.5	-8.63E-11	2.412146	0.1000002	-7.7E-12	2.412146
-9.6	-8.48E-11	2.435441	0.1000003	-7.7E-12	2.435441
-9.7	-8.44E-11	2.458869	0.1000002	-7.7E-12	2.458869
-9.8	-8.69E-11	2.482079	0.1000003	-7.5E-12	2.482079
-9.9	-8.71E-11	2.505346	0.1000004	-7.5E-12	2.505346
-10	-8.54E-11	2.528626	0.1000002	-8E-12	2.528626
-9.90001	-4.52E-11	2.551857	0.0999998	-1.13E-11	2.551857
-9.80001	-5.98E-11	2.587927	0.1	-9.6E-12	2.587927
-9.70001	-3.84E-11	2.611175	0.0999998	-1.11E-11	2.611175
-9.60001	-3.65E-11	2.634393	0.0999999	-1.11E-11	2.634393
-9.50001	-3.53E-11	2.657622	0.1	-1.12E-11	2.657622
-9.40001	-3.51E-11	2.680959	0.0999999	-1.08E-11	2.680959
-9.30001	-3.25E-11	2.704193	0.0999999	-1.14E-11	2.704193
-9.20001	-3.14E-11	2.727433	0.0999999	-1.1E-11	2.727433
-9.10001	-3.03E-11	2.75065	0.0999998	-1.1E-11	2.75065
-9.00001	-3.13E-11	2.773932	0.0999999	-1.14E-11	2.773932
-8.90001	-2.94E-11	2.797149	0.0999999	-1.15E-11	2.797149
-8.80001	-2.86E-11	2.820366	0.0999999	-1.14E-11	2.820366
-8.70001	-2.81E-11	2.843628	0.0999998	-1.14E-11	2.843628
-8.60001	-2.85E-11	2.866909	0.0999999	-1.12E-11	2.866909
-8.50001	-2.81E-11	2.890202	0.0999998	-1.14E-11	2.890202
-8.40001	-2.55E-11	2.913501	0.0999998	-1.12E-11	2.913501
-8.30001	-2.68E-11	2.936799	0.0999999	-1.1E-11	2.936799
-8.20001	-2.7E-11	2.960083	0.0999997	-1.12E-11	2.960083
-8.10001	-2.39E-11	2.983308	0.0999999	-1.12E-11	2.983308
-8.00001	-2.37E-11	3.006528	0.0999998	-1.17E-11	3.006528
-7.90001	-2.51E-11	3.029823	0.0999999	-1.15E-11	3.029823
-7.80001	-2.44E-11	3.053103	0.1	-1.19E-11	3.053103
-7.70001	-4.26E-11	3.093495	0.1000001	-9.5E-12	3.093495
-7.6	-2.34E-11	3.116719	0.0999998	-1.19E-11	3.116719
-7.50001	-2.19E-11	3.139936	0.0999998	-1.12E-11	3.139936
-7.40001	-2.23E-11	3.16319	0.0999998	-1.09E-11	3.16319
-7.30001	-2.14E-11	3.186464	0.0999998	-1.14E-11	3.186464
-7.2	-2.06E-11	3.209686	0.0999998	-1.14E-11	3.209686
-7.10001	-2.21E-11	3.232998	0.0999998	-1.18E-11	3.232998
-7.00001	-2.16E-11	3.256277	0.0999998	-1.16E-11	3.256277
-6.90001	-1.96E-11	3.279489	0.0999998	-1.16E-11	3.279489
-6.80001	-1.88E-11	3.302711	0.0999997	-1.18E-11	3.302711
-6.70001	-1.87E-11	3.325929	0.0999999	-1.18E-11	3.325929
-6.60001	-2.02E-11	3.349211	0.0999999	-1.13E-11	3.349211
-6.50001	-2.01E-11	3.372507	0.1	-1.13E-11	3.372507
-6.40001	-1.79E-11	3.395719	0.1	-1.18E-11	3.395719
-6.30001	-1.71E-11	3.419016	0.1	-1.16E-11	3.419016
-6.20001	-1.83E-11	3.442308	0.0999998	-1.18E-11	3.442308
-6.10001	-1.64E-11	3.465514	0.0999999	-1.15E-11	3.465514
-6.00001	-1.6E-11	3.488728	0.0999997	-1.17E-11	3.488728
-5.90001	-1.58E-11	3.51199	0.0999999	-1.16E-11	3.51199
-5.80001	-1.78E-11	3.535321	0.0999998	-1.16E-11	3.535321
-5.70001	-3.61E-11	3.595064	0.1	-1.02E-11	3.595064
-5.60001	-1.63E-11	3.618291	0.0999997	-1.21E-11	3.618291
-5.50001	-1.71E-11	3.641587	0.0999999	-1.19E-11	3.641587
-5.40001	-1.43E-11	3.664789	0.1	-1.2E-11	3.664789
-5.30001	-1.44E-11	3.688062	0.0999998	-1.21E-11	3.688062
-5.20001	-1.34E-11	3.711286	0.0999997	-1.24E-11	3.711286
-5.1	-1.47E-11	3.734592	0.0999999	-1.21E-11	3.734592
-5.00001	-1.26E-11	3.757798	0.1	-1.23E-11	3.757798
-4.90001	-1.2E-11	3.781011	0.0999998	-1.21E-11	3.781011
-4.80001	-1.19E-11	3.804317	0.0999998	-1.22E-11	3.804317
-4.7	-1.31E-11	3.82761	0.0999997	-1.19E-11	3.82761
-4.60001	-1.1E-11	3.85088	0.1	-1.26E-11	3.85088
-4.50001	-1.09E-11	3.874098	0.0999998	-1.24E-11	3.874098
-4.40001	-1E-11	3.897318	0.0999999	-1.26E-11	3.897318
-4.3	-1.12E-11	3.920688	0.0999998	-1.18E-11	3.920688
-4.20001	-8.7E-12	3.943898	0.0999997	-1.23E-11	3.943898
-4.10001	-1E-11	3.967193	0.0999999	-1.28E-11	3.967193
-4.00001	-8.3E-12	3.990404	0.0999999	-1.25E-11	3.990404
-3.90001	-8.6E-12	4.013707	0.0999998	-1.25E-11	4.013707
-3.80001	-6.8E-12	4.036907	0.0999999	-1.25E-11	4.036907
-3.70001	-2.79E-11	4.096552	0.0999999	-1.1E-11	4.096552
-3.60001	-9.4E-12	4.119863	0.0999998	-1.25E-11	4.119863
-3.50001	-8.4E-12	4.143144	0.0999998	-1.25E-11	4.143144
-3.40001	-6E-12	4.166384	0.0999996	-1.28E-11	4.166384
-3.30001	-5E-12	4.189643	0.0999998	-1.29E-11	4.189643
-3.20001	-5.7E-12	4.212948	0.1	-1.27E-11	4.212948
-3.10001	-4.1E-12	4.236184	0.0999999	-1.3E-11	4.236184
-3.00001	-5E-12	4.259477	0.1	-1.31E-11	4.259477
-2.90001	-2.3E-12	4.282682	0.0999998	-1.3E-11	4.282682
-2.80001	-3.6E-12	4.305971	0.0999999	-1.29E-11	4.305971
-2.70001	-9E-13	4.329175	0.0999999	-1.23E-11	4.329175
-2.60001	-4E-13	4.352411	0.0999999	-7.8E-12	4.352411
-2.50001	3E-13	4.375624	0.0999998	1.92E-11	4.375624
-2.40001	-5E-13	4.398911	0.1	1.569E-10	4.398911
-2.30001	2E-12	4.422219	0.0999999	7.47E-10	4.422219
-2.20001	1.1E-12	4.445512	0.1000008	2.8223E-09	4.445512
-2.099999	-1.4E-11	4.470797	0.1000033	8.8764E-09	4.470797
-2	2.2E-12	4.494104	0.1000041	2.38446E-08	4.494104
-1.9	4.3E-12	4.517372	0.1000026	5.52407E-08	4.517372
-1.800001	-1.84E-11	4.598072	0.0999998	1.07658E-07	4.598072
-1.7	-1.22E-11	4.622622	0.1000005	2.02416E-07	4.622622
-1.6	-1.02E-11	4.647114	0.1000007	3.41423E-07	4.647114
-1.5	-8.7E-12	4.671657	0.1000007	5.3161E-07	4.671657
-1.4	-7.5E-12	4.696246	0.1000009	7.77509E-07	4.696246
-1.300001	-1.11E-11	4.731083	0.1000001	1.0754E-06	4.731083
-1.200001	-5.9E-12	4.755611	0.1000003	1.43859E-06	4.755611
-1.100001	-4.1E-12	4.780131	0.1	1.8546E-06	4.780131
-1	-3E-12	4.80465	0.0999997	2.32109E-06	4.80465
-0.9	-1.3E-12	4.829164	0.1000003	2.8329E-06	4.829164
-0.8	0	4.85373	0.1	3.38552E-06	4.85373
-0.7	1.3E-12	4.878224	0.1000005	3.97272E-06	4.878224
-0.6	2.9E-12	4.902746	0.1000001	4.59049E-06	4.902746
-0.500001	4.5E-12	4.927343	0.1	5.23358E-06	4.927343
-0.4	5.5E-12	4.951882	0.1000001	5.8986E-06	4.951882
-0.3	7.7E-12	4.976394	0.1000001	6.58149E-06	4.976394
-0.2	5.5E-12	5.002806	0.1	7.28001E-06	5.002806
-0.0999998	1.06E-11	5.027303	0.1000001	7.99239E-06	5.027303
5E-07	1.23E-11	5.051815	0.1000001	8.71514E-06	5.051815
0.0999999	7.8E-12	5.106247	0.0999998	9.43885E-06	5.106247
0.2000003	1.52E-11	5.13076	0.1000001	1.018207E-05	5.13076
0.299999	1.18E-11	5.165626	0.1000001	1.09217E-05	5.165626
0.4	1.82E-11	5.190236	0.1000001	1.16792E-05	5.190236
0.5	2.06E-11	5.214781	0.0999999	1.24425E-05	5.214781
0.6	2.28E-11	5.239332	0.1000002	1.32118E-05	5.239332
0.7	2.5E-11	5.263835	0.1000001	1.39863E-05	5.263835
0.799999	2.66E-11	5.288402	0.1	1.47656E-05	5.288402
0.899999	2.9E-11	5.312969	0.1000002	1.555E-05	5.312969
0.999999	3.06E-11	5.33747	0.0999999	1.63382E-05	5.33747
1.1	3.23E-11	5.361971	0.1000001	1.71302E-05	5.361971
1.2	3.4E-11	5.386482	0.1	1.79243E-05	5.386482
1.3	3.64E-11	5.410977	0.0999999	1.87213E-05	5.410977
1.399999	3.67E-11	5.43557	0.0999999	1.95188E-05	5.43557
1.5	3.84E-11	5.460074	0.1000002	2.0319E-05	5.460074
1.599999	3.95E-11	5.484581	0.1000004	2.11211E-05	5.484581
1.699999	3.99E-11	5.509191	0.0999999	2.19238E-05	5.509191
1.8	4.11E-11	5.533721	0.1000002	2.27273E-05	5.533721
1.9	4.17E-11	5.558253	0.1000001	2.35321E-05	5.558253
1.999999	3.67E-11	5.600703	0.1000001	2.43295E-05	5.600703
2.099999	4.19E-11	5.625345	0.0999999	2.51394E-05	5.625345
2.19999	4.25E-11	5.650068	0.1	2.59421E-05	5.650068
2.29999	4.37E-11	5.674623	0.1	2.67513E-05	5.674623
2.39999	4.44E-11	5.699192	0.1000003	2.75612E-05	5.699192
2.49999	4.46E-11	5.723764	0.1	2.83707E-05	5.723764
2.59999	4.62E-11	5.748291	0.0999999	2.91818E-05	5.748291
2.69999	4.57E-11	5.77286	0.1000002	2.9993E-05	5.77286
2.79999	4.62E-11	5.797369	0.1000002	3.08054E-05	5.797369
2.89999	4.66E-11	5.821917	0.1000001	3.1618E-05	5.821917
2.99999	4.69E-11	5.846486	0.1000002	3.24315E-05	5.846486
3.09999	4.72E-11	5.870998	0.1	3.3245E-05	5.870998
3.19999	4.77E-11	5.895513	0.1000002	3.40599E-05	5.895513
3.29999	4.85E-11	5.919994	0.1000002	3.48764E-05	5.919994
3.39999	4.86E-11	5.944512	0.1000002	3.56934E-05	5.944512
3.49999	4.85E-11	5.969027	0.1000001	3.65096E-05	5.969027
3.59999	4.9E-11	5.993563	0.1000001	3.73281E-05	5.993563
3.69999	4.93E-11	6.018107	0.0999999	3.81461E-05	6.018107
3.79999	4.98E-11	6.042627	0.1	3.89651E-05	6.042627
3.89999	4.1E-11	6.121027	0.1000001	3.97675E-05	6.121027
3.99999	4.65E-11	6.145565	0.1000001	4.05945E-05	6.145565
4.09999	4.81E-11	6.170097	0.0999999	4.14195E-05	6.170097
4.19999	4.85E-11	6.194691	0.0999999	4.22436E-05	6.194691
4.29999	4.9E-11	6.219265	0.1000002	4.30683E-05	6.219265
4.39999	4.95E-11	6.243796	0.0999999	4.38933E-05	6.243796
4.49999	5.01E-11	6.268317	0.0999999	4.47198E-05	6.268317
4.59999	5.04E-11	6.29285	0.1000002	4.55445E-05	6.29285
4.69999	5.07E-11	6.317366	0.1000002	4.63719E-05	6.317366
4.79999	5.14E-11	6.341877	0.1000002	4.72003E-05	6.341877
4.89999	5.15E-11	6.366397	0.1000001	4.80293E-05	6.366397
4.99999	5.2E-11	6.390898	0.1	4.88587E-05	6.390898
5.09999	5.18E-11	6.415436	0.1	4.96892E-05	6.415436
5.19999	5.22E-11	6.440021	0.1000002	5.05208E-05	6.440021
5.29999	5.3E-11	6.464627	0.1000001	5.13532E-05	6.464627
5.39999	5.23E-11	6.48916	0.1	5.21859E-05	6.48916
5.49999	5.27E-11	6.513727	0.1000002	5.30211E-05	6.513727
5.59999	5.31E-11	6.53826	0.0999999	5.38562E-05	6.53826
5.69999	5.38E-11	6.562783	0.1	5.46915E-05	6.562783
5.79999	4.83E-11	6.601955	0.1000003	5.55229E-05	6.601955
5.89999	5.2E-11	6.626471	0.1000002	5.63629E-05	6.626471
5.99999	5.29E-11	6.650981	0.1000001	5.72037E-05	6.650981
6.09999	5.32E-11	6.675526	0.1000001	5.80441E-05	6.675526
6.19999	5.36E-11	6.700097	0.1000003	5.88851E-05	6.700097
6.29999	5.4E-11	6.724623	0.0999999	5.97266E-05	6.724623
6.39999	5.43E-11	6.749161	0.1000002	6.05698E-05	6.749161
6.49999	5.43E-11	6.773705	0.1	6.14139E-05	6.773705
6.59999	5.45E-11	6.798215	0.0999999	6.22588E-05	6.798215
6.69999	5.47E-11	6.822746	0.1000001	6.31047E-05	6.822746
6.79999	5.48E-11	6.847311	0.1000001	6.39521E-05	6.847311
6.89999	5.54E-11	6.871855	0.1000003	6.47998E-05	6.871855
6.99999	5.54E-11	6.89638	0.1000002	6.56486E-05	6.89638
7.09999	5.43E-11	6.921106	0.1	6.64986E-05	6.921106
7.19999	5.57E-11	6.945647	0.1000002	6.73497E-05	6.945647
7.29999	5.54E-11	6.970149	0.0999999	6.82021E-05	6.970149
7.39999	5.61E-11	6.994658	0.0999998	6.90549E-05	6.994658
7.49999	5.59E-11	7.019187	0.1	6.99096E-05	7.019187
7.59999	5.6E-11	7.043719	0.1000001	7.07645E-05	7.043719
7.69999	4.86E-11	7.105481	0.0999999	7.16081E-05	7.105481
7.79999	5.4E-11	7.130057	0.1000002	7.2469E-05	7.130057
7.89999	5.53E-11	7.15459	0.0999997	7.33294E-05	7.15459
7.99999	5.5E-11	7.17919	0.1	7.41896E-05	7.17919
8.09999	5.58E-11	7.203774	0.0999999	7.50496E-05	7.203774
8.19999	5.61E-11	7.228384	0.1000001	7.59122E-05	7.228384
8.29999	5.63E-11	7.252938	0.1	7.67757E-05	7.252938
8.39999	5.65E-11	7.277441	0.1	7.76387E-05	7.277441
8.49999	5.66E-11	7.302004	0.1	7.85038E-05	7.302004
8.59999	5.7E-11	7.326519	0.0999998	7.93696E-05	7.326519
8.69999	5.68E-11	7.351038	0.1	8.02369E-05	7.351038
8.79999	5.74E-11	7.375536	0.1	8.11042E-05	7.375536
8.89999	5.71E-11	7.400087	0.1000002	8.19722E-05	7.400087
8.99999	5.79E-11	7.424557	0.1000002	8.28418E-05	7.424557
9.09999	5.76E-11	7.44909	0.0999999	8.37139E-05	7.44909
9.19999	5.75E-11	7.473641	0.0999999	8.45853E-05	7.473641
9.29999	5.76E-11	7.498215	0.1	8.54553E-05	7.498215
9.39999	5.8E-11	7.522789	0.0999999	8.63328E-05	7.522789
9.49999	5.75E-11	7.54732	0.1000001	8.72107E-05	7.54732
9.59999	5.19E-11	7.604303	0.1000002	8.80827E-05	7.604303
9.69999	5.66E-11	7.628813	0.1000001	8.89631E-05	7.628813
9.79999	5.74E-11	7.653381	0.1000002	8.98434E-05	7.653381
9.89999	5.75E-11	7.677919	0.1000001	9.07233E-05	7.677919
9.99999	5.77E-11	7.702518	0.1	9.16047E-05	7.702518
9.9	4.5E-11	7.727052	0.1	9.07088E-05	7.727052
9.8	4.16E-11	7.751621	0.1000001	8.98194E-05	7.751621
9.7	3.88E-11	7.776119	0.1	8.89305E-05	7.776119
9.6	3.68E-11	7.800623	0.1000002	8.80459E-05	7.800623
9.5	3.56E-11	7.825129	0.0999999	8.71612E-05	7.825129
9.4	3.5E-11	7.849775	0.1000001	8.62781E-05	7.849775
9.3	3.36E-11	7.874293	0.1000003	8.53962E-05	7.874293
9.2	3.26E-11	7.898808	0.0999999	8.45149E-05	7.898808
9.1	3.15E-11	7.923347	0.0999999	8.36372E-05	7.923347
9	3.06E-11	7.947897	0.0999999	8.2759E-05	7.947897
8.9	3.02E-11	7.972431	0.1	8.18863E-05	7.972431
8.8	2.98E-11	7.996944	0.1000002	8.10098E-05	7.996944
8.7	2.87E-11	8.021479	0.0999997	8.01339E-05	8.021479
8.6	2.77E-11	8.045992	0.0999999	7.92582E-05	8.045992
8.5	3.49E-11	8.108082	0.1000001	7.83885E-05	8.108082
8.4	2.89E-11	8.132652	0.0999999	7.75146E-05	8.132652
8.3	2.75E-11	8.157174	0.0999998	7.66432E-05	8.157174
8.2	2.72E-11	8.181785	0.1	7.57716E-05	8.181785
8.1	2.59E-11	8.206356	0.1000001	7.49023E-05	8.206356
8	2.58E-11	8.230887	0.0999997	7.40344E-05	8.230887
7.9	2.53E-11	8.25542	0.1000001	7.31676E-05	8.25542
7.8	2.46E-11	8.279956	0.0999999	7.2302E-05	8.279956
7.7	2.43E-11	8.304489	0.1	7.14373E-05	8.304489
7.6	2.39E-11	8.329001	0.1	7.05745E-05	8.329001
7.5	2.36E-11	8.353509	0.1000002	6.97114E-05	8.353509
7.4	2.28E-11	8.378023	0.0999999	6.88494E-05	8.378023
7.3	2.31E-11	8.402534	0.0999999	6.79891E-05	8.402534
7.2	2.25E-11	8.427022	0.1000002	6.71307E-05	8.427022
7.1	2.23E-11	8.451539	0.1000001	6.62704E-05	8.451539
7	2.18E-11	8.47616	0.1	6.54132E-05	8.47616
6.9	2.11E-11	8.500674	0.0999999	6.45561E-05	8.500674
6.8	2.07E-11	8.525259	0.0999998	6.37012E-05	8.525259
6.7	2.04E-11	8.549777	0.0999999	6.2846E-05	8.549777
6.6	2.62E-11	8.607706	0.1	6.19981E-05	8.607706
6.5	2.14E-11	8.632283	0.1	6.1143E-05	8.632283
6.4	2.02E-11	8.65683	0.0999998	6.02904E-05	8.65683
6.3	2.01E-11	8.681382	0.0999997	5.94388E-05	8.681382
6.2	1.94E-11	8.705954	0.1000001	5.85885E-05	8.705954
6.1	1.92E-11	8.730463	0.0999999	5.77404E-05	8.730463
6	1.88E-11	8.755023	0.1000001	5.68913E-05	8.755023
5.9	1.8E-11	8.779569	0.0999998	5.6044E-05	8.779569
5.8	1.77E-11	8.804113	0.0999999	5.5197E-05	8.804113
5.7	1.75E-11	8.828646	0.1	5.43502E-05	8.828646
5.6	1.68E-11	8.853239	0.0999999	5.3506E-05	8.853239
5.5	1.62E-11	8.877764	0.0999999	5.26627E-05	8.877764
5.4	1.57E-11	8.902279	0.1	5.18196E-05	8.902279
5.3	1.54E-11	8.926883	0.0999999	5.09772E-05	8.926883
5.2	1.54E-11	8.951431	0.0999999	5.01367E-05	8.951431
5.1	1.46E-11	8.975948	0.1000001	4.92968E-05	8.975948
5	1.41E-11	9.000469	0.1000001	4.84575E-05	9.000469
4.9	1.34E-11	9.024984	0.0999999	4.7619E-05	9.024984
4.8	1.33E-11	9.049498	0.0999998	4.67815E-05	9.049498
4.7	2.09E-11	9.111984	0.0999998	4.59513E-05	9.111984
4.6	1.46E-11	9.136572	0.0999998	4.51155E-05	9.136572
4.5	1.38E-11	9.161087	0.1	4.42798E-05	9.161087
4.4	1.28E-11	9.185672	0.1000001	4.34452E-05	9.185672
4.3	1.15E-11	9.210235	0.0999998	4.26124E-05	9.210235
4.2	1.1E-11	9.234778	0.1	4.17795E-05	9.234778
4.1	1.02E-11	9.259318	0.1000001	4.09488E-05	9.259318
4	9.7E-12	9.283832	0.1	4.01184E-05	9.283832
3.9	9E-12	9.308341	0.0999998	3.92882E-05	9.308341
3.8	8.3E-12	9.332849	0.0999999	3.84592E-05	9.332849
3.7	7.6E-12	9.357342	0.0999999	3.76313E-05	9.357342
3.6	7.2E-12	9.381856	0.0999999	3.68052E-05	9.381856
3.5	6.5E-12	9.406366	0.0999999	3.59792E-05	9.406366
3.4	5.9E-12	9.43091	0.0999999	3.51537E-05	9.43091
3.3	5.4E-12	9.455419	0.0999999	3.43291E-05	9.455419
3.2	5.2E-12	9.479928	0.0999999	3.35064E-05	9.479928
3.1	4.6E-12	9.504459	0.0999999	3.26848E-05	9.504459
3	3.6E-12	9.529029	0.0999999	3.18637E-05	9.529029
2.9	3.1E-12	9.553685	0.0999999	3.1043E-05	9.553685
2.8	9.4E-12	9.615086	0.0999999	3.02292E-05	9.615086
2.7	3.4E-12	9.639637	0.0999999	2.94097E-05	9.639637
2.6	2.1E-12	9.664274	0.0999997	2.85917E-05	9.664274
2.5	8E-13	9.688777	0.1	2.7775E-05	9.688777
2.4	-3E-13	9.713378	0.0999998	2.696E-05	9.713378
2.3	-1.5E-12	9.737895	0.0999997	2.61464E-05	9.737895
2.2	-1.9E-12	9.76247	0.0999999	2.53331E-05	9.76247
2.099999	5E-13	9.788871	0.1	2.45283E-05	9.788871
2	-3.9E-12	9.813377	0.1	2.3718E-05	9.813377
1.9	-5E-12	9.837918	0.0999999	2.29087E-05	9.837918
1.8	-6.3E-12	9.862484	0.1	2.21018E-05	9.862484
1.7	-7.5E-12	9.887039	0.0999999	2.12965E-05	9.887039
1.6	-8.6E-12	9.911541	0.0999999	2.04941E-05	9.911541
1.5	-9.7E-12	9.936185	0.1	1.96928E-05	9.936185
1.4	-1.13E-11	9.960695	0.0999997	1.88937E-05	9.960695
1.3	-1.27E-11	9.985249	0.1	1.80982E-05	9.985249
1.2	-1.39E-11	10.009752	0.1	1.73052E-05	10.009752
1.1	-1.56E-11	10.034274	0.0999999	1.65161E-05	10.034274
1	-1.69E-11	10.058872	0.1000001	1.5731E-05	10.058872
0.9	-1.22E-11	10.116511	0.1	1.49562E-05	10.116511
0.8	-1.9E-11	10.141037	0.0999998	1.41793E-05	10.141037
0.7	-2.14E-11	10.165567	0.0999999	1.34099E-05	10.165567
0.6	-2.35E-11	10.190162	0.0999998	1.26473E-05	10.190162
0.5	-2.57E-11	10.214758	0.1	1.1892E-05	10.214758
0.4	-2.83E-11	10.239273	0.1	1.11445E-05	10.239273
0.3	-3.03E-11	10.26382	0.0999999	1.04041E-05	10.26382
0.2000001	-2.95E-11	10.290216	0.0999999	9.6731E-06	10.290216
0.0999999	-3.12E-11	10.317326	0.0999999	8.95474E-06	10.317326
-4E-07	-3.71E-11	10.341804	0.1	8.23909E-06	10.341804
#scan	iMeasureCycle=2	iMux=0	time=279.83	N=401	LocalTime=19/04/2023 20:54:19
#VGate(V)	IGate(A)	time(s)	VDrain(V)	IDrain(A)	time(s)
0	-1.59E-11	279.83756	0.0999997	8.41202E-06	279.83756
-0.1000004	-2.39E-11	279.862421	0.1000001	7.69115E-06	279.862421
-0.2	-2.53E-11	279.888062	0.0999999	6.98397E-06	279.888062
-0.3	-3.12E-11	279.912875	0.1	6.28943E-06	279.912875
-0.4	-3.41E-11	279.937422	0.1	5.61276E-06	279.937422
-0.5	-3.66E-11	279.961953	0.0999999	4.95692E-06	279.961953
-0.6	-3.84E-11	279.986543	0.0999999	4.32364E-06	279.986543
-0.7	-4.09E-11	280.011028	0.1	3.71786E-06	280.011028
-0.8	-4.23E-11	280.035552	0.1000001	3.1446E-06	280.035552
-0.9	-4.4E-11	280.060048	0.0999997	2.60774E-06	280.060048
-1	-4.57E-11	280.084558	0.1000001	2.1139E-06	280.084558
-1.1	-4.61E-11	280.109061	0.0999999	1.66799E-06	280.109061
-1.2	-4.72E-11	280.133584	0.0999998	1.27457E-06	280.133584
-1.3	-4.87E-11	280.158077	0.0999998	9.3673E-07	280.158077
-1.4	-4.57E-11	280.185397	0.0999996	6.58523E-07	280.185397
-1.5	-5.01E-11	280.209907	0.0999994	4.35997E-07	280.209907
-1.6	-5.1E-11	280.234462	0.0999996	2.692E-07	280.234462
-1.7	-5.21E-11	280.258985	0.0999997	1.52329E-07	280.258985
-1.8	-4.62E-11	280.296645	0.0999946	7.88494E-08	280.296645
-1.900001	-6.7E-11	280.319847	0.1000092	3.52694E-08	280.319847
-2.000001	-6.84E-11	280.343052	0.1000036	1.37669E-08	280.343052
-2.1	-4.6E-11	280.404793	0.0999992	4.7923E-09	280.404793
-2.2	-6.56E-11	280.428281	0.1000006	1.2884E-09	280.428281
-2.3	-6.81E-11	280.451504	0.1000002	2.91E-10	280.451504
-2.4	-6.77E-11	280.474789	0.1000001	5.15E-11	280.474789
-2.5	-6.77E-11	280.498138	0.1000002	1.8E-12	280.498138
-2.6	-7.09E-11	280.521351	0.1000004	-7.3E-12	280.521351
-2.7	-7.15E-11	280.544569	0.1000001	-8.2E-12	280.544569
-2.8	-7.06E-11	280.567903	0.1000001	-8.5E-12	280.567903
-2.9	-7.19E-11	280.591111	0.1000003	-8.4E-12	280.591111
-3	-7.25E-11	280.614337	0.1000002	-8.4E-12	280.614337
-3.1	-7.3E-11	280.637568	0.1000001	-8.4E-12	280.637568
-3.2	-7.18E-11	280.660849	0.1000001	-8.2E-12	280.660849
-3.3	-7.35E-11	280.68406	0.1000002	-7.9E-12	280.68406
-3.4	-7.43E-11	280.707281	0.1000001	-8.4E-12	280.707281
-3.5	-7.5E-11	280.730499	0.1000001	-8.4E-12	280.730499
-3.6	-7.33E-11	280.753789	0.1000001	-8.4E-12	280.753789
-3.7	-7.34E-11	280.777064	0.1000002	-8E-12	280.777064
-3.8	-7.54E-11	280.800289	0.1000003	-7.7E-12	280.800289
-3.9	-7.61E-11	280.823504	0.1000001	-8.4E-12	280.823504
-4	-7.44E-11	280.846812	0.1000002	-8.3E-12	280.846812
-4.1	-5.44E-11	280.901048	0.0999999	-1.01E-11	280.901048
-4.2	-7.29E-11	280.92436	0.1000003	-8E-12	280.92436
-4.3	-7.56E-11	280.947667	0.1000001	-7.8E-12	280.947667
-4.4	-7.58E-11	280.970878	0.1000002	-7.7E-12	280.970878
-4.5	-7.52E-11	280.994218	0.1000002	-7.9E-12	280.994218
-4.6	-7.75E-11	281.017421	0.1000003	-8.1E-12	281.017421
-4.7	-7.75E-11	281.040651	0.0999999	-7.7E-12	281.040651
-4.8	-7.77E-11	281.063858	0.1	-8.1E-12	281.063858
-4.9	-7.6E-11	281.087145	0.1000001	-8.2E-12	281.087145
-5	-7.62E-11	281.110439	0.1000002	-8.4E-12	281.110439
-5.1	-7.81E-11	281.133653	0.1000002	-8E-12	281.133653
-5.2	-7.84E-11	281.156873	0.1000001	-8.1E-12	281.156873
-5.3	-7.68E-11	281.18016	0.1	-8.5E-12	281.18016
-5.4	-7.74E-11	281.203445	0.1000002	-8.3E-12	281.203445
-5.5	-7.98E-11	281.226705	0.1000001	-8E-12	281.226705
-5.6	-7.98E-11	281.249917	0.1000002	-8.5E-12	281.249917
-5.7	-7.85E-11	281.273205	0.1	-8E-12	281.273205
-5.8	-7.92E-11	281.296477	0.1000003	-8.1E-12	281.296477
-5.9	-7.98E-11	281.319699	0.1000002	-8.1E-12	281.319699
-6	-8.05E-11	281.342918	0.1000003	-7.7E-12	281.342918
-6.1	-5.93E-11	281.40235	0.0999998	-9.4E-12	281.40235
-6.2	-7.73E-11	281.425657	0.1000002	-7.9E-12	281.425657
-6.3	-7.96E-11	281.448934	0.1000001	-7.9E-12	281.448934
-6.4	-8.03E-11	281.472156	0.1000001	-8.2E-12	281.472156
-6.5	-7.94E-11	281.495495	0.1	-8.4E-12	281.495495
-6.6	-7.92E-11	281.518781	0.1	-8.1E-12	281.518781
-6.7	-8.13E-11	281.542093	0.1	-8E-12	281.542093
-6.8	-8E-11	281.565431	0.1	-8E-12	281.565431
-6.9	-7.96E-11	281.588709	0.1000001	-8.1E-12	281.588709
-7	-8.24E-11	281.611922	0.1000001	-8E-12	281.611922
-7.1	-8.23E-11	281.63515	0.1000002	-7.6E-12	281.63515
-7.2	-8.11E-11	281.658438	0.1000001	-8E-12	281.658438
-7.3	-8.12E-11	281.681722	0.1000001	-7.7E-12	281.681722
-7.4	-8.24E-11	281.70494	0.1000001	-7.9E-12	281.70494
-7.5	-8.25E-11	281.728174	0.1000001	-8.5E-12	281.728174
-7.6	-8.2E-11	281.751469	0.1000001	-7.9E-12	281.751469
-7.7	-8.22E-11	281.774754	0.1000002	-7.9E-12	281.774754
-7.8	-8.38E-11	281.797989	0.1000002	-7.1E-12	281.797989
-7.9	-8.38E-11	281.8212	0.1000002	-7.4E-12	281.8212
-8	-8.25E-11	281.844501	0.1	-7.5E-12	281.844501
-8.1	-6.34E-11	281.904002	0.1	-9.4E-12	281.904002
-8.2	-8.28E-11	281.927234	0.1000001	-7.5E-12	281.927234
-8.3	-8.28E-11	281.950474	0.1000002	-7.3E-12	281.950474
-8.4	-8.22E-11	281.973769	0.1000003	-7.5E-12	281.973769
-8.5	-8.22E-11	281.997132	0.1000001	-7.6E-12	281.997132
-8.6	-8.43E-11	282.020339	0.1000001	-7.6E-12	282.020339
-8.7	-8.5E-11	282.043559	0.1000001	-7.5E-12	282.043559
-8.8	-8.5E-11	282.066795	0.1000002	-7.5E-12	282.066795
-8.9	-8.37E-11	282.0901	0.1000002	-7.7E-12	282.0901
-9	-8.55E-11	282.113302	0.1	-7.9E-12	282.113302
-9.1	-8.55E-11	282.136531	0.1000002	-7.4E-12	282.136531
-9.2	-8.39E-11	282.159816	0.1000002	-7.5E-12	282.159816
-9.3	-8.36E-11	282.183106	0.1000001	-7.8E-12	282.183106
-9.4	-8.58E-11	282.206324	0.1000003	-7.4E-12	282.206324
-9.5	-8.6E-11	282.229534	0.1000002	-7.6E-12	282.229534
-9.6	-8.51E-11	282.25286	0.1000002	-7.3E-12	282.25286
-9.7	-8.45E-11	282.276152	0.1	-7.3E-12	282.276152
-9.8	-8.66E-11	282.29939	0.1	-7.5E-12	282.29939
-9.9	-8.65E-11	282.322602	0.1000001	-7.5E-12	282.322602
-10	-8.51E-11	282.345895	0.1000001	-7.5E-12	282.345895
-9.90001	-6.04E-11	282.405239	0.0999999	-9.3E-12	282.405239
-9.80001	-3.95E-11	282.428472	0.0999997	-1.05E-11	282.428472
-9.70001	-3.72E-11	282.451789	0.0999997	-1.06E-11	282.451789
-9.60001	-3.67E-11	282.475084	0.0999997	-1.09E-11	282.475084
-9.50001	-3.71E-11	282.498482	0.0999998	-1.09E-11	282.498482
-9.40001	-3.29E-11	282.521697	0.0999998	-1.15E-11	282.521697
-9.30001	-3.27E-11	282.544946	0.0999997	-1.15E-11	282.544946
-9.20001	-3.3E-11	282.568237	0.0999998	-1.15E-11	282.568237
-9.10001	-2.99E-11	282.591502	0.0999997	-1.15E-11	282.591502
-9.00001	-2.95E-11	282.614718	0.0999997	-1.15E-11	282.614718
-8.90001	-2.84E-11	282.637946	0.0999997	-1.11E-11	282.637946
-8.80001	-2.95E-11	282.661255	0.0999999	-1.08E-11	282.661255
-8.70001	-2.71E-11	282.684464	0.0999997	-1.11E-11	282.684464
-8.60001	-2.81E-11	282.707752	0.0999998	-1.14E-11	282.707752
-8.50001	-2.61E-11	282.730969	0.0999998	-1.17E-11	282.730969
-8.40001	-2.66E-11	282.754265	0.0999998	-1.13E-11	282.754265
-8.30001	-2.68E-11	282.777538	0.0999998	-1.14E-11	282.777538
-8.20001	-2.39E-11	282.800766	0.0999999	-1.17E-11	282.800766
-8.10001	-2.55E-11	282.82406	0.0999998	-1.12E-11	282.82406
-8.00001	-2.51E-11	282.847364	0.0999998	-1.11E-11	282.847364
-7.90001	-4.43E-11	282.906889	0.0999999	-9.9E-12	282.906889
-7.80001	-2.64E-11	282.930239	0.0999998	-1.13E-11	282.930239
-7.70001	-2.51E-11	282.953545	0.0999997	-1.15E-11	282.953545
-7.6	-2.26E-11	282.97675	0.0999996	-1.15E-11	282.97675
-7.50001	-2.23E-11	283.000035	0.0999997	-1.17E-11	283.000035
-7.40001	-2.23E-11	283.023271	0.0999998	-1.15E-11	283.023271
-7.30001	-2.28E-11	283.046572	0.0999997	-1.17E-11	283.046572
-7.2	-2.09E-11	283.069797	0.0999998	-1.2E-11	283.069797
-7.10001	-2.02E-11	283.093005	0.0999996	-1.15E-11	283.093005
-7.00001	-1.99E-11	283.116225	0.0999999	-1.18E-11	283.116225
-6.90001	-2.11E-11	283.139509	0.0999997	-1.18E-11	283.139509
-6.80001	-1.89E-11	283.162829	0.0999996	-1.23E-11	283.162829
-6.70001	-2E-11	283.186126	0.0999997	-1.17E-11	283.186126
-6.60001	-1.97E-11	283.209411	0.0999997	-1.2E-11	283.209411
-6.50001	-1.94E-11	283.232696	0.0999996	-1.19E-11	283.232696
-6.40001	-1.72E-11	283.255964	0.0999997	-1.24E-11	283.255964
-6.30001	-1.67E-11	283.279187	0.0999998	-1.25E-11	283.279187
-6.20001	-1.81E-11	283.302488	0.0999998	-1.18E-11	283.302488
-6.10001	-1.65E-11	283.325706	0.0999998	-1.16E-11	283.325706
-6.00001	-1.65E-11	283.348937	0.0999997	-1.18E-11	283.348937
-5.90001	-3.68E-11	283.408312	0.1	-1.09E-11	283.408312
-5.80001	-1.68E-11	283.431541	0.0999997	-1.27E-11	283.431541
-5.70001	-1.82E-11	283.454873	0.0999997	-1.19E-11	283.454873
-5.60001	-1.53E-11	283.478084	0.0999996	-1.22E-11	283.478084
-5.50001	-1.42E-11	283.501349	0.0999996	-1.22E-11	283.501349
-5.40001	-1.39E-11	283.524571	0.0999997	-1.25E-11	283.524571
-5.30001	-1.52E-11	283.54786	0.0999997	-1.22E-11	283.54786
-5.20001	-1.28E-11	283.571062	0.0999997	-1.23E-11	283.571062
-5.1	-1.25E-11	283.59434	0.0999998	-1.25E-11	283.59434
-5.00001	-1.24E-11	283.617564	0.0999997	-1.27E-11	283.617564
-4.90001	-1.33E-11	283.640844	0.0999995	-1.24E-11	283.640844
-4.80001	-1.12E-11	283.664052	0.0999996	-1.27E-11	283.664052
-4.7	-1.13E-11	283.687276	0.0999998	-1.27E-11	283.687276
-4.60001	-1.02E-11	283.710478	0.0999996	-1.24E-11	283.710478
-4.50001	-1.12E-11	283.733763	0.0999999	-1.23E-11	283.733763
-4.40001	-1.1E-11	283.757048	0.0999998	-1.23E-11	283.757048
-4.3	-9.4E-12	283.780278	0.0999997	-1.27E-11	283.780278
-4.20001	-8.5E-12	283.803504	0.0999998	-1.26E-11	283.803504
-4.10001	-9.9E-12	283.826802	0.0999997	-1.24E-11	283.826802
-4.00001	-9.4E-12	283.850083	0.0999997	-1.25E-11	283.850083
-3.90001	-2.83E-11	283.905225	0.0999998	-1.13E-11	283.905225
-3.80001	-8.5E-12	283.928506	0.0999997	-1.27E-11	283.928506
-3.70001	-8.3E-12	283.951753	0.0999998	-1.32E-11	283.951753
-3.60001	-8.1E-12	283.975045	0.0999996	-1.27E-11	283.975045
-3.50001	-8E-12	283.998397	0.0999997	-1.27E-11	283.998397
-3.40001	-5.4E-12	284.021616	0.0999996	-1.3E-11	284.021616
-3.30001	-4.3E-12	284.044826	0.0999997	-1.36E-11	284.044826
-3.20001	-5.4E-12	284.068118	0.0999998	-1.32E-11	284.068118
-3.10001	-5E-12	284.09139	0.0999996	-1.33E-11	284.09139
-3.00001	-1.9E-12	284.11459	0.0999997	-1.34E-11	284.11459
-2.90001	-3.5E-12	284.137871	0.0999997	-1.34E-11	284.137871
-2.80001	-2.7E-12	284.161154	0.0999996	-1.36E-11	284.161154
-2.70001	-2.5E-12	284.184439	0.0999998	-1.23E-11	284.184439
-2.60001	1E-13	284.207634	0.0999999	-9.1E-12	284.207634
-2.50001	9E-13	284.230843	0.0999996	1.3E-11	284.230843
-2.40001	-1.3E-12	284.25423	0.0999998	1.26E-10	284.25423
-2.30001	2.4E-12	284.277444	0.1	6.107E-10	284.277444
-2.20001	3E-12	284.300677	0.1000003	2.355E-09	284.300677
-2.099999	-1.35E-11	284.325792	0.1000026	7.6222E-09	284.325792
-2	4.5E-12	284.349001	0.100002	2.09328E-08	284.349001
-1.900001	-1.64E-11	284.396137	0.1000029	4.7592E-08	284.396137
-1.8	2.5E-12	284.419496	0.0999977	1.012314E-07	284.419496
-1.700001	-1.48E-11	284.459097	0.1000001	1.8552E-07	284.459097
-1.6	-9.5E-12	284.483631	0.1000005	3.1789E-07	284.483631
-1.5	-7.6E-12	284.508192	0.1000006	4.99935E-07	284.508192
-1.4	-6.3E-12	284.532696	0.1000009	7.36247E-07	284.532696
-1.3	-5.2E-12	284.557214	0.1000007	1.029617E-06	284.557214
-1.200001	-9E-12	284.591808	0.1	1.37357E-06	284.591808
-1.100001	-4E-12	284.616335	0.1000001	1.78016E-06	284.616335
-1	-2E-12	284.640843	0.1	2.23455E-06	284.640843
-0.900001	-7E-13	284.665371	0.1000001	2.7344E-06	284.665371
-0.8	2E-13	284.689918	0.1	3.27521E-06	284.689918
-0.700001	2E-12	284.71445	0.1000001	3.85117E-06	284.71445
-0.6	3.4E-12	284.738963	0.1000001	4.45757E-06	284.738963
-0.500001	4.8E-12	284.763564	0.1000001	5.09027E-06	284.763564
-0.400001	6.3E-12	284.788088	0.1000001	5.74507E-06	284.788088
-0.3	7.7E-12	284.812589	0.1000001	6.41855E-06	284.812589
-0.1999998	5.9E-12	284.839012	0.1	7.10751E-06	284.839012
-0.0999996	1.07E-11	284.863516	0.1000001	7.81169E-06	284.863516
-1E-07	5.5E-12	284.919747	0.1000001	8.51754E-06	284.919747
0.1000005	1.27E-11	284.944254	0.1000002	9.24529E-06	284.944254
0.2000002	1.5E-11	284.96876	0.1000001	9.97995E-06	284.96876
0.299999	1.18E-11	285.005606	0.1000003	1.07124E-05	285.005606
0.4	1.85E-11	285.030091	0.1	1.14639E-05	285.030091
0.5	2.08E-11	285.054611	0.1	1.22222E-05	285.054611
0.599999	2.3E-11	285.079173	0.0999999	1.29867E-05	285.079173
0.699999	2.47E-11	285.103719	0.1	1.37575E-05	285.103719
0.8	2.67E-11	285.128229	0.1	1.45349E-05	285.128229
0.899999	2.84E-11	285.152763	0.0999998	1.53175E-05	285.152763
0.999999	3.05E-11	285.177294	0.1000002	1.61053E-05	285.177294
1.1	3.23E-11	285.201819	0.0999999	1.6897E-05	285.201819
1.2	3.35E-11	285.226331	0.1	1.76914E-05	285.226331
1.3	3.53E-11	285.250833	0.1000002	1.84901E-05	285.250833
1.4	3.67E-11	285.275414	0.0999999	1.92905E-05	285.275414
1.5	3.83E-11	285.299944	0.1000002	2.00932E-05	285.299944
1.599999	3.92E-11	285.324492	0.1000002	2.08985E-05	285.324492
1.699999	4.05E-11	285.349024	0.1000001	2.17058E-05	285.349024
1.8	4.12E-11	285.37357	0.1000002	2.25134E-05	285.37357
1.899999	3.57E-11	285.418444	0.0999999	2.33175E-05	285.418444
2	4.09E-11	285.443058	0.1000003	2.41302E-05	285.443058
2.1	4.2E-11	285.467581	0.1000001	2.49418E-05	285.467581
2.19999	4.31E-11	285.492291	0.1000003	2.5749E-05	285.492291
2.29999	4.35E-11	285.516869	0.0999999	2.6563E-05	285.516869
2.39999	4.43E-11	285.541381	0.1	2.73775E-05	285.541381
2.49999	4.44E-11	285.565975	0.0999999	2.81934E-05	285.565975
2.59999	4.58E-11	285.590512	0.1000002	2.90091E-05	285.590512
2.69999	4.62E-11	285.615032	0.1000001	2.98253E-05	285.615032
2.79999	4.64E-11	285.639529	0.0999999	3.06423E-05	285.639529
2.89999	4.67E-11	285.664053	0.1000001	3.14595E-05	285.664053
2.99999	4.74E-11	285.688571	0.1000001	3.22776E-05	285.688571
3.09999	4.79E-11	285.713105	0.1000001	3.30956E-05	285.713105
3.19999	4.82E-11	285.737623	0.0999999	3.39135E-05	285.737623
3.29999	4.84E-11	285.762146	0.1000001	3.4733E-05	285.762146
3.39999	4.88E-11	285.786639	0.1000002	3.55528E-05	285.786639
3.49999	4.89E-11	285.811199	0.0999999	3.63724E-05	285.811199
3.59999	4.91E-11	285.835702	0.1	3.7193E-05	285.835702
3.69999	4.91E-11	285.860262	0.1000001	3.80144E-05	285.860262
3.79999	4.27E-11	285.917314	0.1	3.88255E-05	285.917314
3.89999	4.79E-11	285.94188	0.1	3.96508E-05	285.94188
3.99999	4.85E-11	285.96641	0.1	4.0476E-05	285.96641
4.09999	4.87E-11	285.991115	0.0999999	4.12999E-05	285.991115
4.19999	4.94E-11	286.015692	0.1000002	4.21251E-05	286.015692
4.29999	5E-11	286.040238	0.0999998	4.29502E-05	286.040238
4.39999	5.06E-11	286.06474	0.0999999	4.37767E-05	286.06474
4.49999	5.09E-11	286.089312	0.1000001	4.46028E-05	286.089312
4.59999	5.13E-11	286.113825	0.1000001	4.54295E-05	286.113825
4.69999	5.11E-11	286.138338	0.1	4.62577E-05	286.138338
4.79999	5.21E-11	286.162842	0.1000001	4.70867E-05	286.162842
4.89999	5.24E-11	286.187372	0.1000002	4.79156E-05	286.187372
4.99999	5.28E-11	286.211885	0.1	4.87465E-05	286.211885
5.09999	5.24E-11	286.236415	0.1000002	4.9578E-05	286.236415
5.19999	5.27E-11	286.260981	0.1000002	5.04092E-05	286.260981
5.29999	5.27E-11	286.285554	0.1000002	5.12425E-05	286.285554
5.39999	5.27E-11	286.310087	0.1	5.2076E-05	286.310087
5.49999	5.31E-11	286.334631	0.1000003	5.29113E-05	286.334631
5.59999	5.35E-11	286.359143	0.1000002	5.37465E-05	286.359143
5.69999	4.68E-11	286.418893	0.1000002	5.45728E-05	286.418893
5.79999	5.17E-11	286.443443	0.1000002	5.54124E-05	286.443443
5.89999	5.28E-11	286.467998	0.1000001	5.6253E-05	286.467998
5.99999	5.22E-11	286.492708	0.1000001	5.70941E-05	286.492708
6.09999	5.32E-11	286.517305	0.1000002	5.79346E-05	286.517305
6.19999	5.35E-11	286.541824	0.1000002	5.87761E-05	286.541824
6.29999	5.36E-11	286.566332	0.1000001	5.96191E-05	286.566332
6.39999	5.4E-11	286.590913	0.0999999	6.04631E-05	286.590913
6.49999	5.48E-11	286.61544	0.1000001	6.13077E-05	286.61544
6.59999	5.48E-11	286.639983	0.1	6.2153E-05	286.639983
6.69999	5.51E-11	286.664496	0.0999999	6.29993E-05	286.664496
6.79999	5.48E-11	286.689029	0.1000002	6.38473E-05	286.689029
6.89999	5.53E-11	286.71353	0.0999998	6.46953E-05	286.71353
6.99999	5.47E-11	286.738084	0.1	6.55441E-05	286.738084
7.09999	5.54E-11	286.762665	0.1000002	6.63947E-05	286.762665
7.19999	5.55E-11	286.78721	0.1000001	6.72461E-05	286.78721
7.29999	5.56E-11	286.811789	0.0999999	6.80982E-05	286.811789
7.39999	5.59E-11	286.836333	0.0999999	6.89514E-05	286.836333
7.49999	5.63E-11	286.860842	0.1000001	6.98065E-05	286.860842
7.59999	4.91E-11	286.920462	0.0999999	7.0652E-05	286.920462
7.69999	5.46E-11	286.945044	0.1	7.15122E-05	286.945044
7.79999	5.56E-11	286.969582	0.1000002	7.23694E-05	286.969582
7.89999	5.54E-11	286.994201	0.1000003	7.32292E-05	286.994201
7.99999	5.55E-11	287.018761	0.1	7.40895E-05	287.018761
8.09999	5.59E-11	287.043315	0.1000001	7.49507E-05	287.043315
8.19999	5.66E-11	287.067808	0.0999998	7.58126E-05	287.067808
8.29999	5.67E-11	287.092327	0.0999998	7.66751E-05	287.092327
8.39999	5.62E-11	287.116841	0.0999998	7.75394E-05	287.116841
8.49999	5.65E-11	287.141354	0.1	7.84044E-05	287.141354
8.59999	5.77E-11	287.165863	0.1000001	7.92704E-05	287.165863
8.69999	5.72E-11	287.190475	0.1	8.01371E-05	287.190475
8.79999	5.71E-11	287.214988	0.0999999	8.10053E-05	287.214988
8.89999	5.76E-11	287.239525	0.1000002	8.1874E-05	287.239525
8.99999	5.72E-11	287.264095	0.1	8.27445E-05	287.264095
9.09999	5.73E-11	287.288592	0.1	8.36159E-05	287.288592
9.19999	5.73E-11	287.313131	0.1	8.44884E-05	287.313131
9.29999	5.75E-11	287.337646	0.1000002	8.53591E-05	287.337646
9.39999	5.78E-11	287.362151	0.0999998	8.62347E-05	287.362151
9.49999	5.12E-11	287.421875	0.1	8.7106E-05	287.421875
9.59999	5.61E-11	287.446517	0.1000001	8.79868E-05	287.446517
9.69999	5.73E-11	287.471065	0.1000003	8.88668E-05	287.471065
9.79999	5.72E-11	287.495694	0.1000001	8.9746E-05	287.495694
9.89999	5.77E-11	287.520301	0.1000002	9.06264E-05	287.520301
9.99999	5.81E-11	287.544867	0.1	9.15095E-05	287.544867
9.9	4.49E-11	287.569379	0.0999999	9.06138E-05	287.569379
9.8	4.2E-11	287.59413	0.1	8.97225E-05	287.59413
9.7	3.93E-11	287.618662	0.0999997	8.88353E-05	287.618662
9.6	3.7E-11	287.643175	0.0999997	8.79505E-05	287.643175
9.5	3.59E-11	287.667699	0.1	8.70656E-05	287.667699
9.4	3.45E-11	287.692229	0.1	8.61821E-05	287.692229
9.3	3.36E-11	287.716761	0.0999997	8.53003E-05	287.716761
9.2	3.26E-11	287.741278	0.0999997	8.44207E-05	287.741278
9.1	3.19E-11	287.765811	0.1000002	8.35399E-05	287.765811
9	3.12E-11	287.790382	0.0999997	8.26623E-05	287.790382
8.9	3.08E-11	287.814926	0.0999999	8.17895E-05	287.814926
8.8	2.97E-11	287.83944	0.1000001	8.09147E-05	287.83944
8.7	2.92E-11	287.863986	0.1000003	8.0038E-05	287.863986
8.6	3.49E-11	287.92358	0.0999998	7.91655E-05	287.92358
8.5	2.99E-11	287.94826	0.0999998	7.82898E-05	287.94826
8.4	2.79E-11	287.972761	0.1	7.74165E-05	287.972761
8.3	2.81E-11	287.997466	0.1	7.65457E-05	287.997466
8.2	2.7E-11	288.022039	0.0999999	7.56751E-05	288.022039
8.1	2.64E-11	288.046583	0.1000001	7.48063E-05	288.046583
8	2.57E-11	288.071127	0.0999998	7.39377E-05	288.071127
7.9	2.51E-11	288.095666	0.0999998	7.30712E-05	288.095666
7.8	2.45E-11	288.120191	0.0999999	7.22054E-05	288.120191
7.7	2.42E-11	288.144709	0.1	7.13408E-05	288.144709
7.6	2.37E-11	288.169316	0.1	7.04769E-05	288.169316
7.5	2.39E-11	288.19386	0.0999998	6.96149E-05	288.19386
7.4	2.29E-11	288.218382	0.0999999	6.87529E-05	288.218382
7.3	2.27E-11	288.242891	0.0999998	6.78914E-05	288.242891
7.2	2.38E-11	288.267799	0.0999998	6.70319E-05	288.267799
7.1	2.2E-11	288.292385	0.1	6.61739E-05	288.292385
7	2.17E-11	288.316933	0.1000002	6.53161E-05	288.316933
6.9	2.12E-11	288.341449	0.1	6.44595E-05	288.341449
6.8	2.1E-11	288.365969	0.1000001	6.36044E-05	288.365969
6.7	2.69E-11	288.425048	0.0999999	6.27542E-05	288.425048
6.6	2.19E-11	288.449596	0.0999998	6.18999E-05	288.449596
6.5	2.12E-11	288.474117	0.0999998	6.10453E-05	288.474117
6.4	2.1E-11	288.498876	0.0999998	6.01925E-05	288.498876
6.3	1.98E-11	288.52346	0.0999998	5.93414E-05	288.52346
6.2	1.89E-11	288.547982	0.1	5.84905E-05	288.547982
6.1	1.83E-11	288.572514	0.1	5.76408E-05	288.572514
6	1.89E-11	288.597272	0.0999999	5.67922E-05	288.597272
5.9	1.75E-11	288.621802	0.0999998	5.59454E-05	288.621802
5.8	1.71E-11	288.646342	0.1000002	5.50979E-05	288.646342
5.7	1.7E-11	288.670894	0.1000003	5.42521E-05	288.670894
5.6	1.65E-11	288.695404	0.1000001	5.34071E-05	288.695404
5.5	1.61E-11	288.720014	0.0999999	5.25637E-05	288.720014
5.4	1.55E-11	288.744549	0.1	5.17196E-05	288.744549
5.3	1.53E-11	288.769057	0.0999999	5.0878E-05	288.769057
5.2	1.48E-11	288.793622	0.1000002	5.00379E-05	288.793622
5.1	1.43E-11	288.81816	0.0999998	4.9198E-05	288.81816
5	1.39E-11	288.842705	0.1000001	4.83584E-05	288.842705
4.9	1.35E-11	288.867223	0.1000001	4.75203E-05	288.867223
4.8	1.93E-11	288.922193	0.0999999	4.6688E-05	288.922193
4.7	1.43E-11	288.946775	0.1000002	4.58508E-05	288.946775
4.6	1.31E-11	288.971289	0.1000001	4.50145E-05	288.971289
4.5	1.29E-11	288.995805	0.1000002	4.41792E-05	288.995805
4.4	1.2E-11	289.02039	0.1	4.33455E-05	289.02039
4.3	1.07E-11	289.044911	0.1000001	4.25126E-05	289.044911
4.2	1.03E-11	289.069439	0.0999999	4.16808E-05	289.069439
4.1	9.8E-12	289.09398	0.0999999	4.08495E-05	289.09398
4	9.6E-12	289.11851	0.0999999	4.00189E-05	289.11851
3.9	8.9E-12	289.143039	0.0999999	3.91896E-05	289.143039
3.8	8.3E-12	289.167552	0.0999999	3.83602E-05	289.167552
3.7	7.6E-12	289.192066	0.0999999	3.75321E-05	289.192066
3.6	6.7E-12	289.216575	0.1	3.67061E-05	289.216575
3.5	6.2E-12	289.241139	0.0999999	3.58799E-05	289.241139
3.4	6.7E-12	289.265901	0.1	3.50552E-05	289.265901
3.3	4.9E-12	289.290433	0.0999999	3.42315E-05	289.290433
3.2	4.8E-12	289.314981	0.1000002	3.34085E-05	289.314981
3.1	4.3E-12	289.339526	0.0999998	3.25864E-05	289.339526
3	3.5E-12	289.364087	0.0999999	3.17651E-05	289.364087
2.9	1.04E-11	289.426656	0.0999999	3.09513E-05	289.426656
2.8	4.6E-12	289.451292	0.0999999	3.01305E-05	289.451292
2.7	2.6E-12	289.475797	0.0999999	2.93121E-05	289.475797
2.6	1.8E-12	289.500346	0.1	2.84946E-05	289.500346
2.5	1E-12	289.524901	0.1000002	2.76786E-05	289.524901
2.4	-1E-13	289.549433	0.0999999	2.68635E-05	289.549433
2.3	-1E-12	289.573942	0.1	2.6049E-05	289.573942
2.2	-1.8E-12	289.598484	0.1000001	2.52366E-05	289.598484
2.099999	4E-13	289.624948	0.0999999	2.44327E-05	289.624948
2	-3.8E-12	289.64947	0.0999999	2.36221E-05	289.64947
1.9	-5.1E-12	289.67397	0.0999998	2.28141E-05	289.67397
1.8	-6.2E-12	289.698498	0.0999999	2.20075E-05	289.698498
1.7	-7.6E-12	289.723	0.0999998	2.12028E-05	289.723
1.6	-8.5E-12	289.747532	0.1	2.03999E-05	289.747532
1.5	-1E-11	289.77203	0.0999998	1.95997E-05	289.77203
1.4	-1.11E-11	289.796584	0.0999998	1.88015E-05	289.796584
1.3	-1.27E-11	289.821112	0.0999998	1.80057E-05	289.821112
1.2	-1.39E-11	289.845671	0.1	1.72134E-05	289.845671
1.1	-1.57E-11	289.870169	0.0999998	1.64245E-05	289.870169
1	-1.03E-11	289.929751	0.0999999	1.56457E-05	289.929751
0.9	-1.7E-11	289.954315	0.0999999	1.48647E-05	289.954315
0.8	-1.92E-11	289.978832	0.0999998	1.40898E-05	289.978832
0.7	-2.06E-11	290.003539	0.1	1.3321E-05	290.003539
0.6	-2.34E-11	290.028106	0.0999998	1.25594E-05	290.028106
0.5	-2.56E-11	290.052624	0.0999999	1.18051E-05	290.052624
0.4	-2.81E-11	290.077126	0.0999996	1.10582E-05	290.077126
0.3	-3.03E-11	290.101642	0.1	1.03194E-05	290.101642
0.1999997	-2.91E-11	290.128056	0.0999999	9.5895E-06	290.128056
0.1	-3.14E-11	290.155131	0.0999999	8.87176E-06	290.155131
-6E-07	-3.73E-11	290.179648	0.1	8.15781E-06	290.179648
#scan	iMeasureCycle=3	iMux=0	time=319.852	N=401	LocalTime=19/04/2023 20:54:59
#VGate(V)	IGate(A)	time(s)	VDrain(V)	IDrain(A)	time(s)
-1E-07	-1.56E-11	319.8595	0.0999997	8.32776E-06	319.8595
-0.1000003	-2.36E-11	319.884391	0.1000001	7.60955E-06	319.884391
-0.1999999	-2.47E-11	319.910187	0.0999998	6.90537E-06	319.910187
-0.3	-3.09E-11	319.934913	0.0999998	6.21429E-06	319.934913
-0.4	-3.37E-11	319.95945	0.0999999	5.54141E-06	319.95945
-0.5	-3.64E-11	319.983954	0.0999999	4.88882E-06	319.983954
-0.6	-3.86E-11	320.00851	0.1	4.25981E-06	320.00851
-0.7	-4.07E-11	320.033067	0.0999999	3.65868E-06	320.033067
-0.8	-4.25E-11	320.05764	0.1	3.08985E-06	320.05764
-0.9	-4.39E-11	320.082197	0.1	2.55866E-06	320.082197
-1	-4.52E-11	320.106711	0.1000001	2.06986E-06	320.106711
-1.1	-4.65E-11	320.131238	0.1	1.62909E-06	320.131238
-1.2	-4.74E-11	320.155743	0.1	1.24106E-06	320.155743
-1.3	-4.83E-11	320.180297	0.1	9.0896E-07	320.180297
-1.4	-4.54E-11	320.207608	0.0999997	6.35914E-07	320.207608
-1.5	-5.02E-11	320.232127	0.0999996	4.18912E-07	320.232127
-1.6	-5.05E-11	320.256629	0.0999996	2.56651E-07	320.256629
-1.7	-5.11E-11	320.281173	0.0999997	1.44223E-07	320.281173
-1.8	-4.62E-11	320.318834	0.0999959	7.39351E-08	320.318834
-1.900001	-6.65E-11	320.342106	0.1000074	3.26732E-08	320.342106
-2.000001	-6.77E-11	320.365334	0.1000036	1.25526E-08	320.365334
-2.1	-4.64E-11	320.427156	0.0999991	4.3118E-09	320.427156
-2.2	-6.67E-11	320.450609	0.1000006	1.1389E-09	320.450609
-2.3	-6.62E-11	320.473907	0.1000003	2.498E-10	320.473907
-2.4	-6.77E-11	320.497182	0.1000001	4.06E-11	320.497182
-2.5	-6.99E-11	320.520531	0.1000002	-3E-13	320.520531
-2.6	-7.04E-11	320.543741	0.1	-7.2E-12	320.543741
-2.7	-6.94E-11	320.567099	0.1000002	-8.4E-12	320.567099
-2.8	-6.94E-11	320.590389	0.1000001	-8.5E-12	320.590389
-2.9	-7.16E-11	320.613606	0.1000003	-8.8E-12	320.613606
-3	-7.24E-11	320.636825	0.1000001	-8.7E-12	320.636825
-3.1	-7.12E-11	320.66011	0.1000001	-9.1E-12	320.66011
-3.2	-7.32E-11	320.683403	0.1	-8.6E-12	320.683403
-3.3	-7.35E-11	320.706623	0.1000002	-8.7E-12	320.706623
-3.4	-7.22E-11	320.730009	0.1000002	-8.4E-12	320.730009
-3.5	-7.28E-11	320.75329	0.1000001	-8.5E-12	320.75329
-3.6	-7.42E-11	320.776502	0.1000001	-8.4E-12	320.776502
-3.7	-7.54E-11	320.799715	0.1000003	-8.3E-12	320.799715
-3.8	-7.38E-11	320.823088	0.1000001	-8.6E-12	320.823088
-3.9	-7.4E-11	320.846365	0.1000002	-8.2E-12	320.846365
-4	-7.62E-11	320.869616	0.1000002	-8.4E-12	320.869616
-4.1	-5.44E-11	320.923445	0.0999999	-9.9E-12	320.923445
-4.2	-7.43E-11	320.946676	0.1000004	-8.7E-12	320.946676
-4.3	-7.5E-11	320.969902	0.1000002	-8.5E-12	320.969902
-4.4	-7.58E-11	320.993111	0.1000001	-8.8E-12	320.993111
-4.5	-7.48E-11	321.016452	0.0999999	-9E-12	321.016452
-4.6	-7.49E-11	321.039739	0.1000001	-9E-12	321.039739
-4.7	-7.74E-11	321.063008	0.1000001	-8.5E-12	321.063008
-4.8	-7.76E-11	321.086216	0.1000001	-8.3E-12	321.086216
-4.9	-7.6E-11	321.109504	0.1000001	-8.1E-12	321.109504
-5	-7.64E-11	321.132796	0.1000001	-8.2E-12	321.132796
-5.1	-7.83E-11	321.156	0.1	-8.2E-12	321.156
-5.2	-7.71E-11	321.179295	0.0999999	-8.2E-12	321.179295
-5.3	-7.71E-11	321.20258	0.1000002	-8.3E-12	321.20258
-5.4	-7.94E-11	321.225791	0.1000002	-8.1E-12	321.225791
-5.5	-7.97E-11	321.249009	0.1000002	-8E-12	321.249009
-5.6	-7.82E-11	321.2723	0.1000002	-8.2E-12	321.2723
-5.7	-7.83E-11	321.295582	0.1000001	-8.1E-12	321.295582
-5.8	-8.03E-11	321.318794	0.1000001	-7.7E-12	321.318794
-5.9	-7.97E-11	321.342069	0.1	-8.1E-12	321.342069
-6	-8.09E-11	321.36529	0.1000002	-7.9E-12	321.36529
-6.1	-5.96E-11	321.420244	0.1	-9.5E-12	321.420244
-6.2	-7.73E-11	321.443552	0.1000001	-7.7E-12	321.443552
-6.3	-7.83E-11	321.466914	0.1000002	-7.7E-12	321.466914
-6.4	-8.05E-11	321.490134	0.1	-7.4E-12	321.490134
-6.5	-8.07E-11	321.513399	0.1000001	-7.1E-12	321.513399
-6.6	-7.99E-11	321.536694	0.1000001	-7.4E-12	321.536694
-6.7	-7.93E-11	321.560084	0.1000002	-7.5E-12	321.560084
-6.8	-8.16E-11	321.583367	0.1000002	-7.4E-12	321.583367
-6.9	-8.04E-11	321.60666	0.1000001	-7.7E-12	321.60666
-7	-8.05E-11	321.629956	0.1000001	-7.4E-12	321.629956
-7.1	-8.22E-11	321.653169	0.1000001	-7.7E-12	321.653169
-7.2	-8.3E-11	321.676435	0.1000002	-7.8E-12	321.676435
-7.3	-8.15E-11	321.699734	0.1000002	-7.9E-12	321.699734
-7.4	-8.16E-11	321.723022	0.1000001	-7.9E-12	321.723022
-7.5	-8.36E-11	321.746239	0.1	-7.7E-12	321.746239
-7.6	-8.36E-11	321.769453	0.1	-7.7E-12	321.769453
-7.7	-8.17E-11	321.792748	0.1000001	-7.7E-12	321.792748
-7.8	-8.24E-11	321.816024	0.1000002	-7.5E-12	321.816024
-7.9	-8.38E-11	321.839251	0.1000001	-7.7E-12	321.839251
-8	-8.39E-11	321.862488	0.1	-7.6E-12	321.862488
-8.1	-8.31E-11	321.88579	0.1000001	-7.4E-12	321.88579
-8.2	-6.42E-11	321.926177	0.0999998	-8.9E-12	321.926177
-8.3	-8.35E-11	321.949409	0.1000002	-7.5E-12	321.949409
-8.4	-8.42E-11	321.972622	0.1000001	-7.2E-12	321.972622
-8.5	-8.43E-11	321.995835	0.1000003	-7.1E-12	321.995835
-8.6	-8.26E-11	322.019221	0.0999999	-7.5E-12	322.019221
-8.7	-8.49E-11	322.042428	0.1000001	-6.9E-12	322.042428
-8.8	-8.54E-11	322.065734	0.1000003	-6.8E-12	322.065734
-8.9	-8.38E-11	322.089024	0.1000001	-7.2E-12	322.089024
-9	-8.4E-11	322.11231	0.1	-7.1E-12	322.11231
-9.1	-8.54E-11	322.13554	0.1000002	-7.6E-12	322.13554
-9.2	-8.64E-11	322.158755	0.1000002	-7.5E-12	322.158755
-9.3	-8.47E-11	322.182058	0.1000002	-7.3E-12	322.182058
-9.4	-8.45E-11	322.205332	0.1000001	-7.7E-12	322.205332
-9.5	-8.58E-11	322.228556	0.1000001	-7.3E-12	322.228556
-9.6	-8.64E-11	322.251776	0.1000002	-6.8E-12	322.251776
-9.7	-8.59E-11	322.275014	0.1	-6.8E-12	322.275014
-9.8	-8.5E-11	322.298305	0.1000001	-6.8E-12	322.298305
-9.9	-8.65E-11	322.321504	0.1000001	-7E-12	322.321504
-10	-8.75E-11	322.344757	0.1000001	-7.1E-12	322.344757
-9.90001	-4.42E-11	322.368002	0.0999997	-1.09E-11	322.368002
-9.80001	-5.97E-11	322.427684	0.0999999	-9E-12	322.427684
-9.70001	-3.8E-11	322.450918	0.0999997	-1.05E-11	322.450918
-9.60001	-3.6E-11	322.474143	0.0999997	-1.1E-11	322.474143
-9.50001	-3.6E-11	322.497427	0.0999998	-1.1E-11	322.497427
-9.40001	-3.49E-11	322.520772	0.0999998	-1.08E-11	322.520772
-9.30001	-3.18E-11	322.543995	0.0999998	-1.08E-11	322.543995
-9.20001	-3.08E-11	322.567296	0.0999998	-1.11E-11	322.567296
-9.10001	-3.17E-11	322.590583	0.0999998	-1.07E-11	322.590583
-9.00001	-2.94E-11	322.613792	0.0999998	-1.09E-11	322.613792
-8.90001	-2.88E-11	322.637015	0.0999997	-1.12E-11	322.637015
-8.80001	-2.76E-11	322.66023	0.0999997	-1.09E-11	322.66023
-8.70001	-2.94E-11	322.683574	0.0999997	-1.09E-11	322.683574
-8.60001	-2.66E-11	322.706783	0.0999997	-1.11E-11	322.706783
-8.50001	-2.61E-11	322.730017	0.0999996	-1.11E-11	322.730017
-8.40001	-2.54E-11	322.753234	0.0999996	-1.13E-11	322.753234
-8.30001	-2.73E-11	322.776515	0.0999997	-1.05E-11	322.776515
-8.20001	-2.68E-11	322.799811	0.0999997	-1.09E-11	322.799811
-8.10001	-2.43E-11	322.823026	0.0999998	-1.09E-11	322.823026
-8.00001	-2.34E-11	322.846238	0.0999999	-1.11E-11	322.846238
-7.90001	-2.36E-11	322.869467	0.0999996	-1.09E-11	322.869467
-7.80001	-4.4E-11	322.929524	0.0999999	-9.6E-12	322.929524
-7.70001	-2.57E-11	322.952833	0.0999998	-1.13E-11	322.952833
-7.60001	-2.28E-11	322.976044	0.0999997	-1.13E-11	322.976044
-7.50001	-2.22E-11	322.999262	0.0999999	-1.13E-11	322.999262
-7.40001	-2.17E-11	323.022533	0.0999996	-1.1E-11	323.022533
-7.30001	-2.3E-11	323.045829	0.0999995	-1.13E-11	323.045829
-7.2	-2.1E-11	323.069139	0.0999997	-1.17E-11	323.069139
-7.10001	-2.01E-11	323.092365	0.0999997	-1.17E-11	323.092365
-7.00001	-2.17E-11	323.115648	0.0999999	-1.13E-11	323.115648
-6.90001	-2.07E-11	323.138926	0.0999998	-1.17E-11	323.138926
-6.80001	-1.93E-11	323.162136	0.0999995	-1.16E-11	323.162136
-6.70001	-1.85E-11	323.185348	0.0999998	-1.16E-11	323.185348
-6.60001	-1.85E-11	323.208565	0.0999997	-1.2E-11	323.208565
-6.50001	-1.92E-11	323.231858	0.0999998	-1.18E-11	323.231858
-6.40001	-1.87E-11	323.255154	0.0999997	-1.14E-11	323.255154
-6.30001	-1.71E-11	323.278363	0.0999997	-1.18E-11	323.278363
-6.20001	-1.62E-11	323.301569	0.0999998	-1.19E-11	323.301569
-6.10001	-1.75E-11	323.324854	0.0999998	-1.17E-11	323.324854
-6.00001	-1.87E-11	323.348247	0.0999996	-1.17E-11	323.348247
-5.90001	-1.54E-11	323.371481	0.0999997	-1.2E-11	323.371481
-5.80001	-3.6E-11	323.430438	0.0999999	-1E-11	323.430438
-5.70001	-1.61E-11	323.453733	0.0999997	-1.19E-11	323.453733
-5.60001	-1.58E-11	323.476961	0.0999998	-1.16E-11	323.476961
-5.50001	-1.6E-11	323.500248	0.0999998	-1.19E-11	323.500248
-5.40001	-1.43E-11	323.523532	0.0999997	-1.19E-11	323.523532
-5.30001	-1.33E-11	323.546753	0.0999996	-1.19E-11	323.546753
-5.20001	-1.45E-11	323.570132	0.0999998	-1.18E-11	323.570132
-5.1	-1.44E-11	323.593407	0.0999999	-1.2E-11	323.593407
-5.00001	-1.22E-11	323.616605	0.0999997	-1.23E-11	323.616605
-4.90001	-1.14E-11	323.63983	0.0999998	-1.25E-11	323.63983
-4.80001	-1.3E-11	323.663131	0.0999998	-1.17E-11	323.663131
-4.7	-1.27E-11	323.686475	0.0999998	-1.21E-11	323.686475
-4.60001	-1.02E-11	323.709688	0.0999999	-1.25E-11	323.709688
-4.50001	-1E-11	323.732889	0.0999998	-1.23E-11	323.732889
-4.40001	-1.11E-11	323.756182	0.0999998	-1.23E-11	323.756182
-4.3	-1.07E-11	323.779462	0.0999997	-1.23E-11	323.779462
-4.20001	-8.5E-12	323.802663	0.0999998	-1.27E-11	323.802663
-4.10001	-7.9E-12	323.825862	0.0999998	-1.23E-11	323.825862
-4.00001	-9.4E-12	323.849165	0.0999998	-1.23E-11	323.849165
-3.90001	-8.6E-12	323.87249	0.0999996	-1.26E-11	323.87249
-3.80001	-2.79E-11	323.931958	0.1000001	-1.11E-11	323.931958
-3.70001	-8.4E-12	323.9552	0.0999996	-1.25E-11	323.9552
-3.60001	-8.6E-12	323.978498	0.0999998	-1.24E-11	323.978498
-3.50001	-7.5E-12	324.001775	0.0999998	-1.24E-11	324.001775
-3.40001	-4.7E-12	324.025046	0.0999996	-1.27E-11	324.025046
-3.30001	-6.1E-12	324.048343	0.0999997	-1.29E-11	324.048343
-3.20001	-5.6E-12	324.071721	0.0999996	-1.29E-11	324.071721
-3.10001	-2.6E-12	324.094949	0.0999995	-1.31E-11	324.094949
-3.00001	-2.2E-12	324.118157	0.0999997	-1.31E-11	324.118157
-2.90001	-2.3E-12	324.141385	0.0999995	-1.33E-11	324.141385
-2.80001	-2.7E-12	324.164683	0.0999998	-1.35E-11	324.164683
-2.70001	-1.1E-12	324.187892	0.0999996	-1.32E-11	324.187892
-2.60001	-2E-13	324.211103	0.0999995	-1.05E-11	324.211103
-2.50001	-8E-13	324.234386	0.0999998	8.8E-12	324.234386
-2.40001	-3E-13	324.257672	0.0999998	1.052E-10	324.257672
-2.30001	2.6E-12	324.280883	0.1	5.323E-10	324.280883
-2.20001	3.5E-12	324.304094	0.1000003	2.0971E-09	324.304094
-2.099999	-1.33E-11	324.329206	0.1000026	6.9315E-09	324.329206
-2	3E-12	324.352533	0.1000031	1.92458E-08	324.352533
-1.9	3.5E-12	324.375844	0.100004	4.59232E-08	324.375844
-1.800001	-1.55E-11	324.433451	0.1000072	9.38828E-08	324.433451
-1.700001	-1.52E-11	324.472935	0.1	1.75892E-07	324.472935
-1.6	-9.6E-12	324.497479	0.1000005	3.04044E-07	324.497479
-1.5	-7.8E-12	324.522048	0.1000006	4.81396E-07	324.522048
-1.4	-6.6E-12	324.546609	0.1000008	7.12971E-07	324.546609
-1.3	-5.3E-12	324.571218	0.1000006	1.000798E-06	324.571218
-1.200001	-9.1E-12	324.6058	0.1	1.33925E-06	324.6058
-1.100001	-3.9E-12	324.630354	0.1000001	1.73959E-06	324.630354
-1	-2.5E-12	324.654897	0.1000004	2.18926E-06	324.654897
-0.900001	-1E-12	324.67949	0.1	2.68441E-06	324.67949
-0.8	3E-13	324.703996	0.1000001	3.22029E-06	324.703996
-0.7	1.4E-12	324.728524	0.0999999	3.79169E-06	324.728524
-0.6	3.3E-12	324.753074	0.1000001	4.39387E-06	324.753074
-0.500001	4.5E-12	324.777617	0.1	5.0228E-06	324.777617
-0.4	6.1E-12	324.802142	0.1	5.67381E-06	324.802142
-0.3	8E-12	324.826645	0.1	6.34421E-06	324.826645
-0.1999998	5.6E-12	324.853105	0.1000002	7.02993E-06	324.853105
-0.0999996	1.09E-11	324.877646	0.1000002	7.73129E-06	324.877646
-1E-07	5.7E-12	324.942109	0.1000001	8.43257E-06	324.942109
0.1000003	1.26E-11	324.966606	0.1000001	9.15871E-06	324.966606
0.2000002	1.5E-11	324.991105	0.1	9.89228E-06	324.991105
0.299999	1.21E-11	325.027901	0.1	1.06217E-05	325.027901
0.399999	1.91E-11	325.052403	0.0999997	1.13718E-05	325.052403
0.5	2.1E-11	325.077015	0.0999999	1.21271E-05	325.077015
0.6	2.3E-11	325.101526	0.1000001	1.28905E-05	325.101526
0.7	2.46E-11	325.126079	0.0999999	1.36602E-05	325.126079
0.799999	2.69E-11	325.150575	0.1	1.44362E-05	325.150575
0.899999	2.89E-11	325.1751	0.1	1.52179E-05	325.1751
0.999999	3.07E-11	325.19961	0.0999999	1.60039E-05	325.19961
1.1	3.24E-11	325.224116	0.1000003	1.67935E-05	325.224116
1.2	3.41E-11	325.248613	0.1	1.75881E-05	325.248613
1.3	3.55E-11	325.273138	0.1000002	1.83853E-05	325.273138
1.399999	3.69E-11	325.297672	0.1	1.91854E-05	325.297672
1.5	3.86E-11	325.322178	0.1000002	1.99878E-05	325.322178
1.599999	3.92E-11	325.346772	0.1	2.07923E-05	325.346772
1.699999	4.06E-11	325.371316	0.1	2.15989E-05	325.371316
1.8	4.1E-11	325.395831	0.1000002	2.24068E-05	325.395831
1.899999	3.65E-11	325.436397	0.1000001	2.32123E-05	325.436397
2	4.15E-11	325.461001	0.1000001	2.40241E-05	325.461001
2.1	4.29E-11	325.485534	0.1	2.48362E-05	325.485534
2.19999	4.35E-11	325.510256	0.1000001	2.5643E-05	325.510256
2.29999	4.38E-11	325.534817	0.1	2.6457E-05	325.534817
2.39999	4.45E-11	325.559329	0.1	2.72723E-05	325.559329
2.49999	4.5E-11	325.58395	0.0999999	2.80886E-05	325.58395
2.59999	4.56E-11	325.608484	0.1000001	2.89055E-05	325.608484
2.69999	4.6E-11	325.633019	0.0999999	2.97223E-05	325.633019
2.79999	4.66E-11	325.657569	0.1000001	3.05407E-05	325.657569
2.89999	4.71E-11	325.682127	0.1	3.13594E-05	325.682127
2.99999	4.73E-11	325.706639	0.1	3.21789E-05	325.706639
3.09999	4.79E-11	325.731161	0.0999999	3.29982E-05	325.731161
3.19999	4.83E-11	325.755675	0.1	3.38185E-05	325.755675
3.29999	4.86E-11	325.780186	0.1	3.46388E-05	325.780186
3.39999	4.92E-11	325.804694	0.1	3.54601E-05	325.804694
3.49999	4.93E-11	325.829234	0.1000002	3.62818E-05	325.829234
3.59999	4.99E-11	325.853747	0.1	3.71043E-05	325.853747
3.69999	4.95E-11	325.878383	0.1000001	3.79268E-05	325.878383
3.79999	4.32E-11	325.939426	0.1000001	3.87396E-05	325.939426
3.89999	4.81E-11	325.963954	0.1	3.95665E-05	325.963954
3.99999	4.93E-11	325.98847	0.0999999	4.03924E-05	325.98847
4.09999	4.97E-11	326.01301	0.1000001	4.12176E-05	326.01301
4.19999	5.02E-11	326.037563	0.1000001	4.20435E-05	326.037563
4.29999	5.02E-11	326.062073	0.1	4.28696E-05	326.062073
4.39999	5.09E-11	326.086691	0.0999999	4.36974E-05	326.086691
4.49999	5.13E-11	326.111236	0.1	4.45247E-05	326.111236
4.59999	5.14E-11	326.13575	0.1	4.5352E-05	326.13575
4.69999	5.19E-11	326.16025	0.1000002	4.61804E-05	326.16025
4.79999	5.21E-11	326.184787	0.0999999	4.70106E-05	326.184787
4.89999	5.23E-11	326.209278	0.1000001	4.784E-05	326.209278
4.99999	5.19E-11	326.233807	0.1000001	4.8671E-05	326.233807
5.09999	5.22E-11	326.258337	0.0999999	4.95024E-05	326.258337
5.19999	5.29E-11	326.28297	0.0999999	5.03356E-05	326.28297
5.29999	5.3E-11	326.307505	0.1000001	5.1169E-05	326.307505
5.39999	5.29E-11	326.332073	0.0999999	5.20021E-05	326.332073
5.49999	5.37E-11	326.356669	0.0999999	5.28372E-05	326.356669
5.59999	5.38E-11	326.381171	0.1000003	5.36727E-05	326.381171
5.69999	4.72E-11	326.441188	0.1000002	5.45001E-05	326.441188
5.79999	5.24E-11	326.4657	0.1000001	5.53404E-05	326.4657
5.89999	5.27E-11	326.490262	0.1000003	5.61814E-05	326.490262
5.99999	5.33E-11	326.514812	0.1000002	5.70213E-05	326.514812
6.09999	5.39E-11	326.539388	0.1	5.78632E-05	326.539388
6.19999	5.42E-11	326.563926	0.1000003	5.87043E-05	326.563926
6.29999	5.41E-11	326.588518	0.1000002	5.95473E-05	326.588518
6.39999	5.4E-11	326.613054	0.1	6.0392E-05	326.613054
6.49999	5.46E-11	326.637551	0.1000002	6.12368E-05	326.637551
6.59999	5.44E-11	326.662095	0.0999999	6.20812E-05	326.662095
6.69999	5.51E-11	326.686792	0.0999999	6.29281E-05	326.686792
6.79999	5.51E-11	326.711319	0.1000002	6.37764E-05	326.711319
6.89999	5.55E-11	326.735835	0.0999999	6.46237E-05	326.735835
6.99999	5.54E-11	326.760388	0.0999999	6.54732E-05	326.760388
7.09999	5.57E-11	326.784912	0.1	6.63236E-05	326.784912
7.19999	5.6E-11	326.80945	0.1	6.71752E-05	326.80945
7.29999	5.58E-11	326.833957	0.1	6.80274E-05	326.833957
7.39999	5.59E-11	326.85855	0.1000002	6.88811E-05	326.85855
7.49999	5.66E-11	326.883095	0.0999999	6.97358E-05	326.883095
7.59999	4.95E-11	326.942805	0.1000002	7.05821E-05	326.942805
7.69999	5.43E-11	326.96732	0.1000003	7.14421E-05	326.96732
7.79999	5.47E-11	326.991897	0.0999999	7.23001E-05	326.991897
7.89999	5.57E-11	327.016446	0.0999999	7.31591E-05	327.016446
7.99999	5.63E-11	327.04102	0.1000001	7.40196E-05	327.04102
8.09999	5.68E-11	327.065568	0.1000001	7.48804E-05	327.065568
8.19999	5.67E-11	327.090151	0.0999999	7.57425E-05	327.090151
8.29999	5.65E-11	327.114712	0.0999999	7.66051E-05	327.114712
8.39999	5.71E-11	327.139255	0.1	7.74698E-05	327.139255
8.49999	5.69E-11	327.16378	0.1	7.8335E-05	327.16378
8.59999	5.76E-11	327.188289	0.0999999	7.92018E-05	327.188289
8.69999	5.73E-11	327.212832	0.1000001	8.00683E-05	327.212832
8.79999	5.72E-11	327.23734	0.1000002	8.09371E-05	327.23734
8.89999	5.72E-11	327.261859	0.1000003	8.18055E-05	327.261859
8.99999	5.81E-11	327.286379	0.1000002	8.26759E-05	327.286379
9.09999	5.81E-11	327.310904	0.0999998	8.35472E-05	327.310904
9.19999	5.84E-11	327.335434	0.1000003	8.44196E-05	327.335434
9.29999	5.8E-11	327.360001	0.1000003	8.52886E-05	327.360001
9.39999	5.8E-11	327.384572	0.0999998	8.61655E-05	327.384572
9.49999	5.2E-11	327.44425	0.1000002	8.7037E-05	327.44425
9.59999	5.65E-11	327.468892	0.1000002	8.79177E-05	327.468892
9.69999	5.8E-11	327.493388	0.1	8.87989E-05	327.493388
9.79999	5.77E-11	327.517927	0.1000002	8.96776E-05	327.517927
9.89999	5.8E-11	327.54251	0.1000003	9.05592E-05	327.54251
9.99999	5.79E-11	327.567053	0.0999999	9.14399E-05	327.567053
9.9	4.48E-11	327.591649	0.1	9.05446E-05	327.591649
9.8	4.15E-11	327.616196	0.0999999	8.96543E-05	327.616196
9.7	3.98E-11	327.6407	0.1000002	8.87663E-05	327.6407
9.6	3.78E-11	327.665266	0.0999997	8.78808E-05	327.665266
9.5	3.64E-11	327.689832	0.0999999	8.69961E-05	327.689832
9.4	3.52E-11	327.714386	0.1	8.61133E-05	327.714386
9.3	3.4E-11	327.738927	0.1	8.52314E-05	327.738927
9.2	3.3E-11	327.763441	0.0999998	8.43525E-05	327.763441
9.1	3.22E-11	327.788043	0.0999998	8.34727E-05	327.788043
9	3.1E-11	327.812591	0.0999999	8.25938E-05	327.812591
8.9	3.02E-11	327.837126	0.1000001	8.17218E-05	327.837126
8.8	2.97E-11	327.86165	0.1	8.08459E-05	327.86165
8.7	2.94E-11	327.886375	0.0999999	7.99692E-05	327.886375
8.6	3.5E-11	327.945852	0.1	7.90971E-05	327.945852
8.5	2.98E-11	327.97039	0.1	7.82216E-05	327.97039
8.4	2.86E-11	327.994906	0.0999999	7.73475E-05	327.994906
8.3	2.75E-11	328.019452	0.1	7.64768E-05	328.019452
8.2	2.66E-11	328.044002	0.1000002	7.56059E-05	328.044002
8.1	2.65E-11	328.068541	0.0999999	7.47366E-05	328.068541
8	2.63E-11	328.093137	0.0999997	7.38687E-05	328.093137
7.9	2.61E-11	328.117715	0.1000001	7.30023E-05	328.117715
7.8	2.48E-11	328.142227	0.1000001	7.21366E-05	328.142227
7.7	2.48E-11	328.166822	0.1000001	7.12709E-05	328.166822
7.6	2.49E-11	328.191365	0.0999997	7.04073E-05	328.191365
7.5	2.34E-11	328.215912	0.0999998	6.95455E-05	328.215912
7.4	2.39E-11	328.240468	0.0999997	6.86832E-05	328.240468
7.3	2.26E-11	328.264969	0.0999999	6.78228E-05	328.264969
7.2	2.28E-11	328.289492	0.0999997	6.69623E-05	328.289492
7.1	2.17E-11	328.314033	0.1000001	6.61034E-05	328.314033
7	2.18E-11	328.338558	0.1	6.52456E-05	328.338558
6.9	2.13E-11	328.363121	0.0999997	6.43882E-05	328.363121
6.8	2.1E-11	328.387751	0.0999998	6.35336E-05	328.387751
6.7	2.68E-11	328.447177	0.0999998	6.26836E-05	328.447177
6.6	2.23E-11	328.471729	0.0999998	6.18293E-05	328.471729
6.5	2.16E-11	328.496283	0.0999998	6.09758E-05	328.496283
6.4	2.05E-11	328.520821	0.1000001	6.01231E-05	328.520821
6.3	2E-11	328.545422	0.1	5.92722E-05	328.545422
6.2	1.94E-11	328.570053	0.1000001	5.84211E-05	328.570053
6.1	1.87E-11	328.594644	0.1000001	5.7572E-05	328.594644
6	1.85E-11	328.619178	0.0999999	5.67234E-05	328.619178
5.9	1.79E-11	328.643679	0.1000001	5.58758E-05	328.643679
5.8	1.77E-11	328.6682	0.1000001	5.50287E-05	328.6682
5.7	1.77E-11	328.692785	0.1	5.4183E-05	328.692785
5.6	1.71E-11	328.717324	0.0999999	5.33384E-05	328.717324
5.5	1.65E-11	328.741829	0.0999999	5.2495E-05	328.741829
5.4	1.65E-11	328.766358	0.1000001	5.1652E-05	328.766358
5.3	1.59E-11	328.790856	0.1	5.0809E-05	328.790856
5.2	1.55E-11	328.81547	0.0999999	4.99688E-05	328.81547
5.1	1.45E-11	328.840032	0.1000002	4.91291E-05	328.840032
5	1.4E-11	328.864543	0.1	4.82899E-05	328.864543
4.9	1.33E-11	328.889103	0.1000001	4.74517E-05	328.889103
4.8	2.03E-11	328.949227	0.0999999	4.6619E-05	328.949227
4.7	1.45E-11	328.973743	0.0999998	4.57814E-05	328.973743
4.6	1.37E-11	328.998349	0.0999999	4.49458E-05	328.998349
4.5	1.33E-11	329.022992	0.0999999	4.41105E-05	329.022992
4.4	1.24E-11	329.047583	0.1000001	4.32766E-05	329.047583
4.3	1.18E-11	329.072101	0.0999999	4.24446E-05	329.072101
4.2	1.14E-11	329.096695	0.1	4.16114E-05	329.096695
4.1	1.07E-11	329.121213	0.0999999	4.07808E-05	329.121213
4	1E-11	329.145751	0.0999999	3.99502E-05	329.145751
3.9	9E-12	329.170359	0.1000002	3.91206E-05	329.170359
3.8	8.9E-12	329.194888	0.1	3.82915E-05	329.194888
3.7	8.5E-12	329.219432	0.1	3.74638E-05	329.219432
3.6	7.5E-12	329.243941	0.0999999	3.66373E-05	329.243941
3.5	7.1E-12	329.268461	0.1	3.58119E-05	329.268461
3.4	6.4E-12	329.292962	0.0999999	3.49866E-05	329.292962
3.3	5.2E-12	329.317502	0.1	3.41623E-05	329.317502
3.2	4.8E-12	329.34201	0.1	3.334E-05	329.34201
3.1	4.3E-12	329.366592	0.1000001	3.25179E-05	329.366592
3	3.7E-12	329.391132	0.0999999	3.16963E-05	329.391132
2.9	1.04E-11	329.455201	0.0999999	3.08823E-05	329.455201
2.8	4.6E-12	329.479822	0.1000001	3.00623E-05	329.479822
2.7	2.8E-12	329.504343	0.1	2.92436E-05	329.504343
2.6	2E-12	329.528882	0.0999997	2.84269E-05	329.528882
2.5	3.4E-12	329.554476	0.0999999	2.76106E-05	329.554476
2.4	0	329.579105	0.1	2.67949E-05	329.579105
2.3	-1.2E-12	329.603602	0.0999999	2.5981E-05	329.603602
2.2	-1.7E-12	329.628146	0.0999997	2.51689E-05	329.628146
2.099999	3E-13	329.65456	0.1000001	2.43649E-05	329.65456
2	-4E-12	329.679086	0.1000001	2.35553E-05	329.679086
1.9	-5.7E-12	329.703603	0.1	2.27474E-05	329.703603
1.8	-6.4E-12	329.728169	0.0999998	2.19406E-05	329.728169
1.7	-7.6E-12	329.752675	0.0999999	2.11361E-05	329.752675
1.6	-8.5E-12	329.777265	0.1	2.03336E-05	329.777265
1.5	-9.8E-12	329.801805	0.0999999	1.95334E-05	329.801805
1.4	-1.11E-11	329.826357	0.0999999	1.87352E-05	329.826357
1.3	-1.27E-11	329.85087	0.1	1.79404E-05	329.85087
1.2	-1.42E-11	329.87538	0.0999997	1.71482E-05	329.87538
1.1	-1.57E-11	329.899891	0.1	1.63603E-05	329.899891
1	-1.03E-11	329.952849	0.1000001	1.55805E-05	329.952849
0.9	-1.78E-11	329.977369	0.0999998	1.47995E-05	329.977369
0.8	-1.97E-11	330.001912	0.1	1.40257E-05	330.001912
0.7	-2.2E-11	330.026555	0.1	1.32575E-05	330.026555
0.6	-2.38E-11	330.051119	0.0999999	1.24965E-05	330.051119
0.5	-2.59E-11	330.075833	0.0999999	1.17429E-05	330.075833
0.4	-2.85E-11	330.100377	0.0999999	1.09967E-05	330.100377
0.3	-3.1E-11	330.124885	0.1000001	1.02586E-05	330.124885
0.1999998	-2.98E-11	330.151325	0.1	9.5297E-06	330.151325
0.1000002	-3.18E-11	330.178426	0.0999998	8.81353E-06	330.178426
-4E-07	-3.75E-11	330.20294	0.0999997	8.10027E-06	330.20294
