#scan	iMeasureCycle=1	iMux=0	time=0.031	N=401	LocalTime=19/04/2023 23:01:40
#VGate(V)	IGate(A)	time(s)	VDrain(V)	IDrain(A)	time(s)
-1E-07	-1.56E-10	0.033947	0.0999999	1.15527E-05	0.033947
-0.1000005	-2.148E-10	0.058874	0.1	1.07872E-05	0.058874
-0.2000004	-2.636E-10	0.083401	0.0999999	1.00307E-05	0.083401
-0.300001	-2.018E-10	0.108118	0.1000001	9.2819E-06	0.108118
-0.4	-1.045E-10	0.135246	0.0999999	8.54871E-06	0.135246
-0.5	-8.5E-11	0.15976	0.0999999	7.82025E-06	0.15976
-0.6	-7.29E-11	0.18428	0.0999998	7.10557E-06	0.18428
-0.7	-6.6E-11	0.20882	0.0999999	6.40595E-06	0.20882
-0.8	-6.18E-11	0.233323	0.0999999	5.72459E-06	0.233323
-0.9	-5.88E-11	0.257847	0.0999999	5.06394E-06	0.257847
-1	-5.7E-11	0.28239	0.0999999	4.42794E-06	0.28239
-1.1	-5.56E-11	0.306957	0.0999999	3.82109E-06	0.306957
-1.2	-5.51E-11	0.331471	0.0999999	3.2466E-06	0.331471
-1.3	-5.46E-11	0.355991	0.0999998	2.70971E-06	0.355991
-1.4	-5.41E-11	0.380566	0.0999998	2.21601E-06	0.380566
-1.5	-5.37E-11	0.405076	0.1	1.76891E-06	0.405076
-1.6	-5.37E-11	0.429585	0.1000001	1.37276E-06	0.429585
-1.7	-5.36E-11	0.454118	0.1000001	1.02951E-06	0.454118
-1.8	-4.98E-11	0.48148	0.0999995	7.42658E-07	0.48148
-1.9	-5.35E-11	0.506026	0.0999994	5.08586E-07	0.506026
-2	-5.39E-11	0.530536	0.0999996	3.27862E-07	0.530536
-2.1	-5.4E-11	0.555067	0.0999998	1.96145E-07	0.555067
-2.2	-4.85E-11	0.596227	0.1	1.07991E-07	0.596227
-2.3	-4.73E-11	0.633887	0.0999965	5.3267E-08	0.633887
-2.4	-6.73E-11	0.657105	0.100006	2.24972E-08	0.657105
-2.5	-6.47E-11	0.680476	0.100001	8.1571E-09	0.680476
-2.6	-6.76E-11	0.703813	0.1000007	2.4923E-09	0.703813
-2.7	-6.92E-11	0.727107	0.1000006	6.276E-10	0.727107
-2.8	-6.95E-11	0.750361	0.1000004	1.257E-10	0.750361
-2.9	-7.05E-11	0.773573	0.1000003	1.51E-11	0.773573
-3	-6.94E-11	0.796856	0.1000001	-4.8E-12	0.796856
-3.1	-6.96E-11	0.820135	0.1000004	-7.3E-12	0.820135
-3.2	-6.99E-11	0.843425	0.1000005	-7.1E-12	0.843425
-3.3	-7.06E-11	0.866723	0.1000002	-7.7E-12	0.866723
-3.4	-7.08E-11	0.889997	0.1000002	-7.6E-12	0.889997
-3.5	-7.23E-11	0.913211	0.1000003	-7.2E-12	0.913211
-3.6	-7.27E-11	0.936425	0.1000003	-7E-12	0.936425
-3.7	-7.34E-11	0.959646	0.1000002	-6.8E-12	0.959646
-3.8	-7.17E-11	0.98296	0.1000003	-7.2E-12	0.98296
-3.9	-7.33E-11	1.006205	0.1000003	-7.2E-12	1.006205
-4	-7.4E-11	1.029443	0.1000004	-6.9E-12	1.029443
-4.1	-7.26E-11	1.052793	0.1000003	-7.4E-12	1.052793
-4.2	-5.36E-11	1.100697	0.1000001	-8.8E-12	1.100697
-4.3	-7.13E-11	1.124009	0.1000001	-7.3E-12	1.124009
-4.4	-7.22E-11	1.147299	0.1000003	-6.9E-12	1.147299
-4.5	-7.26E-11	1.170609	0.1	-7.1E-12	1.170609
-4.6	-7.32E-11	1.193957	0.1000003	-6.9E-12	1.193957
-4.7	-7.36E-11	1.217245	0.1000002	-6.9E-12	1.217245
-4.8	-7.58E-11	1.240452	0.1000002	-7.2E-12	1.240452
-4.9	-7.63E-11	1.263671	0.1000003	-6.9E-12	1.263671
-5	-7.47E-11	1.286966	0.1000001	-7E-12	1.286966
-5.1	-7.54E-11	1.310247	0.1000002	-6.8E-12	1.310247
-5.2	-7.71E-11	1.333462	0.1000002	-6.6E-12	1.333462
-5.3	-7.68E-11	1.356707	0.1000003	-6.6E-12	1.356707
-5.4	-7.51E-11	1.38004	0.1000003	-6.5E-12	1.38004
-5.5	-7.6E-11	1.40332	0.1000004	-6.3E-12	1.40332
-5.6	-7.73E-11	1.426542	0.1000003	-6.5E-12	1.426542
-5.7	-7.82E-11	1.449763	0.1000001	-6.4E-12	1.449763
-5.8	-7.86E-11	1.473012	0.1000005	-6.6E-12	1.473012
-5.9	-7.69E-11	1.496312	0.1000003	-7.2E-12	1.496312
-6	-7.83E-11	1.519623	0.1000003	-6.9E-12	1.519623
-6.1	-7.89E-11	1.542841	0.1000002	-6.5E-12	1.542841
-6.2	-5.93E-11	1.590825	0.1	-8.2E-12	1.590825
-6.3	-7.64E-11	1.614136	0.1000004	-6.6E-12	1.614136
-6.4	-7.66E-11	1.63743	0.1000003	-6.9E-12	1.63743
-6.5	-7.69E-11	1.660709	0.1000002	-6.8E-12	1.660709
-6.6	-6.57E-11	1.685058	0.1	-7.6E-12	1.685058
-6.7	-7.92E-11	1.708281	0.1000001	-6.3E-12	1.708281
-6.8	-7.75E-11	1.731577	0.1000004	-6.6E-12	1.731577
-6.9	-7.94E-11	1.754807	0.1000005	-6.8E-12	1.754807
-7	-8E-11	1.778028	0.1000002	-6.4E-12	1.778028
-7.1	-7.89E-11	1.801322	0.1000003	-6.5E-12	1.801322
-7.2	-7.87E-11	1.824606	0.1000004	-6.6E-12	1.824606
-7.3	-8.1E-11	1.84782	0.1000003	-6.6E-12	1.84782
-7.4	-8.09E-11	1.871041	0.1000002	-6.5E-12	1.871041
-7.5	-7.97E-11	1.894343	0.1000001	-6.6E-12	1.894343
-7.6	-7.99E-11	1.917627	0.1000002	-6.4E-12	1.917627
-7.7	-8.1E-11	1.940858	0.1000001	-6.4E-12	1.940858
-7.8	-8.16E-11	1.96409	0.1000004	-6.4E-12	1.96409
-7.9	-8E-11	1.987415	0.1000002	-6.6E-12	1.987415
-8	-8.05E-11	2.010799	0.1000001	-6.5E-12	2.010799
-8.1	-8.24E-11	2.034012	0.1000002	-6.3E-12	2.034012
-8.2	-8.06E-11	2.057359	0.1000004	-6.8E-12	2.057359
-8.3	-6.22E-11	2.100936	0.1000001	-7.9E-12	2.100936
-8.4	-8.15E-11	2.124183	0.1000004	-6.4E-12	2.124183
-8.5	-8.19E-11	2.147409	0.1000003	-6.2E-12	2.147409
-8.6	-8.07E-11	2.170698	0.1000002	-6.5E-12	2.170698
-8.7	-8.07E-11	2.19405	0.1000002	-6.7E-12	2.19405
-8.8	-8.3E-11	2.217257	0.1000005	-6.1E-12	2.217257
-8.9	-8.32E-11	2.240469	0.1000002	-6.3E-12	2.240469
-9	-8.23E-11	2.263752	0.1000005	-6.4E-12	2.263752
-9.1	-8.13E-11	2.287061	0.1000002	-6.1E-12	2.287061
-9.2	-8.25E-11	2.310295	0.1000001	-6.3E-12	2.310295
-9.3	-8.38E-11	2.333501	0.1000003	-6.2E-12	2.333501
-9.4	-8.24E-11	2.356795	0.1000004	-6.4E-12	2.356795
-9.5	-8.39E-11	2.380074	0.1000001	-6.4E-12	2.380074
-9.6	-8.41E-11	2.403292	0.1000003	-6.6E-12	2.403292
-9.7	-8.41E-11	2.426502	0.1000004	-6.5E-12	2.426502
-9.8	-8.29E-11	2.449787	0.1000002	-6.4E-12	2.449787
-9.9	-8.25E-11	2.473108	0.1000002	-6.4E-12	2.473108
-10	-8.45E-11	2.496404	0.1000004	-6.2E-12	2.496404
-9.90001	-4.18E-11	2.519689	0.0999999	-9.6E-12	2.519689
-9.80001	-4.06E-11	2.542979	0.0999997	-9.8E-12	2.542979
-9.70001	-5.53E-11	2.602278	0.1	-7.7E-12	2.602278
-9.60001	-3.47E-11	2.625519	0.0999998	-9.9E-12	2.625519
-9.50001	-3.29E-11	2.648807	0.0999998	-1.02E-11	2.648807
-9.40001	-3.19E-11	2.672025	0.0999999	-1E-11	2.672025
-9.30001	-3.26E-11	2.695373	0.0999998	-9.5E-12	2.695373
-9.20001	-2.94E-11	2.718655	0.0999998	-1.01E-11	2.718655
-9.10001	-2.83E-11	2.741881	0.0999998	-1.04E-11	2.741881
-9.00001	-2.86E-11	2.765166	0.0999998	-1.01E-11	2.765166
-8.90001	-2.69E-11	2.788465	0.0999999	-1.01E-11	2.788465
-8.80001	-2.57E-11	2.811681	0.0999999	-9.9E-12	2.811681
-8.70001	-2.7E-11	2.834967	0.0999999	-9.9E-12	2.834967
-8.60001	-2.62E-11	2.858242	0.0999999	-1.02E-11	2.858242
-8.50001	-2.45E-11	2.881455	0.0999998	-1.04E-11	2.881455
-8.40001	-2.36E-11	2.904676	0.0999997	-1.02E-11	2.904676
-8.30001	-2.49E-11	2.927967	0.0999998	-1.01E-11	2.927967
-8.20001	-2.39E-11	2.95126	0.0999998	-9.9E-12	2.95126
-8.10001	-2.24E-11	2.974513	0.1000001	-1.01E-11	2.974513
-8.00001	-2.3E-11	2.997804	0.0999997	-1.03E-11	2.997804
-7.90001	-2.31E-11	3.021186	0.0999997	-1.03E-11	3.021186
-7.80001	-2.21E-11	3.044446	0.1	-1.03E-11	3.044446
-7.70001	-4.18E-11	3.103549	0.1000001	-8.8E-12	3.103549
-7.60001	-2.18E-11	3.126784	0.0999999	-1.1E-11	3.126784
-7.50001	-2.03E-11	3.150013	0.0999998	-1.05E-11	3.150013
-7.40001	-2.12E-11	3.173303	0.0999998	-1E-11	3.173303
-7.30001	-2.07E-11	3.196659	0.0999999	-1.02E-11	3.196659
-7.2	-1.87E-11	3.219865	0.0999998	-1.07E-11	3.219865
-7.10001	-1.9E-11	3.243106	0.0999997	-1.05E-11	3.243106
-7.00001	-1.98E-11	3.266399	0.0999999	-1.05E-11	3.266399
-6.90001	-1.9E-11	3.289695	0.0999998	-1.03E-11	3.289695
-6.80001	-1.72E-11	3.312914	0.0999997	-1.08E-11	3.312914
-6.70001	-1.67E-11	3.336127	0.0999997	-1.08E-11	3.336127
-6.60001	-1.86E-11	3.359419	0.0999999	-1.03E-11	3.359419
-6.50001	-1.62E-11	3.382692	0.0999998	-1.05E-11	3.382692
-6.40001	-1.6E-11	3.405908	0.0999999	-1.09E-11	3.405908
-6.30001	-1.54E-11	3.429118	0.0999999	-1.08E-11	3.429118
-6.20001	-1.67E-11	3.452418	0.1	-1.04E-11	3.452418
-6.10001	-1.62E-11	3.47573	0.1	-1.09E-11	3.47573
-6.00001	-1.35E-11	3.498936	0.0999998	-1.05E-11	3.498936
-5.90001	-1.33E-11	3.522217	0.1	-1.11E-11	3.522217
-5.80001	-1.29E-11	3.545438	0.0999998	-1.07E-11	3.545438
-5.70001	-3.43E-11	3.605478	0.1	-9.2E-12	3.605478
-5.60001	-1.63E-11	3.628787	0.0999999	-1.08E-11	3.628787
-5.50001	-1.37E-11	3.652	0.0999999	-1.11E-11	3.652
-5.40001	-1.29E-11	3.675214	0.0999999	-1.09E-11	3.675214
-5.30001	-1.21E-11	3.698467	0.0999997	-1.12E-11	3.698467
-5.20001	-1.34E-11	3.721806	0.0999997	-1.09E-11	3.721806
-5.1	-1.16E-11	3.74502	0.0999999	-1.09E-11	3.74502
-5.00001	-1.03E-11	3.768243	0.0999998	-1.11E-11	3.768243
-4.90001	-9.6E-12	3.791468	0.0999996	-1.16E-11	3.791468
-4.80001	-1.12E-11	3.814758	0.0999999	-1.09E-11	3.814758
-4.7	-1.1E-11	3.838043	0.1	-1.12E-11	3.838043
-4.60001	-8.9E-12	3.861244	0.0999998	-1.13E-11	3.861244
-4.50001	-8.2E-12	3.884461	0.0999998	-1.13E-11	3.884461
-4.40001	-9.6E-12	3.907755	0.0999998	-1.14E-11	3.907755
-4.3	-8.8E-12	3.93105	0.0999998	-1.11E-11	3.93105
-4.20001	-6.9E-12	3.954263	0.0999998	-1.15E-11	3.954263
-4.10001	-6.3E-12	3.977484	0.1	-1.11E-11	3.977484
-4.00001	-7.7E-12	4.000864	0.0999997	-1.13E-11	4.000864
-3.90001	-5.6E-12	4.024182	0.0999999	-1.15E-11	4.024182
-3.80001	-4.7E-12	4.047405	0.0999998	-1.17E-11	4.047405
-3.70001	-2.49E-11	4.102355	0.1	-1.01E-11	4.102355
-3.60001	-5.4E-12	4.125592	0.0999998	-1.16E-11	4.125592
-3.50001	-6.3E-12	4.148894	0.0999998	-1.19E-11	4.148894
-3.40001	-5.2E-12	4.172165	0.0999998	-1.21E-11	4.172165
-3.30001	-3.5E-12	4.195481	0.0999999	-1.18E-11	4.195481
-3.20001	-2.6E-12	4.218698	0.1	-1.16E-11	4.218698
-3.10001	-3.7E-12	4.241988	0.0999998	-1.08E-11	4.241988
-3.00001	-2.4E-12	4.265266	0.0999999	-2.3E-12	4.265266
-2.90001	-4E-13	4.288476	0.0999998	4.93E-11	4.288476
-2.80001	-2E-13	4.31171	0.1	2.987E-10	4.31171
-2.70001	-5E-13	4.334995	0.1000002	1.2711E-09	4.334995
-2.60001	0	4.358297	0.1000012	4.4308E-09	4.358297
-2.50001	1.9E-12	4.381498	0.1000021	1.29661E-08	4.381498
-2.40001	3E-12	4.404794	0.1000026	3.2421E-08	4.404794
-2.30001	2.2E-12	4.428077	0.1000001	7.03424E-08	4.428077
-2.20001	-1.66E-11	4.467574	0.1000001	1.3268E-07	4.467574
-2.099999	-1.42E-11	4.494054	0.1000002	2.35267E-07	4.494054
-2.000001	-9.8E-12	4.518682	0.1000007	3.81248E-07	4.518682
-1.900001	-8.8E-12	4.543185	0.1000007	5.75821E-07	4.543185
-1.800001	-8E-12	4.567721	0.1000006	8.22761E-07	4.567721
-1.700001	-1.4E-11	4.622775	0.0999999	1.11397E-06	4.622775
-1.6	-8.4E-12	4.647307	0.0999999	1.47244E-06	4.647307
-1.5	-6.7E-12	4.67183	0.1000001	1.88057E-06	4.67183
-1.4	-5.4E-12	4.696902	0.1000004	2.3368E-06	4.696902
-1.3	-3.7E-12	4.721468	0.1	2.83768E-06	4.721468
-1.200001	-2.7E-12	4.746012	0.1	3.37985E-06	4.746012
-1.100001	-1.3E-12	4.770523	0.1000001	3.95757E-06	4.770523
-1	-3E-13	4.795043	0.0999999	4.5669E-06	4.795043
-0.9	7E-13	4.819586	0.1000002	5.20314E-06	4.819586
-0.8	2.1E-12	4.844126	0.1	5.86409E-06	4.844126
-0.7	3.3E-12	4.868623	0.1	6.54441E-06	4.868623
-0.6	4.7E-12	4.893176	0.1	7.24205E-06	4.893176
-0.500001	6.4E-12	4.917677	0.1	7.95395E-06	4.917677
-0.400001	7.9E-12	4.942216	0.1000002	8.67846E-06	4.942216
-0.3	9.8E-12	4.966726	0.1	9.41334E-06	4.966726
-0.2000001	7.5E-12	4.993177	0.1000001	1.015778E-05	4.993177
-0.1000001	7.5E-12	5.027848	0.1000001	1.09012E-05	5.027848
2E-07	1.38E-11	5.052371	0.1000001	1.16625E-05	5.052371
0.1	8.9E-12	5.113708	0.1000001	1.24201E-05	5.113708
0.2000002	1.59E-11	5.138219	0.1000001	1.31951E-05	5.138219
0.299999	1.83E-11	5.162966	0.1000001	1.39741E-05	5.162966
0.4	2.08E-11	5.187473	0.1	1.47595E-05	5.187473
0.5	2.29E-11	5.212018	0.0999999	1.5549E-05	5.212018
0.599999	2.47E-11	5.236541	0.1000002	1.63441E-05	5.236541
0.7	2.69E-11	5.261045	0.0999999	1.71434E-05	5.261045
0.8	2.84E-11	5.285576	0.1	1.79467E-05	5.285576
0.899999	3.03E-11	5.310081	0.1	1.87538E-05	5.310081
0.999999	3.25E-11	5.334606	0.1000001	1.95629E-05	5.334606
1.1	3.4E-11	5.359107	0.1000001	2.03746E-05	5.359107
1.2	3.55E-11	5.383675	0.1000001	2.11894E-05	5.383675
1.3	3.72E-11	5.408232	0.1000003	2.20051E-05	5.408232
1.399999	3.83E-11	5.432786	0.1000001	2.28222E-05	5.432786
1.5	4E-11	5.457289	0.1000001	2.36404E-05	5.457289
1.6	4.09E-11	5.481811	0.1000002	2.44598E-05	5.481811
1.699999	4.17E-11	5.506345	0.1	2.5281E-05	5.506345
1.8	4.32E-11	5.530976	0.1	2.61022E-05	5.530976
1.9	4.38E-11	5.555517	0.0999999	2.69243E-05	5.555517
1.999999	3.68E-11	5.615506	0.0999999	2.77348E-05	5.615506
2.099999	4.23E-11	5.640052	0.0999998	2.8563E-05	5.640052
2.19999	4.41E-11	5.664768	0.1	2.93838E-05	5.664768
2.29999	4.49E-11	5.689264	0.1000003	3.02105E-05	5.689264
2.39999	4.59E-11	5.713825	0.0999999	3.10369E-05	5.713825
2.49999	4.65E-11	5.738374	0.1000003	3.18643E-05	5.738374
2.59999	4.72E-11	5.762885	0.1000002	3.26922E-05	5.762885
2.69999	4.73E-11	5.787393	0.1000001	3.35193E-05	5.787393
2.79999	4.78E-11	5.811939	0.1	3.43479E-05	5.811939
2.89999	4.85E-11	5.836479	0.1000001	3.5178E-05	5.836479
2.99999	4.9E-11	5.861039	0.1	3.60073E-05	5.861039
3.09999	4.95E-11	5.885571	0.1000001	3.68379E-05	5.885571
3.19999	4.98E-11	5.910101	0.1000001	3.76693E-05	5.910101
3.29999	5.05E-11	5.934641	0.1000002	3.85013E-05	5.934641
3.39999	5.02E-11	5.959196	0.1000002	3.93339E-05	5.959196
3.49999	5.08E-11	5.983722	0.1	4.01678E-05	5.983722
3.59999	5.08E-11	6.008284	0.0999999	4.10014E-05	6.008284
3.69999	5.08E-11	6.032894	0.1000002	4.18364E-05	6.032894
3.79999	5.15E-11	6.057479	0.0999999	4.2672E-05	6.057479
3.89999	4.53E-11	6.109928	0.1000002	4.3498E-05	6.109928
3.99999	5.01E-11	6.134453	0.1000001	4.43385E-05	6.134453
4.09999	5.07E-11	6.158958	0.1000001	4.51778E-05	6.158958
4.19999	5.12E-11	6.18347	0.1000001	4.60162E-05	6.18347
4.29999	5.21E-11	6.208036	0.1000001	4.68563E-05	6.208036
4.39999	5.18E-11	6.23257	0.1000001	4.76965E-05	6.23257
4.49999	5.28E-11	6.257074	0.0999999	4.8538E-05	6.257074
4.59999	5.26E-11	6.281585	0.0999999	4.93791E-05	6.281585
4.69999	5.33E-11	6.30608	0.1000002	5.02218E-05	6.30608
4.79999	5.32E-11	6.330596	0.1000002	5.10647E-05	6.330596
4.89999	5.4E-11	6.355096	0.1	5.19093E-05	6.355096
4.99999	5.38E-11	6.37965	0.1000001	5.27546E-05	6.37965
5.09999	5.43E-11	6.404224	0.0999999	5.35994E-05	6.404224
5.19999	5.45E-11	6.428733	0.1000001	5.44466E-05	6.428733
5.29999	5.45E-11	6.453245	0.1000001	5.52944E-05	6.453245
5.39999	5.53E-11	6.477748	0.1000001	5.61427E-05	6.477748
5.49999	5.49E-11	6.502286	0.1	5.69917E-05	6.502286
5.59999	5.53E-11	6.526847	0.0999999	5.78415E-05	6.526847
5.69999	5.52E-11	6.551376	0.1000001	5.86925E-05	6.551376
5.79999	4.75E-11	6.613857	0.1	5.95312E-05	6.613857
5.89999	5.33E-11	6.638417	0.0999999	6.03893E-05	6.638417
5.99999	5.39E-11	6.66294	0.1000001	6.12448E-05	6.66294
6.09999	5.44E-11	6.687484	0.0999999	6.21018E-05	6.687484
6.19999	5.48E-11	6.712043	0.1000001	6.29583E-05	6.712043
6.29999	5.48E-11	6.736647	0.1000003	6.38157E-05	6.736647
6.39999	5.56E-11	6.761107	0.0999999	6.46734E-05	6.761107
6.49999	5.58E-11	6.785641	0.1000001	6.55322E-05	6.785641
6.59999	5.64E-11	6.810141	0.1000002	6.63917E-05	6.810141
6.69999	5.64E-11	6.834669	0.1000001	6.72514E-05	6.834669
6.79999	5.64E-11	6.859174	0.1000002	6.81137E-05	6.859174
6.89999	5.68E-11	6.883694	0.1000002	6.89771E-05	6.883694
6.99999	5.7E-11	6.90823	0.1	6.98408E-05	6.90823
7.09999	5.71E-11	6.932761	0.1000002	7.07045E-05	6.932761
7.19999	5.74E-11	6.957264	0.1	7.15691E-05	6.957264
7.29999	5.72E-11	6.981826	0.1000001	7.24359E-05	6.981826
7.39999	5.75E-11	7.00634	0.1000002	7.33027E-05	7.00634
7.49999	5.76E-11	7.031029	0.1	7.41707E-05	7.031029
7.59999	5.77E-11	7.055604	0.1000001	7.50402E-05	7.055604
7.69999	5.17E-11	7.112917	0.1	7.59011E-05	7.112917
7.79999	5.65E-11	7.137477	0.0999999	7.67762E-05	7.137477
7.89999	5.74E-11	7.162009	0.1000002	7.76503E-05	7.162009
7.99999	5.73E-11	7.186559	0.1000003	7.85226E-05	7.186559
8.09999	5.74E-11	7.211148	0.1000003	7.93983E-05	7.211148
8.19999	5.76E-11	7.235688	0.0999998	8.02737E-05	7.235688
8.29999	5.8E-11	7.260228	0.1000001	8.11492E-05	7.260228
8.39999	5.81E-11	7.28473	0.1000002	8.2026E-05	7.28473
8.49999	5.84E-11	7.309256	0.1000002	8.29041E-05	7.309256
8.59999	5.76E-11	7.333772	0.1000001	8.37845E-05	7.333772
8.69999	5.82E-11	7.358297	0.1	8.46652E-05	7.358297
8.79999	5.86E-11	7.38282	0.1	8.55455E-05	7.38282
8.89999	5.9E-11	7.407391	0.1000002	8.64277E-05	7.407391
8.99999	5.89E-11	7.431898	0.1000001	8.7312E-05	7.431898
9.09999	5.91E-11	7.456408	0.1000001	8.81973E-05	7.456408
9.19999	5.91E-11	7.480919	0.1000001	8.90819E-05	7.480919
9.29999	5.93E-11	7.505453	0.0999999	8.9964E-05	7.505453
9.39999	5.89E-11	7.530109	0.0999999	9.0854E-05	7.530109
9.49999	5.98E-11	7.554625	0.1000001	9.17449E-05	7.554625
9.59999	5.32E-11	7.612389	0.1000001	9.26274E-05	7.612389
9.69999	5.81E-11	7.636956	0.1000002	9.35229E-05	7.636956
9.79999	5.8E-11	7.661494	0.1000001	9.4415E-05	7.661494
9.89999	5.93E-11	7.686008	0.1000001	9.53086E-05	7.686008
9.99999	5.94E-11	7.710608	0.1000001	9.62037E-05	7.710608
9.9	4.69E-11	7.735185	0.0999999	9.52959E-05	7.735185
9.8	4.36E-11	7.759716	0.1000001	9.43926E-05	7.759716
9.7	4.11E-11	7.784266	0.1	9.34915E-05	7.784266
9.6	3.95E-11	7.808785	0.0999999	9.25936E-05	7.808785
9.5	3.82E-11	7.833334	0.1000002	9.16962E-05	7.833334
9.4	3.68E-11	7.857866	0.0999999	9.08011E-05	7.857866
9.3	3.53E-11	7.882409	0.1000002	8.99066E-05	7.882409
9.2	3.42E-11	7.906917	0.1	8.90141E-05	7.906917
9.1	3.38E-11	7.931476	0.1000001	8.81224E-05	7.931476
9	3.26E-11	7.955989	0.1000001	8.723E-05	7.955989
8.9	3.26E-11	7.980513	0.0999998	8.63437E-05	7.980513
8.8	3.2E-11	8.005068	0.0999999	8.54537E-05	8.005068
8.7	3.1E-11	8.029688	0.1	8.45637E-05	8.029688
8.6	3.09E-11	8.054239	0.1	8.36756E-05	8.054239
8.5	3.6E-11	8.103076	0.1000001	8.27918E-05	8.103076
8.4	3.05E-11	8.12765	0.0999999	8.1904E-05	8.12765
8.3	3.02E-11	8.152271	0.1000001	8.10193E-05	8.152271
8.2	2.92E-11	8.176791	0.0999999	8.01349E-05	8.176791
8.1	3.18E-11	8.20295	0.0999999	7.92526E-05	8.20295
8	2.82E-11	8.227501	0.0999998	7.83696E-05	8.227501
7.9	2.72E-11	8.252062	0.0999997	7.74891E-05	8.252062
7.8	2.68E-11	8.276577	0.0999998	7.66102E-05	8.276577
7.7	2.66E-11	8.301164	0.0999999	7.57314E-05	8.301164
7.6	2.61E-11	8.325666	0.1000001	7.48536E-05	8.325666
7.5	2.56E-11	8.350192	0.0999998	7.39775E-05	8.350192
7.4	2.56E-11	8.37471	0.0999999	7.31025E-05	8.37471
7.3	2.52E-11	8.3993	0.1	7.22278E-05	8.3993
7.2	2.45E-11	8.423809	0.0999999	7.13537E-05	8.423809
7.1	2.39E-11	8.448335	0.1	7.04819E-05	8.448335
7	2.39E-11	8.472843	0.0999997	6.96095E-05	8.472843
6.9	2.31E-11	8.497374	0.1000001	6.87381E-05	8.497374
6.8	2.27E-11	8.521877	0.0999998	6.78682E-05	8.521877
6.7	2.25E-11	8.546508	0.1	6.69993E-05	8.546508
6.6	2.28E-11	8.571034	0.1000001	6.61303E-05	8.571034
6.5	2.79E-11	8.621789	0.0999999	6.52682E-05	8.621789
6.4	2.32E-11	8.646323	0.0999999	6.4401E-05	8.646323
6.3	2.2E-11	8.670876	0.0999998	6.35343E-05	8.670876
6.2	2.14E-11	8.695392	0.0999999	6.26696E-05	8.695392
6.1	2.06E-11	8.719968	0.0999999	6.18049E-05	8.719968
6	2.05E-11	8.744562	0.1	6.09418E-05	8.744562
5.9	2E-11	8.769072	0.1000002	6.00793E-05	8.769072
5.8	1.88E-11	8.793682	0.0999998	5.92178E-05	8.793682
5.7	1.9E-11	8.818175	0.1000001	5.83571E-05	8.818175
5.6	1.89E-11	8.842688	0.1000001	5.74974E-05	8.842688
5.5	1.83E-11	8.867199	0.0999999	5.66383E-05	8.867199
5.4	1.78E-11	8.891698	0.0999998	5.57801E-05	8.891698
5.3	1.75E-11	8.916206	0.0999997	5.49235E-05	8.916206
5.2	1.66E-11	8.940705	0.1000002	5.40676E-05	8.940705
5.1	1.63E-11	8.965229	0.0999998	5.32121E-05	8.965229
5	1.57E-11	8.989962	0.1	5.23583E-05	8.989962
4.9	1.55E-11	9.014484	0.1000002	5.15049E-05	9.014484
4.8	1.58E-11	9.039122	0.1000002	5.0652E-05	9.039122
4.7	1.49E-11	9.063678	0.1000001	4.97994E-05	9.063678
4.6	2.04E-11	9.118811	0.0999998	4.89527E-05	9.118811
4.5	1.52E-11	9.143416	0.0999998	4.81024E-05	9.143416
4.4	1.42E-11	9.167948	0.1	4.72523E-05	9.167948
4.3	1.38E-11	9.192461	0.1	4.64033E-05	9.192461
4.2	1.31E-11	9.217038	0.0999998	4.55564E-05	9.217038
4.1	1.27E-11	9.241546	0.0999999	4.47088E-05	9.241546
4	1.18E-11	9.266065	0.0999998	4.38624E-05	9.266065
3.9	1.1E-11	9.290575	0.0999998	4.30172E-05	9.290575
3.8	1.09E-11	9.315092	0.0999997	4.2173E-05	9.315092
3.7	1.06E-11	9.339623	0.1000001	4.13289E-05	9.339623
3.6	1E-11	9.364132	0.1000001	4.04863E-05	9.364132
3.5	9.4E-12	9.388673	0.0999998	3.96438E-05	9.388673
3.4	8.8E-12	9.413281	0.1000001	3.88035E-05	9.413281
3.3	7.9E-12	9.437802	0.1	3.79631E-05	9.437802
3.2	7.1E-12	9.462324	0.0999998	3.7123E-05	9.462324
3.1	7.7E-12	9.487093	0.0999999	3.6285E-05	9.487093
3	5.7E-12	9.511615	0.1000002	3.54476E-05	9.511615
2.9	5.3E-12	9.536228	0.0999997	3.46108E-05	9.536228
2.8	4.2E-12	9.560732	0.1	3.37754E-05	9.560732
2.7	1.14E-11	9.62306	0.0999997	3.29467E-05	9.62306
2.6	5.1E-12	9.647603	0.0999999	3.21113E-05	9.647603
2.5	4E-12	9.672145	0.1000001	3.12777E-05	9.672145
2.4	2.2E-12	9.69666	0.1	3.04449E-05	9.69666
2.3	1.5E-12	9.721245	0.1000002	2.96142E-05	9.721245
2.2	3E-13	9.745855	0.0999999	2.87839E-05	9.745855
2.099999	2.8E-12	9.772312	0.1000001	2.79608E-05	9.772312
2	-1.6E-12	9.796854	0.0999996	2.71328E-05	9.796854
1.9	-2.8E-12	9.821392	0.1	2.63066E-05	9.821392
1.8	-4.2E-12	9.84591	0.1000001	2.54821E-05	9.84591
1.7	-5.1E-12	9.870478	0.0999998	2.46583E-05	9.870478
1.6	-6.6E-12	9.894979	0.1000001	2.38368E-05	9.894979
1.5	-7.6E-12	9.919521	0.1000001	2.30172E-05	9.919521
1.4	-8.8E-12	9.944016	0.0999998	2.21984E-05	9.944016
1.3	-1.02E-11	9.96854	0.1	2.13826E-05	9.96854
1.2	-1.17E-11	9.993076	0.0999997	2.05695E-05	9.993076
1.1	-1.34E-11	10.01757	0.1	1.9759E-05	10.01757
1	-1.48E-11	10.042176	0.1	1.89521E-05	10.042176
0.9	-1.64E-11	10.066821	0.0999999	1.81485E-05	10.066821
0.8	-1.16E-11	10.126162	0.0999998	1.7355E-05	10.126162
0.7	-1.79E-11	10.150758	0.0999999	1.65593E-05	10.150758
0.6	-2.11E-11	10.175289	0.1000001	1.57696E-05	10.175289
0.5	-2.32E-11	10.199922	0.1000001	1.49865E-05	10.199922
0.4	-2.54E-11	10.224521	0.1	1.42094E-05	10.224521
0.3	-2.81E-11	10.249024	0.1	1.34394E-05	10.249024
0.2	-2.69E-11	10.275429	0.1	1.26761E-05	10.275429
0.0999998	-3.25E-11	10.299966	0.0999998	1.19182E-05	10.299966
-5E-07	-3.47E-11	10.32446	0.0999999	1.1167E-05	10.32446
#scan	iMeasureCycle=2	iMux=0	time=279.654	N=401	LocalTime=19/04/2023 23:06:19
#VGate(V)	IGate(A)	time(s)	VDrain(V)	IDrain(A)	time(s)
0	-1.43E-11	279.661701	0.0999999	1.13533E-05	279.661701
-0.1000003	-2.17E-11	279.686575	0.1	1.05946E-05	279.686575
-0.2	-2.33E-11	279.71219	0.0999999	9.8447E-06	279.71219
-0.3	-2.93E-11	279.736912	0.0999999	9.1025E-06	279.736912
-0.4	-2.82E-11	279.764043	0.1	8.37682E-06	279.764043
-0.5	-3.43E-11	279.78856	0.0999999	7.65698E-06	279.78856
-0.6	-3.62E-11	279.813124	0.0999998	6.95099E-06	279.813124
-0.7	-3.87E-11	279.837669	0.0999999	6.26067E-06	279.837669
-0.8	-4.01E-11	279.862203	0.0999998	5.58855E-06	279.862203
-0.9	-4.16E-11	279.886711	0.0999999	4.93824E-06	279.886711
-1	-4.29E-11	279.911263	0.0999999	4.3124E-06	279.911263
-1.1	-4.41E-11	279.935765	0.1	3.71571E-06	279.935765
-1.2	-4.5E-11	279.960413	0.0999999	3.1524E-06	279.960413
-1.3	-4.62E-11	279.98494	0.0999999	2.62633E-06	279.98494
-1.4	-4.72E-11	280.009503	0.1	2.14266E-06	280.009503
-1.5	-4.8E-11	280.034027	0.0999998	1.7054E-06	280.034027
-1.6	-4.9E-11	280.058529	0.0999999	1.3188E-06	280.058529
-1.7	-4.92E-11	280.083049	0.1000001	9.8483E-07	280.083049
-1.8	-4.63E-11	280.110353	0.0999997	7.06474E-07	280.110353
-1.9	-5.03E-11	280.134862	0.0999996	4.80428E-07	280.134862
-2	-5.08E-11	280.159374	0.0999994	3.07147E-07	280.159374
-2.1	-5.15E-11	280.1839	0.0999997	1.81826E-07	280.1839
-2.2	-4.59E-11	280.227911	0.1	9.8939E-08	280.227911
-2.3	-4.56E-11	280.265597	0.0999964	4.79359E-08	280.265597
-2.4	-6.45E-11	280.288892	0.1000039	1.98811E-08	280.288892
-2.5	-6.56E-11	280.313037	0.1000016	7.0809E-09	280.313037
-2.6	-6.82E-11	280.336295	0.1000011	2.0994E-09	280.336295
-2.7	-6.87E-11	280.359515	0.1000004	5.136E-10	280.359515
-2.8	-6.97E-11	280.382715	0.1000001	9.95E-11	280.382715
-2.9	-6.81E-11	280.406031	0.1000001	1.01E-11	280.406031
-3	-7.06E-11	280.429334	0.1000001	-5E-12	280.429334
-3.1	-7.05E-11	280.452633	0.1000002	-7.2E-12	280.452633
-3.2	-6.98E-11	280.475936	0.1000002	-7.3E-12	280.475936
-3.3	-7E-11	280.499211	0.1000001	-6.8E-12	280.499211
-3.4	-7.2E-11	280.522418	0.1000002	-6.6E-12	280.522418
-3.5	-7.27E-11	280.545626	0.1	-7E-12	280.545626
-3.6	-7.13E-11	280.56891	0.1	-7.2E-12	280.56891
-3.7	-7.19E-11	280.592194	0.1	-6.8E-12	280.592194
-3.8	-7.34E-11	280.61541	0.1000001	-6.6E-12	280.61541
-3.9	-7.43E-11	280.63862	0.1000002	-6.6E-12	280.63862
-4	-7.22E-11	280.661998	0.1000002	-7.3E-12	280.661998
-4.1	-7.23E-11	280.685301	0.1	-7.3E-12	280.685301
-4.2	-5.4E-11	280.727985	0.0999999	-8.6E-12	280.727985
-4.3	-7.18E-11	280.751295	0.1000003	-6.8E-12	280.751295
-4.4	-7.22E-11	280.774586	0.0999999	-7.1E-12	280.774586
-4.5	-7.48E-11	280.797801	0.0999999	-6.7E-12	280.797801
-4.6	-7.51E-11	280.821065	0.1000001	-7E-12	280.821065
-4.7	-7.42E-11	280.844348	0.1000002	-7.2E-12	280.844348
-4.8	-7.37E-11	280.867643	0.1000002	-6.7E-12	280.867643
-4.9	-7.58E-11	280.890949	0.1000001	-6.9E-12	280.890949
-5	-7.46E-11	280.914267	0.1000003	-7.2E-12	280.914267
-5.1	-7.5E-11	280.937545	0.1000001	-6.9E-12	280.937545
-5.2	-7.71E-11	280.960865	0.1000002	-6.7E-12	280.960865
-5.3	-7.77E-11	280.984075	0.1000003	-6.7E-12	280.984075
-5.4	-7.6E-11	281.007398	0.0999999	-6.7E-12	281.007398
-5.5	-7.56E-11	281.030689	0.1000002	-6.7E-12	281.030689
-5.6	-7.69E-11	281.053915	0.1000002	-6.5E-12	281.053915
-5.7	-7.81E-11	281.077136	0.1000004	-6.8E-12	281.077136
-5.8	-7.67E-11	281.100422	0.1	-6.6E-12	281.100422
-5.9	-7.67E-11	281.123717	0.1	-7.2E-12	281.123717
-6	-7.83E-11	281.146925	0.1000001	-6.7E-12	281.146925
-6.1	-7.73E-11	281.170222	0.1000001	-6.6E-12	281.170222
-6.2	-5.76E-11	281.226692	0.0999998	-8.7E-12	281.226692
-6.3	-7.72E-11	281.249933	0.1	-6.6E-12	281.249933
-6.4	-7.84E-11	281.273166	0.1000001	-6.2E-12	281.273166
-6.5	-7.9E-11	281.29638	0.1000002	-6.5E-12	281.29638
-6.6	-7.77E-11	281.319723	0.1000002	-6.8E-12	281.319723
-6.7	-7.95E-11	281.342996	0.1000002	-6.2E-12	281.342996
-6.8	-7.95E-11	281.366223	0.1	-6.5E-12	281.366223
-6.9	-7.81E-11	281.389516	0.1000002	-6.4E-12	281.389516
-7	-7.82E-11	281.412834	0.1000001	-6.3E-12	281.412834
-7.1	-7.97E-11	281.436056	0.1000002	-6.3E-12	281.436056
-7.2	-8.04E-11	281.459357	0.1000002	-6.3E-12	281.459357
-7.3	-7.91E-11	281.482652	0.1000001	-6.7E-12	281.482652
-7.4	-7.91E-11	281.505944	0.1000002	-6.6E-12	281.505944
-7.5	-8.11E-11	281.529163	0.1000001	-6.5E-12	281.529163
-7.6	-8.14E-11	281.552383	0.1000001	-6.7E-12	281.552383
-7.7	-7.95E-11	281.575671	0.1	-6.6E-12	281.575671
-7.8	-8.16E-11	281.598972	0.1000002	-6.6E-12	281.598972
-7.9	-8.2E-11	281.6222	0.0999999	-6.2E-12	281.6222
-8	-8.24E-11	281.64542	0.1000003	-6.6E-12	281.64542
-8.1	-8.05E-11	281.668761	0.1000001	-6.3E-12	281.668761
-8.2	-6.11E-11	281.72378	0.0999997	-8.4E-12	281.72378
-8.3	-7.94E-11	281.747093	0.1000001	-6.5E-12	281.747093
-8.4	-8.14E-11	281.770319	0.1000002	-6.3E-12	281.770319
-8.5	-8.18E-11	281.793535	0.1000004	-6.3E-12	281.793535
-8.6	-8.06E-11	281.816868	0.1000001	-6.5E-12	281.816868
-8.7	-8.04E-11	281.840149	0.1000001	-6.4E-12	281.840149
-8.8	-8.27E-11	281.863362	0.1000001	-6.3E-12	281.863362
-8.9	-8.28E-11	281.886587	0.1000003	-5.9E-12	281.886587
-9	-8.1E-11	281.909906	0.1000001	-6.2E-12	281.909906
-9.1	-8.15E-11	281.933183	0.1000003	-6.5E-12	281.933183
-9.2	-8.3E-11	281.956531	0.1000002	-6.5E-12	281.956531
-9.3	-8.42E-11	281.979737	0.1000003	-5.8E-12	281.979737
-9.4	-8.24E-11	282.003162	0.1000002	-6E-12	282.003162
-9.5	-8.34E-11	282.026392	0.1000003	-5.8E-12	282.026392
-9.6	-8.47E-11	282.049606	0.1000001	-6E-12	282.049606
-9.7	-8.19E-11	282.072903	0.1000002	-6.4E-12	282.072903
-9.8	-8.27E-11	282.096164	0.0999999	-6.4E-12	282.096164
-9.9	-8.45E-11	282.119397	0.1000001	-6.2E-12	282.119397
-10	-8.52E-11	282.142618	0.1000001	-5.7E-12	282.142618
-9.90001	-4.26E-11	282.165825	0.0999998	-9.6E-12	282.165825
-9.80001	-4.11E-11	282.189106	0.0999999	-9.6E-12	282.189106
-9.70001	-5.53E-11	282.2296	0.1	-8.5E-12	282.2296
-9.60001	-3.48E-11	282.25283	0.0999996	-1.01E-11	282.25283
-9.50001	-3.27E-11	282.27606	0.0999997	-1.02E-11	282.27606
-9.40001	-3.3E-11	282.299352	0.0999997	-1.02E-11	282.299352
-9.30001	-3.1E-11	282.322625	0.0999996	-9.9E-12	282.322625
-9.20001	-2.98E-11	282.345901	0.0999997	-1E-11	282.345901
-9.10001	-2.84E-11	282.369105	0.0999997	-1.05E-11	282.369105
-9.00001	-2.89E-11	282.392402	0.0999998	-1.02E-11	282.392402
-8.90001	-2.76E-11	282.415656	0.0999996	-1.01E-11	282.415656
-8.80001	-2.68E-11	282.438892	0.0999998	-1.02E-11	282.438892
-8.70001	-2.74E-11	282.462268	0.0999996	-1.03E-11	282.462268
-8.60001	-2.61E-11	282.485552	0.0999997	-1.01E-11	282.485552
-8.50001	-2.44E-11	282.508804	0.0999996	-1.05E-11	282.508804
-8.40001	-2.57E-11	282.532105	0.0999997	-1E-11	282.532105
-8.30001	-2.54E-11	282.555383	0.0999998	-1E-11	282.555383
-8.20001	-2.48E-11	282.578663	0.0999998	-1.03E-11	282.578663
-8.10001	-2.21E-11	282.601867	0.0999997	-1.03E-11	282.601867
-8	-2.24E-11	282.625093	0.0999998	-1.04E-11	282.625093
-7.90001	-2.33E-11	282.648386	0.0999998	-9.9E-12	282.648386
-7.80001	-2.09E-11	282.671671	0.0999998	-1.03E-11	282.671671
-7.70001	-4.1E-11	282.731171	0.0999998	-8.4E-12	282.731171
-7.6	-2.14E-11	282.754394	0.0999997	-1.04E-11	282.754394
-7.50001	-2.23E-11	282.777684	0.0999996	-9.9E-12	282.777684
-7.40001	-2.04E-11	282.80089	0.0999996	-1.04E-11	282.80089
-7.30001	-1.93E-11	282.824167	0.0999996	-1.03E-11	282.824167
-7.2	-1.84E-11	282.847386	0.0999998	-1.07E-11	282.847386
-7.10001	-2.05E-11	282.870676	0.0999995	-1.04E-11	282.870676
-7.00001	-2.06E-11	282.894005	0.0999998	-1.03E-11	282.894005
-6.90001	-1.81E-11	282.917247	0.0999998	-1.06E-11	282.917247
-6.80001	-1.94E-11	282.940544	0.0999994	-1.04E-11	282.940544
-6.70001	-1.86E-11	282.963931	0.0999995	-1.07E-11	282.963931
-6.60001	-1.66E-11	282.987149	0.0999997	-1.06E-11	282.987149
-6.50001	-1.6E-11	283.010421	0.0999998	-1.08E-11	283.010421
-6.40001	-1.57E-11	283.033655	0.0999996	-1.05E-11	283.033655
-6.30001	-1.51E-11	283.056879	0.0999995	-1.07E-11	283.056879
-6.20001	-1.67E-11	283.080187	0.0999998	-1.04E-11	283.080187
-6.10001	-1.46E-11	283.103395	0.0999997	-1.08E-11	283.103395
-6.00001	-1.62E-11	283.12669	0.0999997	-1.05E-11	283.12669
-5.90001	-1.57E-11	283.149993	0.0999997	-1.06E-11	283.149993
-5.80001	-1.33E-11	283.173202	0.0999999	-1.1E-11	283.173202
-5.70001	-3.48E-11	283.232676	0.1	-9.1E-12	283.232676
-5.60001	-1.62E-11	283.255974	0.0999996	-1.08E-11	283.255974
-5.50001	-1.37E-11	283.279191	0.0999997	-1.07E-11	283.279191
-5.40001	-1.27E-11	283.302405	0.0999997	-1.12E-11	283.302405
-5.30001	-1.23E-11	283.32567	0.0999997	-1.08E-11	283.32567
-5.20001	-1.32E-11	283.349012	0.0999995	-1.07E-11	283.349012
-5.1	-1.26E-11	283.372295	0.0999996	-1.06E-11	283.372295
-5.00001	-1.03E-11	283.395499	0.1	-1.13E-11	283.395499
-4.90001	-9.9E-12	283.41874	0.0999998	-1.09E-11	283.41874
-4.80001	-1.11E-11	283.442029	0.0999998	-1.08E-11	283.442029
-4.7	-9.5E-12	283.465357	0.0999998	-1.12E-11	283.465357
-4.60001	-8.9E-12	283.488578	0.0999997	-1.18E-11	283.488578
-4.50001	-8.3E-12	283.511789	0.0999998	-1.14E-11	283.511789
-4.40001	-1E-11	283.535087	0.0999995	-1.14E-11	283.535087
-4.3	-7.5E-12	283.558284	0.0999996	-1.17E-11	283.558284
-4.20001	-7E-12	283.581501	0.0999999	-1.16E-11	283.581501
-4.10001	-6.6E-12	283.604704	0.0999998	-1.15E-11	283.604704
-4.00001	-7.5E-12	283.627993	0.0999998	-1.14E-11	283.627993
-3.90001	-8.8E-12	283.651345	0.0999997	-1.1E-11	283.651345
-3.80001	-5E-12	283.674608	0.0999996	-1.19E-11	283.674608
-3.70001	-2.61E-11	283.733992	0.1	-9.6E-12	283.733992
-3.60001	-7.8E-12	283.757294	0.0999996	-1.2E-11	283.757294
-3.50001	-5E-12	283.780515	0.0999997	-1.18E-11	283.780515
-3.40001	-4.3E-12	283.803724	0.0999995	-1.18E-11	283.803724
-3.30001	-3.7E-12	283.826993	0.0999998	-1.19E-11	283.826993
-3.20001	-4.3E-12	283.850286	0.0999996	-1.19E-11	283.850286
-3.10001	-4.2E-12	283.873577	0.0999997	-1.11E-11	283.873577
-3.00001	-1.1E-12	283.896787	0.0999996	-4.6E-12	283.896787
-2.90001	-4E-13	283.920016	0.0999998	3.77E-11	283.920016
-2.80001	-1.4E-12	283.943307	0.0999998	2.44E-10	283.943307
-2.70001	9E-13	283.966612	0.1000001	1.0588E-09	283.966612
-2.60001	1.6E-12	283.98983	0.1000008	3.7721E-09	283.98983
-2.50001	2.3E-12	284.013089	0.1000018	1.13059E-08	284.013089
-2.40001	9E-13	284.036388	0.100003	2.8816E-08	284.036388
-2.30001	1.6E-12	284.059665	0.1000034	6.36922E-08	284.059665
-2.20001	-1.68E-11	284.099089	0.1000001	1.22056E-07	284.099089
-2.1	-1.48E-11	284.125485	0.1000005	2.19073E-07	284.125485
-2.000001	-1.04E-11	284.149987	0.1000007	3.58324E-07	284.149987
-1.9	-9.1E-12	284.17448	0.1000007	5.45532E-07	284.17448
-1.800001	-1.64E-11	284.238361	0.1000001	7.74461E-07	284.238361
-1.700001	-1.47E-11	284.272914	0.1000001	1.06668E-06	284.272914
-1.6	-8.4E-12	284.297439	0.0999999	1.41547E-06	284.297439
-1.5	-7.1E-12	284.32407	0.1000002	1.8132E-06	284.32407
-1.4	-6.1E-12	284.348625	0.1000001	2.25973E-06	284.348625
-1.3	-4.5E-12	284.373157	0.1000003	2.75051E-06	284.373157
-1.2	-2.9E-12	284.397663	0.1000001	3.28208E-06	284.397663
-1.100001	-2E-12	284.422282	0.1000001	3.84899E-06	284.422282
-1	-6E-13	284.446798	0.1000001	4.44801E-06	284.446798
-0.9	4E-13	284.471412	0.1000001	5.07472E-06	284.471412
-0.8	1.9E-12	284.495933	0.1	5.72518E-06	284.495933
-0.7	3.3E-12	284.520429	0.1000002	6.39622E-06	284.520429
-0.6	4.4E-12	284.545025	0.1000002	7.08494E-06	284.545025
-0.5	6.2E-12	284.569542	0.1000001	7.78859E-06	284.569542
-0.4	7.7E-12	284.59403	0.0999999	8.50516E-06	284.59403
-0.300001	9.1E-12	284.618584	0.1	9.23299E-06	284.618584
-0.1999998	7.4E-12	284.644993	0.1000001	9.97021E-06	284.644993
-0.1000001	7.4E-12	284.679623	0.1	1.07082E-05	284.679623
0	7.2E-12	284.741963	0.0999999	1.14543E-05	284.741963
0.1000004	1.36E-11	284.766475	0.1000001	1.22172E-05	284.766475
0.2000004	1.61E-11	284.790968	0.1000001	1.29852E-05	284.790968
0.299999	1.83E-11	284.815678	0.1000002	1.37573E-05	284.815678
0.4	2.12E-11	284.840296	0.1	1.45368E-05	284.840296
0.5	2.27E-11	284.864826	0.1000001	1.5323E-05	284.864826
0.6	2.51E-11	284.889362	0.0999999	1.61145E-05	284.889362
0.7	2.67E-11	284.91388	0.0999999	1.6912E-05	284.91388
0.8	2.89E-11	284.938378	0.1	1.7713E-05	284.938378
0.899999	3.04E-11	284.96298	0.1000001	1.85184E-05	284.96298
0.999999	3.21E-11	284.987523	0.1000001	1.93278E-05	284.987523
1.1	3.39E-11	285.012098	0.0999995	2.01405E-05	285.012098
1.2	3.55E-11	285.036684	0.0999999	2.09566E-05	285.036684
1.3	3.71E-11	285.06118	0.1	2.17746E-05	285.06118
1.399999	3.84E-11	285.085724	0.1000001	2.25945E-05	285.085724
1.5	3.99E-11	285.110261	0.0999998	2.34169E-05	285.110261
1.599999	4.11E-11	285.134781	0.0999999	2.424E-05	285.134781
1.699999	4.19E-11	285.159321	0.1000001	2.50649E-05	285.159321
1.8	4.29E-11	285.183826	0.1000002	2.58913E-05	285.183826
1.899999	3.6E-11	285.244422	0.0999998	2.67095E-05	285.244422
2	4.14E-11	285.268993	0.1	2.75399E-05	285.268993
2.099999	4.31E-11	285.293455	0.0999998	2.83701E-05	285.293455
2.19999	4.35E-11	285.318176	0.0999999	2.91956E-05	285.318176
2.29999	4.43E-11	285.342772	0.1000001	3.00269E-05	285.342772
2.39999	4.53E-11	285.36735	0.0999998	3.08588E-05	285.36735
2.49999	4.64E-11	285.391848	0.1	3.16907E-05	285.391848
2.59999	4.67E-11	285.416418	0.1000001	3.25235E-05	285.416418
2.69999	4.72E-11	285.441033	0.1	3.3357E-05	285.441033
2.79999	4.77E-11	285.465678	0.1000003	3.41893E-05	285.465678
2.89999	4.83E-11	285.490209	0.1	3.5023E-05	285.490209
2.99999	4.88E-11	285.514741	0.1000002	3.58576E-05	285.514741
3.09999	4.95E-11	285.539276	0.0999999	3.66921E-05	285.539276
3.19999	4.94E-11	285.563811	0.1000003	3.75267E-05	285.563811
3.29999	4.92E-11	285.58833	0.1	3.83623E-05	285.58833
3.39999	4.97E-11	285.612862	0.1000002	3.91985E-05	285.612862
3.49999	4.98E-11	285.637435	0.1000001	4.00341E-05	285.637435
3.59999	5.09E-11	285.661948	0.1000001	4.08707E-05	285.661948
3.69999	5.11E-11	285.686513	0.0999998	4.17079E-05	285.686513
3.79999	4.46E-11	285.743025	0.1000001	4.25351E-05	285.743025
3.89999	4.97E-11	285.767606	0.1000001	4.33758E-05	285.767606
3.99999	5.06E-11	285.792124	0.1	4.42173E-05	285.792124
4.09999	5.09E-11	285.816683	0.1000002	4.50576E-05	285.816683
4.19999	5.12E-11	285.841272	0.1	4.58972E-05	285.841272
4.29999	5.15E-11	285.865804	0.1	4.67381E-05	285.865804
4.39999	5.19E-11	285.890354	0.1000002	4.75802E-05	285.890354
4.49999	5.25E-11	285.914909	0.1	4.84221E-05	285.914909
4.59999	5.29E-11	285.939405	0.1	4.9265E-05	285.939405
4.69999	5.35E-11	285.964006	0.1	5.01085E-05	285.964006
4.79999	5.35E-11	285.988572	0.1	5.09526E-05	285.988572
4.89999	5.33E-11	286.013165	0.1000001	5.17977E-05	286.013165
4.99999	5.34E-11	286.037693	0.0999999	5.26434E-05	286.037693
5.09999	5.4E-11	286.062208	0.0999999	5.34898E-05	286.062208
5.19999	5.45E-11	286.086736	0.1000001	5.43375E-05	286.086736
5.29999	5.44E-11	286.11123	0.0999999	5.51852E-05	286.11123
5.39999	5.44E-11	286.135742	0.1000001	5.60342E-05	286.135742
5.49999	5.46E-11	286.160232	0.1000002	5.68841E-05	286.160232
5.59999	5.52E-11	286.184759	0.1000001	5.77349E-05	286.184759
5.69999	4.81E-11	286.244179	0.0999998	5.85759E-05	286.244179
5.79999	5.31E-11	286.268711	0.1000001	5.9432E-05	286.268711
5.89999	5.43E-11	286.293276	0.1000002	6.02866E-05	286.293276
5.99999	5.47E-11	286.317829	0.1000001	6.11418E-05	286.317829
6.09999	5.54E-11	286.342426	0.1000002	6.19989E-05	286.342426
6.19999	5.52E-11	286.36697	0.1000001	6.28543E-05	286.36697
6.29999	5.56E-11	286.39147	0.1	6.37112E-05	286.39147
6.39999	5.6E-11	286.416012	0.1000001	6.45704E-05	286.416012
6.49999	5.59E-11	286.44064	0.1000002	6.54292E-05	286.44064
6.59999	5.65E-11	286.465267	0.1000003	6.62895E-05	286.465267
6.69999	5.68E-11	286.489771	0.0999999	6.71499E-05	286.489771
6.79999	5.72E-11	286.514298	0.1000002	6.8012E-05	286.514298
6.89999	5.66E-11	286.538835	0.1	6.88766E-05	286.538835
6.99999	5.69E-11	286.563414	0.1000001	6.97392E-05	286.563414
7.09999	5.72E-11	286.587927	0.1000001	7.06035E-05	286.587927
7.19999	5.7E-11	286.612447	0.0999998	7.14703E-05	286.612447
7.29999	5.7E-11	286.637064	0.1000004	7.23371E-05	286.637064
7.39999	5.72E-11	286.661576	0.1000002	7.32032E-05	286.661576
7.49999	5.73E-11	286.686156	0.1	7.40715E-05	286.686156
7.59999	5.07E-11	286.745499	0.1000001	7.49325E-05	286.745499
7.69999	5.61E-11	286.770026	0.1000002	7.58064E-05	286.770026
7.79999	5.7E-11	286.794559	0.0999999	7.66791E-05	286.794559
7.89999	5.72E-11	286.819077	0.0999999	7.75516E-05	286.819077
7.99999	5.72E-11	286.843664	0.0999998	7.8427E-05	286.843664
8.09999	5.79E-11	286.868213	0.0999999	7.93016E-05	286.868213
8.19999	5.81E-11	286.892764	0.1000001	8.01775E-05	286.892764
8.29999	5.85E-11	286.917299	0.1000001	8.10536E-05	286.917299
8.39999	5.86E-11	286.941808	0.1	8.19304E-05	286.941808
8.49999	5.82E-11	286.966418	0.1	8.28085E-05	286.966418
8.59999	5.83E-11	286.990926	0.1000003	8.3689E-05	286.990926
8.69999	5.85E-11	287.01551	0.1000001	8.45683E-05	287.01551
8.79999	5.86E-11	287.040014	0.0999998	8.54502E-05	287.040014
8.89999	5.84E-11	287.06456	0.0999998	8.63331E-05	287.06456
8.99999	5.86E-11	287.08907	0.1000001	8.72165E-05	287.08907
9.09999	5.92E-11	287.11362	0.1000001	8.81012E-05	287.11362
9.19999	5.94E-11	287.138131	0.1000001	8.89859E-05	287.138131
9.29999	5.95E-11	287.162659	0.0999999	8.98689E-05	287.162659
9.39999	5.95E-11	287.187203	0.1000003	9.07592E-05	287.187203
9.49999	5.27E-11	287.247368	0.1000002	9.16441E-05	287.247368
9.59999	5.73E-11	287.271916	0.0999999	9.2536E-05	287.271916
9.69999	5.82E-11	287.296453	0.1	9.34292E-05	287.296453
9.79999	5.79E-11	287.320994	0.1000001	9.43234E-05	287.320994
9.89999	5.95E-11	287.345584	0.1000001	9.52163E-05	287.345584
9.99999	5.96E-11	287.370105	0.1000002	9.61102E-05	287.370105
9.9	4.63E-11	287.394634	0.0999999	9.52019E-05	287.394634
9.8	4.29E-11	287.41919	0.0999998	9.42998E-05	287.41919
9.7	4.03E-11	287.443721	0.1000001	9.33985E-05	287.443721
9.6	3.9E-11	287.468367	0.1000001	9.24999E-05	287.468367
9.5	3.77E-11	287.492898	0.0999996	9.16033E-05	287.492898
9.4	3.65E-11	287.517411	0.0999998	9.07087E-05	287.517411
9.3	3.51E-11	287.541934	0.0999998	8.98151E-05	287.541934
9.2	3.4E-11	287.566456	0.1000002	8.89217E-05	287.566456
9.1	3.38E-11	287.590984	0.0999999	8.80293E-05	287.590984
9	3.3E-11	287.615488	0.1000001	8.7138E-05	287.615488
8.9	3.22E-11	287.640015	0.0999999	8.6252E-05	287.640015
8.8	3.17E-11	287.664609	0.0999997	8.53615E-05	287.664609
8.7	3.1E-11	287.689204	0.0999996	8.4472E-05	287.689204
8.6	3.66E-11	287.748866	0.0999999	8.35865E-05	287.748866
8.5	3.14E-11	287.773413	0.0999999	8.26976E-05	287.773413
8.4	3.05E-11	287.797969	0.0999999	8.18095E-05	287.797969
8.3	2.93E-11	287.82251	0.1	8.09248E-05	287.82251
8.2	2.89E-11	287.84712	0.0999996	8.00416E-05	287.84712
8.1	2.86E-11	287.871664	0.0999999	7.91587E-05	287.871664
8	2.78E-11	287.89621	0.1000001	7.82763E-05	287.89621
7.9	2.75E-11	287.920821	0.0999997	7.73951E-05	287.920821
7.8	2.7E-11	287.945342	0.0999997	7.65164E-05	287.945342
7.7	2.67E-11	287.969939	0.0999999	7.56378E-05	287.969939
7.6	2.65E-11	287.994465	0.1	7.47591E-05	287.994465
7.5	2.57E-11	288.019072	0.0999997	7.38826E-05	288.019072
7.4	2.5E-11	288.043596	0.1	7.30077E-05	288.043596
7.3	2.48E-11	288.068104	0.1	7.2132E-05	288.068104
7.2	2.44E-11	288.092613	0.0999998	7.12585E-05	288.092613
7.1	2.45E-11	288.117196	0.1000001	7.03862E-05	288.117196
7	2.4E-11	288.14171	0.0999999	6.95142E-05	288.14171
6.9	2.31E-11	288.166219	0.1000003	6.86428E-05	288.166219
6.8	2.25E-11	288.190737	0.1	6.77718E-05	288.190737
6.7	2.86E-11	288.25048	0.1	6.6909E-05	288.25048
6.6	2.35E-11	288.275004	0.0999998	6.60395E-05	288.275004
6.5	2.23E-11	288.299569	0.0999999	6.51723E-05	288.299569
6.4	2.2E-11	288.324077	0.0999999	6.4305E-05	288.324077
6.3	2.16E-11	288.348676	0.0999998	6.34394E-05	288.348676
6.2	2.14E-11	288.373184	0.0999999	6.25737E-05	288.373184
6.1	2.05E-11	288.397709	0.0999999	6.17091E-05	288.397709
6	2.03E-11	288.422322	0.0999999	6.08451E-05	288.422322
5.9	2.04E-11	288.446868	0.1000001	5.99831E-05	288.446868
5.8	1.94E-11	288.471476	0.0999998	5.91208E-05	288.471476
5.7	1.89E-11	288.496028	0.0999999	5.82616E-05	288.496028
5.6	1.83E-11	288.52055	0.0999998	5.74012E-05	288.52055
5.5	1.82E-11	288.545102	0.0999999	5.65427E-05	288.545102
5.4	1.77E-11	288.56961	0.0999998	5.56856E-05	288.56961
5.3	1.73E-11	288.594131	0.0999999	5.48284E-05	288.594131
5.2	1.7E-11	288.618668	0.1	5.39718E-05	288.618668
5.1	1.68E-11	288.64319	0.0999997	5.31164E-05	288.64319
5	1.61E-11	288.667695	0.0999998	5.2262E-05	288.667695
4.9	1.55E-11	288.692258	0.1	5.14088E-05	288.692258
4.8	2.17E-11	288.747886	0.1000002	5.05608E-05	288.747886
4.7	1.61E-11	288.772415	0.1	4.97081E-05	288.772415
4.6	1.54E-11	288.796994	0.1000002	4.88566E-05	288.796994
4.5	1.46E-11	288.821492	0.0999998	4.80053E-05	288.821492
4.4	1.43E-11	288.846072	0.1	4.71561E-05	288.846072
4.3	1.36E-11	288.870616	0.0999999	4.6308E-05	288.870616
4.2	1.26E-11	288.895147	0.0999998	4.546E-05	288.895147
4.1	1.26E-11	288.91973	0.0999999	4.46127E-05	288.91973
4	1.19E-11	288.944326	0.0999999	4.37662E-05	288.944326
3.9	1.13E-11	288.968868	0.1000002	4.29212E-05	288.968868
3.8	1.03E-11	288.993503	0.1000001	4.20775E-05	288.993503
3.7	1.03E-11	289.018075	0.0999999	4.12334E-05	289.018075
3.6	9.6E-12	289.042579	0.0999999	4.039E-05	289.042579
3.5	9E-12	289.067086	0.0999999	3.95485E-05	289.067086
3.4	8.4E-12	289.091609	0.0999999	3.87078E-05	289.091609
3.3	7.9E-12	289.116164	0.0999999	3.78665E-05	289.116164
3.2	7E-12	289.140668	0.1	3.70278E-05	289.140668
3.1	6.4E-12	289.1652	0.0999998	3.61896E-05	289.1652
3	5.7E-12	289.189726	0.1000001	3.53523E-05	289.189726
2.9	1.26E-11	289.252262	0.0999997	3.45214E-05	289.252262
2.8	6.2E-12	289.276814	0.0999998	3.36838E-05	289.276814
2.7	4.9E-12	289.301334	0.1	3.28489E-05	289.301334
2.6	3.4E-12	289.325855	0.1000001	3.20146E-05	289.325855
2.5	2.7E-12	289.350446	0.1000001	3.11816E-05	289.350446
2.4	1.7E-12	289.374959	0.0999999	3.03494E-05	289.374959
2.3	8E-13	289.399497	0.0999998	2.95185E-05	289.399497
2.2	-9E-13	289.424153	0.1	2.86887E-05	289.424153
2.099999	1.9E-12	289.450579	0.0999999	2.78652E-05	289.450579
2	-2.4E-12	289.475168	0.0999999	2.70382E-05	289.475168
1.9	-3E-12	289.499704	0.1000002	2.62121E-05	289.499704
1.8	-4.4E-12	289.524208	0.1000001	2.53876E-05	289.524208
1.7	-5.5E-12	289.548745	0.0999998	2.45649E-05	289.548745
1.6	-6.9E-12	289.573256	0.1000001	2.37432E-05	289.573256
1.5	-8.1E-12	289.597829	0.1000001	2.29235E-05	289.597829
1.4	-9.6E-12	289.622329	0.0999998	2.21055E-05	289.622329
1.3	-1.08E-11	289.646853	0.1	2.12899E-05	289.646853
1.2	-1.23E-11	289.671361	0.1	2.04772E-05	289.671361
1.1	-1.38E-11	289.695925	0.0999999	1.96675E-05	289.695925
1	-8.8E-12	289.755466	0.1	1.88661E-05	289.755466
0.9	-1.46E-11	289.780208	0.0999999	1.80615E-05	289.780208
0.8	-1.78E-11	289.804718	0.0999999	1.7263E-05	289.804718
0.7	-1.94E-11	289.829235	0.1	1.64694E-05	289.829235
0.6	-2.21E-11	289.853797	0.1000001	1.56805E-05	289.853797
0.5	-2.43E-11	289.878306	0.0999999	1.48975E-05	289.878306
0.4	-2.63E-11	289.902909	0.1	1.41219E-05	289.902909
0.3	-2.84E-11	289.92747	0.1	1.33527E-05	289.92747
0.2	-2.75E-11	289.953872	0.1000001	1.259E-05	289.953872
0.0999999	-3.29E-11	289.978461	0.0999999	1.18331E-05	289.978461
-4E-07	-3.55E-11	290.00297	0.0999999	1.10827E-05	290.00297
#scan	iMeasureCycle=3	iMux=0	time=319.698	N=401	LocalTime=19/04/2023 23:06:59
#VGate(V)	IGate(A)	time(s)	VDrain(V)	IDrain(A)	time(s)
-2E-07	-1.37E-11	319.705541	0.1	1.12649E-05	319.705541
-0.1000002	-2.18E-11	319.730463	0.0999999	1.05085E-05	319.730463
-0.2000001	-2.33E-11	319.756076	0.1	9.7604E-06	319.756076
-0.3	-2.91E-11	319.780817	0.0999999	9.021E-06	319.780817
-0.4	-2.83E-11	319.807945	0.1000001	8.29746E-06	319.807945
-0.5	-3.43E-11	319.832475	0.1	7.58073E-06	319.832475
-0.6	-3.64E-11	319.856978	0.0999997	6.87735E-06	319.856978
-0.7	-3.84E-11	319.881497	0.0999998	6.19038E-06	319.881497
-0.8	-3.97E-11	319.906026	0.1	5.52199E-06	319.906026
-0.9	-4.15E-11	319.930532	0.0999999	4.87516E-06	319.930532
-1	-4.27E-11	319.955042	0.0999999	4.25372E-06	319.955042
-1.1	-4.37E-11	319.979614	0.0999999	3.66082E-06	319.979614
-1.2	-4.52E-11	320.004125	0.0999998	3.10133E-06	320.004125
-1.3	-4.62E-11	320.028765	0.0999998	2.5797E-06	320.028765
-1.4	-4.73E-11	320.053281	0.0999998	2.10115E-06	320.053281
-1.5	-4.8E-11	320.077882	0.0999996	1.66924E-06	320.077882
-1.6	-4.9E-11	320.102391	0.1	1.2876E-06	320.102391
-1.7	-4.93E-11	320.126897	0.0999999	9.5857E-07	320.126897
-1.8	-4.64E-11	320.154213	0.0999996	6.85185E-07	320.154213
-1.9	-5.03E-11	320.178751	0.0999996	4.63864E-07	320.178751
-2	-5.14E-11	320.203251	0.0999997	2.94863E-07	320.203251
-2.1	-5.18E-11	320.227797	0.0999997	1.73231E-07	320.227797
-2.2	-4.61E-11	320.271793	0.1	9.3523E-08	320.271793
-2.3	-4.57E-11	320.309456	0.0999963	4.49798E-08	320.309456
-2.4	-6.46E-11	320.332736	0.100004	1.84128E-08	320.332736
-2.5	-6.53E-11	320.357599	0.1000015	6.4782E-09	320.357599
-2.6	-6.79E-11	320.380803	0.1000007	1.8985E-09	320.380803
-2.7	-6.88E-11	320.404073	0.1000005	4.63E-10	320.404073
-2.8	-6.77E-11	320.42752	0.1000002	8.79E-11	320.42752
-2.9	-6.79E-11	320.450816	0.1000001	8.3E-12	320.450816
-3	-7.03E-11	320.474072	0.1000003	-5.1E-12	320.474072
-3.1	-7.03E-11	320.497285	0.1000002	-6.8E-12	320.497285
-3.2	-6.96E-11	320.52065	0.1000001	-7E-12	320.52065
-3.3	-7.14E-11	320.543856	0.1000004	-6.8E-12	320.543856
-3.4	-7.22E-11	320.567076	0.1000002	-6.8E-12	320.567076
-3.5	-7.25E-11	320.590299	0.1	-6.6E-12	320.590299
-3.6	-7.12E-11	320.613585	0.1000002	-6.7E-12	320.613585
-3.7	-7.1E-11	320.636868	0.1000002	-6.8E-12	320.636868
-3.8	-7.32E-11	320.660061	0.1000001	-6.9E-12	320.660061
-3.9	-7.3E-11	320.683292	0.1	-6.5E-12	320.683292
-4	-7.22E-11	320.706584	0.1	-7E-12	320.706584
-4.1	-5.21E-11	320.754548	0.1	-8E-12	320.754548
-4.2	-7.09E-11	320.777913	0.1000001	-6.3E-12	320.777913
-4.3	-7.34E-11	320.801161	0.1	-6.6E-12	320.801161
-4.4	-7.39E-11	320.824384	0.1000002	-6.3E-12	320.824384
-4.5	-7.5E-11	320.847593	0.1000002	-6.3E-12	320.847593
-4.6	-7.36E-11	320.87094	0.1000003	-6.3E-12	320.87094
-4.7	-7.37E-11	320.894247	0.1000001	-6.4E-12	320.894247
-4.8	-7.59E-11	320.917455	0.1000001	-6.3E-12	320.917455
-4.9	-7.4E-11	320.940751	0.1000001	-6.6E-12	320.940751
-5	-7.45E-11	320.964037	0.1	-6.4E-12	320.964037
-5.1	-7.62E-11	320.987257	0.1000001	-6.2E-12	320.987257
-5.2	-7.67E-11	321.010474	0.1000001	-6.2E-12	321.010474
-5.3	-7.71E-11	321.033777	0.1000002	-6.4E-12	321.033777
-5.4	-7.56E-11	321.057065	0.1000001	-6.1E-12	321.057065
-5.5	-7.71E-11	321.080338	0.1000001	-5.8E-12	321.080338
-5.6	-7.75E-11	321.103555	0.1000002	-6E-12	321.103555
-5.7	-7.76E-11	321.126766	0.1000002	-5.8E-12	321.126766
-5.8	-7.68E-11	321.150051	0.1000002	-6.2E-12	321.150051
-5.9	-7.81E-11	321.17325	0.1000001	-5.9E-12	321.17325
-6	-7.67E-11	321.19655	0.1000003	-6.6E-12	321.19655
-6.1	-7.9E-11	321.219753	0.1000002	-5.8E-12	321.219753
-6.2	-5.8E-11	321.270104	0.0999999	-7.8E-12	321.270104
-6.3	-7.62E-11	321.293416	0.1	-6.8E-12	321.293416
-6.4	-7.83E-11	321.316634	0.1000002	-6.1E-12	321.316634
-6.5	-7.89E-11	321.339847	0.1000001	-5.9E-12	321.339847
-6.6	-7.76E-11	321.363189	0.0999999	-6.1E-12	321.363189
-6.7	-7.74E-11	321.386491	0.1000003	-6.2E-12	321.386491
-6.8	-7.97E-11	321.409763	0.1000002	-6.3E-12	321.409763
-6.9	-8.04E-11	321.432978	0.1000002	-6.1E-12	321.432978
-7	-7.89E-11	321.456268	0.1	-6.2E-12	321.456268
-7.1	-7.9E-11	321.479609	0.1000001	-6.3E-12	321.479609
-7.2	-8.12E-11	321.502833	0.1000001	-6E-12	321.502833
-7.3	-7.94E-11	321.526218	0.1000002	-5.9E-12	321.526218
-7.4	-8.05E-11	321.549492	0.1000001	-6E-12	321.549492
-7.5	-8.08E-11	321.572731	0.1000001	-6.3E-12	321.572731
-7.6	-8.18E-11	321.595947	0.1	-5.9E-12	321.595947
-7.7	-8.02E-11	321.619237	0.1000001	-6E-12	321.619237
-7.8	-8.03E-11	321.642522	0.1000002	-6E-12	321.642522
-7.9	-8.18E-11	321.665735	0.1000002	-6.1E-12	321.665735
-8	-8.23E-11	321.688954	0.1000002	-6E-12	321.688954
-8.1	-8.05E-11	321.712253	0.1	-6E-12	321.712253
-8.2	-6.06E-11	321.771771	0.0999999	-7.9E-12	321.771771
-8.3	-8.11E-11	321.795016	0.1000003	-5.6E-12	321.795016
-8.4	-8.14E-11	321.818243	0.1000001	-5.7E-12	321.818243
-8.5	-7.97E-11	321.841537	0.1	-6E-12	321.841537
-8.6	-8.03E-11	321.864885	0.1000001	-5.6E-12	321.864885
-8.7	-8.27E-11	321.888106	0.1000001	-5.5E-12	321.888106
-8.8	-8.28E-11	321.911347	0.0999999	-5.5E-12	321.911347
-8.9	-8.11E-11	321.934625	0.1000002	-6E-12	321.934625
-9	-8.22E-11	321.957851	0.1	-5.9E-12	321.957851
-9.1	-8.28E-11	321.981088	0.1000002	-5.8E-12	321.981088
-9.2	-8.34E-11	322.00431	0.1000001	-4.9E-12	322.00431
-9.3	-8.23E-11	322.027691	0.1000002	-5.5E-12	322.027691
-9.4	-8.3E-11	322.050939	0.1000002	-5.9E-12	322.050939
-9.5	-8.41E-11	322.074215	0.1000003	-5.9E-12	322.074215
-9.6	-8.25E-11	322.097526	0.0999999	-5.7E-12	322.097526
-9.7	-8.31E-11	322.120822	0.1000001	-6.3E-12	322.120822
-9.8	-8.51E-11	322.144036	0.1000001	-5.9E-12	322.144036
-9.9	-8.3E-11	322.167335	0.1	-5.8E-12	322.167335
-10	-8.31E-11	322.190614	0.1000002	-5.6E-12	322.190614
-9.90001	-4.35E-11	322.213903	0.0999999	-8.9E-12	322.213903
-9.80001	-5.67E-11	322.272991	0.0999999	-7.6E-12	322.272991
-9.70001	-3.59E-11	322.296249	0.0999998	-9E-12	322.296249
-9.60001	-3.47E-11	322.319494	0.0999998	-9.4E-12	322.319494
-9.50001	-3.45E-11	322.342782	0.0999998	-8.8E-12	322.342782
-9.40001	-3.24E-11	322.366131	0.0999998	-9.2E-12	322.366131
-9.30001	-3.11E-11	322.389367	0.0999999	-9.4E-12	322.389367
-9.20001	-2.94E-11	322.412623	0.0999997	-9.4E-12	322.412623
-9.10001	-2.94E-11	322.435989	0.0999998	-9.3E-12	322.435989
-9.00001	-2.74E-11	322.459199	0.0999999	-9.3E-12	322.459199
-8.90001	-2.71E-11	322.482445	0.0999998	-9.4E-12	322.482445
-8.80001	-2.62E-11	322.505668	0.0999997	-9.6E-12	322.505668
-8.70001	-2.7E-11	322.529047	0.0999997	-9.4E-12	322.529047
-8.60001	-2.44E-11	322.552245	0.0999997	-9.6E-12	322.552245
-8.50001	-2.43E-11	322.575457	0.0999996	-9.7E-12	322.575457
-8.40001	-2.36E-11	322.59867	0.0999997	-9.4E-12	322.59867
-8.30001	-2.46E-11	322.621962	0.0999998	-9.6E-12	322.621962
-8.20001	-2.47E-11	322.645252	0.0999997	-9.5E-12	322.645252
-8.10001	-2.23E-11	322.668461	0.0999997	-9.8E-12	322.668461
-8.00001	-2.19E-11	322.691673	0.0999998	-9.9E-12	322.691673
-7.90001	-2.29E-11	322.714973	0.0999998	-9.4E-12	322.714973
-7.80001	-4.24E-11	322.774389	0.1000001	-8.1E-12	322.774389
-7.70001	-2.21E-11	322.797635	0.0999998	-9.3E-12	322.797635
-7.6	-2.07E-11	322.820866	0.0999998	-9.6E-12	322.820866
-7.50001	-2.17E-11	322.844156	0.0999999	-9.8E-12	322.844156
-7.40001	-2.16E-11	322.867509	0.0999997	-1.01E-11	322.867509
-7.30001	-1.96E-11	322.890724	0.0999998	-9.8E-12	322.890724
-7.2	-1.89E-11	322.913947	0.0999997	-1E-11	322.913947
-7.10001	-2.04E-11	322.937237	0.0999997	-9.7E-12	322.937237
-7.00001	-1.94E-11	322.960529	0.0999998	-9.8E-12	322.960529
-6.90001	-1.99E-11	322.983848	0.0999996	-1E-11	322.983848
-6.80001	-1.7E-11	323.007065	0.0999998	-1.03E-11	323.007065
-6.70001	-1.9E-11	323.030439	0.0999998	-9.9E-12	323.030439
-6.60001	-1.71E-11	323.053656	0.0999998	-1.02E-11	323.053656
-6.50001	-1.58E-11	323.07692	0.0999998	-1.06E-11	323.07692
-6.40001	-1.68E-11	323.100213	0.0999997	-1E-11	323.100213
-6.30001	-1.66E-11	323.123497	0.0999996	-9.6E-12	323.123497
-6.20001	-1.48E-11	323.146709	0.0999997	-1E-11	323.146709
-6.10001	-1.46E-11	323.169923	0.0999995	-1.03E-11	323.169923
-6.00001	-1.55E-11	323.19322	0.0999997	-1.02E-11	323.19322
-5.90001	-1.48E-11	323.216517	0.0999996	-1.03E-11	323.216517
-5.80001	-3.43E-11	323.27608	0.0999999	-9E-12	323.27608
-5.70001	-1.52E-11	323.299367	0.0999999	-1.04E-11	323.299367
-5.60001	-1.51E-11	323.322675	0.0999997	-1.03E-11	323.322675
-5.50001	-1.34E-11	323.345892	0.0999998	-1.07E-11	323.345892
-5.40001	-1.21E-11	323.369159	0.0999997	-1.03E-11	323.369159
-5.30001	-1.37E-11	323.392455	0.0999998	-1E-11	323.392455
-5.20001	-1.09E-11	323.415707	0.0999997	-1.07E-11	323.415707
-5.1	-1.11E-11	323.438933	0.0999995	-1.02E-11	323.438933
-5.00001	-1.04E-11	323.462156	0.0999998	-1.09E-11	323.462156
-4.90001	-9.7E-12	323.485386	0.0999997	-1.03E-11	323.485386
-4.80001	-1.17E-11	323.50872	0.0999998	-1.03E-11	323.50872
-4.7	-9.7E-12	323.532036	0.0999998	-1.05E-11	323.532036
-4.60001	-8.9E-12	323.555248	0.0999999	-1.09E-11	323.555248
-4.50001	-9.6E-12	323.578541	0.0999997	-1.06E-11	323.578541
-4.40001	-9.5E-12	323.601813	0.0999997	-9.9E-12	323.601813
-4.3	-7.1E-12	323.625032	0.0999997	-1.05E-11	323.625032
-4.20001	-6.8E-12	323.648237	0.0999996	-1.1E-11	323.648237
-4.10001	-8E-12	323.671523	0.0999996	-1.08E-11	323.671523
-4.00001	-7.7E-12	323.694819	0.0999996	-1.03E-11	323.694819
-3.90001	-5.4E-12	323.718043	0.0999996	-1.09E-11	323.718043
-3.80001	-2.57E-11	323.773245	0.0999999	-8.7E-12	323.773245
-3.70001	-5.9E-12	323.796469	0.0999998	-1.09E-11	323.796469
-3.60001	-6.6E-12	323.819778	0.0999997	-1.06E-11	323.819778
-3.50001	-6E-12	323.843063	0.0999997	-1.11E-11	323.843063
-3.40001	-3.3E-12	323.866331	0.0999996	-1.11E-11	323.866331
-3.30001	-4.6E-12	323.889621	0.0999998	-1.11E-11	323.889621
-3.20001	-3.9E-12	323.912905	0.0999997	-1.08E-11	323.912905
-3.10001	-3.5E-12	323.936198	0.0999998	-1.03E-11	323.936198
-3.00001	-8E-13	323.959399	0.0999997	-5.1E-12	323.959399
-2.90001	-4E-13	323.982629	0.0999997	3.08E-11	323.982629
-2.80001	-1.1E-12	324.005906	0.0999997	2.14E-10	324.005906
-2.70001	1.3E-12	324.029218	0.1	9.472E-10	324.029218
-2.60001	4E-13	324.052504	0.1000009	3.4208E-09	324.052504
-2.50001	2.9E-12	324.075767	0.1000016	1.03658E-08	324.075767
-2.40001	2E-12	324.099062	0.1000028	2.68172E-08	324.099062
-2.30001	3.9E-12	324.122278	0.1000016	5.99077E-08	324.122278
-2.20001	-1.63E-11	324.16169	0.1000001	1.15809E-07	324.16169
-2.1	-1.44E-11	324.188094	0.1000001	2.09501E-07	324.188094
-2.000001	-9.8E-12	324.212722	0.1000006	3.44959E-07	324.212722
-1.9	-8.9E-12	324.237221	0.1000006	5.27675E-07	324.237221
-1.800001	-1.45E-11	324.282934	0.1000003	7.55682E-07	324.282934
-1.700001	-1.32E-11	324.317524	0.0999999	1.04195E-06	324.317524
-1.6	-7.4E-12	324.342052	0.1000001	1.38513E-06	324.342052
-1.5	-6.7E-12	324.366627	0.1000002	1.77793E-06	324.366627
-1.4	-4.9E-12	324.391132	0.1	2.2189E-06	324.391132
-1.3	-4E-12	324.4157	0.1000003	2.70519E-06	324.4157
-1.2	-2.6E-12	324.440294	0.1	3.23169E-06	324.440294
-1.100001	-1.3E-12	324.464813	0.1000001	3.79471E-06	324.464813
-1	1E-13	324.489343	0.1	4.38979E-06	324.489343
-0.9	1E-12	324.5139	0.1	5.01326E-06	324.5139
-0.8	2.4E-12	324.538516	0.1	5.66027E-06	324.538516
-0.7	3.5E-12	324.563031	0.1	6.32795E-06	324.563031
-0.600001	5.1E-12	324.58753	0.1000001	7.01341E-06	324.58753
-0.500001	6.4E-12	324.612038	0.1000002	7.71409E-06	324.612038
-0.4	7.7E-12	324.636544	0.1000001	8.42833E-06	324.636544
-0.3	9.4E-12	324.661072	0.1000001	9.15361E-06	324.661072
-0.1999998	7.4E-12	324.68748	0.0999999	9.88837E-06	324.68748
-0.1	7.5E-12	324.722064	0.0999999	1.06241E-05	324.722064
-2E-07	6.9E-12	324.784785	0.1000001	1.13673E-05	324.784785
0.1000003	1.42E-11	324.809319	0.1	1.2129E-05	324.809319
0.2000003	1.64E-11	324.833856	0.1000002	1.28946E-05	324.833856
0.299999	1.85E-11	324.858601	0.0999998	1.36664E-05	324.858601
0.399999	2.09E-11	324.88317	0.1	1.44437E-05	324.88317
0.5	2.29E-11	324.9077	0.1	1.52283E-05	324.9077
0.599999	2.51E-11	324.932219	0.1000001	1.60177E-05	324.932219
0.699999	2.7E-11	324.956739	0.1	1.68132E-05	324.956739
0.8	2.87E-11	324.981268	0.1000001	1.76137E-05	324.981268
0.899999	3.08E-11	325.005757	0.0999998	1.84184E-05	325.005757
0.999999	3.24E-11	325.030352	0.0999998	1.92272E-05	325.030352
1.1	3.42E-11	325.054865	0.1000001	2.00392E-05	325.054865
1.199999	3.58E-11	325.079444	0.0999999	2.08534E-05	325.079444
1.3	3.72E-11	325.103975	0.1	2.16704E-05	325.103975
1.4	3.84E-11	325.128538	0.1000001	2.24901E-05	325.128538
1.5	3.99E-11	325.153048	0.1000001	2.33119E-05	325.153048
1.599999	4.12E-11	325.177571	0.0999999	2.41347E-05	325.177571
1.699999	4.22E-11	325.20207	0.0999999	2.49589E-05	325.20207
1.8	4.32E-11	325.226592	0.1000001	2.5785E-05	325.226592
1.899999	3.61E-11	325.28598	0.1000001	2.66048E-05	325.28598
2	4.21E-11	325.310496	0.1000001	2.7435E-05	325.310496
2.099999	4.38E-11	325.335017	0.1000002	2.82648E-05	325.335017
2.19999	4.44E-11	325.359739	0.0999998	2.90906E-05	325.359739
2.29999	4.54E-11	325.384328	0.0999999	2.99223E-05	325.384328
2.39999	4.61E-11	325.40889	0.1	3.07546E-05	325.40889
2.49999	4.65E-11	325.43341	0.0999999	3.15881E-05	325.43341
2.59999	4.72E-11	325.457937	0.1000001	3.24212E-05	325.457937
2.69999	4.74E-11	325.482489	0.1	3.3256E-05	325.482489
2.79999	4.79E-11	325.507009	0.1000002	3.40902E-05	325.507009
2.89999	4.82E-11	325.53166	0.0999999	3.49249E-05	325.53166
2.99999	4.87E-11	325.556168	0.1	3.57612E-05	325.556168
3.09999	4.9E-11	325.580681	0.0999999	3.65982E-05	325.580681
3.19999	5.01E-11	325.605186	0.1	3.74344E-05	325.605186
3.29999	5.01E-11	325.629698	0.1	3.82718E-05	325.629698
3.39999	5.06E-11	325.654203	0.1000001	3.91084E-05	325.654203
3.49999	5.08E-11	325.678759	0.1000001	3.99466E-05	325.678759
3.59999	5.07E-11	325.703282	0.1000001	4.0784E-05	325.703282
3.69999	5.11E-11	325.727801	0.1	4.1622E-05	325.727801
3.79999	4.47E-11	325.785034	0.1000002	4.2453E-05	325.785034
3.89999	5E-11	325.809545	0.1000002	4.32952E-05	325.809545
3.99999	5.06E-11	325.83408	0.1	4.41358E-05	325.83408
4.09999	5.08E-11	325.858613	0.1	4.49773E-05	325.858613
4.19999	5.14E-11	325.883227	0.0999999	4.58191E-05	325.883227
4.29999	5.22E-11	325.907737	0.1	4.66608E-05	325.907737
4.39999	5.21E-11	325.932302	0.0999999	4.75021E-05	325.932302
4.49999	5.25E-11	325.956816	0.1	4.83458E-05	325.956816
4.59999	5.24E-11	325.981348	0.1	4.91895E-05	325.981348
4.69999	5.28E-11	326.005881	0.0999998	5.00336E-05	326.005881
4.79999	5.3E-11	326.030479	0.1	5.08783E-05	326.030479
4.89999	5.34E-11	326.055008	0.1000002	5.17238E-05	326.055008
4.99999	5.37E-11	326.079583	0.1	5.25704E-05	326.079583
5.09999	5.45E-11	326.104078	0.1000001	5.34165E-05	326.104078
5.19999	5.41E-11	326.128579	0.1000001	5.42648E-05	326.128579
5.29999	5.38E-11	326.153091	0.1	5.51137E-05	326.153091
5.39999	5.48E-11	326.177591	0.0999999	5.59619E-05	326.177591
5.49999	5.46E-11	326.202136	0.1	5.68122E-05	326.202136
5.59999	5.47E-11	326.226644	0.1000001	5.76636E-05	326.226644
5.69999	4.82E-11	326.286692	0.1	5.8505E-05	326.286692
5.79999	5.32E-11	326.311234	0.0999999	5.93602E-05	326.311234
5.89999	5.4E-11	326.335828	0.0999998	6.02168E-05	326.335828
5.99999	5.46E-11	326.360337	0.0999999	6.10718E-05	326.360337
6.09999	5.51E-11	326.384905	0.0999999	6.19283E-05	326.384905
6.19999	5.48E-11	326.409479	0.1	6.27863E-05	326.409479
6.29999	5.53E-11	326.434069	0.1000002	6.36432E-05	326.434069
6.39999	5.58E-11	326.4586	0.1000001	6.45018E-05	326.4586
6.49999	5.61E-11	326.483347	0.0999999	6.53608E-05	326.483347
6.59999	5.62E-11	326.507886	0.1000003	6.6221E-05	326.507886
6.69999	5.64E-11	326.532443	0.1000004	6.70821E-05	326.532443
6.79999	5.67E-11	326.556963	0.1	6.79442E-05	326.556963
6.89999	5.67E-11	326.581456	0.1000002	6.88071E-05	326.581456
6.99999	5.69E-11	326.605973	0.1000002	6.96711E-05	326.605973
7.09999	5.71E-11	326.630472	0.0999999	7.05365E-05	326.630472
7.19999	5.68E-11	326.654985	0.1	7.14012E-05	326.654985
7.29999	5.74E-11	326.679491	0.0999998	7.2268E-05	326.679491
7.39999	5.73E-11	326.703996	0.1000003	7.31357E-05	326.703996
7.49999	5.68E-11	326.728546	0.1000002	7.40041E-05	326.728546
7.59999	5.07E-11	326.787969	0.1000002	7.48642E-05	326.787969
7.69999	5.57E-11	326.812515	0.1000001	7.57383E-05	326.812515
7.79999	5.63E-11	326.837138	0.0999999	7.66106E-05	326.837138
7.89999	5.67E-11	326.861678	0.1000001	7.74852E-05	326.861678
7.99999	5.74E-11	326.886249	0.1	7.83585E-05	326.886249
8.09999	5.75E-11	326.910773	0.1000003	7.92338E-05	326.910773
8.19999	5.79E-11	326.935288	0.1000002	8.01097E-05	326.935288
8.29999	5.82E-11	326.959833	0.1000001	8.09853E-05	326.959833
8.39999	5.86E-11	326.984629	0.1000001	8.18625E-05	326.984629
8.49999	5.88E-11	327.009168	0.0999998	8.27406E-05	327.009168
8.59999	5.88E-11	327.033729	0.0999999	8.36207E-05	327.033729
8.69999	5.89E-11	327.058284	0.1000001	8.45012E-05	327.058284
8.79999	5.95E-11	327.082848	0.1000002	8.53826E-05	327.082848
8.89999	5.88E-11	327.107353	0.1000002	8.62657E-05	327.107353
8.99999	5.94E-11	327.13188	0.1000001	8.71505E-05	327.13188
9.09999	5.93E-11	327.156401	0.1	8.8035E-05	327.156401
9.19999	5.93E-11	327.180948	0.1000002	8.89196E-05	327.180948
9.29999	5.99E-11	327.205462	0.1000001	8.98032E-05	327.205462
9.39999	5.98E-11	327.230024	0.0999999	9.06933E-05	327.230024
9.49999	5.33E-11	327.28974	0.1	9.15771E-05	327.28974
9.59999	5.82E-11	327.314273	0.1000001	9.24706E-05	327.314273
9.69999	5.87E-11	327.338821	0.1000002	9.33619E-05	327.338821
9.79999	5.88E-11	327.363396	0.0999999	9.42556E-05	327.363396
9.89999	5.93E-11	327.387966	0.1000001	9.51501E-05	327.387966
9.99999	5.91E-11	327.412582	0.1000001	9.60448E-05	327.412582
9.9	4.59E-11	327.437115	0.1	9.51352E-05	327.437115
9.8	4.34E-11	327.461749	0.1	9.42327E-05	327.461749
9.7	4.07E-11	327.486541	0.1000001	9.33325E-05	327.486541
9.6	3.96E-11	327.511088	0.1000001	9.24335E-05	327.511088
9.5	3.82E-11	327.535685	0.0999999	9.15361E-05	327.535685
9.4	3.65E-11	327.560201	0.1	9.06414E-05	327.560201
9.3	3.53E-11	327.584712	0.1000001	8.97472E-05	327.584712
9.2	3.44E-11	327.609228	0.1000002	8.88546E-05	327.609228
9.1	3.37E-11	327.633749	0.1	8.79623E-05	327.633749
9	3.23E-11	327.658289	0.1000001	8.70713E-05	327.658289
8.9	3.2E-11	327.682838	0.0999998	8.61852E-05	327.682838
8.8	3.14E-11	327.707343	0.0999998	8.52943E-05	327.707343
8.7	3.08E-11	327.731877	0.1000002	8.44041E-05	327.731877
8.6	3.59E-11	327.791279	0.0999999	8.35184E-05	327.791279
8.5	3.12E-11	327.815827	0.1	8.26299E-05	327.815827
8.4	3.01E-11	327.840347	0.0999999	8.17444E-05	327.840347
8.3	2.93E-11	327.864868	0.1000001	8.08587E-05	327.864868
8.2	2.87E-11	327.889436	0.1	7.99756E-05	327.889436
8.1	2.9E-11	327.913967	0.0999997	7.9092E-05	327.913967
8	2.74E-11	327.938469	0.1000001	7.82108E-05	327.938469
7.9	2.73E-11	327.96307	0.0999998	7.73295E-05	327.96307
7.8	2.67E-11	327.987903	0.0999999	7.64497E-05	327.987903
7.7	2.59E-11	328.012397	0.1000002	7.55713E-05	328.012397
7.6	2.62E-11	328.036941	0.0999999	7.46932E-05	328.036941
7.5	2.58E-11	328.061464	0.1	7.38167E-05	328.061464
7.4	2.52E-11	328.08609	0.0999999	7.29415E-05	328.08609
7.3	2.44E-11	328.110589	0.0999998	7.20663E-05	328.110589
7.2	2.44E-11	328.135185	0.0999997	7.11928E-05	328.135185
7.1	2.34E-11	328.159736	0.0999998	7.03197E-05	328.159736
7	2.31E-11	328.184287	0.1	6.94466E-05	328.184287
6.9	2.28E-11	328.208805	0.0999997	6.85769E-05	328.208805
6.8	2.29E-11	328.233326	0.1	6.77059E-05	328.233326
6.7	2.87E-11	328.29263	0.1	6.68434E-05	328.29263
6.6	2.35E-11	328.31719	0.1000002	6.59734E-05	328.31719
6.5	2.28E-11	328.341707	0.1000001	6.5105E-05	328.341707
6.4	2.19E-11	328.36626	0.1	6.42381E-05	328.36626
6.3	2.15E-11	328.390836	0.0999998	6.33723E-05	328.390836
6.2	2.1E-11	328.41543	0.0999998	6.25069E-05	328.41543
6.1	2.06E-11	328.440051	0.0999998	6.16415E-05	328.440051
6	2.02E-11	328.464571	0.0999997	6.07789E-05	328.464571
5.9	1.99E-11	328.489348	0.1000001	5.99171E-05	328.489348
5.8	1.98E-11	328.513858	0.1	5.90547E-05	328.513858
5.7	1.97E-11	328.538419	0.1000001	5.8194E-05	328.538419
5.6	1.94E-11	328.562938	0.0999999	5.73347E-05	328.562938
5.5	1.89E-11	328.587478	0.1000002	5.64758E-05	328.587478
5.4	1.78E-11	328.611972	0.0999998	5.56177E-05	328.611972
5.3	1.76E-11	328.636524	0.0999999	5.47602E-05	328.636524
5.2	1.61E-11	328.661041	0.0999998	5.39046E-05	328.661041
5.1	1.64E-11	328.685595	0.0999998	5.30499E-05	328.685595
5	1.6E-11	328.710111	0.0999997	5.21944E-05	328.710111
4.9	1.57E-11	328.734634	0.0999998	5.13405E-05	328.734634
4.8	2.17E-11	328.794679	0.0999999	5.04933E-05	328.794679
4.7	1.62E-11	328.81919	0.0999998	4.96407E-05	328.81919
4.6	1.56E-11	328.843719	0.0999999	4.87892E-05	328.843719
4.5	1.49E-11	328.868225	0.0999999	4.79391E-05	328.868225
4.4	1.38E-11	328.892819	0.1	4.70895E-05	328.892819
4.3	1.35E-11	328.917324	0.1	4.62409E-05	328.917324
4.2	1.32E-11	328.941867	0.1000001	4.53926E-05	328.941867
4.1	1.25E-11	328.966393	0.0999998	4.4546E-05	328.966393
4	1.17E-11	328.99119	0.0999998	4.37001E-05	328.99119
3.9	1.13E-11	329.015738	0.0999998	4.28545E-05	329.015738
3.8	1.05E-11	329.04029	0.1	4.20097E-05	329.04029
3.7	1E-11	329.064912	0.1000001	4.1166E-05	329.064912
3.6	8.9E-12	329.08948	0.1	4.03237E-05	329.08948
3.5	9E-12	329.113978	0.0999999	3.94821E-05	329.113978
3.4	8E-12	329.13849	0.0999999	3.86409E-05	329.13849
3.3	7.7E-12	329.163034	0.0999998	3.78008E-05	329.163034
3.2	6.7E-12	329.18754	0.0999998	3.69612E-05	329.18754
3.1	5.8E-12	329.212041	0.1000001	3.61233E-05	329.212041
3	5.5E-12	329.236565	0.0999998	3.52857E-05	329.236565
2.9	1.12E-11	329.291344	0.1	3.44533E-05	329.291344
2.8	6E-12	329.31587	0.1	3.36167E-05	329.31587
2.7	4.7E-12	329.340419	0.1000002	3.27821E-05	329.340419
2.6	3.6E-12	329.364953	0.0999999	3.19481E-05	329.364953
2.5	2.6E-12	329.389525	0.1	3.11153E-05	329.389525
2.4	2E-12	329.414065	0.0999997	3.02836E-05	329.414065
2.3	7E-13	329.438655	0.0999997	2.94529E-05	329.438655
2.2	-2E-13	329.463189	0.1000002	2.86227E-05	329.463189
2.099999	2.6E-12	329.489685	0.1	2.77992E-05	329.489685
2	-2E-12	329.514206	0.0999999	2.6972E-05	329.514206
1.9	-3.1E-12	329.5388	0.0999998	2.61465E-05	329.5388
1.8	-4.2E-12	329.563337	0.1	2.53225E-05	329.563337
1.7	-5.6E-12	329.58786	0.0999999	2.44998E-05	329.58786
1.6	-6.8E-12	329.612366	0.1	2.36782E-05	329.612366
1.5	-8E-12	329.636874	0.1000001	2.28586E-05	329.636874
1.4	-9.2E-12	329.661371	0.1	2.20416E-05	329.661371
1.3	-1.09E-11	329.685888	0.0999999	2.12267E-05	329.685888
1.2	-1.21E-11	329.710422	0.1	2.04138E-05	329.710422
1.1	-1.35E-11	329.734935	0.0999999	1.96044E-05	329.734935
1	-7.7E-12	329.797615	0.0999999	1.88036E-05	329.797615
0.9	-1.5E-11	329.822132	0.0999999	1.79994E-05	329.822132
0.8	-1.74E-11	329.846691	0.0999999	1.72007E-05	329.846691
0.7	-1.97E-11	329.871197	0.0999999	1.64066E-05	329.871197
0.6	-2.13E-11	329.895788	0.0999997	1.56193E-05	329.895788
0.5	-2.41E-11	329.92029	0.1000001	1.48369E-05	329.92029
0.4	-2.64E-11	329.944802	0.1	1.40616E-05	329.944802
0.3	-2.89E-11	329.969337	0.0999999	1.32927E-05	329.969337
0.2	-2.73E-11	329.995995	0.1	1.25315E-05	329.995995
0.0999995	-3.34E-11	330.0205	0.1	1.17752E-05	330.0205
-2E-07	-3.53E-11	330.045072	0.0999998	1.10252E-05	330.045072
