#scan	iMeasureCycle=1	iMux=0	time=0.031	N=401	LocalTime=20/04/2023 06:43:42
#VGate(V)	IGate(A)	time(s)	VDrain(V)	IDrain(A)	time(s)
-2E-07	-1.511E-10	0.03395	0.1	2.16732E-05	0.03395
-0.1000006	-2.093E-10	0.058895	0.0999999	2.08408E-05	0.058895
-0.2000003	-2.589E-10	0.083396	0.0999999	2.0013E-05	0.083396
-0.300001	-1.992E-10	0.108125	0.1000001	1.91891E-05	0.108125
-0.4	-1.106E-10	0.132644	0.0999999	1.83691E-05	0.132644
-0.5	-8.46E-11	0.157154	0.1	1.75527E-05	0.157154
-0.6	-7.22E-11	0.181665	0.1	1.67393E-05	0.181665
-0.7	-6.43E-11	0.206186	0.0999999	1.59312E-05	0.206186
-0.8	-5.93E-11	0.230738	0.0999999	1.51263E-05	0.230738
-0.9	-5.69E-11	0.255244	0.1	1.43275E-05	0.255244
-1	-5.46E-11	0.279782	0.0999999	1.35332E-05	0.279782
-1.1	-5.35E-11	0.304299	0.0999999	1.2746E-05	0.304299
-1.2	-5.22E-11	0.328858	0.1	1.19658E-05	0.328858
-1.3	-5.19E-11	0.353393	0.0999999	1.11941E-05	0.353393
-1.4	-5.12E-11	0.37805	0.1	1.0432E-05	0.37805
-1.5	-5.11E-11	0.402594	0.1	9.6799E-06	0.402594
-1.6	-4.69E-11	0.429715	0.0999999	8.94326E-06	0.429715
-1.7	-5.05E-11	0.454255	0.1000003	8.21582E-06	0.454255
-1.8	-5.08E-11	0.478775	0.1000001	7.50571E-06	0.478775
-1.9	-5.11E-11	0.503375	0.0999998	6.8132E-06	0.503375
-2	-5.12E-11	0.5279	0.0999999	6.14177E-06	0.5279
-2.1	-5.14E-11	0.552411	0.1	5.49365E-06	0.552411
-2.2	-4.48E-11	0.600789	0.1	4.87359E-06	0.600789
-2.3	-4.97E-11	0.625317	0.0999999	4.27883E-06	0.625317
-2.4	-5.08E-11	0.64989	0.1000001	3.71767E-06	0.64989
-2.5	-5.1E-11	0.674429	0.0999998	3.19233E-06	0.674429
-2.6	-5.17E-11	0.699117	0.1	2.70489E-06	0.699117
-2.7	-5.25E-11	0.723693	0.0999999	2.25699E-06	0.723693
-2.8	-5.21E-11	0.748242	0.0999997	1.85061E-06	0.748242
-2.9	-5.31E-11	0.772745	0.0999999	1.48788E-06	0.772745
-3	-5.29E-11	0.797289	0.0999999	1.16788E-06	0.797289
-3.1	-4.99E-11	0.824604	0.0999998	8.92902E-07	0.824604
-3.2	-5.37E-11	0.849128	0.0999997	6.59355E-07	0.849128
-3.3	-5.44E-11	0.87364	0.0999996	4.68198E-07	0.87364
-3.4	-5.42E-11	0.898149	0.0999996	3.1696E-07	0.898149
-3.5	-5.51E-11	0.922664	0.0999999	2.02685E-07	0.922664
-3.6	-5.51E-11	0.947171	0.0999996	1.21103E-07	0.947171
-3.7	-4.98E-11	0.984839	0.0999957	6.74687E-08	0.984839
-3.8	-6.8E-11	1.008217	0.1000054	3.37278E-08	1.008217
-3.9	-7.04E-11	1.031424	0.1000038	1.51855E-08	1.031424
-4	-7.09E-11	1.05469	0.100002	6.1378E-09	1.05469
-4.1	-5.06E-11	1.10105	0.0999998	2.2667E-09	1.10105
-4.2	-6.89E-11	1.124352	0.1000006	6.937E-10	1.124352
-4.3	-6.92E-11	1.147674	0.1000002	1.792E-10	1.147674
-4.4	-7.2E-11	1.170886	0.1000002	3.64E-11	1.170886
-4.5	-7.26E-11	1.194141	0.1000004	2.9E-12	1.194141
-4.6	-7.11E-11	1.217419	0.1000001	-3.4E-12	1.217419
-4.7	-7.1E-11	1.240707	0.1000001	-4.5E-12	1.240707
-4.8	-7.29E-11	1.263915	0.1000004	-3.4E-12	1.263915
-4.9	-7.3E-11	1.287125	0.1000002	-3.6E-12	1.287125
-5	-7.16E-11	1.310426	0.1000002	-4.3E-12	1.310426
-5.1	-7.17E-11	1.333722	0.1000002	-4.4E-12	1.333722
-5.2	-7.38E-11	1.356938	0.1000004	-4.4E-12	1.356938
-5.3	-7.43E-11	1.380202	0.1000001	-4.7E-12	1.380202
-5.4	-7.3E-11	1.403489	0.1000003	-4.7E-12	1.403489
-5.5	-7.24E-11	1.426784	0.1000002	-4.3E-12	1.426784
-5.6	-7.35E-11	1.450065	0.1000002	-4.3E-12	1.450065
-5.7	-7.58E-11	1.473267	0.1000003	-4E-12	1.473267
-5.8	-7.42E-11	1.496559	0.1000002	-4.8E-12	1.496559
-5.9	-7.53E-11	1.519874	0.1000003	-4.3E-12	1.519874
-6	-7.62E-11	1.543083	0.1000003	-4.2E-12	1.543083
-6.1	-5.52E-11	1.599934	0.0999998	-6E-12	1.599934
-6.2	-7.45E-11	1.623176	0.1000003	-4E-12	1.623176
-6.3	-7.48E-11	1.646422	0.1000004	-4.2E-12	1.646422
-6.4	-7.37E-11	1.669717	0.1000002	-4.2E-12	1.669717
-6.5	-7.42E-11	1.693077	0.1000002	-4.2E-12	1.693077
-6.6	-7.65E-11	1.716354	0.1000003	-4.3E-12	1.716354
-6.7	-7.67E-11	1.739567	0.1000001	-4.1E-12	1.739567
-6.8	-7.55E-11	1.762846	0.1000002	-4.6E-12	1.762846
-6.9	-7.57E-11	1.786133	0.1000002	-4.3E-12	1.786133
-7	-7.71E-11	1.809445	0.1000002	-3.7E-12	1.809445
-7.1	-7.76E-11	1.83266	0.1000003	-3.7E-12	1.83266
-7.2	-7.62E-11	1.855951	0.1000002	-4.2E-12	1.855951
-7.3	-7.81E-11	1.87916	0.1000002	-3.4E-12	1.87916
-7.4	-7.83E-11	1.902448	0.1000003	-4E-12	1.902448
-7.5	-7.86E-11	1.925662	0.1000002	-3.9E-12	1.925662
-7.6	-7.73E-11	1.948959	0.1000004	-4E-12	1.948959
-7.7	-7.9E-11	1.972171	0.1000003	-3.6E-12	1.972171
-7.8	-7.85E-11	1.995416	0.1000003	-3.6E-12	1.995416
-7.9	-7.92E-11	2.018689	0.1000002	-3.6E-12	2.018689
-8	-7.78E-11	2.04198	0.1000004	-4.2E-12	2.04198
-8.1	-5.79E-11	2.101266	0.1	-5.5E-12	2.101266
-8.2	-7.69E-11	2.124507	0.1000003	-4.4E-12	2.124507
-8.3	-7.82E-11	2.147753	0.1000003	-3.6E-12	2.147753
-8.4	-7.82E-11	2.170979	0.1000002	-3.6E-12	2.170979
-8.5	-7.73E-11	2.194329	0.1000002	-4.1E-12	2.194329
-8.6	-7.83E-11	2.217566	0.1000004	-3.6E-12	2.217566
-8.7	-7.75E-11	2.240857	0.1000002	-3.5E-12	2.240857
-8.8	-7.81E-11	2.264134	0.1000003	-3.6E-12	2.264134
-8.9	-7.82E-11	2.287404	0.1000001	-3.8E-12	2.287404
-9	-8E-11	2.310621	0.1000002	-3.6E-12	2.310621
-9.1	-8.05E-11	2.333835	0.1000003	-3.8E-12	2.333835
-9.2	-7.86E-11	2.357119	0.1000002	-3.7E-12	2.357119
-9.3	-7.97E-11	2.380464	0.1000003	-3.3E-12	2.380464
-9.4	-8.02E-11	2.4037	0.1000003	-3.6E-12	2.4037
-9.5	-8.08E-11	2.426927	0.1000004	-3.4E-12	2.426927
-9.6	-7.93E-11	2.450209	0.1000002	-3.4E-12	2.450209
-9.7	-7.92E-11	2.473504	0.1000003	-3.6E-12	2.473504
-9.8	-8.14E-11	2.496713	0.1000004	-3.2E-12	2.496713
-9.9	-8.13E-11	2.520004	0.1000006	-3.5E-12	2.520004
-10	-7.97E-11	2.543297	0.1000002	-3.6E-12	2.543297
-9.90001	-5.56E-11	2.602661	0.1000002	-5.3E-12	2.602661
-9.80001	-3.63E-11	2.625986	0.0999998	-6.8E-12	2.625986
-9.70001	-3.23E-11	2.649227	0.0999998	-7E-12	2.649227
-9.60001	-3.24E-11	2.672518	0.1	-7E-12	2.672518
-9.50001	-2.93E-11	2.695789	0.0999998	-7.3E-12	2.695789
-9.40001	-2.73E-11	2.719157	0.0999998	-7.6E-12	2.719157
-9.30001	-2.89E-11	2.742453	0.1	-7.4E-12	2.742453
-9.20001	-2.79E-11	2.765726	0.0999999	-7.4E-12	2.765726
-9.10001	-2.53E-11	2.788934	0.0999997	-7.4E-12	2.788934
-9.00001	-2.4E-11	2.812157	0.0999999	-7.6E-12	2.812157
-8.90001	-2.38E-11	2.835372	0.0999998	-7.5E-12	2.835372
-8.80001	-2.48E-11	2.858731	0.0999998	-6.9E-12	2.858731
-8.70001	-2.27E-11	2.881945	0.0999998	-7.2E-12	2.881945
-8.60001	-2.32E-11	2.905188	0.0999999	-7.3E-12	2.905188
-8.50001	-2.17E-11	2.928404	0.0999998	-7.5E-12	2.928404
-8.40001	-2.31E-11	2.951685	0.0999998	-7.6E-12	2.951685
-8.30001	-2.06E-11	2.974887	0.0999999	-7.5E-12	2.974887
-8.20001	-2E-11	2.998105	0.0999997	-7.3E-12	2.998105
-8.10001	-1.97E-11	3.021377	0.0999999	-7.6E-12	3.021377
-8	-2.05E-11	3.044665	0.0999998	-7.4E-12	3.044665
-7.90001	-3.98E-11	3.104235	0.1000002	-5.5E-12	3.104235
-7.80001	-2E-11	3.12747	0.0999999	-7.5E-12	3.12747
-7.70001	-1.93E-11	3.1507	0.0999997	-7.5E-12	3.1507
-7.6	-1.98E-11	3.173989	0.0999998	-7.6E-12	3.173989
-7.50001	-1.79E-11	3.19727	0.1	-7.5E-12	3.19727
-7.40001	-1.69E-11	3.220506	0.0999998	-7.5E-12	3.220506
-7.30001	-1.84E-11	3.243799	0.0999997	-7.6E-12	3.243799
-7.2	-1.77E-11	3.267088	0.0999999	-7.7E-12	3.267088
-7.10001	-1.6E-11	3.290304	0.0999996	-7.8E-12	3.290304
-7.00001	-1.5E-11	3.313526	0.0999999	-7.5E-12	3.313526
-6.90001	-1.48E-11	3.336745	0.0999998	-7.3E-12	3.336745
-6.80001	-1.61E-11	3.36003	0.0999998	-7.6E-12	3.36003
-6.70001	-1.5E-11	3.38338	0.0999997	-7.2E-12	3.38338
-6.60001	-1.53E-11	3.406672	0.0999996	-7.3E-12	3.406672
-6.50001	-1.52E-11	3.429962	0.1000001	-7.1E-12	3.429962
-6.40001	-1.53E-11	3.453255	0.0999998	-7.3E-12	3.453255
-6.30001	-1.33E-11	3.476462	0.0999998	-7.9E-12	3.476462
-6.20001	-1.29E-11	3.499708	0.0999999	-7.5E-12	3.499708
-6.10001	-1.2E-11	3.522998	0.0999996	-7.6E-12	3.522998
-6.00001	-1.35E-11	3.546306	0.0999998	-7.7E-12	3.546306
-5.90001	-3.21E-11	3.601522	0.1000001	-6E-12	3.601522
-5.80001	-1.25E-11	3.624775	0.0999999	-7.8E-12	3.624775
-5.70001	-1.15E-11	3.648014	0.0999997	-8.3E-12	3.648014
-5.60001	-1.23E-11	3.671291	0.0999998	-7.4E-12	3.671291
-5.50001	-1.15E-11	3.694594	0.0999999	-8E-12	3.694594
-5.40001	-1.01E-11	3.717929	0.1000001	-8.1E-12	3.717929
-5.30001	-1.06E-11	3.741229	0.1	-7.8E-12	3.741229
-5.20001	-1.01E-11	3.764519	0.0999998	-8.2E-12	3.764519
-5.1	-8.4E-12	3.78772	0.0999998	-8.3E-12	3.78772
-5.00001	-7.7E-12	3.810937	0.0999999	-8.4E-12	3.810937
-4.90001	-8.9E-12	3.834242	0.0999997	-7.9E-12	3.834242
-4.80001	-9E-12	3.857518	0.0999998	-8.5E-12	3.857518
-4.7	-6.8E-12	3.88072	0.1000001	-8.5E-12	3.88072
-4.60001	-6.1E-12	3.903935	0.0999999	-5.4E-12	3.903935
-4.50001	-5.7E-12	3.927151	0.0999997	8.6E-12	3.927151
-4.40001	-7E-12	3.950443	0.0999997	7.61E-11	3.950443
-4.3	-4.4E-12	3.973645	0.0999997	3.38E-10	3.973645
-4.20001	-4.1E-12	3.996849	0.1000001	1.1775E-09	3.996849
-4.10001	-3.7E-12	4.020108	0.1000003	3.4826E-09	4.020108
-4.00001	-4.7E-12	4.043401	0.1000006	9.0908E-09	4.043401
-3.90001	-3.5E-12	4.066678	0.1000009	2.11281E-08	4.066678
-3.80001	-2.27E-11	4.107292	0.1000047	4.33606E-08	4.107292
-3.70001	-4.6E-12	4.130601	0.0999947	8.33572E-08	4.130601
-3.60001	-2.26E-11	4.170168	0.1	1.43795E-07	4.170168
-3.50001	-1.78E-11	4.194988	0.1000004	2.3548E-07	4.194988
-3.40001	-1.66E-11	4.219526	0.1000004	3.59869E-07	4.219526
-3.30001	-1.59E-11	4.244051	0.1000005	5.21297E-07	4.244051
-3.20001	-1.57E-11	4.268574	0.1000006	7.22396E-07	4.268574
-3.10001	-1.5E-11	4.293135	0.1000007	9.65317E-07	4.293135
-3.00001	-1.91E-11	4.327767	0.1	1.24599E-06	4.327767
-2.90001	-1.4E-11	4.352329	0.1000002	1.57671E-06	4.352329
-2.80001	-1.33E-11	4.376843	0.1	1.94859E-06	4.376843
-2.70001	-1.22E-11	4.401451	0.0999999	2.36233E-06	4.401451
-2.60001	-1.18E-11	4.425961	0.1	2.81696E-06	4.425961
-2.50001	-1.13E-11	4.450515	0.1000001	3.31092E-06	4.450515
-2.40001	-1.04E-11	4.475024	0.1	3.84114E-06	4.475024
-2.30001	-9.8E-12	4.499568	0.1000001	4.40572E-06	4.499568
-2.20001	-8.7E-12	4.524176	0.1	5.00204E-06	4.524176
-2.1	-1.16E-11	4.550603	0.1	5.62816E-06	4.550603
-2.000001	-1.43E-11	4.612803	0.1000001	6.26797E-06	4.612803
-1.9	-8.8E-12	4.637363	0.1000002	6.94467E-06	4.637363
-1.800001	-7E-12	4.661928	0.1000001	7.63875E-06	4.661928
-1.7	-5.9E-12	4.686428	0.1000003	8.35012E-06	4.686428
-1.6	-5E-12	4.711044	0.1000001	9.07676E-06	4.711044
-1.5	-3.9E-12	4.735636	0.1	9.81663E-06	4.735636
-1.400001	-7.9E-12	4.770293	0.0999999	1.05609E-05	4.770293
-1.3	-2.2E-12	4.79482	0.0999998	1.13243E-05	4.79482
-1.200001	-9E-13	4.819369	0.1000003	1.20951E-05	4.819369
-1.100001	5E-13	4.844015	0.1000002	1.28741E-05	4.844015
-1	1.5E-12	4.868531	0.1	1.36596E-05	4.868531
-0.9	3E-12	4.893047	0.0999999	1.4451E-05	4.893047
-0.8	4.2E-12	4.917556	0.1000001	1.52482E-05	4.917556
-0.700001	5.7E-12	4.942067	0.0999999	1.60499E-05	4.942067
-0.6	6.9E-12	4.966595	0.1000001	1.68566E-05	4.966595
-0.500001	8.2E-12	4.991115	0.1000001	1.76669E-05	4.991115
-0.4	1E-11	5.015724	0.1	1.84814E-05	5.015724
-0.3	1.15E-11	5.040233	0.1000001	1.92985E-05	5.040233
-0.1999999	9.6E-12	5.06675	0.1000002	2.01188E-05	5.06675
-0.1000002	8.5E-12	5.111841	0.0999999	2.0939E-05	5.111841
4E-07	1.56E-11	5.136344	0.1000001	2.17694E-05	5.136344
0.1000002	1.77E-11	5.160862	0.1000002	2.26037E-05	5.160862
0.2000002	1.95E-11	5.185361	0.1000001	2.34416E-05	5.185361
0.299999	2.16E-11	5.210159	0.1000002	2.42849E-05	5.210159
0.4	2.38E-11	5.234702	0.1	2.51314E-05	5.234702
0.5	2.56E-11	5.259218	0.0999999	2.59817E-05	5.259218
0.599999	2.75E-11	5.283721	0.0999999	2.68347E-05	5.283721
0.7	2.94E-11	5.308238	0.1	2.76898E-05	5.308238
0.8	3.13E-11	5.332698	0.1000001	2.85465E-05	5.332698
0.9	3.27E-11	5.357232	0.1000002	2.94049E-05	5.357232
0.999999	3.49E-11	5.381735	0.1	3.02646E-05	5.381735
1.1	3.61E-11	5.406343	0.1000001	3.11252E-05	5.406343
1.2	3.79E-11	5.430848	0.1000001	3.19874E-05	5.430848
1.3	3.98E-11	5.455369	0.1000001	3.28496E-05	5.455369
1.4	4.08E-11	5.479873	0.1000001	3.37132E-05	5.479873
1.5	4.23E-11	5.504421	0.1000001	3.45777E-05	5.504421
1.599999	4.31E-11	5.529019	0.1	3.5442E-05	5.529019
1.699999	4.43E-11	5.553526	0.1000003	3.63072E-05	5.553526
1.799999	3.74E-11	5.613482	0.0999999	3.71617E-05	5.613482
1.9	4.33E-11	5.638085	0.1000001	3.80326E-05	5.638085
2	4.44E-11	5.662657	0.1000001	3.89018E-05	5.662657
2.099999	4.56E-11	5.687157	0.1000002	3.97703E-05	5.687157
2.19999	4.61E-11	5.711953	0.1000001	4.06363E-05	5.711953
2.29999	4.71E-11	5.73655	0.1000002	4.15054E-05	5.73655
2.39999	4.78E-11	5.761084	0.1000002	4.23758E-05	5.761084
2.49999	4.86E-11	5.785611	0.1000002	4.32458E-05	5.785611
2.59999	4.87E-11	5.810117	0.1000003	4.41164E-05	5.810117
2.69999	4.97E-11	5.834638	0.1000001	4.49876E-05	5.834638
2.79999	5.04E-11	5.859155	0.1	4.58587E-05	5.859155
2.89999	5.04E-11	5.883682	0.1000001	4.67311E-05	5.883682
2.99999	5.13E-11	5.908205	0.1000001	4.76035E-05	5.908205
3.09999	5.11E-11	5.93273	0.0999999	4.84773E-05	5.93273
3.19999	5.15E-11	5.957246	0.1	4.93514E-05	5.957246
3.29999	5.2E-11	5.981773	0.1000002	5.02251E-05	5.981773
3.39999	5.21E-11	6.006298	0.1000001	5.11005E-05	6.006298
3.49999	5.27E-11	6.03088	0.1000003	5.19761E-05	6.03088
3.59999	5.25E-11	6.055574	0.0999999	5.28524E-05	6.055574
3.69999	4.62E-11	6.114732	0.1000002	5.37189E-05	6.114732
3.79999	5.08E-11	6.13925	0.0999999	5.46008E-05	6.13925
3.89999	5.23E-11	6.163815	0.1000002	5.54808E-05	6.163815
3.99999	5.26E-11	6.188326	0.1000001	5.63609E-05	6.188326
4.09999	5.32E-11	6.212888	0.1	5.72422E-05	6.212888
4.19999	5.35E-11	6.237413	0.1000002	5.81219E-05	6.237413
4.29999	5.36E-11	6.261934	0.1	5.90042E-05	6.261934
4.39999	5.43E-11	6.286448	0.0999999	5.98854E-05	6.286448
4.49999	5.39E-11	6.310953	0.0999999	6.07695E-05	6.310953
4.59999	5.43E-11	6.335501	0.1000001	6.1653E-05	6.335501
4.69999	5.47E-11	6.360106	0.0999998	6.25375E-05	6.360106
4.79999	5.46E-11	6.384643	0.1000001	6.34231E-05	6.384643
4.89999	5.53E-11	6.409218	0.1	6.43103E-05	6.409218
4.99999	5.6E-11	6.433726	0.1000001	6.51953E-05	6.433726
5.09999	5.58E-11	6.458263	0.1	6.60824E-05	6.458263
5.19999	5.62E-11	6.482754	0.1000001	6.69705E-05	6.482754
5.29999	5.63E-11	6.507304	0.1000002	6.78597E-05	6.507304
5.39999	5.63E-11	6.531929	0.1	6.87492E-05	6.531929
5.49999	5.57E-11	6.556504	0.1000003	6.96396E-05	6.556504
5.59999	4.99E-11	6.616349	0.1000002	7.05201E-05	6.616349
5.69999	5.48E-11	6.640885	0.0999999	7.14154E-05	6.640885
5.79999	5.53E-11	6.665481	0.1	7.2311E-05	6.665481
5.89999	5.62E-11	6.689992	0.1	7.32046E-05	6.689992
5.99999	5.64E-11	6.714574	0.1	7.40998E-05	6.714574
6.09999	5.68E-11	6.739145	0.1000001	7.49957E-05	6.739145
6.19999	5.67E-11	6.763698	0.1000002	7.58922E-05	6.763698
6.29999	5.7E-11	6.788237	0.1	7.67887E-05	6.788237
6.39999	5.69E-11	6.81279	0.1	7.76863E-05	6.81279
6.49999	5.73E-11	6.837313	0.1000002	7.85855E-05	6.837313
6.59999	5.74E-11	6.861915	0.1000003	7.9486E-05	6.861915
6.69999	5.79E-11	6.88646	0.1000003	8.03846E-05	6.88646
6.79999	5.86E-11	6.910974	0.1000003	8.12854E-05	6.910974
6.89999	5.82E-11	6.935479	0.1000003	8.2188E-05	6.935479
6.99999	5.81E-11	6.960026	0.1	8.30909E-05	6.960026
7.09999	5.84E-11	6.984542	0.1000002	8.39946E-05	6.984542
7.19999	5.88E-11	7.009046	0.1	8.48989E-05	7.009046
7.29999	5.83E-11	7.033682	0.1000001	8.58043E-05	7.033682
7.39999	5.82E-11	7.058362	0.1000003	8.67105E-05	7.058362
7.49999	5.3E-11	7.114128	0.1	8.76102E-05	7.114128
7.59999	5.77E-11	7.138644	0.1000001	8.85203E-05	7.138644
7.69999	5.83E-11	7.163184	0.1	8.94307E-05	7.163184
7.79999	5.85E-11	7.187752	0.1	9.03396E-05	7.187752
7.89999	5.92E-11	7.212346	0.1	9.12509E-05	7.212346
7.99999	5.93E-11	7.236921	0.1000002	9.21625E-05	7.236921
8.09999	5.98E-11	7.261432	0.1000002	9.30758E-05	7.261432
8.19999	5.99E-11	7.285974	0.0999999	9.39891E-05	7.285974
8.29999	5.99E-11	7.310517	0.1	9.49018E-05	7.310517
8.39999	5.98E-11	7.335079	0.1	9.58174E-05	7.335079
8.49999	6.03E-11	7.359589	0.1	9.67339E-05	7.359589
8.59999	6.06E-11	7.384128	0.1	9.76495E-05	7.384128
8.69999	6.06E-11	7.408703	0.1000002	9.85682E-05	7.408703
8.79999	6.08E-11	7.433241	0.1	9.94869E-05	7.433241
8.89999	6.11E-11	7.457844	0.1	0.000100407	7.457844
8.99999	6.07E-11	7.482362	0.1000003	0.0001013277	7.482362
9.09999	6.07E-11	7.506904	0.1	0.0001022483	7.506904
9.19999	6.09E-11	7.531515	0.1000001	0.0001031703	7.531515
9.29999	6.14E-11	7.55608	0.1	0.0001040891	7.55608
9.39999	5.38E-11	7.623275	0.1000001	0.000104979	7.623275
9.49999	5.86E-11	7.647826	0.0999998	0.000105908	7.647826
9.59999	5.94E-11	7.672377	0.1	0.000106836	7.672377
9.69999	6.04E-11	7.696894	0.1	0.000107764	7.696894
9.79999	6.08E-11	7.721483	0.1000001	0.000108695	7.721483
9.89999	6.06E-11	7.746062	0.0999999	0.000109623	7.746062
9.99999	6.04E-11	7.770585	0.0999999	0.000110554	7.770585
9.9	4.79E-11	7.795103	0.1000001	0.000109609	7.795103
9.8	4.49E-11	7.819647	0.1	0.000108671	7.819647
9.7	4.3E-11	7.844197	0.1000001	0.000107735	7.844197
9.6	4.15E-11	7.868751	0.0999999	0.000106801	7.868751
9.5	3.95E-11	7.893262	0.0999998	0.000105869	7.893262
9.4	3.93E-11	7.917839	0.0999999	0.000104938	7.917839
9.3	3.72E-11	7.94235	0.1000001	0.000104007	7.94235
9.2	3.67E-11	7.966875	0.1	0.000103078	7.966875
9.1	3.57E-11	7.991392	0.0999998	0.00010215	7.991392
9	3.52E-11	8.01593	0.1	0.000101223	8.01593
8.9	3.41E-11	8.04059	0.1000001	0.000100301	8.04059
8.8	3.35E-11	8.065241	0.1	9.937E-05	8.065241
8.7	3.93E-11	8.119475	0.1000001	9.8447E-05	8.119475
8.6	3.41E-11	8.144015	0.1000001	9.7521E-05	8.144015
8.5	3.26E-11	8.16856	0.0999999	9.6594E-05	8.16856
8.4	3.16E-11	8.193099	0.0999999	9.5672E-05	8.193099
8.3	3.11E-11	8.217669	0.1	9.475E-05	8.217669
8.2	3.11E-11	8.242207	0.1	9.3829E-05	8.242207
8.1	3.1E-11	8.266839	0.1	9.2907E-05	8.266839
8	3.06E-11	8.291374	0.1000001	9.1989E-05	8.291374
7.9	2.93E-11	8.315881	0.0999999	9.107E-05	8.315881
7.8	2.88E-11	8.340425	0.1000002	9.0153E-05	8.340425
7.7	2.86E-11	8.364942	0.1000001	8.9236E-05	8.364942
7.6	3.2E-11	8.392813	0.1	8.83517E-05	8.392813
7.5	2.77E-11	8.41739	0.0999999	8.74359E-05	8.41739
7.4	2.8E-11	8.441904	0.0999998	8.652E-05	8.441904
7.3	2.72E-11	8.466424	0.1	8.56076E-05	8.466424
7.2	2.64E-11	8.490925	0.0999999	8.46959E-05	8.490925
7.1	2.65E-11	8.515426	0.1000002	8.37833E-05	8.515426
7	2.57E-11	8.540024	0.0999999	8.28721E-05	8.540024
6.9	2.54E-11	8.564527	0.1000001	8.19617E-05	8.564527
6.8	3.16E-11	8.625576	0.0999999	8.10602E-05	8.625576
6.7	2.61E-11	8.650093	0.1	8.01508E-05	8.650093
6.6	2.57E-11	8.674682	0.1	7.92431E-05	8.674682
6.5	2.46E-11	8.699199	0.1	7.83349E-05	8.699199
6.4	2.46E-11	8.723782	0.0999999	7.7429E-05	8.723782
6.3	2.35E-11	8.748361	0.0999998	7.6523E-05	8.748361
6.2	2.36E-11	8.772932	0.1000001	7.56183E-05	8.772932
6.1	2.33E-11	8.797465	0.1	7.47142E-05	8.797465
6	2.28E-11	8.821969	0.0999998	7.38115E-05	8.821969
5.9	2.26E-11	8.846541	0.0999998	7.29088E-05	8.846541
5.8	2.14E-11	8.870995	0.1	7.20065E-05	8.870995
5.7	2.18E-11	8.895546	0.1	7.11054E-05	8.895546
5.6	2.15E-11	8.920051	0.1	7.02054E-05	8.920051
5.5	2.1E-11	8.944573	0.0999998	6.93055E-05	8.944573
5.4	2.06E-11	8.969079	0.1	6.84068E-05	8.969079
5.3	2.03E-11	8.993604	0.0999997	6.75081E-05	8.993604
5.2	2.03E-11	9.018113	0.0999997	6.66109E-05	9.018113
5.1	2E-11	9.042764	0.1000001	6.57145E-05	9.042764
5	1.9E-11	9.067326	0.0999999	6.48187E-05	9.067326
4.9	2.49E-11	9.124523	0.1	6.39292E-05	9.124523
4.8	2.02E-11	9.149063	0.0999999	6.30342E-05	9.149063
4.7	1.91E-11	9.173605	0.0999997	6.21397E-05	9.173605
4.6	1.81E-11	9.198147	0.0999999	6.12459E-05	9.198147
4.5	1.74E-11	9.222712	0.0999999	6.03549E-05	9.222712
4.4	1.64E-11	9.247229	0.0999998	5.94633E-05	9.247229
4.3	1.61E-11	9.271741	0.0999998	5.8572E-05	9.271741
4.2	1.54E-11	9.296292	0.0999999	5.76824E-05	9.296292
4.1	1.44E-11	9.320806	0.1	5.67938E-05	9.320806
4	1.47E-11	9.345339	0.1	5.59051E-05	9.345339
3.9	1.38E-11	9.369869	0.0999999	5.50172E-05	9.369869
3.8	1.29E-11	9.39439	0.0999999	5.41304E-05	9.39439
3.7	1.22E-11	9.418956	0.0999999	5.3245E-05	9.418956
3.6	1.23E-11	9.443483	0.1	5.23591E-05	9.443483
3.5	1.17E-11	9.468001	0.1	5.1474E-05	9.468001
3.4	1.07E-11	9.492541	0.0999997	5.05907E-05	9.492541
3.3	1.03E-11	9.517095	0.0999999	4.97082E-05	9.517095
3.2	9.4E-12	9.541694	0.1000001	4.88256E-05	9.541694
3.1	9.1E-12	9.56624	0.0999998	4.79438E-05	9.56624
3	1.51E-11	9.626459	0.0999999	4.70681E-05	9.626459
2.9	9.6E-12	9.651007	0.0999998	4.61874E-05	9.651007
2.8	8.4E-12	9.675565	0.1	4.53083E-05	9.675565
2.7	7.3E-12	9.700113	0.0999999	4.44292E-05	9.700113
2.6	6.5E-12	9.724688	0.1	4.35513E-05	9.724688
2.5	5.5E-12	9.749265	0.1	4.26746E-05	9.749265
2.4	4.5E-12	9.773775	0.1	4.17988E-05	9.773775
2.3	3.6E-12	9.798306	0.1	4.09225E-05	9.798306
2.2	2.6E-12	9.822813	0.1	4.00483E-05	9.822813
2.099999	4.8E-12	9.849235	0.1	3.91779E-05	9.849235
2	1.2E-12	9.87379	0.1000002	3.83041E-05	9.87379
1.9	-4E-13	9.898413	0.0999999	3.74329E-05	9.898413
1.8	-1.7E-12	9.922924	0.0999998	3.65631E-05	9.922924
1.7	-2.3E-12	9.947433	0.0999999	3.56936E-05	9.947433
1.6	-3.5E-12	9.971937	0.0999998	3.48254E-05	9.971937
1.5	-4.7E-12	9.996461	0.1	3.39584E-05	9.996461
1.4	-6.7E-12	10.020971	0.0999998	3.30932E-05	10.020971
1.3	-7.5E-12	10.04559	0.0999999	3.22288E-05	10.04559
1.2	-9E-12	10.070259	0.0999999	3.13656E-05	10.070259
1.1	-4.2E-12	10.127573	0.1000002	3.05092E-05	10.127573
1	-1.06E-11	10.152118	0.0999999	2.96492E-05	10.152118
0.9	-1.24E-11	10.176678	0.1	2.87917E-05	10.176678
0.8	-1.43E-11	10.201212	0.1	2.7937E-05	10.201212
0.7	-1.68E-11	10.225776	0.0999999	2.7086E-05	10.225776
0.6	-1.9E-11	10.250284	0.1000001	2.62369E-05	10.250284
0.5	-2.15E-11	10.274789	0.0999999	2.53918E-05	10.274789
0.4	-2.3E-11	10.299357	0.0999999	2.45508E-05	10.299357
0.3	-2.57E-11	10.323854	0.0999998	2.37141E-05	10.323854
0.2	-2.43E-11	10.350264	0.0999999	2.28823E-05	10.350264
0.0999994	-3.02E-11	10.374758	0.0999999	2.20555E-05	10.374758
-4E-07	-3.22E-11	10.399247	0.1000001	2.1233E-05	10.399247
#scan	iMeasureCycle=2	iMux=0	time=279.738	N=401	LocalTime=20/04/2023 06:48:22
#VGate(V)	IGate(A)	time(s)	VDrain(V)	IDrain(A)	time(s)
-1E-07	-1.11E-11	279.745465	0.0999998	2.14498E-05	279.745465
-0.1000004	-1.87E-11	279.770339	0.0999999	2.06214E-05	279.770339
-0.2000001	-1.97E-11	279.796198	0.0999998	1.97978E-05	279.796198
-0.3	-2.63E-11	279.820925	0.0999999	1.89778E-05	279.820925
-0.4	-2.85E-11	279.845461	0.1	1.81622E-05	279.845461
-0.5	-3.09E-11	279.870017	0.0999998	1.73502E-05	279.870017
-0.6	-3.32E-11	279.894533	0.1	1.65421E-05	279.894533
-0.7	-3.51E-11	279.91909	0.0999998	1.57382E-05	279.91909
-0.8	-3.67E-11	279.943715	0.1	1.49385E-05	279.943715
-0.9	-3.81E-11	279.968286	0.1	1.41446E-05	279.968286
-1	-3.97E-11	279.992827	0.0999999	1.33568E-05	279.992827
-1.1	-4.09E-11	280.017373	0.0999999	1.25746E-05	280.017373
-1.2	-4.2E-11	280.04195	0.0999999	1.18006E-05	280.04195
-1.3	-4.27E-11	280.0665	0.0999999	1.10343E-05	280.0665
-1.4	-4.38E-11	280.09104	0.1	1.02781E-05	280.09104
-1.5	-4.46E-11	280.115558	0.0999999	9.5325E-06	280.115558
-1.6	-4.15E-11	280.142675	0.1000001	8.80362E-06	280.142675
-1.7	-4.54E-11	280.167207	0.1	8.08448E-06	280.167207
-1.8	-4.66E-11	280.191712	0.0999998	7.38162E-06	280.191712
-1.9	-4.69E-11	280.216287	0.0999999	6.69658E-06	280.216287
-2	-4.8E-11	280.240784	0.0999999	6.03249E-06	280.240784
-2.1	-4.86E-11	280.265315	0.1	5.39196E-06	280.265315
-2.2	-4.27E-11	280.312263	0.0999998	4.78043E-06	280.312263
-2.3	-4.77E-11	280.336775	0.1000002	4.19363E-06	280.336775
-2.4	-4.88E-11	280.361299	0.1000001	3.64023E-06	280.361299
-2.5	-4.96E-11	280.385807	0.0999999	3.12184E-06	280.385807
-2.6	-5.01E-11	280.410404	0.0999998	2.64116E-06	280.410404
-2.7	-5.07E-11	280.435002	0.1	2.20015E-06	280.435002
-2.8	-5.14E-11	280.459557	0.1	1.80099E-06	280.459557
-2.9	-5.15E-11	280.484069	0.0999998	1.4443E-06	280.484069
-3	-5.21E-11	280.508602	0.0999997	1.13098E-06	280.508602
-3.1	-4.87E-11	280.535904	0.0999998	8.61108E-07	280.535904
-3.2	-5.27E-11	280.560481	0.0999996	6.33299E-07	280.560481
-3.3	-5.33E-11	280.584977	0.0999997	4.47353E-07	280.584977
-3.4	-5.36E-11	280.609502	0.0999999	3.00944E-07	280.609502
-3.5	-5.37E-11	280.634069	0.0999999	1.90991E-07	280.634069
-3.6	-5.42E-11	280.658593	0.0999998	1.13004E-07	280.658593
-3.7	-4.87E-11	280.696265	0.0999962	6.22579E-08	280.696265
-3.8	-6.67E-11	280.719567	0.1000062	3.06881E-08	280.719567
-3.9	-6.95E-11	280.742768	0.1000031	1.36441E-08	280.742768
-4	-7.02E-11	280.765978	0.1000018	5.4194E-09	280.765978
-4.1	-4.95E-11	280.812185	0.0999997	1.9706E-09	280.812185
-4.2	-6.68E-11	280.835528	0.1000004	5.899E-10	280.835528
-4.3	-6.78E-11	280.858823	0.1	1.493E-10	280.858823
-4.4	-7.06E-11	280.882032	0.1000003	2.77E-11	280.882032
-4.5	-7.13E-11	280.905285	0.1000002	9E-13	280.905285
-4.6	-7.2E-11	280.928582	0.1000001	-4.2E-12	280.928582
-4.7	-7.01E-11	280.951889	0.1000001	-4.7E-12	280.951889
-4.8	-7.23E-11	280.975155	0.1000001	-4.4E-12	280.975155
-4.9	-7.25E-11	280.998369	0.1000002	-4E-12	280.998369
-5	-7.11E-11	281.021663	0.1000001	-4.7E-12	281.021663
-5.1	-7.3E-11	281.044885	0.1000001	-4.2E-12	281.044885
-5.2	-7.32E-11	281.068123	0.1000001	-4.3E-12	281.068123
-5.3	-7.21E-11	281.091417	0.1000002	-4.9E-12	281.091417
-5.4	-7.16E-11	281.114719	0.1000001	-4.7E-12	281.114719
-5.5	-7.38E-11	281.137925	0.1000002	-4.6E-12	281.137925
-5.6	-7.41E-11	281.16114	0.1000002	-4.3E-12	281.16114
-5.7	-7.3E-11	281.184429	0.1	-4.5E-12	281.184429
-5.8	-7.38E-11	281.207719	0.1000002	-4E-12	281.207719
-5.9	-7.54E-11	281.230932	0.1000001	-3.9E-12	281.230932
-6	-7.33E-11	281.25422	0.1000003	-4E-12	281.25422
-6.1	-5.42E-11	281.311002	0.0999999	-6E-12	281.311002
-6.2	-7.3E-11	281.334255	0.0999999	-4.2E-12	281.334255
-6.3	-7.45E-11	281.357478	0.1000001	-4.2E-12	281.357478
-6.4	-7.5E-11	281.380683	0.1	-4E-12	281.380683
-6.5	-7.32E-11	281.404028	0.1000001	-4.4E-12	281.404028
-6.6	-7.58E-11	281.42735	0.1000001	-3.9E-12	281.42735
-6.7	-7.42E-11	281.450644	0.1000001	-4.4E-12	281.450644
-6.8	-7.47E-11	281.473926	0.1000002	-4.1E-12	281.473926
-6.9	-7.44E-11	281.497214	0.1000001	-4.1E-12	281.497214
-7	-7.66E-11	281.520444	0.1	-4.6E-12	281.520444
-7.1	-7.71E-11	281.543667	0.1000003	-4.3E-12	281.543667
-7.2	-7.59E-11	281.566945	0.1000002	-4.4E-12	281.566945
-7.3	-7.56E-11	281.590235	0.1	-4.5E-12	281.590235
-7.4	-7.79E-11	281.613446	0.1	-4.2E-12	281.613446
-7.5	-7.78E-11	281.636714	0.1000003	-4.4E-12	281.636714
-7.6	-7.64E-11	281.660004	0.1	-4.5E-12	281.660004
-7.7	-7.63E-11	281.683296	0.1000002	-4.2E-12	281.683296
-7.8	-7.85E-11	281.706523	0.1000002	-4.2E-12	281.706523
-7.9	-7.71E-11	281.729827	0.1000001	-4.3E-12	281.729827
-8	-7.67E-11	281.753116	0.1000001	-4E-12	281.753116
-8.1	-5.76E-11	281.812306	0.1	-5.7E-12	281.812306
-8.2	-7.66E-11	281.835543	0.1000001	-4E-12	281.835543
-8.3	-7.65E-11	281.858794	0.1000002	-4.4E-12	281.858794
-8.4	-7.61E-11	281.882093	0.1000002	-4.3E-12	281.882093
-8.5	-7.65E-11	281.905445	0.1	-4.1E-12	281.905445
-8.6	-7.83E-11	281.928776	0.1000003	-3.8E-12	281.928776
-8.7	-7.89E-11	281.952002	0.1000001	-4.4E-12	281.952002
-8.8	-7.75E-11	281.975348	0.1000001	-4.1E-12	281.975348
-8.9	-7.78E-11	281.998641	0.1	-4E-12	281.998641
-9	-7.93E-11	282.021885	0.1000002	-3.7E-12	282.021885
-9.1	-7.8E-11	282.0452	0.1000001	-4.4E-12	282.0452
-9.2	-7.85E-11	282.068477	0.1000002	-3.8E-12	282.068477
-9.3	-8.03E-11	282.091673	0.1000001	-3.7E-12	282.091673
-9.4	-8.08E-11	282.114883	0.1000001	-3.5E-12	282.114883
-9.5	-8.1E-11	282.138114	0.1000002	-3.6E-12	282.138114
-9.6	-7.9E-11	282.161397	0.1000002	-4.4E-12	282.161397
-9.7	-7.94E-11	282.18468	0.1	-4.4E-12	282.18468
-9.8	-8.11E-11	282.207891	0.1000001	-4E-12	282.207891
-9.9	-8.16E-11	282.231106	0.1000001	-3.8E-12	282.231106
-10	-7.94E-11	282.254403	0.1000001	-3.7E-12	282.254403
-9.90001	-5.59E-11	282.309819	0.1	-5.5E-12	282.309819
-9.80001	-3.44E-11	282.333057	0.0999997	-7.4E-12	282.333057
-9.70001	-3.2E-11	282.356269	0.0999996	-7E-12	282.356269
-9.60001	-3.21E-11	282.379558	0.0999996	-7.2E-12	282.379558
-9.50001	-3.1E-11	282.402906	0.0999999	-7.4E-12	282.402906
-9.40001	-2.83E-11	282.426149	0.0999996	-7.9E-12	282.426149
-9.30001	-2.66E-11	282.449445	0.0999997	-7.6E-12	282.449445
-9.20001	-2.77E-11	282.472738	0.0999996	-7.5E-12	282.472738
-9.10001	-2.54E-11	282.495936	0.0999996	-7.8E-12	282.495936
-9.00001	-2.43E-11	282.519173	0.0999995	-7.5E-12	282.519173
-8.90001	-2.76E-11	282.542572	0.0999997	-7.3E-12	282.542572
-8.80001	-2.44E-11	282.565866	0.0999997	-7.4E-12	282.565866
-8.70001	-2.25E-11	282.589081	0.0999999	-7.7E-12	282.589081
-8.60001	-2.17E-11	282.612301	0.0999996	-7.9E-12	282.612301
-8.50001	-2.28E-11	282.635598	0.0999995	-7.5E-12	282.635598
-8.40001	-2.36E-11	282.658995	0.0999998	-7.4E-12	282.658995
-8.30001	-2.03E-11	282.682215	0.0999997	-7.7E-12	282.682215
-8.20001	-2.14E-11	282.705504	0.0999998	-8.1E-12	282.705504
-8.10001	-2.08E-11	282.728879	0.0999997	-7.8E-12	282.728879
-8	-1.84E-11	282.752092	0.0999996	-7.7E-12	282.752092
-7.90001	-1.81E-11	282.775315	0.0999998	-7.7E-12	282.775315
-7.80001	-3.74E-11	282.815977	0.1	-5.5E-12	282.815977
-7.70001	-1.82E-11	282.83921	0.0999995	-7.7E-12	282.83921
-7.6	-1.75E-11	282.862424	0.0999998	-7.8E-12	282.862424
-7.50001	-1.7E-11	282.885646	0.0999995	-8.1E-12	282.885646
-7.40001	-1.81E-11	282.908981	0.0999997	-7.8E-12	282.908981
-7.30001	-1.69E-11	282.932277	0.0999997	-8.1E-12	282.932277
-7.2	-1.54E-11	282.955489	0.0999996	-8E-12	282.955489
-7.10001	-1.51E-11	282.978705	0.0999995	-8.4E-12	282.978705
-7.00001	-1.65E-11	283.002002	0.0999998	-8.2E-12	283.002002
-6.90001	-1.65E-11	283.025315	0.0999998	-7.9E-12	283.025315
-6.80001	-1.42E-11	283.048558	0.0999997	-8.1E-12	283.048558
-6.70001	-1.38E-11	283.071775	0.0999997	-8.1E-12	283.071775
-6.60001	-1.5E-11	283.095065	0.0999998	-7.5E-12	283.095065
-6.50001	-1.34E-11	283.118283	0.0999998	-7.7E-12	283.118283
-6.40001	-1.4E-11	283.141593	0.0999998	-7.8E-12	283.141593
-6.30001	-1.22E-11	283.164811	0.0999998	-8.2E-12	283.164811
-6.20001	-1.35E-11	283.188101	0.0999999	-7.9E-12	283.188101
-6.10001	-1.35E-11	283.211384	0.0999997	-7.7E-12	283.211384
-6.00001	-1.09E-11	283.234602	0.0999995	-7.8E-12	283.234602
-5.90001	-1.01E-11	283.25782	0.0999998	-8.4E-12	283.25782
-5.80001	-3.09E-11	283.312445	0.1	-6.1E-12	283.312445
-5.70001	-1.1E-11	283.335777	0.0999997	-8E-12	283.335777
-5.60001	-1.07E-11	283.358996	0.0999999	-8.3E-12	283.358996
-5.50001	-1.13E-11	283.382281	0.0999997	-7.9E-12	283.382281
-5.40001	-1.21E-11	283.405668	0.0999996	-7.8E-12	283.405668
-5.30001	-9.9E-12	283.428908	0.1	-8.1E-12	283.428908
-5.20001	-1.11E-11	283.452312	0.0999996	-7.9E-12	283.452312
-5.1	-9.5E-12	283.475607	0.0999998	-8E-12	283.475607
-5.00001	-7.6E-12	283.498813	0.0999996	-8.5E-12	283.498813
-4.90001	-7.4E-12	283.522025	0.0999998	-8.2E-12	283.522025
-4.80001	-1E-11	283.545406	0.0999998	-8.6E-12	283.545406
-4.7	-8.3E-12	283.568706	0.0999997	-8.3E-12	283.568706
-4.60001	-5.4E-12	283.5919	0.0999998	-6.5E-12	283.5919
-4.50001	-7.3E-12	283.615188	0.0999997	5.2E-12	283.615188
-4.40001	-6.3E-12	283.638554	0.0999998	6.23E-11	283.638554
-4.3	-4.7E-12	283.661835	0.0999999	2.811E-10	283.661835
-4.20001	-4.1E-12	283.685046	0.0999999	9.99E-10	283.685046
-4.10001	-6E-12	283.708372	0.0999999	3.0425E-09	283.708372
-4.00001	-4.8E-12	283.731679	0.1000007	8.0733E-09	283.731679
-3.90001	-2.6E-12	283.75489	0.1000006	1.90166E-08	283.75489
-3.80001	-2.7E-12	283.778127	0.0999999	4.03353E-08	283.778127
-3.70001	-2.21E-11	283.818687	0.1000063	7.63636E-08	283.818687
-3.60001	-2.29E-11	283.858252	0.1000001	1.34282E-07	283.858252
-3.50001	-1.71E-11	283.882755	0.1000004	2.22148E-07	283.882755
-3.40001	-1.64E-11	283.907368	0.1000005	3.42014E-07	283.907368
-3.30001	-1.67E-11	283.932085	0.1000006	4.98486E-07	283.932085
-3.20001	-1.51E-11	283.956605	0.1000004	6.94247E-07	283.956605
-3.10001	-1.45E-11	283.981136	0.1000008	9.31238E-07	283.981136
-3.00001	-1.87E-11	284.015784	0.1000001	1.20649E-06	284.015784
-2.90001	-1.42E-11	284.040434	0.0999998	1.53068E-06	284.040434
-2.80001	-1.28E-11	284.064969	0.1000001	1.89672E-06	284.064969
-2.70001	-1.19E-11	284.089492	0.1	2.30361E-06	284.089492
-2.60001	-1.1E-11	284.113998	0.1000002	2.75151E-06	284.113998
-2.50001	-1.04E-11	284.138537	0.1000002	3.23812E-06	284.138537
-2.40001	-1.03E-11	284.163057	0.1	3.7606E-06	284.163057
-2.30001	-9.1E-12	284.187567	0.1000003	4.31784E-06	284.187567
-2.20001	-8.6E-12	284.212099	0.0999999	4.90532E-06	284.212099
-2.1	-1.12E-11	284.238522	0.0999999	5.52389E-06	284.238522
-2	-7.2E-12	284.263028	0.1000001	6.16668E-06	284.263028
-1.900001	-1.27E-11	284.323889	0.1000001	6.82159E-06	284.323889
-1.800001	-7.3E-12	284.348456	0.1	7.51085E-06	284.348456
-1.7	-5.7E-12	284.372965	0.0999997	8.21528E-06	284.372965
-1.6	-4.4E-12	284.397502	0.1000001	8.93494E-06	284.397502
-1.5	-3.2E-12	284.422083	0.1000002	9.66816E-06	284.422083
-1.4	-2.1E-12	284.446699	0.0999999	1.041286E-05	284.446699
-1.300001	-6.2E-12	284.481351	0.0999999	1.11617E-05	284.481351
-1.2	-5E-13	284.505909	0.1	1.19278E-05	284.505909
-1.100001	8E-13	284.530444	0.1000002	1.2701E-05	284.530444
-1	2.6E-12	284.555004	0.1000001	1.34813E-05	284.555004
-0.9	3.3E-12	284.579536	0.1	1.42675E-05	284.579536
-0.8	4.6E-12	284.604055	0.1000001	1.50602E-05	284.604055
-0.700001	6.1E-12	284.628653	0.0999998	1.58575E-05	284.628653
-0.6	7.8E-12	284.653213	0.1000001	1.66593E-05	284.653213
-0.500001	9.7E-12	284.677799	0.1000002	1.74653E-05	284.677799
-0.4	1.06E-11	284.702331	0.1000001	1.82739E-05	284.702331
-0.3	1.22E-11	284.726851	0.1000001	1.9088E-05	284.726851
-0.2	1.04E-11	284.753347	0.0999999	1.99041E-05	284.753347
-0.0999997	1.56E-11	284.777845	0.1000001	2.07253E-05	284.777845
-2E-07	1.11E-11	284.821179	0.1000002	2.1546E-05	284.821179
0.1000004	1.83E-11	284.845665	0.0999999	2.23765E-05	284.845665
0.2000002	1.99E-11	284.870198	0.1000001	2.32113E-05	284.870198
0.299999	2.19E-11	284.894921	0.0999999	2.40504E-05	284.894921
0.4	2.42E-11	284.919492	0.1	2.4894E-05	284.919492
0.5	2.62E-11	284.944097	0.0999998	2.57414E-05	284.944097
0.6	2.8E-11	284.968613	0.0999999	2.65935E-05	284.968613
0.699999	2.99E-11	284.993178	0.1000001	2.74472E-05	284.993178
0.799999	3.18E-11	285.017682	0.1000001	2.83042E-05	285.017682
0.9	3.33E-11	285.042216	0.1000001	2.91638E-05	285.042216
0.999999	3.52E-11	285.066736	0.1	3.00255E-05	285.066736
1.1	3.67E-11	285.091295	0.0999999	3.08894E-05	285.091295
1.2	3.84E-11	285.115847	0.0999999	3.17539E-05	285.115847
1.3	4E-11	285.140408	0.1	3.26207E-05	285.140408
1.4	4.16E-11	285.164913	0.1000001	3.34893E-05	285.164913
1.5	4.29E-11	285.18943	0.1000003	3.43573E-05	285.18943
1.599999	4.36E-11	285.213928	0.1	3.52275E-05	285.213928
1.699999	4.43E-11	285.238435	0.1000001	3.60976E-05	285.238435
1.8	4.57E-11	285.262948	0.1000001	3.69687E-05	285.262948
1.899999	3.81E-11	285.32804	0.1000001	3.7832E-05	285.32804
1.999999	4.37E-11	285.35261	0.0999999	3.87069E-05	285.35261
2.1	4.55E-11	285.377116	0.1000001	3.95825E-05	285.377116
2.19999	4.62E-11	285.401819	0.1000002	4.04542E-05	285.401819
2.29999	4.72E-11	285.426323	0.1	4.13282E-05	285.426323
2.39999	4.74E-11	285.450936	0.0999999	4.22034E-05	285.450936
2.49999	4.86E-11	285.47544	0.1000001	4.3079E-05	285.47544
2.59999	4.9E-11	285.499974	0.1	4.39542E-05	285.499974
2.69999	4.96E-11	285.524502	0.1000001	4.48301E-05	285.524502
2.79999	4.99E-11	285.549043	0.0999999	4.57059E-05	285.549043
2.89999	5.04E-11	285.573601	0.1000002	4.6582E-05	285.573601
2.99999	5.12E-11	285.598112	0.1000003	4.74583E-05	285.598112
3.09999	5.13E-11	285.622621	0.1000001	4.83351E-05	285.622621
3.19999	5.2E-11	285.647126	0.1	4.92131E-05	285.647126
3.29999	5.19E-11	285.671685	0.1000002	5.00901E-05	285.671685
3.39999	5.2E-11	285.696204	0.1	5.09682E-05	285.696204
3.49999	5.25E-11	285.720712	0.1000002	5.18462E-05	285.720712
3.59999	5.24E-11	285.745288	0.0999999	5.27259E-05	285.745288
3.69999	5.3E-11	285.769789	0.1000001	5.36045E-05	285.769789
3.79999	4.73E-11	285.822367	0.1000002	5.44761E-05	285.822367
3.89999	5.19E-11	285.846899	0.0999999	5.53588E-05	285.846899
3.99999	5.26E-11	285.871419	0.0999999	5.62406E-05	285.871419
4.09999	5.31E-11	285.895934	0.0999999	5.71232E-05	285.895934
4.19999	5.32E-11	285.920498	0.1000001	5.80058E-05	285.920498
4.29999	5.38E-11	285.945097	0.0999999	5.88884E-05	285.945097
4.39999	5.39E-11	285.969616	0.1	5.97716E-05	285.969616
4.49999	5.43E-11	285.994161	0.1000001	6.06555E-05	285.994161
4.59999	5.45E-11	286.018734	0.1000002	6.15402E-05	286.018734
4.69999	5.43E-11	286.043345	0.1	6.24253E-05	286.043345
4.79999	5.48E-11	286.067878	0.1000001	6.33116E-05	286.067878
4.89999	5.52E-11	286.092386	0.1000001	6.41986E-05	286.092386
4.99999	5.55E-11	286.116884	0.0999999	6.50858E-05	286.116884
5.09999	5.6E-11	286.141427	0.1000001	6.59736E-05	286.141427
5.19999	5.61E-11	286.165979	0.1000001	6.6862E-05	286.165979
5.29999	5.62E-11	286.190519	0.1000002	6.77517E-05	286.190519
5.39999	5.64E-11	286.215051	0.0999999	6.86421E-05	286.215051
5.49999	5.68E-11	286.239578	0.1000001	6.95328E-05	286.239578
5.59999	5.71E-11	286.264086	0.0999999	7.04237E-05	286.264086
5.69999	5.01E-11	286.325945	0.1	7.1305E-05	286.325945
5.79999	5.51E-11	286.35058	0.1000001	7.22019E-05	286.35058
5.89999	5.58E-11	286.37513	0.1	7.30982E-05	286.37513
5.99999	5.66E-11	286.399658	0.1	7.39933E-05	286.399658
6.09999	5.64E-11	286.424229	0.0999999	7.48913E-05	286.424229
6.19999	5.68E-11	286.448871	0.1000002	7.57885E-05	286.448871
6.29999	5.75E-11	286.473404	0.0999999	7.66849E-05	286.473404
6.39999	5.81E-11	286.49794	0.1000001	7.75831E-05	286.49794
6.49999	5.86E-11	286.522453	0.1000001	7.84837E-05	286.522453
6.59999	5.79E-11	286.546989	0.1000001	7.93835E-05	286.546989
6.69999	5.87E-11	286.571613	0.0999999	8.02844E-05	286.571613
6.79999	5.8E-11	286.596138	0.1	8.11857E-05	286.596138
6.89999	5.82E-11	286.620691	0.1000002	8.20877E-05	286.620691
6.99999	5.86E-11	286.645195	0.1	8.29896E-05	286.645195
7.09999	5.85E-11	286.669792	0.1000001	8.38931E-05	286.669792
7.19999	5.93E-11	286.694308	0.1	8.47988E-05	286.694308
7.29999	5.88E-11	286.718832	0.1000002	8.57046E-05	286.718832
7.39999	5.96E-11	286.743338	0.1000002	8.66097E-05	286.743338
7.49999	5.94E-11	286.767871	0.1	8.75179E-05	286.767871
7.59999	5.29E-11	286.829354	0.0999999	8.84169E-05	286.829354
7.69999	5.77E-11	286.853898	0.1000001	8.93297E-05	286.853898
7.79999	5.87E-11	286.878424	0.1000001	9.02399E-05	286.878424
7.89999	5.92E-11	286.902943	0.1	9.11515E-05	286.902943
7.99999	5.97E-11	286.927516	0.1	9.20634E-05	286.927516
8.09999	5.97E-11	286.952137	0.1000001	9.29763E-05	286.952137
8.19999	5.98E-11	286.976678	0.1	9.38904E-05	286.976678
8.29999	6.03E-11	287.001213	0.1000001	9.48038E-05	287.001213
8.39999	6.03E-11	287.025733	0.0999999	9.57198E-05	287.025733
8.49999	6.05E-11	287.050282	0.0999999	9.66375E-05	287.050282
8.59999	6.07E-11	287.074807	0.1	9.75535E-05	287.074807
8.69999	6.03E-11	287.099337	0.1000003	9.84716E-05	287.099337
8.79999	6.04E-11	287.123877	0.1000002	9.93902E-05	287.123877
8.89999	6.11E-11	287.148432	0.1000002	0.0001003108	287.148432
8.99999	6.09E-11	287.172948	0.1000003	0.0001012313	287.172948
9.09999	6.13E-11	287.197523	0.1	0.0001021527	287.197523
9.19999	6.18E-11	287.222019	0.0999999	0.000103074	287.222019
9.29999	6.13E-11	287.246528	0.1000002	0.0001039945	287.246528
9.39999	6.17E-11	287.271046	0.1	0.0001049191	287.271046
9.49999	5.54E-11	287.331927	0.0999999	0.000105809	287.331927
9.59999	5.98E-11	287.356496	0.1	0.000106737	287.356496
9.69999	6.03E-11	287.381026	0.1	0.000107668	287.381026
9.79999	6.11E-11	287.405558	0.1	0.000108597	287.405558
9.89999	6.1E-11	287.43015	0.0999999	0.000109526	287.43015
9.99999	6.1E-11	287.454774	0.1	0.000110457	287.454774
9.9	4.8E-11	287.479247	0.0999998	0.000109514	287.479247
9.8	4.52E-11	287.503766	0.1	0.000108575	287.503766
9.7	4.34E-11	287.528313	0.0999999	0.000107638	287.528313
9.6	4.22E-11	287.552866	0.1	0.000106704	287.552866
9.5	4.02E-11	287.577403	0.1	0.000105772	287.577403
9.4	3.95E-11	287.60196	0.1	0.000104839	287.60196
9.3	3.77E-11	287.626566	0.1	0.000103908	287.626566
9.2	3.7E-11	287.651084	0.0999999	0.000102978	287.651084
9.1	3.64E-11	287.675677	0.1000001	0.000102052	287.675677
9	3.51E-11	287.700198	0.1	0.000101125	287.700198
8.9	3.48E-11	287.724737	0.0999999	0.000100203	287.724737
8.8	3.43E-11	287.749248	0.0999999	9.9275E-05	287.749248
8.7	3.43E-11	287.773797	0.1000001	9.8351E-05	287.773797
8.6	3.91E-11	287.83543	0.1000002	9.7427E-05	287.83543
8.5	3.43E-11	287.859976	0.1	9.6501E-05	287.859976
8.4	3.28E-11	287.884529	0.1000001	9.5577E-05	287.884529
8.3	3.22E-11	287.909057	0.0999999	9.4655E-05	287.909057
8.2	3.17E-11	287.933634	0.1000001	9.3733E-05	287.933634
8.1	3.08E-11	287.958248	0.1	9.281E-05	287.958248
8	3.07E-11	287.982773	0.0999999	9.189E-05	287.982773
7.9	2.97E-11	288.007404	0.0999999	9.0972E-05	288.007404
7.8	2.97E-11	288.031907	0.0999998	9.0055E-05	288.031907
7.7	3.27E-11	288.06	0.0999997	8.91712E-05	288.06
7.6	2.89E-11	288.084577	0.0999999	8.82558E-05	288.084577
7.5	2.81E-11	288.109085	0.1	8.73398E-05	288.109085
7.4	2.78E-11	288.133633	0.1	8.64249E-05	288.133633
7.3	2.81E-11	288.158186	0.0999998	8.55124E-05	288.158186
7.2	2.72E-11	288.182735	0.1000001	8.46007E-05	288.182735
7.1	2.7E-11	288.207263	0.0999996	8.3688E-05	288.207263
7	2.66E-11	288.231795	0.1000001	8.27763E-05	288.231795
6.9	2.61E-11	288.256338	0.0999999	8.1867E-05	288.256338
6.8	2.52E-11	288.280847	0.0999999	8.09581E-05	288.280847
6.7	3.18E-11	288.337149	0.1000001	8.00549E-05	288.337149
6.6	2.64E-11	288.361719	0.0999997	7.91471E-05	288.361719
6.5	2.59E-11	288.386235	0.0999999	7.82386E-05	288.386235
6.4	2.49E-11	288.410776	0.0999998	7.73319E-05	288.410776
6.3	2.4E-11	288.435344	0.0999999	7.64255E-05	288.435344
6.2	2.41E-11	288.459949	0.1	7.55209E-05	288.459949
6.1	2.32E-11	288.484463	0.0999998	7.46166E-05	288.484463
6	2.29E-11	288.508978	0.0999999	7.37121E-05	288.508978
5.9	2.18E-11	288.533518	0.0999999	7.28104E-05	288.533518
5.8	2.19E-11	288.558045	0.0999998	7.1909E-05	288.558045
5.7	2.15E-11	288.582581	0.1000001	7.10068E-05	288.582581
5.6	2.1E-11	288.607111	0.0999999	7.01065E-05	288.607111
5.5	2.07E-11	288.631627	0.0999999	6.92069E-05	288.631627
5.4	2.03E-11	288.656146	0.0999999	6.83091E-05	288.656146
5.3	2E-11	288.680823	0.1000001	6.74108E-05	288.680823
5.2	1.96E-11	288.705354	0.0999998	6.65133E-05	288.705354
5.1	1.93E-11	288.729899	0.0999998	6.5616E-05	288.729899
5	1.87E-11	288.754403	0.1	6.47202E-05	288.754403
4.9	1.83E-11	288.778946	0.1000001	6.38252E-05	288.778946
4.8	2.42E-11	288.836248	0.0999999	6.29365E-05	288.836248
4.7	1.88E-11	288.860764	0.0999998	6.2042E-05	288.860764
4.6	1.84E-11	288.885327	0.1	6.1148E-05	288.885327
4.5	1.71E-11	288.909865	0.1	6.02555E-05	288.909865
4.4	1.72E-11	288.93447	0.0999999	5.93642E-05	288.93447
4.3	1.61E-11	288.959076	0.1000001	5.84737E-05	288.959076
4.2	1.58E-11	288.983692	0.0999999	5.75838E-05	288.983692
4.1	1.51E-11	289.008229	0.0999998	5.66947E-05	289.008229
4	1.44E-11	289.032736	0.0999997	5.5806E-05	289.032736
3.9	1.44E-11	289.057269	0.1000001	5.49187E-05	289.057269
3.8	1.39E-11	289.081807	0.0999999	5.4031E-05	289.081807
3.7	1.29E-11	289.106337	0.1	5.31454E-05	289.106337
3.6	1.2E-11	289.130843	0.0999997	5.22601E-05	289.130843
3.5	1.2E-11	289.155392	0.1	5.13761E-05	289.155392
3.4	1.06E-11	289.179896	0.0999998	5.04925E-05	289.179896
3.3	1.03E-11	289.204438	0.0999999	4.9609E-05	289.204438
3.2	1E-11	289.228975	0.0999999	4.87275E-05	289.228975
3.1	9E-12	289.25349	0.1000001	4.78463E-05	289.25349
3	9E-12	289.278021	0.0999998	4.69647E-05	289.278021
2.9	1.45E-11	289.337483	0.0999998	4.60891E-05	289.337483
2.8	8.9E-12	289.362041	0.1000001	4.52088E-05	289.362041
2.7	7.7E-12	289.386567	0.1000001	4.43309E-05	289.386567
2.6	6.6E-12	289.411104	0.1	4.34532E-05	289.411104
2.5	6E-12	289.435715	0.1	4.25771E-05	289.435715
2.4	4.9E-12	289.460317	0.0999998	4.17006E-05	289.460317
2.3	3.8E-12	289.484842	0.1000002	4.08254E-05	289.484842
2.2	2.6E-12	289.509362	0.1000001	3.99515E-05	289.509362
2.099999	4.9E-12	289.535787	0.0999999	3.90805E-05	289.535787
2	1.1E-12	289.56032	0.0999999	3.82083E-05	289.56032
1.9	1E-13	289.584877	0.0999998	3.73375E-05	289.584877
1.8	-1.2E-12	289.609415	0.1000001	3.6467E-05	289.609415
1.7	-2.2E-12	289.633983	0.0999999	3.55975E-05	289.633983
1.6	-3.7E-12	289.658522	0.0999999	3.47299E-05	289.658522
1.5	-4.7E-12	289.683098	0.1	3.3863E-05	289.683098
1.4	-6.4E-12	289.707601	0.0999998	3.29984E-05	289.707601
1.3	-7.3E-12	289.732114	0.0999999	3.21343E-05	289.732114
1.2	-9.2E-12	289.756621	0.0999997	3.12721E-05	289.756621
1.1	-1.02E-11	289.781163	0.0999999	3.04115E-05	289.781163
1	-5.4E-12	289.838718	0.1000001	2.95575E-05	289.838718
0.9	-1.2E-11	289.863234	0.1	2.86998E-05	289.863234
0.8	-1.41E-11	289.887748	0.1	2.78456E-05	289.887748
0.7	-1.66E-11	289.912277	0.0999998	2.69934E-05	289.912277
0.6	-1.85E-11	289.936851	0.0999998	2.61445E-05	289.936851
0.5	-2.05E-11	289.961451	0.0999999	2.53005E-05	289.961451
0.4	-2.31E-11	289.985954	0.1	2.44594E-05	289.985954
0.3	-2.51E-11	290.010481	0.1	2.36235E-05	290.010481
0.1999998	-2.41E-11	290.036878	0.0999999	2.27927E-05	290.036878
0.0999995	-2.98E-11	290.061383	0.1	2.19659E-05	290.061383
-6E-07	-3.27E-11	290.085907	0.0999997	2.11437E-05	290.085907
#scan	iMeasureCycle=3	iMux=0	time=319.844	N=401	LocalTime=20/04/2023 06:49:02
#VGate(V)	IGate(A)	time(s)	VDrain(V)	IDrain(A)	time(s)
-2E-07	-1.16E-11	319.85172	0.0999998	2.13532E-05	319.85172
-0.1000002	-1.91E-11	319.876651	0.1	2.05259E-05	319.876651
-0.1999999	-2.07E-11	319.902256	0.1000001	1.97037E-05	319.902256
-0.3	-2.61E-11	319.926982	0.0999999	1.88845E-05	319.926982
-0.4	-2.89E-11	319.951516	0.1000001	1.80704E-05	319.951516
-0.5	-3.12E-11	319.976154	0.0999998	1.72603E-05	319.976154
-0.6	-3.31E-11	320.000801	0.0999999	1.64529E-05	320.000801
-0.7	-3.59E-11	320.02531	0.0999999	1.56511E-05	320.02531
-0.8	-3.73E-11	320.049825	0.0999999	1.48537E-05	320.049825
-0.9	-3.87E-11	320.074412	0.0999999	1.40615E-05	320.074412
-1	-3.98E-11	320.098929	0.1	1.32748E-05	320.098929
-1.1	-4.12E-11	320.123465	0.0999995	1.24947E-05	320.123465
-1.2	-4.22E-11	320.147978	0.0999998	1.17219E-05	320.147978
-1.3	-4.33E-11	320.172478	0.1	1.09586E-05	320.172478
-1.4	-4.4E-11	320.196998	0.1	1.02047E-05	320.196998
-1.5	-4.46E-11	320.221506	0.1	9.4615E-06	320.221506
-1.6	-4.17E-11	320.248648	0.0999999	8.73486E-06	320.248648
-1.7	-4.6E-11	320.273152	0.0999999	8.01736E-06	320.273152
-1.8	-4.67E-11	320.297683	0.1	7.31702E-06	320.297683
-1.9	-4.76E-11	320.322184	0.0999998	6.63558E-06	320.322184
-2	-4.81E-11	320.346708	0.1	5.97457E-06	320.346708
-2.1	-4.86E-11	320.371218	0.1000001	5.33716E-06	320.371218
-2.2	-4.27E-11	320.418933	0.1000001	4.72887E-06	320.418933
-2.3	-4.85E-11	320.44366	0.1	4.14594E-06	320.44366
-2.4	-4.88E-11	320.468203	0.0999999	3.59607E-06	320.468203
-2.5	-5E-11	320.492766	0.1	3.08069E-06	320.492766
-2.6	-5.05E-11	320.517332	0.0999999	2.60362E-06	320.517332
-2.7	-5.09E-11	320.541881	0.0999997	2.16687E-06	320.541881
-2.8	-5.16E-11	320.566392	0.0999999	1.77131E-06	320.566392
-2.9	-5.21E-11	320.590901	0.0999999	1.41781E-06	320.590901
-3	-5.24E-11	320.61544	0.1	1.10767E-06	320.61544
-3.1	-4.9E-11	320.642764	0.0999997	8.4211E-07	320.642764
-3.2	-5.3E-11	320.667299	0.0999998	6.17642E-07	320.667299
-3.3	-5.32E-11	320.691807	0.0999996	4.3466E-07	320.691807
-3.4	-5.32E-11	320.716362	0.0999997	2.9098E-07	320.716362
-3.5	-5.44E-11	320.740926	0.0999998	1.83542E-07	320.740926
-3.6	-5.43E-11	320.765438	0.0999998	1.07821E-07	320.765438
-3.7	-4.92E-11	320.803095	0.0999966	5.90898E-08	320.803095
-3.8	-6.88E-11	320.826306	0.1000073	2.88314E-08	320.826306
-3.9	-6.98E-11	320.849508	0.1000033	1.27089E-08	320.849508
-4	-6.85E-11	320.872787	0.1000016	4.9908E-09	320.872787
-4.1	-4.89E-11	320.91896	0.0999999	1.7896E-09	320.91896
-4.2	-6.74E-11	320.942268	0.1000005	5.287E-10	320.942268
-4.3	-7.03E-11	320.965474	0.1000004	1.311E-10	320.965474
-4.4	-7.08E-11	320.988695	0.1000003	2.3E-11	320.988695
-4.5	-7.11E-11	321.011966	0.1000002	6E-13	321.011966
-4.6	-6.98E-11	321.035256	0.1000002	-3.2E-12	321.035256
-4.7	-7.05E-11	321.058546	0.1000002	-4E-12	321.058546
-4.8	-7.23E-11	321.081816	0.1000003	-4E-12	321.081816
-4.9	-7.24E-11	321.105036	0.1000002	-3.8E-12	321.105036
-5	-7.15E-11	321.128337	0.1000004	-4.7E-12	321.128337
-5.1	-7.28E-11	321.151554	0.1000003	-4.2E-12	321.151554
-5.2	-7.36E-11	321.17477	0.1000002	-4E-12	321.17477
-5.3	-7.36E-11	321.197989	0.1000002	-4.2E-12	321.197989
-5.4	-7.31E-11	321.221272	0.1000002	-4.4E-12	321.221272
-5.5	-7.25E-11	321.244555	0.1000003	-4.3E-12	321.244555
-5.6	-7.44E-11	321.267783	0.1000004	-3.8E-12	321.267783
-5.7	-7.49E-11	321.290988	0.1000002	-4E-12	321.290988
-5.8	-7.36E-11	321.314271	0.1000002	-3.9E-12	321.314271
-5.9	-7.36E-11	321.337556	0.1000002	-3.9E-12	321.337556
-6	-7.58E-11	321.360764	0.1000002	-3.7E-12	321.360764
-6.1	-5.47E-11	321.417796	0.1000002	-5.4E-12	321.417796
-6.2	-7.46E-11	321.441034	0.1000003	-4.2E-12	321.441034
-6.3	-7.46E-11	321.464256	0.1000003	-4E-12	321.464256
-6.4	-7.34E-11	321.487538	0.1	-4.2E-12	321.487538
-6.5	-7.33E-11	321.510887	0.1000002	-4.2E-12	321.510887
-6.6	-7.53E-11	321.534098	0.1000004	-4.4E-12	321.534098
-6.7	-7.6E-11	321.557314	0.1000001	-4.1E-12	321.557314
-6.8	-7.51E-11	321.580599	0.1000001	-4E-12	321.580599
-6.9	-7.36E-11	321.603952	0.1000003	-4.1E-12	321.603952
-7	-7.67E-11	321.62719	0.1000004	-4E-12	321.62719
-7.1	-7.75E-11	321.650402	0.1000002	-4.1E-12	321.650402
-7.2	-7.55E-11	321.67369	0.1000003	-4.2E-12	321.67369
-7.3	-7.77E-11	321.696909	0.1000004	-3.9E-12	321.696909
-7.4	-7.77E-11	321.720132	0.1000005	-3.8E-12	321.720132
-7.5	-7.78E-11	321.743338	0.1000003	-3.8E-12	321.743338
-7.6	-7.65E-11	321.766685	0.1000004	-4E-12	321.766685
-7.7	-7.64E-11	321.789991	0.1000004	-3.8E-12	321.789991
-7.8	-7.84E-11	321.813211	0.1000002	-3.3E-12	321.813211
-7.9	-7.9E-11	321.836421	0.1000002	-3.6E-12	321.836421
-8	-7.7E-11	321.859713	0.1000003	-3.7E-12	321.859713
-8.1	-5.74E-11	321.919095	0.1000001	-5.2E-12	321.919095
-8.2	-7.67E-11	321.942402	0.1000002	-3.3E-12	321.942402
-8.3	-7.83E-11	321.965624	0.1000004	-3.2E-12	321.965624
-8.4	-7.58E-11	321.988954	0.1000002	-3.6E-12	321.988954
-8.5	-7.87E-11	322.01222	0.1000002	-3.4E-12	322.01222
-8.6	-7.88E-11	322.035437	0.1000002	-3.4E-12	322.035437
-8.7	-7.79E-11	322.058731	0.1000002	-3.6E-12	322.058731
-8.8	-7.84E-11	322.082007	0.1000003	-3.5E-12	322.082007
-8.9	-7.97E-11	322.105275	0.1000002	-3.5E-12	322.105275
-9	-7.99E-11	322.128522	0.1000002	-3.1E-12	322.128522
-9.1	-8.02E-11	322.151733	0.1000002	-3.4E-12	322.151733
-9.2	-7.88E-11	322.175029	0.1000001	-3.7E-12	322.175029
-9.3	-7.82E-11	322.198319	0.1000002	-3.4E-12	322.198319
-9.4	-7.97E-11	322.221544	0.1000005	-3.2E-12	322.221544
-9.5	-8.02E-11	322.244751	0.1000003	-3.5E-12	322.244751
-9.6	-7.89E-11	322.268037	0.1000002	-3.3E-12	322.268037
-9.7	-7.87E-11	322.291323	0.1000003	-3.8E-12	322.291323
-9.8	-8.08E-11	322.314554	0.1000003	-3.2E-12	322.314554
-9.9	-8.11E-11	322.337764	0.1000002	-3.2E-12	322.337764
-10	-7.96E-11	322.361059	0.1000003	-3.9E-12	322.361059
-9.90001	-5.54E-11	322.416213	0.1000001	-5.5E-12	322.416213
-9.80001	-3.46E-11	322.439494	0.1	-6.7E-12	322.439494
-9.70001	-3.22E-11	322.462781	0.0999999	-7.2E-12	322.462781
-9.60001	-3.06E-11	322.48599	0.0999998	-7.3E-12	322.48599
-9.50001	-3.19E-11	322.509376	0.0999998	-7.3E-12	322.509376
-9.40001	-2.87E-11	322.532593	0.0999999	-7.4E-12	322.532593
-9.30001	-2.73E-11	322.555815	0.0999997	-7.4E-12	322.555815
-9.20001	-2.85E-11	322.579116	0.1	-7.5E-12	322.579116
-9.10001	-2.71E-11	322.602407	0.1000001	-7.8E-12	322.602407
-9.00001	-2.45E-11	322.625642	0.0999999	-7.6E-12	322.625642
-8.90001	-2.39E-11	322.648852	0.1	-7.9E-12	322.648852
-8.80001	-2.49E-11	322.672153	0.0999998	-8.1E-12	322.672153
-8.70001	-2.44E-11	322.695434	0.0999999	-7.4E-12	322.695434
-8.60001	-2.29E-11	322.718731	0.1	-7.3E-12	322.718731
-8.50001	-2.35E-11	322.742021	0.1	-7.2E-12	322.742021
-8.40001	-2.27E-11	322.76536	0.1	-7.8E-12	322.76536
-8.30001	-2.29E-11	322.788653	0.0999998	-8.1E-12	322.788653
-8.20001	-2.02E-11	322.811874	0.0999998	-8.1E-12	322.811874
-8.10001	-2.01E-11	322.835121	0.0999999	-7.9E-12	322.835121
-8	-2.05E-11	322.858402	0.0999998	-8.1E-12	322.858402
-7.90001	-2.1E-11	322.881701	0.0999998	-7.7E-12	322.881701
-7.80001	-3.92E-11	322.922523	0.1000001	-6E-12	322.922523
-7.70001	-2.08E-11	322.945818	0.0999999	-7.6E-12	322.945818
-7.6	-1.84E-11	322.969089	0.0999998	-8E-12	322.969089
-7.50001	-1.8E-11	322.992309	0.0999999	-7.5E-12	322.992309
-7.40001	-1.9E-11	323.01566	0.0999997	-7.9E-12	323.01566
-7.30001	-1.88E-11	323.038949	0.0999998	-7.6E-12	323.038949
-7.2	-1.63E-11	323.062159	0.0999997	-8.1E-12	323.062159
-7.10001	-1.58E-11	323.085375	0.0999998	-8.1E-12	323.085375
-7.00001	-1.71E-11	323.108802	0.0999998	-7.6E-12	323.108802
-6.90001	-1.54E-11	323.13204	0.0999998	-7.9E-12	323.13204
-6.80001	-1.44E-11	323.155258	0.0999998	-8.4E-12	323.155258
-6.70001	-1.63E-11	323.178557	0.0999999	-8E-12	323.178557
-6.60001	-1.52E-11	323.20184	0.1	-7.8E-12	323.20184
-6.50001	-1.34E-11	323.225047	0.0999998	-7.7E-12	323.225047
-6.40001	-1.34E-11	323.24826	0.0999998	-8.4E-12	323.24826
-6.30001	-1.22E-11	323.271476	0.0999999	-8.4E-12	323.271476
-6.20001	-1.39E-11	323.294759	0.0999997	-7.8E-12	323.294759
-6.10001	-1.39E-11	323.318045	0.0999997	-8E-12	323.318045
-6.00001	-1.12E-11	323.341258	0.0999998	-8.1E-12	323.341258
-5.90001	-1.12E-11	323.364468	0.0999998	-8.1E-12	323.364468
-5.80001	-3.04E-11	323.414845	0.1000001	-6.9E-12	323.414845
-5.70001	-1.37E-11	323.438199	0.0999999	-8.2E-12	323.438199
-5.60001	-1.07E-11	323.461412	0.0999997	-8.5E-12	323.461412
-5.50001	-1.01E-11	323.484625	0.0999998	-8.2E-12	323.484625
-5.40001	-1.01E-11	323.510001	0.0999998	-8.3E-12	323.510001
-5.30001	-1.15E-11	323.533312	0.1	-7.9E-12	323.533312
-5.20001	-9E-12	323.556525	0.0999999	-8.4E-12	323.556525
-5.1	-1E-11	323.579814	0.0999997	-8.7E-12	323.579814
-5.00001	-9.6E-12	323.603092	0.0999999	-8.1E-12	323.603092
-4.90001	-7.7E-12	323.626329	0.1	-8.7E-12	323.626329
-4.80001	-7.5E-12	323.649543	0.0999997	-8.7E-12	323.649543
-4.7	-6.7E-12	323.672746	0.0999998	-8.7E-12	323.672746
-4.60001	-7.9E-12	323.696035	0.0999999	-6.4E-12	323.696035
-4.50001	-7.9E-12	323.719336	0.0999998	2.9E-12	323.719336
-4.40001	-5.2E-12	323.742541	0.0999999	5.14E-11	323.742541
-4.3	-4.5E-12	323.765802	0.0999998	2.468E-10	323.765802
-4.20001	-5.8E-12	323.789092	0.0999998	9.043E-10	323.789092
-4.10001	-3.9E-12	323.812314	0.1000003	2.7726E-09	323.812314
-4.00001	-3E-12	323.835536	0.1000004	7.4422E-09	323.835536
-3.90001	-4.1E-12	323.858824	0.1000016	1.77771E-08	323.858824
-3.80001	-3.3E-12	323.882107	0.100001	3.79679E-08	323.882107
-3.70001	-2.2E-11	323.924832	0.1000051	7.24198E-08	323.924832
-3.60001	-2.33E-11	323.964319	0.1000001	1.28554E-07	323.964319
-3.50001	-1.8E-11	323.988838	0.1000003	2.13777E-07	323.988838
-3.40001	-1.69E-11	324.013407	0.1000004	3.31044E-07	324.013407
-3.30001	-1.59E-11	324.037987	0.1000005	4.84146E-07	324.037987
-3.20001	-1.5E-11	324.062486	0.1000003	6.76823E-07	324.062486
-3.10001	-1.46E-11	324.087005	0.1000006	9.10501E-07	324.087005
-3.00001	-1.89E-11	324.121798	0.1000001	1.1827E-06	324.121798
-2.90001	-1.43E-11	324.146315	0.1	1.50306E-06	324.146315
-2.80001	-1.33E-11	324.170842	0.1	1.86475E-06	324.170842
-2.70001	-1.24E-11	324.195371	0.1000001	2.26836E-06	324.195371
-2.60001	-1.18E-11	324.219905	0.1000001	2.71247E-06	324.219905
-2.50001	-1.08E-11	324.244417	0.1000002	3.19536E-06	324.244417
-2.40001	-1.03E-11	324.268932	0.1	3.71506E-06	324.268932
-2.30001	-9.4E-12	324.293449	0.1000001	4.26858E-06	324.293449
-2.20001	-9E-12	324.317964	0.1	4.85321E-06	324.317964
-2.1	-1.11E-11	324.344385	0.1000002	5.46723E-06	324.344385
-2.000001	-7.3E-12	324.368906	0.1	6.10706E-06	324.368906
-1.900001	-1.34E-11	324.430485	0.1	6.7593E-06	324.430485
-1.800001	-7.4E-12	324.455085	0.1000001	7.44518E-06	324.455085
-1.7	-6.4E-12	324.479595	0.1	8.14709E-06	324.479595
-1.600001	-5.1E-12	324.504098	0.1000002	8.86471E-06	324.504098
-1.5	-3.9E-12	324.528673	0.1000002	9.59564E-06	324.528673
-1.4	-2.3E-12	324.553209	0.1	1.033876E-05	324.553209
-1.300001	-6.5E-12	324.587852	0.1	1.10855E-05	324.587852
-1.200001	-8E-13	324.612375	0.1	1.18494E-05	324.612375
-1.100001	5E-13	324.636923	0.1000001	1.26215E-05	324.636923
-1	1.7E-12	324.661487	0.1	1.33995E-05	324.661487
-0.900001	3.3E-12	324.685999	0.1	1.4185E-05	324.685999
-0.8	4.6E-12	324.710557	0.1	1.49754E-05	324.710557
-0.700001	5.9E-12	324.73506	0.0999999	1.57707E-05	324.73506
-0.6	7.1E-12	324.759603	0.1	1.6571E-05	324.759603
-0.500001	8.6E-12	324.784163	0.1	1.73759E-05	324.784163
-0.400001	9.9E-12	324.808687	0.1000002	1.81844E-05	324.808687
-0.3	1.13E-11	324.833216	0.0999999	1.89963E-05	324.833216
-0.1999999	1.01E-11	324.85964	0.1000001	1.98113E-05	324.85964
-0.0999997	1.48E-11	324.884138	0.0999999	2.06307E-05	324.884138
0	1.07E-11	324.932541	0.1000001	2.14492E-05	324.932541
0.1000003	1.7E-11	324.957086	0.1000001	2.22789E-05	324.957086
0.2000002	1.96E-11	324.981597	0.1	2.31129E-05	324.981597
0.299999	2.14E-11	325.006345	0.1	2.3951E-05	325.006345
0.4	2.33E-11	325.031006	0.1	2.47936E-05	325.031006
0.5	2.59E-11	325.055509	0.1	2.56405E-05	325.055509
0.599999	2.74E-11	325.080043	0.1000001	2.64905E-05	325.080043
0.7	2.99E-11	325.104599	0.1000002	2.73451E-05	325.104599
0.799999	3.09E-11	325.129236	0.1	2.82007E-05	325.129236
0.9	3.29E-11	325.15374	0.1000001	2.90597E-05	325.15374
0.999999	3.5E-11	325.178268	0.0999999	2.99209E-05	325.178268
1.1	3.67E-11	325.202771	0.1000001	3.07841E-05	325.202771
1.2	3.85E-11	325.227296	0.1	3.1649E-05	325.227296
1.3	4.03E-11	325.251793	0.1000001	3.25142E-05	325.251793
1.4	4.09E-11	325.276339	0.1	3.33819E-05	325.276339
1.5	4.23E-11	325.30086	0.1	3.42506E-05	325.30086
1.599999	4.36E-11	325.325359	0.1000001	3.51199E-05	325.325359
1.699999	4.44E-11	325.349886	0.1	3.59914E-05	325.349886
1.8	4.53E-11	325.374416	0.0999999	3.68623E-05	325.374416
1.899999	3.93E-11	325.42922	0.1000001	3.77297E-05	325.42922
2	4.47E-11	325.453807	0.1000001	3.86042E-05	325.453807
2.099999	4.58E-11	325.478321	0.1000001	3.94778E-05	325.478321
2.19999	4.7E-11	325.503029	0.0999998	4.03513E-05	325.503029
2.29999	4.75E-11	325.527624	0.1000001	4.12265E-05	325.527624
2.39999	4.84E-11	325.552141	0.1000001	4.21023E-05	325.552141
2.49999	4.87E-11	325.576649	0.1000001	4.2979E-05	325.576649
2.59999	4.95E-11	325.601151	0.1	4.38557E-05	325.601151
2.69999	4.93E-11	325.625789	0.1	4.47336E-05	325.625789
2.79999	5.03E-11	325.650319	0.1000001	4.56102E-05	325.650319
2.89999	5.1E-11	325.674853	0.0999999	4.64873E-05	325.674853
2.99999	5.15E-11	325.699374	0.1000001	4.73666E-05	325.699374
3.09999	5.14E-11	325.723878	0.0999999	4.82449E-05	325.723878
3.19999	5.18E-11	325.748479	0.1000001	4.91231E-05	325.748479
3.29999	5.26E-11	325.773044	0.1000001	5.00021E-05	325.773044
3.39999	5.24E-11	325.797564	0.0999998	5.0882E-05	325.797564
3.49999	5.27E-11	325.822106	0.1000003	5.17622E-05	325.822106
3.59999	5.3E-11	325.846639	0.1000001	5.26421E-05	325.846639
3.69999	5.32E-11	325.87114	0.1	5.35215E-05	325.87114
3.79999	4.7E-11	325.932694	0.1000001	5.43929E-05	325.932694
3.89999	5.17E-11	325.957201	0.1000001	5.52772E-05	325.957201
3.99999	5.2E-11	325.981728	0.1000002	5.61609E-05	325.981728
4.09999	5.27E-11	326.006236	0.1000002	5.70434E-05	326.006236
4.19999	5.3E-11	326.030824	0.1000001	5.7928E-05	326.030824
4.29999	5.32E-11	326.05546	0.1000002	5.8812E-05	326.05546
4.39999	5.39E-11	326.079976	0.1000002	5.96959E-05	326.079976
4.49999	5.42E-11	326.10451	0.1000002	6.05808E-05	326.10451
4.59999	5.45E-11	326.129027	0.1000001	6.14667E-05	326.129027
4.69999	5.46E-11	326.153552	0.1000001	6.23521E-05	326.153552
4.79999	5.48E-11	326.178064	0.1000003	6.32383E-05	326.178064
4.89999	5.52E-11	326.202608	0.1000003	6.4125E-05	326.202608
4.99999	5.52E-11	326.227124	0.1000001	6.50132E-05	326.227124
5.09999	5.56E-11	326.251663	0.0999999	6.59025E-05	326.251663
5.19999	5.61E-11	326.276193	0.1000001	6.67905E-05	326.276193
5.29999	5.62E-11	326.300698	0.1000003	6.76802E-05	326.300698
5.39999	5.64E-11	326.325238	0.1000001	6.85712E-05	326.325238
5.49999	5.62E-11	326.34979	0.1000001	6.94622E-05	326.34979
5.59999	5.65E-11	326.374307	0.1000002	7.03552E-05	326.374307
5.69999	5.02E-11	326.434144	0.1	7.12375E-05	326.434144
5.79999	5.55E-11	326.458749	0.1000002	7.21338E-05	326.458749
5.89999	5.62E-11	326.483318	0.1	7.30304E-05	326.483318
5.99999	5.67E-11	326.507828	0.1000001	7.39266E-05	326.507828
6.09999	5.71E-11	326.532409	0.1000002	7.48234E-05	326.532409
6.19999	5.71E-11	326.556949	0.1	7.572E-05	326.556949
6.29999	5.75E-11	326.581478	0.1000001	7.66175E-05	326.581478
6.39999	5.74E-11	326.605993	0.1000001	7.75162E-05	326.605993
6.49999	5.79E-11	326.63051	0.1000001	7.84155E-05	326.63051
6.59999	5.78E-11	326.655263	0.1000002	7.93139E-05	326.655263
6.69999	5.85E-11	326.67978	0.0999997	8.02161E-05	326.67978
6.79999	5.85E-11	326.704299	0.1	8.11183E-05	326.704299
6.89999	5.78E-11	326.728795	0.1000001	8.2019E-05	326.728795
6.99999	5.83E-11	326.753324	0.1	8.29223E-05	326.753324
7.09999	5.84E-11	326.777891	0.1000001	8.38271E-05	326.777891
7.19999	5.84E-11	326.802411	0.1000001	8.47326E-05	326.802411
7.29999	5.93E-11	326.826915	0.1000003	8.5639E-05	326.826915
7.39999	5.88E-11	326.851439	0.1000001	8.65445E-05	326.851439
7.49999	5.92E-11	326.87597	0.1000002	8.74522E-05	326.87597
7.59999	5.28E-11	326.931348	0.1	8.83541E-05	326.931348
7.69999	5.81E-11	326.955866	0.0999997	8.92644E-05	326.955866
7.79999	5.84E-11	326.980424	0.1	9.01751E-05	326.980424
7.89999	5.92E-11	327.00493	0.0999998	9.10868E-05	327.00493
7.99999	5.9E-11	327.029543	0.1000001	9.19987E-05	327.029543
8.09999	5.98E-11	327.054056	0.1000003	9.2911E-05	327.054056
8.19999	5.95E-11	327.078596	0.1000001	9.38246E-05	327.078596
8.29999	6.03E-11	327.103105	0.0999998	9.47405E-05	327.103105
8.39999	6.05E-11	327.127695	0.0999999	9.56552E-05	327.127695
8.49999	6.08E-11	327.152256	0.1	9.65708E-05	327.152256
8.59999	6E-11	327.176827	0.1	9.74888E-05	327.176827
8.69999	6.12E-11	327.201369	0.1000003	9.84069E-05	327.201369
8.79999	6.06E-11	327.225943	0.1	9.93257E-05	327.225943
8.89999	6.09E-11	327.250462	0.1000002	0.0001002457	327.250462
8.99999	6.08E-11	327.275005	0.0999998	0.0001011657	327.275005
9.09999	6.11E-11	327.299526	0.1000001	0.0001020879	327.299526
9.19999	6.1E-11	327.32406	0.1000003	0.0001030101	327.32406
9.29999	6.14E-11	327.348563	0.1000002	0.0001039286	327.348563
9.39999	6.09E-11	327.373139	0.1	0.0001048549	327.373139
9.49999	5.44E-11	327.440877	0.0999999	0.000105744	327.440877
9.59999	5.97E-11	327.465431	0.0999999	0.000106677	327.465431
9.69999	6.01E-11	327.489972	0.1	0.000107605	327.489972
9.79999	6E-11	327.514637	0.1	0.000108533	327.514637
9.89999	6.11E-11	327.53924	0.1000001	0.000109466	327.53924
9.99999	6.13E-11	327.563795	0.0999999	0.000110396	327.563795
9.9	4.8E-11	327.588378	0.1000001	0.000109449	327.588378
9.8	4.53E-11	327.612893	0.1000001	0.000108513	327.612893
9.7	4.28E-11	327.637429	0.1	0.000107578	327.637429
9.6	4.09E-11	327.661946	0.1000002	0.000106641	327.661946
9.5	3.98E-11	327.686468	0.1000001	0.000105709	327.686468
9.4	3.89E-11	327.710978	0.0999999	0.000104778	327.710978
9.3	3.8E-11	327.73549	0.1	0.000103847	327.73549
9.2	3.67E-11	327.760093	0.0999999	0.000102919	327.760093
9.1	3.54E-11	327.784681	0.1	0.000101988	327.784681
9	3.52E-11	327.809217	0.1	0.000101062	327.809217
8.9	3.46E-11	327.833723	0.1	0.000100141	327.833723
8.8	3.43E-11	327.858255	0.1	9.9213E-05	327.858255
8.7	3.35E-11	327.882776	0.1000001	9.8285E-05	327.882776
8.6	3.93E-11	327.941453	0.0999999	9.7363E-05	327.941453
8.5	3.4E-11	327.965976	0.0999998	9.6436E-05	327.965976
8.4	3.28E-11	327.990525	0.1	9.5512E-05	327.990525
8.3	3.18E-11	328.015044	0.1000001	9.4591E-05	328.015044
8.2	3.14E-11	328.039656	0.1000001	9.3667E-05	328.039656
8.1	2.99E-11	328.064163	0.1	9.2746E-05	328.064163
8	3.05E-11	328.088691	0.1	9.1827E-05	328.088691
7.9	2.97E-11	328.11327	0.1	9.0911E-05	328.11327
7.8	2.91E-11	328.137823	0.1000001	8.9991E-05	328.137823
7.7	3.29E-11	328.165713	0.1000001	8.91052E-05	328.165713
7.6	2.93E-11	328.190269	0.0999998	8.81891E-05	328.190269
7.5	2.8E-11	328.214838	0.1	8.72732E-05	328.214838
7.4	2.77E-11	328.239342	0.0999999	8.63586E-05	328.239342
7.3	2.7E-11	328.263869	0.1	8.54447E-05	328.263869
7.2	2.65E-11	328.288419	0.1000001	8.4533E-05	328.288419
7.1	2.63E-11	328.312936	0.1000001	8.362E-05	328.312936
7	2.59E-11	328.337437	0.0999999	8.27086E-05	328.337437
6.9	2.55E-11	328.361953	0.0999997	8.17994E-05	328.361953
6.8	2.52E-11	328.386482	0.0999999	8.08907E-05	328.386482
6.7	3.11E-11	328.443062	0.0999999	7.9988E-05	328.443062
6.6	2.57E-11	328.467743	0.1000001	7.90803E-05	328.467743
6.5	2.52E-11	328.492268	0.1000001	7.81712E-05	328.492268
6.4	2.43E-11	328.516767	0.1000001	7.7264E-05	328.516767
6.3	2.42E-11	328.541351	0.0999998	7.63586E-05	328.541351
6.2	2.35E-11	328.565862	0.0999998	7.54539E-05	328.565862
6.1	2.29E-11	328.590385	0.1000001	7.45493E-05	328.590385
6	2.24E-11	328.61489	0.1000001	7.36455E-05	328.61489
5.9	2.23E-11	328.639459	0.1	7.27433E-05	328.639459
5.8	2.19E-11	328.66397	0.0999999	7.18417E-05	328.66397
5.7	2.11E-11	328.688481	0.1000001	7.09399E-05	328.688481
5.6	2.08E-11	328.713012	0.0999997	7.00395E-05	328.713012
5.5	2.07E-11	328.737557	0.0999997	6.91399E-05	328.737557
5.4	2.03E-11	328.762082	0.0999998	6.82419E-05	328.762082
5.3	1.99E-11	328.786638	0.1000002	6.73432E-05	328.786638
5.2	1.93E-11	328.811182	0.1	6.64451E-05	328.811182
5.1	1.91E-11	328.835686	0.0999998	6.55475E-05	328.835686
5	1.87E-11	328.860229	0.0999999	6.46532E-05	328.860229
4.9	1.83E-11	328.884734	0.1	6.37571E-05	328.884734
4.8	2.41E-11	328.941988	0.0999998	6.28689E-05	328.941988
4.7	1.87E-11	328.966517	0.0999999	6.19744E-05	328.966517
4.6	1.79E-11	328.991089	0.0999998	6.10802E-05	328.991089
4.5	1.73E-11	329.015623	0.1	6.01876E-05	329.015623
4.4	1.71E-11	329.040207	0.1	5.92963E-05	329.040207
4.3	1.61E-11	329.064755	0.0999999	5.84058E-05	329.064755
4.2	1.46E-11	329.089261	0.0999999	5.75161E-05	329.089261
4.1	1.47E-11	329.113831	0.0999999	5.66264E-05	329.113831
4	1.42E-11	329.138602	0.0999997	5.57389E-05	329.138602
3.9	1.35E-11	329.163102	0.1	5.4851E-05	329.163102
3.8	1.34E-11	329.187667	0.0999998	5.39645E-05	329.187667
3.7	1.24E-11	329.212208	0.1000001	5.30789E-05	329.212208
3.6	1.16E-11	329.236722	0.1	5.21939E-05	329.236722
3.5	1.13E-11	329.261222	0.1	5.13084E-05	329.261222
3.4	1.11E-11	329.285745	0.1	5.04247E-05	329.285745
3.3	1.03E-11	329.310281	0.0999998	4.95422E-05	329.310281
3.2	9.6E-12	329.334796	0.0999999	4.86603E-05	329.334796
3.1	8.8E-12	329.359333	0.0999998	4.77786E-05	329.359333
3	8.3E-12	329.383894	0.0999998	4.68978E-05	329.383894
2.9	1.37E-11	329.44328	0.1	4.60229E-05	329.44328
2.8	9E-12	329.467895	0.0999999	4.51435E-05	329.467895
2.7	7.3E-12	329.492542	0.1000001	4.42644E-05	329.492542
2.6	6.3E-12	329.517071	0.0999998	4.33868E-05	329.517071
2.5	5.4E-12	329.541675	0.0999999	4.25097E-05	329.541675
2.4	4.6E-12	329.566211	0.1	4.16334E-05	329.566211
2.3	3.5E-12	329.590737	0.0999998	4.07586E-05	329.590737
2.2	2.3E-12	329.615261	0.1000001	3.98842E-05	329.615261
2.099999	5.1E-12	329.641908	0.0999999	3.90131E-05	329.641908
2	7E-13	329.666418	0.0999999	3.81411E-05	329.666418
1.9	-6E-13	329.690918	0.1000001	3.72703E-05	329.690918
1.8	-1.5E-12	329.71546	0.0999998	3.63999E-05	329.71546
1.7	-2.7E-12	329.739961	0.1	3.55309E-05	329.739961
1.6	-4.1E-12	329.764477	0.0999998	3.46631E-05	329.764477
1.5	-4.8E-12	329.789098	0.1	3.3797E-05	329.789098
1.4	-6.7E-12	329.813615	0.0999999	3.2931E-05	329.813615
1.3	-7.8E-12	329.83814	0.0999999	3.20675E-05	329.83814
1.2	-9.4E-12	329.862654	0.1	3.12056E-05	329.862654
1.1	-1.05E-11	329.887187	0.0999998	3.03453E-05	329.887187
1	-6.3E-12	329.940901	0.1	2.94914E-05	329.940901
0.9	-1.26E-11	329.965442	0.0999999	2.86337E-05	329.965442
0.8	-1.46E-11	329.989954	0.0999999	2.77795E-05	329.989954
0.7	-1.7E-11	330.014485	0.0999999	2.69282E-05	330.014485
0.6	-1.91E-11	330.039043	0.0999998	2.60796E-05	330.039043
0.5	-2.12E-11	330.063545	0.1000001	2.52357E-05	330.063545
0.4	-2.37E-11	330.088055	0.1	2.43953E-05	330.088055
0.3	-2.57E-11	330.112579	0.0999999	2.35592E-05	330.112579
0.2	-2.48E-11	330.139151	0.1000001	2.27283E-05	330.139151
0.0999994	-3E-11	330.163689	0.0999998	2.19024E-05	330.163689
-4E-07	-3.26E-11	330.188174	0.1000002	2.10812E-05	330.188174
