#scan	iMeasureCycle=1	iMux=0	time=0.03	N=401	LocalTime=19/04/2023 16:19:37
#VGate(V)	IGate(A)	time(s)	VDrain(V)	IDrain(A)	time(s)
0	-1.635E-10	0.032877	0.1	3.26122E-06	0.032877
-0.1000004	-2.223E-10	0.057738	0.0999999	2.69978E-06	0.057738
-0.2000004	-2.706E-10	0.082248	0.0999997	2.17811E-06	0.082248
-0.300001	-2.025E-10	0.106967	0.1000002	1.70203E-06	0.106967
-0.4	-1.165E-10	0.131509	0.0999998	1.27908E-06	0.131509
-0.5	-9.13E-11	0.15606	0.1000001	9.1594E-07	0.15606
-0.6	-7.26E-11	0.183468	0.0999995	6.19178E-07	0.183468
-0.7	-6.93E-11	0.208028	0.0999995	3.87194E-07	0.208028
-0.8	-6.54E-11	0.232538	0.0999995	2.20759E-07	0.232538
-0.9	-6.27E-11	0.257055	0.0999997	1.12381E-07	0.257055
-0.999999	-5.28E-11	0.294789	0.0999952	5.10696E-08	0.294789
-1.100001	-7.05E-11	0.318082	0.1000027	1.933E-08	0.318082
-1.200001	-7.26E-11	0.341286	0.1000019	6.3258E-09	0.341286
-1.300001	-7.07E-11	0.364575	0.1000005	1.7848E-09	0.364575
-1.400001	-7.24E-11	0.38778	0.1000002	4.21E-10	0.38778
-1.500001	-6.99E-11	0.41111	0.1000002	7.35E-11	0.41111
-1.600001	-7.23E-11	0.434319	0.1000002	2.3E-12	0.434319
-1.7	-7.26E-11	0.457523	0.1000001	-8.2E-12	0.457523
-1.800001	-7.1E-11	0.480817	0.1000002	-1.03E-11	0.480817
-1.900001	-7.13E-11	0.504102	0.1000003	-9.9E-12	0.504102
-2.000001	-6.83E-11	0.527599	0.1000001	-1.02E-11	0.527599
-2.100001	-7.05E-11	0.550942	0.1000001	-1.04E-11	0.550942
-2.2	-5.14E-11	0.600259	0.0999999	-1.2E-11	0.600259
-2.3	-7.08E-11	0.623496	0.1000002	-1.01E-11	0.623496
-2.4	-7.23E-11	0.646719	0.1000001	-9.9E-12	0.646719
-2.5	-7.07E-11	0.670014	0.1000002	-1.03E-11	0.670014
-2.6	-7.09E-11	0.693362	0.0999999	-9.7E-12	0.693362
-2.7	-7.34E-11	0.716579	0.1	-9.3E-12	0.716579
-2.8	-7.43E-11	0.739788	0.1	-1.01E-11	0.739788
-2.9	-7.28E-11	0.763079	0.1000001	-9.7E-12	0.763079
-3	-7.49E-11	0.786382	0.1	-9.7E-12	0.786382
-3.1	-7.51E-11	0.8096	0.1000001	-9.5E-12	0.8096
-3.2	-7.58E-11	0.832816	0.1000001	-9.7E-12	0.832816
-3.3	-7.43E-11	0.856186	0.1	-9.7E-12	0.856186
-3.4	-7.66E-11	0.879397	0.1000001	-9.5E-12	0.879397
-3.5	-7.67E-11	0.902609	0.1000001	-9.6E-12	0.902609
-3.6	-7.68E-11	0.925823	0.1000003	-9.2E-12	0.925823
-3.7	-7.59E-11	0.949111	0.1000002	-9.2E-12	0.949111
-3.8	-7.56E-11	0.972408	0.1000002	-9.3E-12	0.972408
-3.9	-7.74E-11	0.995616	0.1	-9E-12	0.995616
-4	-7.78E-11	1.018838	0.1000001	-9E-12	1.018838
-4.1	-7.66E-11	1.042146	0.1000001	-9.1E-12	1.042146
-4.2	-5.78E-11	1.091825	0.0999998	-1.11E-11	1.091825
-4.3	-7.7E-11	1.115056	0.0999999	-9.4E-12	1.115056
-4.4	-7.58E-11	1.138355	0.1000001	-9.1E-12	1.138355
-4.5	-7.77E-11	1.161596	0.1000001	-8.7E-12	1.161596
-4.6	-7.83E-11	1.184891	0.1000001	-9.2E-12	1.184891
-4.7	-7.91E-11	1.20814	0.1000002	-9.6E-12	1.20814
-4.8	-7.79E-11	1.231432	0.0999998	-9.6E-12	1.231432
-4.9	-8E-11	1.254658	0.1000002	-8.5E-12	1.254658
-5	-8.03E-11	1.277872	0.1000003	-8.7E-12	1.277872
-5.1	-8.1E-11	1.301171	0.1000001	-8.8E-12	1.301171
-5.2	-7.89E-11	1.324468	0.1000001	-9.3E-12	1.324468
-5.3	-8.11E-11	1.347783	0.1000001	-9.1E-12	1.347783
-5.4	-8.12E-11	1.370998	0.1	-9.3E-12	1.370998
-5.5	-8.03E-11	1.394286	0.1	-9E-12	1.394286
-5.6	-8E-11	1.417563	0.1000002	-9E-12	1.417563
-5.7	-8.13E-11	1.440792	0.1000002	-9.1E-12	1.440792
-5.8	-8.21E-11	1.464006	0.1000001	-8.9E-12	1.464006
-5.9	-8.25E-11	1.487226	0.1000002	-8.7E-12	1.487226
-6	-8.11E-11	1.510519	0.1000002	-8.7E-12	1.510519
-6.1	-8.29E-11	1.533853	0.1000002	-8.7E-12	1.533853
-6.2	-8.3E-11	1.557079	0.1000001	-9.1E-12	1.557079
-6.3	-6.37E-11	1.593289	0.1000001	-1.08E-11	1.593289
-6.4	-8.05E-11	1.616592	0.1	-8.8E-12	1.616592
-6.5	-8.13E-11	1.639913	0.1	-9E-12	1.639913
-6.6	-8.27E-11	1.663116	0.1000001	-9E-12	1.663116
-6.7	-8.31E-11	1.686383	0.1000001	-8.9E-12	1.686383
-6.8	-8.15E-11	1.70968	0.1000001	-9E-12	1.70968
-6.9	-8.24E-11	1.732972	0.1000001	-9.3E-12	1.732972
-7	-8.39E-11	1.756193	0.1000001	-9.2E-12	1.756193
-7.1	-8.48E-11	1.7794	0.1000002	-8.8E-12	1.7794
-7.2	-8.42E-11	1.802715	0.1000001	-8.8E-12	1.802715
-7.3	-8.3E-11	1.826015	0.1	-9.3E-12	1.826015
-7.4	-8.47E-11	1.849223	0.1	-8.8E-12	1.849223
-7.5	-8.43E-11	1.87251	0.1000003	-8.8E-12	1.87251
-7.6	-8.34E-11	1.895803	0.1000001	-8.8E-12	1.895803
-7.7	-8.52E-11	1.919012	0.1000001	-8.8E-12	1.919012
-7.8	-8.54E-11	1.942237	0.1000002	-8.5E-12	1.942237
-7.9	-8.32E-11	1.965562	0.1	-8.7E-12	1.965562
-8	-8.53E-11	1.988791	0.1000001	-8.9E-12	1.988791
-8.1	-8.51E-11	2.012036	0.1000002	-9.3E-12	2.012036
-8.2	-8.6E-11	2.035279	0.1000002	-9E-12	2.035279
-8.3	-8.43E-11	2.05859	0.1000002	-9.3E-12	2.05859
-8.4	-6.56E-11	2.099062	0.1	-1.08E-11	2.099062
-8.5	-8.47E-11	2.122295	0.1	-8.6E-12	2.122295
-8.6	-8.52E-11	2.145527	0.1	-8.9E-12	2.145527
-8.7	-8.62E-11	2.168727	0.1000001	-8.6E-12	2.168727
-8.8	-8.44E-11	2.192106	0.1	-8.6E-12	2.192106
-8.9	-8.71E-11	2.215321	0.1	-8.6E-12	2.215321
-9	-8.72E-11	2.238544	0.1000001	-8.4E-12	2.238544
-9.1	-8.66E-11	2.261769	0.1000001	-8.7E-12	2.261769
-9.2	-8.48E-11	2.285049	0.1000001	-8.6E-12	2.285049
-9.3	-8.71E-11	2.308365	0.1000001	-8.5E-12	2.308365
-9.4	-8.79E-11	2.331665	0.1000003	-8.8E-12	2.331665
-9.5	-8.64E-11	2.354952	0.1000001	-8.5E-12	2.354952
-9.6	-8.62E-11	2.378238	0.1000001	-8.4E-12	2.378238
-9.7	-8.79E-11	2.401457	0.0999999	-8.4E-12	2.401457
-9.8	-8.85E-11	2.424678	0.1000001	-8.2E-12	2.424678
-9.9	-8.65E-11	2.447976	0.1000002	-8.5E-12	2.447976
-10	-8.73E-11	2.471252	0.1000001	-8.6E-12	2.471252
-9.90001	-4.6E-11	2.494462	0.0999997	-1.19E-11	2.494462
-9.80001	-4.3E-11	2.517675	0.0999996	-1.17E-11	2.517675
-9.70001	-4.15E-11	2.541019	0.0999995	-1.16E-11	2.541019
-9.60001	-5.76E-11	2.600603	0.0999999	-1.03E-11	2.600603
-9.50001	-3.69E-11	2.62384	0.0999996	-1.22E-11	2.62384
-9.40001	-3.5E-11	2.647076	0.0999997	-1.19E-11	2.647076
-9.30001	-3.53E-11	2.670363	0.0999996	-1.17E-11	2.670363
-9.20001	-3.31E-11	2.69363	0.0999998	-1.22E-11	2.69363
-9.10001	-3.21E-11	2.716851	0.0999997	-1.18E-11	2.716851
-9.00001	-3.25E-11	2.740139	0.0999997	-1.12E-11	2.740139
-8.90001	-3.15E-11	2.763439	0.0999999	-1.18E-11	2.763439
-8.80001	-3.11E-11	2.786711	0.0999997	-1.19E-11	2.786711
-8.70001	-2.86E-11	2.809977	0.0999998	-1.24E-11	2.809977
-8.60001	-3.01E-11	2.833275	0.0999998	-1.19E-11	2.833275
-8.50001	-2.78E-11	2.856506	0.0999996	-1.22E-11	2.856506
-8.40001	-2.7E-11	2.879742	0.0999997	-1.19E-11	2.879742
-8.30001	-2.69E-11	2.902962	0.0999997	-1.23E-11	2.902962
-8.20001	-2.76E-11	2.926273	0.0999996	-1.2E-11	2.926273
-8.10001	-2.75E-11	2.949566	0.0999998	-1.2E-11	2.949566
-8.00001	-2.53E-11	2.972783	0.0999999	-1.18E-11	2.972783
-7.90001	-2.46E-11	2.995999	0.0999995	-1.25E-11	2.995999
-7.80001	-2.63E-11	3.019297	0.0999999	-1.22E-11	3.019297
-7.70001	-2.58E-11	3.042616	0.0999998	-1.24E-11	3.042616
-7.60001	-4.41E-11	3.10195	0.1000001	-1.09E-11	3.10195
-7.50001	-2.42E-11	3.125181	0.0999996	-1.26E-11	3.125181
-7.40001	-2.56E-11	3.148481	0.0999999	-1.26E-11	3.148481
-7.30001	-2.47E-11	3.171761	0.0999996	-1.26E-11	3.171761
-7.2	-2.27E-11	3.195069	0.0999997	-1.25E-11	3.195069
-7.10001	-2.23E-11	3.218313	0.0999997	-1.22E-11	3.218313
-7.00001	-2.33E-11	3.241696	0.0999998	-1.24E-11	3.241696
-6.90001	-2.11E-11	3.264923	0.0999996	-1.26E-11	3.264923
-6.80001	-2.08E-11	3.288152	0.0999997	-1.27E-11	3.288152
-6.70001	-2E-11	3.311456	0.0999998	-1.23E-11	3.311456
-6.60001	-2.1E-11	3.334756	0.0999998	-1.23E-11	3.334756
-6.50001	-1.96E-11	3.358077	0.0999997	-1.25E-11	3.358077
-6.40001	-1.92E-11	3.381293	0.0999996	-1.26E-11	3.381293
-6.30001	-1.99E-11	3.404581	0.0999997	-1.22E-11	3.404581
-6.20001	-1.89E-11	3.427869	0.0999997	-1.25E-11	3.427869
-6.10001	-1.7E-11	3.451084	0.0999997	-1.29E-11	3.451084
-6.00001	-1.69E-11	3.474306	0.0999996	-1.29E-11	3.474306
-5.90001	-1.82E-11	3.497598	0.0999997	-1.27E-11	3.497598
-5.80001	-1.76E-11	3.520876	0.0999997	-1.28E-11	3.520876
-5.70001	-1.59E-11	3.544255	0.0999995	-1.31E-11	3.544255
-5.60001	-3.78E-11	3.603669	0.0999998	-1.1E-11	3.603669
-5.50001	-1.93E-11	3.626981	0.0999997	-1.26E-11	3.626981
-5.40001	-1.63E-11	3.650196	0.0999998	-1.26E-11	3.650196
-5.30001	-1.54E-11	3.673413	0.0999998	-1.23E-11	3.673413
-5.20001	-1.45E-11	3.69668	0.0999997	-1.34E-11	3.69668
-5.1	-1.56E-11	3.719968	0.0999996	-1.27E-11	3.719968
-5.00001	-1.59E-11	3.743253	0.0999996	-1.24E-11	3.743253
-4.90001	-1.33E-11	3.766476	0.0999996	-1.27E-11	3.766476
-4.80001	-1.27E-11	3.789701	0.0999997	-1.32E-11	3.789701
-4.7	-1.39E-11	3.813039	0.0999997	-1.3E-11	3.813039
-4.60001	-1.18E-11	3.836244	0.0999997	-1.3E-11	3.836244
-4.50001	-1.43E-11	3.859592	0.0999998	-1.27E-11	3.859592
-4.40001	-1.27E-11	3.882903	0.0999996	-1.3E-11	3.882903
-4.3	-1.21E-11	3.906186	0.0999997	-1.33E-11	3.906186
-4.20001	-9.7E-12	3.929399	0.0999997	-1.31E-11	3.929399
-4.10001	-1E-11	3.952646	0.0999997	-1.34E-11	3.952646
-4.00001	-1.09E-11	3.975943	0.0999999	-1.32E-11	3.975943
-3.90001	-1.03E-11	3.999233	0.0999999	-1.34E-11	3.999233
-3.80001	-8E-12	4.022454	0.0999997	-1.33E-11	4.022454
-3.70001	-7.5E-12	4.045691	0.0999999	-1.33E-11	4.045691
-3.60001	-2.81E-11	4.104975	0.0999998	-1.2E-11	4.104975
-3.50001	-9.7E-12	4.128287	0.1	-1.39E-11	4.128287
-3.40001	-7.6E-12	4.151596	0.0999998	-1.4E-11	4.151596
-3.30001	-5.8E-12	4.174817	0.0999998	-1.38E-11	4.174817
-3.20001	-7.4E-12	4.19819	0.0999997	-1.38E-11	4.19819
-3.10001	-6.5E-12	4.221482	0.0999998	-1.37E-11	4.221482
-3.00001	-4.4E-12	4.24469	0.0999997	-1.39E-11	4.24469
-2.90001	-3.3E-12	4.267917	0.0999997	-1.43E-11	4.267917
-2.80001	-4.2E-12	4.291208	0.0999996	-1.37E-11	4.291208
-2.70001	-2.4E-12	4.314605	0.0999997	-1.42E-11	4.314605
-2.60001	-1.1E-12	4.337819	0.0999997	-1.41E-11	4.337819
-2.50001	-7E-13	4.361025	0.0999997	-1.44E-11	4.361025
-2.40001	-1.3E-12	4.384313	0.0999997	-1.44E-11	4.384313
-2.30001	-1.1E-12	4.407598	0.0999997	-1.41E-11	4.407598
-2.20001	1.6E-12	4.43081	0.0999998	-1.46E-11	4.43081
-2.099999	-1.48E-11	4.456012	0.1	-1.31E-11	4.456012
-2	1.3E-12	4.4793	0.0999998	-1.43E-11	4.4793
-1.9	1.4E-12	4.50259	0.1	-1.45E-11	4.50259
-1.8	4.4E-12	4.525788	0.0999998	-1.45E-11	4.525788
-1.699999	5.8E-12	4.549048	0.0999998	-9.4E-12	4.549048
-1.600001	-1.52E-11	4.606523	0.1	2.12E-11	4.606523
-1.5	3.8E-12	4.629837	0.0999997	1.866E-10	4.629837
-1.4	7.5E-12	4.653053	0.1000002	8.74E-10	4.653053
-1.3	8.7E-12	4.67627	0.1000009	3.2942E-09	4.67627
-1.2	8.2E-12	4.699606	0.1000036	1.05858E-08	4.699606
-1.1	9.6E-12	4.722894	0.100006	2.94271E-08	4.722894
-1	1.04E-11	4.746168	0.1000046	7.03192E-08	4.746168
-0.900001	-7.3E-12	4.785673	0.1000001	1.42678E-07	4.785673
-0.8	-1.1E-12	4.810301	0.1000009	2.68492E-07	4.810301
-0.700001	6E-13	4.8348	0.1000006	4.51701E-07	4.8348
-0.6	2.5E-12	4.859311	0.1000011	6.98395E-07	4.859311
-0.500001	3.7E-12	4.883878	0.100001	1.009541E-06	4.883878
-0.400001	-2E-13	4.918449	0.1000002	1.37552E-06	4.918449
-0.3	6.1E-12	4.942981	0.1	1.80786E-06	4.942981
-0.2	4.6E-12	4.969393	0.1000001	2.28638E-06	4.969393
-0.0999997	9.6E-12	4.993897	0.1000001	2.80873E-06	4.993897
3E-07	1.16E-11	5.018427	0.1000001	3.36596E-06	5.018427
0.1000003	1.34E-11	5.043199	0.1	3.95247E-06	5.043199
0.2	8.3E-12	5.093604	0.1000001	4.55192E-06	5.093604
0.299999	1.53E-11	5.118419	0.1000002	5.18654E-06	5.118419
0.4	1.8E-11	5.142894	0.1	5.83584E-06	5.142894
0.5	2.03E-11	5.167422	0.1000001	6.49642E-06	5.167422
0.6	2.21E-11	5.191923	0.1	7.16922E-06	5.191923
0.7	2.41E-11	5.216514	0.1	7.853E-06	5.216514
0.799999	2.63E-11	5.24102	0.1	8.54646E-06	5.24102
0.899999	2.8E-11	5.265565	0.1000001	9.24837E-06	5.265565
0.999999	3.04E-11	5.290074	0.1	9.95844E-06	5.290074
1.099999	2.58E-11	5.324742	0.1000002	1.06638E-05	5.324742
1.199999	3.18E-11	5.349329	0.1000001	1.13884E-05	5.349329
1.3	3.39E-11	5.373857	0.0999999	1.21168E-05	5.373857
1.399999	3.57E-11	5.398392	0.1	1.28486E-05	5.398392
1.5	3.74E-11	5.422905	0.1	1.35832E-05	5.422905
1.599999	3.83E-11	5.447437	0.1000002	1.43209E-05	5.447437
1.699999	3.9E-11	5.471944	0.1	1.50608E-05	5.471944
1.8	4E-11	5.496448	0.1000001	1.58027E-05	5.496448
1.899999	4.12E-11	5.520951	0.1000001	1.65468E-05	5.520951
2	4.2E-11	5.545581	0.0999999	1.72922E-05	5.545581
2.099999	3.52E-11	5.594105	0.1000002	1.80279E-05	5.594105
2.19999	4.08E-11	5.618917	0.0999999	1.87759E-05	5.618917
2.29999	4.21E-11	5.643448	0.1000002	1.95278E-05	5.643448
2.39999	4.33E-11	5.667963	0.1000001	2.02797E-05	5.667963
2.49999	4.37E-11	5.692474	0.1	2.10326E-05	5.692474
2.59999	4.42E-11	5.717061	0.1	2.17866E-05	5.717061
2.69999	4.47E-11	5.741568	0.1000001	2.2542E-05	5.741568
2.79999	4.51E-11	5.766175	0.1000001	2.32977E-05	5.766175
2.89999	4.6E-11	5.790688	0.1000001	2.40554E-05	5.790688
2.99999	4.61E-11	5.815302	0.0999999	2.48129E-05	5.815302
3.09999	4.69E-11	5.839825	0.1000001	2.55722E-05	5.839825
3.19999	4.66E-11	5.864527	0.1000001	2.6333E-05	5.864527
3.29999	4.73E-11	5.889108	0.1000002	2.70948E-05	5.889108
3.39999	4.72E-11	5.913616	0.0999999	2.78574E-05	5.913616
3.49999	4.76E-11	5.938147	0.1	2.86206E-05	5.938147
3.59999	4.82E-11	5.962661	0.1000003	2.93855E-05	5.962661
3.69999	4.83E-11	5.987198	0.1000003	3.01511E-05	5.987198
3.79999	4.87E-11	6.011706	0.1000002	3.09177E-05	6.011706
3.89999	4.91E-11	6.036231	0.1000001	3.16858E-05	6.036231
3.99999	4.91E-11	6.060801	0.1	3.2455E-05	6.060801
4.09999	4.29E-11	6.112328	0.1000001	3.32151E-05	6.112328
4.19999	4.8E-11	6.136846	0.1000001	3.39897E-05	6.136846
4.29999	4.85E-11	6.161363	0.1	3.47634E-05	6.161363
4.39999	4.94E-11	6.185869	0.0999998	3.55373E-05	6.185869
4.49999	4.98E-11	6.210457	0.1000001	3.63129E-05	6.210457
4.59999	4.99E-11	6.235019	0.1	3.70892E-05	6.235019
4.69999	5.05E-11	6.259579	0.1	3.78665E-05	6.259579
4.79999	5.09E-11	6.284102	0.1	3.86452E-05	6.284102
4.89999	5.09E-11	6.308707	0.0999999	3.94242E-05	6.308707
4.99999	5.13E-11	6.333222	0.1	4.02053E-05	6.333222
5.09999	5.13E-11	6.357732	0.0999999	4.09867E-05	6.357732
5.19999	5.2E-11	6.38224	0.1	4.17699E-05	6.38224
5.29999	5.18E-11	6.406777	0.1000001	4.25544E-05	6.406777
5.39999	5.24E-11	6.431281	0.1	4.33392E-05	6.431281
5.49999	5.21E-11	6.455815	0.1000001	4.41257E-05	6.455815
5.59999	5.21E-11	6.480323	0.0999997	4.49146E-05	6.480323
5.69999	5.26E-11	6.504837	0.1000001	4.57026E-05	6.504837
5.79999	5.26E-11	6.529385	0.1000001	4.64926E-05	6.529385
5.89999	5.28E-11	6.553983	0.0999999	4.72835E-05	6.553983
5.99999	4.59E-11	6.614405	0.1000001	4.80642E-05	6.614405
6.09999	5.15E-11	6.638938	0.1	4.8862E-05	6.638938
6.19999	5.18E-11	6.663437	0.1000002	4.96576E-05	6.663437
6.29999	5.21E-11	6.687977	0.0999999	5.04539E-05	6.687977
6.39999	5.26E-11	6.712553	0.1000002	5.12526E-05	6.712553
6.49999	5.32E-11	6.737071	0.1000003	5.20519E-05	6.737071
6.59999	5.32E-11	6.761586	0.1000001	5.28514E-05	6.761586
6.69999	5.38E-11	6.786115	0.1000002	5.36523E-05	6.786115
6.79999	5.39E-11	6.810728	0.1	5.44551E-05	6.810728
6.89999	5.4E-11	6.835271	0.1000002	5.52587E-05	6.835271
6.99999	5.44E-11	6.859792	0.1	5.60636E-05	6.859792
7.09999	5.43E-11	6.884415	0.1000002	5.68694E-05	6.884415
7.19999	5.48E-11	6.90894	0.1000003	5.7677E-05	6.90894
7.29999	5.47E-11	6.933443	0.1	5.84858E-05	6.933443
7.39999	5.51E-11	6.957968	0.1000002	5.92956E-05	6.957968
7.49999	5.53E-11	6.982572	0.1000003	6.01061E-05	6.982572
7.59999	5.54E-11	7.007107	0.0999999	6.09192E-05	7.007107
7.69999	5.57E-11	7.031621	0.1	6.17325E-05	7.031621
7.79999	5.53E-11	7.056161	0.1000003	6.25473E-05	7.056161
7.89999	4.85E-11	7.115351	0.1000003	6.33536E-05	7.115351
7.99999	5.38E-11	7.139851	0.0999997	6.41738E-05	7.139851
8.09999	5.41E-11	7.164395	0.1000001	6.49934E-05	7.164395
8.19999	5.51E-11	7.188916	0.0999999	6.58139E-05	7.188916
8.29999	5.57E-11	7.213524	0.0999999	6.6634E-05	7.213524
8.39999	5.53E-11	7.238084	0.1	6.74571E-05	7.238084
8.49999	5.62E-11	7.262598	0.0999999	6.8282E-05	7.262598
8.59999	5.6E-11	7.287136	0.1000001	6.91063E-05	7.287136
8.69999	5.61E-11	7.311735	0.1000001	6.99331E-05	7.311735
8.79999	5.64E-11	7.336272	0.0999998	7.07607E-05	7.336272
8.89999	5.62E-11	7.360864	0.0999998	7.15892E-05	7.360864
8.99999	5.68E-11	7.385373	0.1	7.2419E-05	7.385373
9.09999	5.72E-11	7.409912	0.1000003	7.32495E-05	7.409912
9.19999	5.69E-11	7.434453	0.0999999	7.40824E-05	7.434453
9.29999	5.74E-11	7.458956	0.1000002	7.49136E-05	7.458956
9.39999	5.72E-11	7.483514	0.1000001	7.57504E-05	7.483514
9.49999	5.71E-11	7.508025	0.1000001	7.65879E-05	7.508025
9.59999	5.72E-11	7.53257	0.0999998	7.74286E-05	7.53257
9.69999	5.84E-11	7.557129	0.1	7.8268E-05	7.557129
9.79999	5.13E-11	7.617151	0.0999998	7.91007E-05	7.617151
9.89999	5.56E-11	7.641699	0.1000001	7.99452E-05	7.641699
9.99999	5.61E-11	7.666208	0.1000001	8.07885E-05	7.666208
9.9	4.3E-11	7.69082	0.0999998	7.99315E-05	7.69082
9.8	4.04E-11	7.715411	0.1000001	7.90792E-05	7.715411
9.7	3.85E-11	7.739929	0.1	7.82277E-05	7.739929
9.6	3.61E-11	7.764431	0.1	7.73807E-05	7.764431
9.5	3.45E-11	7.789062	0.1	7.65352E-05	7.789062
9.4	3.3E-11	7.813715	0.1000001	7.56902E-05	7.813715
9.3	3.2E-11	7.838213	0.0999998	7.48477E-05	7.838213
9.2	3.18E-11	7.862768	0.0999997	7.40065E-05	7.862768
9.1	3.02E-11	7.887343	0.1000002	7.31659E-05	7.887343
9	3.01E-11	7.911888	0.0999999	7.23283E-05	7.911888
8.9	2.87E-11	7.936433	0.0999998	7.14944E-05	7.936433
8.8	2.76E-11	7.960938	0.1000001	7.06578E-05	7.960938
8.7	2.77E-11	7.985462	0.1000001	6.98215E-05	7.985462
8.6	2.72E-11	8.009983	0.0999999	6.89863E-05	8.009983
8.5	2.67E-11	8.034496	0.1	6.81518E-05	8.034496
8.4	2.66E-11	8.059044	0.1000002	6.73205E-05	8.059044
8.30001	3.21E-11	8.118341	0.0999996	6.64938E-05	8.118341
8.2	2.65E-11	8.142892	0.0999998	6.56632E-05	8.142892
8.1	2.6E-11	8.167427	0.1000002	6.48353E-05	8.167427
8	2.55E-11	8.192031	0.1	6.40077E-05	8.192031
7.9	2.47E-11	8.21662	0.1000001	6.31829E-05	8.21662
7.8	2.41E-11	8.241193	0.1	6.23586E-05	8.241193
7.7	2.28E-11	8.265692	0.0999998	6.15355E-05	8.265692
7.6	2.24E-11	8.29022	0.1000001	6.07134E-05	8.29022
7.5	2.21E-11	8.314822	0.1	5.9894E-05	8.314822
7.4	2.22E-11	8.339363	0.1	5.90742E-05	8.339363
7.3	2.14E-11	8.363885	0.1000001	5.82569E-05	8.363885
7.2	2.08E-11	8.388391	0.0999999	5.74407E-05	8.388391
7.1	2.08E-11	8.412908	0.0999997	5.66259E-05	8.412908
7	2.05E-11	8.437431	0.0999997	5.58118E-05	8.437431
6.9	2E-11	8.461931	0.0999999	5.4998E-05	8.461931
6.8	1.96E-11	8.486474	0.1	5.41871E-05	8.486474
6.7	1.93E-11	8.511013	0.0999997	5.3377E-05	8.511013
6.6	1.92E-11	8.535538	0.0999998	5.25672E-05	8.535538
6.5	1.83E-11	8.560125	0.1	5.17587E-05	8.560125
6.4	2.49E-11	8.619837	0.0999999	5.09575E-05	8.619837
6.3	1.97E-11	8.64436	0.0999998	5.01513E-05	8.64436
6.2	1.89E-11	8.668869	0.0999998	4.93458E-05	8.668869
6.1	1.82E-11	8.693387	0.0999999	4.85422E-05	8.693387
6	1.8E-11	8.71797	0.1	4.77392E-05	8.71797
5.9	1.72E-11	8.742529	0.1000001	4.69384E-05	8.742529
5.8	1.69E-11	8.767035	0.1	4.61381E-05	8.767035
5.7	1.62E-11	8.791579	0.0999998	4.53396E-05	8.791579
5.6	1.59E-11	8.816312	0.1	4.45421E-05	8.816312
5.5	1.54E-11	8.840853	0.1	4.37458E-05	8.840853
5.4	1.46E-11	8.8654	0.1000001	4.29499E-05	8.8654
5.3	1.42E-11	8.889977	0.0999999	4.21563E-05	8.889977
5.2	1.4E-11	8.914514	0.1	4.13634E-05	8.914514
5.1	1.31E-11	8.939021	0.0999999	4.05718E-05	8.939021
5	1.3E-11	8.963547	0.0999999	3.97811E-05	8.963547
4.9	1.26E-11	8.988048	0.0999999	3.89914E-05	8.988048
4.8	1.23E-11	9.012583	0.1000002	3.82032E-05	9.012583
4.7	1.15E-11	9.037109	0.1	3.74167E-05	9.037109
4.6	1.12E-11	9.061706	0.0999999	3.66311E-05	9.061706
4.5	1.76E-11	9.121592	0.0999998	3.58515E-05	9.121592
4.4	1.21E-11	9.146116	0.1	3.50676E-05	9.146116
4.3	1.11E-11	9.170641	0.1	3.4285E-05	9.170641
4.2	1.07E-11	9.195166	0.0999998	3.35036E-05	9.195166
4.1	9.5E-12	9.219796	0.1000001	3.27237E-05	9.219796
4	9E-12	9.244328	0.0999998	3.1945E-05	9.244328
3.9	8.8E-12	9.268899	0.0999998	3.11684E-05	9.268899
3.8	7.4E-12	9.293397	0.1	3.03915E-05	9.293397
3.7	7.6E-12	9.318099	0.1	2.96159E-05	9.318099
3.6	6.5E-12	9.342614	0.1000003	2.88419E-05	9.342614
3.5	5.5E-12	9.367219	0.0999999	2.80696E-05	9.367219
3.4	5.2E-12	9.391756	0.0999998	2.72982E-05	9.391756
3.3	3.9E-12	9.416263	0.1	2.65286E-05	9.416263
3.2	3.8E-12	9.440817	0.1	2.576E-05	9.440817
3.1	3.4E-12	9.465326	0.1	2.49931E-05	9.465326
3	2.2E-12	9.489835	0.0999996	2.42269E-05	9.489835
2.9	1.6E-12	9.514344	0.0999999	2.34624E-05	9.514344
2.8	1E-12	9.538871	0.1	2.26996E-05	9.538871
2.7	4E-13	9.563445	0.1	2.19389E-05	9.563445
2.6	6.4E-12	9.622949	0.1	2.11845E-05	9.622949
2.5	1E-12	9.647475	0.1	2.04246E-05	9.647475
2.4	-9E-13	9.671986	0.1000002	1.96666E-05	9.671986
2.3	-1.5E-12	9.696543	0.1	1.89119E-05	9.696543
2.2	-2.7E-12	9.721122	0.0999999	1.81592E-05	9.721122
2.099999	-3E-13	9.74754	0.1000002	1.74134E-05	9.74754
2	-4.9E-12	9.772051	0.1	1.66644E-05	9.772051
1.9	-6E-12	9.796573	0.1000001	1.59182E-05	9.796573
1.8	-7.4E-12	9.821178	0.1	1.51746E-05	9.821178
1.7	-8.5E-12	9.84569	0.1	1.44335E-05	9.84569
1.6	-9.7E-12	9.87021	0.1000001	1.36959E-05	9.87021
1.5	-1.12E-11	9.894814	0.0999999	1.29617E-05	9.894814
1.4	-1.23E-11	9.919369	0.1	1.22311E-05	9.919369
1.3	-1.41E-11	9.943869	0.1	1.15052E-05	9.943869
1.2	-1.52E-11	9.968398	0.0999999	1.07858E-05	9.968398
1.1	-1.66E-11	9.992906	0.0999999	1.00725E-05	9.992906
1	-1.8E-11	10.017425	0.1	9.3665E-06	10.017425
0.9	-1.63E-11	10.044533	0.0999999	8.67499E-06	10.044533
0.8	-2.15E-11	10.069066	0.0999998	7.98682E-06	10.069066
0.7	-1.7E-11	10.124748	0.1000001	7.31556E-06	10.124748
0.6	-2.42E-11	10.149267	0.0999998	6.64823E-06	10.149267
0.5	-2.64E-11	10.173818	0.1	5.9936E-06	10.173818
0.4	-2.94E-11	10.198284	0.1000001	5.35387E-06	10.198284
0.3	-3.14E-11	10.222893	0.0999999	4.73057E-06	10.222893
0.1999999	-3E-11	10.2493	0.0999999	4.12682E-06	10.2493
0.0999995	-3.59E-11	10.273823	0.0999999	3.54372E-06	10.273823
-4E-07	-3.81E-11	10.29837	0.1000001	2.9883E-06	10.29837
#scan	iMeasureCycle=2	iMux=0	time=279.747	N=401	LocalTime=19/04/2023 16:24:17
#VGate(V)	IGate(A)	time(s)	VDrain(V)	IDrain(A)	time(s)
-1E-07	-1.63E-11	279.754507	0.0999999	3.11972E-06	279.754507
-0.1	-2.42E-11	279.779415	0.0999999	2.57327E-06	279.779415
-0.2000002	-2.63E-11	279.805117	0.0999999	2.06728E-06	279.805117
-0.3	-3.19E-11	279.829845	0.1	1.60667E-06	279.829845
-0.4	-3.43E-11	279.854392	0.0999998	1.19972E-06	279.854392
-0.5	-3.3E-11	279.881786	0.0999995	8.53754E-07	279.881786
-0.6	-3.95E-11	279.906267	0.0999994	5.69252E-07	279.906267
-0.7	-4.15E-11	279.930783	0.0999995	3.5156E-07	279.930783
-0.8	-4.33E-11	279.955287	0.0999996	1.97343E-07	279.955287
-0.9	-4.44E-11	279.979797	0.0999996	9.8478E-08	279.979797
-0.999999	-4.03E-11	280.017445	0.0999957	4.37372E-08	280.017445
-1.100001	-5.92E-11	280.040769	0.1000036	1.6113E-08	280.040769
-1.200001	-6.27E-11	280.063966	0.1000019	5.1424E-09	280.063966
-1.300001	-6.23E-11	280.087243	0.1000003	1.4175E-09	280.087243
-1.400001	-6.37E-11	280.110518	0.1000003	3.22E-10	280.110518
-1.500001	-6.59E-11	280.13373	0.1000002	5.2E-11	280.13373
-1.600001	-6.71E-11	280.156946	0.1000001	-1.1E-12	280.156946
-1.7	-6.74E-11	280.18017	0.1000001	-9.4E-12	280.18017
-1.800001	-6.66E-11	280.203549	0.1000001	-1.03E-11	280.203549
-1.900001	-6.84E-11	280.226794	0.1000002	-9.8E-12	280.226794
-2.000001	-6.97E-11	280.250008	0.1000002	-9.7E-12	280.250008
-2.100001	-6.86E-11	280.273294	0.1000001	-9.9E-12	280.273294
-2.2	-4.95E-11	280.317658	0.0999999	-1.15E-11	280.317658
-2.3	-6.92E-11	280.340922	0.1000002	-1.01E-11	280.340922
-2.4	-7.04E-11	280.364148	0.1000002	-9.8E-12	280.364148
-2.5	-6.97E-11	280.38753	0.1000001	-1.01E-11	280.38753
-2.6	-7E-11	280.410883	0.1	-9.6E-12	280.410883
-2.7	-7.26E-11	280.434096	0.1000002	-9.5E-12	280.434096
-2.8	-7.31E-11	280.457307	0.1000003	-9.5E-12	280.457307
-2.9	-7.22E-11	280.480589	0.1000003	-9.7E-12	280.480589
-3	-7.23E-11	280.50388	0.1000002	-9.3E-12	280.50388
-3.1	-7.41E-11	280.527179	0.1	-9.7E-12	280.527179
-3.2	-7.3E-11	280.550521	0.0999999	-9.6E-12	280.550521
-3.3	-7.48E-11	280.573744	0.1000002	-9.4E-12	280.573744
-3.4	-7.53E-11	280.596965	0.1000002	-9.4E-12	280.596965
-3.5	-7.56E-11	280.620189	0.1000001	-9.2E-12	280.620189
-3.6	-7.63E-11	280.643412	0.1000002	-9.1E-12	280.643412
-3.7	-7.62E-11	280.666631	0.1000001	-9.1E-12	280.666631
-3.8	-7.46E-11	280.689923	0.1000001	-9.5E-12	280.689923
-3.9	-7.66E-11	280.713118	0.1	-9.2E-12	280.713118
-4	-7.53E-11	280.736412	0.1000001	-9.2E-12	280.736412
-4.1	-7.59E-11	280.759711	0.0999999	-9.8E-12	280.759711
-4.2	-5.66E-11	280.817724	0.0999999	-1.1E-11	280.817724
-4.3	-7.56E-11	280.84098	0.1000002	-9.2E-12	280.84098
-4.4	-7.63E-11	280.864218	0.1000002	-9E-12	280.864218
-4.5	-7.75E-11	280.887484	0.1000003	-9.5E-12	280.887484
-4.6	-7.6E-11	280.910838	0.1	-9.8E-12	280.910838
-4.7	-7.67E-11	280.934137	0.1000002	-9.6E-12	280.934137
-4.8	-7.86E-11	280.957356	0.1000001	-9.9E-12	280.957356
-4.9	-7.7E-11	280.980656	0.1000001	-9.2E-12	280.980656
-5	-7.74E-11	281.00393	0.1000001	-9.1E-12	281.00393
-5.1	-7.97E-11	281.027138	0.1000003	-9.1E-12	281.027138
-5.2	-7.96E-11	281.050379	0.1000002	-9.1E-12	281.050379
-5.3	-8.03E-11	281.073597	0.1000002	-9.1E-12	281.073597
-5.4	-7.88E-11	281.096882	0.1000001	-9.6E-12	281.096882
-5.5	-7.9E-11	281.12017	0.1000002	-9.5E-12	281.12017
-5.6	-8.1E-11	281.143388	0.1000001	-9.1E-12	281.143388
-5.7	-8.07E-11	281.166634	0.1000001	-8.8E-12	281.166634
-5.8	-7.94E-11	281.189929	0.1000001	-9.2E-12	281.189929
-5.9	-8.17E-11	281.213236	0.1000002	-9.1E-12	281.213236
-6	-8.21E-11	281.236467	0.1000004	-8.7E-12	281.236467
-6.1	-8.23E-11	281.259705	0.1000001	-8.6E-12	281.259705
-6.2	-6.08E-11	281.319099	0.0999997	-9.8E-12	281.319099
-6.3	-7.86E-11	281.342423	0.1000001	-8.8E-12	281.342423
-6.4	-8.09E-11	281.365669	0.1000001	-8.3E-12	281.365669
-6.5	-8.01E-11	281.388967	0.1000003	-8.6E-12	281.388967
-6.6	-8.06E-11	281.412304	0.1	-9E-12	281.412304
-6.7	-8.19E-11	281.435525	0.1000001	-8.8E-12	281.435525
-6.8	-8.34E-11	281.458756	0.1000001	-8.8E-12	281.458756
-6.9	-8.26E-11	281.481999	0.1000001	-8.9E-12	281.481999
-7	-8.2E-11	281.505294	0.1	-9E-12	281.505294
-7.1	-8.34E-11	281.528506	0.1000001	-8.8E-12	281.528506
-7.2	-8.37E-11	281.551861	0.1000002	-8.5E-12	281.551861
-7.3	-8.24E-11	281.575152	0.1000001	-8.2E-12	281.575152
-7.4	-8.26E-11	281.598448	0.1	-8.6E-12	281.598448
-7.5	-8.42E-11	281.621645	0.1000001	-8.3E-12	281.621645
-7.6	-8.52E-11	281.644862	0.1000001	-8.2E-12	281.644862
-7.7	-8.36E-11	281.668154	0.1000002	-8.7E-12	281.668154
-7.8	-8.38E-11	281.691447	0.1000002	-8.4E-12	281.691447
-7.9	-8.53E-11	281.714659	0.1000003	-8.4E-12	281.714659
-8	-8.41E-11	281.737944	0.1000001	-8.8E-12	281.737944
-8.1	-8.42E-11	281.761262	0.1000001	-8.6E-12	281.761262
-8.2	-6.44E-11	281.816056	0.1	-1.03E-11	281.816056
-8.3	-8.25E-11	281.839428	0.1000001	-8.8E-12	281.839428
-8.4	-8.25E-11	281.862748	0.1000001	-8.4E-12	281.862748
-8.5	-8.45E-11	281.886082	0.1000002	-8.6E-12	281.886082
-8.6	-8.35E-11	281.909418	0.1000003	-8.7E-12	281.909418
-8.7	-8.37E-11	281.932716	0.1000001	-8.6E-12	281.932716
-8.8	-8.33E-11	281.956143	0.1000002	-8.8E-12	281.956143
-8.9	-8.45E-11	281.979434	0.1	-9E-12	281.979434
-9	-8.46E-11	282.00273	0.0999999	-8.5E-12	282.00273
-9.1	-8.69E-11	282.025936	0.1000001	-8.1E-12	282.025936
-9.2	-8.74E-11	282.049174	0.1000001	-8.1E-12	282.049174
-9.3	-8.52E-11	282.072456	0.1000002	-8.2E-12	282.072456
-9.4	-8.51E-11	282.09575	0.1000003	-8.8E-12	282.09575
-9.5	-8.74E-11	282.118947	0.1000001	-8.5E-12	282.118947
-9.6	-8.73E-11	282.14219	0.1000001	-8.6E-12	282.14219
-9.7	-8.63E-11	282.165481	0.1	-8.8E-12	282.165481
-9.8	-8.51E-11	282.188816	0.1000002	-8.7E-12	282.188816
-9.9	-8.82E-11	282.212118	0.1000002	-8.3E-12	282.212118
-10	-8.73E-11	282.235348	0.1	-8.2E-12	282.235348
-9.90001	-4.71E-11	282.25865	0.0999997	-1.14E-11	282.25865
-9.80001	-4.33E-11	282.282013	0.0999997	-1.19E-11	282.282013
-9.70001	-5.85E-11	282.322236	0.0999999	-1.03E-11	282.322236
-9.60001	-3.78E-11	282.345535	0.0999997	-1.22E-11	282.345535
-9.50001	-3.72E-11	282.368848	0.0999998	-1.19E-11	282.368848
-9.40001	-3.43E-11	282.392055	0.0999997	-1.2E-11	282.392055
-9.30001	-3.26E-11	282.415327	0.0999998	-1.19E-11	282.415327
-9.20001	-3.22E-11	282.438548	0.0999998	-1.19E-11	282.438548
-9.10001	-3.31E-11	282.46194	0.0999997	-1.17E-11	282.46194
-9.00001	-3.06E-11	282.485144	0.0999997	-1.16E-11	282.485144
-8.90001	-3.01E-11	282.508357	0.0999997	-1.2E-11	282.508357
-8.80001	-2.87E-11	282.53157	0.0999997	-1.18E-11	282.53157
-8.70001	-2.81E-11	282.554876	0.0999996	-1.22E-11	282.554876
-8.60001	-2.71E-11	282.578099	0.0999997	-1.27E-11	282.578099
-8.50001	-2.69E-11	282.601309	0.0999998	-1.27E-11	282.601309
-8.40001	-2.65E-11	282.624523	0.0999997	-1.25E-11	282.624523
-8.30001	-2.87E-11	282.647851	0.0999997	-1.23E-11	282.647851
-8.20001	-2.69E-11	282.671161	0.0999997	-1.2E-11	282.671161
-8.10001	-2.54E-11	282.694363	0.0999997	-1.24E-11	282.694363
-8	-2.48E-11	282.717564	0.0999998	-1.25E-11	282.717564
-7.90001	-2.55E-11	282.740845	0.0999997	-1.22E-11	282.740845
-7.80001	-2.35E-11	282.764079	0.0999998	-1.22E-11	282.764079
-7.70001	-4.43E-11	282.823516	0.0999999	-1.06E-11	282.823516
-7.6	-2.43E-11	282.846807	0.0999996	-1.22E-11	282.846807
-7.50001	-2.46E-11	282.870111	0.0999997	-1.22E-11	282.870111
-7.40001	-2.25E-11	282.893386	0.0999997	-1.25E-11	282.893386
-7.30001	-2.2E-11	282.916665	0.0999997	-1.24E-11	282.916665
-7.2	-2.17E-11	282.939898	0.0999998	-1.22E-11	282.939898
-7.10001	-2.28E-11	282.963203	0.0999997	-1.21E-11	282.963203
-7.00001	-2.09E-11	282.986424	0.0999996	-1.25E-11	282.986424
-6.90001	-2.05E-11	283.009641	0.0999997	-1.22E-11	283.009641
-6.80001	-2.02E-11	283.032849	0.0999999	-1.25E-11	283.032849
-6.70001	-2.1E-11	283.056171	0.0999997	-1.2E-11	283.056171
-6.60001	-1.85E-11	283.079382	0.0999996	-1.26E-11	283.079382
-6.50001	-1.86E-11	283.1026	0.0999997	-1.25E-11	283.1026
-6.40001	-1.75E-11	283.125809	0.0999995	-1.27E-11	283.125809
-6.30001	-1.96E-11	283.149091	0.0999996	-1.22E-11	283.149091
-6.20001	-1.95E-11	283.172396	0.0999996	-1.23E-11	283.172396
-6.10001	-1.71E-11	283.19561	0.0999997	-1.28E-11	283.19561
-6.00001	-1.67E-11	283.218901	0.0999999	-1.27E-11	283.218901
-5.90001	-1.8E-11	283.242191	0.0999998	-1.24E-11	283.242191
-5.80001	-1.59E-11	283.265412	0.0999996	-1.27E-11	283.265412
-5.70001	-3.7E-11	283.324856	0.0999998	-1.13E-11	283.324856
-5.60001	-1.73E-11	283.348148	0.0999996	-1.27E-11	283.348148
-5.50001	-1.85E-11	283.371528	0.0999997	-1.25E-11	283.371528
-5.40001	-1.61E-11	283.394749	0.0999997	-1.31E-11	283.394749
-5.30001	-1.69E-11	283.418085	0.0999999	-1.29E-11	283.418085
-5.20001	-1.71E-11	283.441409	0.0999998	-1.31E-11	283.441409
-5.1	-1.68E-11	283.464753	0.1	-1.29E-11	283.464753
-5.00001	-1.31E-11	283.487969	0.0999996	-1.3E-11	283.487969
-4.90001	-1.51E-11	283.511263	0.0999998	-1.27E-11	283.511263
-4.80001	-1.43E-11	283.534544	0.0999998	-1.3E-11	283.534544
-4.7	-1.25E-11	283.557881	0.0999996	-1.31E-11	283.557881
-4.60001	-1.16E-11	283.581117	0.0999997	-1.33E-11	283.581117
-4.50001	-1.26E-11	283.604401	0.0999996	-1.3E-11	283.604401
-4.40001	-1.26E-11	283.627696	0.0999997	-1.31E-11	283.627696
-4.3	-1.02E-11	283.650905	0.0999999	-1.35E-11	283.650905
-4.20001	-1.13E-11	283.674287	0.0999998	-1.33E-11	283.674287
-4.10001	-1.07E-11	283.697565	0.0999997	-1.38E-11	283.697565
-4.00001	-9E-12	283.720764	0.0999998	-1.36E-11	283.720764
-3.90001	-9.7E-12	283.744046	0.0999998	-1.34E-11	283.744046
-3.80001	-9.9E-12	283.767358	0.0999997	-1.38E-11	283.767358
-3.70001	-2.94E-11	283.826235	0.0999999	-1.16E-11	283.826235
-3.60001	-1.03E-11	283.849607	0.0999998	-1.32E-11	283.849607
-3.50001	-1E-11	283.872926	0.0999997	-1.31E-11	283.872926
-3.40001	-7.2E-12	283.896202	0.0999997	-1.4E-11	283.896202
-3.30001	-6.1E-12	283.919463	0.0999997	-1.42E-11	283.919463
-3.20001	-6.9E-12	283.942756	0.0999997	-1.35E-11	283.942756
-3.10001	-6.1E-12	283.96604	0.0999998	-1.38E-11	283.96604
-3.00001	-3.9E-12	283.989267	0.0999997	-1.39E-11	283.989267
-2.90001	-5.2E-12	284.012561	0.0999996	-1.37E-11	284.012561
-2.80001	-3.9E-12	284.035838	0.0999998	-1.42E-11	284.035838
-2.70001	-2E-12	284.059084	0.0999999	-1.43E-11	284.059084
-2.60001	-1E-12	284.082311	0.0999999	-1.44E-11	284.082311
-2.50001	-2E-12	284.105599	0.0999997	-1.39E-11	284.105599
-2.40001	-1.2E-12	284.128871	0.0999997	-1.37E-11	284.128871
-2.30001	9E-13	284.152085	0.0999997	-1.42E-11	284.152085
-2.20001	2E-12	284.175288	0.1	-1.42E-11	284.175288
-2.1	-1.43E-11	284.200413	0.0999999	-1.27E-11	284.200413
-2	3.6E-12	284.223701	0.0999996	-1.45E-11	284.223701
-1.9	2.3E-12	284.246997	0.0999997	-1.44E-11	284.246997
-1.8	5.3E-12	284.27021	0.0999997	-1.42E-11	284.27021
-1.700001	-1.5E-11	284.323308	0.0999997	-9.5E-12	284.323308
-1.6	4.8E-12	284.346607	0.0999997	1.19E-11	284.346607
-1.5	4.9E-12	284.369904	0.0999999	1.384E-10	284.369904
-1.4	6E-12	284.393197	0.1000001	6.854E-10	284.393197
-1.3	7.9E-12	284.416541	0.1000009	2.6624E-09	284.416541
-1.2	1.06E-11	284.439735	0.100002	8.7949E-09	284.439735
-1.1	1.05E-11	284.463007	0.1000057	2.49255E-08	284.463007
-0.999999	1.11E-11	284.486289	0.1000076	6.09372E-08	284.486289
-0.900001	-7.4E-12	284.525727	0.1000001	1.26328E-07	284.525727
-0.8	-1E-12	284.550293	0.1000007	2.42233E-07	284.550293
-0.7	6E-13	284.574803	0.1000008	4.13037E-07	284.574803
-0.6	1.8E-12	284.599311	0.1000009	6.4594E-07	284.599311
-0.500001	3.4E-12	284.623821	0.100001	9.4194E-07	284.623821
-0.400001	-3E-13	284.658339	0.1000001	1.29338E-06	284.658339
-0.3	5.6E-12	284.682905	0.1000001	1.70947E-06	284.682905
-0.2000001	4.2E-12	284.709325	0.1000001	2.17202E-06	284.709325
-0.0999997	9.2E-12	284.733832	0.1000002	2.6791E-06	284.733832
3E-07	1.15E-11	284.758306	0.1000002	3.22244E-06	284.758306
0.1000003	1.31E-11	284.782798	0.1	3.79487E-06	284.782798
0.1999999	8.4E-12	284.836139	0.0999999	4.38283E-06	284.836139
0.299999	1.53E-11	284.86087	0.1	5.00593E-06	284.86087
0.4	1.79E-11	284.88548	0.1	5.645E-06	284.88548
0.5	2.03E-11	284.910032	0.1000002	6.29808E-06	284.910032
0.599999	2.22E-11	284.934581	0.1000001	6.96339E-06	284.934581
0.7	2.44E-11	284.959145	0.1000003	7.64029E-06	284.959145
0.799999	2.61E-11	284.983678	0.1	8.32843E-06	284.983678
0.9	2.79E-11	285.008199	0.0999999	9.02668E-06	285.008199
0.999999	2.98E-11	285.032732	0.1000001	9.73318E-06	285.032732
1.1	3.17E-11	285.057258	0.1	1.044713E-05	285.057258
1.199999	2.78E-11	285.09181	0.1000001	1.11583E-05	285.09181
1.3	3.39E-11	285.116347	0.1	1.18861E-05	285.116347
1.399999	3.58E-11	285.140847	0.1000001	1.2618E-05	285.140847
1.5	3.73E-11	285.165354	0.1000001	1.33534E-05	285.165354
1.599999	3.8E-11	285.189877	0.1	1.40925E-05	285.189877
1.699999	3.93E-11	285.214573	0.1000001	1.48346E-05	285.214573
1.8	4.02E-11	285.239132	0.0999999	1.55795E-05	285.239132
1.9	4.13E-11	285.263639	0.1	1.63269E-05	285.263639
2	4.2E-11	285.28815	0.1000003	1.70753E-05	285.28815
2.099999	3.61E-11	285.334661	0.1	1.78198E-05	285.334661
2.19999	4.06E-11	285.359516	0.1000001	1.85699E-05	285.359516
2.29999	4.22E-11	285.384033	0.0999998	1.93256E-05	285.384033
2.39999	4.35E-11	285.408563	0.1000002	2.00821E-05	285.408563
2.49999	4.39E-11	285.433138	0.1	2.08398E-05	285.433138
2.59999	4.51E-11	285.457665	0.0999998	2.15986E-05	285.457665
2.69999	4.52E-11	285.48221	0.1	2.23593E-05	285.48221
2.79999	4.56E-11	285.506755	0.1000001	2.31197E-05	285.506755
2.89999	4.65E-11	285.531289	0.1000001	2.38816E-05	285.531289
2.99999	4.65E-11	285.556093	0.1000001	2.46446E-05	285.556093
3.09999	4.66E-11	285.58064	0.1000001	2.54083E-05	285.58064
3.19999	4.73E-11	285.605164	0.0999999	2.61726E-05	285.605164
3.29999	4.78E-11	285.629672	0.1000001	2.69377E-05	285.629672
3.39999	4.84E-11	285.654165	0.0999998	2.77046E-05	285.654165
3.49999	4.81E-11	285.678686	0.1000001	2.84716E-05	285.678686
3.59999	4.86E-11	285.703196	0.1000001	2.92393E-05	285.703196
3.69999	4.87E-11	285.727736	0.1	3.00081E-05	285.727736
3.79999	4.91E-11	285.752235	0.1000002	3.07775E-05	285.752235
3.89999	4.93E-11	285.77679	0.0999998	3.1548E-05	285.77679
3.99999	4.23E-11	285.833485	0.0999999	3.23088E-05	285.833485
4.09999	4.8E-11	285.858095	0.1000001	3.30843E-05	285.858095
4.19999	4.81E-11	285.882672	0.0999999	3.38588E-05	285.882672
4.29999	4.87E-11	285.907192	0.1000001	3.4634E-05	285.907192
4.39999	4.94E-11	285.931761	0.1000001	3.54093E-05	285.931761
4.49999	4.95E-11	285.956253	0.1000001	3.61854E-05	285.956253
4.59999	4.96E-11	285.980796	0.1000001	3.69631E-05	285.980796
4.69999	5.04E-11	286.005313	0.0999999	3.77421E-05	286.005313
4.79999	5.06E-11	286.029824	0.1	3.85212E-05	286.029824
4.89999	5.03E-11	286.054428	0.0999999	3.93012E-05	286.054428
4.99999	5.13E-11	286.078974	0.1	4.00827E-05	286.078974
5.09999	5.18E-11	286.103489	0.1	4.08657E-05	286.103489
5.19999	5.13E-11	286.12805	0.1	4.16491E-05	286.12805
5.29999	5.24E-11	286.152585	0.1000001	4.24342E-05	286.152585
5.39999	5.26E-11	286.177102	0.1000001	4.32201E-05	286.177102
5.49999	5.28E-11	286.201628	0.1000002	4.40075E-05	286.201628
5.59999	5.24E-11	286.226252	0.1000002	4.47964E-05	286.226252
5.69999	5.3E-11	286.250769	0.0999999	4.5585E-05	286.250769
5.79999	5.31E-11	286.2753	0.1000002	4.63755E-05	286.2753
5.89999	4.61E-11	286.335569	0.1000001	4.71565E-05	286.335569
5.99999	5.12E-11	286.360231	0.1	4.79527E-05	286.360231
6.09999	5.23E-11	286.384739	0.1	4.87483E-05	286.384739
6.19999	5.24E-11	286.409269	0.1	4.95437E-05	286.409269
6.29999	5.27E-11	286.433871	0.1000002	5.03418E-05	286.433871
6.39999	5.31E-11	286.458412	0.1000001	5.11408E-05	286.458412
6.49999	5.32E-11	286.482915	0.1000004	5.19398E-05	286.482915
6.59999	5.32E-11	286.50746	0.1	5.27409E-05	286.50746
6.69999	5.39E-11	286.531954	0.1	5.35421E-05	286.531954
6.79999	5.39E-11	286.556597	0.1	5.43452E-05	286.556597
6.89999	5.39E-11	286.581115	0.1000001	5.51488E-05	286.581115
6.99999	5.43E-11	286.605636	0.1	5.59544E-05	286.605636
7.09999	5.45E-11	286.630143	0.1	5.67618E-05	286.630143
7.19999	5.5E-11	286.654682	0.1000001	5.7569E-05	286.654682
7.29999	5.43E-11	286.679209	0.1000001	5.8378E-05	286.679209
7.39999	5.48E-11	286.703749	0.1	5.9188E-05	286.703749
7.49999	5.5E-11	286.728272	0.1000001	5.99998E-05	286.728272
7.59999	5.54E-11	286.752779	0.1000003	6.0812E-05	286.752779
7.69999	5.47E-11	286.777355	0.1	6.16261E-05	286.777355
7.79999	4.87E-11	286.837024	0.1000001	6.24314E-05	286.837024
7.89999	5.41E-11	286.86167	0.1000001	6.32512E-05	286.86167
7.99999	5.49E-11	286.886312	0.1000002	6.40711E-05	286.886312
8.09999	5.52E-11	286.910929	0.0999999	6.48907E-05	286.910929
8.19999	5.52E-11	286.935526	0.1000001	6.57109E-05	286.935526
8.29999	5.54E-11	286.960041	0.0999999	6.65327E-05	286.960041
8.39999	5.58E-11	286.98457	0.1000001	6.73558E-05	286.98457
8.49999	5.57E-11	287.009042	0.1000001	6.81795E-05	287.009042
8.59999	5.6E-11	287.03358	0.1000002	6.90051E-05	287.03358
8.69999	5.66E-11	287.058091	0.1000001	6.98318E-05	287.058091
8.79999	5.67E-11	287.082615	0.1000001	7.06595E-05	287.082615
8.89999	5.7E-11	287.107131	0.1000003	7.14883E-05	287.107131
8.99999	5.73E-11	287.131655	0.0999999	7.23185E-05	287.131655
9.09999	5.74E-11	287.156151	0.0999998	7.31501E-05	287.156151
9.19999	5.74E-11	287.18067	0.1000001	7.39825E-05	287.18067
9.29999	5.7E-11	287.20519	0.1000001	7.48131E-05	287.20519
9.39999	5.75E-11	287.229779	0.0999999	7.56504E-05	287.229779
9.49999	5.76E-11	287.254291	0.1	7.64893E-05	287.254291
9.59999	5.73E-11	287.278834	0.1000002	7.73287E-05	287.278834
9.69999	5.13E-11	287.338288	0.1	7.81617E-05	287.338288
9.79999	5.56E-11	287.362921	0.1	7.90044E-05	287.362921
9.89999	5.67E-11	287.387432	0.0999999	7.98477E-05	287.387432
9.99999	5.76E-11	287.412037	0.0999999	8.06922E-05	287.412037
9.9	4.39E-11	287.4366	0.1000001	7.98337E-05	287.4366
9.8	4.08E-11	287.461122	0.1000002	7.89813E-05	287.461122
9.7	3.83E-11	287.485668	0.0999997	7.81318E-05	287.485668
9.6	3.75E-11	287.510246	0.1000001	7.72836E-05	287.510246
9.5	3.53E-11	287.534758	0.1000001	7.64383E-05	287.534758
9.4	3.45E-11	287.559375	0.0999999	7.55936E-05	287.559375
9.3	3.29E-11	287.583904	0.1	7.47509E-05	287.583904
9.2	3.19E-11	287.608425	0.1	7.39102E-05	287.608425
9.1	3.14E-11	287.632967	0.0999997	7.30693E-05	287.632967
9	3.05E-11	287.657476	0.1	7.22312E-05	287.657476
8.9	2.98E-11	287.681976	0.1	7.13982E-05	287.681976
8.8	2.86E-11	287.706497	0.1000001	7.05615E-05	287.706497
8.7	2.82E-11	287.730998	0.0999998	6.97244E-05	287.730998
8.6	2.76E-11	287.755491	0.1000001	6.88897E-05	287.755491
8.5	2.68E-11	287.780012	0.1000001	6.80568E-05	287.780012
8.4	3.3E-11	287.840082	0.1000001	6.72284E-05	287.840082
8.3	2.79E-11	287.864694	0.1	6.63965E-05	287.864694
8.2	2.69E-11	287.889297	0.0999998	6.5566E-05	287.889297
8.1	2.56E-11	287.913814	0.0999997	6.47379E-05	287.913814
8	2.51E-11	287.938397	0.1000001	6.39116E-05	287.938397
7.9	2.45E-11	287.962937	0.0999999	6.30853E-05	287.962937
7.8	2.43E-11	287.987466	0.1	6.22616E-05	287.987466
7.7	2.35E-11	288.011981	0.1	6.14386E-05	288.011981
7.6	2.31E-11	288.036534	0.1	6.06175E-05	288.036534
7.5	2.28E-11	288.061055	0.1000001	5.97965E-05	288.061055
7.4	2.28E-11	288.085652	0.1000002	5.89766E-05	288.085652
7.3	2.2E-11	288.110193	0.0999999	5.81601E-05	288.110193
7.2	2.18E-11	288.13472	0.0999999	5.7344E-05	288.13472
7.1	2.1E-11	288.159223	0.0999998	5.65281E-05	288.159223
7	2.07E-11	288.183771	0.1	5.57139E-05	288.183771
6.9	2.72E-11	288.232992	0.1000001	5.49048E-05	288.232992
6.8	2.14E-11	288.260231	0.0999997	5.40931E-05	288.260231
6.7	2.09E-11	288.284749	0.0999999	5.32826E-05	288.284749
6.6	2.65E-11	288.34165	0.0999998	5.24773E-05	288.34165
6.5	2.13E-11	288.366273	0.1	5.16681E-05	288.366273
6.4	2.05E-11	288.390789	0.1000002	5.08606E-05	288.390789
6.3	1.94E-11	288.415356	0.0999998	5.00546E-05	288.415356
6.2	1.85E-11	288.439871	0.0999998	4.92497E-05	288.439871
6.1	1.81E-11	288.464409	0.1000002	4.84466E-05	288.464409
6	1.75E-11	288.488918	0.1	4.76435E-05	288.488918
5.9	1.76E-11	288.513438	0.1000001	4.68426E-05	288.513438
5.8	1.7E-11	288.537949	0.0999998	4.60421E-05	288.537949
5.7	1.66E-11	288.56247	0.0999999	4.52434E-05	288.56247
5.6	1.56E-11	288.587066	0.0999997	4.44461E-05	288.587066
5.5	1.57E-11	288.611635	0.1	4.36492E-05	288.611635
5.4	1.55E-11	288.636165	0.0999999	4.28541E-05	288.636165
5.3	1.5E-11	288.660701	0.0999999	4.20596E-05	288.660701
5.2	1.46E-11	288.685242	0.1	4.1266E-05	288.685242
5.1	1.41E-11	288.7098	0.0999999	4.04744E-05	288.7098
5	1.36E-11	288.734331	0.0999998	3.96844E-05	288.734331
4.9	1.34E-11	288.758871	0.1000002	3.8894E-05	288.758871
4.8	1.26E-11	288.783428	0.1	3.8106E-05	288.783428
4.7	1.91E-11	288.84304	0.1000002	3.73242E-05	288.84304
4.6	1.36E-11	288.867631	0.0999998	3.65376E-05	288.867631
4.5	1.21E-11	288.892138	0.0999997	3.57531E-05	288.892138
4.4	1.13E-11	288.916758	0.1	3.49689E-05	288.916758
4.3	1.08E-11	288.941343	0.0999998	3.41866E-05	288.941343
4.2	9.9E-12	288.965845	0.1	3.34053E-05	288.965845
4.1	9.6E-12	288.99039	0.1000001	3.26255E-05	288.99039
4	8.7E-12	289.014897	0.0999999	3.18462E-05	289.014897
3.9	8.2E-12	289.039442	0.1	3.10693E-05	289.039442
3.8	7.8E-12	289.064047	0.0999999	3.02929E-05	289.064047
3.7	7.2E-12	289.088583	0.1000001	2.95182E-05	289.088583
3.6	6.8E-12	289.11312	0.0999999	2.87443E-05	289.11312
3.5	5.9E-12	289.137649	0.0999999	2.79717E-05	289.137649
3.4	5.2E-12	289.16216	0.1	2.72002E-05	289.16216
3.3	4.3E-12	289.186669	0.0999999	2.64309E-05	289.186669
3.2	4.4E-12	289.211177	0.1	2.5662E-05	289.211177
3.1	3.3E-12	289.235815	0.1	2.48949E-05	289.235815
3	2.2E-12	289.260399	0.0999998	2.41291E-05	289.260399
2.9	1.9E-12	289.284914	0.1	2.33643E-05	289.284914
2.8	7.6E-12	289.340427	0.1000001	2.26064E-05	289.340427
2.7	2.2E-12	289.365056	0.1000001	2.18441E-05	289.365056
2.6	1.2E-12	289.389557	0.1	2.1084E-05	289.389557
2.5	-3E-13	289.414102	0.1	2.03257E-05	289.414102
2.4	-1.5E-12	289.43867	0.0999998	1.95687E-05	289.43867
2.3	-1.8E-12	289.463232	0.0999998	1.88144E-05	289.463232
2.2	-3.3E-12	289.487744	0.0999998	1.80614E-05	289.487744
2.099999	-7E-13	289.514154	0.1	1.7316E-05	289.514154
2	-5.5E-12	289.53875	0.0999998	1.65673E-05	289.53875
1.9	-5.4E-12	289.563494	0.1	1.58213E-05	289.563494
1.8	-7.4E-12	289.588116	0.0999999	1.50779E-05	289.588116
1.7	-8.4E-12	289.612675	0.0999999	1.43369E-05	289.612675
1.6	-9.3E-12	289.637268	0.0999999	1.36E-05	289.637268
1.5	-1.09E-11	289.661773	0.0999998	1.28657E-05	289.661773
1.4	-1.17E-11	289.686284	0.1	1.21364E-05	289.686284
1.3	-1.31E-11	289.71082	0.0999999	1.14117E-05	289.71082
1.2	-1.48E-11	289.735343	0.1000001	1.06926E-05	289.735343
1.1	-1.65E-11	289.759845	0.0999997	9.9802E-06	289.759845
1	-1.76E-11	289.784422	0.0999999	9.2751E-06	289.784422
0.9	-1.26E-11	289.848789	0.1	8.59102E-06	289.848789
0.8	-1.93E-11	289.873358	0.0999998	7.90244E-06	289.873358
0.7	-2.19E-11	289.897842	0.0999996	7.22543E-06	289.897842
0.6	-2.43E-11	289.922443	0.1000001	6.56098E-06	289.922443
0.5	-2.67E-11	289.946983	0.1	5.90925E-06	289.946983
0.4	-2.84E-11	289.971515	0.1	5.27189E-06	289.971515
0.3	-3.14E-11	289.996008	0.0999999	4.65061E-06	289.996008
0.1999998	-3.01E-11	290.022404	0.1	4.05001E-06	290.022404
0.0999997	-3.62E-11	290.046911	0.0999997	3.47064E-06	290.046911
-3E-07	-3.83E-11	290.071432	0.0999997	2.91902E-06	290.071432
#scan	iMeasureCycle=3	iMux=0	time=319.804	N=401	LocalTime=19/04/2023 16:24:57
#VGate(V)	IGate(A)	time(s)	VDrain(V)	IDrain(A)	time(s)
-1E-07	-1.69E-11	319.81145	0.0999999	3.05149E-06	319.81145
-0.1000003	-2.46E-11	319.836331	0.0999999	2.51114E-06	319.836331
-0.2000002	-2.56E-11	319.861938	0.1	2.01197E-06	319.861938
-0.3	-3.2E-11	319.88666	0.0999999	1.55808E-06	319.88666
-0.4	-3.52E-11	319.911245	0.0999999	1.1582E-06	319.911245
-0.5	-3.34E-11	319.938585	0.0999995	8.19879E-07	319.938585
-0.6	-3.95E-11	319.963174	0.0999995	5.42985E-07	319.963174
-0.7	-4.14E-11	319.987686	0.0999995	3.32652E-07	319.987686
-0.8	-4.33E-11	320.012228	0.0999998	1.84705E-07	320.012228
-0.9	-3.9E-11	320.049898	0.0999943	9.24406E-08	320.049898
-1.000001	-5.86E-11	320.073177	0.1000065	3.92277E-08	320.073177
-1.100001	-5.99E-11	320.096453	0.1000027	1.44035E-08	320.096453
-1.200001	-6.25E-11	320.119697	0.1000015	4.5362E-09	320.119697
-1.300001	-6.44E-11	320.142912	0.1000006	1.2385E-09	320.142912
-1.400001	-6.55E-11	320.166111	0.1000002	2.792E-10	320.166111
-1.500001	-6.45E-11	320.189392	0.0999999	4.32E-11	320.189392
-1.600001	-6.51E-11	320.212697	0.1000001	-2E-12	320.212697
-1.700001	-6.59E-11	320.235991	0.0999999	-9E-12	320.235991
-1.800001	-6.71E-11	320.259262	0.1000001	-9.6E-12	320.259262
-1.900001	-6.76E-11	320.282575	0.0999999	-9.6E-12	320.282575
-2.000001	-6.97E-11	320.305881	0.1000001	-9.6E-12	320.305881
-2.100001	-7.04E-11	320.329103	0.1000002	-9.7E-12	320.329103
-2.2	-4.89E-11	320.378901	0.0999998	-1.11E-11	320.378901
-2.3	-6.94E-11	320.40219	0.1000003	-9E-12	320.40219
-2.4	-6.82E-11	320.425571	0.1	-9.7E-12	320.425571
-2.5	-6.96E-11	320.448852	0.1000003	-9.6E-12	320.448852
-2.6	-7.17E-11	320.472131	0.1	-9.5E-12	320.472131
-2.7	-7.23E-11	320.495333	0.1000002	-9.1E-12	320.495333
-2.8	-7.09E-11	320.518621	0.1000003	-9.3E-12	320.518621
-2.9	-7.16E-11	320.541908	0.1000001	-9.3E-12	320.541908
-3	-7.4E-11	320.565113	0.1000001	-8.9E-12	320.565113
-3.1	-7.4E-11	320.588315	0.1000001	-9E-12	320.588315
-3.2	-7.41E-11	320.61156	0.1000001	-9.3E-12	320.61156
-3.3	-7.31E-11	320.634899	0.1000002	-9.4E-12	320.634899
-3.4	-7.52E-11	320.658125	0.1000001	-9.3E-12	320.658125
-3.5	-7.46E-11	320.68138	0.1	-8.5E-12	320.68138
-3.6	-7.45E-11	320.704684	0.1000001	-9.3E-12	320.704684
-3.7	-7.48E-11	320.727981	0.1	-9.3E-12	320.727981
-3.8	-7.67E-11	320.751193	0.1	-9.2E-12	320.751193
-3.9	-7.72E-11	320.774401	0.1000001	-9.1E-12	320.774401
-4	-7.55E-11	320.79769	0.1000001	-9.2E-12	320.79769
-4.1	-7.51E-11	320.820982	0.1000001	-9.3E-12	320.820982
-4.2	-5.61E-11	320.874656	0.1	-1.14E-11	320.874656
-4.3	-7.38E-11	320.898034	0.0999999	-9.5E-12	320.898034
-4.4	-7.67E-11	320.921255	0.1000001	-9.1E-12	320.921255
-4.5	-7.75E-11	320.944474	0.1000001	-8.8E-12	320.944474
-4.6	-7.78E-11	320.967738	0.1000002	-8.9E-12	320.967738
-4.7	-7.69E-11	320.991029	0.1000001	-8.8E-12	320.991029
-4.8	-7.68E-11	321.014323	0.1000002	-8.7E-12	321.014323
-4.9	-7.91E-11	321.037548	0.1000002	-8.5E-12	321.037548
-5	-7.99E-11	321.060754	0.1000002	-8.8E-12	321.060754
-5.1	-7.78E-11	321.084045	0.1000001	-9.2E-12	321.084045
-5.2	-7.82E-11	321.107325	0.1000002	-8.7E-12	321.107325
-5.3	-7.96E-11	321.130605	0.1	-9.1E-12	321.130605
-5.4	-8.04E-11	321.153814	0.1	-8.8E-12	321.153814
-5.5	-7.93E-11	321.177093	0.1000002	-9E-12	321.177093
-5.6	-8.14E-11	321.200286	0.1	-8.7E-12	321.200286
-5.7	-8.12E-11	321.223511	0.1000002	-8.5E-12	321.223511
-5.8	-8.16E-11	321.246727	0.1000002	-8.5E-12	321.246727
-5.9	-8E-11	321.270024	0.1	-8.6E-12	321.270024
-6	-8.2E-11	321.293331	0.1000002	-8.5E-12	321.293331
-6.1	-8.06E-11	321.316622	0.1	-8.8E-12	321.316622
-6.2	-6.04E-11	321.376105	0.1000002	-1.02E-11	321.376105
-6.3	-8.04E-11	321.399412	0.1	-8.8E-12	321.399412
-6.4	-8.11E-11	321.42271	0.0999999	-8.6E-12	321.42271
-6.5	-8.21E-11	321.445936	0.1000002	-8.4E-12	321.445936
-6.6	-8.01E-11	321.469287	0.1	-8.9E-12	321.469287
-6.7	-7.95E-11	321.492628	0.1000001	-9.1E-12	321.492628
-6.8	-8.32E-11	321.515828	0.1000002	-8.3E-12	321.515828
-6.9	-8.37E-11	321.539052	0.1000001	-9E-12	321.539052
-7	-8.2E-11	321.562342	0.1	-8.6E-12	321.562342
-7.1	-8.2E-11	321.58563	0.1	-8.8E-12	321.58563
-7.2	-8.34E-11	321.608863	0.1000001	-8.5E-12	321.608863
-7.3	-8.42E-11	321.63213	0.1000001	-8.7E-12	321.63213
-7.4	-8.28E-11	321.655424	0.1000002	-8.8E-12	321.655424
-7.5	-8.48E-11	321.678635	0.1000001	-8.4E-12	321.678635
-7.6	-8.51E-11	321.701849	0.1	-8.4E-12	321.701849
-7.7	-8.38E-11	321.72522	0.1000003	-8.7E-12	321.72522
-7.8	-8.33E-11	321.748511	0.1000004	-8.3E-12	321.748511
-7.9	-8.35E-11	321.771805	0.1	-8.7E-12	321.771805
-8	-8.55E-11	321.795025	0.1	-8.6E-12	321.795025
-8.1	-8.4E-11	321.81831	0.1000002	-8.3E-12	321.81831
-8.2	-6.44E-11	321.877655	0.0999998	-1.03E-11	321.877655
-8.3	-8.37E-11	321.900975	0.1000001	-8.6E-12	321.900975
-8.4	-8.44E-11	321.924195	0.1000002	-8.5E-12	321.924195
-8.5	-8.32E-11	321.947499	0.1000001	-8.8E-12	321.947499
-8.6	-8.29E-11	321.970864	0.1000003	-8.4E-12	321.970864
-8.7	-8.55E-11	321.994074	0.1000001	-8.6E-12	321.994074
-8.8	-8.43E-11	322.017366	0.1000001	-8.7E-12	322.017366
-8.9	-8.44E-11	322.040661	0.1000002	-8.5E-12	322.040661
-9	-8.64E-11	322.063869	0.1000001	-8.6E-12	322.063869
-9.1	-8.62E-11	322.087095	0.1000003	-8.6E-12	322.087095
-9.2	-8.61E-11	322.11034	0.1000001	-8.2E-12	322.11034
-9.3	-8.46E-11	322.133659	0.1000001	-8.3E-12	322.133659
-9.4	-8.56E-11	322.156951	0.0999999	-8.5E-12	322.156951
-9.5	-8.76E-11	322.180155	0.1	-8.3E-12	322.180155
-9.6	-8.78E-11	322.203361	0.1000004	-8.6E-12	322.203361
-9.7	-8.6E-11	322.226643	0.1000002	-8E-12	322.226643
-9.8	-8.61E-11	322.24995	0.1	-8.3E-12	322.24995
-9.9	-8.81E-11	322.273163	0.1	-7.9E-12	322.273163
-10	-8.82E-11	322.296466	0.1000001	-8.3E-12	322.296466
-9.90001	-4.67E-11	322.319834	0.0999998	-1.19E-11	322.319834
-9.80001	-6E-11	322.379205	0.0999998	-1E-11	322.379205
-9.70001	-3.9E-11	322.4025	0.0999998	-1.19E-11	322.4025
-9.60001	-3.83E-11	322.425802	0.0999998	-1.22E-11	322.425802
-9.50001	-3.51E-11	322.449026	0.0999998	-1.24E-11	322.449026
-9.40001	-3.38E-11	322.472313	0.0999997	-1.24E-11	322.472313
-9.30001	-3.3E-11	322.495534	0.0999996	-1.24E-11	322.495534
-9.20001	-3.32E-11	322.518817	0.0999997	-1.2E-11	322.518817
-9.10001	-3.28E-11	322.542106	0.0999996	-1.18E-11	322.542106
-9.00001	-3E-11	322.565322	0.0999996	-1.2E-11	322.565322
-8.90001	-2.94E-11	322.588534	0.0999996	-1.19E-11	322.588534
-8.80001	-2.89E-11	322.611773	0.0999999	-1.23E-11	322.611773
-8.70001	-3.28E-11	322.635373	0.0999998	-1.14E-11	322.635373
-8.60001	-2.72E-11	322.658597	0.0999997	-1.25E-11	322.658597
-8.50001	-2.84E-11	322.681886	0.0999997	-1.18E-11	322.681886
-8.40001	-2.78E-11	322.705187	0.0999997	-1.21E-11	322.705187
-8.30001	-2.56E-11	322.728391	0.0999997	-1.25E-11	322.728391
-8.20001	-2.46E-11	322.751609	0.0999997	-1.29E-11	322.751609
-8.10001	-2.58E-11	322.774888	0.0999999	-1.25E-11	322.774888
-8.00001	-2.4E-11	322.798108	0.0999997	-1.23E-11	322.798108
-7.90001	-2.38E-11	322.821338	0.0999998	-1.27E-11	322.821338
-7.80001	-3.26E-11	322.861632	0.0999998	-1.18E-11	322.861632
-7.70001	-4.24E-11	322.89624	0.0999999	-1.08E-11	322.89624
-7.6	-2.36E-11	322.919557	0.0999998	-1.23E-11	322.919557
-7.50001	-2.28E-11	322.942785	0.0999996	-1.21E-11	322.942785
-7.40001	-2.2E-11	322.966084	0.0999998	-1.22E-11	322.966084
-7.30001	-2.32E-11	322.989436	0.0999996	-1.21E-11	322.989436
-7.2	-2.16E-11	323.012658	0.0999998	-1.27E-11	323.012658
-7.10001	-2.11E-11	323.035878	0.0999997	-1.25E-11	323.035878
-7.00001	-2.25E-11	323.059174	0.0999997	-1.23E-11	323.059174
-6.90001	-2.16E-11	323.082454	0.0999998	-1.23E-11	323.082454
-6.80001	-2.01E-11	323.105675	0.0999996	-1.19E-11	323.105675
-6.70001	-1.96E-11	323.128904	0.0999996	-1.2E-11	323.128904
-6.60001	-1.84E-11	323.152124	0.0999997	-1.22E-11	323.152124
-6.50001	-1.99E-11	323.175418	0.0999998	-1.22E-11	323.175418
-6.40001	-1.8E-11	323.19861	0.0999996	-1.26E-11	323.19861
-6.30001	-1.78E-11	323.221821	0.0999997	-1.22E-11	323.221821
-6.20001	-1.66E-11	323.245046	0.0999998	-1.25E-11	323.245046
-6.10001	-1.82E-11	323.268339	0.0999996	-1.23E-11	323.268339
-6.00001	-1.63E-11	323.291647	0.0999996	-1.26E-11	323.291647
-5.90001	-1.59E-11	323.314868	0.0999996	-1.29E-11	323.314868
-5.80001	-1.55E-11	323.338102	0.0999995	-1.33E-11	323.338102
-5.70001	-3.58E-11	323.382284	0.1	-1.11E-11	323.382284
-5.60001	-1.77E-11	323.405666	0.0999996	-1.27E-11	323.405666
-5.50001	-1.49E-11	323.428876	0.0999997	-1.26E-11	323.428876
-5.40001	-1.49E-11	323.452105	0.0999997	-1.27E-11	323.452105
-5.30001	-1.43E-11	323.475359	0.0999998	-1.3E-11	323.475359
-5.20001	-1.57E-11	323.498648	0.0999997	-1.29E-11	323.498648
-5.1	-1.5E-11	323.52193	0.0999998	-1.31E-11	323.52193
-5.00001	-1.31E-11	323.545146	0.0999997	-1.29E-11	323.545146
-4.90001	-1.27E-11	323.568361	0.0999998	-1.27E-11	323.568361
-4.80001	-1.41E-11	323.591647	0.0999998	-1.28E-11	323.591647
-4.7	-1.74E-11	323.61515	0.0999996	-1.28E-11	323.61515
-4.60001	-1.12E-11	323.638417	0.0999998	-1.3E-11	323.638417
-4.50001	-1.26E-11	323.661709	0.0999999	-1.3E-11	323.661709
-4.40001	-1.04E-11	323.684921	0.0999998	-1.32E-11	323.684921
-4.3	-9.7E-12	323.70813	0.0999997	-1.28E-11	323.70813
-4.20001	-8.7E-12	323.731338	0.0999997	-1.35E-11	323.731338
-4.10001	-1.03E-11	323.754627	0.0999998	-1.28E-11	323.754627
-4.00001	-1.02E-11	323.77792	0.0999997	-1.28E-11	323.77792
-3.90001	-7.5E-12	323.801132	0.0999998	-1.33E-11	323.801132
-3.80001	-7E-12	323.82436	0.0999996	-1.31E-11	323.82436
-3.70001	-2.85E-11	323.884014	0.1000001	-1.18E-11	323.884014
-3.60001	-8.5E-12	323.907329	0.0999998	-1.4E-11	323.907329
-3.50001	-7E-12	323.930541	0.0999997	-1.38E-11	323.930541
-3.40001	-7.9E-12	323.95383	0.0999998	-1.34E-11	323.95383
-3.30001	-8.9E-12	323.977223	0.0999996	-1.34E-11	323.977223
-3.20001	-5.3E-12	324.000445	0.0999995	-1.4E-11	324.000445
-3.10001	-6.2E-12	324.023743	0.0999996	-1.38E-11	324.023743
-3.00001	-5.6E-12	324.047034	0.0999998	-1.41E-11	324.047034
-2.90001	-3.6E-12	324.070275	0.0999996	-1.43E-11	324.070275
-2.80001	-2.1E-12	324.09349	0.0999995	-1.36E-11	324.09349
-2.70001	-5.1E-12	324.116876	0.0999998	-1.35E-11	324.116876
-2.60001	-2.7E-12	324.140173	0.0999999	-1.41E-11	324.140173
-2.50001	-2E-13	324.163397	0.0999998	-1.4E-11	324.163397
-2.40001	7E-13	324.186611	0.0999997	-1.41E-11	324.186611
-2.30001	-2E-13	324.209897	0.0999996	-1.41E-11	324.209897
-2.20001	2E-13	324.233192	0.0999998	-1.4E-11	324.233192
-2.099999	-1.36E-11	324.258309	0.0999998	-1.27E-11	324.258309
-2	3.7E-12	324.281531	0.0999997	-1.44E-11	324.281531
-1.9	2.7E-12	324.304901	0.0999998	-1.42E-11	324.304901
-1.8	2.9E-12	324.328192	0.0999999	-1.39E-11	324.328192
-1.700001	-1.56E-11	324.385286	0.0999999	-1.01E-11	324.385286
-1.6	4.9E-12	324.408599	0.0999996	8.5E-12	324.408599
-1.5	6.3E-12	324.431811	0.0999997	1.19E-10	324.431811
-1.4	6.3E-12	324.455099	0.1000001	6.025E-10	324.455099
-1.3	7.2E-12	324.478447	0.1000007	2.3558E-09	324.478447
-1.199999	1.06E-11	324.50165	0.100002	7.8384E-09	324.50165
-1.1	1.16E-11	324.524853	0.1000041	2.25371E-08	324.524853
-1	1.13E-11	324.548131	0.1000076	5.58381E-08	324.548131
-0.900001	-7.7E-12	324.587653	0.1000002	1.17263E-07	324.587653
-0.8	-1.4E-12	324.612156	0.1000005	2.27548E-07	324.612156
-0.700001	3E-13	324.636792	0.1000006	3.91991E-07	324.636792
-0.6	2E-12	324.661325	0.1000009	6.17564E-07	324.661325
-0.5	3.4E-12	324.685858	0.1000011	9.06671E-07	324.685858
-0.400001	-4E-13	324.72039	0.1	1.24996E-06	324.72039
-0.3	5.8E-12	324.744909	0.1000003	1.65916E-06	324.744909
-0.2000001	4.4E-12	324.771318	0.1	2.1155E-06	324.771318
-0.0999997	9E-12	324.795827	0.1000001	2.61647E-06	324.795827
6E-07	1.13E-11	324.820336	0.1	3.15347E-06	324.820336
0.1000004	1.35E-11	324.844845	0.1	3.72202E-06	324.844845
0.2000001	9E-12	324.893472	0.1000001	4.30659E-06	324.893472
0.299999	1.57E-11	324.91827	0.1000001	4.92518E-06	324.91827
0.4	1.83E-11	324.942777	0.1	5.56056E-06	324.942777
0.5	1.99E-11	324.967417	0.1	6.20986E-06	324.967417
0.599999	2.21E-11	324.992027	0.1000003	6.87325E-06	324.992027
0.7	2.42E-11	325.016531	0.1000002	7.54795E-06	325.016531
0.799999	2.64E-11	325.041088	0.1000001	8.23325E-06	325.041088
0.899999	2.76E-11	325.065611	0.1000002	8.92953E-06	325.065611
0.999999	2.99E-11	325.090128	0.0999999	9.63385E-06	325.090128
1.1	3.19E-11	325.114632	0.0999999	1.034675E-05	325.114632
1.199999	2.88E-11	325.149247	0.0999999	1.10559E-05	325.149247
1.299999	3.42E-11	325.173768	0.1	1.17824E-05	325.173768
1.4	3.55E-11	325.198283	0.1	1.2513E-05	325.198283
1.5	3.73E-11	325.22278	0.1000001	1.32481E-05	325.22278
1.6	3.81E-11	325.247296	0.1000001	1.39866E-05	325.247296
1.699999	3.95E-11	325.271802	0.1000002	1.47275E-05	325.271802
1.8	4.03E-11	325.296365	0.1000002	1.54715E-05	325.296365
1.9	4.15E-11	325.320882	0.1000001	1.62181E-05	325.320882
1.999999	4.2E-11	325.345413	0.0999998	1.69671E-05	325.345413
2.099999	3.59E-11	325.392253	0.1000001	1.77109E-05	325.392253
2.19999	4.15E-11	325.417094	0.1000002	1.8461E-05	325.417094
2.29999	4.25E-11	325.441614	0.1000002	1.92163E-05	325.441614
2.39999	4.37E-11	325.4662	0.0999999	1.99731E-05	325.4662
2.49999	4.38E-11	325.490808	0.1000001	2.07316E-05	325.490808
2.59999	4.47E-11	325.515307	0.1	2.14909E-05	325.515307
2.69999	4.5E-11	325.539819	0.0999999	2.22518E-05	325.539819
2.79999	4.58E-11	325.564345	0.0999999	2.30132E-05	325.564345
2.89999	4.63E-11	325.588881	0.1000001	2.37761E-05	325.588881
2.99999	4.67E-11	325.613388	0.1000001	2.45401E-05	325.613388
3.09999	4.72E-11	325.63803	0.1000001	2.5305E-05	325.63803
3.19999	4.76E-11	325.662557	0.1	2.60705E-05	325.662557
3.29999	4.79E-11	325.687069	0.1000001	2.68382E-05	325.687069
3.39999	4.86E-11	325.711578	0.1000001	2.76059E-05	325.711578
3.49999	4.86E-11	325.73613	0.0999999	2.83747E-05	325.73613
3.59999	4.91E-11	325.760653	0.0999998	2.91437E-05	325.760653
3.69999	4.92E-11	325.785166	0.0999999	2.99144E-05	325.785166
3.79999	4.95E-11	325.809678	0.1	3.06855E-05	325.809678
3.89999	4.96E-11	325.834206	0.1000001	3.1457E-05	325.834206
3.99999	4.3E-11	325.891223	0.0999999	3.22208E-05	325.891223
4.09999	4.84E-11	325.915837	0.1000003	3.29965E-05	325.915837
4.19999	4.92E-11	325.940374	0.0999999	3.3772E-05	325.940374
4.29999	4.95E-11	325.964903	0.1	3.45482E-05	325.964903
4.39999	4.94E-11	325.989463	0.1000003	3.5325E-05	325.989463
4.49999	5E-11	326.013986	0.1000002	3.61022E-05	326.013986
4.59999	5E-11	326.038558	0.0999999	3.68806E-05	326.038558
4.69999	5.04E-11	326.063097	0.1	3.76599E-05	326.063097
4.79999	5.09E-11	326.087646	0.0999999	3.84405E-05	326.087646
4.89999	5.08E-11	326.112186	0.1000001	3.92215E-05	326.112186
4.99999	5.15E-11	326.136711	0.0999998	4.00032E-05	326.136711
5.09999	5.14E-11	326.161229	0.0999999	4.07865E-05	326.161229
5.19999	5.16E-11	326.185775	0.1000002	4.15707E-05	326.185775
5.29999	5.23E-11	326.210283	0.1000001	4.23559E-05	326.210283
5.39999	5.27E-11	326.234794	0.1000001	4.3142E-05	326.234794
5.49999	5.28E-11	326.259313	0.1	4.39304E-05	326.259313
5.59999	5.34E-11	326.283824	0.1	4.47191E-05	326.283824
5.69999	5.31E-11	326.308422	0.1	4.55083E-05	326.308422
5.79999	5.31E-11	326.332927	0.0999999	4.62993E-05	326.332927
5.89999	4.65E-11	326.393002	0.0999999	4.70803E-05	326.393002
5.99999	5.14E-11	326.417638	0.1	4.78772E-05	326.417638
6.09999	5.24E-11	326.442182	0.1000002	4.86732E-05	326.442182
6.19999	5.28E-11	326.46671	0.1	4.94692E-05	326.46671
6.29999	5.29E-11	326.491373	0.1000002	5.02669E-05	326.491373
6.39999	5.31E-11	326.515886	0.1000002	5.10659E-05	326.515886
6.49999	5.4E-11	326.540412	0.1000001	5.18642E-05	326.540412
6.59999	5.42E-11	326.564951	0.1	5.26657E-05	326.564951
6.69999	5.46E-11	326.589482	0.1000001	5.34675E-05	326.589482
6.79999	5.48E-11	326.613982	0.0999999	5.42705E-05	326.613982
6.89999	5.42E-11	326.638607	0.1000002	5.50745E-05	326.638607
6.99999	5.44E-11	326.663107	0.1000001	5.58796E-05	326.663107
7.09999	5.49E-11	326.687662	0.1000001	5.66876E-05	326.687662
7.19999	5.45E-11	326.712176	0.1	5.74955E-05	326.712176
7.29999	5.47E-11	326.736704	0.1000002	5.83042E-05	326.736704
7.39999	5.52E-11	326.761233	0.1000003	5.91147E-05	326.761233
7.49999	5.58E-11	326.785776	0.1	5.99268E-05	326.785776
7.59999	5.61E-11	326.810288	0.0999998	6.07387E-05	326.810288
7.69999	5.56E-11	326.834816	0.1000002	6.15528E-05	326.834816
7.79999	4.91E-11	326.894431	0.0999999	6.2359E-05	326.894431
7.89999	5.4E-11	326.919039	0.1	6.31781E-05	326.919039
7.99999	5.54E-11	326.943551	0.0999999	6.3998E-05	326.943551
8.09999	5.54E-11	326.968112	0.1000001	6.48172E-05	326.968112
8.19999	5.45E-11	326.992764	0.1000001	6.56378E-05	326.992764
8.29999	5.54E-11	327.017282	0.1000002	6.646E-05	327.017282
8.39999	5.55E-11	327.041805	0.1000001	6.72836E-05	327.041805
8.49999	5.6E-11	327.066359	0.1	6.81073E-05	327.066359
8.59999	5.59E-11	327.090889	0.0999999	6.89334E-05	327.090889
8.69999	5.64E-11	327.115378	0.1000001	6.97602E-05	327.115378
8.79999	5.68E-11	327.139927	0.0999999	7.05882E-05	327.139927
8.89999	5.68E-11	327.164434	0.1000002	7.1417E-05	327.164434
8.99999	5.69E-11	327.188953	0.1	7.2247E-05	327.188953
9.09999	5.7E-11	327.213466	0.1000002	7.30786E-05	327.213466
9.19999	5.73E-11	327.238013	0.1000003	7.39116E-05	327.238013
9.29999	5.74E-11	327.262513	0.0999999	7.47431E-05	327.262513
9.39999	5.74E-11	327.287044	0.1000002	7.55802E-05	327.287044
9.49999	5.8E-11	327.311646	0.0999999	7.64196E-05	327.311646
9.59999	5.76E-11	327.336158	0.1000002	7.72588E-05	327.336158
9.69999	5.16E-11	327.391575	0.1000001	7.80923E-05	327.391575
9.79999	5.6E-11	327.416156	0.0999999	7.89357E-05	327.416156
9.89999	5.69E-11	327.440676	0.1	7.978E-05	327.440676
9.99999	5.7E-11	327.465217	0.1000002	8.06229E-05	327.465217
9.9	4.35E-11	327.4898	0.1000001	7.97648E-05	327.4898
9.8	4.07E-11	327.514329	0.0999999	7.89124E-05	327.514329
9.7	3.83E-11	327.538869	0.0999999	7.80618E-05	327.538869
9.6	3.62E-11	327.563381	0.0999998	7.72149E-05	327.563381
9.5	3.49E-11	327.587887	0.1	7.63687E-05	327.587887
9.4	3.39E-11	327.612408	0.0999998	7.5524E-05	327.612408
9.3	3.29E-11	327.637022	0.0999999	7.46813E-05	327.637022
9.2	3.21E-11	327.66158	0.0999999	7.38403E-05	327.66158
9.1	3.09E-11	327.686177	0.0999999	7.30006E-05	327.686177
9	3E-11	327.710687	0.0999998	7.2163E-05	327.710687
8.9	2.96E-11	327.735217	0.1000001	7.13287E-05	327.735217
8.8	2.83E-11	327.759718	0.0999998	7.04909E-05	327.759718
8.7	2.82E-11	327.784236	0.0999999	6.96544E-05	327.784236
8.6	2.72E-11	327.808752	0.0999998	6.88205E-05	327.808752
8.5	2.68E-11	327.833266	0.1	6.79859E-05	327.833266
8.4	3.38E-11	327.895801	0.1000001	6.71583E-05	327.895801
8.3	2.8E-11	327.920456	0.0999999	6.63269E-05	327.920456
8.2	2.71E-11	327.944973	0.1000001	6.54968E-05	327.944973
8.1	2.6E-11	327.969521	0.1000001	6.46686E-05	327.969521
8	2.52E-11	327.994081	0.1	6.38413E-05	327.994081
7.9	2.44E-11	328.018601	0.1000001	6.30159E-05	328.018601
7.8	2.41E-11	328.043104	0.0999999	6.21912E-05	328.043104
7.7	2.39E-11	328.067621	0.0999999	6.13693E-05	328.067621
7.6	2.28E-11	328.09217	0.0999999	6.0547E-05	328.09217
7.5	2.27E-11	328.116695	0.0999998	5.97269E-05	328.116695
7.4	2.21E-11	328.141232	0.1000001	5.89079E-05	328.141232
7.3	2.2E-11	328.165764	0.1000001	5.80895E-05	328.165764
7.2	2.16E-11	328.190295	0.0999999	5.72737E-05	328.190295
7.1	2.13E-11	328.214842	0.0999999	5.64589E-05	328.214842
7	2.06E-11	328.239344	0.1	5.56439E-05	328.239344
6.9	2.07E-11	328.263899	0.1000002	5.48306E-05	328.263899
6.8	2E-11	328.288406	0.1000001	5.40189E-05	328.288406
6.7	1.98E-11	328.313038	0.0999999	5.32081E-05	328.313038
6.6	1.88E-11	328.337568	0.1000001	5.23988E-05	328.337568
6.5	2.51E-11	328.398797	0.1000001	5.15961E-05	328.398797
6.4	2.02E-11	328.423405	0.1	5.07887E-05	328.423405
6.3	1.92E-11	328.44803	0.1000002	4.99825E-05	328.44803
6.2	1.85E-11	328.472545	0.0999999	4.91775E-05	328.472545
6.1	1.87E-11	328.497143	0.0999999	4.8374E-05	328.497143
6	1.78E-11	328.521658	0.1	4.75715E-05	328.521658
5.9	1.73E-11	328.546182	0.1	4.67701E-05	328.546182
5.8	1.64E-11	328.570682	0.0999998	4.59694E-05	328.570682
5.7	1.62E-11	328.595198	0.1	4.51697E-05	328.595198
5.6	1.55E-11	328.619741	0.1	4.43728E-05	328.619741
5.5	1.52E-11	328.644377	0.1	4.35762E-05	328.644377
5.4	1.51E-11	328.668881	0.0999998	4.2781E-05	328.668881
5.3	1.44E-11	328.693398	0.0999998	4.19867E-05	328.693398
5.2	1.41E-11	328.71797	0.1000002	4.11943E-05	328.71797
5.1	1.34E-11	328.742492	0.1	4.04022E-05	328.742492
5	1.3E-11	328.767033	0.0999999	3.96114E-05	328.767033
4.9	1.19E-11	328.791538	0.1	3.8822E-05	328.791538
4.8	1.24E-11	328.816204	0.1000001	3.80341E-05	328.816204
4.7	1.19E-11	328.840749	0.1000001	3.72475E-05	328.840749
4.6	1.74E-11	328.895576	0.1000001	3.64656E-05	328.895576
4.5	1.3E-11	328.920138	0.0999999	3.568E-05	328.920138
4.4	1.15E-11	328.944658	0.1	3.4896E-05	328.944658
4.3	1.1E-11	328.969218	0.0999999	3.41133E-05	328.969218
4.2	1.02E-11	328.99378	0.1	3.33326E-05	328.99378
4.1	9.6E-12	329.018383	0.0999998	3.25528E-05	329.018383
4	8.5E-12	329.042933	0.0999998	3.17738E-05	329.042933
3.9	8.5E-12	329.067473	0.0999998	3.09964E-05	329.067473
3.8	7.3E-12	329.091992	0.0999999	3.02198E-05	329.091992
3.7	7E-12	329.116632	0.1000001	2.94454E-05	329.116632
3.6	6.2E-12	329.141188	0.1000001	2.86715E-05	329.141188
3.5	5.9E-12	329.165739	0.1	2.78992E-05	329.165739
3.4	5E-12	329.190234	0.0999998	2.71279E-05	329.190234
3.3	4.6E-12	329.214779	0.1	2.63584E-05	329.214779
3.2	3.9E-12	329.239304	0.0999998	2.559E-05	329.239304
3.1	3.4E-12	329.263832	0.0999998	2.48224E-05	329.263832
3	2.5E-12	329.288365	0.0999999	2.4057E-05	329.288365
2.9	1.9E-12	329.312971	0.1	2.32925E-05	329.312971
2.8	1.3E-12	329.337492	0.1000001	2.25303E-05	329.337492
2.7	8.3E-12	329.395633	0.1000001	2.17746E-05	329.395633
2.6	1.5E-12	329.420211	0.0999999	2.10128E-05	329.420211
2.5	4E-13	329.444742	0.1000001	2.02548E-05	329.444742
2.4	-8E-13	329.469254	0.0999998	1.94988E-05	329.469254
2.3	-1.4E-12	329.493845	0.0999999	1.87439E-05	329.493845
2.2	-2.6E-12	329.518365	0.1	1.79911E-05	329.518365
2.099999	-7E-13	329.544794	0.1000001	1.72456E-05	329.544794
2	-4.8E-12	329.56933	0.1	1.64965E-05	329.56933
1.9	-6.2E-12	329.593844	0.1	1.5751E-05	329.593844
1.8	-7.6E-12	329.618367	0.0999999	1.50076E-05	329.618367
1.7	-8.3E-12	329.642967	0.1000001	1.42675E-05	329.642967
1.6	-9.9E-12	329.667474	0.0999999	1.35302E-05	329.667474
1.5	-1.12E-11	329.69202	0.0999999	1.2797E-05	329.69202
1.4	-1.29E-11	329.716554	0.1000001	1.20677E-05	329.716554
1.3	-1.4E-11	329.741072	0.1000001	1.13433E-05	329.741072
1.2	-1.55E-11	329.765608	0.1	1.06247E-05	329.765608
1.1	-1.69E-11	329.790156	0.0999999	9.9128E-06	329.790156
1	-1.83E-11	329.814721	0.0999999	9.2086E-06	329.814721
0.9	-1.66E-11	329.841816	0.0999999	8.51888E-06	329.841816
0.8	-1.5E-11	329.902585	0.1000001	7.83956E-06	329.902585
0.7	-2.17E-11	329.927196	0.0999999	7.16267E-06	329.927196
0.6	-2.42E-11	329.951709	0.1	6.49892E-06	329.951709
0.5	-2.7E-11	329.976257	0.1	5.84861E-06	329.976257
0.4	-2.93E-11	330.000842	0.0999998	5.21255E-06	330.000842
0.3	-3.15E-11	330.025425	0.0999998	4.59324E-06	330.025425
0.1999999	-3.05E-11	330.05183	0.0999999	3.99481E-06	330.05183
0.0999997	-3.63E-11	330.07635	0.0999999	3.41814E-06	330.07635
-5E-07	-3.86E-11	330.100833	0.1000001	2.86962E-06	330.100833
