#scan	iMeasureCycle=1	iMux=0	time=0.022	N=401	LocalTime=19/04/2023 18:25:38
#VGate(V)	IGate(A)	time(s)	VDrain(V)	IDrain(A)	time(s)
-3E-07	-1.627E-10	0.02487	0.0999999	5.62252E-06	0.02487
-0.1000004	-2.215E-10	0.049774	0.1000002	4.95678E-06	0.049774
-0.2000002	-2.708E-10	0.074278	0.0999997	4.31389E-06	0.074278
-0.300001	-2.09E-10	0.09911	0.1	3.69664E-06	0.09911
-0.4	-1.197E-10	0.123602	0.0999999	3.1109E-06	0.123602
-0.5	-9.32E-11	0.148116	0.0999997	2.56222E-06	0.148116
-0.6	-8.01E-11	0.172607	0.0999998	2.05623E-06	0.172607
-0.7	-7.27E-11	0.197175	0.0999998	1.5998E-06	0.197175
-0.8	-6.74E-11	0.221689	0.1	1.1992E-06	0.221689
-0.9	-6.01E-11	0.249122	0.0999995	8.60719E-07	0.249122
-1	-6.19E-11	0.273618	0.0999996	5.82964E-07	0.273618
-1.1	-6.1E-11	0.298144	0.0999994	3.68955E-07	0.298144
-1.2	-6E-11	0.322644	0.0999996	2.14721E-07	0.322644
-1.3	-5.91E-11	0.347169	0.0999997	1.12742E-07	0.347169
-1.4	-5.19E-11	0.384819	0.0999955	5.33846E-08	0.384819
-1.500001	-7.02E-11	0.408108	0.1000042	2.13923E-08	0.408108
-1.600001	-7.07E-11	0.431382	0.1000018	7.4658E-09	0.431382
-1.700001	-7.1E-11	0.454655	0.1000008	2.2559E-09	0.454655
-1.800001	-7.14E-11	0.477925	0.1000005	5.802E-10	0.477925
-1.900001	-7.35E-11	0.50114	0.1000002	1.218E-10	0.50114
-2.000001	-7.41E-11	0.524408	0.1000004	1.47E-11	0.524408
-2.100001	-7.36E-11	0.547625	0.1000003	-6.5E-12	0.547625
-2.2	-5.26E-11	0.593251	0.0999999	-1.16E-11	0.593251
-2.3	-7.18E-11	0.616501	0.1000002	-1.07E-11	0.616501
-2.4	-7.35E-11	0.639713	0.1000003	-1.07E-11	0.639713
-2.5	-7.35E-11	0.662925	0.1000003	-1.05E-11	0.662925
-2.6	-7.23E-11	0.686265	0.1000001	-1.03E-11	0.686265
-2.7	-7.45E-11	0.709519	0.1000002	-1.02E-11	0.709519
-2.8	-7.44E-11	0.732752	0.1000002	-1.04E-11	0.732752
-2.9	-7.36E-11	0.756123	0.1000004	-1.03E-11	0.756123
-3	-7.37E-11	0.779418	0.1000002	-1.02E-11	0.779418
-3.1	-7.46E-11	0.802814	0.1000003	-1.06E-11	0.802814
-3.2	-7.5E-11	0.826171	0.1000002	-1.05E-11	0.826171
-3.3	-7.58E-11	0.849431	0.1000002	-1.02E-11	0.849431
-3.4	-7.77E-11	0.872648	0.1000001	-1.01E-11	0.872648
-3.5	-7.78E-11	0.895873	0.1000002	-9.5E-12	0.895873
-3.6	-7.64E-11	0.919162	0.1000003	-9.9E-12	0.919162
-3.7	-7.62E-11	0.942457	0.1000001	-1.01E-11	0.942457
-3.8	-7.85E-11	0.965659	0.1000002	-1.03E-11	0.965659
-3.9	-7.82E-11	0.988898	0.1000003	-9.9E-12	0.988898
-4	-7.71E-11	1.012199	0.1000001	-1.02E-11	1.012199
-4.1	-7.75E-11	1.035485	0.1000003	-1.03E-11	1.035485
-4.2	-5.84E-11	1.083735	0.1000001	-1.17E-11	1.083735
-4.3	-7.79E-11	1.106972	0.1000003	-1E-11	1.106972
-4.4	-7.71E-11	1.130265	0.1000003	-9.4E-12	1.130265
-4.5	-7.75E-11	1.153552	0.1000002	-9.6E-12	1.153552
-4.6	-7.98E-11	1.176835	0.1000002	-9.7E-12	1.176835
-4.7	-7.83E-11	1.20042	0.1000003	-1.01E-11	1.20042
-4.8	-7.89E-11	1.223717	0.1000003	-9.9E-12	1.223717
-4.9	-8.1E-11	1.247024	0.1000003	-9.9E-12	1.247024
-5	-7.9E-11	1.270319	0.1000001	-1E-11	1.270319
-5.1	-7.96E-11	1.293594	0.1000004	-9.9E-12	1.293594
-5.2	-8.18E-11	1.316806	0.1000002	-9.7E-12	1.316806
-5.3	-8.22E-11	1.340009	0.1000004	-9.7E-12	1.340009
-5.4	-8E-11	1.363301	0.1000002	-9.9E-12	1.363301
-5.5	-8.08E-11	1.386578	0.1000002	-9.9E-12	1.386578
-5.6	-8.26E-11	1.409865	0.1000001	-9.6E-12	1.409865
-5.7	-8.26E-11	1.43308	0.1000001	-9.6E-12	1.43308
-5.8	-8.13E-11	1.456363	0.1000003	-9.8E-12	1.456363
-5.9	-8.1E-11	1.479656	0.1000003	-1.02E-11	1.479656
-6	-8.35E-11	1.502871	0.1000003	-9.8E-12	1.502871
-6.1	-8.18E-11	1.526222	0.1000003	-1.01E-11	1.526222
-6.2	-8.2E-11	1.549507	0.1000001	-1E-11	1.549507
-6.3	-6.36E-11	1.589475	0.1000002	-1.13E-11	1.589475
-6.4	-8.09E-11	1.61279	0.1000002	-9.6E-12	1.61279
-6.5	-8.33E-11	1.63602	0.1000004	-9.8E-12	1.63602
-6.6	-8.35E-11	1.659233	0.1000004	-9.6E-12	1.659233
-6.7	-8.23E-11	1.682576	0.1000003	-9.7E-12	1.682576
-6.8	-8.28E-11	1.705887	0.1000002	-9.3E-12	1.705887
-6.9	-8.45E-11	1.729108	0.1000003	-9.7E-12	1.729108
-7	-8.47E-11	1.752412	0.1000003	-9.4E-12	1.752412
-7.1	-8.34E-11	1.7757	0.1000003	-9.7E-12	1.7757
-7.2	-8.54E-11	1.798898	0.1000004	-9.6E-12	1.798898
-7.3	-8.56E-11	1.822134	0.1000003	-9.5E-12	1.822134
-7.4	-8.62E-11	1.845344	0.1000002	-9.3E-12	1.845344
-7.5	-8.4E-11	1.868689	0.1000002	-9.3E-12	1.868689
-7.6	-8.42E-11	1.89198	0.1000002	-9.6E-12	1.89198
-7.7	-8.63E-11	1.915199	0.1000002	-9.2E-12	1.915199
-7.8	-8.63E-11	1.938411	0.1000003	-9.5E-12	1.938411
-7.9	-8.58E-11	1.961639	0.1000002	-9.4E-12	1.961639
-8	-8.52E-11	1.984927	0.1000003	-9.2E-12	1.984927
-8.1	-8.67E-11	2.008174	0.1000004	-9.5E-12	2.008174
-8.2	-8.73E-11	2.031397	0.1000002	-9.1E-12	2.031397
-8.3	-6.57E-11	2.091023	0.1000001	-1.09E-11	2.091023
-8.4	-8.44E-11	2.114373	0.1000003	-9.3E-12	2.114373
-8.5	-8.61E-11	2.13759	0.1000004	-9.3E-12	2.13759
-8.6	-8.46E-11	2.160883	0.1000002	-9.1E-12	2.160883
-8.7	-8.49E-11	2.18424	0.1000002	-9.4E-12	2.18424
-8.8	-8.69E-11	2.207502	0.1000004	-9E-12	2.207502
-8.9	-8.76E-11	2.230716	0.1000003	-9.1E-12	2.230716
-9	-8.6E-11	2.254099	0.1000002	-9.5E-12	2.254099
-9.1	-8.84E-11	2.277313	0.1000003	-9.2E-12	2.277313
-9.2	-8.82E-11	2.300531	0.1000002	-8.7E-12	2.300531
-9.3	-8.68E-11	2.323827	0.1000001	-9.4E-12	2.323827
-9.4	-8.72E-11	2.347106	0.1000002	-8.9E-12	2.347106
-9.5	-8.89E-11	2.370307	0.1000003	-9.2E-12	2.370307
-9.6	-8.92E-11	2.393513	0.1000004	-9.2E-12	2.393513
-9.7	-8.88E-11	2.416728	0.1000003	-8.7E-12	2.416728
-9.8	-8.77E-11	2.440012	0.1000002	-9E-12	2.440012
-9.9	-8.76E-11	2.46331	0.1000004	-8.9E-12	2.46331
-10	-8.92E-11	2.486519	0.1000002	-9.2E-12	2.486519
-9.90001	-4.82E-11	2.509808	0.0999999	-1.19E-11	2.509808
-9.80001	-4.5E-11	2.533144	0.0999999	-1.18E-11	2.533144
-9.70001	-5.91E-11	2.592484	0.1	-1.06E-11	2.592484
-9.60001	-3.96E-11	2.615759	0.0999998	-1.26E-11	2.615759
-9.50001	-3.86E-11	2.639063	0.0999999	-1.25E-11	2.639063
-9.40001	-3.73E-11	2.662348	0.0999999	-1.26E-11	2.662348
-9.30001	-3.5E-11	2.685627	0.1	-1.23E-11	2.685627
-9.20001	-3.39E-11	2.708954	0.1000001	-1.24E-11	2.708954
-9.10001	-3.28E-11	2.732191	0.0999998	-1.28E-11	2.732191
-9.00001	-3.35E-11	2.755568	0.0999998	-1.21E-11	2.755568
-8.90001	-3.06E-11	2.778765	0.1	-1.22E-11	2.778765
-8.80001	-3.07E-11	2.801988	0.0999999	-1.25E-11	2.801988
-8.70001	-3.15E-11	2.82529	0.0999999	-1.26E-11	2.82529
-8.60001	-3.08E-11	2.848579	0.0999999	-1.26E-11	2.848579
-8.50001	-2.84E-11	2.871841	0.0999998	-1.27E-11	2.871841
-8.40001	-2.75E-11	2.895044	0.0999998	-1.28E-11	2.895044
-8.30001	-2.87E-11	2.918339	0.0999998	-1.24E-11	2.918339
-8.20001	-2.64E-11	2.941553	0.0999999	-1.25E-11	2.941553
-8.10001	-2.62E-11	2.964764	0.0999998	-1.26E-11	2.964764
-8.00001	-2.56E-11	2.987976	0.0999999	-1.24E-11	2.987976
-7.90001	-2.72E-11	3.011272	0.0999999	-1.26E-11	3.011272
-7.80001	-2.74E-11	3.034613	0.0999997	-1.22E-11	3.034613
-7.70001	-4.54E-11	3.093614	0.1	-1.12E-11	3.093614
-7.6	-2.59E-11	3.116861	0.0999996	-1.27E-11	3.116861
-7.50001	-2.48E-11	3.140093	0.1	-1.29E-11	3.140093
-7.40001	-2.38E-11	3.163302	0.0999999	-1.3E-11	3.163302
-7.30001	-2.56E-11	3.186658	0.0999997	-1.27E-11	3.186658
-7.2	-2.4E-11	3.209957	0.1000001	-1.24E-11	3.209957
-7.10001	-2.26E-11	3.233184	0.1	-1.28E-11	3.233184
-7.00001	-2.16E-11	3.256478	0.0999997	-1.3E-11	3.256478
-6.90001	-2.34E-11	3.279767	0.0999999	-1.31E-11	3.279767
-6.80001	-2.1E-11	3.302978	0.0999997	-1.33E-11	3.302978
-6.70001	-2.06E-11	3.326194	0.0999998	-1.3E-11	3.326194
-6.60001	-2.21E-11	3.349489	0.0999999	-1.29E-11	3.349489
-6.50001	-2.14E-11	3.372774	0.0999997	-1.31E-11	3.372774
-6.40001	-1.93E-11	3.395991	0.1	-1.32E-11	3.395991
-6.30001	-1.93E-11	3.419225	0.0999999	-1.35E-11	3.419225
-6.20001	-2.08E-11	3.442523	0.0999999	-1.3E-11	3.442523
-6.10001	-1.98E-11	3.465794	0.0999998	-1.29E-11	3.465794
-6.00001	-1.79E-11	3.488998	0.0999998	-1.32E-11	3.488998
-5.90001	-1.91E-11	3.512286	0.1	-1.3E-11	3.512286
-5.80001	-1.9E-11	3.535617	0.0999999	-1.35E-11	3.535617
-5.70001	-3.86E-11	3.595184	0.1000002	-1.14E-11	3.595184
-5.60001	-1.84E-11	3.618502	0.1000001	-1.31E-11	3.618502
-5.50001	-1.91E-11	3.641789	0.0999998	-1.34E-11	3.641789
-5.40001	-1.7E-11	3.665003	0.0999996	-1.35E-11	3.665003
-5.30001	-1.61E-11	3.688275	0.0999998	-1.39E-11	3.688275
-5.20001	-1.78E-11	3.711592	0.0999999	-1.34E-11	3.711592
-5.1	-1.76E-11	3.73493	0.0999998	-1.32E-11	3.73493
-5.00001	-1.48E-11	3.758231	0.0999998	-1.34E-11	3.758231
-4.90001	-1.37E-11	3.781455	0.0999998	-1.36E-11	3.781455
-4.80001	-1.35E-11	3.804671	0.0999999	-1.39E-11	3.804671
-4.7	-1.44E-11	3.827974	0.0999997	-1.39E-11	3.827974
-4.60001	-1.2E-11	3.851177	0.0999997	-1.37E-11	3.851177
-4.50001	-1.4E-11	3.874515	0.0999998	-1.36E-11	3.874515
-4.40001	-1.39E-11	3.897791	0.0999999	-1.4E-11	3.897791
-4.3	-1.29E-11	3.921066	0.0999998	-1.4E-11	3.921066
-4.20001	-1.08E-11	3.944289	0.0999997	-1.37E-11	3.944289
-4.10001	-1.05E-11	3.967497	0.0999997	-1.37E-11	3.967497
-4.00001	-9.7E-12	3.990716	0.0999997	-1.4E-11	3.990716
-3.90001	-1.12E-11	4.014016	0.0999999	-1.4E-11	4.014016
-3.80001	-8.7E-12	4.037301	0.0999996	-1.43E-11	4.037301
-3.70001	-2.99E-11	4.096702	0.1000001	-1.24E-11	4.096702
-3.60001	-1.13E-11	4.120066	0.1	-1.4E-11	4.120066
-3.50001	-1.07E-11	4.143382	0.0999998	-1.35E-11	4.143382
-3.40001	-7.9E-12	4.166584	0.0999998	-1.42E-11	4.166584
-3.30001	-7.1E-12	4.189845	0.0999998	-1.48E-11	4.189845
-3.20001	-9.2E-12	4.213222	0.0999998	-1.44E-11	4.213222
-3.10001	-7.7E-12	4.236527	0.0999999	-1.46E-11	4.236527
-3.00001	-4.5E-12	4.25983	0.1	-1.44E-11	4.25983
-2.90001	-5.9E-12	4.283115	0.0999998	-1.45E-11	4.283115
-2.80001	-5.4E-12	4.306394	0.0999997	-1.47E-11	4.306394
-2.70001	-2.7E-12	4.329602	0.0999998	-1.46E-11	4.329602
-2.60001	-1.9E-12	4.352833	0.0999999	-1.49E-11	4.352833
-2.50001	-2.8E-12	4.37611	0.0999998	-1.49E-11	4.37611
-2.40001	-2.5E-12	4.399396	0.0999998	-1.51E-11	4.399396
-2.30001	-5E-13	4.422649	0.0999999	-1.47E-11	4.422649
-2.20001	8E-13	4.445861	0.0999998	-1.37E-11	4.445861
-2.099999	-1.53E-11	4.471083	0.0999999	-2.6E-12	4.471083
-2	3E-13	4.494372	0.0999999	4.83E-11	4.494372
-1.9	2.8E-12	4.517576	0.1000002	2.779E-10	4.517576
-1.8	3.5E-12	4.54084	0.1000003	1.1466E-09	4.54084
-1.700001	-1.69E-11	4.598271	0.1000008	3.8237E-09	4.598271
-1.6	2.3E-12	4.621579	0.1000023	1.19935E-08	4.621579
-1.5	5.6E-12	4.644812	0.1000044	3.16289E-08	4.644812
-1.4	6.9E-12	4.668022	0.0999994	7.22987E-08	4.668022
-1.300001	-1.32E-11	4.707759	0.1000001	1.41978E-07	4.707759
-1.2	-7.3E-12	4.732281	0.1000004	2.60219E-07	4.732281
-1.100001	-5.6E-12	4.756892	0.1000009	4.30842E-07	4.756892
-1	-4.3E-12	4.781396	0.1000008	6.60625E-07	4.781396
-0.900001	-3.1E-12	4.805954	0.100001	9.51865E-07	4.805954
-0.800001	-6.6E-12	4.840566	0.1	1.29828E-06	4.840566
-0.700001	-1E-12	4.865152	0.1	1.71123E-06	4.865152
-0.6	6E-13	4.889663	0.1000002	2.17544E-06	4.889663
-0.500001	2.2E-12	4.914157	0.1000001	2.68621E-06	4.914157
-0.400001	3.9E-12	4.938665	0.1000002	3.23747E-06	4.938665
-0.3	5.4E-12	4.963181	0.0999999	3.82338E-06	4.963181
-0.2000002	3.8E-12	4.989616	0.1000001	4.43698E-06	4.989616
-0.0999998	8.4E-12	5.014168	0.1000001	5.07684E-06	5.014168
4E-07	1.07E-11	5.038677	0.1000001	5.73641E-06	5.038677
0.1000001	4.7E-12	5.105307	0.1000002	6.39712E-06	5.105307
0.2000004	1.13E-11	5.129873	0.0999999	7.09161E-06	5.129873
0.299999	1.44E-11	5.154595	0.1000001	7.79541E-06	5.154595
0.4	1.64E-11	5.179131	0.0999999	8.50807E-06	5.179131
0.5	1.91E-11	5.203687	0.0999999	9.22937E-06	5.203687
0.599999	2.07E-11	5.22824	0.0999999	9.95958E-06	5.22824
0.699999	1.81E-11	5.26296	0.1000001	1.06849E-05	5.26296
0.799999	2.45E-11	5.287471	0.1	1.1432E-05	5.287471
0.9	2.64E-11	5.311969	0.1	1.21835E-05	5.311969
0.999999	2.82E-11	5.336479	0.1000001	1.29397E-05	5.336479
1.1	3.07E-11	5.360992	0.0999999	1.3701E-05	5.360992
1.2	3.17E-11	5.385531	0.1000001	1.44661E-05	5.385531
1.3	3.34E-11	5.410045	0.1	1.5235E-05	5.410045
1.399999	3.46E-11	5.434612	0.0999999	1.60057E-05	5.434612
1.5	3.65E-11	5.459121	0.1	1.67786E-05	5.459121
1.599999	3.76E-11	5.483637	0.1000001	1.75544E-05	5.483637
1.699999	3.87E-11	5.508136	0.1000002	1.83307E-05	5.508136
1.8	3.97E-11	5.532707	0.1	1.91095E-05	5.532707
1.9	4E-11	5.557237	0.0999999	1.98886E-05	5.557237
1.999999	3.33E-11	5.606317	0.0999997	2.06594E-05	5.606317
2.099999	3.93E-11	5.630858	0.1000003	2.14452E-05	5.630858
2.19999	4.05E-11	5.655694	0.1000001	2.22233E-05	5.655694
2.29999	4.17E-11	5.680206	0.1	2.30088E-05	5.680206
2.39999	4.22E-11	5.70482	0.1	2.37938E-05	5.70482
2.49999	4.32E-11	5.729379	0.0999998	2.45803E-05	5.729379
2.59999	4.38E-11	5.754061	0.1000001	2.53676E-05	5.754061
2.69999	4.45E-11	5.778567	0.0999999	2.61557E-05	5.778567
2.79999	4.48E-11	5.803081	0.1000001	2.69445E-05	5.803081
2.89999	4.54E-11	5.827588	0.1	2.77336E-05	5.827588
2.99999	4.56E-11	5.852103	0.1000001	2.85243E-05	5.852103
3.09999	4.58E-11	5.876722	0.0999999	2.93157E-05	5.876722
3.19999	4.61E-11	5.901259	0.1000001	3.01077E-05	5.901259
3.29999	4.65E-11	5.925776	0.1000001	3.09004E-05	5.925776
3.39999	4.7E-11	5.950298	0.1	3.16951E-05	5.950298
3.49999	4.71E-11	5.974835	0.1	3.24894E-05	5.974835
3.59999	4.72E-11	5.99933	0.1	3.32853E-05	5.99933
3.69999	4.74E-11	6.023878	0.0999999	3.40815E-05	6.023878
3.79999	4.81E-11	6.048398	0.1000001	3.48793E-05	6.048398
3.89999	4.09E-11	6.105099	0.1	3.56654E-05	6.105099
3.99999	4.61E-11	6.129623	0.1	3.64686E-05	6.129623
4.09999	4.7E-11	6.154152	0.1000001	3.72707E-05	6.154152
4.19999	4.75E-11	6.178666	0.1000003	3.80725E-05	6.178666
4.29999	4.81E-11	6.203259	0.1000002	3.8875E-05	6.203259
4.39999	4.88E-11	6.227802	0.1000001	3.96784E-05	6.227802
4.49999	4.87E-11	6.252374	0.1000002	4.04829E-05	6.252374
4.59999	4.95E-11	6.277011	0.1000001	4.12877E-05	6.277011
4.69999	5.01E-11	6.301516	0.1000001	4.20928E-05	6.301516
4.79999	5.01E-11	6.326022	0.1000001	4.29004E-05	6.326022
4.89999	4.98E-11	6.350566	0.1000003	4.37068E-05	6.350566
4.99999	5.02E-11	6.375091	0.1000002	4.45165E-05	6.375091
5.09999	5.1E-11	6.399599	0.1	4.53264E-05	6.399599
5.19999	5.13E-11	6.424108	0.1000001	4.61368E-05	6.424108
5.29999	5.11E-11	6.448617	0.1	4.69482E-05	6.448617
5.39999	5.11E-11	6.473156	0.1000002	4.77599E-05	6.473156
5.49999	5.17E-11	6.497667	0.1000002	4.85741E-05	6.497667
5.59999	5.14E-11	6.522192	0.1000002	4.93889E-05	6.522192
5.69999	5.15E-11	6.54676	0.1	5.02035E-05	6.54676
5.79999	4.49E-11	6.606771	0.1000001	5.10094E-05	6.606771
5.89999	4.98E-11	6.631306	0.0999999	5.18304E-05	6.631306
5.99999	5.04E-11	6.655866	0.0999998	5.26512E-05	6.655866
6.09999	5.13E-11	6.68037	0.1000002	5.34721E-05	6.68037
6.19999	5.13E-11	6.704932	0.1000001	5.4294E-05	6.704932
6.29999	5.12E-11	6.729507	0.1	5.51162E-05	6.729507
6.39999	5.2E-11	6.753999	0.1000002	5.59399E-05	6.753999
6.49999	5.22E-11	6.778528	0.1000002	5.67643E-05	6.778528
6.59999	5.29E-11	6.803027	0.1	5.75894E-05	6.803027
6.69999	5.29E-11	6.827539	0.0999999	5.84158E-05	6.827539
6.79999	5.33E-11	6.852001	0.1	5.92444E-05	6.852001
6.89999	5.32E-11	6.876589	0.1000002	6.00723E-05	6.876589
6.99999	5.3E-11	6.901088	0.1	6.09026E-05	6.901088
7.09999	5.34E-11	6.925614	0.1000001	6.17343E-05	6.925614
7.19999	5.4E-11	6.950141	0.1	6.25664E-05	6.950141
7.29999	5.38E-11	6.974679	0.0999999	6.33997E-05	6.974679
7.39999	5.4E-11	6.99919	0.1	6.42332E-05	6.99919
7.49999	5.36E-11	7.023735	0.1000001	6.5069E-05	7.023735
7.59999	5.39E-11	7.04826	0.1000001	6.5906E-05	7.04826
7.69999	4.76E-11	7.10835	0.1	6.67329E-05	7.10835
7.79999	5.25E-11	7.132878	0.1000002	6.75746E-05	7.132878
7.89999	5.36E-11	7.157489	0.1	6.8416E-05	7.157489
7.99999	5.39E-11	7.182023	0.0999999	6.92584E-05	7.182023
8.09999	5.44E-11	7.206594	0.1000002	7.01007E-05	7.206594
8.19999	5.45E-11	7.231155	0.1000001	7.09449E-05	7.231155
8.29999	5.47E-11	7.255735	0.1	7.17895E-05	7.255735
8.39999	5.45E-11	7.280295	0.1	7.26349E-05	7.280295
8.49999	5.52E-11	7.304792	0.1000001	7.34815E-05	7.304792
8.59999	5.55E-11	7.329306	0.1000003	7.4329E-05	7.329306
8.69999	5.55E-11	7.35381	0.1	7.51776E-05	7.35381
8.79999	5.56E-11	7.378356	0.0999998	7.60287E-05	7.378356
8.89999	5.55E-11	7.402871	0.0999998	7.688E-05	7.402871
8.99999	5.62E-11	7.427382	0.1000001	7.77323E-05	7.427382
9.09999	5.56E-11	7.451941	0.1	7.85868E-05	7.451941
9.19999	5.6E-11	7.476488	0.1000001	7.94413E-05	7.476488
9.29999	5.6E-11	7.501097	0.1000001	8.0294E-05	7.501097
9.39999	5.67E-11	7.525599	0.1	8.1153E-05	7.525599
9.49999	5.65E-11	7.550187	0.1000002	8.20128E-05	7.550187
9.59999	4.99E-11	7.609546	0.1000001	8.28658E-05	7.609546
9.69999	5.48E-11	7.634068	0.1000001	8.37304E-05	7.634068
9.79999	5.49E-11	7.658696	0.1000003	8.45928E-05	7.658696
9.89999	5.6E-11	7.683218	0.1000002	8.54572E-05	7.683218
9.99999	5.6E-11	7.707814	0.1000001	8.63235E-05	7.707814
9.9	4.32E-11	7.732356	0.1	8.54427E-05	7.732356
9.8	3.95E-11	7.756837	0.0999998	8.4569E-05	7.756837
9.7	3.71E-11	7.781367	0.0999999	8.36971E-05	7.781367
9.6	3.59E-11	7.805911	0.0999998	8.28283E-05	7.805911
9.5	3.41E-11	7.830468	0.1	8.19604E-05	7.830468
9.4	3.24E-11	7.854981	0.0999998	8.10947E-05	7.854981
9.3	3.19E-11	7.879678	0.1000001	8.0231E-05	7.879678
9.2	3.09E-11	7.904187	0.1	7.93682E-05	7.904187
9.1	2.99E-11	7.928713	0.1	7.85058E-05	7.928713
9	2.89E-11	7.953214	0.0999999	7.76447E-05	7.953214
8.9	2.84E-11	7.977693	0.0999996	7.67901E-05	7.977693
8.8	2.75E-11	8.002225	0.1000002	7.59302E-05	8.002225
8.7	2.67E-11	8.026748	0.1000001	7.50721E-05	8.026748
8.6	2.63E-11	8.051266	0.1000003	7.42145E-05	8.051266
8.5	3.23E-11	8.110963	0.1000002	7.33613E-05	8.110963
8.4	2.72E-11	8.135495	0.0999998	7.25055E-05	8.135495
8.3	2.56E-11	8.16001	0.1000002	7.16513E-05	8.16001
8.2	2.51E-11	8.184568	0.1	7.07988E-05	8.184568
8.1	2.46E-11	8.209116	0.1	6.99472E-05	8.209116
8	2.4E-11	8.233663	0.0999998	6.90981E-05	8.233663
7.9	2.33E-11	8.258163	0.1	6.82488E-05	8.258163
7.8	2.28E-11	8.282689	0.0999999	6.74019E-05	8.282689
7.7	2.22E-11	8.307202	0.0999999	6.65556E-05	8.307202
7.6	2.21E-11	8.331722	0.0999999	6.57097E-05	8.331722
7.5	2.13E-11	8.356229	0.1000002	6.48652E-05	8.356229
7.4	2.13E-11	8.380838	0.1	6.40225E-05	8.380838
7.3	2.05E-11	8.405368	0.0999998	6.31803E-05	8.405368
7.2	2.01E-11	8.429907	0.1	6.23403E-05	8.429907
7.1	1.93E-11	8.454423	0.1	6.14997E-05	8.454423
7	1.93E-11	8.478998	0.0999998	6.06604E-05	8.478998
6.9	1.89E-11	8.503512	0.0999996	5.98227E-05	8.503512
6.8	1.85E-11	8.528104	0.0999998	5.89857E-05	8.528104
6.7	1.78E-11	8.552671	0.0999998	5.815E-05	8.552671
6.6	2.43E-11	8.61279	0.1000001	5.7322E-05	8.61279
6.5	1.89E-11	8.637304	0.0999999	5.64874E-05	8.637304
6.4	1.83E-11	8.661823	0.0999999	5.56548E-05	8.661823
6.3	1.75E-11	8.686392	0.0999999	5.48226E-05	8.686392
6.2	1.75E-11	8.710989	0.1000002	5.39916E-05	8.710989
6.1	1.7E-11	8.735531	0.0999998	5.31625E-05	8.735531
6	1.63E-11	8.760106	0.1000001	5.23345E-05	8.760106
5.9	1.58E-11	8.784651	0.1	5.15059E-05	8.784651
5.8	1.5E-11	8.809181	0.1000002	5.06794E-05	8.809181
5.7	1.45E-11	8.833686	0.0999998	4.98541E-05	8.833686
5.6	1.49E-11	8.85825	0.1000001	4.90301E-05	8.85825
5.5	1.42E-11	8.882806	0.1000001	4.82067E-05	8.882806
5.4	1.33E-11	8.90735	0.0999998	4.73842E-05	8.90735
5.3	1.34E-11	8.931881	0.1	4.65635E-05	8.931881
5.2	1.27E-11	8.95641	0.1000003	4.57426E-05	8.95641
5.1	1.25E-11	8.980945	0.0999998	4.49231E-05	8.980945
5	1.18E-11	9.005472	0.1	4.41045E-05	9.005472
4.9	1.13E-11	9.029979	0.0999997	4.32876E-05	9.029979
4.8	1.09E-11	9.054538	0.1	4.24707E-05	9.054538
4.7	1.74E-11	9.113848	0.1	4.16612E-05	9.113848
4.6	1.18E-11	9.138392	0.1	4.08461E-05	9.138392
4.5	1.08E-11	9.162904	0.1000001	4.00312E-05	9.162904
4.4	9.8E-12	9.187437	0.0999998	3.92188E-05	9.187437
4.3	9.4E-12	9.212013	0.1000002	3.84077E-05	9.212013
4.2	8.4E-12	9.236581	0.0999998	3.75966E-05	9.236581
4.1	7.6E-12	9.261068	0.0999999	3.67864E-05	9.261068
4	7.1E-12	9.285596	0.1	3.59779E-05	9.285596
3.9	6.7E-12	9.310113	0.1000001	3.51697E-05	9.310113
3.8	6.1E-12	9.334655	0.1	3.43633E-05	9.334655
3.7	5.4E-12	9.359148	0.0999999	3.35584E-05	9.359148
3.6	5.2E-12	9.383674	0.1	3.27533E-05	9.383674
3.5	4.1E-12	9.408184	0.0999999	3.19499E-05	9.408184
3.4	3.3E-12	9.432713	0.1	3.11472E-05	9.432713
3.3	3.2E-12	9.457213	0.0999997	3.03459E-05	9.457213
3.2	2.7E-12	9.481781	0.1000001	2.95463E-05	9.481781
3.1	2E-12	9.506293	0.1	2.87461E-05	9.506293
3	1.2E-12	9.53081	0.0999999	2.79476E-05	9.53081
2.9	4E-13	9.555368	0.0999999	2.71506E-05	9.555368
2.8	6.4E-12	9.615727	0.0999999	2.63605E-05	9.615727
2.7	8E-13	9.640233	0.0999999	2.55644E-05	9.640233
2.6	-4E-13	9.664762	0.1	2.47707E-05	9.664762
2.5	-1.4E-12	9.6893	0.0999999	2.39784E-05	9.6893
2.4	-2.8E-12	9.71387	0.0999999	2.31869E-05	9.71387
2.3	-4E-12	9.738395	0.1	2.23969E-05	9.738395
2.2	-4.7E-12	9.762962	0.1	2.16083E-05	9.762962
2.099999	-2.2E-12	9.789417	0.0999998	2.08284E-05	9.789417
2	-6.6E-12	9.813968	0.1	2.00436E-05	9.813968
1.9	-7.7E-12	9.838464	0.0999998	1.92606E-05	9.838464
1.8	-8.6E-12	9.863117	0.0999999	1.84796E-05	9.863117
1.7	-9.6E-12	9.887702	0.1	1.77009E-05	9.887702
1.6	-1.1E-11	9.912207	0.0999999	1.69244E-05	9.912207
1.5	-1.22E-11	9.93673	0.0999998	1.61508E-05	9.93673
1.4	-1.33E-11	9.961252	0.1000001	1.53804E-05	9.961252
1.3	-1.54E-11	9.985745	0.0999999	1.46137E-05	9.985745
1.2	-1.67E-11	10.010265	0.1	1.385E-05	10.010265
1.1	-1.8E-11	10.034806	0.1000001	1.30917E-05	10.034806
1	-1.96E-11	10.059325	0.1	1.23387E-05	10.059325
0.9	-1.43E-11	10.116814	0.0999997	1.15982E-05	10.116814
0.8	-2.1E-11	10.141365	0.0999999	1.08572E-05	10.141365
0.7	-2.33E-11	10.165899	0.0999998	1.01257E-05	10.165899
0.6	-2.58E-11	10.190504	0.0999999	9.4025E-06	10.190504
0.5	-2.47E-11	10.217741	0.1	8.69587E-06	10.217741
0.4	-3.07E-11	10.242277	0.0999999	7.99113E-06	10.242277
0.3	-3.27E-11	10.266909	0.1000001	7.2972E-06	10.266909
0.1999999	-3.2E-11	10.293394	0.0999999	6.61665E-06	10.293394
0.0999996	-3.74E-11	10.31789	0.0999998	5.94763E-06	10.31789
-4E-07	-3.97E-11	10.342386	0.1	5.29473E-06	10.342386
#scan	iMeasureCycle=2	iMux=0	time=279.738	N=401	LocalTime=19/04/2023 18:30:18
#VGate(V)	IGate(A)	time(s)	VDrain(V)	IDrain(A)	time(s)
-1E-07	-1.82E-11	279.7457	0.1000001	5.45082E-06	279.7457
-0.1000005	-2.57E-11	279.770579	0.0999997	4.79666E-06	279.770579
-0.2000002	-2.73E-11	279.796614	0.1000003	4.16603E-06	279.796614
-0.3	-3.32E-11	279.821333	0.0999999	3.56156E-06	279.821333
-0.4	-3.62E-11	279.845856	0.1	2.98928E-06	279.845856
-0.5	-3.91E-11	279.870449	0.0999999	2.45468E-06	279.870449
-0.6	-4.1E-11	279.894958	0.1	1.96314E-06	279.894958
-0.7	-4.29E-11	279.919465	0.0999999	1.5206E-06	279.919465
-0.8	-4.46E-11	279.943972	0.0999999	1.13366E-06	279.943972
-0.9	-4.25E-11	279.971385	0.0999995	8.0835E-07	279.971385
-1	-4.68E-11	279.995908	0.0999994	5.42636E-07	279.995908
-1.1	-4.86E-11	280.02043	0.0999998	3.39542E-07	280.02043
-1.2	-4.95E-11	280.044938	0.0999998	1.94571E-07	280.044938
-1.3	-5.07E-11	280.069452	0.0999996	1.0037E-07	280.069452
-1.399999	-4.56E-11	280.107125	0.0999959	4.65672E-08	280.107125
-1.500001	-6.4E-11	280.130414	0.1000035	1.82402E-08	280.130414
-1.600001	-6.66E-11	280.153653	0.1000019	6.1995E-09	280.153653
-1.7	-6.85E-11	280.176872	0.100001	1.8198E-09	280.176872
-1.800001	-6.76E-11	280.200203	0.1000004	4.538E-10	280.200203
-1.900001	-6.83E-11	280.223493	0.1000003	9.05E-11	280.223493
-2.000001	-7.09E-11	280.246791	0.1000004	8.6E-12	280.246791
-2.099999	-4.92E-11	280.295139	0.0999999	-9.7E-12	280.295139
-2.2	-6.81E-11	280.318702	0.1000003	-1.1E-11	280.318702
-2.3	-7.07E-11	280.341931	0.1000003	-1.05E-11	280.341931
-2.4	-7.25E-11	280.365146	0.1000001	-1.04E-11	280.365146
-2.5	-7.25E-11	280.388364	0.1000004	-1E-11	280.388364
-2.6	-7.16E-11	280.411702	0.1000001	-9.6E-12	280.411702
-2.7	-7.39E-11	280.434913	0.1000002	-9.8E-12	280.434913
-2.8	-7.47E-11	280.458124	0.1000004	-1.03E-11	280.458124
-2.9	-7.51E-11	280.481359	0.1000002	-1.03E-11	280.481359
-3	-7.41E-11	280.504655	0.1000003	-1.03E-11	280.504655
-3.1	-7.58E-11	280.527934	0.1000001	-1.02E-11	280.527934
-3.2	-7.41E-11	280.551223	0.1000002	-1.04E-11	280.551223
-3.3	-7.45E-11	280.574497	0.1000002	-1.05E-11	280.574497
-3.4	-7.5E-11	280.597793	0.1000001	-1.04E-11	280.597793
-3.5	-7.52E-11	280.621072	0.1000003	-1.01E-11	280.621072
-3.6	-7.52E-11	280.644346	0.1000002	-1.02E-11	280.644346
-3.7	-7.6E-11	280.667624	0.1000003	-1.01E-11	280.667624
-3.8	-7.65E-11	280.690902	0.1000003	-1.03E-11	280.690902
-3.9	-7.6E-11	280.714192	0.1000002	-1.01E-11	280.714192
-4	-7.66E-11	280.737474	0.0999999	-1E-11	280.737474
-4.1	-7.67E-11	280.760807	0.1000001	-1.03E-11	280.760807
-4.2	-5.81E-11	280.809631	0.1000001	-1.14E-11	280.809631
-4.3	-7.62E-11	280.832939	0.1000002	-1.01E-11	280.832939
-4.4	-7.88E-11	280.856216	0.1000002	-1.01E-11	280.856216
-4.5	-7.87E-11	280.879463	0.1000002	-9.7E-12	280.879463
-4.6	-7.79E-11	280.902796	0.1000002	-1.01E-11	280.902796
-4.7	-7.81E-11	280.926084	0.1000003	-1.01E-11	280.926084
-4.8	-7.81E-11	280.94938	0.1000003	-9.8E-12	280.94938
-4.9	-7.89E-11	280.972663	0.1000002	-9.9E-12	280.972663
-5	-7.95E-11	280.995951	0.1000003	-9.9E-12	280.995951
-5.1	-8.17E-11	281.019261	0.1000003	-9.2E-12	281.019261
-5.2	-8.18E-11	281.042487	0.1	-9.3E-12	281.042487
-5.3	-7.98E-11	281.065769	0.1000002	-9.5E-12	281.065769
-5.4	-8.02E-11	281.089072	0.1000002	-9.9E-12	281.089072
-5.5	-8.29E-11	281.112289	0.1000003	-9.6E-12	281.112289
-5.6	-8.14E-11	281.13559	0.1000002	-1.02E-11	281.13559
-5.7	-8.14E-11	281.158879	0.1000002	-1.01E-11	281.158879
-5.8	-8.09E-11	281.182172	0.1000004	-9.9E-12	281.182172
-5.9	-8.32E-11	281.205429	0.1000003	-9.7E-12	281.205429
-6	-8.15E-11	281.228723	0.1	-1.01E-11	281.228723
-6.1	-8.2E-11	281.252104	0.1000002	-1.01E-11	281.252104
-6.2	-6.22E-11	281.31101	0.1	-1.12E-11	281.31101
-6.3	-7.99E-11	281.334329	0.1000002	-9.9E-12	281.334329
-6.4	-8.29E-11	281.357557	0.1000003	-9.9E-12	281.357557
-6.5	-8.15E-11	281.380844	0.1000001	-9.9E-12	281.380844
-6.6	-8.21E-11	281.404184	0.1000002	-1E-11	281.404184
-6.7	-8.4E-11	281.427409	0.1000003	-9.9E-12	281.427409
-6.8	-8.44E-11	281.450628	0.1000002	-9.7E-12	281.450628
-6.9	-8.35E-11	281.473919	0.1000002	-9.9E-12	281.473919
-7	-8.32E-11	281.49721	0.1000002	-9.9E-12	281.49721
-7.1	-8.51E-11	281.520451	0.1000003	-9.5E-12	281.520451
-7.2	-8.56E-11	281.543677	0.1000001	-1.02E-11	281.543677
-7.3	-8.39E-11	281.566985	0.1000002	-9.7E-12	281.566985
-7.4	-8.44E-11	281.590281	0.1000003	-9.5E-12	281.590281
-7.5	-8.61E-11	281.613507	0.1000003	-9.5E-12	281.613507
-7.6	-8.56E-11	281.636748	0.1000002	-9.4E-12	281.636748
-7.7	-8.45E-11	281.660053	0.1000003	-9.7E-12	281.660053
-7.8	-8.65E-11	281.683324	0.1000001	-9.8E-12	281.683324
-7.9	-8.68E-11	281.706567	0.1000002	-9.7E-12	281.706567
-8	-8.71E-11	281.729789	0.1000003	-9.5E-12	281.729789
-8.1	-8.57E-11	281.753133	0.1000005	-9.7E-12	281.753133
-8.2	-6.51E-11	281.812522	0.1	-1.12E-11	281.812522
-8.3	-8.53E-11	281.835763	0.1000002	-9.3E-12	281.835763
-8.4	-8.63E-11	281.859032	0.1000005	-9.2E-12	281.859032
-8.5	-8.47E-11	281.882326	0.1000003	-9.7E-12	281.882326
-8.6	-8.69E-11	281.905608	0.1000005	-9.6E-12	281.905608
-8.7	-8.75E-11	281.92883	0.1000002	-9.4E-12	281.92883
-8.8	-8.73E-11	281.952041	0.1000003	-9.4E-12	281.952041
-8.9	-8.61E-11	281.975325	0.1000002	-9.9E-12	281.975325
-9	-8.61E-11	281.998628	0.1000004	-9.5E-12	281.998628
-9.1	-8.83E-11	282.021849	0.1000001	-9.3E-12	282.021849
-9.2	-8.61E-11	282.045136	0.1000003	-9.1E-12	282.045136
-9.3	-8.63E-11	282.068411	0.1000003	-9.3E-12	282.068411
-9.4	-8.64E-11	282.091696	0.1000001	-9.5E-12	282.091696
-9.5	-8.91E-11	282.11491	0.1000004	-8.9E-12	282.11491
-9.6	-8.75E-11	282.138197	0.1000004	-9E-12	282.138197
-9.7	-8.73E-11	282.161488	0.1000001	-9.2E-12	282.161488
-9.8	-8.83E-11	282.18471	0.1000002	-9.2E-12	282.18471
-9.9	-8.92E-11	282.207973	0.1000003	-9.1E-12	282.207973
-10	-8.82E-11	282.231274	0.1000002	-9.3E-12	282.231274
-9.90001	-4.89E-11	282.254671	0.0999998	-1.26E-11	282.254671
-9.80001	-6.16E-11	282.313845	0.1000002	-1.16E-11	282.313845
-9.70001	-4.03E-11	282.337078	0.0999999	-1.32E-11	282.337078
-9.60001	-3.82E-11	282.3603	0.0999998	-1.28E-11	282.3603
-9.50001	-3.83E-11	282.383583	0.0999998	-1.26E-11	282.383583
-9.40001	-3.73E-11	282.40693	0.1	-1.27E-11	282.40693
-9.30001	-3.41E-11	282.430148	0.0999999	-1.27E-11	282.430148
-9.20001	-3.5E-11	282.453441	0.0999999	-1.23E-11	282.453441
-9.10001	-3.4E-11	282.476728	0.0999999	-1.27E-11	282.476728
-9.00001	-3.16E-11	282.49993	0.0999996	-1.28E-11	282.49993
-8.90001	-3.18E-11	282.523204	0.0999998	-1.28E-11	282.523204
-8.80001	-3.19E-11	282.546505	0.0999999	-1.29E-11	282.546505
-8.70001	-3.1E-11	282.569797	0.0999998	-1.31E-11	282.569797
-8.60001	-2.89E-11	282.593004	0.0999998	-1.3E-11	282.593004
-8.50001	-2.85E-11	282.616227	0.0999999	-1.32E-11	282.616227
-8.40001	-2.93E-11	282.63959	0.0999999	-1.29E-11	282.63959
-8.30001	-2.91E-11	282.662877	0.0999999	-1.33E-11	282.662877
-8.20001	-2.66E-11	282.686087	0.0999999	-1.31E-11	282.686087
-8.10001	-2.66E-11	282.709414	0.0999999	-1.33E-11	282.709414
-8	-2.79E-11	282.732712	0.0999999	-1.29E-11	282.732712
-7.90001	-2.54E-11	282.756032	0.1	-1.29E-11	282.756032
-7.80001	-4.66E-11	282.826796	0.1000001	-1.16E-11	282.826796
-7.70001	-4.57E-11	282.864532	0.1000001	-1.14E-11	282.864532
-7.6	-2.6E-11	282.887802	0.1	-1.35E-11	282.887802
-7.50001	-2.66E-11	282.911105	0.0999999	-1.32E-11	282.911105
-7.40001	-2.62E-11	282.934407	0.0999997	-1.27E-11	282.934407
-7.30001	-2.38E-11	282.957704	0.0999998	-1.35E-11	282.957704
-7.2	-2.25E-11	282.980915	0.0999998	-1.32E-11	282.980915
-7.10001	-2.4E-11	283.004292	0.0999998	-1.32E-11	283.004292
-7.00001	-2.17E-11	283.02761	0.0999998	-1.35E-11	283.02761
-6.90001	-2.14E-11	283.050813	0.0999998	-1.36E-11	283.050813
-6.80001	-2.29E-11	283.074106	0.0999999	-1.34E-11	283.074106
-6.70001	-2.27E-11	283.097389	0.0999998	-1.31E-11	283.097389
-6.60001	-2.03E-11	283.120617	0.0999998	-1.34E-11	283.120617
-6.50001	-1.97E-11	283.143837	0.0999999	-1.34E-11	283.143837
-6.40001	-2.12E-11	283.167124	0.0999999	-1.35E-11	283.167124
-6.30001	-2.07E-11	283.190406	0.1	-1.35E-11	283.190406
-6.20001	-1.91E-11	283.213685	0.0999999	-1.37E-11	283.213685
-6.10001	-1.85E-11	283.236914	0.0999999	-1.36E-11	283.236914
-6.00001	-1.92E-11	283.260289	0.1	-1.38E-11	283.260289
-5.90001	-3.83E-11	283.312528	0.1	-1.2E-11	283.312528
-5.80001	-1.91E-11	283.335768	0.0999996	-1.37E-11	283.335768
-5.70001	-1.81E-11	283.35901	0.0999998	-1.41E-11	283.35901
-5.60001	-1.88E-11	283.38231	0.0999998	-1.34E-11	283.38231
-5.50001	-1.85E-11	283.40564	0.0999998	-1.34E-11	283.40564
-5.40001	-1.64E-11	283.429053	0.0999998	-1.39E-11	283.429053
-5.30001	-1.56E-11	283.452269	0.0999998	-1.38E-11	283.452269
-5.20001	-1.67E-11	283.47556	0.0999998	-1.39E-11	283.47556
-5.1	-1.52E-11	283.498757	0.0999999	-1.37E-11	283.498757
-5.00001	-1.5E-11	283.521983	0.1	-1.41E-11	283.521983
-4.90001	-1.58E-11	283.545326	0.0999999	-1.39E-11	283.545326
-4.80001	-1.47E-11	283.568614	0.0999998	-1.4E-11	283.568614
-4.7	-1.52E-11	283.591906	0.0999999	-1.44E-11	283.591906
-4.60001	-1.26E-11	283.615119	0.0999996	-1.4E-11	283.615119
-4.50001	-1.38E-11	283.638411	0.0999998	-1.4E-11	283.638411
-4.40001	-1.31E-11	283.661692	0.0999996	-1.39E-11	283.661692
-4.3	-1.08E-11	283.684897	0.0999999	-1.43E-11	283.684897
-4.20001	-1.06E-11	283.708116	0.0999998	-1.42E-11	283.708116
-4.10001	-1.22E-11	283.731417	0.0999996	-1.35E-11	283.731417
-4.00001	-1.13E-11	283.754792	0.0999999	-1.41E-11	283.754792
-3.90001	-9.8E-12	283.778024	0.0999997	-1.42E-11	283.778024
-3.80001	-2.91E-11	283.818592	0.1000001	-1.25E-11	283.818592
-3.70001	-9.2E-12	283.841827	0.0999997	-1.42E-11	283.841827
-3.60001	-8.5E-12	283.86504	0.0999998	-1.45E-11	283.86504
-3.50001	-7.8E-12	283.888312	0.0999999	-1.39E-11	283.888312
-3.40001	-6.7E-12	283.91158	0.0999997	-1.47E-11	283.91158
-3.30001	-7.8E-12	283.934875	0.1	-1.4E-11	283.934875
-3.20001	-5.7E-12	283.958075	0.0999999	-1.45E-11	283.958075
-3.10001	-6.6E-12	283.981358	0.0999998	-1.45E-11	283.981358
-3.00001	-6.4E-12	284.004647	0.0999998	-1.45E-11	284.004647
-2.90001	-5.7E-12	284.027934	0.0999998	-1.47E-11	284.027934
-2.80001	-3.9E-12	284.051137	0.0999998	-1.46E-11	284.051137
-2.70001	-4.4E-12	284.074428	0.0999998	-1.51E-11	284.074428
-2.60001	-3.5E-12	284.097711	0.0999998	-1.46E-11	284.097711
-2.50001	-3.6E-12	284.121016	0.0999998	-1.5E-11	284.121016
-2.40001	-1.1E-12	284.144233	0.0999999	-1.54E-11	284.144233
-2.30001	-3E-13	284.167453	0.0999999	-1.52E-11	284.167453
-2.20001	-8E-13	284.190733	0.0999998	-1.38E-11	284.190733
-2.099999	-1.57E-11	284.215976	0.1000002	-5.9E-12	284.215976
-2	2.2E-12	284.239194	0.0999999	3.23E-11	284.239194
-1.9	2.8E-12	284.262492	0.0999999	2.133E-10	284.262492
-1.800001	-1.83E-11	284.319828	0.1000003	8.75E-10	284.319828
-1.699999	9E-13	284.343139	0.1000007	3.2797E-09	284.343139
-1.6	4.6E-12	284.366334	0.1000023	1.02329E-08	284.366334
-1.5	5.8E-12	284.389539	0.1000035	2.74443E-08	284.389539
-1.4	6.8E-12	284.412791	0.1000043	6.38898E-08	284.412791
-1.300001	-1.34E-11	284.452251	0.1	1.27827E-07	284.452251
-1.2	-7.6E-12	284.476761	0.1000004	2.37947E-07	284.476761
-1.100001	-6.1E-12	284.501301	0.1000005	3.98857E-07	284.501301
-1	-4.5E-12	284.525824	0.1000008	6.17339E-07	284.525824
-0.9	-3.3E-12	284.550406	0.100001	8.96413E-07	284.550406
-0.800001	-7E-12	284.584989	0.1	1.23024E-06	284.584989
-0.700001	-1.1E-12	284.60951	0.1	1.62991E-06	284.60951
-0.6	6E-13	284.633979	0.1000001	2.0801E-06	284.633979
-0.500001	1.7E-12	284.658496	0.1000002	2.5765E-06	284.658496
-0.4	4.1E-12	284.683	0.1000002	3.11395E-06	284.683
-0.3	5.3E-12	284.707583	0.1000003	3.68653E-06	284.707583
-0.1999998	3.8E-12	284.733995	0.1000001	4.28811E-06	284.733995
-0.0999997	8.9E-12	284.758596	0.1000001	4.91627E-06	284.758596
0	1.8E-12	284.82601	0.1	5.54941E-06	284.82601
0.1000005	9.7E-12	284.850542	0.1	6.22085E-06	284.850542
0.2000002	1.19E-11	284.875105	0.0999999	6.90457E-06	284.875105
0.3	1.47E-11	284.899821	0.0999999	7.5983E-06	284.899821
0.4	1.65E-11	284.924373	0.1	8.3036E-06	284.924373
0.5	1.88E-11	284.948896	0.1	9.01848E-06	284.948896
0.6	2.07E-11	284.973423	0.1	9.74201E-06	284.973423
0.7	2.22E-11	284.997983	0.0999999	1.047445E-05	284.997983
0.799999	1.9E-11	285.032695	0.1000002	1.12052E-05	285.032695
0.9	2.56E-11	285.05725	0.1000001	1.19545E-05	285.05725
0.999999	2.76E-11	285.081747	0.1000001	1.27096E-05	285.081747
1.1	2.96E-11	285.106247	0.1000001	1.34695E-05	285.106247
1.2	3.13E-11	285.130763	0.1000002	1.42342E-05	285.130763
1.3	3.3E-11	285.15527	0.1	1.50034E-05	285.15527
1.4	3.45E-11	285.179783	0.1	1.57762E-05	285.179783
1.5	3.48E-11	285.204561	0.0999998	1.65514E-05	285.204561
1.599999	3.68E-11	285.229185	0.0999999	1.73296E-05	285.229185
1.699999	3.76E-11	285.253786	0.1	1.81106E-05	285.253786
1.8	3.9E-11	285.278367	0.1000001	1.88917E-05	285.278367
1.899999	3.24E-11	285.327699	0.0999998	1.9668E-05	285.327699
2	3.83E-11	285.35227	0.1000004	2.0456E-05	285.35227
2.099999	4.02E-11	285.376728	0.1	2.12432E-05	285.376728
2.19999	4.04E-11	285.401436	0.0999999	2.20248E-05	285.401436
2.29999	4.11E-11	285.425943	0.1000001	2.28154E-05	285.425943
2.39999	4.22E-11	285.450518	0.0999999	2.36055E-05	285.450518
2.49999	4.26E-11	285.475028	0.1000001	2.43969E-05	285.475028
2.59999	4.33E-11	285.499593	0.1000002	2.51886E-05	285.499593
2.69999	4.37E-11	285.524126	0.1000001	2.59823E-05	285.524126
2.79999	4.46E-11	285.548683	0.1	2.67759E-05	285.548683
2.89999	4.5E-11	285.573232	0.1	2.75699E-05	285.573232
2.99999	4.51E-11	285.597749	0.0999999	2.83644E-05	285.597749
3.09999	4.53E-11	285.622253	0.1	2.91596E-05	285.622253
3.19999	4.57E-11	285.646858	0.0999999	2.9955E-05	285.646858
3.29999	4.63E-11	285.671371	0.1	3.07516E-05	285.671371
3.39999	4.69E-11	285.695869	0.1000001	3.15491E-05	285.695869
3.49999	4.69E-11	285.720415	0.1	3.23464E-05	285.720415
3.59999	4.74E-11	285.74493	0.0999999	3.31448E-05	285.74493
3.69999	4.76E-11	285.769544	0.1000002	3.3943E-05	285.769544
3.79999	4.07E-11	285.826246	0.1000001	3.47323E-05	285.826246
3.89999	4.59E-11	285.850771	0.1000001	3.55367E-05	285.850771
3.99999	4.69E-11	285.875374	0.1	3.63385E-05	285.875374
4.09999	4.77E-11	285.899915	0.1000001	3.71416E-05	285.899915
4.19999	4.8E-11	285.924477	0.1000002	3.79446E-05	285.924477
4.29999	4.85E-11	285.949032	0.1000002	3.87483E-05	285.949032
4.39999	4.86E-11	285.973568	0.0999999	3.95524E-05	285.973568
4.49999	4.91E-11	285.998076	0.1000001	4.03574E-05	285.998076
4.59999	4.99E-11	286.022585	0.1000001	4.11636E-05	286.022585
4.69999	4.94E-11	286.047107	0.1000001	4.19705E-05	286.047107
4.79999	5.03E-11	286.071624	0.1000002	4.27783E-05	286.071624
4.89999	5.03E-11	286.096165	0.0999999	4.35867E-05	286.096165
4.99999	5.04E-11	286.120658	0.1000003	4.43958E-05	286.120658
5.09999	5.05E-11	286.145187	0.1000001	4.52062E-05	286.145187
5.19999	5.08E-11	286.169727	0.1	4.6018E-05	286.169727
5.29999	5.12E-11	286.194234	0.0999999	4.68301E-05	286.194234
5.39999	5.14E-11	286.218809	0.1000003	4.76427E-05	286.218809
5.49999	5.16E-11	286.243324	0.1000002	4.84564E-05	286.243324
5.59999	5.19E-11	286.267939	0.1	4.92724E-05	286.267939
5.69999	4.5E-11	286.327309	0.1000002	5.00772E-05	286.327309
5.79999	4.94E-11	286.35183	0.1000003	5.08979E-05	286.35183
5.89999	5.03E-11	286.376354	0.1000002	5.1718E-05	286.376354
5.99999	5.06E-11	286.400898	0.1000002	5.25384E-05	286.400898
6.09999	5.17E-11	286.425472	0.1	5.33595E-05	286.425472
6.19999	5.18E-11	286.449984	0.1000001	5.41813E-05	286.449984
6.29999	5.15E-11	286.474528	0.1000001	5.50037E-05	286.474528
6.39999	5.2E-11	286.49909	0.1000002	5.58268E-05	286.49909
6.49999	5.25E-11	286.523589	0.1	5.66531E-05	286.523589
6.59999	5.26E-11	286.548168	0.1000001	5.74785E-05	286.548168
6.69999	5.27E-11	286.572708	0.0999999	5.83053E-05	286.572708
6.79999	5.28E-11	286.597229	0.1000002	5.91338E-05	286.597229
6.89999	5.28E-11	286.621724	0.1000001	5.99635E-05	286.621724
6.99999	5.31E-11	286.646251	0.0999999	6.07929E-05	286.646251
7.09999	5.34E-11	286.670767	0.0999999	6.16248E-05	286.670767
7.19999	5.35E-11	286.695299	0.0999999	6.24574E-05	286.695299
7.29999	5.4E-11	286.719819	0.1000001	6.32916E-05	286.719819
7.39999	5.36E-11	286.744371	0.1	6.41255E-05	286.744371
7.49999	5.34E-11	286.768969	0.0999998	6.49608E-05	286.768969
7.59999	4.73E-11	286.828768	0.1000001	6.57879E-05	286.828768
7.69999	5.2E-11	286.853286	0.1	6.66296E-05	286.853286
7.79999	5.28E-11	286.87782	0.1000001	6.74696E-05	286.87782
7.89999	5.37E-11	286.902336	0.1000002	6.8312E-05	286.902336
7.99999	5.41E-11	286.926902	0.0999999	6.91527E-05	286.926902
8.09999	5.44E-11	286.951413	0.0999999	6.9997E-05	286.951413
8.19999	5.39E-11	286.975935	0.0999999	7.08405E-05	286.975935
8.29999	5.45E-11	287.000467	0.1000001	7.16848E-05	287.000467
8.39999	5.51E-11	287.024947	0.1000002	7.2531E-05	287.024947
8.49999	5.48E-11	287.049479	0.1000001	7.33783E-05	287.049479
8.59999	5.5E-11	287.074016	0.1000001	7.42257E-05	287.074016
8.69999	5.49E-11	287.098551	0.1000003	7.50742E-05	287.098551
8.79999	5.56E-11	287.123049	0.1000001	7.59255E-05	287.123049
8.89999	5.56E-11	287.147582	0.1000002	7.67777E-05	287.147582
8.99999	5.5E-11	287.17213	0.1000001	7.76295E-05	287.17213
9.09999	5.59E-11	287.196662	0.1000002	7.8483E-05	287.196662
9.19999	5.63E-11	287.221224	0.0999998	7.93389E-05	287.221224
9.29999	5.61E-11	287.245757	0.1	8.01922E-05	287.245757
9.39999	5.65E-11	287.270342	0.0999998	8.10498E-05	287.270342
9.49999	5.03E-11	287.325849	0.0999999	8.19042E-05	287.325849
9.59999	5.49E-11	287.350386	0.1000002	8.27678E-05	287.350386
9.69999	5.54E-11	287.37491	0.0999999	8.36296E-05	287.37491
9.79999	5.6E-11	287.399412	0.1000002	8.44923E-05	287.399412
9.89999	5.54E-11	287.423988	0.0999998	8.53581E-05	287.423988
9.99999	5.61E-11	287.448508	0.1000001	8.62227E-05	287.448508
9.9	4.3E-11	287.473046	0.1000001	8.53427E-05	287.473046
9.8	4.01E-11	287.497539	0.0999998	8.44686E-05	287.497539
9.7	3.73E-11	287.522095	0.0999997	8.35986E-05	287.522095
9.6	3.54E-11	287.546608	0.1	8.27286E-05	287.546608
9.5	3.44E-11	287.571145	0.0999999	8.18608E-05	287.571145
9.4	3.23E-11	287.595659	0.0999999	8.09948E-05	287.595659
9.3	3.14E-11	287.620191	0.1000001	8.01318E-05	287.620191
9.2	3.09E-11	287.644691	0.0999997	7.92691E-05	287.644691
9.1	2.97E-11	287.66929	0.0999999	7.84066E-05	287.66929
9	2.87E-11	287.693799	0.0999998	7.75461E-05	287.693799
8.9	2.82E-11	287.718346	0.1000001	7.6691E-05	287.718346
8.8	2.72E-11	287.742847	0.1	7.58304E-05	287.742847
8.7	2.63E-11	287.767417	0.1	7.49714E-05	287.767417
8.6	3.3E-11	287.829904	0.0999998	7.41184E-05	287.829904
8.5	2.82E-11	287.854539	0.0999999	7.32603E-05	287.854539
8.4	2.67E-11	287.879128	0.1000001	7.24051E-05	287.879128
8.3	2.55E-11	287.903693	0.0999998	7.15511E-05	287.903693
8.2	2.49E-11	287.928259	0.1	7.06997E-05	287.928259
8.1	2.42E-11	287.952765	0.1	6.98481E-05	287.952765
8	2.36E-11	287.977298	0.0999997	6.89975E-05	287.977298
7.9	2.31E-11	288.001817	0.0999997	6.81485E-05	288.001817
7.8	2.31E-11	288.026376	0.1	6.73022E-05	288.026376
7.7	2.18E-11	288.050875	0.1	6.6455E-05	288.050875
7.6	2.14E-11	288.075403	0.0999999	6.56094E-05	288.075403
7.5	2.1E-11	288.099906	0.0999999	6.47653E-05	288.099906
7.4	2.12E-11	288.124417	0.1	6.39225E-05	288.124417
7.3	2.04E-11	288.148941	0.1	6.30803E-05	288.148941
7.2	2.03E-11	288.173506	0.0999999	6.2239E-05	288.173506
7.1	2E-11	288.198091	0.1	6.13994E-05	288.198091
7	1.92E-11	288.222696	0.1	6.05606E-05	288.222696
6.9	1.86E-11	288.247236	0.0999998	5.97222E-05	288.247236
6.8	1.83E-11	288.271851	0.0999999	5.8885E-05	288.271851
6.7	2.49E-11	288.33334	0.0999999	5.80563E-05	288.33334
6.6	1.97E-11	288.357882	0.1000002	5.72211E-05	288.357882
6.5	1.86E-11	288.382411	0.0999998	5.63866E-05	288.382411
6.4	1.78E-11	288.406951	0.1000001	5.55533E-05	288.406951
6.3	1.74E-11	288.431552	0.1000001	5.47218E-05	288.431552
6.2	1.66E-11	288.456061	0.1000002	5.38906E-05	288.456061
6.1	1.64E-11	288.480568	0.0999999	5.30615E-05	288.480568
6	1.62E-11	288.505086	0.0999997	5.22325E-05	288.505086
5.9	1.55E-11	288.529591	0.0999998	5.14054E-05	288.529591
5.8	1.51E-11	288.554176	0.1	5.05784E-05	288.554176
5.7	1.51E-11	288.57879	0.0999999	4.97518E-05	288.57879
5.6	1.46E-11	288.603291	0.1000001	4.89279E-05	288.603291
5.5	1.43E-11	288.627808	0.0999999	4.81045E-05	288.627808
5.4	1.4E-11	288.652323	0.0999999	4.72823E-05	288.652323
5.3	1.33E-11	288.676861	0.0999998	4.64602E-05	288.676861
5.2	1.27E-11	288.701388	0.0999999	4.56396E-05	288.701388
5.1	1.25E-11	288.725928	0.0999999	4.48207E-05	288.725928
5	1.23E-11	288.750474	0.1000001	4.40021E-05	288.750474
4.9	1.19E-11	288.775085	0.0999999	4.31843E-05	288.775085
4.8	1.78E-11	288.830833	0.0999999	4.23728E-05	288.830833
4.7	1.24E-11	288.85535	0.0999999	4.15571E-05	288.85535
4.6	1.13E-11	288.879864	0.0999998	4.0742E-05	288.879864
4.5	1.08E-11	288.904454	0.0999999	3.99287E-05	288.904454
4.4	9.9E-12	288.929036	0.1000002	3.91157E-05	288.929036
4.3	8.9E-12	288.95354	0.1	3.83043E-05	288.95354
4.2	8.7E-12	288.978062	0.0999999	3.74934E-05	288.978062
4.1	7.8E-12	289.002583	0.1	3.66843E-05	289.002583
4	7.6E-12	289.027127	0.0999998	3.58753E-05	289.027127
3.9	6.7E-12	289.051639	0.0999999	3.50673E-05	289.051639
3.8	6.2E-12	289.076204	0.0999999	3.4261E-05	289.076204
3.7	5.9E-12	289.100711	0.1000001	3.34557E-05	289.100711
3.6	4.9E-12	289.125262	0.1	3.26514E-05	289.125262
3.5	4.7E-12	289.149787	0.1	3.18473E-05	289.149787
3.4	4.1E-12	289.174322	0.1000001	3.10452E-05	289.174322
3.3	3.4E-12	289.198827	0.0999997	3.02443E-05	289.198827
3.2	3.1E-12	289.223466	0.0999999	2.94441E-05	289.223466
3.1	2E-12	289.247973	0.1	2.86444E-05	289.247973
3	1.5E-12	289.272665	0.0999997	2.78469E-05	289.272665
2.9	8.7E-12	289.335184	0.0999999	2.70558E-05	289.335184
2.8	2.5E-12	289.359738	0.0999998	2.62582E-05	289.359738
2.7	9E-13	289.384269	0.1	2.5463E-05	289.384269
2.6	-1E-13	289.408789	0.1000001	2.46694E-05	289.408789
2.5	-1.6E-12	289.433346	0.1	2.38768E-05	289.433346
2.4	-2.6E-12	289.457853	0.0999999	2.30861E-05	289.457853
2.3	-3.5E-12	289.482374	0.1	2.22966E-05	289.482374
2.2	-4.9E-12	289.506892	0.0999999	2.15083E-05	289.506892
2.099999	-2.1E-12	289.533322	0.1	2.07295E-05	289.533322
2	-6.8E-12	289.557897	0.1	1.99453E-05	289.557897
1.9	-7.6E-12	289.582409	0.1	1.91625E-05	289.582409
1.8	-8.7E-12	289.606918	0.0999999	1.8382E-05	289.606918
1.7	-9.9E-12	289.63142	0.1	1.76033E-05	289.63142
1.6	-1.11E-11	289.655931	0.1000001	1.68278E-05	289.655931
1.5	-1.22E-11	289.680449	0.1000002	1.60548E-05	289.680449
1.4	-1.35E-11	289.704954	0.0999999	1.52849E-05	289.704954
1.3	-1.5E-11	289.729496	0.0999999	1.4518E-05	289.729496
1.2	-1.66E-11	289.754033	0.1	1.37556E-05	289.754033
1.1	-1.81E-11	289.778644	0.0999999	1.29979E-05	289.778644
1	-1.27E-11	289.837771	0.0999999	1.22519E-05	289.837771
0.9	-1.96E-11	289.862292	0.0999997	1.15043E-05	289.862292
0.8	-2.15E-11	289.886828	0.1	1.07655E-05	289.886828
0.7	-2.4E-11	289.911343	0.0999999	1.00348E-05	289.911343
0.6	-2.63E-11	289.935927	0.0999999	9.3135E-06	289.935927
0.5	-2.48E-11	289.963016	0.1	8.60825E-06	289.963016
0.4	-3.07E-11	289.987518	0.0999998	7.90521E-06	289.987518
0.3	-3.3E-11	290.012071	0.0999999	7.21314E-06	290.012071
0.1999998	-3.21E-11	290.038477	0.1	6.53463E-06	290.038477
0.0999998	-3.77E-11	290.062984	0.1	5.86799E-06	290.062984
-2E-07	-3.98E-11	290.087505	0.1	5.21756E-06	290.087505
#scan	iMeasureCycle=3	iMux=0	time=319.778	N=401	LocalTime=19/04/2023 18:30:58
#VGate(V)	IGate(A)	time(s)	VDrain(V)	IDrain(A)	time(s)
-2E-07	-1.82E-11	319.785538	0.0999999	5.37186E-06	319.785538
-0.1000004	-2.62E-11	319.810367	0.0999998	4.72151E-06	319.810367
-0.2	-2.75E-11	319.836263	0.1	4.09552E-06	319.836263
-0.3	-3.32E-11	319.860969	0.0999998	3.49516E-06	319.860969
-0.4	-3.69E-11	319.885462	0.1000002	2.92828E-06	319.885462
-0.5	-3.94E-11	319.909979	0.1000001	2.39899E-06	319.909979
-0.6	-4.11E-11	319.934664	0.1000001	1.91388E-06	319.934664
-0.7	-4.33E-11	319.959192	0.1	1.47805E-06	319.959192
-0.8	-4.5E-11	319.983721	0.0999999	1.0979E-06	319.983721
-0.9	-4.31E-11	320.011054	0.0999994	7.78806E-07	320.011054
-1	-4.76E-11	320.035586	0.0999996	5.19859E-07	320.035586
-1.1	-4.92E-11	320.060107	0.0999996	3.22965E-07	320.060107
-1.2	-5.05E-11	320.084611	0.0999996	1.83404E-07	320.084611
-1.3	-5.12E-11	320.109166	0.0999997	9.3625E-08	320.109166
-1.399999	-4.6E-11	320.146813	0.0999955	4.28735E-08	320.146813
-1.500001	-6.46E-11	320.17011	0.1000038	1.6562E-08	320.17011
-1.600001	-6.79E-11	320.193316	0.1000019	5.5511E-09	320.193316
-1.700001	-6.91E-11	320.21652	0.1000008	1.616E-09	320.21652
-1.800001	-6.82E-11	320.239804	0.1000003	3.997E-10	320.239804
-1.900001	-6.86E-11	320.263133	0.1000003	7.7E-11	320.263133
-2.000001	-7.15E-11	320.286376	0.1000002	5E-12	320.286376
-2.1	-4.96E-11	320.334767	0.0999999	-1E-11	320.334767
-2.2	-7.09E-11	320.358243	0.1000004	-1.02E-11	320.358243
-2.3	-7.04E-11	320.381499	0.1000001	-1.06E-11	320.381499
-2.4	-7.3E-11	320.404704	0.1000001	-1.07E-11	320.404704
-2.5	-7.12E-11	320.428002	0.1000003	-1.11E-11	320.428002
-2.6	-7.16E-11	320.451353	0.1000001	-1.04E-11	320.451353
-2.7	-7.43E-11	320.474664	0.1000002	-9.8E-12	320.474664
-2.8	-7.47E-11	320.497878	0.1000002	-9.7E-12	320.497878
-2.9	-7.38E-11	320.521165	0.1000004	-1.04E-11	320.521165
-3	-7.39E-11	320.54445	0.1000002	-1.01E-11	320.54445
-3.1	-7.64E-11	320.567664	0.1000002	-9.7E-12	320.567664
-3.2	-7.72E-11	320.590887	0.1000002	-1.01E-11	320.590887
-3.3	-7.55E-11	320.61422	0.1000002	-9.9E-12	320.61422
-3.4	-7.76E-11	320.637418	0.1000003	-9.8E-12	320.637418
-3.5	-7.71E-11	320.66066	0.1000003	-1.03E-11	320.66066
-3.6	-7.8E-11	320.683863	0.1000002	-9.3E-12	320.683863
-3.7	-7.64E-11	320.707145	0.1000003	-9.9E-12	320.707145
-3.8	-7.69E-11	320.730436	0.1000002	-9.5E-12	320.730436
-3.9	-7.76E-11	320.753974	0.1000002	-1.01E-11	320.753974
-4	-7.73E-11	320.77727	0.1000001	-9.9E-12	320.77727
-4.1	-7.99E-11	320.800477	0.1000004	-9.8E-12	320.800477
-4.2	-5.88E-11	320.849424	0.1	-1.15E-11	320.849424
-4.3	-7.84E-11	320.87266	0.1000003	-9.8E-12	320.87266
-4.4	-7.92E-11	320.895889	0.1000004	-1.02E-11	320.895889
-4.5	-7.99E-11	320.919108	0.1000002	-1.01E-11	320.919108
-4.6	-7.98E-11	320.942391	0.1000002	-9.8E-12	320.942391
-4.7	-7.82E-11	320.965706	0.1000001	-9.6E-12	320.965706
-4.8	-8.06E-11	320.988953	0.1000003	-1E-11	320.988953
-4.9	-8.16E-11	321.012164	0.1000004	-9.9E-12	321.012164
-5	-8.01E-11	321.035546	0.1000001	-9.4E-12	321.035546
-5.1	-8.21E-11	321.058753	0.1000002	-9E-12	321.058753
-5.2	-8.24E-11	321.081985	0.1000002	-9.6E-12	321.081985
-5.3	-8.07E-11	321.105283	0.1000003	-9.3E-12	321.105283
-5.4	-8.09E-11	321.128567	0.1000003	-9E-12	321.128567
-5.5	-8.25E-11	321.151784	0.1000003	-9.7E-12	321.151784
-5.6	-8.25E-11	321.175009	0.1000002	-9.5E-12	321.175009
-5.7	-8.35E-11	321.198227	0.1000004	-9.5E-12	321.198227
-5.8	-8.2E-11	321.221513	0.1000003	-9.8E-12	321.221513
-5.9	-8.36E-11	321.244714	0.1000003	-9.9E-12	321.244714
-6	-8.38E-11	321.267954	0.1000002	-9.9E-12	321.267954
-6.1	-8.42E-11	321.291208	0.1000003	-9.6E-12	321.291208
-6.2	-6.3E-11	321.346276	0.1	-1.14E-11	321.346276
-6.3	-8.28E-11	321.369577	0.1000004	-9.6E-12	321.369577
-6.4	-8.04E-11	321.392937	0.1000003	-9.9E-12	321.392937
-6.5	-8.41E-11	321.416155	0.1000004	-9.8E-12	321.416155
-6.6	-8.44E-11	321.439428	0.1000003	-9.5E-12	321.439428
-6.7	-8.28E-11	321.462719	0.1000002	-9.8E-12	321.462719
-6.8	-8.48E-11	321.48602	0.1000003	-9.5E-12	321.48602
-6.9	-8.52E-11	321.50924	0.1000001	-9.7E-12	321.50924
-7	-8.39E-11	321.532524	0.1000001	-9.8E-12	321.532524
-7.1	-8.43E-11	321.555795	0.1000002	-9.7E-12	321.555795
-7.2	-8.58E-11	321.579006	0.1000004	-9.1E-12	321.579006
-7.3	-8.61E-11	321.602242	0.1000002	-9.4E-12	321.602242
-7.4	-8.61E-11	321.625518	0.1000003	-9.2E-12	321.625518
-7.5	-8.53E-11	321.648806	0.1000002	-9.5E-12	321.648806
-7.6	-8.63E-11	321.672013	0.1000003	-9.4E-12	321.672013
-7.7	-8.65E-11	321.695238	0.1000003	-9.5E-12	321.695238
-7.8	-8.69E-11	321.718454	0.1000001	-9.6E-12	321.718454
-7.9	-8.52E-11	321.741743	0.1000002	-9.3E-12	321.741743
-8	-8.56E-11	321.765054	0.1000003	-1E-11	321.765054
-8.1	-8.78E-11	321.788354	0.1000003	-9.6E-12	321.788354
-8.2	-8.6E-11	321.811654	0.1000001	-9.8E-12	321.811654
-8.3	-6.68E-11	321.851923	0.1	-1.11E-11	321.851923
-8.4	-8.46E-11	321.875295	0.1000003	-9.4E-12	321.875295
-8.5	-8.7E-11	321.898522	0.1000001	-9.5E-12	321.898522
-8.6	-8.74E-11	321.921738	0.1000003	-9.1E-12	321.921738
-8.7	-8.63E-11	321.945081	0.1000002	-9.2E-12	321.945081
-8.8	-8.81E-11	321.968281	0.1000003	-8.9E-12	321.968281
-8.9	-8.86E-11	321.991516	0.1000003	-9.2E-12	321.991516
-9	-8.89E-11	322.014725	0.1000004	-9.2E-12	322.014725
-9.1	-8.67E-11	322.038008	0.1000001	-9.3E-12	322.038008
-9.2	-8.73E-11	322.0613	0.1000002	-9.2E-12	322.0613
-9.3	-8.88E-11	322.084517	0.1000002	-8.9E-12	322.084517
-9.4	-8.89E-11	322.107728	0.1000002	-9.2E-12	322.107728
-9.5	-8.72E-11	322.131011	0.1000002	-9.1E-12	322.131011
-9.6	-8.72E-11	322.154299	0.1000003	-8.9E-12	322.154299
-9.7	-9.02E-11	322.177511	0.1000002	-9.2E-12	322.177511
-9.8	-9.04E-11	322.200733	0.1000002	-8.8E-12	322.200733
-9.9	-8.82E-11	322.224029	0.1000002	-8.8E-12	322.224029
-10	-8.83E-11	322.247321	0.1000002	-8.7E-12	322.247321
-9.90001	-4.69E-11	322.270565	0.0999999	-1.2E-11	322.270565
-9.80001	-4.65E-11	322.294029	0.1000001	-1.22E-11	322.294029
-9.70001	-5.97E-11	322.34913	0.1	-1.07E-11	322.34913
-9.60001	-3.92E-11	322.372429	0.0999998	-1.28E-11	322.372429
-9.50001	-3.75E-11	322.395719	0.1	-1.28E-11	322.395719
-9.40001	-3.59E-11	322.418934	0.0999998	-1.28E-11	322.418934
-9.30001	-3.55E-11	322.442212	0.0999999	-1.29E-11	322.442212
-9.20001	-3.59E-11	322.465517	0.0999996	-1.29E-11	322.465517
-9.10001	-3.25E-11	322.488731	0.0999997	-1.27E-11	322.488731
-9.00001	-3.23E-11	322.511952	0.0999997	-1.29E-11	322.511952
-8.90001	-3.36E-11	322.535232	0.0999998	-1.26E-11	322.535232
-8.80001	-3.32E-11	322.558522	0.0999998	-1.28E-11	322.558522
-8.70001	-2.99E-11	322.581723	0.0999998	-1.3E-11	322.581723
-8.60001	-2.92E-11	322.604952	0.0999999	-1.27E-11	322.604952
-8.50001	-3.02E-11	322.62829	0.0999999	-1.29E-11	322.62829
-8.40001	-3.01E-11	322.651584	0.0999999	-1.26E-11	322.651584
-8.30001	-2.76E-11	322.674786	0.0999999	-1.26E-11	322.674786
-8.20001	-2.87E-11	322.698167	0.0999998	-1.27E-11	322.698167
-8.10001	-2.89E-11	322.721445	0.0999999	-1.29E-11	322.721445
-8.00001	-2.73E-11	322.744695	0.0999999	-1.27E-11	322.744695
-7.90001	-2.6E-11	322.767926	0.0999998	-1.31E-11	322.767926
-7.80001	-2.71E-11	322.791231	0.0999997	-1.34E-11	322.791231
-7.70001	-2.67E-11	322.81453	0.0999999	-1.32E-11	322.81453
-7.60001	-4.45E-11	322.855153	0.1	-1.13E-11	322.855153
-7.50001	-2.69E-11	322.878525	0.0999996	-1.31E-11	322.878525
-7.40001	-2.62E-11	322.901853	0.0999999	-1.3E-11	322.901853
-7.30001	-2.41E-11	322.925059	0.0999998	-1.29E-11	322.925059
-7.2	-2.37E-11	322.948322	0.0999998	-1.32E-11	322.948322
-7.10001	-2.49E-11	322.971607	0.0999999	-1.31E-11	322.971607
-7.00001	-2.25E-11	322.994826	0.0999998	-1.33E-11	322.994826
-6.90001	-2.21E-11	323.018054	0.0999998	-1.34E-11	323.018054
-6.80001	-2.2E-11	323.041353	0.1	-1.32E-11	323.041353
-6.70001	-2.3E-11	323.064641	0.0999998	-1.27E-11	323.064641
-6.60001	-2.28E-11	323.087911	0.0999998	-1.28E-11	323.087911
-6.50001	-2.05E-11	323.111119	0.0999997	-1.31E-11	323.111119
-6.40001	-2.12E-11	323.134362	0.0999998	-1.34E-11	323.134362
-6.30001	-2.11E-11	323.157651	0.0999997	-1.34E-11	323.157651
-6.20001	-1.91E-11	323.180847	0.0999999	-1.36E-11	323.180847
-6.10001	-1.9E-11	323.20409	0.0999999	-1.39E-11	323.20409
-6.00001	-1.8E-11	323.227292	0.0999999	-1.36E-11	323.227292
-5.90001	-1.95E-11	323.250578	0.0999997	-1.37E-11	323.250578
-5.80001	-1.96E-11	323.2739	0.1	-1.31E-11	323.2739
-5.70001	-1.73E-11	323.297162	0.0999999	-1.31E-11	323.297162
-5.60001	-3.78E-11	323.351857	0.0999999	-1.16E-11	323.351857
-5.50001	-1.86E-11	323.375171	0.0999997	-1.33E-11	323.375171
-5.40001	-1.74E-11	323.398396	0.0999997	-1.34E-11	323.398396
-5.30001	-1.67E-11	323.421612	0.0999999	-1.35E-11	323.421612
-5.20001	-1.6E-11	323.444882	0.0999997	-1.34E-11	323.444882
-5.1	-1.73E-11	323.468185	0.0999997	-1.33E-11	323.468185
-5.00001	-1.52E-11	323.491384	0.0999997	-1.36E-11	323.491384
-4.90001	-1.46E-11	323.514598	0.0999999	-1.4E-11	323.514598
-4.80001	-1.62E-11	323.537887	0.0999999	-1.36E-11	323.537887
-4.7	-1.6E-11	323.561173	0.0999999	-1.32E-11	323.561173
-4.60001	-1.31E-11	323.584372	0.0999998	-1.39E-11	323.584372
-4.50001	-1.22E-11	323.607672	0.0999998	-1.36E-11	323.607672
-4.40001	-1.42E-11	323.631017	0.0999999	-1.38E-11	323.631017
-4.3	-1.22E-11	323.65424	0.0999999	-1.4E-11	323.65424
-4.20001	-1.14E-11	323.67745	0.0999998	-1.39E-11	323.67745
-4.10001	-1.08E-11	323.70066	0.0999999	-1.37E-11	323.70066
-4.00001	-1.23E-11	323.723962	0.1	-1.38E-11	323.723962
-3.90001	-1E-11	323.747165	0.0999998	-1.43E-11	323.747165
-3.80001	-9.1E-12	323.770397	0.0999998	-1.41E-11	323.770397
-3.70001	-9.1E-12	323.793633	0.0999998	-1.41E-11	323.793633
-3.60001	-9.6E-12	323.816926	0.1	-1.42E-11	323.816926
-3.50001	-2.85E-11	323.857568	0.1000001	-1.26E-11	323.857568
-3.40001	-8.8E-12	323.880869	0.1	-1.45E-11	323.880869
-3.30001	-9.4E-12	323.904174	0.0999997	-1.44E-11	323.904174
-3.20001	-7.4E-12	323.927401	0.0999999	-1.47E-11	323.927401
-3.10001	-6.6E-12	323.95069	0.0999998	-1.47E-11	323.95069
-3.00001	-5.6E-12	323.973905	0.0999999	-1.45E-11	323.973905
-2.90001	-6E-12	323.997189	0.0999998	-1.46E-11	323.997189
-2.80001	-6E-12	324.020495	0.1	-1.51E-11	324.020495
-2.70001	-5.8E-12	324.043776	0.0999998	-1.5E-11	324.043776
-2.60001	-3.4E-12	324.066983	0.1	-1.51E-11	324.066983
-2.50001	-4E-12	324.09026	0.0999999	-1.5E-11	324.09026
-2.40001	-2.2E-12	324.113567	0.0999997	-1.49E-11	324.113567
-2.30001	-1E-12	324.136783	0.1000001	-1.49E-11	324.136783
-2.20001	1E-13	324.159996	0.0999998	-1.45E-11	324.159996
-2.099999	-1.61E-11	324.185179	0.1000001	-7E-12	324.185179
-2	-9E-13	324.208486	0.0999998	2.51E-11	324.208486
-1.9	3E-13	324.23177	0.1	1.813E-10	324.23177
-1.8	1.1E-12	324.255052	0.1000002	7.975E-10	324.255052
-1.699999	2.2E-12	324.278368	0.1000007	2.9297E-09	324.278368
-1.6	5E-12	324.301697	0.1000019	9.203E-09	324.301697
-1.500001	-1.63E-11	324.35915	0.1000034	2.40764E-08	324.35915
-1.4	1.8E-12	324.38256	0.1000039	5.85039E-08	324.38256
-1.300001	-1.44E-11	324.422033	0.1000002	1.19387E-07	324.422033
-1.2	-8.7E-12	324.44677	0.1000004	2.24913E-07	324.44677
-1.100001	-6.5E-12	324.471262	0.1000008	3.80379E-07	324.471262
-1	-5.8E-12	324.49577	0.1000008	5.9279E-07	324.49577
-0.9	-4.1E-12	324.520307	0.1000011	8.65359E-07	324.520307
-0.800001	-8.1E-12	324.554841	0.1000001	1.19209E-06	324.554841
-0.700001	-2.1E-12	324.57935	0.1	1.58512E-06	324.57935
-0.6	-7E-13	324.603978	0.1000001	2.02882E-06	324.603978
-0.500001	1.6E-12	324.628555	0.1000001	2.51971E-06	324.628555
-0.4	2.5E-12	324.653112	0.1	3.05162E-06	324.653112
-0.3	4.5E-12	324.677612	0.1	3.61937E-06	324.677612
-0.1999999	2.6E-12	324.704018	0.0999998	4.2161E-06	324.704018
-0.0999997	7.9E-12	324.728523	0.1	4.84014E-06	324.728523
4E-07	9.5E-12	324.75301	0.0999999	5.48479E-06	324.75301
0.1000004	1.18E-11	324.777547	0.1000001	6.1476E-06	324.777547
0.2000005	1.36E-11	324.80208	0.1000002	6.82555E-06	324.80208
0.299999	7.6E-12	324.867755	0.1000003	7.50333E-06	324.867755
0.4	1.49E-11	324.892311	0.1000001	8.20866E-06	324.892311
0.5	1.78E-11	324.916846	0.1	8.92263E-06	324.916846
0.599999	1.96E-11	324.941373	0.1000001	9.64457E-06	324.941373
0.7	2.19E-11	324.965928	0.0999999	1.03758E-05	324.965928
0.799999	1.89E-11	325.000499	0.1000001	1.1105E-05	325.000499
0.9	2.51E-11	325.02505	0.1000003	1.18531E-05	325.02505
0.999999	2.73E-11	325.049652	0.1000001	1.26063E-05	325.049652
1.1	2.93E-11	325.074149	0.0999999	1.33656E-05	325.074149
1.2	3.05E-11	325.098657	0.1	1.41296E-05	325.098657
1.3	3.23E-11	325.123166	0.1000001	1.48975E-05	325.123166
1.4	3.39E-11	325.147666	0.0999999	1.56688E-05	325.147666
1.5	3.55E-11	325.172204	0.1	1.64435E-05	325.172204
1.6	3.66E-11	325.1967	0.1	1.72205E-05	325.1967
1.699999	3.76E-11	325.221213	0.0999999	1.80002E-05	325.221213
1.8	3.83E-11	325.245731	0.1	1.87824E-05	325.245731
1.9	3.94E-11	325.27029	0.1000002	1.95664E-05	325.27029
2	3.98E-11	325.294862	0.1000001	2.03509E-05	325.294862
2.099999	4.08E-11	325.319367	0.1	2.11376E-05	325.319367
2.19999	3.42E-11	325.366501	0.1	2.19129E-05	325.366501
2.29999	3.98E-11	325.391113	0.1000001	2.27045E-05	325.391113
2.39999	4.1E-11	325.415649	0.1000001	2.34963E-05	325.415649
2.49999	4.2E-11	325.440167	0.1000001	2.42883E-05	325.440167
2.59999	4.23E-11	325.464741	0.1	2.50816E-05	325.464741
2.69999	4.3E-11	325.489277	0.1000001	2.58757E-05	325.489277
2.79999	4.37E-11	325.51379	0.1	2.66705E-05	325.51379
2.89999	4.4E-11	325.538329	0.0999998	2.74661E-05	325.538329
2.99999	4.43E-11	325.56286	0.0999999	2.82628E-05	325.56286
3.09999	4.5E-11	325.587343	0.1000001	2.90596E-05	325.587343
3.19999	4.49E-11	325.611877	0.0999999	2.98565E-05	325.611877
3.29999	4.57E-11	325.636454	0.1000001	3.06546E-05	325.636454
3.39999	4.6E-11	325.661007	0.1	3.14536E-05	325.661007
3.49999	4.6E-11	325.685549	0.1000001	3.22527E-05	325.685549
3.59999	4.63E-11	325.710082	0.0999998	3.30525E-05	325.710082
3.69999	4.66E-11	325.734626	0.1000001	3.38523E-05	325.734626
3.79999	4.75E-11	325.759137	0.1	3.4654E-05	325.759137
3.89999	4.78E-11	325.783684	0.1000001	3.54551E-05	325.783684
3.99999	4.81E-11	325.808191	0.1	3.62569E-05	325.808191
4.09999	4.2E-11	325.860808	0.1000001	3.70524E-05	325.860808
4.19999	4.68E-11	325.88541	0.1	3.78588E-05	325.88541
4.29999	4.72E-11	325.909925	0.1000001	3.86644E-05	325.909925
4.39999	4.76E-11	325.934537	0.1	3.94698E-05	325.934537
4.49999	4.83E-11	325.959118	0.1000001	4.02762E-05	325.959118
4.59999	4.86E-11	325.98362	0.0999999	4.10832E-05	325.98362
4.69999	4.87E-11	326.008144	0.1000001	4.18907E-05	326.008144
4.79999	4.91E-11	326.032603	0.1000002	4.26987E-05	326.032603
4.89999	4.95E-11	326.057099	0.0999999	4.35078E-05	326.057099
4.99999	4.94E-11	326.081614	0.0999998	4.43178E-05	326.081614
5.09999	4.97E-11	326.106166	0.0999998	4.51291E-05	326.106166
5.19999	5E-11	326.130673	0.1	4.59405E-05	326.130673
5.29999	5.02E-11	326.15522	0.1000002	4.67533E-05	326.15522
5.39999	5.04E-11	326.17975	0.1000001	4.75667E-05	326.17975
5.49999	5.07E-11	326.204272	0.0999999	4.83809E-05	326.204272
5.59999	5.08E-11	326.228795	0.0999999	4.91967E-05	326.228795
5.69999	5.1E-11	326.253354	0.1000001	5.00145E-05	326.253354
5.79999	5.09E-11	326.277882	0.1000002	5.08316E-05	326.277882
5.89999	5.04E-11	326.302543	0.0999999	5.16497E-05	326.302543
5.99999	4.32E-11	326.364698	0.0999999	5.24554E-05	326.364698
6.09999	4.88E-11	326.389325	0.1000001	5.32811E-05	326.389325
6.19999	4.95E-11	326.41387	0.1	5.4104E-05	326.41387
6.29999	5.01E-11	326.438405	0.1000002	5.49275E-05	326.438405
6.39999	5.08E-11	326.462986	0.1000002	5.57523E-05	326.462986
6.49999	5.13E-11	326.487514	0.1000001	5.65781E-05	326.487514
6.59999	5.16E-11	326.512041	0.1	5.74041E-05	326.512041
6.69999	5.15E-11	326.536654	0.1	5.82317E-05	326.536654
6.79999	5.19E-11	326.561168	0.1	5.90606E-05	326.561168
6.89999	5.2E-11	326.585697	0.1000002	5.98894E-05	326.585697
6.99999	5.24E-11	326.610204	0.1	6.07193E-05	326.610204
7.09999	5.26E-11	326.634789	0.0999999	6.15514E-05	326.634789
7.19999	5.27E-11	326.659309	0.0999999	6.23846E-05	326.659309
7.29999	5.28E-11	326.683844	0.1000002	6.32176E-05	326.683844
7.39999	5.34E-11	326.70835	0.0999999	6.40527E-05	326.70835
7.49999	5.36E-11	326.732911	0.1	6.4889E-05	326.732911
7.59999	5.41E-11	326.757417	0.0999999	6.57258E-05	326.757417
7.69999	5.45E-11	326.781946	0.1	6.65639E-05	326.781946
7.79999	5.47E-11	326.806452	0.1000001	6.74025E-05	326.806452
7.89999	4.71E-11	326.86834	0.0999999	6.82334E-05	326.86834
7.99999	5.21E-11	326.892966	0.0999999	6.90777E-05	326.892966
8.09999	5.26E-11	326.917484	0.1	6.99214E-05	326.917484
8.19999	5.34E-11	326.942018	0.1000001	7.07661E-05	326.942018
8.29999	5.36E-11	326.966583	0.0999999	7.16113E-05	326.966583
8.39999	5.33E-11	326.991103	0.1	7.24588E-05	326.991103
8.49999	5.42E-11	327.015617	0.1000002	7.33048E-05	327.015617
8.59999	5.42E-11	327.040263	0.1	7.41527E-05	327.040263
8.69999	5.47E-11	327.064793	0.0999999	7.50034E-05	327.064793
8.79999	5.48E-11	327.089324	0.1000001	7.58531E-05	327.089324
8.89999	5.53E-11	327.113837	0.1000002	7.67048E-05	327.113837
8.99999	5.52E-11	327.138369	0.1000001	7.75575E-05	327.138369
9.09999	5.51E-11	327.162872	0.1000002	7.84126E-05	327.162872
9.19999	5.51E-11	327.187377	0.0999999	7.92674E-05	327.187377
9.29999	5.56E-11	327.211909	0.1	8.01199E-05	327.211909
9.39999	5.58E-11	327.236435	0.1	8.09796E-05	327.236435
9.49999	5.63E-11	327.260948	0.1	8.18407E-05	327.260948
9.59999	5.62E-11	327.28549	0.0999998	8.27011E-05	327.28549
9.69999	5.56E-11	327.310079	0.1	8.35622E-05	327.310079
9.79999	4.87E-11	327.370027	0.1	8.44171E-05	327.370027
9.89999	5.39E-11	327.394626	0.0999999	8.5284E-05	327.394626
9.99999	5.44E-11	327.419156	0.0999999	8.61494E-05	327.419156
9.9	4.08E-11	327.443682	0.1	8.52694E-05	327.443682
9.8	3.83E-11	327.468237	0.0999999	8.43966E-05	327.468237
9.7	3.6E-11	327.492747	0.1	8.35258E-05	327.492747
9.6	3.39E-11	327.517284	0.1000001	8.26562E-05	327.517284
9.5	3.29E-11	327.541796	0.1000002	8.17887E-05	327.541796
9.4	3.13E-11	327.56634	0.1	8.09241E-05	327.56634
9.3	3.02E-11	327.59087	0.1000001	8.00607E-05	327.59087
9.2	2.92E-11	327.615399	0.1	7.9197E-05	327.615399
9.1	2.83E-11	327.639955	0.1	7.83344E-05	327.639955
9	2.85E-11	327.664508	0.0999999	7.7475E-05	327.664508
8.9	2.74E-11	327.689022	0.1000004	7.66192E-05	327.689022
8.8	2.69E-11	327.713567	0.0999998	7.57599E-05	327.713567
8.7	2.67E-11	327.738069	0.0999999	7.49007E-05	327.738069
8.6	2.58E-11	327.762596	0.0999998	7.40429E-05	327.762596
8.5	2.51E-11	327.787157	0.1	7.31875E-05	327.787157
8.4	2.46E-11	327.811713	0.0999998	7.23312E-05	327.811713
8.3	3.08E-11	327.871315	0.1000001	7.14837E-05	327.871315
8.2	2.48E-11	327.895935	0.0999999	7.06295E-05	327.895935
8.1	2.37E-11	327.920447	0.0999996	6.97789E-05	327.920447
8	2.28E-11	327.944996	0.1000001	6.89276E-05	327.944996
7.9	2.23E-11	327.96956	0.1	6.80789E-05	327.96956
7.8	2.21E-11	327.994108	0.1	6.72308E-05	327.994108
7.7	2.16E-11	328.018718	0.1	6.63845E-05	328.018718
7.6	2.12E-11	328.043245	0.0999997	6.55386E-05	328.043245
7.5	2.07E-11	328.067789	0.0999998	6.46947E-05	328.067789
7.4	2.03E-11	328.0923	0.1	6.38511E-05	328.0923
7.3	2.03E-11	328.116852	0.0999999	6.30096E-05	328.116852
7.2	1.92E-11	328.141306	0.0999998	6.2168E-05	328.141306
7.1	1.94E-11	328.165865	0.0999999	6.13283E-05	328.165865
7	1.87E-11	328.190382	0.0999999	6.04901E-05	328.190382
6.9	1.84E-11	328.214965	0.1000001	5.96511E-05	328.214965
6.8	1.76E-11	328.239516	0.1000001	5.88142E-05	328.239516
6.7	1.73E-11	328.26406	0.0999998	5.7979E-05	328.26406
6.6	1.73E-11	328.288622	0.0999999	5.71441E-05	328.288622
6.5	1.71E-11	328.313234	0.1000002	5.63097E-05	328.313234
6.4	2.3E-11	328.372573	0.1000001	5.54833E-05	328.372573
6.3	1.83E-11	328.397219	0.1000001	5.46505E-05	328.397219
6.2	1.69E-11	328.421737	0.1	5.38195E-05	328.421737
6.1	1.57E-11	328.446305	0.1	5.29898E-05	328.446305
6	1.54E-11	328.470855	0.1	5.21607E-05	328.470855
5.9	1.51E-11	328.495409	0.1000001	5.13324E-05	328.495409
5.8	1.45E-11	328.519914	0.1	5.05062E-05	328.519914
5.7	1.44E-11	328.544485	0.1000002	4.96809E-05	328.544485
5.6	1.38E-11	328.569014	0.0999999	4.88562E-05	328.569014
5.5	1.37E-11	328.593522	0.1000001	4.80321E-05	328.593522
5.4	1.3E-11	328.618019	0.0999999	4.72103E-05	328.618019
5.3	1.25E-11	328.642583	0.1	4.63894E-05	328.642583
5.2	1.25E-11	328.667164	0.1000001	4.55686E-05	328.667164
5.1	1.17E-11	328.691669	0.1000001	4.47492E-05	328.691669
5	1.15E-11	328.716203	0.0999998	4.39306E-05	328.716203
4.9	1.07E-11	328.740728	0.0999997	4.31121E-05	328.740728
4.8	1.05E-11	328.765258	0.1000002	4.22954E-05	328.765258
4.7	1.02E-11	328.789819	0.1	4.148E-05	328.789819
4.6	1E-11	328.81433	0.1	4.06667E-05	328.81433
4.5	1.65E-11	328.87443	0.0999999	3.98584E-05	328.87443
4.4	1.02E-11	328.89901	0.1000002	3.90449E-05	328.89901
4.3	9.5E-12	328.923538	0.1	3.82326E-05	328.923538
4.2	8.5E-12	328.948033	0.0999999	3.74213E-05	328.948033
4.1	7.6E-12	328.972616	0.0999999	3.66124E-05	328.972616
4	7.3E-12	328.997146	0.0999999	3.58038E-05	328.997146
3.9	6.4E-12	329.021662	0.0999999	3.49963E-05	329.021662
3.8	5.9E-12	329.046244	0.0999998	3.41901E-05	329.046244
3.7	5.3E-12	329.070786	0.1000002	3.33844E-05	329.070786
3.6	5E-12	329.095283	0.0999998	3.25798E-05	329.095283
3.5	4E-12	329.119803	0.0999999	3.17768E-05	329.119803
3.4	3.1E-12	329.144308	0.1	3.09744E-05	329.144308
3.3	2.9E-12	329.168909	0.0999998	3.01727E-05	329.168909
3.2	1.6E-12	329.193419	0.1000002	2.93723E-05	329.193419
3.1	8E-13	329.21793	0.1000001	2.85732E-05	329.21793
3	3E-13	329.242434	0.0999997	2.77748E-05	329.242434
2.9	0	329.266957	0.1	2.69781E-05	329.266957
2.8	-9E-13	329.291496	0.1	2.61821E-05	329.291496
2.7	-1.8E-12	329.316076	0.0999998	2.53875E-05	329.316076
2.6	4.4E-12	329.375801	0.1	2.45998E-05	329.375801
2.5	-1.1E-12	329.400488	0.1	2.38068E-05	329.400488
2.4	-2.6E-12	329.425017	0.0999998	2.30156E-05	329.425017
2.3	-4E-12	329.449531	0.1	2.22263E-05	329.449531
2.2	-4.8E-12	329.474113	0.0999998	2.14386E-05	329.474113
2.099999	-3.1E-12	329.500553	0.0999999	2.06597E-05	329.500553
2	-7.2E-12	329.525059	0.1	1.98751E-05	329.525059
1.9	-8.4E-12	329.549563	0.1	1.9093E-05	329.549563
1.8	-9.4E-12	329.574121	0.0999999	1.83124E-05	329.574121
1.699999	-1.01E-11	329.598659	0.1	1.75342E-05	329.598659
1.6	-1.17E-11	329.623223	0.0999998	1.67585E-05	329.623223
1.5	-1.31E-11	329.647793	0.1	1.59858E-05	329.647793
1.4	-1.44E-11	329.672336	0.1	1.52156E-05	329.672336
1.3	-1.62E-11	329.696849	0.1	1.44497E-05	329.696849
1.2	-1.74E-11	329.721349	0.0999999	1.36874E-05	329.721349
1.1	-1.9E-11	329.745844	0.1000002	1.29303E-05	329.745844
1	-2.05E-11	329.770359	0.0999999	1.21789E-05	329.770359
0.9	-2.23E-11	329.794899	0.0999999	1.1434E-05	329.794899
0.8	-2.42E-11	329.819434	0.1	1.06968E-05	329.819434
0.7	-1.9E-11	329.877425	0.1	9.9733E-06	329.877425
0.6	-2.61E-11	329.90201	0.0999999	9.2509E-06	329.90201
0.5	-2.49E-11	329.929144	0.1	8.54565E-06	329.929144
0.4	-3.08E-11	329.953672	0.1	7.84369E-06	329.953672
0.3	-3.36E-11	329.978232	0.1000001	7.15233E-06	329.978232
0.1999998	-3.22E-11	330.004641	0.1000001	6.47516E-06	330.004641
0.0999996	-3.8E-11	330.029132	0.1	5.80928E-06	330.029132
-4E-07	-4.02E-11	330.053629	0.0999998	5.16095E-06	330.053629
