#scan	iMeasureCycle=1	iMux=0	time=0.031	N=401	LocalTime=20/04/2023 05:25:42
#VGate(V)	IGate(A)	time(s)	VDrain(V)	IDrain(A)	time(s)
0	-1.511E-10	0.034023	0.0999999	2.00191E-05	0.034023
-0.1000005	-2.099E-10	0.058914	0.1	1.91943E-05	0.058914
-0.2000005	-2.585E-10	0.083437	0.1	1.83752E-05	0.083437
-0.300001	-1.985E-10	0.108171	0.0999999	1.75594E-05	0.108171
-0.4	-1.104E-10	0.132716	0.0999998	1.67478E-05	0.132716
-0.5	-8.5E-11	0.157211	0.0999999	1.59402E-05	0.157211
-0.6	-7.12E-11	0.181767	0.1	1.5137E-05	0.181767
-0.7	-6.42E-11	0.206363	0.1000001	1.43386E-05	0.206363
-0.8	-5.92E-11	0.230878	0.1000001	1.35451E-05	0.230878
-0.9	-5.66E-11	0.255379	0.1000001	1.2758E-05	0.255379
-1	-5.46E-11	0.279915	0.0999999	1.1978E-05	0.279915
-1.1	-5.22E-11	0.304677	0.1	1.12051E-05	0.304677
-1.2	-5.24E-11	0.329216	0.1	1.04408E-05	0.329216
-1.3	-5.14E-11	0.353737	0.0999998	9.6875E-06	0.353737
-1.4	-4.75E-11	0.380841	0.1	8.94844E-06	0.380841
-1.5	-5.04E-11	0.405439	0.1	8.21871E-06	0.405439
-1.6	-5.09E-11	0.429976	0.1000002	7.50494E-06	0.429976
-1.7	-5.12E-11	0.454465	0.0999999	6.80823E-06	0.454465
-1.8	-5.07E-11	0.479021	0.0999998	6.13187E-06	0.479021
-1.9	-5.12E-11	0.503533	0.0999998	5.47875E-06	0.503533
-2	-5.08E-11	0.528075	0.0999998	4.85133E-06	0.528075
-2.1	-5.14E-11	0.552681	0.0999997	4.25303E-06	0.552681
-2.2	-4.5E-11	0.596671	0.0999998	3.68816E-06	0.596671
-2.3	-5E-11	0.621242	0.1	3.15559E-06	0.621242
-2.4	-5.12E-11	0.645816	0.1	2.66276E-06	0.645816
-2.5	-5.14E-11	0.670356	0.0999999	2.21113E-06	0.670356
-2.6	-5.16E-11	0.694921	0.1	1.80256E-06	0.694921
-2.7	-5.25E-11	0.719445	0.0999999	1.43826E-06	0.719445
-2.8	-5.24E-11	0.743956	0.0999998	1.1192E-06	0.743956
-2.9	-4.93E-11	0.77126	0.0999997	8.46579E-07	0.77126
-3	-5.3E-11	0.795763	0.0999996	6.16731E-07	0.795763
-3.1	-5.37E-11	0.820295	0.0999997	4.30412E-07	0.820295
-3.2	-5.45E-11	0.84479	0.0999997	2.85294E-07	0.84479
-3.3	-5.38E-11	0.869302	0.0999995	1.77609E-07	0.869302
-3.4	-5.48E-11	0.893789	0.0999997	1.02609E-07	0.893789
-3.5	-4.95E-11	0.931475	0.0999965	5.4965E-08	0.931475
-3.6	-6.94E-11	0.954684	0.1000055	2.62186E-08	0.954684
-3.7	-6.86E-11	0.978023	0.1000024	1.12783E-08	0.978023
-3.8	-6.87E-11	1.001322	0.1000011	4.3439E-09	1.001322
-3.9	-7.12E-11	1.024538	0.1000006	1.4758E-09	1.024538
-4	-7.11E-11	1.047837	0.1000003	4.351E-10	1.047837
-4.1	-4.97E-11	1.101153	0.0999999	1.107E-10	1.101153
-4.2	-6.78E-11	1.124463	0.1000003	1.85E-11	1.124463
-4.3	-7.05E-11	1.147684	0.1000001	-5E-13	1.147684
-4.4	-7.13E-11	1.170887	0.1000001	-3.9E-12	1.170887
-4.5	-7.02E-11	1.194226	0.1000002	-4.1E-12	1.194226
-4.6	-7.06E-11	1.217522	0.1000002	-4.4E-12	1.217522
-4.7	-7.28E-11	1.240741	0.1000002	-3.6E-12	1.240741
-4.8	-7.3E-11	1.263957	0.1000001	-3.9E-12	1.263957
-4.9	-7.13E-11	1.287253	0.1000002	-4.2E-12	1.287253
-5	-7.18E-11	1.310604	0.1000002	-3.5E-12	1.310604
-5.1	-7.37E-11	1.333817	0.1000001	-3.7E-12	1.333817
-5.2	-7.39E-11	1.357041	0.1000003	-4E-12	1.357041
-5.3	-7.26E-11	1.380331	0.1000003	-4.2E-12	1.380331
-5.4	-7.29E-11	1.403619	0.1000003	-4.2E-12	1.403619
-5.5	-7.5E-11	1.426833	0.1000003	-3.8E-12	1.426833
-5.6	-7.52E-11	1.450049	0.1000001	-3.8E-12	1.450049
-5.7	-7.3E-11	1.473415	0.1000001	-4.1E-12	1.473415
-5.8	-7.48E-11	1.496634	0.1000002	-4E-12	1.496634
-5.9	-7.62E-11	1.519856	0.1000001	-3.3E-12	1.519856
-6	-7.63E-11	1.54315	0.1000001	-3.4E-12	1.54315
-6.1	-5.51E-11	1.600128	0.1000001	-5.3E-12	1.600128
-6.2	-7.44E-11	1.623368	0.1000001	-3.3E-12	1.623368
-6.3	-7.32E-11	1.646708	0.1000001	-4.1E-12	1.646708
-6.4	-7.53E-11	1.669918	0.1000002	-3.8E-12	1.669918
-6.5	-7.61E-11	1.693193	0.1	-3.8E-12	1.693193
-6.6	-7.63E-11	1.716409	0.1000002	-3.6E-12	1.716409
-6.7	-7.49E-11	1.739706	0.1000001	-3.9E-12	1.739706
-6.8	-7.49E-11	1.763	0.1	-4.1E-12	1.763
-6.9	-7.73E-11	1.786286	0.1000003	-3.8E-12	1.786286
-7	-7.54E-11	1.809655	0.1000003	-4E-12	1.809655
-7.1	-7.57E-11	1.832966	0.1000001	-4E-12	1.832966
-7.2	-7.63E-11	1.856246	0.1000002	-3.8E-12	1.856246
-7.3	-7.7E-11	1.879531	0.1000001	-4E-12	1.879531
-7.4	-7.66E-11	1.902814	0.1000002	-3.2E-12	1.902814
-7.5	-7.8E-11	1.92603	0.1000002	-3.5E-12	1.92603
-7.6	-7.9E-11	1.949244	0.1000001	-3.3E-12	1.949244
-7.7	-7.86E-11	1.972456	0.1000002	-3.2E-12	1.972456
-7.8	-7.7E-11	1.995801	0.1	-3.7E-12	1.995801
-7.9	-7.94E-11	2.019008	0.1000002	-3.5E-12	2.019008
-8	-7.92E-11	2.042304	0.1000002	-3.7E-12	2.042304
-8.1	-5.79E-11	2.101318	0.0999998	-5.1E-12	2.101318
-8.2	-7.75E-11	2.124565	0.1000001	-3.8E-12	2.124565
-8.3	-7.82E-11	2.147774	0.1000002	-3.7E-12	2.147774
-8.4	-7.71E-11	2.171061	0.1	-3.4E-12	2.171061
-8.5	-7.9E-11	2.194326	0.1000002	-3.2E-12	2.194326
-8.6	-7.9E-11	2.217553	0.1000003	-3.4E-12	2.217553
-8.7	-7.97E-11	2.240779	0.1	-3.3E-12	2.240779
-8.8	-7.81E-11	2.264072	0.1000002	-3.9E-12	2.264072
-8.9	-7.73E-11	2.287398	0.1	-3.8E-12	2.287398
-9	-8.09E-11	2.310629	0.1000001	-3.2E-12	2.310629
-9.1	-7.88E-11	2.333934	0.1000001	-3.5E-12	2.333934
-9.2	-7.89E-11	2.357226	0.1000002	-3.5E-12	2.357226
-9.3	-8.11E-11	2.380442	0.1000001	-3.3E-12	2.380442
-9.4	-8.09E-11	2.403648	0.1000001	-3.1E-12	2.403648
-9.5	-8.12E-11	2.426871	0.1000003	-3.3E-12	2.426871
-9.6	-7.92E-11	2.450165	0.1000001	-3.8E-12	2.450165
-9.7	-8.14E-11	2.473369	0.0999999	-2.8E-12	2.473369
-9.8	-8.16E-11	2.496582	0.1000002	-3.4E-12	2.496582
-9.9	-8.18E-11	2.519801	0.1	-3.4E-12	2.519801
-10	-7.98E-11	2.543182	0.1000001	-3.9E-12	2.543182
-9.90001	-5.61E-11	2.602912	0.0999999	-5.4E-12	2.602912
-9.80001	-3.68E-11	2.626224	0.0999997	-6.6E-12	2.626224
-9.70001	-3.53E-11	2.649583	0.0999997	-6.9E-12	2.649583
-9.60001	-3.27E-11	2.672867	0.0999996	-6.7E-12	2.672867
-9.50001	-2.96E-11	2.696144	0.0999996	-7.3E-12	2.696144
-9.40001	-3.02E-11	2.719447	0.0999997	-7.3E-12	2.719447
-9.30001	-2.73E-11	2.742659	0.0999997	-7E-12	2.742659
-9.20001	-2.64E-11	2.765877	0.0999998	-7E-12	2.765877
-9.10001	-2.52E-11	2.789086	0.0999997	-7.5E-12	2.789086
-9.00001	-2.67E-11	2.812373	0.0999997	-7E-12	2.812373
-8.90001	-2.64E-11	2.835677	0.0999997	-7E-12	2.835677
-8.80001	-2.35E-11	2.858886	0.0999999	-7.3E-12	2.858886
-8.70001	-2.36E-11	2.882094	0.0999998	-7.4E-12	2.882094
-8.60001	-2.42E-11	2.905388	0.0999998	-7.2E-12	2.905388
-8.50001	-2.36E-11	2.928688	0.0999997	-7.2E-12	2.928688
-8.40001	-2.12E-11	2.951892	0.0999998	-7.4E-12	2.951892
-8.30001	-2.09E-11	2.975101	0.0999996	-7.7E-12	2.975101
-8.20001	-2.23E-11	2.998453	0.0999996	-7.4E-12	2.998453
-8.10001	-2E-11	3.021918	0.0999997	-7.3E-12	3.021918
-8	-1.98E-11	3.045222	0.0999998	-7.1E-12	3.045222
-7.90001	-4.03E-11	3.10431	0.0999997	-5.6E-12	3.10431
-7.80001	-2.16E-11	3.127624	0.0999997	-7.2E-12	3.127624
-7.70001	-2.14E-11	3.150928	0.1	-7.2E-12	3.150928
-7.6	-1.87E-11	3.174136	0.0999998	-7.6E-12	3.174136
-7.50001	-1.84E-11	3.197403	0.0999996	-7.3E-12	3.197403
-7.40001	-1.97E-11	3.220695	0.0999999	-7E-12	3.220695
-7.30001	-1.93E-11	3.244013	0.0999997	-7.2E-12	3.244013
-7.2	-1.67E-11	3.267221	0.0999997	-7.5E-12	3.267221
-7.10001	-1.78E-11	3.290516	0.0999998	-7.7E-12	3.290516
-7.00001	-1.69E-11	3.313775	0.0999998	-7.3E-12	3.313775
-6.90001	-1.61E-11	3.337015	0.0999997	-7.9E-12	3.337015
-6.80001	-1.5E-11	3.360233	0.0999997	-7.5E-12	3.360233
-6.70001	-1.44E-11	3.383448	0.0999997	-7.4E-12	3.383448
-6.60001	-1.63E-11	3.40673	0.0999996	-7.6E-12	3.40673
-6.50001	-1.6E-11	3.43003	0.0999998	-7.5E-12	3.43003
-6.40001	-1.36E-11	3.453258	0.0999998	-7.6E-12	3.453258
-6.30001	-1.32E-11	3.476479	0.0999997	-7.8E-12	3.476479
-6.20001	-1.4E-11	3.499762	0.0999997	-7.7E-12	3.499762
-6.10001	-1.41E-11	3.523054	0.0999998	-7.7E-12	3.523054
-6.00001	-1.17E-11	3.546351	0.0999997	-8.1E-12	3.546351
-5.90001	-3.28E-11	3.605751	0.1000001	-6.4E-12	3.605751
-5.80001	-1.29E-11	3.629001	0.0999997	-7.9E-12	3.629001
-5.70001	-1.4E-11	3.652358	0.0999996	-7.6E-12	3.652358
-5.60001	-1.11E-11	3.675559	0.0999997	-8E-12	3.675559
-5.50001	-1.05E-11	3.698826	0.0999996	-8.2E-12	3.698826
-5.40001	-1.2E-11	3.722117	0.0999997	-7.8E-12	3.722117
-5.30001	-9.5E-12	3.745339	0.0999998	-8.5E-12	3.745339
-5.20001	-9.7E-12	3.768585	0.0999998	-8.3E-12	3.768585
-5.1	-9.1E-12	3.791815	0.0999996	-8.2E-12	3.791815
-5.00001	-1.01E-11	3.81519	0.0999997	-7.8E-12	3.81519
-4.90001	-7.8E-12	3.838407	0.0999995	-8.1E-12	3.838407
-4.80001	-6.9E-12	3.861624	0.0999997	-8.3E-12	3.861624
-4.7	-6.7E-12	3.884831	0.0999999	-8.6E-12	3.884831
-4.60001	-7.7E-12	3.908111	0.0999996	-8.6E-12	3.908111
-4.50001	-5.7E-12	3.931403	0.0999997	-8.2E-12	3.931403
-4.40001	-6.9E-12	3.954693	0.0999996	-6.5E-12	3.954693
-4.3	-6.8E-12	3.977971	0.0999998	1.2E-12	3.977971
-4.20001	-6.1E-12	4.001302	0.0999999	4.3E-11	4.001302
-4.10001	-4.6E-12	4.024519	0.0999998	2.143E-10	4.024519
-4.00001	-4E-12	4.04783	0.0999999	7.869E-10	4.04783
-3.90001	-2.44E-11	4.107681	0.1000003	2.3443E-09	4.107681
-3.80001	-5.2E-12	4.130942	0.1000002	6.5727E-09	4.130942
-3.70001	-3E-12	4.154161	0.1000006	1.60736E-08	4.154161
-3.60001	-4.3E-12	4.177442	0.1000012	3.51834E-08	4.177442
-3.50001	-1.9E-12	4.200716	0.0999986	6.985E-08	4.200716
-3.40001	-2.2E-11	4.240176	0.1000002	1.24069E-07	4.240176
-3.30001	-1.68E-11	4.264684	0.1000003	2.09247E-07	4.264684
-3.20001	-1.58E-11	4.289219	0.1000005	3.27364E-07	4.289219
-3.10001	-1.53E-11	4.313707	0.1000005	4.83206E-07	4.313707
-3.00001	-1.44E-11	4.338266	0.1000005	6.79831E-07	4.338266
-2.90001	-1.36E-11	4.36281	0.1000006	9.19254E-07	4.36281
-2.80001	-1.79E-11	4.397388	0.1000001	1.19863E-06	4.397388
-2.70001	-1.31E-11	4.421926	0.1000001	1.52935E-06	4.421926
-2.60001	-1.2E-11	4.446441	0.0999999	1.90284E-06	4.446441
-2.50001	-1.16E-11	4.471008	0.1000002	2.31987E-06	4.471008
-2.40001	-1.05E-11	4.495526	0.1000001	2.77859E-06	4.495526
-2.30001	-9.7E-12	4.520045	0.1000002	3.27678E-06	4.520045
-2.20001	-9.5E-12	4.544668	0.0999999	3.81254E-06	4.544668
-2.099999	-1.61E-11	4.606567	0.0999999	4.37219E-06	4.606567
-2.000001	-9.7E-12	4.631131	0.1000001	4.979E-06	4.631131
-1.9	-8.5E-12	4.655699	0.1	5.61101E-06	4.655699
-1.800001	-7.2E-12	4.680212	0.1	6.26652E-06	4.680212
-1.7	-5.8E-12	4.704784	0.0999999	6.94463E-06	4.704784
-1.6	-4.7E-12	4.729339	0.1000001	7.6423E-06	4.729339
-1.5	-4E-12	4.753836	0.1000001	8.356E-06	4.753836
-1.400001	-3.1E-12	4.77837	0.1	9.08396E-06	4.77837
-1.3	-1.4E-12	4.802878	0.1000002	9.82571E-06	4.802878
-1.200001	-5.4E-12	4.837443	0.1	1.05705E-05	4.837443
-1.100001	-5E-13	4.862006	0.1000002	1.13342E-05	4.862006
-1	1.5E-12	4.886553	0.1	1.21057E-05	4.886553
-0.900001	2.7E-12	4.911084	0.0999999	1.28847E-05	4.911084
-0.8	4.1E-12	4.93562	0.1000002	1.367E-05	4.93562
-0.700001	5.7E-12	4.960132	0.1000001	1.44609E-05	4.960132
-0.6	7.2E-12	4.984695	0.0999999	1.52573E-05	4.984695
-0.500001	8.6E-12	5.009214	0.0999998	1.60573E-05	5.009214
-0.400001	1.02E-11	5.033735	0.1000001	1.68623E-05	5.033735
-0.3	1.12E-11	5.058438	0.1000001	1.76703E-05	5.058438
-0.1999999	6.8E-12	5.113675	0.1	1.84773E-05	5.113675
-0.0999997	1.3E-11	5.138201	0.1000001	1.92954E-05	5.138201
3E-07	1.55E-11	5.162722	0.1000001	2.01169E-05	5.162722
0.1000003	1.78E-11	5.187211	0.1000002	2.09426E-05	5.187211
0.2000004	1.92E-11	5.211794	0.1	2.17727E-05	5.211794
0.299999	2.18E-11	5.236494	0.1000002	2.26066E-05	5.236494
0.4	2.37E-11	5.261092	0.1000001	2.3446E-05	5.261092
0.5	2.57E-11	5.285593	0.1000002	2.42883E-05	5.285593
0.599999	2.71E-11	5.310131	0.0999999	2.51341E-05	5.310131
0.699999	2.94E-11	5.334716	0.1	2.59817E-05	5.334716
0.799999	3.17E-11	5.359187	0.1000001	2.68318E-05	5.359187
0.9	3.3E-11	5.383729	0.1	2.76837E-05	5.383729
0.999999	3.49E-11	5.408242	0.1000002	2.85373E-05	5.408242
1.1	3.65E-11	5.432746	0.1000001	2.93914E-05	5.432746
1.2	3.79E-11	5.457301	0.1000004	3.02466E-05	5.457301
1.3	3.93E-11	5.4818	0.1000001	3.11037E-05	5.4818
1.399999	4.06E-11	5.506305	0.0999999	3.19606E-05	5.506305
1.5	4.2E-11	5.530802	0.1000002	3.28187E-05	5.530802
1.6	4.31E-11	5.555402	0.1	3.36767E-05	5.555402
1.699999	3.67E-11	5.613534	0.0999999	3.45251E-05	5.613534
1.8	4.25E-11	5.638048	0.1	3.53891E-05	5.638048
1.9	4.38E-11	5.662605	0.1	3.62514E-05	5.662605
2	4.55E-11	5.687093	0.1000002	3.71136E-05	5.687093
2.1	4.61E-11	5.711664	0.1	3.79758E-05	5.711664
2.19999	4.67E-11	5.736384	0.1000001	3.88355E-05	5.736384
2.29999	4.75E-11	5.760913	0.1000001	3.96984E-05	5.760913
2.39999	4.79E-11	5.785449	0.1	4.0562E-05	5.785449
2.49999	4.91E-11	5.810046	0.1000002	4.14264E-05	5.810046
2.59999	4.91E-11	5.834544	0.0999999	4.22899E-05	5.834544
2.69999	4.97E-11	5.859059	0.1	4.31557E-05	5.859059
2.79999	5E-11	5.883574	0.1	4.40214E-05	5.883574
2.89999	5.04E-11	5.908078	0.1	4.4888E-05	5.908078
2.99999	5.05E-11	5.932594	0.1	4.57543E-05	5.932594
3.09999	5.11E-11	5.957145	0.0999998	4.66216E-05	5.957145
3.19999	5.15E-11	5.981652	0.1	4.74901E-05	5.981652
3.29999	5.2E-11	6.00622	0.1000003	4.83578E-05	6.00622
3.39999	5.18E-11	6.03073	0.1000002	4.92275E-05	6.03073
3.49999	5.23E-11	6.055396	0.0999999	5.00965E-05	6.055396
3.59999	4.55E-11	6.114819	0.1000002	5.09556E-05	6.114819
3.69999	5.07E-11	6.139313	0.0999999	5.18306E-05	6.139313
3.79999	5.14E-11	6.16389	0.1000001	5.27047E-05	6.16389
3.89999	5.26E-11	6.188395	0.1000002	5.35776E-05	6.188395
3.99999	5.31E-11	6.21297	0.0999999	5.44519E-05	6.21297
4.09999	5.33E-11	6.237504	0.1000003	5.53269E-05	6.237504
4.19999	5.35E-11	6.262057	0.1000002	5.62012E-05	6.262057
4.29999	5.39E-11	6.286565	0.1000002	5.70766E-05	6.286565
4.39999	5.41E-11	6.311074	0.1000002	5.79533E-05	6.311074
4.49999	5.44E-11	6.335681	0.1	5.88304E-05	6.335681
4.59999	5.46E-11	6.36019	0.1000001	5.97076E-05	6.36019
4.69999	5.52E-11	6.384714	0.1000002	6.05857E-05	6.384714
4.79999	5.49E-11	6.409245	0.1000002	6.14656E-05	6.409245
4.89999	5.51E-11	6.433792	0.1000002	6.23463E-05	6.433792
4.99999	5.54E-11	6.458309	0.1000002	6.32268E-05	6.458309
5.09999	5.58E-11	6.48284	0.0999999	6.41083E-05	6.48284
5.19999	5.6E-11	6.507344	0.1	6.49907E-05	6.507344
5.29999	5.62E-11	6.531867	0.0999999	6.58734E-05	6.531867
5.39999	5.64E-11	6.556475	0.1000003	6.67569E-05	6.556475
5.49999	4.98E-11	6.616501	0.1000002	6.76313E-05	6.616501
5.59999	5.51E-11	6.64103	0.1	6.85198E-05	6.64103
5.69999	5.51E-11	6.665623	0.1	6.94082E-05	6.665623
5.79999	5.54E-11	6.690154	0.1	7.02956E-05	6.690154
5.89999	5.59E-11	6.714751	0.1	7.11843E-05	6.714751
5.99999	5.65E-11	6.739286	0.1000001	7.20729E-05	6.739286
6.09999	5.68E-11	6.763806	0.1	7.29632E-05	6.763806
6.19999	5.68E-11	6.788343	0.1000002	7.38536E-05	6.788343
6.29999	5.72E-11	6.81286	0.1000002	7.47453E-05	6.81286
6.39999	5.73E-11	6.837392	0.1	7.56365E-05	6.837392
6.49999	5.73E-11	6.861962	0.1000001	7.65302E-05	6.861962
6.59999	5.79E-11	6.886488	0.1000001	7.74248E-05	6.886488
6.69999	5.81E-11	6.910997	0.1000001	7.8319E-05	6.910997
6.79999	5.79E-11	6.935538	0.1000002	7.92152E-05	6.935538
6.89999	5.81E-11	6.960063	0.1000003	8.01118E-05	6.960063
6.99999	5.87E-11	6.984585	0.0999999	8.10084E-05	6.984585
7.09999	5.86E-11	7.00919	0.1000002	8.19052E-05	7.00919
7.19999	5.92E-11	7.033711	0.1000002	8.28037E-05	7.033711
7.29999	5.92E-11	7.058328	0.0999997	8.3705E-05	7.058328
7.39999	5.22E-11	7.118114	0.1	8.45953E-05	7.118114
7.49999	5.74E-11	7.142684	0.1000002	8.55002E-05	7.142684
7.59999	5.79E-11	7.167278	0.1000001	8.64033E-05	7.167278
7.69999	5.86E-11	7.191804	0.1000001	8.73083E-05	7.191804
7.79999	5.9E-11	7.216367	0.1000002	8.82136E-05	7.216367
7.89999	5.93E-11	7.240887	0.1000002	8.91193E-05	7.240887
7.99999	5.95E-11	7.265447	0.1000001	9.00246E-05	7.265447
8.09999	5.96E-11	7.289967	0.0999999	9.09311E-05	7.289967
8.19999	5.93E-11	7.314473	0.1	9.18393E-05	7.314473
8.29999	5.96E-11	7.339049	0.1000001	9.27479E-05	7.339049
8.39999	5.97E-11	7.363613	0.1	9.36558E-05	7.363613
8.49999	6.03E-11	7.388129	0.0999999	9.45679E-05	7.388129
8.59999	6.06E-11	7.412646	0.0999998	9.54793E-05	7.412646
8.69999	6.08E-11	7.437157	0.0999998	9.63924E-05	7.437157
8.79999	6.06E-11	7.461699	0.1000001	9.73045E-05	7.461699
8.89999	6.1E-11	7.486221	0.0999999	9.82193E-05	7.486221
8.99999	6.11E-11	7.510745	0.1	9.91341E-05	7.510745
9.09999	6.14E-11	7.535264	0.1000003	0.000100051	7.535264
9.19999	6.16E-11	7.559885	0.1000001	0.0001009672	7.559885
9.29999	5.5E-11	7.61952	0.1000001	0.0001018745	7.61952
9.39999	5.97E-11	7.644055	0.1000001	0.0001027975	7.644055
9.49999	6.03E-11	7.66862	0.1000001	0.0001037205	7.66862
9.59999	6.13E-11	7.693162	0.1000002	0.0001046436	7.693162
9.69999	5.73E-11	7.722837	0.1000001	0.000105536	7.722837
9.79999	6.05E-11	7.747371	0.1	0.000106459	7.747371
9.89999	6.12E-11	7.771917	0.1	0.000107382	7.771917
9.99999	6.12E-11	7.796434	0.0999999	0.000108308	7.796434
9.9	4.78E-11	7.821039	0.1	0.000107369	7.821039
9.8	4.49E-11	7.845592	0.0999999	0.000106434	7.845592
9.7	4.24E-11	7.870127	0.1000001	0.000105506	7.870127
9.6	4.12E-11	7.894634	0.1	0.000104577	7.894634
9.5	4.06E-11	7.91916	0.0999999	0.000103649	7.91916
9.4	3.92E-11	7.94368	0.1000001	0.000102721	7.94368
9.3	3.78E-11	7.968208	0.0999999	0.000101795	7.968208
9.2	3.76E-11	7.992899	0.1	0.000100874	7.992899
9.1	3.66E-11	8.017445	0.1	9.9951E-05	8.017445
9	3.5E-11	8.041957	0.1000001	9.9029E-05	8.041957
8.9	3.44E-11	8.066534	0.0999999	9.8111E-05	8.066534
8.8	3.99E-11	8.124082	0.0999999	9.7193E-05	8.124082
8.7	3.44E-11	8.148624	0.0999999	9.6268E-05	8.148624
8.6	3.31E-11	8.173165	0.1	9.5348E-05	8.173165
8.5	3.22E-11	8.19772	0.1	9.4429E-05	8.19772
8.4	3.14E-11	8.222292	0.0999999	9.3511E-05	8.222292
8.3	3.13E-11	8.246818	0.1000001	9.2592E-05	8.246818
8.2	3E-11	8.271332	0.1000001	9.1676E-05	8.271332
8.1	2.98E-11	8.295864	0.1000001	9.0761E-05	8.295864
8	2.94E-11	8.320377	0.0999999	8.9847E-05	8.320377
7.9	3.29E-11	8.348317	0.1	8.89673E-05	8.348317
7.8	2.96E-11	8.372866	0.0999999	8.80556E-05	8.372866
7.7	2.88E-11	8.397413	0.0999998	8.71432E-05	8.397413
7.6	2.82E-11	8.421933	0.0999999	8.6232E-05	8.421933
7.5	2.75E-11	8.446434	0.0999999	8.53231E-05	8.446434
7.4	2.77E-11	8.470966	0.1000001	8.44147E-05	8.470966
7.3	2.71E-11	8.495589	0.1000001	8.35066E-05	8.495589
7.2	2.67E-11	8.520114	0.1	8.25998E-05	8.520114
7.1	2.62E-11	8.544611	0.1000001	8.16943E-05	8.544611
7	2.61E-11	8.569212	0.1	8.0788E-05	8.569212
6.9	3.18E-11	8.625788	0.1000001	7.989E-05	8.625788
6.8	2.71E-11	8.650313	0.0999998	7.89858E-05	8.650313
6.7	2.61E-11	8.674889	0.1000002	7.80815E-05	8.674889
6.6	2.54E-11	8.69942	0.1	7.71784E-05	8.69942
6.5	2.49E-11	8.724003	0.0999999	7.62774E-05	8.724003
6.4	2.47E-11	8.748524	0.0999998	7.53766E-05	8.748524
6.3	2.43E-11	8.773041	0.0999999	7.44769E-05	8.773041
6.2	2.38E-11	8.797551	0.1	7.35774E-05	8.797551
6.1	2.28E-11	8.822085	0.0999999	7.26797E-05	8.822085
6	2.23E-11	8.846621	0.1000002	7.1782E-05	8.846621
5.9	2.18E-11	8.871154	0.0999998	7.08849E-05	8.871154
5.8	2.17E-11	8.895664	0.1	6.9988E-05	8.895664
5.7	2.14E-11	8.920184	0.0999998	6.90934E-05	8.920184
5.6	2.11E-11	8.944702	0.0999998	6.81986E-05	8.944702
5.5	2.07E-11	8.969222	0.1	6.73047E-05	8.969222
5.4	2.03E-11	8.993765	0.1	6.64111E-05	8.993765
5.3	1.99E-11	9.018347	0.0999997	6.55192E-05	9.018347
5.2	1.93E-11	9.042865	0.0999998	6.46282E-05	9.042865
5.1	1.9E-11	9.06749	0.0999998	6.37356E-05	9.06749
5	2.51E-11	9.124671	0.1	6.28514E-05	9.124671
4.9	1.98E-11	9.149215	0.0999999	6.19622E-05	9.149215
4.8	1.96E-11	9.173752	0.1000001	6.10727E-05	9.173752
4.7	1.84E-11	9.198262	0.0999999	6.01853E-05	9.198262
4.6	1.78E-11	9.222845	0.1	5.92985E-05	9.222845
4.5	1.74E-11	9.247362	0.1000001	5.84118E-05	9.247362
4.4	1.69E-11	9.271922	0.1	5.75264E-05	9.271922
4.3	1.58E-11	9.296486	0.0999997	5.66408E-05	9.296486
4.2	1.53E-11	9.321001	0.1	5.57574E-05	9.321001
4.1	1.46E-11	9.345589	0.1	5.48744E-05	9.345589
4	1.43E-11	9.370096	0.0999998	5.39917E-05	9.370096
3.9	1.38E-11	9.394615	0.0999998	5.31097E-05	9.394615
3.8	1.29E-11	9.419123	0.0999999	5.22285E-05	9.419123
3.7	1.2E-11	9.443646	0.0999999	5.13477E-05	9.443646
3.6	1.17E-11	9.468144	0.0999999	5.04692E-05	9.468144
3.5	1.16E-11	9.492805	0.1	4.95908E-05	9.492805
3.4	1.07E-11	9.517308	0.1	4.87133E-05	9.517308
3.3	1.03E-11	9.541842	0.0999999	4.78356E-05	9.541842
3.2	9.6E-12	9.566443	0.1	4.69593E-05	9.566443
3.1	1.53E-11	9.625939	0.1	4.60886E-05	9.625939
3	1.02E-11	9.650487	0.0999998	4.52138E-05	9.650487
2.9	8.8E-12	9.675099	0.1	4.43397E-05	9.675099
2.8	8E-12	9.699619	0.0999998	4.34659E-05	9.699619
2.7	6.8E-12	9.724212	0.1	4.2593E-05	9.724212
2.6	5.8E-12	9.748725	0.0999999	4.17214E-05	9.748725
2.5	5E-12	9.773253	0.1	4.08507E-05	9.773253
2.4	3.5E-12	9.797768	0.1000001	3.99809E-05	9.797768
2.3	3.2E-12	9.822416	0.0999999	3.91113E-05	9.822416
2.2	2E-12	9.846913	0.1	3.82432E-05	9.846913
2.099999	4.5E-12	9.873314	0.1	3.73789E-05	9.873314
2	6E-13	9.897831	0.1	3.65121E-05	9.897831
1.9	-1E-12	9.92234	0.1000001	3.56469E-05	9.92234
1.8	-1.8E-12	9.946878	0.0999999	3.47829E-05	9.946878
1.7	-2.8E-12	9.971425	0.0999998	3.39198E-05	9.971425
1.6	-3.7E-12	9.995933	0.1	3.30585E-05	9.995933
1.5	-4.7E-12	10.020539	0.0999998	3.21981E-05	10.020539
1.4	-6.9E-12	10.045062	0.1	3.1339E-05	10.045062
1.3	-7.7E-12	10.069678	0.0999999	3.04815E-05	10.069678
1.200001	-2.2E-12	10.12764	0.0999999	2.963E-05	10.12764
1.1	-8.9E-12	10.15217	0.1	2.87742E-05	10.15217
1	-1.1E-11	10.176703	0.0999998	2.79217E-05	10.176703
0.9	-1.33E-11	10.20122	0.0999999	2.7071E-05	10.20122
0.8	-1.54E-11	10.225785	0.1	2.62238E-05	10.225785
0.7	-1.74E-11	10.250291	0.1000002	2.53792E-05	10.250291
0.6	-1.95E-11	10.274793	0.0999998	2.45382E-05	10.274793
0.5	-2.16E-11	10.299302	0.0999999	2.37011E-05	10.299302
0.4	-2.38E-11	10.323843	0.0999999	2.28682E-05	10.323843
0.3	-2.57E-11	10.348421	0.0999999	2.20389E-05	10.348421
0.2	-2.49E-11	10.374826	0.1000001	2.12159E-05	10.374826
0.0999996	-3.04E-11	10.399324	0.0999998	2.03974E-05	10.399324
-3E-07	-3.29E-11	10.42382	0.1	1.95835E-05	10.42382
#scan	iMeasureCycle=2	iMux=0	time=279.862	N=401	LocalTime=20/04/2023 05:30:22
#VGate(V)	IGate(A)	time(s)	VDrain(V)	IDrain(A)	time(s)
-1E-07	-1.17E-11	279.869522	0.1	1.97976E-05	279.869522
-0.1000004	-1.92E-11	279.894435	0.0999999	1.89772E-05	279.894435
-0.2000002	-2.09E-11	279.920039	0.1	1.81616E-05	279.920039
-0.3	-2.68E-11	279.944761	0.1	1.73502E-05	279.944761
-0.4	-2.96E-11	279.969336	0.0999998	1.65432E-05	279.969336
-0.5	-3.2E-11	279.993847	0.0999998	1.57402E-05	279.993847
-0.6	-3.43E-11	280.018495	0.0999999	1.49421E-05	280.018495
-0.7	-3.59E-11	280.043053	0.1	1.41491E-05	280.043053
-0.8	-3.73E-11	280.067643	0.1	1.33604E-05	280.067643
-0.9	-3.92E-11	280.092151	0.1	1.2579E-05	280.092151
-1	-4.08E-11	280.116694	0.0999998	1.18046E-05	280.116694
-1.1	-4.22E-11	280.141209	0.0999998	1.10382E-05	280.141209
-1.2	-4.28E-11	280.165737	0.1	1.02811E-05	280.165737
-1.3	-4.42E-11	280.190241	0.0999999	9.5339E-06	280.190241
-1.4	-4.08E-11	280.217354	0.1	8.80282E-06	280.217354
-1.5	-4.57E-11	280.241861	0.1000001	8.08093E-06	280.241861
-1.6	-4.58E-11	280.266403	0.0999998	7.37447E-06	280.266403
-1.7	-4.67E-11	280.291154	0.0999998	6.68626E-06	280.291154
-1.8	-4.68E-11	280.315683	0.1	6.01768E-06	280.315683
-1.9	-4.78E-11	280.340216	0.0999999	5.37251E-06	280.340216
-2	-4.84E-11	280.364836	0.1000001	4.75313E-06	280.364836
-2.1	-4.97E-11	280.389356	0.1000001	4.16321E-06	280.389356
-2.2	-4.39E-11	280.435207	0.0999995	3.60685E-06	280.435207
-2.3	-4.91E-11	280.459739	0.1000001	3.08258E-06	280.459739
-2.4	-4.97E-11	280.48439	0.1	2.5979E-06	280.48439
-2.5	-5.03E-11	280.508909	0.0999998	2.15348E-06	280.508909
-2.6	-5.12E-11	280.533493	0.1	1.75147E-06	280.533493
-2.7	-5.16E-11	280.558074	0.0999999	1.39395E-06	280.558074
-2.8	-5.22E-11	280.582606	0.1	1.08125E-06	280.582606
-2.9	-4.92E-11	280.609919	0.0999995	8.14846E-07	280.609919
-3	-5.27E-11	280.634477	0.0999997	5.90903E-07	280.634477
-3.1	-5.26E-11	280.659018	0.0999997	4.1001E-07	280.659018
-3.2	-5.35E-11	280.683526	0.0999997	2.69703E-07	280.683526
-3.3	-5.4E-11	280.708135	0.0999999	1.66342E-07	280.708135
-3.4	-5.44E-11	280.732632	0.0999999	9.4993E-08	280.732632
-3.5	-4.88E-11	280.770306	0.0999966	5.03199E-08	280.770306
-3.6	-6.74E-11	280.793595	0.1000054	2.36039E-08	280.793595
-3.7	-6.75E-11	280.816884	0.1000027	9.9764E-09	280.816884
-3.8	-6.89E-11	280.840161	0.1000012	3.768E-09	280.840161
-3.9	-7.06E-11	280.863365	0.1000007	1.2585E-09	280.863365
-4	-6.95E-11	280.886658	0.1000003	3.654E-10	280.886658
-4.1	-4.99E-11	280.935632	0.1	9.04E-11	280.935632
-4.2	-6.8E-11	280.958978	0.1000002	1.41E-11	280.958978
-4.3	-7.06E-11	280.982196	0.1000002	-1.2E-12	280.982196
-4.4	-7.09E-11	281.005418	0.1000003	-3.8E-12	281.005418
-4.5	-7.18E-11	281.028686	0.1000004	-4.5E-12	281.028686
-4.6	-7.06E-11	281.051992	0.1000003	-4.5E-12	281.051992
-4.7	-7.06E-11	281.075281	0.1000004	-4.7E-12	281.075281
-4.8	-7.3E-11	281.098497	0.1000005	-4.5E-12	281.098497
-4.9	-7.32E-11	281.121705	0.1000004	-4.6E-12	281.121705
-5	-7.2E-11	281.144986	0.1000003	-4.5E-12	281.144986
-5.1	-7.11E-11	281.168319	0.1000003	-4.7E-12	281.168319
-5.2	-7.41E-11	281.19153	0.1000003	-4.2E-12	281.19153
-5.3	-7.47E-11	281.214741	0.1000005	-4.2E-12	281.214741
-5.4	-7.34E-11	281.238029	0.1000001	-4.3E-12	281.238029
-5.5	-7.28E-11	281.261306	0.1000002	-3.8E-12	281.261306
-5.6	-7.45E-11	281.284547	0.1000003	-4.2E-12	281.284547
-5.7	-7.4E-11	281.307883	0.1000003	-4E-12	281.307883
-5.8	-7.36E-11	281.331164	0.1000002	-4.2E-12	281.331164
-5.9	-7.52E-11	281.354374	0.1000002	-3.8E-12	281.354374
-6	-7.58E-11	281.377602	0.1000003	-3.5E-12	281.377602
-6.1	-5.56E-11	281.429732	0.0999999	-5.7E-12	281.429732
-6.2	-7.48E-11	281.452964	0.1000003	-4E-12	281.452964
-6.3	-7.36E-11	281.476261	0.1000002	-4.2E-12	281.476261
-6.4	-7.57E-11	281.499489	0.1000003	-3.7E-12	281.499489
-6.5	-7.63E-11	281.522756	0.1000002	-3.7E-12	281.522756
-6.6	-7.66E-11	281.545991	0.1000002	-3.8E-12	281.545991
-6.7	-7.67E-11	281.569221	0.1000003	-3.6E-12	281.569221
-6.8	-7.63E-11	281.59246	0.1	-3.5E-12	281.59246
-6.9	-7.71E-11	281.615686	0.1000003	-3.7E-12	281.615686
-7	-7.73E-11	281.638953	0.1000004	-4E-12	281.638953
-7.1	-7.48E-11	281.662281	0.1000002	-4.2E-12	281.662281
-7.2	-7.55E-11	281.685587	0.1000002	-3.8E-12	281.685587
-7.3	-7.74E-11	281.708812	0.1000002	-3.6E-12	281.708812
-7.4	-7.75E-11	281.732023	0.1000001	-3.6E-12	281.732023
-7.5	-7.65E-11	281.755312	0.1000001	-3.3E-12	281.755312
-7.6	-7.66E-11	281.778612	0.1000002	-3.3E-12	281.778612
-7.7	-7.88E-11	281.801833	0.1000003	-3.4E-12	281.801833
-7.8	-7.9E-11	281.825049	0.1000002	-3.4E-12	281.825049
-7.9	-7.76E-11	281.848338	0.1000002	-3.7E-12	281.848338
-8	-7.68E-11	281.871643	0.1000003	-4.2E-12	281.871643
-8.1	-7.98E-11	281.894852	0.1000002	-3.8E-12	281.894852
-8.2	-5.93E-11	281.935643	0.1	-5.6E-12	281.935643
-8.3	-7.81E-11	281.958879	0.1000003	-3.8E-12	281.958879
-8.4	-7.88E-11	281.982107	0.1000002	-3.5E-12	281.982107
-8.5	-7.87E-11	282.005339	0.1000001	-3.8E-12	282.005339
-8.6	-7.81E-11	282.028683	0.1000003	-3.6E-12	282.028683
-8.7	-7.98E-11	282.051925	0.1000003	-3.6E-12	282.051925
-8.8	-8E-11	282.075133	0.1	-3.4E-12	282.075133
-8.9	-7.95E-11	282.098386	0.1000002	-3.4E-12	282.098386
-9	-7.77E-11	282.121719	0.1000002	-3.9E-12	282.121719
-9.1	-8.03E-11	282.144929	0.1000003	-3.4E-12	282.144929
-9.2	-8.09E-11	282.168151	0.1000003	-3.7E-12	282.168151
-9.3	-8.08E-11	282.191372	0.1000003	-3.6E-12	282.191372
-9.4	-7.89E-11	282.214652	0.1000003	-3.5E-12	282.214652
-9.5	-7.91E-11	282.237942	0.1000003	-3.6E-12	282.237942
-9.6	-8.11E-11	282.261149	0.1000004	-3.8E-12	282.261149
-9.7	-8.13E-11	282.284371	0.1000004	-3.3E-12	282.284371
-9.8	-8E-11	282.307711	0.1000003	-3.6E-12	282.307711
-9.9	-8E-11	282.331008	0.1000001	-3.6E-12	282.331008
-10	-8.14E-11	282.354221	0.1000003	-3.3E-12	282.354221
-9.90001	-3.96E-11	282.377453	0.1	-6.8E-12	282.377453
-9.80001	-5.39E-11	282.437049	0.1000001	-5.3E-12	282.437049
-9.70001	-3.33E-11	282.460285	0.0999998	-7.3E-12	282.460285
-9.60001	-3.11E-11	282.483506	0.0999998	-7.1E-12	282.483506
-9.50001	-2.97E-11	282.506729	0.0999999	-7.3E-12	282.506729
-9.40001	-3.01E-11	282.530071	0.0999998	-7.1E-12	282.530071
-9.30001	-2.72E-11	282.553312	0.0999999	-7.5E-12	282.553312
-9.20001	-2.68E-11	282.57654	0.0999997	-7.4E-12	282.57654
-9.10001	-2.55E-11	282.599764	0.0999997	-7.5E-12	282.599764
-9.00001	-2.63E-11	282.623047	0.0999998	-7.2E-12	282.623047
-8.90001	-2.44E-11	282.646319	0.0999999	-7.6E-12	282.646319
-8.80001	-2.34E-11	282.669538	0.0999998	-7.7E-12	282.669538
-8.70001	-2.26E-11	282.692858	0.0999997	-7.4E-12	282.692858
-8.60001	-2.34E-11	282.71616	0.0999998	-7.2E-12	282.71616
-8.50001	-2.31E-11	282.739447	0.0999998	-7.1E-12	282.739447
-8.40001	-2.1E-11	282.762643	0.0999999	-7.5E-12	282.762643
-8.30001	-2.25E-11	282.785939	0.0999998	-7.2E-12	282.785939
-8.20001	-2.21E-11	282.809236	0.0999997	-7.4E-12	282.809236
-8.10001	-2.04E-11	282.83246	0.0999999	-7.5E-12	282.83246
-8.00001	-1.88E-11	282.855746	0.0999999	-7.5E-12	282.855746
-7.90001	-2.03E-11	282.879035	0.0999997	-7.4E-12	282.879035
-7.80001	-3.93E-11	282.938394	0.1000001	-6.1E-12	282.938394
-7.70001	-1.98E-11	282.961632	0.0999997	-8E-12	282.961632
-7.6	-1.82E-11	282.984865	0.0999998	-7.9E-12	282.984865
-7.50001	-1.79E-11	283.008106	0.0999997	-7.8E-12	283.008106
-7.40001	-1.91E-11	283.031441	0.0999998	-7.2E-12	283.031441
-7.30001	-1.75E-11	283.054675	0.0999998	-7.6E-12	283.054675
-7.2	-1.62E-11	283.077903	0.0999998	-7.9E-12	283.077903
-7.10001	-1.72E-11	283.101208	0.0999999	-7.6E-12	283.101208
-7.00001	-1.73E-11	283.124493	0.0999999	-7.5E-12	283.124493
-6.90001	-1.53E-11	283.147707	0.0999996	-7.5E-12	283.147707
-6.80001	-1.42E-11	283.170916	0.0999999	-8.5E-12	283.170916
-6.70001	-1.57E-11	283.194214	0.0999999	-7.6E-12	283.194214
-6.60001	-1.55E-11	283.217508	0.0999998	-7.9E-12	283.217508
-6.50001	-1.36E-11	283.240721	0.0999998	-7.7E-12	283.240721
-6.40001	-1.32E-11	283.263938	0.0999998	-7.9E-12	283.263938
-6.30001	-1.27E-11	283.287144	0.0999997	-7.9E-12	283.287144
-6.20001	-1.42E-11	283.310479	0.0999999	-7.7E-12	283.310479
-6.10001	-1.19E-11	283.333707	0.0999999	-8E-12	283.333707
-6.00001	-1.15E-11	283.356926	0.0999996	-8.3E-12	283.356926
-5.90001	-1.03E-11	283.380136	0.0999999	-8.1E-12	283.380136
-5.80001	-3.18E-11	283.440092	0.1000003	-6E-12	283.440092
-5.70001	-1.22E-11	283.463323	0.0999999	-8E-12	283.463323
-5.60001	-1.25E-11	283.486618	0.0999997	-7.9E-12	283.486618
-5.50001	-1.19E-11	283.509923	0.0999997	-8.1E-12	283.509923
-5.40001	-1.04E-11	283.5332	0.0999997	-8.3E-12	283.5332
-5.30001	-9.8E-12	283.556431	0.0999997	-8.1E-12	283.556431
-5.20001	-1.07E-11	283.579719	0.0999998	-7.9E-12	283.579719
-5.1	-8.8E-12	283.603017	0.0999998	-8.3E-12	283.603017
-5.00001	-8.1E-12	283.626248	0.0999998	-8.3E-12	283.626248
-4.90001	-9E-12	283.649598	0.1	-8.3E-12	283.649598
-4.80001	-8.5E-12	283.672876	0.0999998	-8.5E-12	283.672876
-4.7	-6.7E-12	283.696068	0.0999999	-8.4E-12	283.696068
-4.60001	-6.3E-12	283.719314	0.0999998	-8.4E-12	283.719314
-4.50001	-7.7E-12	283.742603	0.0999997	-7.8E-12	283.742603
-4.40001	-7.6E-12	283.765928	0.1	-7E-12	283.765928
-4.3	-5.2E-12	283.78915	0.0999999	-4E-13	283.78915
-4.20001	-5.6E-12	283.812396	0.0999999	3.46E-11	283.812396
-4.10001	-5.6E-12	283.835686	0.0999998	1.786E-10	283.835686
-4.00001	-5.1E-12	283.858957	0.1	6.661E-10	283.858957
-3.90001	-3.5E-12	283.882183	0.1000004	2.095E-09	283.882183
-3.80001	-2.39E-11	283.941778	0.1000009	5.6298E-09	283.941778
-3.70001	-4.9E-12	283.965035	0.1	1.42689E-08	283.965035
-3.60001	-2.9E-12	283.988258	0.1000008	3.1833E-08	283.988258
-3.50001	-1.8E-12	284.011472	0.0999984	6.39982E-08	284.011472
-3.40001	-2.22E-11	284.051249	0.1	1.15121E-07	284.051249
-3.30001	-1.7E-11	284.075744	0.1000003	1.9635E-07	284.075744
-3.20001	-1.6E-11	284.100236	0.1000006	3.09984E-07	284.100236
-3.10001	-1.58E-11	284.124771	0.1000004	4.60598E-07	284.124771
-3.00001	-1.49E-11	284.149289	0.1000006	6.5145E-07	284.149289
-2.90001	-1.42E-11	284.173798	0.1000006	8.84784E-07	284.173798
-2.80001	-1.83E-11	284.208306	0.1	1.15797E-06	284.208306
-2.70001	-1.34E-11	284.232822	0.1	1.48191E-06	284.232822
-2.60001	-1.2E-11	284.257324	0.1	1.84858E-06	284.257324
-2.50001	-1.14E-11	284.28184	0.1000002	2.25774E-06	284.28184
-2.40001	-1.06E-11	284.306409	0.1	2.7089E-06	284.306409
-2.30001	-9.9E-12	284.330922	0.1	3.19981E-06	284.330922
-2.20001	-9.1E-12	284.355452	0.0999999	3.72809E-06	284.355452
-2.1	-1.2E-11	284.381899	0.1000001	4.29127E-06	284.381899
-2.000001	-1.54E-11	284.445821	0.0999999	4.87254E-06	284.445821
-1.9	-9.4E-12	284.470376	0.0999999	5.4992E-06	284.470376
-1.800001	-7.7E-12	284.494898	0.1	6.14816E-06	284.494898
-1.7	-6.5E-12	284.519402	0.1	6.81858E-06	284.519402
-1.6	-6.6E-12	284.544231	0.1000001	7.508E-06	284.544231
-1.5	-4.3E-12	284.568757	0.1000002	8.2147E-06	284.568757
-1.400001	-2.7E-12	284.593283	0.1000002	8.93653E-06	284.593283
-1.3	-1.4E-12	284.617789	0.1000002	9.67115E-06	284.617789
-1.200001	-9E-13	284.642369	0.0999999	1.041696E-05	284.642369
-1.100001	-4.1E-12	284.676933	0.1000001	1.1166E-05	284.676933
-1	8E-13	284.701529	0.1	1.19321E-05	284.701529
-0.9	1.7E-12	284.726137	0.0999999	1.27055E-05	284.726137
-0.8	3.8E-12	284.75067	0.0999999	1.34855E-05	284.75067
-0.700001	5.4E-12	284.775189	0.1	1.42712E-05	284.775189
-0.6	6.9E-12	284.799708	0.0999999	1.5062E-05	284.799708
-0.500001	8.4E-12	284.824256	0.1	1.58579E-05	284.824256
-0.400001	9.8E-12	284.848767	0.0999999	1.6658E-05	284.848767
-0.3	1.13E-11	284.873298	0.1000002	1.74622E-05	284.873298
-0.2000001	9.6E-12	284.899702	0.1000001	1.82696E-05	284.899702
-0.1	9.4E-12	284.941759	0.0999998	1.90786E-05	284.941759
2E-07	1.51E-11	284.966281	0.1	1.98955E-05	284.966281
0.1000003	1.75E-11	284.990848	0.1	2.07174E-05	284.990848
0.2000001	1.94E-11	285.015442	0.1	2.15434E-05	285.015442
0.299999	2.2E-11	285.040186	0.1	2.23735E-05	285.040186
0.4	2.37E-11	285.064717	0.1	2.32095E-05	285.064717
0.5	2.56E-11	285.089241	0.1	2.40496E-05	285.089241
0.599999	2.75E-11	285.113741	0.0999998	2.48929E-05	285.113741
0.7	2.92E-11	285.138246	0.1	2.57399E-05	285.138246
0.8	3.14E-11	285.162748	0.1000001	2.65901E-05	285.162748
0.899999	3.27E-11	285.187272	0.1	2.74433E-05	285.187272
0.999999	3.52E-11	285.211789	0.1000001	2.82977E-05	285.211789
1.1	3.65E-11	285.236303	0.0999999	2.91542E-05	285.236303
1.2	3.81E-11	285.260827	0.1	3.0013E-05	285.260827
1.3	3.96E-11	285.285328	0.1	3.08735E-05	285.285328
1.4	4.05E-11	285.309901	0.1	3.1734E-05	285.309901
1.5	4.2E-11	285.334409	0.1	3.25967E-05	285.334409
1.6	4.27E-11	285.358949	0.1000001	3.34599E-05	285.358949
1.699999	4.43E-11	285.383451	0.1000002	3.43242E-05	285.383451
1.799999	3.64E-11	285.44584	0.0999999	3.51815E-05	285.44584
1.9	4.25E-11	285.470386	0.0999998	3.60502E-05	285.470386
2	4.44E-11	285.494891	0.0999999	3.69173E-05	285.494891
2.1	4.53E-11	285.519417	0.1000001	3.77858E-05	285.519417
2.19999	4.6E-11	285.544177	0.1000002	3.86508E-05	285.544177
2.29999	4.7E-11	285.56874	0.1000001	3.95195E-05	285.56874
2.39999	4.78E-11	285.593262	0.0999999	4.03888E-05	285.593262
2.49999	4.84E-11	285.617767	0.1000001	4.12579E-05	285.617767
2.59999	4.87E-11	285.642337	0.1000001	4.21268E-05	285.642337
2.69999	4.97E-11	285.666855	0.1000001	4.29962E-05	285.666855
2.79999	4.99E-11	285.691389	0.0999999	4.38669E-05	285.691389
2.89999	4.99E-11	285.715944	0.0999999	4.47376E-05	285.715944
2.99999	5.1E-11	285.74057	0.0999998	4.56071E-05	285.74057
3.09999	5.09E-11	285.765123	0.0999999	4.6478E-05	285.765123
3.19999	5.14E-11	285.789626	0.1000001	4.73495E-05	285.789626
3.29999	5.19E-11	285.814168	0.1000002	4.82213E-05	285.814168
3.39999	5.21E-11	285.838687	0.1000001	4.90934E-05	285.838687
3.49999	5.14E-11	285.863415	0.1	4.9965E-05	285.863415
3.59999	5.27E-11	285.887939	0.1	5.08386E-05	285.887939
3.69999	4.51E-11	285.949804	0.1000001	5.17007E-05	285.949804
3.79999	5.07E-11	285.974401	0.1000002	5.25774E-05	285.974401
3.89999	5.21E-11	285.998909	0.1000001	5.34533E-05	285.998909
3.99999	5.18E-11	286.023456	0.1000001	5.43296E-05	286.023456
4.09999	5.27E-11	286.048012	0.1000001	5.52065E-05	286.048012
4.19999	5.31E-11	286.072585	0.0999999	5.60828E-05	286.072585
4.29999	5.37E-11	286.097095	0.0999999	5.69598E-05	286.097095
4.39999	5.37E-11	286.121631	0.1000001	5.78376E-05	286.121631
4.49999	5.43E-11	286.146144	0.1000003	5.87161E-05	286.146144
4.59999	5.42E-11	286.170654	0.1000002	5.95942E-05	286.170654
4.69999	5.46E-11	286.195156	0.1000002	6.04739E-05	286.195156
4.79999	5.43E-11	286.219719	0.1000001	6.13541E-05	286.219719
4.89999	5.48E-11	286.244224	0.1000002	6.22351E-05	286.244224
4.99999	5.54E-11	286.268741	0.1000002	6.31166E-05	286.268741
5.09999	5.55E-11	286.293242	0.1000001	6.39977E-05	286.293242
5.19999	5.56E-11	286.317813	0.1	6.48808E-05	286.317813
5.29999	5.6E-11	286.342338	0.1	6.57645E-05	286.342338
5.39999	5.58E-11	286.366874	0.1000001	6.66484E-05	286.366874
5.49999	5.57E-11	286.391396	0.1	6.75332E-05	286.391396
5.59999	5.01E-11	286.446591	0.1	6.84115E-05	286.446591
5.69999	5.48E-11	286.471118	0.1	6.93004E-05	286.471118
5.79999	5.59E-11	286.495648	0.1000001	7.01889E-05	286.495648
5.89999	5.62E-11	286.520152	0.1000001	7.10781E-05	286.520152
5.99999	5.64E-11	286.544727	0.0999999	7.1969E-05	286.544727
6.09999	5.65E-11	286.569257	0.1000003	7.28586E-05	286.569257
6.19999	5.7E-11	286.593775	0.1000001	7.37488E-05	286.593775
6.29999	5.73E-11	286.618271	0.0999999	7.46414E-05	286.618271
6.39999	5.76E-11	286.642862	0.1	7.55338E-05	286.642862
6.49999	5.76E-11	286.667399	0.1000001	7.6427E-05	286.667399
6.59999	5.81E-11	286.691929	0.1000001	7.73216E-05	286.691929
6.69999	5.83E-11	286.716534	0.1000001	7.82168E-05	286.716534
6.79999	5.82E-11	286.741088	0.1000002	7.91133E-05	286.741088
6.89999	5.85E-11	286.765608	0.1	8.00094E-05	286.765608
6.99999	5.84E-11	286.790149	0.1000004	8.09065E-05	286.790149
7.09999	5.83E-11	286.814671	0.1	8.1804E-05	286.814671
7.19999	5.88E-11	286.839245	0.1000001	8.2704E-05	286.839245
7.29999	5.88E-11	286.863771	0.1000001	8.36032E-05	286.863771
7.39999	5.88E-11	286.888279	0.1000002	8.45045E-05	286.888279
7.49999	5.16E-11	286.950367	0.0999998	8.53949E-05	286.950367
7.59999	5.67E-11	286.974929	0.1000001	8.6303E-05	286.974929
7.69999	5.74E-11	286.999478	0.1000002	8.72068E-05	286.999478
7.79999	5.77E-11	287.024005	0.1000001	8.81131E-05	287.024005
7.89999	5.91E-11	287.048587	0.1000002	8.90187E-05	287.048587
7.99999	5.93E-11	287.073148	0.1	8.99265E-05	287.073148
8.09999	5.93E-11	287.097657	0.1000002	9.0833E-05	287.097657
8.19999	5.94E-11	287.122204	0.1000001	9.17401E-05	287.122204
8.29999	5.96E-11	287.146725	0.1	9.265E-05	287.146725
8.39999	6.06E-11	287.171251	0.1	9.35607E-05	287.171251
8.49999	6.04E-11	287.195764	0.1000001	9.44704E-05	287.195764
8.59999	6.06E-11	287.220331	0.1000003	9.53818E-05	287.220331
8.69999	6.07E-11	287.244869	0.1000001	9.62948E-05	287.244869
8.79999	6.06E-11	287.269412	0.0999999	9.72085E-05	287.269412
8.89999	6.05E-11	287.293922	0.1000001	9.81227E-05	287.293922
8.99999	6.05E-11	287.318511	0.1	9.90366E-05	287.318511
9.09999	6.04E-11	287.343006	0.1000002	9.99543E-05	287.343006
9.19999	6.04E-11	287.367559	0.1000002	0.0001008716	287.367559
9.29999	6.06E-11	287.392076	0.1000001	0.0001017848	287.392076
9.39999	5.5E-11	287.453891	0.1000002	0.0001027023	287.453891
9.49999	5.92E-11	287.478423	0.0999999	0.0001036252	287.478423
9.59999	5.98E-11	287.502936	0.0999999	0.0001045494	287.502936
9.69999	5.56E-11	287.532576	0.1000001	0.000105441	287.532576
9.79999	5.95E-11	287.557211	0.1000001	0.000106363	287.557211
9.89999	6.03E-11	287.581753	0.0999998	0.00010729	287.581753
9.99999	6.04E-11	287.606305	0.1	0.000108214	287.606305
9.9	4.81E-11	287.630833	0.1000001	0.000107274	287.630833
9.8	4.47E-11	287.655423	0.1	0.000106341	287.655423
9.7	4.34E-11	287.679945	0.1	0.00010541	287.679945
9.6	4.09E-11	287.704439	0.1000001	0.000104481	287.704439
9.5	3.98E-11	287.728973	0.1	0.000103554	287.728973
9.4	3.87E-11	287.753512	0.1000001	0.000102626	287.753512
9.3	3.72E-11	287.778031	0.1	0.0001017	287.778031
9.2	3.64E-11	287.802552	0.0999999	0.000100777	287.802552
9.1	3.58E-11	287.827103	0.1	9.9854E-05	287.827103
9	3.51E-11	287.851642	0.1000001	9.8932E-05	287.851642
8.9	3.39E-11	287.876175	0.0999998	9.8016E-05	287.876175
8.8	3.34E-11	287.900709	0.0999999	9.7092E-05	287.900709
8.7	3.88E-11	287.958091	0.0999999	9.6174E-05	287.958091
8.6	3.33E-11	287.98266	0.0999999	9.5254E-05	287.98266
8.5	3.27E-11	288.007197	0.1	9.4336E-05	288.007197
8.4	3.15E-11	288.031748	0.1000001	9.3415E-05	288.031748
8.3	3.08E-11	288.056322	0.0999998	9.2498E-05	288.056322
8.2	3.05E-11	288.080847	0.1	9.1582E-05	288.080847
8.1	3.03E-11	288.105364	0.0999999	9.0666E-05	288.105364
8	2.99E-11	288.12988	0.0999998	8.9752E-05	288.12988
7.9	3.32E-11	288.157759	0.0999998	8.88715E-05	288.157759
7.8	2.95E-11	288.182302	0.1	8.79614E-05	288.182302
7.7	2.88E-11	288.206806	0.1000001	8.70477E-05	288.206806
7.6	2.84E-11	288.23132	0.1000001	8.6137E-05	288.23132
7.5	2.8E-11	288.255829	0.1	8.52282E-05	288.255829
7.4	2.75E-11	288.280382	0.1000002	8.43183E-05	288.280382
7.3	2.67E-11	288.304931	0.1000001	8.34092E-05	288.304931
7.2	2.59E-11	288.329518	0.1	8.25025E-05	288.329518
7.1	2.66E-11	288.354027	0.0999998	8.15972E-05	288.354027
7	2.56E-11	288.378544	0.1000001	8.06925E-05	288.378544
6.9	2.53E-11	288.403058	0.1	7.97881E-05	288.403058
6.8	3.16E-11	288.459664	0.0999999	7.8889E-05	288.459664
6.7	2.63E-11	288.484181	0.1000003	7.79847E-05	288.484181
6.6	2.58E-11	288.508724	0.0999999	7.70815E-05	288.508724
6.5	2.48E-11	288.53327	0.0999999	7.6179E-05	288.53327
6.4	2.37E-11	288.557897	0.0999997	7.52784E-05	288.557897
6.3	2.37E-11	288.582434	0.1	7.43788E-05	288.582434
6.2	2.32E-11	288.606945	0.1000001	7.34792E-05	288.606945
6.1	2.28E-11	288.631549	0.0999997	7.25809E-05	288.631549
6	2.22E-11	288.656071	0.0999999	7.16836E-05	288.656071
5.9	2.23E-11	288.680625	0.1000001	7.0786E-05	288.680625
5.8	2.18E-11	288.705264	0.1000001	6.98898E-05	288.705264
5.7	2.09E-11	288.729783	0.1000001	6.89944E-05	288.729783
5.6	2.06E-11	288.754325	0.1000001	6.80996E-05	288.754325
5.5	2.04E-11	288.778848	0.1	6.72059E-05	288.778848
5.4	1.99E-11	288.803354	0.1000001	6.6312E-05	288.803354
5.3	1.97E-11	288.827889	0.0999998	6.54205E-05	288.827889
5.2	1.92E-11	288.852395	0.0999999	6.45295E-05	288.852395
5.1	1.89E-11	288.87691	0.0999997	6.36384E-05	288.87691
5	1.82E-11	288.901427	0.1	6.2748E-05	288.901427
4.9	2.39E-11	288.95393	0.0999997	6.18641E-05	288.95393
4.8	1.89E-11	288.978516	0.0999998	6.09735E-05	288.978516
4.7	1.77E-11	289.003062	0.1000002	6.00864E-05	289.003062
4.6	1.67E-11	289.027583	0.1	5.91994E-05	289.027583
4.5	1.66E-11	289.052189	0.1	5.83129E-05	289.052189
4.4	1.61E-11	289.076834	0.1	5.74274E-05	289.076834
4.3	1.53E-11	289.10138	0.0999999	5.6543E-05	289.10138
4.2	1.5E-11	289.125902	0.1	5.5658E-05	289.125902
4.1	1.37E-11	289.150408	0.1	5.47749E-05	289.150408
4	1.36E-11	289.174951	0.0999998	5.38928E-05	289.174951
3.9	1.24E-11	289.199465	0.1000001	5.30123E-05	289.199465
3.8	1.15E-11	289.223983	0.1000001	5.21303E-05	289.223983
3.7	1.14E-11	289.24849	0.1000001	5.12499E-05	289.24849
3.6	1.14E-11	289.273019	0.1	5.03708E-05	289.273019
3.5	1.03E-11	289.29754	0.1	4.94929E-05	289.29754
3.4	1.02E-11	289.32212	0.1000001	4.86144E-05	289.32212
3.3	9.5E-12	289.346624	0.1	4.77376E-05	289.346624
3.2	8.7E-12	289.371185	0.0999998	4.68611E-05	289.371185
3.1	8.5E-12	289.395727	0.1	4.59862E-05	289.395727
3	1.49E-11	289.453831	0.0999998	4.5116E-05	289.453831
2.9	9.3E-12	289.478474	0.0999998	4.42417E-05	289.478474
2.8	8.1E-12	289.502972	0.1	4.33679E-05	289.502972
2.7	6.5E-12	289.527487	0.0999999	4.24953E-05	289.527487
2.6	5.8E-12	289.552047	0.0999999	4.16232E-05	289.552047
2.5	4.9E-12	289.576619	0.1000002	4.07523E-05	289.576619
2.4	4.3E-12	289.601171	0.1	3.98829E-05	289.601171
2.3	2.8E-12	289.625691	0.1000001	3.90134E-05	289.625691
2.2	1.9E-12	289.650258	0.1	3.81452E-05	289.650258
2.099999	4.3E-12	289.676695	0.0999998	3.72818E-05	289.676695
2	3E-13	289.701234	0.0999999	3.64156E-05	289.701234
1.9	-1.1E-12	289.725747	0.0999998	3.5551E-05	289.725747
1.8	-2.5E-12	289.75025	0.1	3.46873E-05	289.75025
1.7	-3E-12	289.774758	0.1	3.38243E-05	289.774758
1.6	-4.8E-12	289.799268	0.1000001	3.29623E-05	289.799268
1.5	-5.5E-12	289.823874	0.1	3.21023E-05	289.823874
1.4	-6.6E-12	289.848435	0.1000001	3.12438E-05	289.848435
1.3	-8.7E-12	289.872953	0.0999999	3.03861E-05	289.872953
1.2	-9.5E-12	289.897484	0.0999998	2.95306E-05	289.897484
1.100001	-3.5E-12	289.959951	0.1	2.86826E-05	289.959951
1	-1.02E-11	289.984545	0.0999999	2.78294E-05	289.984545
0.9	-1.3E-11	290.009061	0.0999998	2.69786E-05	290.009061
0.8	-1.5E-11	290.033563	0.0999999	2.61314E-05	290.033563
0.7	-1.7E-11	290.058135	0.1	2.52874E-05	290.058135
0.6	-1.93E-11	290.082681	0.0999999	2.44463E-05	290.082681
0.5	-2.14E-11	290.107194	0.1	2.36096E-05	290.107194
0.4	-2.4E-11	290.13171	0.0999999	2.27766E-05	290.13171
0.3	-2.6E-11	290.156236	0.0999999	2.19489E-05	290.156236
0.2	-2.48E-11	290.18264	0.0999999	2.11267E-05	290.18264
0.0999996	-3.02E-11	290.207169	0.0999998	2.03086E-05	290.207169
-4E-07	-3.3E-11	290.231697	0.1	1.94961E-05	290.231697
#scan	iMeasureCycle=3	iMux=0	time=319.973	N=401	LocalTime=20/04/2023 05:31:02
#VGate(V)	IGate(A)	time(s)	VDrain(V)	IDrain(A)	time(s)
0	-1.13E-11	319.980504	0.1	1.97013E-05	319.980504
-0.1000003	-1.9E-11	320.005384	0.1	1.88823E-05	320.005384
-0.2000002	-2E-11	320.031114	0.0999997	1.80684E-05	320.031114
-0.3	-2.62E-11	320.055886	0.1	1.72583E-05	320.055886
-0.4	-2.88E-11	320.08042	0.0999998	1.64529E-05	320.08042
-0.5	-3.14E-11	320.105062	0.0999999	1.56521E-05	320.105062
-0.6	-3.37E-11	320.129563	0.0999998	1.48553E-05	320.129563
-0.7	-3.56E-11	320.154078	0.1000001	1.40639E-05	320.154078
-0.8	-3.73E-11	320.178597	0.1	1.32775E-05	320.178597
-0.9	-3.89E-11	320.203117	0.1	1.24977E-05	320.203117
-1	-4.02E-11	320.227657	0.0999998	1.17257E-05	320.227657
-1.1	-4.09E-11	320.252258	0.1000001	1.09607E-05	320.252258
-1.2	-4.26E-11	320.276779	0.0999999	1.02057E-05	320.276779
-1.3	-4.36E-11	320.301294	0.0999999	9.4606E-06	320.301294
-1.4	-4E-11	320.328473	0.0999997	8.73148E-06	320.328473
-1.5	-4.42E-11	320.35308	0.0999999	8.0124E-06	320.35308
-1.6	-4.58E-11	320.377589	0.0999999	7.30885E-06	320.377589
-1.7	-4.64E-11	320.402161	0.1000004	6.62368E-06	320.402161
-1.8	-4.71E-11	320.426677	0.0999999	5.95863E-06	320.426677
-1.9	-4.8E-11	320.451198	0.0999998	5.31682E-06	320.451198
-2	-4.78E-11	320.475739	0.0999999	4.70124E-06	320.475739
-2.1	-4.86E-11	320.500266	0.1000001	4.11465E-06	320.500266
-2.2	-4.27E-11	320.546585	0.1000001	3.56319E-06	320.546585
-2.3	-4.83E-11	320.571109	0.1	3.04175E-06	320.571109
-2.4	-4.91E-11	320.595735	0.1000001	2.56039E-06	320.595735
-2.5	-5.01E-11	320.620274	0.1	2.12006E-06	320.620274
-2.6	-5.09E-11	320.644855	0.0999999	1.72218E-06	320.644855
-2.7	-5.14E-11	320.669387	0.0999999	1.36785E-06	320.669387
-2.8	-5.15E-11	320.693932	0.1	1.05866E-06	320.693932
-2.9	-4.85E-11	320.721306	0.0999996	7.95384E-07	320.721306
-3	-5.22E-11	320.745909	0.0999996	5.74843E-07	320.745909
-3.1	-5.25E-11	320.770473	0.0999996	3.97637E-07	320.770473
-3.2	-5.32E-11	320.794996	0.0999996	2.60498E-07	320.794996
-3.3	-5.33E-11	320.819523	0.1	1.59793E-07	320.819523
-3.4	-5.43E-11	320.844024	0.0999998	9.065E-08	320.844024
-3.5	-4.87E-11	320.881763	0.0999973	4.76886E-08	320.881763
-3.6	-6.86E-11	320.904959	0.1000054	2.22491E-08	320.904959
-3.7	-6.81E-11	320.928241	0.1000023	9.3543E-09	320.928241
-3.8	-6.82E-11	320.951522	0.100001	3.4921E-09	320.951522
-3.9	-7.01E-11	320.974733	0.1000004	1.1659E-09	320.974733
-4	-7.07E-11	320.997945	0.1000004	3.345E-10	320.997945
-4.1	-4.89E-11	321.05505	0.0999999	8.37E-11	321.05505
-4.2	-6.86E-11	321.078303	0.1000001	1.27E-11	321.078303
-4.3	-6.8E-11	321.101671	0.1000003	-2.1E-12	321.101671
-4.4	-6.71E-11	321.125075	0.1000001	-4.7E-12	321.125075
-4.5	-7.12E-11	321.148341	0.1000002	-4.2E-12	321.148341
-4.6	-7.03E-11	321.171645	0.1	-4.5E-12	321.171645
-4.7	-7.21E-11	321.194853	0.1	-4.3E-12	321.194853
-4.8	-7.26E-11	321.218059	0.1000001	-4E-12	321.218059
-4.9	-7.29E-11	321.241263	0.1000002	-4.3E-12	321.241263
-5	-7.15E-11	321.264551	0.1000002	-4.2E-12	321.264551
-5.1	-7.15E-11	321.287846	0.1000002	-4.2E-12	321.287846
-5.2	-7.38E-11	321.311043	0.1000002	-4.5E-12	321.311043
-5.3	-7.23E-11	321.334334	0.1000002	-4.6E-12	321.334334
-5.4	-7.22E-11	321.357613	0.1000001	-4.1E-12	321.357613
-5.5	-7.38E-11	321.380925	0.1000001	-4.2E-12	321.380925
-5.6	-7.48E-11	321.404203	0.1	-3.9E-12	321.404203
-5.7	-7.5E-11	321.427416	0.1000002	-3.8E-12	321.427416
-5.8	-7.32E-11	321.450704	0.1000001	-4.7E-12	321.450704
-5.9	-7.52E-11	321.473912	0.1000001	-4.3E-12	321.473912
-6	-7.59E-11	321.49713	0.1000002	-4.2E-12	321.49713
-6.1	-5.47E-11	321.545859	0.0999999	-5.8E-12	321.545859
-6.2	-7.3E-11	321.56929	0.1000001	-4.3E-12	321.56929
-6.3	-7.47E-11	321.592593	0.1000003	-4.3E-12	321.592593
-6.4	-7.37E-11	321.615905	0.1000001	-4.5E-12	321.615905
-6.5	-7.32E-11	321.639299	0.1000002	-4.4E-12	321.639299
-6.6	-7.63E-11	321.662506	0.1000002	-4E-12	321.662506
-6.7	-7.66E-11	321.685732	0.1000002	-3.7E-12	321.685732
-6.8	-7.52E-11	321.709024	0.1000002	-4.2E-12	321.709024
-6.9	-7.68E-11	321.732308	0.1	-3.7E-12	321.732308
-7	-7.77E-11	321.755525	0.1000002	-4E-12	321.755525
-7.1	-7.71E-11	321.778769	0.1000001	-4.2E-12	321.778769
-7.2	-7.8E-11	321.802006	0.1000003	-4.3E-12	321.802006
-7.3	-7.84E-11	321.825226	0.1000001	-3.6E-12	321.825226
-7.4	-7.85E-11	321.848449	0.1000002	-3.9E-12	321.848449
-7.5	-7.7E-11	321.871824	0.1000002	-4E-12	321.871824
-7.6	-7.69E-11	321.895111	0.1000001	-3.7E-12	321.895111
-7.7	-7.88E-11	321.918315	0.1000002	-3.5E-12	321.918315
-7.8	-7.93E-11	321.941527	0.1000002	-3.5E-12	321.941527
-7.9	-7.76E-11	321.96482	0.1000001	-4.1E-12	321.96482
-8	-7.8E-11	321.988126	0.1000002	-3.7E-12	321.988126
-8.1	-5.9E-11	322.043029	0.0999998	-5.5E-12	322.043029
-8.2	-7.64E-11	322.066372	0.1	-3.6E-12	322.066372
-8.3	-7.74E-11	322.089656	0.1000002	-3.6E-12	322.089656
-8.4	-7.89E-11	322.112903	0.1000003	-4E-12	322.112903
-8.5	-7.8E-11	322.136241	0.1	-3.9E-12	322.136241
-8.6	-7.79E-11	322.159529	0.1000002	-3.9E-12	322.159529
-8.7	-7.98E-11	322.182749	0.1000001	-3.6E-12	322.182749
-8.8	-7.97E-11	322.205971	0.1000002	-3.7E-12	322.205971
-8.9	-7.85E-11	322.229255	0.1000001	-3.8E-12	322.229255
-9	-7.78E-11	322.252545	0.1	-4.3E-12	322.252545
-9.1	-8E-11	322.275854	0.1000001	-3.9E-12	322.275854
-9.2	-8.02E-11	322.299097	0.1000001	-3.5E-12	322.299097
-9.3	-7.85E-11	322.322381	0.1000002	-3.4E-12	322.322381
-9.4	-8.09E-11	322.345579	0.1000002	-3.4E-12	322.345579
-9.5	-8.06E-11	322.368793	0.1000001	-3.8E-12	322.368793
-9.6	-8.11E-11	322.392027	0.1	-4E-12	322.392027
-9.7	-8.12E-11	322.415293	0.1000002	-3.7E-12	322.415293
-9.8	-7.94E-11	322.438592	0.1	-3.8E-12	322.438592
-9.9	-8.15E-11	322.461797	0.1000002	-3.3E-12	322.461797
-10	-8.16E-11	322.485016	0.1000001	-3.7E-12	322.485016
-9.90001	-4.05E-11	322.508307	0.0999997	-7.1E-12	322.508307
-9.80001	-5.44E-11	322.54865	0.1000001	-5.3E-12	322.54865
-9.70001	-3.37E-11	322.571898	0.0999997	-7E-12	322.571898
-9.60001	-3.18E-11	322.59518	0.0999997	-6.9E-12	322.59518
-9.50001	-3.11E-11	322.618486	0.0999997	-7.2E-12	322.618486
-9.40001	-3.15E-11	322.641866	0.1	-6.8E-12	322.641866
-9.30001	-2.8E-11	322.665085	0.0999997	-7.5E-12	322.665085
-9.20001	-2.68E-11	322.688305	0.0999997	-7.5E-12	322.688305
-9.10001	-2.76E-11	322.711681	0.0999997	-7.5E-12	322.711681
-9.00001	-2.71E-11	322.735033	0.0999998	-7.7E-12	322.735033
-8.90001	-2.43E-11	322.758239	0.0999997	-7.6E-12	322.758239
-8.80001	-2.52E-11	322.781618	0.0999999	-7.5E-12	322.781618
-8.70001	-2.5E-11	322.804915	0.0999998	-7.5E-12	322.804915
-8.60001	-2.27E-11	322.828115	0.0999997	-8E-12	322.828115
-8.50001	-2.19E-11	322.851336	0.0999996	-7.8E-12	322.851336
-8.40001	-2.32E-11	322.874607	0.0999996	-7.5E-12	322.874607
-8.30001	-2.3E-11	322.8979	0.0999999	-7.3E-12	322.8979
-8.20001	-2E-11	322.921095	0.0999996	-7.7E-12	322.921095
-8.10001	-2.01E-11	322.944307	0.0999996	-7.7E-12	322.944307
-8.00001	-2.09E-11	322.967589	0.0999996	-7.7E-12	322.967589
-7.90001	-2.1E-11	322.99088	0.0999997	-7.5E-12	322.99088
-7.80001	-3.92E-11	323.046147	0.0999999	-5.9E-12	323.046147
-7.70001	-2E-11	323.069431	0.0999997	-7.8E-12	323.069431
-7.6	-1.98E-11	323.092701	0.0999997	-7.7E-12	323.092701
-7.50001	-2.03E-11	323.116017	0.0999998	-7.8E-12	323.116017
-7.40001	-1.82E-11	323.139295	0.0999996	-8E-12	323.139295
-7.30001	-1.68E-11	323.162502	0.0999996	-8E-12	323.162502
-7.2	-1.83E-11	323.185883	0.0999996	-7.7E-12	323.185883
-7.10001	-1.84E-11	323.209188	0.0999996	-7.7E-12	323.209188
-7.00001	-1.58E-11	323.232396	0.0999996	-8E-12	323.232396
-6.90001	-1.55E-11	323.255616	0.0999999	-8.2E-12	323.255616
-6.80001	-1.69E-11	323.278897	0.0999996	-7.5E-12	323.278897
-6.70001	-1.68E-11	323.302202	0.0999999	-7.8E-12	323.302202
-6.60001	-1.39E-11	323.325414	0.0999995	-8.4E-12	323.325414
-6.50001	-1.36E-11	323.348628	0.0999996	-8.4E-12	323.348628
-6.40001	-1.47E-11	323.371913	0.0999998	-7.9E-12	323.371913
-6.30001	-1.36E-11	323.395186	0.0999998	-8.2E-12	323.395186
-6.20001	-1.29E-11	323.418417	0.0999996	-7.9E-12	323.418417
-6.10001	-1.21E-11	323.441624	0.0999997	-8.1E-12	323.441624
-6.00001	-1.34E-11	323.464905	0.0999998	-7.9E-12	323.464905
-5.90001	-1.32E-11	323.488191	0.0999997	-8E-12	323.488191
-5.80001	-1.2E-11	323.511433	0.0999997	-7.9E-12	323.511433
-5.70001	-3.05E-11	323.547803	0.0999999	-6.2E-12	323.547803
-5.60001	-1.27E-11	323.571108	0.0999997	-7.9E-12	323.571108
-5.50001	-1.08E-11	323.594365	0.0999997	-8.2E-12	323.594365
-5.40001	-9.6E-12	323.617622	0.0999997	-8.3E-12	323.617622
-5.30001	-9.1E-12	323.640901	0.0999996	-8.4E-12	323.640901
-5.20001	-1.02E-11	323.664187	0.0999998	-8.1E-12	323.664187
-5.1	-9.9E-12	323.687467	0.0999997	-8.4E-12	323.687467
-5.00001	-9.6E-12	323.710763	0.0999997	-8E-12	323.710763
-4.90001	-7.3E-12	323.734028	0.0999998	-8.3E-12	323.734028
-4.80001	-9.6E-12	323.757317	0.0999997	-8.5E-12	323.757317
-4.7	-6.9E-12	323.780523	0.0999996	-8.6E-12	323.780523
-4.60001	-7E-12	323.803789	0.0999998	-8.1E-12	323.803789
-4.50001	-5.6E-12	323.826997	0.0999997	-8.4E-12	323.826997
-4.40001	-7.2E-12	323.850291	0.0999999	-7.4E-12	323.850291
-4.3	-7E-12	323.873569	0.0999998	-1.6E-12	323.873569
-4.20001	-4.6E-12	323.896783	0.0999995	2.99E-11	323.896783
-4.10001	-4.1E-12	323.919996	0.0999996	1.6E-10	323.919996
-4.00001	-5.5E-12	323.943285	0.0999998	6.099E-10	323.943285
-3.90001	-5.1E-12	323.966575	0.1000001	1.9351E-09	323.966575
-3.80001	-2.9E-12	323.989784	0.1000004	5.4166E-09	323.989784
-3.70001	-2.6E-12	324.013014	0.1000011	1.34586E-08	324.013014
-3.60001	-2.25E-11	324.053646	0.1000025	2.94477E-08	324.053646
-3.50001	-3.1E-12	324.076923	0.0999982	6.04715E-08	324.076923
-3.40001	-2.27E-11	324.125205	0.1000001	1.09525E-07	324.125205
-3.30001	-1.76E-11	324.150025	0.1000002	1.88532E-07	324.150025
-3.20001	-1.66E-11	324.174546	0.1000004	2.99381E-07	324.174546
-3.10001	-1.56E-11	324.199074	0.1000006	4.47036E-07	324.199074
-3.00001	-1.43E-11	324.223579	0.1000007	6.34694E-07	324.223579
-2.90001	-1.38E-11	324.248099	0.1000007	8.64545E-07	324.248099
-2.80001	-1.86E-11	324.282671	0.1	1.13409E-06	324.282671
-2.70001	-1.35E-11	324.307242	0.1	1.45397E-06	324.307242
-2.60001	-1.22E-11	324.331752	0.1000001	1.81694E-06	324.331752
-2.50001	-1.15E-11	324.356265	0.0999999	2.22302E-06	324.356265
-2.40001	-1.11E-11	324.380771	0.1000002	2.67022E-06	324.380771
-2.30001	-9.7E-12	324.405347	0.0999999	3.15756E-06	324.405347
-2.20001	-9.2E-12	324.429869	0.1	3.68148E-06	324.429869
-2.1	-1.19E-11	324.456305	0.0999998	4.24107E-06	324.456305
-2	-8.2E-12	324.480839	0.1000001	4.83179E-06	324.480839
-1.9	-7E-12	324.505367	0.1000001	5.44969E-06	324.505367
-1.800001	-1.26E-11	324.558667	0.0999999	6.08532E-06	324.558667
-1.7	-7.1E-12	324.583184	0.1000001	6.75464E-06	324.583184
-1.6	-5.4E-12	324.607788	0.0999999	7.44201E-06	324.607788
-1.5	-4.3E-12	324.632335	0.1	8.14637E-06	324.632335
-1.400001	-3.1E-12	324.656906	0.1	8.86574E-06	324.656906
-1.3	-1.8E-12	324.681437	0.1000004	9.59796E-06	324.681437
-1.200001	-1.1E-12	324.706038	0.1000001	1.034155E-05	324.706038
-1.100001	-5.3E-12	324.740704	0.1	1.10886E-05	324.740704
-1	8E-13	324.765225	0.0999999	1.18527E-05	324.765225
-0.900001	2.9E-12	324.789766	0.1000001	1.26242E-05	324.789766
-0.8	4.1E-12	324.814272	0.1000002	1.34021E-05	324.814272
-0.700001	5E-12	324.838805	0.1000001	1.41865E-05	324.838805
-0.6	7E-12	324.863305	0.1000002	1.4976E-05	324.863305
-0.500001	7.9E-12	324.887825	0.0999999	1.57709E-05	324.887825
-0.4	1.01E-11	324.912328	0.0999999	1.65692E-05	324.912328
-0.3	1.15E-11	324.93685	0.0999999	1.73718E-05	324.93685
-0.2	9.6E-12	324.963243	0.1	1.81782E-05	324.963243
-0.0999996	1.48E-11	324.987747	0.1	1.8989E-05	324.987747
3E-07	1.62E-11	325.012258	0.1000001	1.98036E-05	325.012258
0.1	1.21E-11	325.056243	0.1	2.06195E-05	325.056243
0.2000003	1.86E-11	325.080827	0.0999998	2.14454E-05	325.080827
0.299999	2.08E-11	325.105623	0.0999999	2.22755E-05	325.105623
0.4	2.28E-11	325.130177	0.1000002	2.31102E-05	325.130177
0.5	2.5E-11	325.154748	0.1000001	2.39486E-05	325.154748
0.6	2.69E-11	325.179258	0.1000001	2.47915E-05	325.179258
0.7	2.87E-11	325.203764	0.1000002	2.56367E-05	325.203764
0.799999	3.09E-11	325.228277	0.1	2.64859E-05	325.228277
0.899999	3.25E-11	325.252788	0.1000001	2.73382E-05	325.252788
0.999999	3.45E-11	325.2773	0.1000001	2.81927E-05	325.2773
1.1	3.61E-11	325.301804	0.0999998	2.90492E-05	325.301804
1.2	3.75E-11	325.326306	0.1	2.99074E-05	325.326306
1.3	3.95E-11	325.350818	0.1	3.07666E-05	325.350818
1.4	4.06E-11	325.375324	0.1000001	3.16274E-05	325.375324
1.5	4.21E-11	325.399833	0.1	3.24901E-05	325.399833
1.599999	4.23E-11	325.424495	0.1000001	3.33534E-05	325.424495
1.7	4.35E-11	325.449012	0.1	3.42172E-05	325.449012
1.8	4.45E-11	325.47351	0.1	3.50825E-05	325.47351
1.9	4.55E-11	325.498031	0.1000002	3.59488E-05	325.498031
1.999999	3.85E-11	325.562112	0.1000001	3.68082E-05	325.562112
2.099999	4.41E-11	325.586633	0.1	3.76775E-05	325.586633
2.19999	4.55E-11	325.611406	0.1000003	3.85443E-05	325.611406
2.29999	4.62E-11	325.635941	0.1	3.94138E-05	325.635941
2.39999	4.71E-11	325.660533	0.0999999	4.02842E-05	325.660533
2.49999	4.77E-11	325.685069	0.1	4.1155E-05	325.685069
2.59999	4.85E-11	325.709589	0.1	4.2026E-05	325.709589
2.69999	4.9E-11	325.73411	0.0999999	4.28978E-05	325.73411
2.79999	4.95E-11	325.758681	0.1000003	4.37692E-05	325.758681
2.89999	5.03E-11	325.783214	0.0999998	4.46413E-05	325.783214
2.99999	5.07E-11	325.807761	0.0999999	4.55136E-05	325.807761
3.09999	5.13E-11	325.83228	0.1000002	4.63862E-05	325.83228
3.19999	5.13E-11	325.856799	0.1000002	4.7259E-05	325.856799
3.29999	5.2E-11	325.881298	0.1	4.8132E-05	325.881298
3.39999	5.2E-11	325.905797	0.1	4.90065E-05	325.905797
3.49999	5.23E-11	325.930393	0.0999999	4.98795E-05	325.930393
3.59999	5.27E-11	325.954902	0.1000001	5.0753E-05	325.954902
3.69999	5.31E-11	325.979444	0.1000002	5.16286E-05	325.979444
3.79999	5.34E-11	326.003982	0.1000001	5.25045E-05	326.003982
3.89999	4.67E-11	326.061191	0.1	5.33701E-05	326.061191
3.99999	5.18E-11	326.085779	0.1	5.42494E-05	326.085779
4.09999	5.26E-11	326.110374	0.1000001	5.51271E-05	326.110374
4.19999	5.32E-11	326.134911	0.1000001	5.60049E-05	326.134911
4.29999	5.4E-11	326.159476	0.0999999	5.68832E-05	326.159476
4.39999	5.39E-11	326.184003	0.1000001	5.77628E-05	326.184003
4.49999	5.42E-11	326.208507	0.1000002	5.8641E-05	326.208507
4.59999	5.42E-11	326.233044	0.1	5.95197E-05	326.233044
4.69999	5.45E-11	326.257586	0.1000002	6.04001E-05	326.257586
4.79999	5.49E-11	326.282108	0.1	6.12809E-05	326.282108
4.89999	5.53E-11	326.306642	0.1000002	6.21631E-05	326.306642
4.99999	5.49E-11	326.331227	0.1000002	6.30443E-05	326.331227
5.09999	5.56E-11	326.355735	0.1	6.39273E-05	326.355735
5.19999	5.59E-11	326.380242	0.1	6.48115E-05	326.380242
5.29999	5.57E-11	326.404818	0.1000002	6.56942E-05	326.404818
5.39999	5.6E-11	326.429344	0.0999999	6.65794E-05	326.429344
5.49999	5.58E-11	326.45384	0.1	6.74642E-05	326.45384
5.59999	5.67E-11	326.478341	0.1000001	6.83511E-05	326.478341
5.69999	5.68E-11	326.502857	0.1000002	6.92372E-05	326.502857
5.79999	5E-11	326.562765	0.1	7.01151E-05	326.562765
5.89999	5.5E-11	326.587282	0.0999999	7.10064E-05	326.587282
5.99999	5.58E-11	326.611876	0.0999999	7.18974E-05	326.611876
6.09999	5.58E-11	326.636435	0.0999999	7.2789E-05	326.636435
6.19999	5.65E-11	326.661005	0.1000002	7.36799E-05	326.661005
6.29999	5.66E-11	326.685538	0.0999998	7.45719E-05	326.685538
6.39999	5.58E-11	326.710197	0.0999999	7.54653E-05	326.710197
6.49999	5.72E-11	326.734748	0.1	7.63591E-05	326.734748
6.59999	5.78E-11	326.759322	0.1000001	7.72533E-05	326.759322
6.69999	5.84E-11	326.783821	0.0999999	7.81482E-05	326.783821
6.79999	5.81E-11	326.808344	0.1000001	7.9045E-05	326.808344
6.89999	5.82E-11	326.832852	0.1	7.99427E-05	326.832852
6.99999	5.82E-11	326.85742	0.1000002	8.08399E-05	326.85742
7.09999	5.83E-11	326.881921	0.1000001	8.17388E-05	326.881921
7.19999	5.85E-11	326.906445	0.1	8.2637E-05	326.906445
7.29999	5.86E-11	326.930981	0.1000001	8.3538E-05	326.930981
7.39999	5.81E-11	326.955515	0.0999999	8.44388E-05	326.955515
7.49999	5.83E-11	326.980018	0.1	8.534E-05	326.980018
7.59999	5.85E-11	327.004569	0.1000003	8.62432E-05	327.004569
7.69999	5.24E-11	327.064087	0.0999997	8.71376E-05	327.064087
7.79999	5.71E-11	327.088691	0.1	8.80461E-05	327.088691
7.89999	5.75E-11	327.113282	0.1000001	8.89514E-05	327.113282
7.99999	5.88E-11	327.137833	0.1	8.98592E-05	327.137833
8.09999	5.91E-11	327.162428	0.1000001	9.07657E-05	327.162428
8.19999	5.91E-11	327.186963	0.0999998	9.1675E-05	327.186963
8.29999	5.93E-11	327.211478	0.0999999	9.25843E-05	327.211478
8.39999	5.93E-11	327.236028	0.0999999	9.3493E-05	327.236028
8.49999	5.95E-11	327.260563	0.1000001	9.44036E-05	327.260563
8.59999	5.96E-11	327.285081	0.0999999	9.53165E-05	327.285081
8.69999	6E-11	327.309618	0.1000004	9.62283E-05	327.309618
8.79999	5.98E-11	327.334137	0.1	9.71419E-05	327.334137
8.89999	6E-11	327.358658	0.0999998	9.8056E-05	327.358658
8.99999	6.01E-11	327.38318	0.0999999	9.89732E-05	327.38318
9.09999	5.98E-11	327.407744	0.1000002	9.98883E-05	327.407744
9.19999	6.04E-11	327.432365	0.1	0.0001008057	327.432365
9.29999	6.01E-11	327.456897	0.1000001	0.0001017197	327.456897
9.39999	6.06E-11	327.481403	0.1000001	0.0001026428	327.481403
9.49999	6.06E-11	327.505928	0.1000001	0.0001035634	327.505928
9.59999	5.46E-11	327.565988	0.0999999	0.0001044797	327.565988
9.69999	5.5E-11	327.595604	0.1	0.000105373	327.595604
9.79999	5.98E-11	327.620218	0.0999999	0.000106298	327.620218
9.89999	5.98E-11	327.64476	0.1	0.000107224	327.64476
9.99999	6.07E-11	327.669347	0.1	0.000108147	327.669347
9.9	4.76E-11	327.693861	0.1	0.000107209	327.693861
9.8	4.53E-11	327.718425	0.0999999	0.000106275	327.718425
9.7	4.26E-11	327.742959	0.1	0.000105342	327.742959
9.6	4.07E-11	327.767509	0.0999999	0.000104415	327.767509
9.5	3.95E-11	327.792013	0.1000001	0.000103486	327.792013
9.4	3.78E-11	327.816565	0.0999999	0.00010256	327.816565
9.3	3.67E-11	327.841103	0.1	0.000101635	327.841103
9.2	3.63E-11	327.865627	0.0999997	0.000100711	327.865627
9.1	3.49E-11	327.890137	0.1000001	9.9789E-05	327.890137
9	3.46E-11	327.914746	0.1000002	9.8866E-05	327.914746
8.9	3.34E-11	327.939296	0.0999999	9.795E-05	327.939296
8.8	3.3E-11	327.963822	0.1000001	9.703E-05	327.963822
8.7	3.28E-11	327.988342	0.0999999	9.6108E-05	327.988342
8.6	3.22E-11	328.012857	0.0999999	9.5187E-05	328.012857
8.5	3.77E-11	328.070207	0.1	9.427E-05	328.070207
8.4	3.17E-11	328.094794	0.1000002	9.335E-05	328.094794
8.3	3.18E-11	328.119396	0.1	9.2431E-05	328.119396
8.2	3.11E-11	328.143942	0.1000001	9.1516E-05	328.143942
8.1	3E-11	328.168515	0.0999999	9.0601E-05	328.168515
8	3.34E-11	328.19637	0.0999998	8.97193E-05	328.19637
7.9	2.95E-11	328.220899	0.1	8.88082E-05	328.220899
7.8	2.88E-11	328.245412	0.0999999	8.78941E-05	328.245412
7.7	2.85E-11	328.269946	0.1000001	8.69832E-05	328.269946
7.6	2.77E-11	328.294452	0.0999997	8.60717E-05	328.294452
7.5	2.74E-11	328.318982	0.1	8.51615E-05	328.318982
7.4	2.67E-11	328.343491	0.1000001	8.42524E-05	328.343491
7.3	2.7E-11	328.368053	0.1	8.33436E-05	328.368053
7.2	2.63E-11	328.392601	0.1	8.2437E-05	328.392601
7.1	2.61E-11	328.417188	0.1000001	8.15317E-05	328.417188
7	2.51E-11	328.441703	0.1	8.06257E-05	328.441703
6.9	2.5E-11	328.466225	0.0999999	7.97211E-05	328.466225
6.8	2.46E-11	328.490746	0.0999997	7.88171E-05	328.490746
6.7	2.42E-11	328.515249	0.0999998	7.79135E-05	328.515249
6.6	3.07E-11	328.571618	0.0999999	7.70167E-05	328.571618
6.5	2.54E-11	328.596152	0.1000001	7.61146E-05	328.596152
6.4	2.5E-11	328.620733	0.1	7.5213E-05	328.620733
6.3	2.43E-11	328.645267	0.0999998	7.43122E-05	328.645267
6.2	2.38E-11	328.669831	0.0999999	7.34122E-05	328.669831
6.1	2.25E-11	328.6944	0.1000001	7.25139E-05	328.6944
6	2.23E-11	328.719029	0.1000002	7.16166E-05	328.719029
5.9	2.2E-11	328.743593	0.1	7.07186E-05	328.743593
5.8	2.13E-11	328.768173	0.1	6.98227E-05	328.768173
5.7	2.09E-11	328.792668	0.0999996	6.89284E-05	328.792668
5.6	2.07E-11	328.817221	0.1	6.80328E-05	328.817221
5.5	2.08E-11	328.841773	0.0999998	6.71388E-05	328.841773
5.4	2.01E-11	328.86631	0.1	6.62462E-05	328.86631
5.3	1.98E-11	328.89084	0.1	6.53544E-05	328.89084
5.2	1.89E-11	328.915382	0.0999997	6.44632E-05	328.915382
5.1	1.88E-11	328.939915	0.1	6.3571E-05	328.939915
5	1.78E-11	328.964461	0.0999999	6.26806E-05	328.964461
4.9	1.76E-11	328.988973	0.1000001	6.17917E-05	328.988973
4.8	1.76E-11	329.013504	0.0999999	6.09024E-05	329.013504
4.7	2.32E-11	329.070589	0.1	6.00203E-05	329.070589
4.6	1.8E-11	329.095152	0.0999999	5.91333E-05	329.095152
4.5	1.69E-11	329.119777	0.0999999	5.82458E-05	329.119777
4.4	1.63E-11	329.144333	0.0999999	5.73593E-05	329.144333
4.3	1.6E-11	329.168933	0.0999998	5.64748E-05	329.168933
4.2	1.47E-11	329.193448	0.0999999	5.55914E-05	329.193448
4.1	1.38E-11	329.217957	0.0999999	5.47077E-05	329.217957
4	1.36E-11	329.242482	0.1000001	5.38248E-05	329.242482
3.9	1.29E-11	329.267059	0.0999997	5.29437E-05	329.267059
3.8	1.21E-11	329.291555	0.1000001	5.20631E-05	329.291555
3.7	1.19E-11	329.31606	0.1	5.11822E-05	329.31606
3.6	1.11E-11	329.340561	0.1	5.03028E-05	329.340561
3.5	1.09E-11	329.365041	0.1000001	4.94248E-05	329.365041
3.4	1.04E-11	329.38955	0.1	4.85475E-05	329.38955
3.3	9.6E-12	329.414091	0.0999999	4.76701E-05	329.414091
3.2	8.7E-12	329.438597	0.0999999	4.67942E-05	329.438597
3.1	8.2E-12	329.463123	0.1	4.59188E-05	329.463123
3	7.2E-12	329.487652	0.1	4.50443E-05	329.487652
2.9	6.7E-12	329.512154	0.1	4.41702E-05	329.512154
2.8	1.3E-11	329.571802	0.1	4.33016E-05	329.571802
2.7	7.4E-12	329.596325	0.0999999	4.24287E-05	329.596325
2.6	6E-12	329.620926	0.0999998	4.15575E-05	329.620926
2.5	5E-12	329.645466	0.1000002	4.06871E-05	329.645466
2.4	4.6E-12	329.670071	0.1	3.98162E-05	329.670071
2.3	3.2E-12	329.694582	0.0999999	3.89471E-05	329.694582
2.2	2.4E-12	329.719115	0.1000001	3.80795E-05	329.719115
2.099999	4.9E-12	329.745531	0.0999997	3.72153E-05	329.745531
2	1.1E-12	329.770104	0.1	3.63492E-05	329.770104
1.9	-9E-13	329.794623	0.1	3.54847E-05	329.794623
1.8	-1.7E-12	329.819147	0.1	3.46215E-05	329.819147
1.7	-3E-12	329.843658	0.0999999	3.37586E-05	329.843658
1.6	-4.1E-12	329.868193	0.1000001	3.2897E-05	329.868193
1.5	-5.1E-12	329.89273	0.0999999	3.20371E-05	329.89273
1.4	-6.9E-12	329.917246	0.0999998	3.11781E-05	329.917246
1.3	-8.4E-12	329.941748	0.1	3.03208E-05	329.941748
1.2	-9.7E-12	329.966272	0.1000001	2.94648E-05	329.966272
1.1	-1.15E-11	329.990813	0.0999999	2.86111E-05	329.990813
1	-1.28E-11	330.015352	0.1	2.77597E-05	330.015352
0.9	-8.5E-12	330.069076	0.0999999	2.69152E-05	330.069076
0.8	-1.48E-11	330.093665	0.0999999	2.60669E-05	330.093665
0.7	-1.72E-11	330.118264	0.0999998	2.52228E-05	330.118264
0.6	-1.95E-11	330.142801	0.1	2.43821E-05	330.142801
0.5	-2.15E-11	330.167386	0.1	2.35453E-05	330.167386
0.4	-2.41E-11	330.191905	0.1	2.27128E-05	330.191905
0.3	-2.66E-11	330.216408	0.1	2.18854E-05	330.216408
0.2	-2.54E-11	330.242831	0.1	2.10634E-05	330.242831
0.0999996	-3.03E-11	330.267334	0.1	2.02461E-05	330.267334
-6E-07	-3.32E-11	330.291829	0.1	1.94336E-05	330.291829
