#scan	iMeasureCycle=1	iMux=0	time=0.033	N=401	LocalTime=19/04/2023 17:07:38
#VGate(V)	IGate(A)	time(s)	VDrain(V)	IDrain(A)	time(s)
-2E-07	-1.632E-10	0.035945	0.1	4.13671E-06	0.035945
-0.1000006	-2.223E-10	0.060818	0.0999999	3.52693E-06	0.060818
-0.2000004	-2.71E-10	0.085323	0.0999998	2.9498E-06	0.085323
-0.300001	-2.095E-10	0.110029	0.1	2.40941E-06	0.110029
-0.4	-1.193E-10	0.134612	0.1	1.91311E-06	0.134612
-0.5	-9.29E-11	0.159153	0.1	1.46767E-06	0.159153
-0.6	-7.93E-11	0.183698	0.1	1.07972E-06	0.183698
-0.7	-6.75E-11	0.211029	0.0999995	7.55501E-07	0.211029
-0.8	-6.61E-11	0.235626	0.0999995	4.94813E-07	0.235626
-0.9	-6.34E-11	0.260143	0.0999997	2.99666E-07	0.260143
-1	-6.17E-11	0.284685	0.0999996	1.64503E-07	0.284685
-1.1	-5.32E-11	0.322373	0.0999929	8.15446E-08	0.322373
-1.200001	-7.25E-11	0.345596	0.1000076	3.4351E-08	0.345596
-1.300001	-7.25E-11	0.36889	0.1000034	1.24738E-08	0.36889
-1.400001	-7.27E-11	0.392133	0.1000017	3.8733E-09	0.392133
-1.500001	-7.29E-11	0.415351	0.1000004	1.0326E-09	0.415351
-1.600001	-7.3E-11	0.438659	0.1000002	2.371E-10	0.438659
-1.700001	-7.06E-11	0.462002	0.1000001	3.89E-11	0.462002
-1.800001	-7.17E-11	0.485275	0.1000001	-1.9E-12	0.485275
-1.900001	-7.16E-11	0.508561	0.1	-9.6E-12	0.508561
-2.000001	-7.39E-11	0.531761	0.1000001	-1.06E-11	0.531761
-2.100001	-7.27E-11	0.555059	0.1	-1.05E-11	0.555059
-2.2	-5.17E-11	0.603429	0.0999999	-1.21E-11	0.603429
-2.3	-6.96E-11	0.626768	0.1000002	-1.03E-11	0.626768
-2.4	-7.24E-11	0.650019	0.1000001	-1.01E-11	0.650019
-2.5	-7.18E-11	0.673316	0.1000001	-1.04E-11	0.673316
-2.6	-7.2E-11	0.696664	0.1	-1.03E-11	0.696664
-2.7	-7.44E-11	0.719949	0.1000003	-9.9E-12	0.719949
-2.8	-7.29E-11	0.743251	0.1000002	-1.01E-11	0.743251
-2.9	-7.26E-11	0.766606	0.0999999	-1.01E-11	0.766606
-3	-7.4E-11	0.789901	0.1000001	-9.5E-12	0.789901
-3.1	-7.6E-11	0.813111	0.1000001	-9.9E-12	0.813111
-3.2	-7.46E-11	0.836402	0.1000002	-1.01E-11	0.836402
-3.3	-7.43E-11	0.8597	0.1000002	-1E-11	0.8597
-3.4	-7.67E-11	0.883001	0.1000001	-9.5E-12	0.883001
-3.5	-7.55E-11	0.906373	0.1	-1.02E-11	0.906373
-3.6	-7.49E-11	0.929675	0.1000002	-1.02E-11	0.929675
-3.7	-7.6E-11	0.952968	0.1	-1.03E-11	0.952968
-3.8	-7.64E-11	0.976248	0.1000002	-9.7E-12	0.976248
-3.9	-7.67E-11	0.99953	0.1000002	-1E-11	0.99953
-4	-7.81E-11	1.022747	0.1000002	-1.02E-11	1.022747
-4.1	-7.87E-11	1.046047	0.1000002	-9.8E-12	1.046047
-4.2	-5.77E-11	1.099349	0.1	-1.15E-11	1.099349
-4.3	-7.57E-11	1.122664	0.1000003	-9.7E-12	1.122664
-4.4	-7.84E-11	1.145898	0.1000001	-9.6E-12	1.145898
-4.5	-7.91E-11	1.169117	0.1000002	-9.1E-12	1.169117
-4.6	-7.93E-11	1.192391	0.1000001	-9.6E-12	1.192391
-4.7	-7.74E-11	1.215694	0.1000002	-1.01E-11	1.215694
-4.8	-7.86E-11	1.238981	0.1	-9.6E-12	1.238981
-4.9	-8.06E-11	1.262454	0.1	-9.4E-12	1.262454
-5	-7.92E-11	1.28575	0.1000003	-9.8E-12	1.28575
-5.1	-8.03E-11	1.308948	0.1000001	-9.1E-12	1.308948
-5.2	-8.04E-11	1.332184	0.1000002	-9.2E-12	1.332184
-5.3	-8.11E-11	1.35541	0.1000001	-9.1E-12	1.35541
-5.4	-7.9E-11	1.378826	0.1000001	-9.8E-12	1.378826
-5.5	-8.15E-11	1.40205	0.1000002	-9.5E-12	1.40205
-5.6	-8.25E-11	1.42527	0.1000002	-9.4E-12	1.42527
-5.7	-8.24E-11	1.448509	0.1000002	-9.5E-12	1.448509
-5.8	-8.1E-11	1.471814	0.1	-9.7E-12	1.471814
-5.9	-8.21E-11	1.495032	0.1000001	-9.2E-12	1.495032
-6	-8.28E-11	1.518243	0.1000002	-8.6E-12	1.518243
-6.1	-8.13E-11	1.541542	0.1000002	-9E-12	1.541542
-6.2	-6.26E-11	1.596561	0.1000001	-1.06E-11	1.596561
-6.3	-8.02E-11	1.619872	0.1000002	-9.4E-12	1.619872
-6.4	-8.09E-11	1.643186	0.1000001	-9.8E-12	1.643186
-6.5	-8.31E-11	1.666411	0.1000002	-9.4E-12	1.666411
-6.6	-8.39E-11	1.689676	0.1000002	-9.4E-12	1.689676
-6.7	-8.18E-11	1.713052	0.1000002	-9.2E-12	1.713052
-6.8	-8.28E-11	1.736309	0.1000001	-8.9E-12	1.736309
-6.9	-8.38E-11	1.759539	0.1	-8.9E-12	1.759539
-7	-8.24E-11	1.782868	0.1000001	-9.1E-12	1.782868
-7.1	-8.25E-11	1.806164	0.1	-8.8E-12	1.806164
-7.2	-8.49E-11	1.829384	0.1000002	-9E-12	1.829384
-7.3	-8.5E-11	1.852608	0.1000002	-9E-12	1.852608
-7.4	-8.38E-11	1.875989	0.1	-9.1E-12	1.875989
-7.5	-8.56E-11	1.899197	0.1	-9E-12	1.899197
-7.6	-8.41E-11	1.922492	0.0999999	-9E-12	1.922492
-7.7	-8.59E-11	1.945707	0.1	-9E-12	1.945707
-7.8	-8.41E-11	1.968992	0.1	-9E-12	1.968992
-7.9	-8.48E-11	1.992275	0.1000002	-9.4E-12	1.992275
-8	-8.65E-11	2.015506	0.1000001	-8.7E-12	2.015506
-8.1	-8.52E-11	2.038886	0.1000002	-9E-12	2.038886
-8.2	-8.64E-11	2.062119	0.1000001	-8.9E-12	2.062119
-8.3	-6.67E-11	2.102261	0.1	-1.06E-11	2.102261
-8.4	-8.6E-11	2.125495	0.1000001	-8.9E-12	2.125495
-8.5	-8.7E-11	2.148717	0.1000002	-8.7E-12	2.148717
-8.6	-8.71E-11	2.17193	0.1000001	-8.7E-12	2.17193
-8.7	-8.6E-11	2.195269	0.1000002	-9.1E-12	2.195269
-8.8	-8.79E-11	2.218484	0.1000002	-9.2E-12	2.218484
-8.9	-8.6E-11	2.241775	0.0999999	-9.1E-12	2.241775
-9	-8.63E-11	2.265333	0.1000002	-8.6E-12	2.265333
-9.1	-8.82E-11	2.288529	0.1000002	-8.7E-12	2.288529
-9.2	-8.85E-11	2.311735	0.1000003	-8.7E-12	2.311735
-9.3	-8.66E-11	2.335031	0.1	-9.2E-12	2.335031
-9.4	-8.55E-11	2.358364	0.1	-9.1E-12	2.358364
-9.5	-8.88E-11	2.381749	0.1000001	-8.8E-12	2.381749
-9.6	-8.87E-11	2.404953	0.1000001	-8.6E-12	2.404953
-9.7	-8.67E-11	2.428253	0.1000002	-8.7E-12	2.428253
-9.8	-8.9E-11	2.451498	0.1000001	-8.5E-12	2.451498
-9.9	-8.89E-11	2.474725	0.1000002	-8.8E-12	2.474725
-10	-8.93E-11	2.49795	0.1000003	-8.4E-12	2.49795
-9.90001	-4.77E-11	2.521237	0.0999997	-1.2E-11	2.521237
-9.80001	-4.6E-11	2.544578	0.0999998	-1.18E-11	2.544578
-9.70001	-5.93E-11	2.603652	0.0999999	-1.05E-11	2.603652
-9.60001	-3.8E-11	2.626877	0.0999997	-1.25E-11	2.626877
-9.50001	-3.64E-11	2.650105	0.0999997	-1.25E-11	2.650105
-9.40001	-3.73E-11	2.6734	0.0999998	-1.25E-11	2.6734
-9.30001	-3.59E-11	2.696749	0.0999997	-1.26E-11	2.696749
-9.20001	-3.32E-11	2.720051	0.0999998	-1.29E-11	2.720051
-9.10001	-3.23E-11	2.743262	0.0999998	-1.25E-11	2.743262
-9.00001	-3.18E-11	2.766762	0.0999998	-1.25E-11	2.766762
-8.90001	-3.28E-11	2.790057	0.0999998	-1.26E-11	2.790057
-8.80001	-3E-11	2.81325	0.0999998	-1.24E-11	2.81325
-8.70001	-3.1E-11	2.836538	0.0999997	-1.28E-11	2.836538
-8.60001	-3.07E-11	2.859831	0.0999998	-1.25E-11	2.859831
-8.50001	-2.82E-11	2.88313	0.0999998	-1.3E-11	2.88313
-8.40001	-2.81E-11	2.906387	0.0999997	-1.28E-11	2.906387
-8.30001	-2.9E-11	2.92969	0.0999997	-1.27E-11	2.92969
-8.20001	-2.69E-11	2.952912	0.0999997	-1.3E-11	2.952912
-8.10001	-2.6E-11	2.976126	0.0999996	-1.28E-11	2.976126
-8.00001	-2.8E-11	2.999457	0.0999999	-1.24E-11	2.999457
-7.90001	-2.67E-11	3.022756	0.0999997	-1.21E-11	3.022756
-7.80001	-2.49E-11	3.046057	0.0999998	-1.27E-11	3.046057
-7.70001	-4.53E-11	3.100509	0.1	-1.08E-11	3.100509
-7.6	-2.76E-11	3.123821	0.0999997	-1.28E-11	3.123821
-7.50001	-2.49E-11	3.147035	0.0999998	-1.27E-11	3.147035
-7.40001	-2.39E-11	3.17026	0.0999996	-1.28E-11	3.17026
-7.30001	-2.59E-11	3.193608	0.0999995	-1.22E-11	3.193608
-7.2	-2.46E-11	3.216885	0.0999999	-1.25E-11	3.216885
-7.10001	-2.23E-11	3.240108	0.0999996	-1.32E-11	3.240108
-7.00001	-2.2E-11	3.263335	0.0999998	-1.3E-11	3.263335
-6.90001	-2.31E-11	3.28664	0.0999998	-1.26E-11	3.28664
-6.80001	-2.23E-11	3.309919	0.0999996	-1.29E-11	3.309919
-6.70001	-2.11E-11	3.333131	0.0999996	-1.31E-11	3.333131
-6.60001	-2.01E-11	3.356352	0.0999998	-1.34E-11	3.356352
-6.50001	-2.16E-11	3.379725	0.0999997	-1.28E-11	3.379725
-6.40001	-2.1E-11	3.403027	0.0999999	-1.29E-11	3.403027
-6.30001	-1.87E-11	3.426248	0.0999996	-1.34E-11	3.426248
-6.20001	-1.82E-11	3.449458	0.0999997	-1.31E-11	3.449458
-6.10001	-1.87E-11	3.472714	0.0999997	-1.33E-11	3.472714
-6.00001	-1.97E-11	3.496009	0.0999998	-1.3E-11	3.496009
-5.90001	-1.74E-11	3.519213	0.0999997	-1.33E-11	3.519213
-5.80001	-1.76E-11	3.542426	0.0999997	-1.3E-11	3.542426
-5.70001	-1.86E-11	3.565718	0.0999998	-1.29E-11	3.565718
-5.60001	-3.6E-11	3.602138	0.0999999	-1.17E-11	3.602138
-5.50001	-1.72E-11	3.625479	0.0999996	-1.33E-11	3.625479
-5.40001	-1.62E-11	3.648696	0.0999995	-1.35E-11	3.648696
-5.30001	-1.5E-11	3.671906	0.0999999	-1.38E-11	3.671906
-5.20001	-1.71E-11	3.695262	0.0999996	-1.33E-11	3.695262
-5.1	-1.44E-11	3.718569	0.0999998	-1.39E-11	3.718569
-5.00001	-1.38E-11	3.74178	0.0999997	-1.35E-11	3.74178
-4.90001	-1.5E-11	3.765085	0.0999998	-1.35E-11	3.765085
-4.80001	-1.32E-11	3.788326	0.0999999	-1.37E-11	3.788326
-4.7	-1.5E-11	3.811653	0.0999997	-1.34E-11	3.811653
-4.60001	-1.52E-11	3.834979	0.0999997	-1.37E-11	3.834979
-4.50001	-1.35E-11	3.858262	0.0999998	-1.4E-11	3.858262
-4.40001	-1.13E-11	3.881573	0.0999997	-1.37E-11	3.881573
-4.3	-1.07E-11	3.904791	0.0999996	-1.37E-11	3.904791
-4.20001	-1.2E-11	3.928077	0.0999996	-1.36E-11	3.928077
-4.10001	-1.15E-11	3.951358	0.0999997	-1.39E-11	3.951358
-4.00001	-8.9E-12	3.974568	0.0999998	-1.42E-11	3.974568
-3.90001	-8.6E-12	3.997776	0.1	-1.39E-11	3.997776
-3.80001	-1.05E-11	4.021065	0.0999996	-1.41E-11	4.021065
-3.70001	-7.8E-12	4.044367	0.0999998	-1.4E-11	4.044367
-3.60001	-8E-12	4.067606	0.0999999	-1.42E-11	4.067606
-3.50001	-2.75E-11	4.108279	0.1	-1.27E-11	4.108279
-3.40001	-9.7E-12	4.131595	0.0999996	-1.41E-11	4.131595
-3.30001	-6.9E-12	4.154799	0.0999997	-1.46E-11	4.154799
-3.20001	-5.8E-12	4.178093	0.0999996	-1.45E-11	4.178093
-3.10001	-6.9E-12	4.201432	0.0999998	-1.46E-11	4.201432
-3.00001	-4.6E-12	4.224637	0.0999995	-1.41E-11	4.224637
-2.90001	-3.9E-12	4.247859	0.0999997	-1.42E-11	4.247859
-2.80001	-3.2E-12	4.271099	0.0999997	-1.46E-11	4.271099
-2.70001	-4.3E-12	4.294396	0.0999998	-1.42E-11	4.294396
-2.60001	-2.1E-12	4.317597	0.0999998	-1.45E-11	4.317597
-2.50001	-3E-12	4.340902	0.0999997	-1.44E-11	4.340902
-2.40001	-4E-13	4.364107	0.0999998	-1.52E-11	4.364107
-2.30001	-1.2E-12	4.387474	0.0999998	-1.47E-11	4.387474
-2.20001	9E-13	4.41067	0.0999997	-1.54E-11	4.41067
-2.099999	-1.53E-11	4.435795	0.0999999	-1.31E-11	4.435795
-2	2.5E-12	4.459005	0.0999995	-1.46E-11	4.459005
-1.9	1.6E-12	4.4823	0.0999996	-1.12E-11	4.4823
-1.8	2.8E-12	4.505568	0.0999998	8E-12	4.505568
-1.7	5.4E-12	4.528765	0.0999997	1.017E-10	4.528765
-1.6	6.3E-12	4.551977	0.1	4.971E-10	4.551977
-1.500001	-1.47E-11	4.60932	0.1000003	1.8784E-09	4.60932
-1.4	4.6E-12	4.632621	0.1000015	6.6744E-09	4.632621
-1.3	5.8E-12	4.655903	0.1000044	1.95921E-08	4.655903
-1.2	8.6E-12	4.679117	0.1000052	4.92699E-08	4.679117
-1.100001	-1.12E-11	4.727288	0.1000001	1.03514E-07	4.727288
-1	-4.9E-12	4.751791	0.1000004	2.0397E-07	4.751791
-0.9	-3.2E-12	4.776325	0.1000008	3.55727E-07	4.776325
-0.8	-1.6E-12	4.80088	0.100001	5.67023E-07	4.80088
-0.7	-4E-13	4.825371	0.1000012	8.41506E-07	4.825371
-0.600001	-4.2E-12	4.859895	0.1000001	1.17316E-06	4.859895
-0.500001	2.1E-12	4.884447	0.1000001	1.57339E-06	4.884447
-0.400001	3.2E-12	4.909027	0.1000001	2.02579E-06	4.909027
-0.3	5.2E-12	4.933534	0.1000001	2.5258E-06	4.933534
-0.2	3.6E-12	4.959924	0.1000001	3.06529E-06	4.959924
-0.0999998	8.7E-12	4.984457	0.1000002	3.64111E-06	4.984457
3E-07	1.04E-11	5.008934	0.1000002	4.24515E-06	5.008934
0.1000005	1.25E-11	5.033417	0.1000002	4.8722E-06	5.033417
0.2000005	1.46E-11	5.058014	0.1000001	5.51853E-06	5.058014
0.299999	9.5E-12	5.117815	0.1000001	6.16878E-06	5.117815
0.4	1.66E-11	5.14233	0.1000001	6.84937E-06	5.14233
0.5	1.92E-11	5.16691	0.1	7.53847E-06	5.16691
0.6	2.13E-11	5.19146	0.1000001	8.23698E-06	5.19146
0.699999	2.36E-11	5.216017	0.1	8.94512E-06	5.216017
0.799999	2.48E-11	5.24056	0.1000001	9.66117E-06	5.24056
0.9	2.75E-11	5.265062	0.1000001	1.038495E-05	5.265062
0.999999	2.4E-11	5.29968	0.1000001	1.11044E-05	5.29968
1.1	3.01E-11	5.32418	0.1000001	1.18432E-05	5.32418
1.2	3.16E-11	5.348704	0.1	1.25849E-05	5.348704
1.3	3.37E-11	5.373201	0.1000001	1.33314E-05	5.373201
1.399999	3.47E-11	5.397793	0.1000001	1.40808E-05	5.397793
1.5	3.63E-11	5.422297	0.1000001	1.48326E-05	5.422297
1.6	3.74E-11	5.446817	0.1000001	1.55872E-05	5.446817
1.7	3.85E-11	5.471359	0.1000001	1.63431E-05	5.471359
1.8	3.93E-11	5.495866	0.1	1.71019E-05	5.495866
1.9	4.08E-11	5.520368	0.1	1.78613E-05	5.520368
2	4.14E-11	5.544878	0.1000001	1.86224E-05	5.544878
2.099999	4.2E-11	5.569387	0.1000002	1.93847E-05	5.569387
2.19999	3.36E-11	5.633992	0.1	2.01253E-05	5.633992
2.29999	3.97E-11	5.658556	0.1000002	2.0896E-05	5.658556
2.39999	4.11E-11	5.683104	0.1000001	2.16645E-05	5.683104
2.49999	4.24E-11	5.707601	0.1	2.24342E-05	5.707601
2.59999	4.32E-11	5.732174	0.1	2.32039E-05	5.732174
2.69999	4.33E-11	5.756707	0.1000001	2.39733E-05	5.756707
2.79999	4.46E-11	5.781239	0.0999998	2.47437E-05	5.781239
2.89999	4.55E-11	5.805738	0.0999999	2.55157E-05	5.805738
2.99999	4.57E-11	5.830235	0.1000002	2.62881E-05	5.830235
3.09999	4.6E-11	5.854741	0.1000003	2.70614E-05	5.854741
3.19999	4.64E-11	5.879288	0.1000001	2.78358E-05	5.879288
3.29999	4.7E-11	5.903885	0.1	2.86112E-05	5.903885
3.39999	4.72E-11	5.928423	0.1000002	2.93879E-05	5.928423
3.49999	4.75E-11	5.952943	0.1000001	3.01649E-05	5.952943
3.59999	4.83E-11	5.977458	0.1	3.0943E-05	5.977458
3.69999	4.83E-11	6.002003	0.1000002	3.17227E-05	6.002003
3.79999	4.87E-11	6.026506	0.1	3.25025E-05	6.026506
3.89999	4.85E-11	6.051122	0.1000001	3.32834E-05	6.051122
3.99999	4.07E-11	6.113807	0.1000001	3.40498E-05	6.113807
4.09999	4.61E-11	6.138407	0.0999999	3.48385E-05	6.138407
4.19999	4.75E-11	6.162921	0.1000002	3.56253E-05	6.162921
4.29999	4.8E-11	6.187534	0.1	3.64121E-05	6.187534
4.39999	4.82E-11	6.212105	0.1000002	3.71995E-05	6.212105
4.49999	4.83E-11	6.236659	0.1000001	3.79869E-05	6.236659
4.59999	4.92E-11	6.261213	0.1000001	3.87756E-05	6.261213
4.69999	4.98E-11	6.285706	0.1000002	3.95652E-05	6.285706
4.79999	4.99E-11	6.310265	0.1000001	4.03567E-05	6.310265
4.89999	5.08E-11	6.334776	0.1000003	4.11481E-05	6.334776
4.99999	5.08E-11	6.359301	0.1	4.19408E-05	6.359301
5.09999	5.03E-11	6.383864	0.0999998	4.27346E-05	6.383864
5.19999	5.1E-11	6.408388	0.0999999	4.35295E-05	6.408388
5.29999	5.17E-11	6.432889	0.1000001	4.43254E-05	6.432889
5.39999	5.14E-11	6.4574	0.1	4.5122E-05	6.4574
5.49999	5.19E-11	6.481945	0.0999999	4.59209E-05	6.481945
5.59999	5.2E-11	6.506507	0.0999999	4.67197E-05	6.506507
5.69999	5.21E-11	6.531021	0.1	4.75204E-05	6.531021
5.79999	5.21E-11	6.555579	0.0999999	4.83213E-05	6.555579
5.89999	4.53E-11	6.617088	0.1	4.91129E-05	6.617088
5.99999	5.07E-11	6.641616	0.0999999	4.992E-05	6.641616
6.09999	5.16E-11	6.666116	0.1000003	5.07259E-05	6.666116
6.19999	5.16E-11	6.690638	0.1	5.15335E-05	6.690638
6.29999	5.18E-11	6.715284	0.0999999	5.23421E-05	6.715284
6.39999	5.2E-11	6.73984	0.1	5.31507E-05	6.73984
6.49999	5.27E-11	6.764353	0.1	5.39602E-05	6.764353
6.59999	5.33E-11	6.788902	0.1000003	5.4771E-05	6.788902
6.69999	5.33E-11	6.813433	0.1	5.55833E-05	6.813433
6.79999	5.32E-11	6.83793	0.1000001	5.6396E-05	6.83793
6.89999	5.32E-11	6.862456	0.1000003	5.72104E-05	6.862456
6.99999	5.36E-11	6.887072	0.0999999	5.80262E-05	6.887072
7.09999	5.43E-11	6.911605	0.1000002	5.8843E-05	6.911605
7.19999	5.4E-11	6.936111	0.1	5.96609E-05	6.936111
7.29999	5.43E-11	6.960634	0.1	6.04795E-05	6.960634
7.39999	5.41E-11	6.985158	0.1000001	6.13001E-05	6.985158
7.49999	5.41E-11	7.009766	0.1000003	6.2123E-05	7.009766
7.59999	5.46E-11	7.034272	0.1000002	6.29451E-05	7.034272
7.69999	5.45E-11	7.058874	0.1000002	6.37688E-05	7.058874
7.79999	4.72E-11	7.118314	0.1000002	6.45843E-05	7.118314
7.89999	5.29E-11	7.14283	0.1	6.54134E-05	7.14283
7.99999	5.34E-11	7.16735	0.0999999	6.62426E-05	7.16735
8.09999	5.36E-11	7.191849	0.1000001	6.70721E-05	7.191849
8.19999	5.45E-11	7.216444	0.1	6.7902E-05	7.216444
8.29999	5.5E-11	7.240954	0.0999998	6.87338E-05	7.240954
8.39999	5.5E-11	7.265475	0.1000001	6.95669E-05	7.265475
8.49999	5.51E-11	7.29002	0.1000001	7.04002E-05	7.29002
8.59999	5.55E-11	7.314539	0.0999999	7.1235E-05	7.314539
8.69999	5.58E-11	7.33906	0.1	7.2071E-05	7.33906
8.79999	5.58E-11	7.363562	0.1000001	7.29074E-05	7.363562
8.89999	5.57E-11	7.388174	0.1	7.37456E-05	7.388174
8.99999	5.61E-11	7.412683	0.1000001	7.45852E-05	7.412683
9.09999	5.66E-11	7.437202	0.1000001	7.54269E-05	7.437202
9.19999	5.64E-11	7.461725	0.1000001	7.62689E-05	7.461725
9.29999	5.7E-11	7.486295	0.0999999	7.71082E-05	7.486295
9.39999	5.69E-11	7.510799	0.1	7.79552E-05	7.510799
9.49999	5.67E-11	7.535358	0.1000001	7.88035E-05	7.535358
9.59999	5.77E-11	7.559867	0.0999999	7.96521E-05	7.559867
9.69999	5.04E-11	7.619984	0.1	8.04926E-05	7.619984
9.79999	5.51E-11	7.644554	0.0999999	8.13449E-05	7.644554
9.89999	5.54E-11	7.669059	0.0999997	8.21971E-05	7.669059
9.99999	5.68E-11	7.693573	0.1000002	8.30499E-05	7.693573
9.9	4.34E-11	7.718219	0.1	8.21826E-05	7.718219
9.8	3.99E-11	7.742786	0.0999999	8.13208E-05	7.742786
9.7	3.76E-11	7.767315	0.1	8.04617E-05	7.767315
9.6	3.51E-11	7.791837	0.1	7.96054E-05	7.791837
9.5	3.42E-11	7.816378	0.0999998	7.87497E-05	7.816378
9.4	3.25E-11	7.840907	0.1	7.78964E-05	7.840907
9.3	3.22E-11	7.865445	0.1	7.70449E-05	7.865445
9.2	3.1E-11	7.890065	0.1000001	7.61937E-05	7.890065
9.1	3E-11	7.914608	0.0999998	7.53446E-05	7.914608
9	2.92E-11	7.939147	0.1	7.44965E-05	7.939147
8.9	2.86E-11	7.963678	0.0999997	7.3654E-05	7.963678
8.8	2.83E-11	7.988213	0.1	7.28078E-05	7.988213
8.7	2.8E-11	8.012723	0.0999998	7.19613E-05	8.012723
8.6	2.67E-11	8.037225	0.0999999	7.11177E-05	8.037225
8.5	2.6E-11	8.061855	0.1000001	7.02744E-05	8.061855
8.4	3.21E-11	8.121449	0.1000002	6.94362E-05	8.121449
8.3	2.63E-11	8.145974	0.0999998	6.85947E-05	8.145974
8.2	2.54E-11	8.170507	0.1	6.77543E-05	8.170507
8.1	2.47E-11	8.195022	0.0999997	6.69162E-05	8.195022
8	2.42E-11	8.219595	0.1000001	6.60795E-05	8.219595
7.9	2.4E-11	8.244141	0.0999999	6.52441E-05	8.244141
7.8	2.38E-11	8.268683	0.1	6.44103E-05	8.268683
7.7	2.26E-11	8.293216	0.0999998	6.35779E-05	8.293216
7.6	2.27E-11	8.317751	0.1	6.27456E-05	8.317751
7.5	2.24E-11	8.342315	0.1	6.19154E-05	8.342315
7.4	2.18E-11	8.366848	0.0999999	6.10855E-05	8.366848
7.3	2.08E-11	8.391435	0.0999999	6.02581E-05	8.391435
7.2	2.1E-11	8.416025	0.1000001	5.94307E-05	8.416025
7.1	2.04E-11	8.440546	0.1	5.86057E-05	8.440546
7	2.01E-11	8.465093	0.1000001	5.77804E-05	8.465093
6.9	2.01E-11	8.489609	0.1000001	5.69566E-05	8.489609
6.8	1.96E-11	8.514164	0.1000001	5.61336E-05	8.514164
6.7	1.92E-11	8.538709	0.0999997	5.53129E-05	8.538709
6.6	1.88E-11	8.563212	0.1000001	5.44929E-05	8.563212
6.5	2.43E-11	8.618738	0.1000001	5.36786E-05	8.618738
6.4	1.92E-11	8.643282	0.0999998	5.286E-05	8.643282
6.3	1.83E-11	8.667816	0.1	5.20425E-05	8.667816
6.2	1.79E-11	8.692343	0.1000001	5.12262E-05	8.692343
6.1	1.72E-11	8.716899	0.0999999	5.04114E-05	8.716899
6	1.7E-11	8.741487	0.1000001	4.95982E-05	8.741487
5.9	1.61E-11	8.766007	0.1	4.87865E-05	8.766007
5.8	1.56E-11	8.790563	0.1	4.79744E-05	8.790563
5.7	1.51E-11	8.815176	0.1	4.71636E-05	8.815176
5.6	1.47E-11	8.839678	0.0999999	4.63545E-05	8.839678
5.5	1.45E-11	8.864198	0.1	4.55471E-05	8.864198
5.4	1.46E-11	8.888885	0.1	4.47401E-05	8.888885
5.3	1.45E-11	8.913509	0.0999999	4.39345E-05	8.913509
5.2	1.35E-11	8.938043	0.0999999	4.31292E-05	8.938043
5.1	1.33E-11	8.962584	0.1	4.23258E-05	8.962584
5	1.23E-11	8.987086	0.1	4.15237E-05	8.987086
4.9	1.17E-11	9.011584	0.1	4.0722E-05	9.011584
4.8	1.14E-11	9.036113	0.0999999	3.99216E-05	9.036113
4.7	1.14E-11	9.060741	0.1000001	3.91222E-05	9.060741
4.6	1.82E-11	9.119288	0.0999999	3.83306E-05	9.119288
4.5	1.22E-11	9.143856	0.1	3.75318E-05	9.143856
4.4	1.11E-11	9.16838	0.0999999	3.67356E-05	9.16838
4.3	9.4E-12	9.19289	0.1	3.594E-05	9.19289
4.2	9.6E-12	9.21747	0.0999999	3.5146E-05	9.21747
4.1	8.7E-12	9.241973	0.0999999	3.43528E-05	9.241973
4	8.6E-12	9.266509	0.0999999	3.35614E-05	9.266509
3.9	7.8E-12	9.291072	0.1000001	3.27711E-05	9.291072
3.8	7E-12	9.315597	0.1000001	3.19819E-05	9.315597
3.7	6.3E-12	9.340114	0.1000001	3.11933E-05	9.340114
3.6	5.4E-12	9.364632	0.1000001	3.04061E-05	9.364632
3.5	5.1E-12	9.389223	0.1000002	2.962E-05	9.389223
3.4	4.2E-12	9.413768	0.0999999	2.88353E-05	9.413768
3.3	3.7E-12	9.438279	0.0999998	2.80515E-05	9.438279
3.2	3.3E-12	9.46281	0.0999999	2.72684E-05	9.46281
3.1	3.1E-12	9.487353	0.1	2.64875E-05	9.487353
3	1.9E-12	9.511857	0.1000002	2.57068E-05	9.511857
2.9	1.2E-12	9.536449	0.1000001	2.49285E-05	9.536449
2.8	8E-13	9.560972	0.1	2.4151E-05	9.560972
2.7	6.7E-12	9.609053	0.0999999	2.33792E-05	9.609053
2.6	8E-13	9.633637	0.1000001	2.2603E-05	9.633637
2.5	-9E-13	9.658163	0.1000001	2.18292E-05	9.658163
2.4	-1.6E-12	9.682711	0.1	2.10577E-05	9.682711
2.3	-2.5E-12	9.707218	0.0999999	2.02875E-05	9.707218
2.2	-3.8E-12	9.731865	0.0999999	1.95189E-05	9.731865
2.099999	-1.7E-12	9.758313	0.1000001	1.8759E-05	9.758313
2	-5.1E-12	9.783055	0.0999998	1.79941E-05	9.783055
1.9	-7.1E-12	9.807617	0.0999999	1.72312E-05	9.807617
1.8	-8.5E-12	9.832159	0.1	1.64704E-05	9.832159
1.7	-9.7E-12	9.856667	0.0999998	1.57131E-05	9.856667
1.6	-1.07E-11	9.881188	0.1000001	1.49582E-05	9.881188
1.5	-1.2E-11	9.905786	0.1	1.42061E-05	9.905786
1.4	-1.33E-11	9.930307	0.1000001	1.34585E-05	9.930307
1.3	-1.45E-11	9.954828	0.0999999	1.27145E-05	9.954828
1.2	-1.62E-11	9.979341	0.0999999	1.19756E-05	9.979341
1.1	-1.78E-11	10.003841	0.0999999	1.12419E-05	10.003841
1	-1.91E-11	10.028412	0.0999999	1.0515E-05	10.028412
0.9	-2.11E-11	10.052943	0.1	9.7957E-06	10.052943
0.8	-2.28E-11	10.077513	0.1	9.0841E-06	10.077513
0.7	-1.86E-11	10.126061	0.0999999	8.39352E-06	10.126061
0.6	-2.5E-11	10.150594	0.0999999	7.70134E-06	10.150594
0.5	-2.72E-11	10.175119	0.0999999	7.0204E-06	10.175119
0.4	-2.98E-11	10.199648	0.0999999	6.35183E-06	10.199648
0.3	-3.25E-11	10.224228	0.0999999	5.69681E-06	10.224228
0.2	-3.13E-11	10.250673	0.0999999	5.05881E-06	10.250673
0.0999997	-3.7E-11	10.275192	0.1	4.43703E-06	10.275192
-4E-07	-3.93E-11	10.299704	0.0999998	3.83838E-06	10.299704
#scan	iMeasureCycle=2	iMux=0	time=279.663	N=401	LocalTime=19/04/2023 17:12:17
#VGate(V)	IGate(A)	time(s)	VDrain(V)	IDrain(A)	time(s)
-2E-07	-1.7E-11	279.670523	0.0999997	3.98066E-06	279.670523
-0.1000004	-2.53E-11	279.695426	0.1	3.38512E-06	279.695426
-0.1999998	-2.64E-11	279.721521	0.0999999	2.8234E-06	279.721521
-0.3	-3.22E-11	279.746291	0.1	2.29735E-06	279.746291
-0.4	-3.53E-11	279.770796	0.1000001	1.81653E-06	279.770796
-0.5	-3.79E-11	279.795403	0.0999997	1.38626E-06	279.795403
-0.6	-4.01E-11	279.819938	0.1	1.01302E-06	279.819938
-0.7	-3.86E-11	279.847334	0.0999994	7.03313E-07	279.847334
-0.8	-4.39E-11	279.871827	0.0999995	4.55462E-07	279.871827
-0.9	-4.52E-11	279.896388	0.0999998	2.72224E-07	279.896388
-1	-4.68E-11	279.920889	0.0999997	1.47031E-07	279.920889
-1.1	-4.15E-11	279.95855	0.099994	7.14273E-08	279.95855
-1.200001	-6.12E-11	279.981841	0.1000059	2.93496E-08	279.981841
-1.300001	-6.41E-11	280.005088	0.1000028	1.03595E-08	280.005088
-1.400001	-6.61E-11	280.028308	0.1000014	3.1366E-09	280.028308
-1.500001	-6.68E-11	280.051521	0.1000008	8.19E-10	280.051521
-1.600001	-6.62E-11	280.074817	0.1000002	1.784E-10	280.074817
-1.700001	-6.67E-11	280.098108	0.1000001	2.81E-11	280.098108
-1.800001	-6.93E-11	280.121318	0.1000004	-4.5E-12	280.121318
-1.900001	-6.76E-11	280.144614	0.1000004	-9.7E-12	280.144614
-2.000001	-6.86E-11	280.167885	0.1000003	-1.05E-11	280.167885
-2.100001	-6.97E-11	280.191161	0.1000001	-1E-11	280.191161
-2.2	-4.99E-11	280.238664	0.0999998	-1.21E-11	280.238664
-2.3	-7.01E-11	280.261888	0.1000003	-1.03E-11	280.261888
-2.4	-6.96E-11	280.285181	0.1000002	-1.07E-11	280.285181
-2.5	-7.21E-11	280.308395	0.1000001	-1.02E-11	280.308395
-2.6	-6.93E-11	280.331824	0.1000004	-1.05E-11	280.331824
-2.7	-7.17E-11	280.355159	0.1000003	-1.03E-11	280.355159
-2.8	-7.15E-11	280.378459	0.1000002	-1.05E-11	280.378459
-2.9	-7.4E-11	280.401665	0.1000004	-1.01E-11	280.401665
-3	-7.43E-11	280.424889	0.1000004	-1E-11	280.424889
-3.1	-7.3E-11	280.44817	0.1000004	-1.01E-11	280.44817
-3.2	-7.35E-11	280.471447	0.1000004	-1.01E-11	280.471447
-3.3	-7.54E-11	280.494661	0.1000002	-9.8E-12	280.494661
-3.4	-7.6E-11	280.517881	0.1000003	-9.8E-12	280.517881
-3.5	-7.5E-11	280.541165	0.1000002	-9.5E-12	280.541165
-3.6	-7.5E-11	280.564463	0.1000002	-1.02E-11	280.564463
-3.7	-7.68E-11	280.587673	0.1000003	-9.9E-12	280.587673
-3.8	-7.76E-11	280.61089	0.1000003	-9.9E-12	280.61089
-3.9	-7.63E-11	280.63417	0.1000004	-1.03E-11	280.63417
-4	-7.58E-11	280.657462	0.1000003	-1E-11	280.657462
-4.1	-7.78E-11	280.680765	0.1000002	-9.8E-12	280.680765
-4.2	-5.68E-11	280.734724	0.1	-1.14E-11	280.734724
-4.3	-7.67E-11	280.757971	0.1000003	-9.9E-12	280.757971
-4.4	-7.58E-11	280.781268	0.1000001	-1E-11	280.781268
-4.5	-7.79E-11	280.804494	0.1000003	-9.8E-12	280.804494
-4.6	-7.82E-11	280.827767	0.1000003	-1E-11	280.827767
-4.7	-7.92E-11	280.851063	0.1000003	-9.9E-12	280.851063
-4.8	-7.77E-11	280.874352	0.1000004	-1.01E-11	280.874352
-4.9	-7.8E-11	280.897726	0.1000003	-9.8E-12	280.897726
-5	-7.98E-11	280.920939	0.1000003	-1E-11	280.920939
-5.1	-7.99E-11	280.944171	0.1000001	-9.8E-12	280.944171
-5.2	-7.93E-11	280.967467	0.1000002	-1.03E-11	280.967467
-5.3	-7.92E-11	280.99076	0.1000002	-1.02E-11	280.99076
-5.4	-8.11E-11	281.014059	0.1000003	-9.7E-12	281.014059
-5.5	-7.98E-11	281.037362	0.1000001	-9.5E-12	281.037362
-5.6	-8E-11	281.060636	0.1000003	-1.02E-11	281.060636
-5.7	-8.18E-11	281.083856	0.1000002	-9.6E-12	281.083856
-5.8	-8.04E-11	281.107154	0.1000002	-9.6E-12	281.107154
-5.9	-8.05E-11	281.13045	0.1000003	-9.8E-12	281.13045
-6	-8.1E-11	281.153745	0.1000004	-9.7E-12	281.153745
-6.1	-8.3E-11	281.176972	0.1000001	-9.8E-12	281.176972
-6.2	-6.14E-11	281.236175	0.1000002	-1.13E-11	281.236175
-6.3	-8.07E-11	281.259406	0.1000003	-9.2E-12	281.259406
-6.4	-8.15E-11	281.282644	0.1000003	-9.7E-12	281.282644
-6.5	-8.03E-11	281.305946	0.1000003	-9.9E-12	281.305946
-6.6	-8.24E-11	281.32922	0.1000004	-9.8E-12	281.32922
-6.7	-8.12E-11	281.352567	0.1000003	-9.5E-12	281.352567
-6.8	-8.17E-11	281.375842	0.1000002	-9.6E-12	281.375842
-6.9	-8.34E-11	281.399047	0.1000002	-9.5E-12	281.399047
-7	-8.42E-11	281.422283	0.1000003	-9.5E-12	281.422283
-7.1	-8.48E-11	281.44549	0.1000002	-9.4E-12	281.44549
-7.2	-8.33E-11	281.468778	0.1000001	-9.4E-12	281.468778
-7.3	-8.37E-11	281.492062	0.1000003	-9.5E-12	281.492062
-7.4	-8.44E-11	281.515314	0.1000004	-9.6E-12	281.515314
-7.5	-8.47E-11	281.538534	0.1000002	-9.4E-12	281.538534
-7.6	-8.34E-11	281.561835	0.1000003	-9.6E-12	281.561835
-7.7	-8.56E-11	281.585041	0.1000002	-9.2E-12	281.585041
-7.8	-8.58E-11	281.608267	0.1000001	-9.4E-12	281.608267
-7.9	-8.42E-11	281.631571	0.1000003	-9.3E-12	281.631571
-8	-8.46E-11	281.654853	0.1000001	-9.5E-12	281.654853
-8.1	-8.53E-11	281.678091	0.1000003	-9.4E-12	281.678091
-8.2	-6.46E-11	281.737609	0.0999999	-1.09E-11	281.737609
-8.3	-8.26E-11	281.760918	0.1000002	-9.2E-12	281.760918
-8.4	-8.28E-11	281.784222	0.1	-9.5E-12	281.784222
-8.5	-8.51E-11	281.80759	0.1000001	-9.3E-12	281.80759
-8.6	-8.41E-11	281.830935	0.1000002	-9.6E-12	281.830935
-8.7	-8.41E-11	281.854321	0.1000002	-9.2E-12	281.854321
-8.8	-8.64E-11	281.877534	0.1000004	-9.3E-12	281.877534
-8.9	-8.62E-11	281.900769	0.1000003	-9.4E-12	281.900769
-9	-8.54E-11	281.924065	0.1000004	-9.4E-12	281.924065
-9.1	-8.5E-11	281.947343	0.1000003	-9.5E-12	281.947343
-9.2	-8.73E-11	281.970553	0.1000003	-9.8E-12	281.970553
-9.3	-8.74E-11	281.993762	0.1000002	-9.5E-12	281.993762
-9.4	-8.58E-11	282.017149	0.1000003	-1E-11	282.017149
-9.5	-8.73E-11	282.040363	0.1000002	-9.7E-12	282.040363
-9.6	-8.8E-11	282.063569	0.1000001	-9.9E-12	282.063569
-9.7	-8.82E-11	282.086787	0.1000003	-9E-12	282.086787
-9.8	-8.73E-11	282.110156	0.1000004	-9.2E-12	282.110156
-9.9	-8.86E-11	282.133372	0.1000002	-9.4E-12	282.133372
-10	-8.77E-11	282.15662	0.1000003	-9.3E-12	282.15662
-9.90001	-4.75E-11	282.179914	0.0999998	-1.24E-11	282.179914
-9.80001	-6.01E-11	282.238953	0.1000001	-1.12E-11	282.238953
-9.70001	-4.1E-11	282.262263	0.0999999	-1.27E-11	282.262263
-9.60001	-3.94E-11	282.285556	0.0999997	-1.25E-11	282.285556
-9.50001	-3.58E-11	282.308757	0.0999998	-1.3E-11	282.308757
-9.40001	-3.48E-11	282.332017	0.0999998	-1.3E-11	282.332017
-9.30001	-3.53E-11	282.355362	0.0999999	-1.34E-11	282.355362
-9.20001	-3.27E-11	282.378601	0.0999998	-1.32E-11	282.378601
-9.10001	-3.35E-11	282.40189	0.0999997	-1.34E-11	282.40189
-9.00001	-3.09E-11	282.425113	0.0999998	-1.31E-11	282.425113
-8.90001	-3.16E-11	282.448404	0.0999998	-1.26E-11	282.448404
-8.80001	-2.94E-11	282.471606	0.0999999	-1.28E-11	282.471606
-8.70001	-2.89E-11	282.494818	0.0999999	-1.28E-11	282.494818
-8.60001	-2.88E-11	282.518045	0.0999999	-1.27E-11	282.518045
-8.50001	-2.95E-11	282.541345	0.0999999	-1.27E-11	282.541345
-8.40001	-2.92E-11	282.564638	0.0999999	-1.27E-11	282.564638
-8.30001	-2.66E-11	282.587839	0.0999998	-1.32E-11	282.587839
-8.20001	-2.6E-11	282.611051	0.0999998	-1.29E-11	282.611051
-8.10001	-2.66E-11	282.634343	0.0999999	-1.27E-11	282.634343
-8.00001	-2.71E-11	282.657638	0.0999999	-1.26E-11	282.657638
-7.90001	-2.51E-11	282.680905	0.0999997	-1.29E-11	282.680905
-7.80001	-4.51E-11	282.740616	0.1000002	-1.09E-11	282.740616
-7.70001	-2.56E-11	282.76387	0.0999997	-1.31E-11	282.76387
-7.6	-2.48E-11	282.787083	0.0999999	-1.3E-11	282.787083
-7.50001	-2.52E-11	282.810376	0.0999997	-1.29E-11	282.810376
-7.40001	-2.54E-11	282.833717	0.0999998	-1.28E-11	282.833717
-7.30001	-2.3E-11	282.857033	0.0999996	-1.3E-11	282.857033
-7.2	-2.25E-11	282.880249	0.0999998	-1.3E-11	282.880249
-7.10001	-2.39E-11	282.903536	0.0999998	-1.29E-11	282.903536
-7.00001	-2.34E-11	282.926827	0.0999999	-1.28E-11	282.926827
-6.90001	-2.13E-11	282.950037	0.0999997	-1.33E-11	282.950037
-6.80001	-2.25E-11	282.973324	0.1	-1.36E-11	282.973324
-6.70001	-2.17E-11	282.996604	0.0999999	-1.32E-11	282.996604
-6.60001	-2.05E-11	283.020017	0.0999999	-1.34E-11	283.020017
-6.50001	-1.99E-11	283.043233	0.0999997	-1.34E-11	283.043233
-6.40001	-1.88E-11	283.066458	0.0999999	-1.36E-11	283.066458
-6.30001	-2.06E-11	283.089748	0.0999999	-1.35E-11	283.089748
-6.20001	-1.81E-11	283.112952	0.0999999	-1.35E-11	283.112952
-6.10001	-1.76E-11	283.136167	0.1	-1.32E-11	283.136167
-6.00001	-1.8E-11	283.159399	0.0999998	-1.35E-11	283.159399
-5.90001	-2E-11	283.182732	0.1	-1.29E-11	283.182732
-5.80001	-3.79E-11	283.241636	0.0999999	-1.18E-11	283.241636
-5.70001	-1.97E-11	283.264934	0.0999998	-1.36E-11	283.264934
-5.60001	-1.75E-11	283.288158	0.1000001	-1.34E-11	283.288158
-5.50001	-1.62E-11	283.311374	0.1	-1.37E-11	283.311374
-5.40001	-1.65E-11	283.334664	0.0999998	-1.41E-11	283.334664
-5.30001	-1.73E-11	283.358038	0.0999998	-1.39E-11	283.358038
-5.20001	-1.55E-11	283.381268	0.0999998	-1.38E-11	283.381268
-5.1	-1.43E-11	283.404473	0.0999998	-1.37E-11	283.404473
-5.00001	-1.45E-11	283.427695	0.0999997	-1.41E-11	283.427695
-4.90001	-1.49E-11	283.450985	0.0999998	-1.35E-11	283.450985
-4.80001	-1.3E-11	283.47418	0.0999999	-1.39E-11	283.47418
-4.7	-1.26E-11	283.497385	0.0999999	-1.41E-11	283.497385
-4.60001	-1.22E-11	283.520603	0.0999999	-1.47E-11	283.520603
-4.50001	-1.14E-11	283.543833	0.0999999	-1.47E-11	283.543833
-4.40001	-1.3E-11	283.567124	0.0999998	-1.47E-11	283.567124
-4.3	-1.06E-11	283.590332	0.0999998	-1.46E-11	283.590332
-4.20001	-9.9E-12	283.613532	0.0999998	-1.41E-11	283.613532
-4.10001	-1.02E-11	283.636759	0.0999999	-1.42E-11	283.636759
-4.00001	-1.12E-11	283.660063	0.0999998	-1.47E-11	283.660063
-3.90001	-9.7E-12	283.683296	0.0999998	-1.45E-11	283.683296
-3.80001	-3E-11	283.743255	0.1000001	-1.26E-11	283.743255
-3.70001	-9.5E-12	283.76649	0.0999999	-1.46E-11	283.76649
-3.60001	-8.8E-12	283.789714	0.0999998	-1.41E-11	283.789714
-3.50001	-8.2E-12	283.813011	0.0999999	-1.48E-11	283.813011
-3.40001	-9.2E-12	283.836356	0.0999999	-1.48E-11	283.836356
-3.30001	-6.5E-12	283.859666	0.0999999	-1.46E-11	283.859666
-3.20001	-5.9E-12	283.882873	0.0999998	-1.5E-11	283.882873
-3.10001	-6.8E-12	283.906158	0.0999997	-1.46E-11	283.906158
-3.00001	-6.5E-12	283.929521	0.0999999	-1.49E-11	283.929521
-2.90001	-3.8E-12	283.952738	0.0999997	-1.51E-11	283.952738
-2.80001	-2.7E-12	283.975949	0.1	-1.52E-11	283.975949
-2.70001	-4.1E-12	283.99924	0.0999997	-1.5E-11	283.99924
-2.60001	-2E-12	284.022546	0.0999998	-1.5E-11	284.022546
-2.50001	-8E-13	284.045766	0.0999999	-1.51E-11	284.045766
-2.40001	-2E-13	284.068976	0.0999998	-1.54E-11	284.068976
-2.30001	-1.5E-12	284.092259	0.0999998	-1.54E-11	284.092259
-2.20001	-5E-13	284.115546	0.0999998	-1.51E-11	284.115546
-2.099999	-1.48E-11	284.140663	0.1	-1.36E-11	284.140663
-2	2.4E-12	284.16391	0.0999998	-1.5E-11	284.16391
-1.9	1.9E-12	284.187204	0.0999997	-1.24E-11	284.187204
-1.800001	-1.78E-11	284.244623	0.1	2.2E-12	284.244623
-1.7	2.7E-12	284.267872	0.1	7.42E-11	284.267872
-1.6	4.5E-12	284.291086	0.0999999	3.94E-10	284.291086
-1.5	5.7E-12	284.314288	0.1000003	1.6092E-09	284.314288
-1.4	4.7E-12	284.337652	0.100002	5.5729E-09	284.337652
-1.3	8.5E-12	284.360952	0.1000035	1.66478E-08	284.360952
-1.2	9.5E-12	284.384165	0.1000055	4.27544E-08	284.384165
-1.1	9E-12	284.407452	0.1000056	9.50182E-08	284.407452
-1.000001	-9.2E-12	284.446958	0.1000003	1.8213E-07	284.446958
-0.9	-3.4E-12	284.471504	0.1000006	3.24921E-07	284.471504
-0.8	-1.5E-12	284.496025	0.1000007	5.24893E-07	284.496025
-0.7	4E-13	284.520541	0.1000009	7.8649E-07	284.520541
-0.600001	-3.8E-12	284.555113	0.0999999	1.1038E-06	284.555113
-0.500001	2.3E-12	284.579626	0.1000001	1.48919E-06	284.579626
-0.4	3.4E-12	284.604167	0.1	1.92664E-06	284.604167
-0.3	6E-12	284.628666	0.1	2.41144E-06	284.628666
-0.1999999	3.8E-12	284.65507	0.1	2.93644E-06	284.65507
-0.0999996	9.2E-12	284.67957	0.1	3.49797E-06	284.67957
3E-07	1.08E-11	284.704172	0.1000001	4.08833E-06	284.704172
0.0999998	6.1E-12	284.752957	0.0999999	4.69447E-06	284.752957
0.2000003	1.28E-11	284.777488	0.1	5.33396E-06	284.777488
0.299999	1.55E-11	284.802181	0.1000001	5.98772E-06	284.802181
0.4	1.76E-11	284.826718	0.1000002	6.65606E-06	284.826718
0.5	1.95E-11	284.851379	0.0999999	7.33647E-06	284.851379
0.6	2.19E-11	284.875898	0.1	8.02839E-06	284.875898
0.699999	2.34E-11	284.900418	0.1000001	8.73075E-06	284.900418
0.799999	2.54E-11	284.924939	0.1	9.44189E-06	284.924939
0.899999	2.69E-11	284.949466	0.1000002	1.016173E-05	284.949466
0.999999	2.41E-11	284.984111	0.1	1.08792E-05	284.984111
1.1	3.02E-11	285.008642	0.1	1.16156E-05	285.008642
1.2	3.22E-11	285.033242	0.1	1.23567E-05	285.033242
1.3	3.38E-11	285.057798	0.1	1.31023E-05	285.057798
1.4	3.52E-11	285.082328	0.0999999	1.38522E-05	285.082328
1.499999	3.66E-11	285.106844	0.1000001	1.46051E-05	285.106844
1.599999	3.77E-11	285.131354	0.0999998	1.53616E-05	285.131354
1.699999	3.79E-11	285.155988	0.1000001	1.61202E-05	285.155988
1.8	3.98E-11	285.180514	0.0999999	1.68815E-05	285.180514
1.9	4.09E-11	285.205017	0.1	1.76451E-05	285.205017
1.999999	3.45E-11	285.2516	0.1000001	1.84035E-05	285.2516
2.1	4.02E-11	285.276117	0.1000002	1.91722E-05	285.276117
2.19999	4.1E-11	285.300834	0.1000001	1.99356E-05	285.300834
2.29999	4.25E-11	285.325343	0.1	2.07057E-05	285.325343
2.39999	4.31E-11	285.349916	0.1	2.14782E-05	285.349916
2.49999	4.4E-11	285.37448	0.0999999	2.22506E-05	285.37448
2.59999	4.44E-11	285.399015	0.1	2.30237E-05	285.399015
2.69999	4.47E-11	285.423514	0.0999999	2.37983E-05	285.423514
2.79999	4.45E-11	285.448083	0.1	2.45732E-05	285.448083
2.89999	4.6E-11	285.472574	0.1000002	2.53488E-05	285.472574
2.99999	4.59E-11	285.497118	0.0999999	2.61258E-05	285.497118
3.09999	4.65E-11	285.521624	0.1000002	2.69043E-05	285.521624
3.19999	4.66E-11	285.546167	0.1000001	2.76821E-05	285.546167
3.29999	4.75E-11	285.570726	0.1000003	2.84613E-05	285.570726
3.39999	4.75E-11	285.595231	0.1	2.92407E-05	285.595231
3.49999	4.77E-11	285.619732	0.1000001	3.00208E-05	285.619732
3.59999	4.77E-11	285.644236	0.1000001	3.08019E-05	285.644236
3.69999	4.83E-11	285.66875	0.1000001	3.15836E-05	285.66875
3.79999	4.87E-11	285.693352	0.1000001	3.23662E-05	285.693352
3.89999	4.18E-11	285.750491	0.1000001	3.3139E-05	285.750491
3.99999	4.74E-11	285.775051	0.1000002	3.39257E-05	285.775051
4.09999	4.77E-11	285.79966	0.1000002	3.47128E-05	285.79966
4.19999	4.78E-11	285.824228	0.1	3.54996E-05	285.824228
4.29999	4.86E-11	285.848765	0.1	3.62871E-05	285.848765
4.39999	4.89E-11	285.873371	0.1000001	3.70751E-05	285.873371
4.49999	4.93E-11	285.897884	0.1000001	3.78643E-05	285.897884
4.59999	4.93E-11	285.922412	0.1000001	3.86529E-05	285.922412
4.69999	4.95E-11	285.946943	0.1000001	3.94436E-05	285.946943
4.79999	4.99E-11	285.971507	0.1000001	4.02359E-05	285.971507
4.89999	5.05E-11	285.996043	0.1000003	4.1028E-05	285.996043
4.99999	5.08E-11	286.020558	0.1000002	4.1822E-05	286.020558
5.09999	5.14E-11	286.045164	0.1000001	4.26159E-05	286.045164
5.19999	5.14E-11	286.069684	0.0999999	4.3412E-05	286.069684
5.29999	5.12E-11	286.094241	0.1000003	4.4209E-05	286.094241
5.39999	5.13E-11	286.118736	0.1	4.50064E-05	286.118736
5.49999	5.18E-11	286.143274	0.1000001	4.58049E-05	286.143274
5.59999	4.43E-11	286.202643	0.1000002	4.6593E-05	286.202643
5.69999	4.41E-11	286.252023	0.1000001	4.73918E-05	286.252023
5.79999	4.91E-11	286.276583	0.0999998	4.81984E-05	286.276583
5.89999	5.02E-11	286.301093	0.1000002	4.90031E-05	286.301093
5.99999	5.06E-11	286.325593	0.1	4.98086E-05	286.325593
6.09999	5.08E-11	286.351899	0.1	5.06137E-05	286.351899
6.19999	5.15E-11	286.376511	0.0999998	5.14217E-05	286.376511
6.29999	5.16E-11	286.401053	0.1000001	5.22303E-05	286.401053
6.39999	5.19E-11	286.425599	0.1000001	5.30399E-05	286.425599
6.49999	5.22E-11	286.450139	0.1000001	5.38499E-05	286.450139
6.59999	5.24E-11	286.474681	0.1000001	5.46619E-05	286.474681
6.69999	5.32E-11	286.499203	0.1000001	5.54745E-05	286.499203
6.79999	5.34E-11	286.523715	0.1000002	5.62879E-05	286.523715
6.89999	5.35E-11	286.548247	0.0999999	5.71021E-05	286.548247
6.99999	5.39E-11	286.57285	0.0999998	5.79178E-05	286.57285
7.09999	5.36E-11	286.597404	0.0999999	5.87353E-05	286.597404
7.19999	5.36E-11	286.621932	0.1000002	5.95533E-05	286.621932
7.29999	5.41E-11	286.646466	0.1000002	6.03727E-05	286.646466
7.39999	5.43E-11	286.671001	0.0999999	6.1194E-05	286.671001
7.49999	5.42E-11	286.695594	0.1000001	6.20164E-05	286.695594
7.59999	4.76E-11	286.753588	0.0999998	6.28301E-05	286.753588
7.69999	5.28E-11	286.778124	0.1000001	6.36568E-05	286.778124
7.79999	5.36E-11	286.802665	0.0999999	6.44835E-05	286.802665
7.89999	5.41E-11	286.827194	0.1000001	6.53104E-05	286.827194
7.99999	5.44E-11	286.851804	0.0999999	6.61397E-05	286.851804
8.09999	5.41E-11	286.876512	0.1000002	6.69684E-05	286.876512
8.19999	5.53E-11	286.901014	0.1000001	6.77985E-05	286.901014
8.29999	5.5E-11	286.925574	0.1000001	6.86301E-05	286.925574
8.39999	5.52E-11	286.950108	0.1000002	6.94636E-05	286.950108
8.49999	5.54E-11	286.974654	0.1	7.02972E-05	286.974654
8.59999	5.51E-11	286.999159	0.0999998	7.11322E-05	286.999159
8.69999	5.5E-11	287.023696	0.1	7.19685E-05	287.023696
8.79999	5.55E-11	287.048306	0.1000002	7.2806E-05	287.048306
8.89999	5.57E-11	287.072827	0.0999999	7.3645E-05	287.072827
8.99999	5.6E-11	287.097367	0.1	7.44839E-05	287.097367
9.09999	5.57E-11	287.121886	0.1000002	7.53255E-05	287.121886
9.19999	5.59E-11	287.14641	0.1000001	7.61678E-05	287.14641
9.29999	5.61E-11	287.170962	0.1000001	7.70084E-05	287.170962
9.39999	5.64E-11	287.195527	0.1	7.78558E-05	287.195527
9.49999	5E-11	287.255063	0.1000001	7.86966E-05	287.255063
9.59999	5.46E-11	287.279606	0.0999999	7.95481E-05	287.279606
9.69999	5.55E-11	287.304121	0.1	8.03974E-05	287.304121
9.79999	5.54E-11	287.328675	0.1	8.12472E-05	287.328675
9.89999	5.63E-11	287.353268	0.1000001	8.20985E-05	287.353268
9.99999	5.63E-11	287.377971	0.1000001	8.29515E-05	287.377971
9.9	4.3E-11	287.40249	0.1000001	8.20837E-05	287.40249
9.8	3.96E-11	287.427005	0.0999998	8.1222E-05	287.427005
9.7	3.75E-11	287.451528	0.1	8.03638E-05	287.451528
9.6	3.55E-11	287.476043	0.1	7.95073E-05	287.476043
9.5	3.39E-11	287.50058	0.0999998	7.86518E-05	287.50058
9.4	3.28E-11	287.525093	0.1	7.77983E-05	287.525093
9.3	3.2E-11	287.549606	0.1	7.6947E-05	287.549606
9.2	3.11E-11	287.574156	0.1000002	7.60958E-05	287.574156
9.1	3.02E-11	287.598709	0.1	7.52467E-05	287.598709
9	2.95E-11	287.623319	0.1	7.43982E-05	287.623319
8.9	2.85E-11	287.647842	0.1000001	7.35556E-05	287.647842
8.8	2.75E-11	287.672347	0.1000002	7.27085E-05	287.672347
8.7	2.7E-11	287.696923	0.0999998	7.18629E-05	287.696923
8.6	3.28E-11	287.756656	0.1	7.10207E-05	287.756656
8.5	2.77E-11	287.781237	0.0999998	7.01767E-05	287.781237
8.4	2.65E-11	287.805869	0.0999999	6.93353E-05	287.805869
8.3	2.56E-11	287.830382	0.1000001	6.84944E-05	287.830382
8.2	2.5E-11	287.854948	0.1	6.76544E-05	287.854948
8.1	2.49E-11	287.879547	0.0999998	6.68179E-05	287.879547
8	2.37E-11	287.904079	0.0999998	6.59808E-05	287.904079
7.9	2.35E-11	287.92859	0.0999998	6.5145E-05	287.92859
7.8	2.26E-11	287.953112	0.0999999	6.43105E-05	287.953112
7.7	2.26E-11	287.977622	0.0999997	6.34788E-05	287.977622
7.6	2.22E-11	288.002161	0.0999999	6.26469E-05	288.002161
7.5	2.16E-11	288.026667	0.0999998	6.18153E-05	288.026667
7.4	2.08E-11	288.051284	0.1	6.09864E-05	288.051284
7.3	2.05E-11	288.075805	0.1	6.01587E-05	288.075805
7.2	2.06E-11	288.100376	0.0999998	5.93314E-05	288.100376
7.1	2.05E-11	288.124913	0.1000001	5.85062E-05	288.124913
7	1.99E-11	288.149434	0.1000001	5.76814E-05	288.149434
6.9	1.91E-11	288.173941	0.1000001	5.68581E-05	288.173941
6.8	1.91E-11	288.1985	0.0999999	5.60354E-05	288.1985
6.7	2.54E-11	288.257923	0.0999999	5.52198E-05	288.257923
6.6	1.98E-11	288.282454	0.1000002	5.43986E-05	288.282454
6.5	1.87E-11	288.306984	0.0999998	5.35786E-05	288.306984
6.4	1.83E-11	288.331528	0.1000001	5.2761E-05	288.331528
6.3	1.78E-11	288.356128	0.1000002	5.19433E-05	288.356128
6.2	1.73E-11	288.380728	0.0999999	5.11275E-05	288.380728
6.1	1.66E-11	288.405245	0.0999999	5.03125E-05	288.405245
6	1.67E-11	288.429766	0.1	4.94984E-05	288.429766
5.9	1.56E-11	288.454267	0.1	4.86858E-05	288.454267
5.8	1.59E-11	288.478812	0.0999997	4.78744E-05	288.478812
5.7	1.54E-11	288.503358	0.0999999	4.70647E-05	288.503358
5.6	1.46E-11	288.527865	0.1	4.62561E-05	288.527865
5.5	1.4E-11	288.552367	0.0999999	4.54478E-05	288.552367
5.4	1.4E-11	288.576918	0.0999998	4.4641E-05	288.576918
5.3	1.34E-11	288.601479	0.0999997	4.38355E-05	288.601479
5.2	1.35E-11	288.626003	0.0999999	4.30301E-05	288.626003
5.1	1.26E-11	288.650511	0.0999997	4.22262E-05	288.650511
5	1.26E-11	288.675017	0.1	4.14238E-05	288.675017
4.9	1.21E-11	288.699575	0.1000001	4.0622E-05	288.699575
4.8	1.84E-11	288.75966	0.0999999	3.98273E-05	288.75966
4.7	1.28E-11	288.784235	0.1000001	3.90267E-05	288.784235
4.6	1.18E-11	288.808812	0.0999999	3.82274E-05	288.808812
4.5	1.08E-11	288.83332	0.1000003	3.74299E-05	288.83332
4.4	1.08E-11	288.857913	0.1000001	3.66345E-05	288.857913
4.3	9.9E-12	288.882502	0.0999998	3.58396E-05	288.882502
4.2	9.4E-12	288.907038	0.1	3.50453E-05	288.907038
4.1	8.5E-12	288.931549	0.1000001	3.4253E-05	288.931549
4	7.9E-12	288.956074	0.1	3.34608E-05	288.956074
3.9	7.5E-12	288.980605	0.0999998	3.26702E-05	288.980605
3.8	6.7E-12	289.00515	0.1	3.18809E-05	289.00515
3.7	6.1E-12	289.029651	0.0999999	3.10924E-05	289.029651
3.6	5.7E-12	289.054254	0.1000002	3.03051E-05	289.054254
3.5	5.3E-12	289.078794	0.0999997	2.95188E-05	289.078794
3.4	3.8E-12	289.10332	0.0999998	2.8734E-05	289.10332
3.3	4.2E-12	289.127872	0.0999999	2.79508E-05	289.127872
3.2	2.6E-12	289.152377	0.1000001	2.71687E-05	289.152377
3.1	2.1E-12	289.17693	0.1000001	2.63877E-05	289.17693
3	1.6E-12	289.201454	0.1000002	2.56079E-05	289.201454
2.9	7.8E-12	289.260882	0.1	2.48348E-05	289.260882
2.8	2.5E-12	289.285488	0.0999998	2.40563E-05	289.285488
2.7	1.2E-12	289.310009	0.0999999	2.32798E-05	289.310009
2.6	2E-13	289.334529	0.0999998	2.25049E-05	289.334529
2.5	-1.4E-12	289.359094	0.1	2.17318E-05	289.359094
2.4	-2.7E-12	289.383694	0.0999999	2.09602E-05	289.383694
2.3	-3.3E-12	289.40824	0.1	2.019E-05	289.40824
2.2	-4.3E-12	289.432798	0.1	1.94215E-05	289.432798
2.099999	-2E-12	289.459228	0.0999999	1.86613E-05	289.459228
2	-6.1E-12	289.483739	0.1000001	1.78969E-05	289.483739
1.9	-7.1E-12	289.508303	0.1000001	1.71344E-05	289.508303
1.8	-8.4E-12	289.532811	0.1	1.63746E-05	289.532811
1.7	-9.3E-12	289.557339	0.1	1.56169E-05	289.557339
1.6	-1.06E-11	289.581846	0.1	1.48624E-05	289.581846
1.5	-1.19E-11	289.606378	0.1000001	1.41112E-05	289.606378
1.4	-1.28E-11	289.630956	0.0999998	1.33638E-05	289.630956
1.3	-1.46E-11	289.655486	0.1000002	1.26209E-05	289.655486
1.2	-1.56E-11	289.680012	0.1000001	1.18822E-05	289.680012
1.1	-1.74E-11	289.70462	0.0999997	1.11498E-05	289.70462
1	-1.24E-11	289.762713	0.1	1.04299E-05	289.762713
0.9	-1.89E-11	289.787264	0.1	9.7097E-06	289.787264
0.8	-2.1E-11	289.811884	0.0999999	8.999E-06	289.811884
0.7	-1.98E-11	289.838992	0.1000002	8.30519E-06	289.838992
0.6	-2.62E-11	289.863555	0.0999999	7.61523E-06	289.863555
0.5	-2.8E-11	289.888152	0.0999998	6.93639E-06	289.888152
0.4	-3.02E-11	289.912676	0.1	6.27004E-06	289.912676
0.3	-3.28E-11	289.93717	0.1	5.61642E-06	289.93717
0.2	-3.16E-11	289.963573	0.0999999	4.98106E-06	289.963573
0.0999997	-3.73E-11	289.988056	0.0999999	4.3621E-06	289.988056
-5E-07	-3.97E-11	290.012561	0.0999999	3.76609E-06	290.012561
#scan	iMeasureCycle=3	iMux=0	time=319.744	N=401	LocalTime=19/04/2023 17:12:57
#VGate(V)	IGate(A)	time(s)	VDrain(V)	IDrain(A)	time(s)
-2E-07	-1.74E-11	319.75165	0.1	3.90729E-06	319.75165
-0.1000004	-2.53E-11	319.776527	0.0999999	3.31652E-06	319.776527
-0.2000002	-2.7E-11	319.802213	0.1	2.75974E-06	319.802213
-0.3	-3.28E-11	319.82696	0.1	2.24025E-06	319.82696
-0.4	-3.61E-11	319.851473	0.1	1.76592E-06	319.851473
-0.5	-3.87E-11	319.875974	0.0999998	1.3429E-06	319.875974
-0.6	-4.06E-11	319.900493	0.0999998	9.7671E-07	319.900493
-0.7	-3.89E-11	319.927882	0.0999993	6.74335E-07	319.927882
-0.8	-4.39E-11	319.952395	0.0999995	4.3384E-07	319.952395
-0.9	-4.54E-11	319.976893	0.0999995	2.56716E-07	319.976893
-1	-4.71E-11	320.001415	0.0999997	1.37105E-07	320.001415
-1.1	-4.28E-11	320.039085	0.0999951	6.58025E-08	320.039085
-1.200001	-6.15E-11	320.062359	0.1000051	2.66016E-08	320.062359
-1.300001	-6.48E-11	320.085667	0.1000029	9.2652E-09	320.085667
-1.400001	-6.43E-11	320.108957	0.100001	2.7372E-09	320.108957
-1.500001	-6.54E-11	320.132237	0.1000004	7.017E-10	320.132237
-1.600001	-6.83E-11	320.155443	0.1000003	1.508E-10	320.155443
-1.700001	-6.89E-11	320.178656	0.1000001	2.08E-11	320.178656
-1.800001	-6.95E-11	320.201874	0.1000002	-5.3E-12	320.201874
-1.900001	-6.79E-11	320.225166	0.1000002	-1.02E-11	320.225166
-2.000001	-6.88E-11	320.248456	0.1000002	-1.09E-11	320.248456
-2.100001	-7.13E-11	320.27166	0.1000001	-1E-11	320.27166
-2.2	-4.97E-11	320.319994	0.0999999	-1.22E-11	320.319994
-2.3	-6.87E-11	320.343318	0.1000001	-1.08E-11	320.343318
-2.4	-6.96E-11	320.366616	0.1000002	-1.06E-11	320.366616
-2.5	-6.93E-11	320.389924	0.1000001	-1.04E-11	320.389924
-2.6	-7.27E-11	320.413227	0.1000002	-1.06E-11	320.413227
-2.7	-7.09E-11	320.436602	0.1000001	-1.03E-11	320.436602
-2.8	-7.4E-11	320.459802	0.1	-1.04E-11	320.459802
-2.9	-7.44E-11	320.483025	0.1000002	-1.03E-11	320.483025
-3	-7.34E-11	320.506323	0.1000001	-1.02E-11	320.506323
-3.1	-7.35E-11	320.529614	0.1	-1.06E-11	320.529614
-3.2	-7.54E-11	320.552812	0.0999999	-1.06E-11	320.552812
-3.3	-7.55E-11	320.576053	0.1000001	-9.9E-12	320.576053
-3.4	-7.63E-11	320.599265	0.1	-1.01E-11	320.599265
-3.5	-7.63E-11	320.622483	0.1	-9.9E-12	320.622483
-3.6	-7.47E-11	320.645775	0.1000001	-1.04E-11	320.645775
-3.7	-7.7E-11	320.668977	0.1000002	-9.8E-12	320.668977
-3.8	-7.76E-11	320.692205	0.1000001	-9.7E-12	320.692205
-3.9	-7.64E-11	320.715491	0.1	-1.02E-11	320.715491
-4	-7.6E-11	320.738778	0.1000001	-1.02E-11	320.738778
-4.1	-7.84E-11	320.762047	0.1000001	-9.8E-12	320.762047
-4.2	-5.73E-11	320.811673	0.0999998	-1.14E-11	320.811673
-4.3	-7.52E-11	320.834987	0.0999999	-9.6E-12	320.834987
-4.4	-7.82E-11	320.858199	0.1000001	-9.6E-12	320.858199
-4.5	-7.89E-11	320.881503	0.1000002	-9.4E-12	320.881503
-4.6	-7.75E-11	320.904852	0.1000002	-9.6E-12	320.904852
-4.7	-7.96E-11	320.928175	0.1000001	-1.03E-11	320.928175
-4.8	-7.96E-11	320.951492	0.1000001	-9.6E-12	320.951492
-4.9	-7.83E-11	320.974784	0.1000002	-9.4E-12	320.974784
-5	-7.86E-11	320.998086	0.1	-9.3E-12	320.998086
-5.1	-8.08E-11	321.021286	0.1	-9.4E-12	321.021286
-5.2	-8.11E-11	321.044495	0.1000001	-9.8E-12	321.044495
-5.3	-7.96E-11	321.067779	0.1000003	-9.7E-12	321.067779
-5.4	-8.11E-11	321.091093	0.1000002	-9.2E-12	321.091093
-5.5	-8.2E-11	321.114313	0.1000002	-9.3E-12	321.114313
-5.6	-8.22E-11	321.137539	0.1000001	-9.5E-12	321.137539
-5.7	-8.03E-11	321.160826	0.1000001	-9.5E-12	321.160826
-5.8	-8.03E-11	321.184114	0.1000002	-9.9E-12	321.184114
-5.9	-8.28E-11	321.207318	0.1000001	-9.6E-12	321.207318
-6	-8.33E-11	321.230519	0.1000001	-9.6E-12	321.230519
-6.1	-8.15E-11	321.253807	0.1000001	-9.4E-12	321.253807
-6.2	-7.8E-11	321.277289	0.1000001	-9.7E-12	321.277289
-6.3	-6.36E-11	321.313129	0.0999999	-1.15E-11	321.313129
-6.4	-8.26E-11	321.336379	0.1000002	-9.6E-12	321.336379
-6.5	-8.34E-11	321.359604	0.1000002	-9.6E-12	321.359604
-6.6	-8.4E-11	321.382817	0.1000002	-9.6E-12	321.382817
-6.7	-8.23E-11	321.406167	0.1000001	-9.7E-12	321.406167
-6.8	-8.44E-11	321.429481	0.1000002	-9.1E-12	321.429481
-6.9	-8.46E-11	321.452698	0.1000001	-9.1E-12	321.452698
-7	-8.37E-11	321.475989	0.1000002	-9.4E-12	321.475989
-7.1	-8.37E-11	321.49928	0.1	-9.6E-12	321.49928
-7.2	-8.53E-11	321.522497	0.1000002	-9.4E-12	321.522497
-7.3	-8.55E-11	321.545708	0.1000002	-9.2E-12	321.545708
-7.4	-8.37E-11	321.568999	0.1000003	-9.7E-12	321.568999
-7.5	-8.34E-11	321.592298	0.1000001	-9.8E-12	321.592298
-7.6	-8.58E-11	321.615509	0.1000001	-9.6E-12	321.615509
-7.7	-8.61E-11	321.638735	0.1	-9.5E-12	321.638735
-7.8	-8.49E-11	321.662029	0.1000001	-9.2E-12	321.662029
-7.9	-8.44E-11	321.685319	0.1000001	-9.4E-12	321.685319
-8	-8.67E-11	321.708536	0.1000001	-9.3E-12	321.708536
-8.1	-8.73E-11	321.731748	0.1000003	-9.3E-12	321.731748
-8.2	-8.51E-11	321.755124	0.1000001	-9.6E-12	321.755124
-8.3	-8.51E-11	321.778417	0.1000002	-9.7E-12	321.778417
-8.4	-6.61E-11	321.819285	0.0999999	-1.11E-11	321.819285
-8.5	-8.35E-11	321.842609	0.1000002	-9.1E-12	321.842609
-8.6	-8.6E-11	321.865818	0.1000002	-9.2E-12	321.865818
-8.7	-8.7E-11	321.88904	0.1000001	-8.9E-12	321.88904
-8.8	-8.63E-11	321.912307	0.1000002	-9E-12	321.912307
-8.9	-8.51E-11	321.93563	0.1	-8.8E-12	321.93563
-9	-8.77E-11	321.958835	0.1000001	-9.2E-12	321.958835
-9.1	-8.78E-11	321.98205	0.1000002	-9E-12	321.98205
-9.2	-8.77E-11	322.00527	0.1000002	-9E-12	322.00527
-9.3	-8.69E-11	322.028556	0.1	-9.4E-12	322.028556
-9.4	-8.8E-11	322.051761	0.1000002	-9.3E-12	322.051761
-9.5	-8.84E-11	322.074976	0.1000002	-9.4E-12	322.074976
-9.6	-8.73E-11	322.09835	0.0999999	-9.2E-12	322.09835
-9.7	-8.73E-11	322.121648	0.1000002	-8.9E-12	322.121648
-9.8	-8.92E-11	322.144858	0.1000001	-8.7E-12	322.144858
-9.9	-8.89E-11	322.168085	0.1000001	-9.4E-12	322.168085
-10	-8.73E-11	322.191374	0.1000001	-9E-12	322.191374
-9.90001	-4.83E-11	322.214676	0.0999997	-1.23E-11	322.214676
-9.80001	-4.25E-11	322.237885	0.0999998	-1.24E-11	322.237885
-9.70001	-4.07E-11	322.261099	0.0999998	-1.25E-11	322.261099
-9.60001	-5.81E-11	322.320151	0.0999999	-1.12E-11	322.320151
-9.50001	-3.78E-11	322.3434	0.0999996	-1.28E-11	322.3434
-9.40001	-3.71E-11	322.366707	0.0999996	-1.28E-11	322.366707
-9.30001	-3.43E-11	322.389913	0.0999997	-1.29E-11	322.389913
-9.20001	-3.35E-11	322.413205	0.0999997	-1.24E-11	322.413205
-9.10001	-3.22E-11	322.436501	0.0999998	-1.24E-11	322.436501
-9.00001	-3.28E-11	322.459795	0.0999998	-1.21E-11	322.459795
-8.90001	-3.06E-11	322.483011	0.0999997	-1.24E-11	322.483011
-8.80001	-2.97E-11	322.506237	0.0999996	-1.29E-11	322.506237
-8.70001	-2.94E-11	322.529445	0.0999999	-1.26E-11	322.529445
-8.60001	-3E-11	322.552729	0.0999996	-1.32E-11	322.552729
-8.50001	-2.8E-11	322.575944	0.0999996	-1.33E-11	322.575944
-8.40001	-2.92E-11	322.599329	0.0999999	-1.3E-11	322.599329
-8.30001	-2.83E-11	322.622619	0.0999998	-1.27E-11	322.622619
-8.20001	-2.82E-11	322.645888	0.0999999	-1.27E-11	322.645888
-8.10001	-2.57E-11	322.669095	0.0999997	-1.31E-11	322.669095
-8.00001	-2.62E-11	322.692335	0.0999998	-1.32E-11	322.692335
-7.90001	-2.61E-11	322.715619	0.0999996	-1.31E-11	322.715619
-7.80001	-2.68E-11	322.738908	0.0999998	-1.28E-11	322.738908
-7.70001	-2.46E-11	322.762301	0.0999997	-1.31E-11	322.762301
-7.60001	-4.49E-11	322.82166	0.1	-1.11E-11	322.82166
-7.50001	-2.64E-11	322.844977	0.0999997	-1.31E-11	322.844977
-7.40001	-2.46E-11	322.868192	0.0999998	-1.31E-11	322.868192
-7.30001	-2.38E-11	322.891404	0.0999997	-1.3E-11	322.891404
-7.2	-2.53E-11	322.914767	0.0999998	-1.33E-11	322.914767
-7.10001	-2.44E-11	322.938069	0.0999996	-1.26E-11	322.938069
-7.00001	-2.23E-11	322.961288	0.0999997	-1.32E-11	322.961288
-6.90001	-2.14E-11	322.984507	0.0999997	-1.32E-11	322.984507
-6.80001	-2.27E-11	323.007805	0.0999996	-1.31E-11	323.007805
-6.70001	-2.24E-11	323.031098	0.0999997	-1.35E-11	323.031098
-6.60001	-2.02E-11	323.054318	0.0999998	-1.33E-11	323.054318
-6.50001	-2.01E-11	323.077531	0.0999998	-1.4E-11	323.077531
-6.40001	-2.14E-11	323.100906	0.0999997	-1.37E-11	323.100906
-6.30001	-2.11E-11	323.124224	0.0999996	-1.33E-11	323.124224
-6.20001	-2.02E-11	323.147508	0.0999999	-1.31E-11	323.147508
-6.10001	-1.8E-11	323.170736	0.0999997	-1.33E-11	323.170736
-6.00001	-1.96E-11	323.194019	0.0999998	-1.34E-11	323.194019
-5.90001	-2E-11	323.217357	0.0999997	-1.36E-11	323.217357
-5.80001	-1.72E-11	323.240575	0.0999999	-1.33E-11	323.240575
-5.70001	-1.86E-11	323.263864	0.0999997	-1.3E-11	323.263864
-5.60001	-3.69E-11	323.318688	0.1	-1.2E-11	323.318688
-5.50001	-1.72E-11	323.341922	0.0999998	-1.35E-11	323.341922
-5.40001	-1.68E-11	323.365154	0.0999995	-1.37E-11	323.365154
-5.30001	-1.77E-11	323.388462	0.0999996	-1.33E-11	323.388462
-5.20001	-1.47E-11	323.411739	0.0999999	-1.34E-11	323.411739
-5.1	-1.44E-11	323.435027	0.0999997	-1.38E-11	323.435027
-5.00001	-1.6E-11	323.45831	0.0999997	-1.29E-11	323.45831
-4.90001	-1.35E-11	323.481516	0.0999997	-1.39E-11	323.481516
-4.80001	-1.32E-11	323.504733	0.0999998	-1.4E-11	323.504733
-4.7	-1.26E-11	323.527952	0.0999996	-1.38E-11	323.527952
-4.60001	-1.41E-11	323.551244	0.0999997	-1.38E-11	323.551244
-4.50001	-1.38E-11	323.574541	0.0999998	-1.36E-11	323.574541
-4.40001	-1.34E-11	323.597825	0.0999996	-1.38E-11	323.597825
-4.3	-1.3E-11	323.621116	0.0999997	-1.38E-11	323.621116
-4.20001	-1.23E-11	323.644402	0.0999997	-1.38E-11	323.644402
-4.10001	-1.06E-11	323.667618	0.0999997	-1.4E-11	323.667618
-4.00001	-9.8E-12	323.690839	0.0999997	-1.4E-11	323.690839
-3.90001	-9.5E-12	323.714078	0.0999998	-1.4E-11	323.714078
-3.80001	-1.01E-11	323.737368	0.0999997	-1.43E-11	323.737368
-3.70001	-9.9E-12	323.760761	0.0999998	-1.41E-11	323.760761
-3.60001	-7.8E-12	323.783989	0.0999999	-1.48E-11	323.783989
-3.50001	-2.8E-11	323.825278	0.0999998	-1.25E-11	323.825278
-3.40001	-9.4E-12	323.848602	0.0999997	-1.44E-11	323.848602
-3.30001	-7E-12	323.871804	0.0999997	-1.4E-11	323.871804
-3.20001	-5.7E-12	323.895022	0.0999998	-1.44E-11	323.895022
-3.10001	-5.9E-12	323.918309	0.0999996	-1.43E-11	323.918309
-3.00001	-4.5E-12	323.941539	0.0999996	-1.44E-11	323.941539
-2.90001	-5.9E-12	323.964831	0.0999997	-1.43E-11	323.964831
-2.80001	-3.4E-12	323.988041	0.0999997	-1.45E-11	323.988041
-2.70001	-4.3E-12	324.01133	0.0999996	-1.44E-11	324.01133
-2.60001	-4.1E-12	324.034628	0.0999998	-1.44E-11	324.034628
-2.50001	-1.1E-12	324.057833	0.0999997	-1.48E-11	324.057833
-2.40001	-7E-13	324.081045	0.0999996	-1.46E-11	324.081045
-2.30001	6E-13	324.104341	0.0999997	-1.48E-11	324.104341
-2.20001	1E-12	324.12756	0.0999997	-1.51E-11	324.12756
-2.1	-1.56E-11	324.152746	0.0999999	-1.39E-11	324.152746
-2	2.2E-12	324.175997	0.0999998	-1.5E-11	324.175997
-1.9	2.9E-12	324.199214	0.0999998	-1.34E-11	324.199214
-1.8	2.5E-12	324.222502	0.0999998	-1.3E-12	324.222502
-1.699999	2.4E-12	324.24581	0.0999998	6.05E-11	324.24581
-1.6	6E-12	324.269005	0.0999999	3.349E-10	324.269005
-1.500001	-1.5E-11	324.321929	0.1000003	1.3342E-09	324.321929
-1.4	6E-12	324.345176	0.1000011	4.8963E-09	324.345176
-1.3	5.9E-12	324.368466	0.1000033	1.49574E-08	324.368466
-1.2	7.1E-12	324.391738	0.1000055	3.89829E-08	324.391738
-1.1	8.6E-12	324.415081	0.1000053	8.7995E-08	324.415081
-1.000001	-9.4E-12	324.454665	0.1000001	1.70465E-07	324.454665
-0.900001	-3.5E-12	324.479215	0.1000006	3.07457E-07	324.479215
-0.8	-1.9E-12	324.503744	0.1000007	5.0077E-07	324.503744
-0.7	-9E-13	324.528272	0.1000011	7.55428E-07	324.528272
-0.600001	-4.3E-12	324.562868	0.1000001	1.06624E-06	324.562868
-0.5	1.6E-12	324.587383	0.1000001	1.44453E-06	324.587383
-0.4	3.5E-12	324.611888	0.1000001	1.87537E-06	324.611888
-0.3	5.3E-12	324.636503	0.1	2.35384E-06	324.636503
-0.1999997	4.1E-12	324.6629	0.1000002	2.8729E-06	324.6629
-0.0999996	8.5E-12	324.687402	0.0999999	3.42938E-06	324.687402
2E-07	1.05E-11	324.711897	0.0999999	4.01538E-06	324.711897
0.1000001	1.22E-11	324.736424	0.1000001	4.62613E-06	324.736424
0.2000005	1.46E-11	324.760902	0.1000001	5.25808E-06	324.760902
0.299999	1.59E-11	324.785646	0.1000001	5.90717E-06	324.785646
0.399999	1.17E-11	324.834204	0.0999999	6.56247E-06	324.834204
0.5	1.87E-11	324.85872	0.1000001	7.2429E-06	324.85872
0.599999	2.08E-11	324.883251	0.1000001	7.93319E-06	324.883251
0.7	2.3E-11	324.907769	0.1	8.63306E-06	324.907769
0.799999	2.5E-11	324.932393	0.1000001	9.3428E-06	324.932393
0.899999	2.67E-11	324.956905	0.1	1.006151E-05	324.956905
0.999999	2.34E-11	324.991484	0.1	1.07779E-05	324.991484
1.1	2.97E-11	325.016032	0.1000001	1.15126E-05	325.016032
1.199999	3.19E-11	325.040653	0.1000001	1.22527E-05	325.040653
1.3	3.39E-11	325.065149	0.1	1.29967E-05	325.065149
1.4	3.51E-11	325.089676	0.0999999	1.37452E-05	325.089676
1.5	3.61E-11	325.114301	0.1000001	1.44975E-05	325.114301
1.6	3.77E-11	325.138854	0.1000002	1.52534E-05	325.138854
1.699999	3.85E-11	325.163352	0.0999998	1.60116E-05	325.163352
1.8	3.92E-11	325.18787	0.1	1.67725E-05	325.18787
1.9	3.98E-11	325.212396	0.1	1.75357E-05	325.212396
2	4.11E-11	325.236919	0.1000002	1.83002E-05	325.236919
2.099999	4.2E-11	325.261432	0.1000001	1.9067E-05	325.261432
2.19999	4.26E-11	325.286147	0.0999999	1.98297E-05	325.286147
2.29999	3.65E-11	325.332935	0.0999998	2.05932E-05	325.332935
2.39999	4.19E-11	325.357455	0.0999998	2.13668E-05	325.357455
2.49999	4.24E-11	325.382006	0.1	2.21406E-05	325.382006
2.59999	4.34E-11	325.406526	0.1	2.29154E-05	325.406526
2.69999	4.39E-11	325.431267	0.1000002	2.36909E-05	325.431267
2.79999	4.48E-11	325.455781	0.1000003	2.44674E-05	325.455781
2.89999	4.51E-11	325.480335	0.1000002	2.52441E-05	325.480335
2.99999	4.55E-11	325.504843	0.1000001	2.60223E-05	325.504843
3.09999	4.57E-11	325.529447	0.1000002	2.68012E-05	325.529447
3.19999	4.62E-11	325.553982	0.1	2.75806E-05	325.553982
3.29999	4.67E-11	325.578497	0.1000001	2.83612E-05	325.578497
3.39999	4.7E-11	325.603035	0.1000003	2.91426E-05	325.603035
3.49999	4.73E-11	325.627528	0.1000001	2.99248E-05	325.627528
3.59999	4.79E-11	325.65204	0.1000002	3.07071E-05	325.65204
3.69999	4.81E-11	325.676576	0.0999999	3.14903E-05	325.676576
3.79999	4.77E-11	325.701111	0.1000002	3.2274E-05	325.701111
3.89999	4.86E-11	325.725611	0.1000001	3.30589E-05	325.725611
3.99999	4.85E-11	325.750156	0.1	3.38447E-05	325.750156
4.09999	4.91E-11	325.774746	0.1000002	3.46305E-05	325.774746
4.19999	4.21E-11	325.831883	0.1	3.54073E-05	325.831883
4.29999	4.75E-11	325.85642	0.1	3.61986E-05	325.85642
4.39999	4.83E-11	325.880942	0.0999998	3.69886E-05	325.880942
4.49999	4.88E-11	325.905465	0.1000001	3.77793E-05	325.905465
4.59999	4.9E-11	325.930061	0.0999998	3.857E-05	325.930061
4.69999	4.94E-11	325.954593	0.1000003	3.93617E-05	325.954593
4.79999	4.99E-11	325.979096	0.0999998	4.01541E-05	325.979096
4.89999	5.03E-11	326.003618	0.1	4.09478E-05	326.003618
4.99999	5.06E-11	326.028149	0.1000001	4.17413E-05	326.028149
5.09999	5.06E-11	326.052669	0.1000003	4.25362E-05	326.052669
5.19999	5.07E-11	326.077212	0.1000002	4.33325E-05	326.077212
5.29999	5.15E-11	326.101817	0.1000002	4.41296E-05	326.101817
5.39999	5.13E-11	326.126332	0.1000001	4.4928E-05	326.126332
5.49999	5.15E-11	326.150842	0.1	4.57274E-05	326.150842
5.59999	5.21E-11	326.175366	0.0999999	4.65282E-05	326.175366
5.69999	5.25E-11	326.199876	0.1	4.73295E-05	326.199876
5.79999	5.27E-11	326.224381	0.1000001	4.81319E-05	326.224381
5.89999	5.25E-11	326.248922	0.1	4.89358E-05	326.248922
5.99999	5.23E-11	326.27346	0.0999999	4.97403E-05	326.27346
6.09999	4.59E-11	326.333139	0.0999999	5.05361E-05	326.333139
6.19999	5.07E-11	326.35776	0.1000001	5.13456E-05	326.35776
6.29999	5.17E-11	326.382308	0.1000001	5.21551E-05	326.382308
6.39999	5.23E-11	326.406844	0.0999999	5.29651E-05	326.406844
6.49999	5.3E-11	326.431404	0.1	5.37761E-05	326.431404
6.59999	5.26E-11	326.45603	0.1000002	5.45881E-05	326.45603
6.69999	5.34E-11	326.480527	0.1	5.54001E-05	326.480527
6.79999	5.36E-11	326.505046	0.0999999	5.62132E-05	326.505046
6.89999	5.34E-11	326.529551	0.0999999	5.70287E-05	326.529551
6.99999	5.32E-11	326.554146	0.1000001	5.78451E-05	326.554146
7.09999	5.39E-11	326.578657	0.1000001	5.86627E-05	326.578657
7.19999	5.4E-11	326.603181	0.1	5.94818E-05	326.603181
7.29999	5.42E-11	326.627692	0.1000001	6.03009E-05	326.627692
7.39999	5.4E-11	326.652242	0.1000002	6.11221E-05	326.652242
7.49999	5.44E-11	326.67675	0.0999999	6.19444E-05	326.67675
7.59999	5.47E-11	326.701266	0.0999998	6.27676E-05	326.701266
7.69999	5.46E-11	326.725809	0.1000002	6.35915E-05	326.725809
7.79999	5.45E-11	326.750356	0.1000003	6.44176E-05	326.750356
7.89999	5.47E-11	326.774972	0.0999999	6.52432E-05	326.774972
7.99999	4.86E-11	326.830154	0.0999999	6.60638E-05	326.830154
8.09999	5.34E-11	326.854705	0.0999999	6.6895E-05	326.854705
8.19999	5.43E-11	326.879251	0.1000001	6.77258E-05	326.879251
8.29999	5.46E-11	326.903754	0.0999999	6.8559E-05	326.903754
8.39999	5.47E-11	326.928385	0.1000001	6.93919E-05	326.928385
8.49999	5.57E-11	326.952912	0.1000001	7.02257E-05	326.952912
8.59999	5.56E-11	326.977453	0.0999999	7.10607E-05	326.977453
8.69999	5.57E-11	327.00196	0.1000003	7.18973E-05	327.00196
8.79999	5.52E-11	327.026561	0.1000001	7.27347E-05	327.026561
8.89999	5.62E-11	327.051104	0.1000003	7.35732E-05	327.051104
8.99999	5.53E-11	327.075624	0.1	7.44133E-05	327.075624
9.09999	5.6E-11	327.100161	0.0999999	7.52547E-05	327.100161
9.19999	5.56E-11	327.124819	0.1000001	7.6096E-05	327.124819
9.29999	5.68E-11	327.149444	0.1	7.69363E-05	327.149444
9.39999	5.68E-11	327.173953	0.0999999	7.77844E-05	327.173953
9.49999	5.66E-11	327.19849	0.1000001	7.86333E-05	327.19849
9.59999	5.64E-11	327.222991	0.1	7.94808E-05	327.222991
9.69999	5.63E-11	327.247579	0.1000001	8.03293E-05	327.247579
9.79999	5.68E-11	327.272089	0.1000002	8.11814E-05	327.272089
9.89999	4.96E-11	327.334355	0.0999998	8.20222E-05	327.334355
9.99999	5.51E-11	327.358925	0.1000001	8.28779E-05	327.358925
9.9	4.18E-11	327.383431	0.0999998	8.20116E-05	327.383431
9.8	3.86E-11	327.407976	0.1	8.11501E-05	327.407976
9.7	3.76E-11	327.432683	0.1	8.02922E-05	327.432683
9.6	3.51E-11	327.457208	0.0999999	7.94346E-05	327.457208
9.5	3.39E-11	327.481782	0.0999996	7.85797E-05	327.481782
9.4	3.3E-11	327.506282	0.1000002	7.77266E-05	327.506282
9.3	3.18E-11	327.530823	0.0999998	7.68744E-05	327.530823
9.2	3.06E-11	327.555345	0.1	7.60241E-05	327.555345
9.1	3E-11	327.579879	0.0999999	7.5175E-05	327.579879
9	2.94E-11	327.604388	0.1000001	7.43271E-05	327.604388
8.9	2.84E-11	327.628934	0.1000001	7.34843E-05	327.628934
8.8	2.75E-11	327.653436	0.0999999	7.26374E-05	327.653436
8.7	2.76E-11	327.67799	0.1000001	7.17926E-05	327.67799
8.6	2.67E-11	327.702483	0.0999999	7.09475E-05	327.702483
8.5	2.58E-11	327.726986	0.1	7.01045E-05	327.726986
8.4	2.55E-11	327.751497	0.1	6.9262E-05	327.751497
8.3	2.49E-11	327.776103	0.1	6.84226E-05	327.776103
8.2	3.08E-11	327.837803	0.1000002	6.75877E-05	327.837803
8.1	2.5E-11	327.86234	0.0999999	6.67482E-05	327.86234
8	2.45E-11	327.886864	0.0999998	6.59115E-05	327.886864
7.9	2.4E-11	327.911374	0.0999998	6.50767E-05	327.911374
7.8	2.35E-11	327.936002	0.1	6.42415E-05	327.936002
7.7	2.29E-11	327.960515	0.1000001	6.34091E-05	327.960515
7.6	2.24E-11	327.985048	0.0999998	6.25767E-05	327.985048
7.5	2.23E-11	328.009592	0.1	6.17459E-05	328.009592
7.4	2.15E-11	328.034116	0.1000001	6.09164E-05	328.034116
7.3	2.15E-11	328.05871	0.1000001	6.00876E-05	328.05871
7.2	2.1E-11	328.083275	0.0999999	5.9261E-05	328.083275
7.1	2.04E-11	328.107874	0.0999999	5.84353E-05	328.107874
7	2.01E-11	328.132411	0.0999998	5.76103E-05	328.132411
6.9	1.92E-11	328.156919	0.0999998	5.67866E-05	328.156919
6.8	1.9E-11	328.181437	0.0999997	5.59649E-05	328.181437
6.7	1.89E-11	328.205977	0.1000002	5.51426E-05	328.205977
6.6	1.82E-11	328.23049	0.1000001	5.43228E-05	328.23049
6.5	1.87E-11	328.255	0.0999998	5.35038E-05	328.255
6.4	1.8E-11	328.27952	0.0999998	5.26859E-05	328.27952
6.3	2.42E-11	328.338938	0.0999997	5.18755E-05	328.338938
6.2	1.88E-11	328.3635	0.1	5.10582E-05	328.3635
6.1	1.79E-11	328.388016	0.0999999	5.02424E-05	328.388016
6	1.69E-11	328.412558	0.1000001	4.94282E-05	328.412558
5.9	1.64E-11	328.437107	0.1000001	4.86165E-05	328.437107
5.8	1.62E-11	328.46163	0.1	4.78042E-05	328.46163
5.7	1.57E-11	328.486138	0.1000002	4.69935E-05	328.486138
5.6	1.54E-11	328.510652	0.0999998	4.61843E-05	328.510652
5.5	1.44E-11	328.535194	0.0999999	4.53766E-05	328.535194
5.4	1.4E-11	328.559699	0.1000001	4.45696E-05	328.559699
5.3	1.37E-11	328.584216	0.0999999	4.37635E-05	328.584216
5.2	1.35E-11	328.608741	0.1000003	4.29584E-05	328.608741
5.1	1.31E-11	328.63327	0.0999999	4.21551E-05	328.63327
5	1.26E-11	328.657805	0.1000001	4.13523E-05	328.657805
4.9	1.16E-11	328.682319	0.1	4.05505E-05	328.682319
4.8	1.13E-11	328.706841	0.1	3.97502E-05	328.706841
4.7	1.09E-11	328.731389	0.1	3.895E-05	328.731389
4.6	1E-11	328.755891	0.0999998	3.81522E-05	328.755891
4.5	9.8E-12	328.780612	0.0999997	3.73545E-05	328.780612
4.4	1.78E-11	328.857198	0.1	3.65668E-05	328.857198
4.3	1.13E-11	328.881821	0.0999998	3.57702E-05	328.881821
4.2	1.02E-11	328.906334	0.0999999	3.49755E-05	328.906334
4.1	9.5E-12	328.93089	0.0999997	3.41828E-05	328.93089
4	9E-12	328.955449	0.0999998	3.33913E-05	328.955449
3.9	8.5E-12	328.980082	0.0999999	3.26E-05	328.980082
3.8	7.3E-12	329.004588	0.0999999	3.18099E-05	329.004588
3.7	6.4E-12	329.029112	0.1	3.10224E-05	329.029112
3.6	5.9E-12	329.053621	0.1	3.02354E-05	329.053621
3.5	5.3E-12	329.078135	0.1000002	2.94491E-05	329.078135
3.4	4.7E-12	329.102666	0.1	2.86641E-05	329.102666
3.3	3.9E-12	329.127277	0.0999998	2.78806E-05	329.127277
3.2	3.1E-12	329.151799	0.0999999	2.7098E-05	329.151799
3.1	2.7E-12	329.176342	0.1000001	2.6317E-05	329.176342
3	2.2E-12	329.200903	0.0999999	2.55369E-05	329.200903
2.9	1.2E-12	329.225413	0.1000001	2.47584E-05	329.225413
2.8	7E-13	329.249929	0.0999999	2.39816E-05	329.249929
2.7	0	329.274482	0.0999999	2.32056E-05	329.274482
2.6	-1.2E-12	329.299018	0.0999996	2.24308E-05	329.299018
2.5	4E-12	329.342986	0.1000001	2.16614E-05	329.342986
2.4	-1.8E-12	329.367501	0.1	2.08888E-05	329.367501
2.3	-2.7E-12	329.392024	0.1	2.01184E-05	329.392024
2.2	-3.8E-12	329.416563	0.0999999	1.93503E-05	329.416563
2.099999	-1.3E-12	329.443158	0.0999999	1.85903E-05	329.443158
2	-5.8E-12	329.467702	0.1	1.78259E-05	329.467702
1.9	-7.2E-12	329.492237	0.0999998	1.70642E-05	329.492237
1.8	-8E-12	329.516763	0.1	1.63042E-05	329.516763
1.7	-9.1E-12	329.541295	0.1	1.55472E-05	329.541295
1.6	-1.07E-11	329.565807	0.1	1.4793E-05	329.565807
1.5	-1.17E-11	329.590337	0.0999998	1.40418E-05	329.590337
1.4	-1.34E-11	329.614837	0.0999999	1.32947E-05	329.614837
1.3	-1.44E-11	329.639377	0.1	1.25522E-05	329.639377
1.2	-1.61E-11	329.663886	0.0999999	1.1814E-05	329.663886
1.1	-1.73E-11	329.688414	0.0999999	1.1082E-05	329.688414
1	-1.86E-11	329.712921	0.1000002	1.03568E-05	329.712921
0.9	-2.06E-11	329.737453	0.0999999	9.6388E-06	329.737453
0.8	-1.89E-11	329.764583	0.0999999	8.93664E-06	329.764583
0.7	-2.44E-11	329.789174	0.0999998	8.23717E-06	329.789174
0.6	-1.99E-11	329.843949	0.0999999	7.55428E-06	329.843949
0.5	-2.7E-11	329.868473	0.0999998	6.87494E-06	329.868473
0.4	-3E-11	329.893016	0.0999999	6.20933E-06	329.893016
0.3	-3.21E-11	329.917524	0.0999999	5.55745E-06	329.917524
0.1999999	-3.13E-11	329.944017	0.1	4.92379E-06	329.944017
0.0999996	-3.65E-11	329.968518	0.0999999	4.30699E-06	329.968518
-4E-07	-3.93E-11	329.993113	0.1000001	3.71259E-06	329.993113
