#scan	iMeasureCycle=1	iMux=0	time=0.02	N=401	LocalTime=19/04/2023 20:01:39
#VGate(V)	IGate(A)	time(s)	VDrain(V)	IDrain(A)	time(s)
-2E-07	-1.614E-10	0.022888	0.1	7.56767E-06	0.022888
-0.1000003	-2.206E-10	0.047739	0.0999998	6.85573E-06	0.047739
-0.2000004	-2.693E-10	0.072241	0.0999998	6.15989E-06	0.072241
-0.300001	-2.002E-10	0.096969	0.1	5.47983E-06	0.096969
-0.4	-1.171E-10	0.121471	0.0999999	4.82041E-06	0.121471
-0.5	-9.15E-11	0.145994	0.1	4.18525E-06	0.145994
-0.6	-7.92E-11	0.170501	0.0999998	3.57836E-06	0.170501
-0.7	-7.15E-11	0.195013	0.1	3.00498E-06	0.195013
-0.8	-6.68E-11	0.219517	0.0999999	2.47062E-06	0.219517
-0.9	-6.36E-11	0.244048	0.0999999	1.9809E-06	0.244048
-1	-6.16E-11	0.268638	0.1000001	1.54215E-06	0.268638
-1.1	-6.03E-11	0.293195	0.0999999	1.15879E-06	0.293195
-1.2	-5.54E-11	0.320446	0.0999993	8.35895E-07	0.320446
-1.3	-5.86E-11	0.345001	0.0999995	5.70771E-07	0.345001
-1.4	-5.8E-11	0.369539	0.0999996	3.65772E-07	0.369539
-1.5	-5.78E-11	0.39406	0.0999997	2.16823E-07	0.39406
-1.6	-5.76E-11	0.418562	0.0999996	1.1677E-07	0.418562
-1.699999	-5.11E-11	0.456247	0.099995	5.70417E-08	0.456247
-1.800001	-7.13E-11	0.479472	0.1000062	2.3782E-08	0.479472
-1.900001	-7.02E-11	0.502758	0.1000015	8.5665E-09	0.502758
-2.000001	-7.23E-11	0.525965	0.1000009	2.6214E-09	0.525965
-2.1	-4.92E-11	0.589989	0.0999998	7.202E-10	0.589989
-2.2	-6.96E-11	0.613481	0.1000003	1.442E-10	0.613481
-2.3	-7.13E-11	0.636698	0.1000004	1.84E-11	0.636698
-2.4	-7.03E-11	0.659985	0.1000003	-6E-12	0.659985
-2.5	-7.21E-11	0.683259	0.1000002	-9.1E-12	0.683259
-2.6	-7.28E-11	0.70648	0.1	-9.4E-12	0.70648
-2.7	-7.16E-11	0.729778	0.1000002	-9.5E-12	0.729778
-2.8	-7.24E-11	0.753075	0.1000001	-1E-11	0.753075
-2.9	-7.4E-11	0.776355	0.1000001	-9.7E-12	0.776355
-3	-7.46E-11	0.799579	0.1000002	-9.6E-12	0.799579
-3.1	-7.35E-11	0.822869	0.1	-9.9E-12	0.822869
-3.2	-7.41E-11	0.846159	0.1000001	-9.5E-12	0.846159
-3.3	-7.59E-11	0.869471	0.1000001	-9.5E-12	0.869471
-3.4	-7.65E-11	0.892684	0.1000001	-9.3E-12	0.892684
-3.5	-7.51E-11	0.915987	0.1000001	-9.3E-12	0.915987
-3.6	-7.65E-11	0.939259	0.1000001	-9.1E-12	0.939259
-3.7	-7.69E-11	0.962489	0.1	-9.1E-12	0.962489
-3.8	-7.74E-11	0.985732	0.1	-9.1E-12	0.985732
-3.9	-7.66E-11	1.009022	0.1000001	-9.2E-12	1.009022
-4	-7.63E-11	1.032314	0.1	-9.4E-12	1.032314
-4.1	-5.73E-11	1.086009	0.1	-1.07E-11	1.086009
-4.2	-7.68E-11	1.109228	0.1	-9E-12	1.109228
-4.3	-7.54E-11	1.13253	0.1000002	-9.3E-12	1.13253
-4.4	-7.79E-11	1.155755	0.1000001	-9E-12	1.155755
-4.5	-7.88E-11	1.179019	0.1000002	-9.4E-12	1.179019
-4.6	-7.76E-11	1.202305	0.1000002	-9.5E-12	1.202305
-4.7	-7.75E-11	1.225583	0.1000001	-9.2E-12	1.225583
-4.8	-7.97E-11	1.248807	0.1000001	-9.2E-12	1.248807
-4.9	-7.84E-11	1.272156	0.1000001	-9.5E-12	1.272156
-5	-7.85E-11	1.295431	0.1000001	-9.8E-12	1.295431
-5.1	-7.86E-11	1.318713	0.1000001	-9.3E-12	1.318713
-5.2	-8.07E-11	1.341931	0.1	-8.8E-12	1.341931
-5.3	-7.97E-11	1.365222	0.1	-9.7E-12	1.365222
-5.4	-7.96E-11	1.38851	0.1000001	-9.8E-12	1.38851
-5.5	-7.97E-11	1.411798	0.1000002	-9.5E-12	1.411798
-5.6	-8.11E-11	1.435029	0.1000001	-9.3E-12	1.435029
-5.7	-8.05E-11	1.458324	0.1	-9.2E-12	1.458324
-5.8	-8.05E-11	1.481632	0.1	-9.2E-12	1.481632
-5.9	-8.28E-11	1.504833	0.1	-8.7E-12	1.504833
-6	-8.13E-11	1.528126	0.1000001	-9.1E-12	1.528126
-6.1	-6.15E-11	1.587532	0.0999998	-1.06E-11	1.587532
-6.2	-8.11E-11	1.610811	0.1000001	-8.9E-12	1.610811
-6.3	-8.25E-11	1.634122	0.1000002	-9.2E-12	1.634122
-6.4	-8.07E-11	1.65742	0.1000002	-8.9E-12	1.65742
-6.5	-8.13E-11	1.680757	0.1000001	-8.8E-12	1.680757
-6.6	-8.35E-11	1.703982	0.1000002	-8.6E-12	1.703982
-6.7	-8.38E-11	1.727189	0.1000003	-8.8E-12	1.727189
-6.8	-8.2E-11	1.750485	0.1	-9E-12	1.750485
-6.9	-8.23E-11	1.773874	0.0999999	-9.3E-12	1.773874
-7	-8.43E-11	1.797098	0.1000001	-8.6E-12	1.797098
-7.1	-8.29E-11	1.82039	0.1	-9.3E-12	1.82039
-7.2	-8.24E-11	1.843791	0.1000001	-9.1E-12	1.843791
-7.3	-8.52E-11	1.867019	0.1000005	-8.8E-12	1.867019
-7.4	-8.53E-11	1.890234	0.1000001	-8.6E-12	1.890234
-7.5	-8.33E-11	1.913527	0.1	-8.8E-12	1.913527
-7.6	-8.36E-11	1.936886	0.1000001	-9E-12	1.936886
-7.7	-8.55E-11	1.960103	0.1	-8.8E-12	1.960103
-7.8	-8.58E-11	1.983333	0.1000001	-8.7E-12	1.983333
-7.9	-8.39E-11	2.006623	0.1000001	-8.7E-12	2.006623
-8	-8.46E-11	2.029906	0.1000002	-8.8E-12	2.029906
-8.1	-6.68E-11	2.08026	0.0999997	-1.06E-11	2.08026
-8.2	-8.53E-11	2.103486	0.1	-8.4E-12	2.103486
-8.3	-8.39E-11	2.126773	0.1000001	-8.7E-12	2.126773
-8.4	-8.4E-11	2.150073	0.1000003	-8.8E-12	2.150073
-8.5	-7.21E-11	2.174533	0.1	-1E-11	2.174533
-8.6	-8.48E-11	2.197839	0.1000003	-8.7E-12	2.197839
-8.7	-8.48E-11	2.221124	0.1000002	-9E-12	2.221124
-8.8	-8.68E-11	2.244335	0.1000001	-8.2E-12	2.244335
-8.9	-8.5E-11	2.267678	0.1000002	-8.8E-12	2.267678
-9	-8.43E-11	2.291007	0.1000001	-8.1E-12	2.291007
-9.1	-8.68E-11	2.314222	0.1	-8.2E-12	2.314222
-9.2	-8.72E-11	2.337439	0.1000001	-8.1E-12	2.337439
-9.3	-8.63E-11	2.360747	0.1	-8.6E-12	2.360747
-9.4	-8.64E-11	2.384022	0.1000002	-8.3E-12	2.384022
-9.5	-8.83E-11	2.407244	0.1000003	-8E-12	2.407244
-9.6	-8.84E-11	2.430455	0.1000001	-7.9E-12	2.430455
-9.7	-8.68E-11	2.453747	0.1000002	-8.2E-12	2.453747
-9.8	-8.65E-11	2.477057	0.1000002	-8.2E-12	2.477057
-9.9	-8.87E-11	2.50026	0.1000002	-8.4E-12	2.50026
-10	-8.66E-11	2.523552	0.1	-8.6E-12	2.523552
-9.90001	-4.73E-11	2.546845	0.0999996	-1.17E-11	2.546845
-9.80001	-6.08E-11	2.590409	0.1000001	-1.04E-11	2.590409
-9.70001	-3.98E-11	2.613685	0.0999997	-1.18E-11	2.613685
-9.60001	-3.79E-11	2.636895	0.0999997	-1.18E-11	2.636895
-9.50001	-3.79E-11	2.660197	0.0999998	-1.22E-11	2.660197
-9.40001	-3.57E-11	2.683475	0.0999998	-1.19E-11	2.683475
-9.30001	-3.39E-11	2.706701	0.0999996	-1.22E-11	2.706701
-9.20001	-3.45E-11	2.72999	0.0999998	-1.16E-11	2.72999
-9.10001	-3.32E-11	2.753283	0.0999996	-1.18E-11	2.753283
-9.00001	-3.05E-11	2.776604	0.0999997	-1.2E-11	2.776604
-8.90001	-3.02E-11	2.799821	0.0999998	-1.18E-11	2.799821
-8.80001	-3.1E-11	2.823114	0.0999998	-1.16E-11	2.823114
-8.70001	-3.09E-11	2.846403	0.0999998	-1.2E-11	2.846403
-8.60001	-2.81E-11	2.86978	0.0999997	-1.25E-11	2.86978
-8.50001	-2.76E-11	2.893001	0.0999997	-1.22E-11	2.893001
-8.40001	-2.91E-11	2.916294	0.0999996	-1.17E-11	2.916294
-8.30001	-2.66E-11	2.939578	0.0999999	-1.25E-11	2.939578
-8.20001	-2.61E-11	2.962808	0.0999997	-1.23E-11	2.962808
-8.10001	-2.66E-11	2.986115	0.0999996	-1.25E-11	2.986115
-8.00001	-2.79E-11	3.009445	0.0999996	-1.19E-11	3.009445
-7.90001	-2.47E-11	3.032661	0.0999997	-1.23E-11	3.032661
-7.80001	-4.55E-11	3.091869	0.1	-1.05E-11	3.091869
-7.70001	-2.52E-11	3.115096	0.0999995	-1.21E-11	3.115096
-7.6	-2.59E-11	3.138382	0.0999996	-1.21E-11	3.138382
-7.50001	-2.67E-11	3.161745	0.0999998	-1.21E-11	3.161745
-7.40001	-2.27E-11	3.185021	0.0999997	-1.24E-11	3.185021
-7.30001	-2.45E-11	3.208318	0.0999998	-1.23E-11	3.208318
-7.2	-2.36E-11	3.23161	0.0999996	-1.19E-11	3.23161
-7.10001	-2.18E-11	3.254836	0.0999998	-1.26E-11	3.254836
-7.00001	-2.13E-11	3.278105	0.0999998	-1.24E-11	3.278105
-6.90001	-2.24E-11	3.30139	0.0999996	-1.25E-11	3.30139
-6.80001	-2.17E-11	3.324668	0.0999997	-1.26E-11	3.324668
-6.70001	-2E-11	3.347876	0.0999997	-1.27E-11	3.347876
-6.60001	-2.15E-11	3.371174	0.0999998	-1.23E-11	3.371174
-6.50001	-2.07E-11	3.394451	0.0999997	-1.21E-11	3.394451
-6.40001	-2.09E-11	3.41775	0.0999996	-1.21E-11	3.41775
-6.30001	-1.8E-11	3.440966	0.0999997	-1.26E-11	3.440966
-6.20001	-1.77E-11	3.46419	0.0999996	-1.27E-11	3.46419
-6.10001	-1.91E-11	3.487494	0.0999997	-1.22E-11	3.487494
-6.00001	-1.86E-11	3.510774	0.0999997	-1.23E-11	3.510774
-5.90001	-1.66E-11	3.533975	0.0999997	-1.27E-11	3.533975
-5.80001	-3.71E-11	3.589018	0.0999999	-1.1E-11	3.589018
-5.70001	-1.71E-11	3.612281	0.0999996	-1.29E-11	3.612281
-5.60001	-1.77E-11	3.635575	0.0999997	-1.31E-11	3.635575
-5.50001	-1.74E-11	3.658861	0.0999999	-1.24E-11	3.658861
-5.40001	-1.57E-11	3.682139	0.0999999	-1.26E-11	3.682139
-5.30001	-1.54E-11	3.705363	0.0999996	-1.26E-11	3.705363
-5.20001	-1.62E-11	3.728651	0.0999997	-1.27E-11	3.728651
-5.1	-1.57E-11	3.751935	0.0999996	-1.24E-11	3.751935
-5.00001	-1.4E-11	3.775234	0.0999996	-1.29E-11	3.775234
-4.90001	-1.29E-11	3.79844	0.0999997	-1.26E-11	3.79844
-4.80001	-1.47E-11	3.821736	0.0999997	-1.26E-11	3.821736
-4.7	-1.37E-11	3.845029	0.0999997	-1.29E-11	3.845029
-4.60001	-1.12E-11	3.868245	0.0999997	-1.34E-11	3.868245
-4.50001	-1.1E-11	3.891456	0.0999999	-1.35E-11	3.891456
-4.40001	-1.23E-11	3.914751	0.0999998	-1.31E-11	3.914751
-4.3	-1.02E-11	3.938028	0.0999997	-1.32E-11	3.938028
-4.20001	-1.02E-11	3.961246	0.0999996	-1.32E-11	3.961246
-4.10001	-9.7E-12	3.984475	0.0999996	-1.35E-11	3.984475
-4.00001	-1.06E-11	4.007777	0.0999998	-1.34E-11	4.007777
-3.90001	-1.03E-11	4.031065	0.0999997	-1.33E-11	4.031065
-3.80001	-8.5E-12	4.054288	0.0999998	-1.35E-11	4.054288
-3.70001	-2.83E-11	4.095112	0.1000001	-1.16E-11	4.095112
-3.60001	-8.9E-12	4.118362	0.0999997	-1.39E-11	4.118362
-3.50001	-7E-12	4.141572	0.0999997	-1.34E-11	4.141572
-3.40001	-7E-12	4.164778	0.0999999	-1.34E-11	4.164778
-3.30001	-8.1E-12	4.188116	0.0999997	-1.33E-11	4.188116
-3.20001	-5.4E-12	4.211327	0.0999997	-1.39E-11	4.211327
-3.10001	-5.1E-12	4.234532	0.0999996	-1.39E-11	4.234532
-3.00001	-6E-12	4.257822	0.0999997	-1.35E-11	4.257822
-2.90001	-5.2E-12	4.281168	0.0999997	-1.37E-11	4.281168
-2.80001	-3E-12	4.30438	0.0999997	-1.35E-11	4.30438
-2.70001	-2.4E-12	4.327589	0.0999997	-1.38E-11	4.327589
-2.60001	-3.3E-12	4.350874	0.0999997	-1.34E-11	4.350874
-2.50001	-2.5E-12	4.374166	0.0999997	-1.21E-11	4.374166
-2.40001	0	4.397388	0.0999995	-2.6E-12	4.397388
-2.30001	8E-13	4.420602	0.0999997	5.34E-11	4.420602
-2.20001	0	4.443891	0.0999998	3.12E-10	4.443891
-2.099999	-1.47E-11	4.469078	0.1000007	1.3161E-09	4.469078
-2	3.1E-12	4.492309	0.100001	4.6189E-09	4.492309
-1.9	3.9E-12	4.515521	0.1000021	1.36641E-08	4.515521
-1.8	2.1E-12	4.538847	0.100005	3.45443E-08	4.538847
-1.700001	-1.64E-11	4.596111	0.1000069	7.42641E-08	4.596111
-1.600001	-1.59E-11	4.635752	0.1000001	1.45446E-07	4.635752
-1.5	-1E-11	4.660285	0.1000005	2.61174E-07	4.660285
-1.4	-8.6E-12	4.684916	0.1000007	4.25943E-07	4.684916
-1.3	-7.2E-12	4.709414	0.1000007	6.46076E-07	4.709414
-1.2	-5.3E-12	4.733923	0.100001	9.24802E-07	4.733923
-1.100001	-1.01E-11	4.768574	0.1	1.25629E-06	4.768574
-1	-4.3E-12	4.793104	0.1000001	1.65342E-06	4.793104
-0.9	-2.8E-12	4.81764	0.1	2.10142E-06	4.81764
-0.8	-1.1E-12	4.84215	0.1000002	2.59748E-06	4.84215
-0.700001	0	4.866717	0.1000001	3.13601E-06	4.866717
-0.6	1.6E-12	4.891305	0.0999999	3.71218E-06	4.891305
-0.500001	2.9E-12	4.915818	0.1	4.31964E-06	4.915818
-0.400001	4.8E-12	4.940424	0.1000002	4.95314E-06	4.940424
-0.3	6.5E-12	4.964946	0.1000001	5.61051E-06	4.964946
-0.1999998	4.2E-12	4.991375	0.1000002	6.28568E-06	4.991375
-0.0999997	9.1E-12	5.015918	0.0999999	6.97827E-06	5.015918
3E-07	1.13E-11	5.040398	0.0999998	7.68304E-06	5.040398
0.1000002	5.7E-12	5.104889	0.1000003	8.3887E-06	5.104889
0.2000002	1.24E-11	5.129386	0.1	9.11858E-06	5.129386
0.299999	1.53E-11	5.154102	0.1	9.85431E-06	5.154102
0.399999	1.21E-11	5.190777	0.1	1.05868E-05	5.190777
0.5	1.87E-11	5.215301	0.0999999	1.13398E-05	5.215301
0.6	2.14E-11	5.239794	0.1000002	1.20981E-05	5.239794
0.7	2.31E-11	5.264299	0.0999998	1.28621E-05	5.264299
0.799999	2.51E-11	5.288857	0.1	1.36321E-05	5.288857
0.899999	2.73E-11	5.313398	0.1000001	1.44071E-05	5.313398
0.999999	2.93E-11	5.337927	0.1000002	1.51863E-05	5.337927
1.1	3.11E-11	5.362481	0.0999999	1.59689E-05	5.362481
1.2	3.24E-11	5.38704	0.1000001	1.67544E-05	5.38704
1.3	3.4E-11	5.411574	0.1000002	1.7543E-05	5.411574
1.399999	3.58E-11	5.436084	0.1000002	1.83339E-05	5.436084
1.499999	3.71E-11	5.460588	0.0999999	1.91258E-05	5.460588
1.6	3.81E-11	5.485151	0.1000001	1.99199E-05	5.485151
1.699999	3.95E-11	5.509667	0.1000001	2.0715E-05	5.509667
1.8	4.04E-11	5.534172	0.0999998	2.15115E-05	5.534172
1.899999	4.02E-11	5.55881	0.1	2.23083E-05	5.55881
1.999999	3.53E-11	5.603814	0.1000001	2.30974E-05	5.603814
2.099999	4.08E-11	5.628366	0.1	2.39009E-05	5.628366
2.19999	4.2E-11	5.653079	0.1000001	2.46958E-05	5.653079
2.29999	4.27E-11	5.6776	0.1000002	2.54976E-05	5.6776
2.39999	4.33E-11	5.702182	0.1000001	2.63004E-05	5.702182
2.49999	4.43E-11	5.726707	0.1000002	2.71042E-05	5.726707
2.59999	4.42E-11	5.751239	0.1	2.79074E-05	5.751239
2.69999	4.45E-11	5.775941	0.1000001	2.8712E-05	5.775941
2.79999	4.56E-11	5.800464	0.1000001	2.95174E-05	5.800464
2.89999	4.59E-11	5.824972	0.1	3.03239E-05	5.824972
2.99999	4.65E-11	5.84948	0.1000001	3.11306E-05	5.84948
3.09999	4.64E-11	5.87399	0.0999998	3.19381E-05	5.87399
3.19999	4.66E-11	5.8985	0.0999997	3.27462E-05	5.8985
3.29999	4.68E-11	5.923063	0.1000001	3.35559E-05	5.923063
3.39999	4.75E-11	5.947718	0.1	3.43654E-05	5.947718
3.49999	4.78E-11	5.972223	0.1000001	3.51762E-05	5.972223
3.59999	4.78E-11	5.996764	0.1	3.59874E-05	5.996764
3.69999	4.82E-11	6.021275	0.1	3.67992E-05	6.021275
3.79999	4.82E-11	6.045802	0.1	3.76115E-05	6.045802
3.89999	4.24E-11	6.098276	0.0999999	3.84158E-05	6.098276
3.99999	4.68E-11	6.122794	0.1000001	3.92338E-05	6.122794
4.09999	4.81E-11	6.147305	0.1	4.0051E-05	6.147305
4.19999	4.88E-11	6.171804	0.1000002	4.08674E-05	6.171804
4.29999	4.89E-11	6.196363	0.1000003	4.16851E-05	6.196363
4.39999	4.93E-11	6.220885	0.1	4.25034E-05	6.220885
4.49999	4.97E-11	6.245388	0.1	4.33229E-05	6.245388
4.59999	4.98E-11	6.269911	0.1000002	4.41423E-05	6.269911
4.69999	5E-11	6.294503	0.1000002	4.49624E-05	6.294503
4.79999	5.05E-11	6.319032	0.1	4.57837E-05	6.319032
4.89999	5.11E-11	6.343529	0.0999999	4.66064E-05	6.343529
4.99999	5.13E-11	6.368041	0.1	4.74292E-05	6.368041
5.09999	5.09E-11	6.392592	0.1	4.82529E-05	6.392592
5.19999	5.11E-11	6.417136	0.1000001	4.90785E-05	6.417136
5.29999	5.13E-11	6.441669	0.1000001	4.99045E-05	6.441669
5.39999	5.09E-11	6.466257	0.0999999	5.07312E-05	6.466257
5.49999	5.12E-11	6.490817	0.0999999	5.15597E-05	6.490817
5.59999	5.17E-11	6.51533	0.1	5.23891E-05	6.51533
5.69999	5.19E-11	6.53983	0.1000003	5.32193E-05	6.53983
5.79999	4.42E-11	6.601654	0.1	5.40362E-05	6.601654
5.89999	4.97E-11	6.626271	0.1	5.48727E-05	6.626271
5.99999	5.09E-11	6.650807	0.1	5.57082E-05	6.650807
6.09999	5.14E-11	6.675338	0.1000002	5.65434E-05	6.675338
6.19999	5.2E-11	6.699928	0.1000002	5.73782E-05	6.699928
6.29999	5.21E-11	6.724447	0.1000001	5.82157E-05	6.724447
6.39999	5.22E-11	6.748954	0.1000002	5.9053E-05	6.748954
6.49999	5.18E-11	6.773535	0.0999999	5.989E-05	6.773535
6.59999	5.24E-11	6.798124	0.1	6.07292E-05	6.798124
6.69999	5.27E-11	6.822647	0.0999999	6.15696E-05	6.822647
6.79999	5.32E-11	6.847165	0.1	6.24116E-05	6.847165
6.89999	5.3E-11	6.871742	0.1000003	6.32538E-05	6.871742
6.99999	5.38E-11	6.896256	0.1000003	6.40963E-05	6.896256
7.09999	5.39E-11	6.920769	0.1000002	6.49413E-05	6.920769
7.19999	5.37E-11	6.945373	0.1000002	6.57868E-05	6.945373
7.29999	5.4E-11	6.96991	0.0999999	6.6633E-05	6.96991
7.39999	5.4E-11	6.994458	0.0999999	6.74798E-05	6.994458
7.49999	5.44E-11	7.018995	0.1000002	6.83295E-05	7.018995
7.59999	5.45E-11	7.043549	0.1000001	6.91787E-05	7.043549
7.69999	4.79E-11	7.105265	0.1000002	7.00183E-05	7.105265
7.79999	5.32E-11	7.129821	0.1000001	7.08734E-05	7.129821
7.89999	5.36E-11	7.154339	0.1000001	7.17278E-05	7.154339
7.99999	5.38E-11	7.178901	0.1	7.25814E-05	7.178901
8.09999	5.39E-11	7.203489	0.1000001	7.34362E-05	7.203489
8.19999	5.46E-11	7.228006	0.1000001	7.42927E-05	7.228006
8.29999	5.44E-11	7.252514	0.0999999	7.51502E-05	7.252514
8.39999	5.51E-11	7.277028	0.1000001	7.60086E-05	7.277028
8.49999	5.51E-11	7.301542	0.1	7.68673E-05	7.301542
8.59999	5.53E-11	7.326061	0.1000003	7.77279E-05	7.326061
8.69999	5.56E-11	7.350568	0.0999999	7.85904E-05	7.350568
8.79999	5.59E-11	7.375123	0.1	7.94519E-05	7.375123
8.89999	5.61E-11	7.399637	0.0999999	8.03156E-05	7.399637
8.99999	5.66E-11	7.424214	0.1	8.11795E-05	7.424214
9.09999	5.57E-11	7.44894	0.1	8.20445E-05	7.44894
9.19999	5.67E-11	7.473459	0.1	8.29111E-05	7.473459
9.29999	5.66E-11	7.498088	0.1	8.37759E-05	7.498088
9.39999	5.65E-11	7.522598	0.1000003	8.46477E-05	7.522598
9.49999	5.67E-11	7.547125	0.0999999	8.55195E-05	7.547125
9.59999	4.98E-11	7.606344	0.1000001	8.63859E-05	7.606344
9.69999	5.54E-11	7.630902	0.1	8.72617E-05	7.630902
9.79999	5.55E-11	7.655419	0.1000001	8.81377E-05	7.655419
9.89999	5.63E-11	7.679983	0.0999998	8.90131E-05	7.679983
9.99999	5.61E-11	7.704576	0.0999999	8.98899E-05	7.704576
9.9	4.29E-11	7.729096	0.0999999	8.89992E-05	7.729096
9.8	3.99E-11	7.753633	0.1000002	8.81134E-05	7.753633
9.7	3.72E-11	7.77818	0.0999998	8.72299E-05	7.77818
9.6	3.53E-11	7.802719	0.0999999	8.63494E-05	7.802719
9.5	3.44E-11	7.827259	0.1000001	8.547E-05	7.827259
9.4	3.29E-11	7.851801	0.0999996	8.45919E-05	7.851801
9.3	3.21E-11	7.876356	0.0999997	8.37172E-05	7.876356
9.2	3.11E-11	7.90087	0.0999998	8.28416E-05	7.90087
9.1	3.02E-11	7.925385	0.0999998	8.19678E-05	7.925385
9	3E-11	7.949953	0.0999999	8.10949E-05	7.949953
8.9	2.9E-11	7.974461	0.0999998	8.02286E-05	7.974461
8.8	2.81E-11	7.998996	0.1000001	7.93565E-05	7.998996
8.7	2.75E-11	8.023557	0.1	7.84857E-05	8.023557
8.6	2.68E-11	8.048068	0.1000001	7.76145E-05	8.048068
8.5	3.29E-11	8.107947	0.0999998	7.67504E-05	8.107947
8.4	2.7E-11	8.132472	0.0999996	7.58819E-05	8.132472
8.3	2.6E-11	8.156975	0.1000001	7.50151E-05	8.156975
8.2	2.52E-11	8.181501	0.0999998	7.41509E-05	8.181501
8.1	2.44E-11	8.206063	0.0999998	7.32865E-05	8.206063
8	2.44E-11	8.230603	0.1	7.24245E-05	8.230603
7.9	2.37E-11	8.255144	0.1000001	7.1563E-05	8.255144
7.8	2.31E-11	8.279687	0.0999998	7.07019E-05	8.279687
7.7	2.28E-11	8.304205	0.0999998	6.98432E-05	8.304205
7.6	2.22E-11	8.328708	0.1000001	6.89857E-05	8.328708
7.5	2.19E-11	8.353282	0.0999999	6.81282E-05	8.353282
7.4	2.09E-11	8.377814	0.1000001	6.72717E-05	8.377814
7.3	2.11E-11	8.402348	0.0999998	6.64176E-05	8.402348
7.2	2.09E-11	8.426898	0.0999998	6.55641E-05	8.426898
7.1	1.98E-11	8.451417	0.0999998	6.47108E-05	8.451417
7	1.93E-11	8.475923	0.0999998	6.38582E-05	8.475923
6.9	1.89E-11	8.500458	0.0999998	6.30072E-05	8.500458
6.8	1.87E-11	8.52497	0.0999996	6.21579E-05	8.52497
6.7	1.87E-11	8.549521	0.0999997	6.1308E-05	8.549521
6.6	2.42E-11	8.609496	0.1000001	6.04656E-05	8.609496
6.5	1.92E-11	8.63407	0.0999998	5.9618E-05	8.63407
6.4	1.86E-11	8.658583	0.0999998	5.8772E-05	8.658583
6.3	1.77E-11	8.683102	0.0999999	5.79272E-05	8.683102
6.2	1.71E-11	8.707681	0.1	5.70827E-05	8.707681
6.1	1.69E-11	8.732198	0.1	5.62378E-05	8.732198
6	1.62E-11	8.756701	0.1000001	5.5396E-05	8.756701
5.9	1.62E-11	8.781183	0.1	5.45546E-05	8.781183
5.8	1.56E-11	8.805724	0.0999998	5.37143E-05	8.805724
5.7	1.44E-11	8.830235	0.0999998	5.28743E-05	8.830235
5.6	1.49E-11	8.85474	0.1	5.20358E-05	8.85474
5.5	1.44E-11	8.87938	0.0999998	5.11979E-05	8.87938
5.4	1.45E-11	8.903894	0.0999999	5.03608E-05	8.903894
5.3	1.38E-11	8.928438	0.1000001	4.95253E-05	8.928438
5.2	1.33E-11	8.953012	0.0999997	4.86909E-05	8.953012
5.1	1.27E-11	8.977512	0.1000002	4.78565E-05	8.977512
5	1.25E-11	9.002091	0.0999997	4.70233E-05	9.002091
4.9	1.17E-11	9.026611	0.0999998	4.61914E-05	9.026611
4.8	1.15E-11	9.051174	0.1	4.53602E-05	9.051174
4.7	1.81E-11	9.110429	0.0999998	4.45357E-05	9.110429
4.6	1.27E-11	9.134965	0.1	4.37054E-05	9.134965
4.5	1.14E-11	9.159481	0.1	4.28765E-05	9.159481
4.4	1.04E-11	9.184009	0.0999997	4.20484E-05	9.184009
4.3	1E-11	9.2086	0.1	4.12219E-05	9.2086
4.2	9.6E-12	9.233132	0.1	4.03955E-05	9.233132
4.1	9E-12	9.257632	0.1000001	3.95704E-05	9.257632
4	8.6E-12	9.28224	0.1	3.87464E-05	9.28224
3.9	7.4E-12	9.306749	0.0999998	3.79235E-05	9.306749
3.8	7.4E-12	9.331359	0.0999998	3.71012E-05	9.331359
3.7	6.5E-12	9.355898	0.0999999	3.62796E-05	9.355898
3.6	6E-12	9.380497	0.0999998	3.54604E-05	9.380497
3.5	5.2E-12	9.405038	0.0999999	3.46401E-05	9.405038
3.4	4.7E-12	9.429582	0.1000001	3.38221E-05	9.429582
3.3	4E-12	9.454144	0.1	3.30045E-05	9.454144
3.2	3E-12	9.478637	0.0999999	3.2188E-05	9.478637
3.1	2.5E-12	9.503191	0.0999999	3.13729E-05	9.503191
3	1.8E-12	9.527731	0.1	3.0558E-05	9.527731
2.9	1.2E-12	9.552274	0.0999999	2.97442E-05	9.552274
2.8	7E-12	9.612118	0.1000001	2.8938E-05	9.612118
2.7	1.6E-12	9.636725	0.0999999	2.81263E-05	9.636725
2.6	0	9.66124	0.0999999	2.73148E-05	9.66124
2.5	-8E-13	9.685769	0.0999998	2.65051E-05	9.685769
2.4	-2E-12	9.710336	0.1	2.56973E-05	9.710336
2.3	-3E-12	9.734878	0.0999999	2.48899E-05	9.734878
2.2	-4E-12	9.759391	0.0999999	2.40839E-05	9.759391
2.099999	-1.1E-12	9.785858	0.0999998	2.32873E-05	9.785858
2	-5.2E-12	9.810365	0.0999999	2.24842E-05	9.810365
1.9	-6.8E-12	9.834894	0.1000001	2.16834E-05	9.834894
1.8	-8E-12	9.859406	0.1	2.08836E-05	9.859406
1.7	-9.2E-12	9.883909	0.0999999	2.00863E-05	9.883909
1.6	-1.02E-11	9.908439	0.1000001	1.92913E-05	9.908439
1.5	-1.16E-11	9.932976	0.0999998	1.84981E-05	9.932976
1.4	-1.26E-11	9.957538	0.1	1.77076E-05	9.957538
1.3	-1.44E-11	9.982048	0.0999999	1.69207E-05	9.982048
1.2	-1.58E-11	10.006583	0.1	1.61361E-05	10.006583
1.1	-1.72E-11	10.031106	0.1	1.53561E-05	10.031106
1	-1.86E-11	10.055664	0.0999999	1.45799E-05	10.055664
0.9	-1.44E-11	10.10907	0.1000002	1.3814E-05	10.10907
0.8	-2.1E-11	10.133581	0.1	1.30481E-05	10.133581
0.7	-2.32E-11	10.158121	0.1000001	1.22891E-05	10.158121
0.6	-2.59E-11	10.182622	0.0999999	1.15375E-05	10.182622
0.5	-2.76E-11	10.207193	0.0999999	1.07948E-05	10.207193
0.4	-3.02E-11	10.231697	0.1	1.00603E-05	10.231697
0.3	-3.2E-11	10.256231	0.1000001	9.3339E-06	10.256231
0.1999999	-3E-11	10.285581	0.0999999	8.62366E-06	10.285581
0.0999998	-3.62E-11	10.310123	0.1	7.91481E-06	10.310123
-5E-07	-3.9E-11	10.334616	0.0999999	7.21675E-06	10.334616
#scan	iMeasureCycle=2	iMux=0	time=279.73	N=401	LocalTime=19/04/2023 20:06:18
#VGate(V)	IGate(A)	time(s)	VDrain(V)	IDrain(A)	time(s)
-2E-07	-1.7E-11	279.737691	0.1000001	7.38452E-06	279.737691
-0.1000002	-2.5E-11	279.762652	0.1	6.68147E-06	279.762652
-0.1999999	-2.65E-11	279.788516	0.0999998	5.99564E-06	279.788516
-0.3	-3.26E-11	279.813277	0.1	5.32557E-06	279.813277
-0.4	-3.55E-11	279.837813	0.0999998	4.67719E-06	279.837813
-0.5	-3.83E-11	279.862327	0.1	4.05381E-06	279.862327
-0.6	-4E-11	279.886902	0.1	3.45913E-06	279.886902
-0.7	-4.22E-11	279.911428	0.0999999	2.89819E-06	279.911428
-0.8	-4.38E-11	279.935997	0.0999999	2.37662E-06	279.935997
-0.9	-4.51E-11	279.960529	0.1	1.90025E-06	279.960529
-1	-4.65E-11	279.985036	0.0999998	1.47373E-06	279.985036
-1.1	-4.77E-11	280.009563	0.0999998	1.1021E-06	280.009563
-1.2	-4.51E-11	280.036861	0.0999997	7.90087E-07	280.036861
-1.3	-4.99E-11	280.06137	0.0999994	5.35395E-07	280.06137
-1.4	-5.12E-11	280.085871	0.0999995	3.39862E-07	280.085871
-1.5	-5.2E-11	280.110394	0.0999996	1.98921E-07	280.110394
-1.6	-5.26E-11	280.134904	0.0999998	1.05498E-07	280.134904
-1.699999	-4.7E-11	280.172582	0.0999956	5.05804E-08	280.172582
-1.800001	-6.79E-11	280.195788	0.1000049	2.06237E-08	280.195788
-1.900001	-6.74E-11	280.219068	0.1000018	7.2393E-09	280.219068
-2.000001	-7E-11	280.24237	0.1000007	2.1515E-09	280.24237
-2.1	-4.81E-11	280.305733	0.0999999	5.722E-10	280.305733
-2.2	-6.82E-11	280.329153	0.1000004	1.09E-10	280.329153
-2.3	-6.77E-11	280.352457	0.1000003	1.13E-11	280.352457
-2.4	-7.03E-11	280.375666	0.1	-6.3E-12	280.375666
-2.5	-7.11E-11	280.398929	0.1	-8.8E-12	280.398929
-2.6	-7.15E-11	280.422144	0.1000002	-8.9E-12	280.422144
-2.7	-7.06E-11	280.445452	0.1000003	-9.2E-12	280.445452
-2.8	-7.09E-11	280.468732	0.1000001	-9.3E-12	280.468732
-2.9	-7.33E-11	280.491943	0.1000003	-8.6E-12	280.491943
-3	-7.39E-11	280.515156	0.1000002	-8.8E-12	280.515156
-3.1	-7.24E-11	280.538454	0.1	-8.9E-12	280.538454
-3.2	-7.49E-11	280.561726	0.1000002	-8.9E-12	280.561726
-3.3	-7.51E-11	280.584936	0.1	-9E-12	280.584936
-3.4	-7.54E-11	280.608163	0.1	-9.4E-12	280.608163
-3.5	-7.42E-11	280.631441	0.1000002	-9E-12	280.631441
-3.6	-7.46E-11	280.654728	0.1	-8.9E-12	280.654728
-3.7	-7.58E-11	280.677962	0.1000001	-8.7E-12	280.677962
-3.8	-7.53E-11	280.701247	0.1000001	-9E-12	280.701247
-3.9	-7.58E-11	280.724534	0.1	-9.2E-12	280.724534
-4	-7.71E-11	280.747825	0.1000002	-8.9E-12	280.747825
-4.1	-5.68E-11	280.80166	0.1000002	-1.07E-11	280.80166
-4.2	-7.43E-11	280.824979	0.1000002	-9.1E-12	280.824979
-4.3	-7.71E-11	280.848196	0.1000001	-9E-12	280.848196
-4.4	-7.73E-11	280.871412	0.1	-8.7E-12	280.871412
-4.5	-7.58E-11	280.894829	0.1000002	-8.6E-12	280.894829
-4.6	-7.85E-11	280.918032	0.1000001	-8.6E-12	280.918032
-4.7	-7.88E-11	280.941274	0.0999999	-8.6E-12	280.941274
-4.8	-7.75E-11	280.964574	0.1	-8.7E-12	280.964574
-4.9	-7.84E-11	280.987863	0.1000002	-8.8E-12	280.987863
-5	-8.01E-11	281.011075	0.1	-8.5E-12	281.011075
-5.1	-7.99E-11	281.034291	0.1000001	-7.9E-12	281.034291
-5.2	-7.86E-11	281.057575	0.1000002	-8.6E-12	281.057575
-5.3	-7.92E-11	281.080854	0.1000001	-8.7E-12	281.080854
-5.4	-8.07E-11	281.104072	0.1000001	-8.3E-12	281.104072
-5.5	-8.1E-11	281.127288	0.1000002	-8.3E-12	281.127288
-5.6	-7.98E-11	281.150579	0.1	-8.4E-12	281.150579
-5.7	-7.98E-11	281.173856	0.1	-8.6E-12	281.173856
-5.8	-8E-11	281.197123	0.1000001	-8.5E-12	281.197123
-5.9	-8.18E-11	281.220344	0.1000002	-8.1E-12	281.220344
-6	-8.24E-11	281.243663	0.1000003	-8E-12	281.243663
-6.1	-6.08E-11	281.30317	0.0999998	-9.9E-12	281.30317
-6.2	-8.07E-11	281.326413	0.1000001	-8.6E-12	281.326413
-6.3	-7.94E-11	281.349728	0.1000002	-8.5E-12	281.349728
-6.4	-8.03E-11	281.373007	0.0999999	-8.4E-12	281.373007
-6.5	-8.06E-11	281.396356	0.1000001	-8.7E-12	281.396356
-6.6	-8.25E-11	281.419575	0.1000004	-8.4E-12	281.419575
-6.7	-8.24E-11	281.442809	0.1000001	-8E-12	281.442809
-6.8	-8.13E-11	281.466101	0.1000001	-8.6E-12	281.466101
-6.9	-8.16E-11	281.48938	0.1	-8.3E-12	281.48938
-7	-8.27E-11	281.512644	0.1000002	-8.2E-12	281.512644
-7.1	-8.28E-11	281.535935	0.1	-7.9E-12	281.535935
-7.2	-8.35E-11	281.55918	0.1000002	-7.6E-12	281.55918
-7.3	-8.42E-11	281.582422	0.1000002	-7.8E-12	281.582422
-7.4	-8.48E-11	281.605652	0.1	-8.3E-12	281.605652
-7.5	-8.31E-11	281.628949	0.1000002	-8.4E-12	281.628949
-7.6	-8.3E-11	281.652236	0.1	-8.3E-12	281.652236
-7.7	-8.47E-11	281.675449	0.1000002	-7.7E-12	281.675449
-7.8	-8.34E-11	281.698741	0.1000001	-8.2E-12	281.698741
-7.9	-8.47E-11	281.722024	0.1000002	-8.9E-12	281.722024
-8	-8.39E-11	281.745387	0.1	-8.5E-12	281.745387
-8.1	-6.46E-11	281.804411	0.0999997	-1E-11	281.804411
-8.2	-8.36E-11	281.827661	0.1000001	-8.4E-12	281.827661
-8.3	-8.52E-11	281.850883	0.1000002	-8.1E-12	281.850883
-8.4	-8.57E-11	281.874099	0.1	-8.1E-12	281.874099
-8.5	-8.38E-11	281.897447	0.1000001	-8.5E-12	281.897447
-8.6	-8.51E-11	281.920671	0.1000001	-8.3E-12	281.920671
-8.7	-8.59E-11	281.943912	0.1000004	-8.4E-12	281.943912
-8.8	-8.67E-11	281.967139	0.1000001	-7.9E-12	281.967139
-8.9	-8.48E-11	281.990432	0.1000002	-8.5E-12	281.990432
-9	-8.67E-11	282.013651	0.1	-7.8E-12	282.013651
-9.1	-8.63E-11	282.036875	0.1000002	-8.1E-12	282.036875
-9.2	-8.73E-11	282.06009	0.1000002	-8.3E-12	282.06009
-9.3	-8.56E-11	282.083376	0.1	-8.4E-12	282.083376
-9.4	-8.57E-11	282.106659	0.1	-8.6E-12	282.106659
-9.5	-8.78E-11	282.129879	0.1	-7.5E-12	282.129879
-9.6	-8.76E-11	282.153126	0.1000002	-7.9E-12	282.153126
-9.7	-8.65E-11	282.176405	0.1	-8.1E-12	282.176405
-9.8	-8.81E-11	282.199615	0.1000001	-7.8E-12	282.199615
-9.9	-8.86E-11	282.222836	0.1000002	-8.2E-12	282.222836
-10	-8.83E-11	282.246137	0.1000001	-7.9E-12	282.246137
-9.90001	-6.29E-11	282.305922	0.0999998	-9.9E-12	282.305922
-9.80001	-4.11E-11	282.329155	0.0999997	-1.16E-11	282.329155
-9.70001	-3.83E-11	282.35238	0.0999997	-1.16E-11	282.35238
-9.60001	-3.91E-11	282.375682	0.0999997	-1.12E-11	282.375682
-9.50001	-3.56E-11	282.398946	0.0999997	-1.14E-11	282.398946
-9.40001	-3.53E-11	282.42221	0.0999997	-1.15E-11	282.42221
-9.30001	-3.52E-11	282.445525	0.0999998	-1.12E-11	282.445525
-9.20001	-3.41E-11	282.468794	0.0999997	-1.1E-11	282.468794
-9.10001	-3.16E-11	282.492006	0.0999996	-1.15E-11	282.492006
-9.00001	-3.04E-11	282.515217	0.0999997	-1.16E-11	282.515217
-8.90001	-3.21E-11	282.538519	0.0999997	-1.16E-11	282.538519
-8.80001	-3.02E-11	282.561762	0.0999997	-1.2E-11	282.561762
-8.70001	-2.9E-11	282.585	0.0999995	-1.19E-11	282.585
-8.60001	-2.81E-11	282.608219	0.0999998	-1.19E-11	282.608219
-8.50001	-2.94E-11	282.631503	0.0999997	-1.14E-11	282.631503
-8.40001	-2.85E-11	282.65478	0.0999999	-1.18E-11	282.65478
-8.30001	-2.7E-11	282.677983	0.0999997	-1.22E-11	282.677983
-8.20001	-2.59E-11	282.701196	0.0999996	-1.18E-11	282.701196
-8.10001	-2.8E-11	282.724537	0.0999997	-1.17E-11	282.724537
-8	-2.5E-11	282.747831	0.0999997	-1.17E-11	282.747831
-7.90001	-4.5E-11	282.80703	0.0999999	-1.01E-11	282.80703
-7.80001	-2.56E-11	282.830276	0.0999997	-1.17E-11	282.830276
-7.70001	-2.53E-11	282.853522	0.0999996	-1.19E-11	282.853522
-7.6	-2.6E-11	282.876811	0.0999998	-1.15E-11	282.876811
-7.50001	-2.57E-11	282.900157	0.0999997	-1.19E-11	282.900157
-7.40001	-2.28E-11	282.923374	0.0999997	-1.2E-11	282.923374
-7.30001	-2.26E-11	282.946606	0.0999997	-1.2E-11	282.946606
-7.2	-2.38E-11	282.9699	0.0999998	-1.18E-11	282.9699
-7.10001	-2.33E-11	282.993193	0.0999998	-1.18E-11	282.993193
-7.00001	-2.12E-11	283.016498	0.0999999	-1.19E-11	283.016498
-6.90001	-2.29E-11	283.039799	0.1	-1.17E-11	283.039799
-6.80001	-2.23E-11	283.063083	0.0999998	-1.19E-11	283.063083
-6.70001	-2.03E-11	283.086306	0.0999998	-1.23E-11	283.086306
-6.60001	-1.97E-11	283.109519	0.0999999	-1.25E-11	283.109519
-6.50001	-2.1E-11	283.132828	0.0999998	-1.22E-11	283.132828
-6.40001	-2.08E-11	283.156108	0.0999997	-1.24E-11	283.156108
-6.30001	-1.89E-11	283.179316	0.0999996	-1.2E-11	283.179316
-6.20001	-1.89E-11	283.202547	0.0999999	-1.23E-11	283.202547
-6.10001	-1.93E-11	283.22584	0.0999998	-1.22E-11	283.22584
-6.00001	-1.72E-11	283.249143	0.0999997	-1.26E-11	283.249143
-5.90001	-3.75E-11	283.304094	0.0999999	-1.03E-11	283.304094
-5.80001	-1.95E-11	283.327405	0.0999999	-1.23E-11	283.327405
-5.70001	-1.75E-11	283.350645	0.0999997	-1.28E-11	283.350645
-5.60001	-1.62E-11	283.373864	0.0999998	-1.3E-11	283.373864
-5.50001	-1.73E-11	283.397205	0.0999999	-1.23E-11	283.397205
-5.40001	-1.49E-11	283.420415	0.0999997	-1.26E-11	283.420415
-5.30001	-1.51E-11	283.443645	0.0999998	-1.3E-11	283.443645
-5.20001	-1.45E-11	283.466848	0.0999997	-1.29E-11	283.466848
-5.1	-1.5E-11	283.490139	0.0999997	-1.27E-11	283.490139
-5.00001	-1.52E-11	283.513422	0.0999997	-1.24E-11	283.513422
-4.90001	-1.37E-11	283.536646	0.0999998	-1.28E-11	283.536646
-4.80001	-1.23E-11	283.559866	0.0999997	-1.28E-11	283.559866
-4.7	-1.41E-11	283.583217	0.0999995	-1.27E-11	283.583217
-4.60001	-1.36E-11	283.606507	0.0999998	-1.29E-11	283.606507
-4.50001	-1.16E-11	283.629722	0.0999996	-1.31E-11	283.629722
-4.40001	-1.25E-11	283.653007	0.0999998	-1.26E-11	283.653007
-4.3	-1.23E-11	283.676294	0.0999996	-1.31E-11	283.676294
-4.20001	-1.03E-11	283.699485	0.0999998	-1.36E-11	283.699485
-4.10001	-9.7E-12	283.722706	0.0999997	-1.29E-11	283.722706
-4.00001	-9E-12	283.745998	0.0999998	-1.33E-11	283.745998
-3.90001	-1.01E-11	283.769348	0.0999996	-1.32E-11	283.769348
-3.80001	-2.89E-11	283.810077	0.1	-1.17E-11	283.810077
-3.70001	-1.06E-11	283.833385	0.0999997	-1.35E-11	283.833385
-3.60001	-1.03E-11	283.85668	0.0999997	-1.33E-11	283.85668
-3.50001	-9.1E-12	283.879961	0.0999997	-1.3E-11	283.879961
-3.40001	-6.1E-12	283.903217	0.0999997	-1.31E-11	283.903217
-3.30001	-7.4E-12	283.926593	0.0999997	-1.37E-11	283.926593
-3.20001	-5.4E-12	283.949844	0.0999996	-1.38E-11	283.949844
-3.10001	-4.4E-12	283.97306	0.0999997	-1.34E-11	283.97306
-3.00001	-6.8E-12	283.996386	0.0999998	-1.33E-11	283.996386
-2.90001	-4.9E-12	284.019656	0.0999998	-1.34E-11	284.019656
-2.80001	-3E-12	284.042883	0.0999998	-1.38E-11	284.042883
-2.70001	-2E-12	284.066094	0.0999997	-1.35E-11	284.066094
-2.60001	-3.4E-12	284.089383	0.0999995	-1.35E-11	284.089383
-2.50001	-2.8E-12	284.112655	0.0999997	-1.27E-11	284.112655
-2.40001	-8E-13	284.135871	0.0999997	-5.3E-12	284.135871
-2.30001	1E-12	284.159088	0.0999996	3.93E-11	284.159088
-2.20001	-5E-13	284.182378	0.0999999	2.472E-10	284.182378
-2.099999	-1.49E-11	284.207544	0.1000003	1.0701E-09	284.207544
-2	2.9E-12	284.230776	0.1000007	3.868E-09	284.230776
-1.9	4.1E-12	284.254076	0.1000025	1.17022E-08	284.254076
-1.800001	-1.75E-11	284.311572	0.1000034	2.92892E-08	284.311572
-1.699999	3E-12	284.334825	0.1000004	6.76054E-08	284.334825
-1.600001	-1.59E-11	284.374321	0.1	1.32434E-07	284.374321
-1.5	-1.02E-11	284.400137	0.1000003	2.40859E-07	284.400137
-1.400001	-8.8E-12	284.424638	0.1000006	3.97297E-07	284.424638
-1.3	-7.7E-12	284.449185	0.1000007	6.08223E-07	284.449185
-1.2	-6E-12	284.47369	0.100001	8.76476E-07	284.47369
-1.100001	-9.8E-12	284.508215	0.1	1.19698E-06	284.508215
-1	-4.3E-12	284.532718	0.1000001	1.58237E-06	284.532718
-0.900001	-3.2E-12	284.557274	0.1	2.01836E-06	284.557274
-0.8	-1.4E-12	284.581824	0.1000002	2.50133E-06	284.581824
-0.700001	1E-13	284.606343	0.1000004	3.02743E-06	284.606343
-0.6	1.4E-12	284.630853	0.1000001	3.59053E-06	284.630853
-0.500001	2.9E-12	284.655412	0.0999999	4.18611E-06	284.655412
-0.4	4.7E-12	284.679936	0.1000001	4.80875E-06	284.679936
-0.3	5.9E-12	284.704461	0.0999998	5.45471E-06	284.704461
-0.1999999	4.6E-12	284.730862	0.0999999	6.12E-06	284.730862
-0.1	9.2E-12	284.755444	0.1000001	6.80263E-06	284.755444
0	3.9E-12	284.819885	0.1000002	7.48745E-06	284.819885
0.1000003	1.09E-11	284.844381	0.0999999	8.1997E-06	284.844381
0.2000003	1.35E-11	284.868881	0.1000002	8.91994E-06	284.868881
0.299999	1.54E-11	284.893582	0.1	9.64872E-06	284.893582
0.4	1.77E-11	284.918142	0.1000001	1.038604E-05	284.918142
0.499999	1.45E-11	284.95273	0.1	1.11209E-05	284.95273
0.599999	2.11E-11	284.977233	0.1000001	1.18753E-05	284.977233
0.7	2.32E-11	285.001739	0.1	1.2636E-05	285.001739
0.799999	2.5E-11	285.026241	0.1	1.34032E-05	285.026241
0.9	2.72E-11	285.050771	0.1000001	1.41761E-05	285.050771
1	2.9E-11	285.075268	0.1	1.49539E-05	285.075268
1.1	3.11E-11	285.099776	0.0999998	1.57366E-05	285.099776
1.2	3.25E-11	285.124269	0.1000001	1.65227E-05	285.124269
1.3	3.38E-11	285.148784	0.1000002	1.73122E-05	285.148784
1.4	3.56E-11	285.173299	0.1000001	1.81048E-05	285.173299
1.499999	3.69E-11	285.19781	0.1	1.88999E-05	285.19781
1.599999	3.78E-11	285.22231	0.0999999	1.96966E-05	285.22231
1.699999	3.85E-11	285.246909	0.1	2.04961E-05	285.246909
1.8	3.97E-11	285.271454	0.1	2.12962E-05	285.271454
1.899999	3.39E-11	285.3184	0.1	2.2092E-05	285.3184
2	3.94E-11	285.343044	0.1	2.28972E-05	285.343044
2.099999	4.05E-11	285.367598	0.1000001	2.37025E-05	285.367598
2.19999	4.17E-11	285.392322	0.0999999	2.45023E-05	285.392322
2.29999	4.29E-11	285.416884	0.0999999	2.53094E-05	285.416884
2.39999	4.29E-11	285.441411	0.1000002	2.61169E-05	285.441411
2.49999	4.34E-11	285.46598	0.0999999	2.69251E-05	285.46598
2.59999	4.41E-11	285.490525	0.1	2.77345E-05	285.490525
2.69999	4.47E-11	285.515026	0.1000004	2.85434E-05	285.515026
2.79999	4.52E-11	285.539549	0.1000001	2.93545E-05	285.539549
2.89999	4.57E-11	285.56412	0.1	3.01643E-05	285.56412
2.99999	4.63E-11	285.588675	0.1000001	3.09757E-05	285.588675
3.09999	4.64E-11	285.613239	0.0999999	3.17873E-05	285.613239
3.19999	4.67E-11	285.637763	0.1	3.2599E-05	285.637763
3.29999	4.66E-11	285.66232	0.1000002	3.34106E-05	285.66232
3.39999	4.75E-11	285.686823	0.0999997	3.42233E-05	285.686823
3.49999	4.79E-11	285.711334	0.0999997	3.50373E-05	285.711334
3.59999	4.8E-11	285.735869	0.1000001	3.58505E-05	285.735869
3.69999	4.89E-11	285.760472	0.1000002	3.66653E-05	285.760472
3.79999	4.19E-11	285.817566	0.1000002	3.74705E-05	285.817566
3.89999	4.72E-11	285.842104	0.1	3.82889E-05	285.842104
3.99999	4.79E-11	285.866648	0.1000003	3.91071E-05	285.866648
4.09999	4.86E-11	285.89116	0.1000001	3.99249E-05	285.89116
4.19999	4.84E-11	285.915737	0.1	4.07431E-05	285.915737
4.29999	4.9E-11	285.940284	0.1000002	4.15617E-05	285.940284
4.39999	4.96E-11	285.964816	0.1	4.23809E-05	285.964816
4.49999	4.97E-11	285.98936	0.0999997	4.32009E-05	285.98936
4.59999	5.02E-11	286.013867	0.1000001	4.40225E-05	286.013867
4.69999	5.02E-11	286.038368	0.1000002	4.48439E-05	286.038368
4.79999	5.1E-11	286.062879	0.1	4.56664E-05	286.062879
4.89999	5.1E-11	286.087383	0.0999999	4.64898E-05	286.087383
4.99999	5.18E-11	286.111908	0.0999999	4.73136E-05	286.111908
5.09999	5.2E-11	286.136419	0.0999998	4.81379E-05	286.136419
5.19999	5.19E-11	286.160936	0.0999999	4.89635E-05	286.160936
5.29999	5.16E-11	286.185455	0.0999998	4.97908E-05	286.185455
5.39999	5.17E-11	286.209997	0.1	5.06179E-05	286.209997
5.49999	5.19E-11	286.234561	0.1	5.14465E-05	286.234561
5.59999	5.2E-11	286.259146	0.1	5.2276E-05	286.259146
5.69999	4.52E-11	286.318962	0.1000001	5.30967E-05	286.318962
5.79999	5.06E-11	286.343481	0.1000002	5.39318E-05	286.343481
5.89999	5.13E-11	286.368104	0.1	5.47655E-05	286.368104
5.99999	5.2E-11	286.392604	0.1	5.55994E-05	286.392604
6.09999	5.23E-11	286.417212	0.0999999	5.64343E-05	286.417212
6.19999	5.25E-11	286.441756	0.1000002	5.72708E-05	286.441756
6.29999	5.27E-11	286.46628	0.1000001	5.81071E-05	286.46628
6.39999	5.25E-11	286.49078	0.1000001	5.89447E-05	286.49078
6.49999	5.33E-11	286.515284	0.1	5.97823E-05	286.515284
6.59999	5.34E-11	286.539797	0.1	6.0623E-05	286.539797
6.69999	5.3E-11	286.564342	0.0999998	6.14631E-05	286.564342
6.79999	5.35E-11	286.58896	0.1000002	6.23052E-05	286.58896
6.89999	5.39E-11	286.6135	0.0999999	6.31476E-05	286.6135
6.99999	5.4E-11	286.638015	0.1	6.39916E-05	286.638015
7.09999	5.37E-11	286.662568	0.0999999	6.48359E-05	286.662568
7.19999	5.41E-11	286.687098	0.1	6.56815E-05	286.687098
7.29999	5.43E-11	286.711606	0.0999998	6.65287E-05	286.711606
7.39999	5.45E-11	286.736124	0.1	6.7376E-05	286.736124
7.49999	5.5E-11	286.760734	0.1000002	6.82242E-05	286.760734
7.59999	4.8E-11	286.820245	0.1000001	6.90647E-05	286.820245
7.69999	5.33E-11	286.844747	0.1000001	6.99183E-05	286.844747
7.79999	5.4E-11	286.869365	0.0999998	7.07721E-05	286.869365
7.89999	5.44E-11	286.893887	0.0999999	7.16254E-05	286.893887
7.99999	5.42E-11	286.918479	0.1000001	7.24805E-05	286.918479
8.09999	5.45E-11	286.943015	0.1000003	7.33355E-05	286.943015
8.19999	5.43E-11	286.967545	0.1	7.4192E-05	286.967545
8.29999	5.49E-11	286.992063	0.1000001	7.50495E-05	286.992063
8.39999	5.54E-11	287.016577	0.1	7.59081E-05	287.016577
8.49999	5.6E-11	287.041076	0.1	7.67674E-05	287.041076
8.59999	5.63E-11	287.065591	0.1	7.76287E-05	287.065591
8.69999	5.61E-11	287.090092	0.1000001	7.84892E-05	287.090092
8.79999	5.62E-11	287.114603	0.1000001	7.93523E-05	287.114603
8.89999	5.6E-11	287.139135	0.0999997	8.02158E-05	287.139135
8.99999	5.65E-11	287.163647	0.0999998	8.10805E-05	287.163647
9.09999	5.6E-11	287.188156	0.1	8.19465E-05	287.188156
9.19999	5.61E-11	287.212669	0.1000001	8.28121E-05	287.212669
9.29999	5.65E-11	287.237174	0.1000001	8.36786E-05	287.237174
9.39999	5.7E-11	287.261788	0.0999998	8.45502E-05	287.261788
9.49999	5.06E-11	287.32191	0.1000002	8.54157E-05	287.32191
9.59999	5.53E-11	287.346416	0.1	8.62907E-05	287.346416
9.69999	5.58E-11	287.37093	0.1	8.71663E-05	287.37093
9.79999	5.63E-11	287.395478	0.0999999	8.8041E-05	287.395478
9.89999	5.63E-11	287.420034	0.0999999	8.89167E-05	287.420034
9.99999	5.66E-11	287.444545	0.1000001	8.9793E-05	287.444545
9.9	4.32E-11	287.46908	0.0999999	8.89017E-05	287.46908
9.8	3.99E-11	287.493641	0.1	8.80175E-05	287.493641
9.7	3.7E-11	287.518152	0.0999999	8.7135E-05	287.518152
9.6	3.57E-11	287.542668	0.0999999	8.62529E-05	287.542668
9.5	3.44E-11	287.56718	0.0999997	8.53737E-05	287.56718
9.4	3.35E-11	287.591793	0.1	8.44971E-05	287.591793
9.3	3.22E-11	287.616287	0.0999997	8.36201E-05	287.616287
9.2	3.22E-11	287.640805	0.0999997	8.2746E-05	287.640805
9.1	3.07E-11	287.665268	0.0999999	8.18716E-05	287.665268
9	3.01E-11	287.689793	0.0999998	8.10003E-05	287.689793
8.9	2.95E-11	287.714325	0.1	8.01328E-05	287.714325
8.8	2.81E-11	287.738853	0.1000001	7.92601E-05	287.738853
8.7	2.75E-11	287.763448	0.0999999	7.83893E-05	287.763448
8.6	3.33E-11	287.823375	0.0999997	7.75217E-05	287.823375
8.5	2.77E-11	287.847939	0.1000002	7.66537E-05	287.847939
8.4	2.69E-11	287.872451	0.1000001	7.57847E-05	287.872451
8.3	2.56E-11	287.896973	0.1000001	7.49184E-05	287.896973
8.2	2.56E-11	287.921576	0.1	7.40542E-05	287.921576
8.1	2.51E-11	287.946092	0.1000002	7.31899E-05	287.946092
8	2.47E-11	287.970743	0.0999998	7.23271E-05	287.970743
7.9	2.46E-11	287.995285	0.1000002	7.14656E-05	287.995285
7.8	2.38E-11	288.019826	0.0999998	7.06057E-05	288.019826
7.7	2.3E-11	288.044352	0.1	6.97467E-05	288.044352
7.6	2.29E-11	288.06889	0.0999997	6.88882E-05	288.06889
7.5	2.2E-11	288.093434	0.1	6.80306E-05	288.093434
7.4	2.18E-11	288.117949	0.0999999	6.71756E-05	288.117949
7.3	2.16E-11	288.142467	0.1	6.63204E-05	288.142467
7.2	2.07E-11	288.167131	0.1000001	6.54662E-05	288.167131
7.1	2.03E-11	288.19165	0.1000003	6.46134E-05	288.19165
7	2.01E-11	288.216189	0.0999997	6.37607E-05	288.216189
6.9	1.99E-11	288.240691	0.1	6.29097E-05	288.240691
6.8	1.95E-11	288.265307	0.0999997	6.20596E-05	288.265307
6.7	2.63E-11	288.325218	0.1	6.12161E-05	288.325218
6.6	2.08E-11	288.34977	0.0999998	6.0367E-05	288.34977
6.5	1.96E-11	288.374312	0.1	5.95197E-05	288.374312
6.4	1.92E-11	288.398865	0.1	5.86723E-05	288.398865
6.3	1.9E-11	288.423455	0.1	5.78275E-05	288.423455
6.2	1.82E-11	288.447954	0.0999998	5.69827E-05	288.447954
6.1	1.81E-11	288.472588	0.1	5.61397E-05	288.472588
6	1.71E-11	288.497137	0.0999997	5.52965E-05	288.497137
5.9	1.67E-11	288.521658	0.0999997	5.44545E-05	288.521658
5.8	1.57E-11	288.546159	0.0999999	5.36146E-05	288.546159
5.7	1.61E-11	288.570718	0.1	5.27757E-05	288.570718
5.6	1.55E-11	288.595279	0.1	5.19362E-05	288.595279
5.5	1.56E-11	288.61984	0.0999999	5.10985E-05	288.61984
5.4	1.47E-11	288.644346	0.0999998	5.02625E-05	288.644346
5.3	1.41E-11	288.668851	0.1000003	4.94265E-05	288.668851
5.2	1.4E-11	288.693425	0.0999998	4.85922E-05	288.693425
5.1	1.36E-11	288.717935	0.1	4.7757E-05	288.717935
5	1.33E-11	288.742438	0.1000001	4.69245E-05	288.742438
4.9	1.27E-11	288.767086	0.0999999	4.60923E-05	288.767086
4.8	1.93E-11	288.826408	0.1000001	4.52665E-05	288.826408
4.7	1.38E-11	288.850927	0.1	4.44347E-05	288.850927
4.6	1.26E-11	288.875438	0.0999998	4.36049E-05	288.875438
4.5	1.21E-11	288.899967	0.1000001	4.27767E-05	288.899967
4.4	1.18E-11	288.924549	0.1	4.19485E-05	288.924549
4.3	1.07E-11	288.949074	0.1	4.11219E-05	288.949074
4.2	9.8E-12	288.973611	0.0999998	4.0296E-05	288.973611
4.1	9.6E-12	288.998154	0.1000001	3.94709E-05	288.998154
4	8.5E-12	289.022682	0.0999999	3.86469E-05	289.022682
3.9	8E-12	289.047196	0.1	3.78246E-05	289.047196
3.8	7.4E-12	289.071714	0.0999997	3.7002E-05	289.071714
3.7	6.7E-12	289.096222	0.1	3.61817E-05	289.096222
3.6	6.5E-12	289.120733	0.1000002	3.5362E-05	289.120733
3.5	5.7E-12	289.145251	0.1000001	3.45428E-05	289.145251
3.4	4.8E-12	289.169753	0.0999999	3.37237E-05	289.169753
3.3	5E-12	289.194397	0.0999999	3.29064E-05	289.194397
3.2	4.1E-12	289.218954	0.1000001	3.20904E-05	289.218954
3.1	3.2E-12	289.243466	0.1000001	3.12747E-05	289.243466
3	2.1E-12	289.268067	0.1000001	3.04605E-05	289.268067
2.9	8.6E-12	289.327824	0.1	2.96522E-05	289.327824
2.8	3.3E-12	289.352358	0.1	2.88394E-05	289.352358
2.7	1.6E-12	289.376877	0.1	2.8027E-05	289.376877
2.6	5E-13	289.401429	0.1	2.72171E-05	289.401429
2.5	-5E-13	289.426028	0.0999999	2.6408E-05	289.426028
2.4	-1.9E-12	289.450545	0.1	2.56003E-05	289.450545
2.3	-2.3E-12	289.475116	0.0999999	2.47932E-05	289.475116
2.2	-3.4E-12	289.499629	0.1	2.39883E-05	289.499629
2.099999	-1.1E-12	289.526049	0.0999999	2.31905E-05	289.526049
2	-5.3E-12	289.550573	0.0999999	2.23876E-05	289.550573
1.9	-6.5E-12	289.575116	0.0999998	2.1587E-05	289.575116
1.8	-7.6E-12	289.599684	0.1	2.07889E-05	289.599684
1.7	-8.7E-12	289.624194	0.0999999	1.99919E-05	289.624194
1.6	-1E-11	289.648737	0.0999999	1.91965E-05	289.648737
1.5	-1.16E-11	289.673243	0.0999999	1.84039E-05	289.673243
1.4	-1.26E-11	289.69776	0.1	1.76143E-05	289.69776
1.3	-1.42E-11	289.722264	0.1	1.68267E-05	289.722264
1.2	-1.55E-11	289.746797	0.1	1.60434E-05	289.746797
1.1	-1.67E-11	289.771405	0.0999997	1.52638E-05	289.771405
1	-1.18E-11	289.829801	0.1	1.4494E-05	289.829801
0.9	-1.85E-11	289.854315	0.0999999	1.37225E-05	289.854315
0.8	-2.02E-11	289.878881	0.0999999	1.29577E-05	289.878881
0.7	-2.3E-11	289.903405	0.1	1.22002E-05	289.903405
0.6	-2.51E-11	289.927979	0.0999998	1.145E-05	289.927979
0.5	-2.7E-11	289.952506	0.1	1.07078E-05	289.952506
0.4	-2.94E-11	289.977032	0.0999999	9.9743E-06	289.977032
0.3	-3.18E-11	290.001546	0.0999998	9.2482E-06	290.001546
0.1999998	-2.97E-11	290.03057	0.1	8.53945E-06	290.03057
0.0999998	-3.6E-11	290.055061	0.0999999	7.83193E-06	290.055061
-6E-07	-3.86E-11	290.079551	0.0999999	7.13566E-06	290.079551
#scan	iMeasureCycle=3	iMux=0	time=319.825	N=401	LocalTime=19/04/2023 20:06:59
#VGate(V)	IGate(A)	time(s)	VDrain(V)	IDrain(A)	time(s)
-1E-07	-1.69E-11	319.832667	0.1000001	7.30187E-06	319.832667
-0.1000004	-2.48E-11	319.857578	0.1000001	6.60218E-06	319.857578
-0.2000001	-2.63E-11	319.883236	0.0999999	5.91859E-06	319.883236
-0.3	-3.2E-11	319.907978	0.0999998	5.25265E-06	319.907978
-0.4	-3.53E-11	319.932496	0.1000001	4.6087E-06	319.932496
-0.5	-3.77E-11	319.957065	0.0999996	3.98929E-06	319.957065
-0.6	-4.03E-11	319.981611	0.1	3.39943E-06	319.981611
-0.7	-4.18E-11	320.006151	0.0999999	2.84355E-06	320.006151
-0.8	-4.37E-11	320.030678	0.0999998	2.32741E-06	320.030678
-0.9	-4.5E-11	320.055209	0.0999999	1.85638E-06	320.055209
-1	-4.67E-11	320.079736	0.0999999	1.43567E-06	320.079736
-1.1	-4.77E-11	320.104284	0.0999999	1.06995E-06	320.104284
-1.2	-4.5E-11	320.131585	0.0999995	7.63893E-07	320.131585
-1.3	-4.93E-11	320.156108	0.0999994	5.14655E-07	320.156108
-1.4	-5.04E-11	320.180615	0.0999996	3.24672E-07	320.180615
-1.5	-5.13E-11	320.205127	0.0999998	1.88323E-07	320.205127
-1.6	-5.2E-11	320.229642	0.0999998	9.8788E-08	320.229642
-1.699999	-4.7E-11	320.267485	0.0999964	4.68496E-08	320.267485
-1.800001	-6.58E-11	320.290881	0.1000037	1.88259E-08	320.290881
-1.900001	-6.82E-11	320.31408	0.100002	6.5146E-09	320.31408
-2.000001	-6.96E-11	320.337372	0.1000009	1.9046E-09	320.337372
-2.1	-4.78E-11	320.4002	0.0999997	4.987E-10	320.4002
-2.2	-6.88E-11	320.423636	0.1	9.3E-11	320.423636
-2.3	-6.81E-11	320.446918	0.1000001	7.8E-12	320.446918
-2.4	-6.93E-11	320.470197	0.1000001	-7.7E-12	320.470197
-2.5	-7.08E-11	320.493466	0.1000001	-9E-12	320.493466
-2.6	-7.16E-11	320.516697	0.1000002	-9.5E-12	320.516697
-2.7	-7.03E-11	320.539986	0.0999999	-9.5E-12	320.539986
-2.8	-7.23E-11	320.563202	0.1000001	-9.4E-12	320.563202
-2.9	-7.33E-11	320.586432	0.1000002	-9.1E-12	320.586432
-3	-7.36E-11	320.609655	0.1000001	-9.1E-12	320.609655
-3.1	-7.46E-11	320.632917	0.1000002	-8.9E-12	320.632917
-3.2	-7.3E-11	320.656208	0.1000002	-9E-12	320.656208
-3.3	-7.5E-11	320.679408	0.1000002	-9.1E-12	320.679408
-3.4	-7.49E-11	320.702627	0.1000001	-8.9E-12	320.702627
-3.5	-7.58E-11	320.725829	0.1000002	-9.1E-12	320.725829
-3.6	-7.46E-11	320.749121	0.1	-9.2E-12	320.749121
-3.7	-7.65E-11	320.772337	0.1000001	-9.2E-12	320.772337
-3.8	-7.73E-11	320.795565	0.1000002	-8.8E-12	320.795565
-3.9	-7.64E-11	320.818813	0.1000002	-8.9E-12	320.818813
-4	-7.44E-11	320.842232	0.1000001	-9.3E-12	320.842232
-4.1	-5.63E-11	320.896444	0.0999999	-1.08E-11	320.896444
-4.2	-7.58E-11	320.919669	0.1000001	-8.9E-12	320.919669
-4.3	-7.7E-11	320.942886	0.0999999	-8.8E-12	320.942886
-4.4	-7.71E-11	320.966154	0.1000001	-8.9E-12	320.966154
-4.5	-7.61E-11	320.98949	0.1000001	-8.9E-12	320.98949
-4.6	-7.78E-11	321.012728	0.1000002	-8.7E-12	321.012728
-4.7	-7.88E-11	321.035949	0.1000003	-9.1E-12	321.035949
-4.8	-7.88E-11	321.059158	0.1000002	-9E-12	321.059158
-4.9	-7.76E-11	321.082447	0.1000001	-9.1E-12	321.082447
-5	-7.89E-11	321.105684	0.1000001	-9.2E-12	321.105684
-5.1	-7.99E-11	321.128905	0.1000003	-8.9E-12	321.128905
-5.2	-7.79E-11	321.152205	0.1000001	-8.8E-12	321.152205
-5.3	-7.86E-11	321.175481	0.1000002	-9E-12	321.175481
-5.4	-8.12E-11	321.198705	0.1	-8.8E-12	321.198705
-5.5	-8.12E-11	321.221921	0.1000001	-8.8E-12	321.221921
-5.6	-8.14E-11	321.245139	0.1	-8.9E-12	321.245139
-5.7	-8E-11	321.268416	0.1000002	-9.2E-12	321.268416
-5.8	-8.15E-11	321.291612	0.1000001	-8.8E-12	321.291612
-5.9	-8.16E-11	321.314855	0.1	-8.4E-12	321.314855
-6	-8.23E-11	321.338147	0.1000001	-8.6E-12	321.338147
-6.1	-6.12E-11	321.393523	0.0999999	-1.05E-11	321.393523
-6.2	-7.91E-11	321.416841	0.1000001	-9E-12	321.416841
-6.3	-8.18E-11	321.440064	0.1000001	-8.6E-12	321.440064
-6.4	-8.28E-11	321.463283	0.1000001	-9E-12	321.463283
-6.5	-8.06E-11	321.48663	0.1000001	-9.1E-12	321.48663
-6.6	-8.08E-11	321.509964	0.1000001	-8.5E-12	321.509964
-6.7	-8.31E-11	321.533177	0.1000001	-8.4E-12	321.533177
-6.8	-8.33E-11	321.556402	0.1000003	-8.8E-12	321.556402
-6.9	-8.22E-11	321.579691	0.1	-8.7E-12	321.579691
-7	-8.19E-11	321.603008	0.1	-9.1E-12	321.603008
-7.1	-8.39E-11	321.626246	0.1000003	-8.2E-12	321.626246
-7.2	-8.45E-11	321.649467	0.1000002	-8.6E-12	321.649467
-7.3	-8.25E-11	321.672754	0.1000003	-9.1E-12	321.672754
-7.4	-8.16E-11	321.696094	0.1000002	-8.8E-12	321.696094
-7.5	-8.42E-11	321.719318	0.1000002	-8.4E-12	321.719318
-7.6	-8.34E-11	321.742609	0.1	-8.7E-12	321.742609
-7.7	-8.33E-11	321.765996	0.1000002	-8.8E-12	321.765996
-7.8	-8.49E-11	321.789226	0.1000003	-8.7E-12	321.789226
-7.9	-8.56E-11	321.812463	0.1000002	-8.5E-12	321.812463
-8	-8.41E-11	321.835834	0.1000003	-8.7E-12	321.835834
-8.1	-8.56E-11	321.859069	0.0999999	-8.2E-12	321.859069
-8.2	-6.53E-11	321.899177	0.1	-1.04E-11	321.899177
-8.3	-8.45E-11	321.922418	0.1	-8.6E-12	321.922418
-8.4	-8.32E-11	321.945716	0.1000002	-8.6E-12	321.945716
-8.5	-8.42E-11	321.969056	0.1	-8.6E-12	321.969056
-8.6	-8.58E-11	321.992323	0.1000002	-8.3E-12	321.992323
-8.7	-8.65E-11	322.015562	0.1000003	-8.7E-12	322.015562
-8.8	-8.65E-11	322.038782	0.1000001	-8.3E-12	322.038782
-8.9	-8.5E-11	322.062077	0.1000002	-8.5E-12	322.062077
-9	-8.48E-11	322.085359	0.0999999	-8.4E-12	322.085359
-9.1	-8.67E-11	322.108573	0.1000001	-8.4E-12	322.108573
-9.2	-8.73E-11	322.131783	0.1000002	-8.3E-12	322.131783
-9.3	-8.58E-11	322.155066	0.0999999	-8E-12	322.155066
-9.4	-8.56E-11	322.17836	0.1	-8.4E-12	322.17836
-9.5	-8.81E-11	322.201587	0.1000003	-8.5E-12	322.201587
-9.6	-8.81E-11	322.224807	0.1000001	-8.1E-12	322.224807
-9.7	-8.56E-11	322.248092	0.1000002	-8.5E-12	322.248092
-9.8	-8.62E-11	322.271398	0.1000001	-8.4E-12	322.271398
-9.9	-8.78E-11	322.294636	0.1000002	-8.1E-12	322.294636
-10	-8.86E-11	322.317857	0.1	-8.1E-12	322.317857
-9.90001	-4.71E-11	322.341231	0.0999997	-1.15E-11	322.341231
-9.80001	-6.03E-11	322.400687	0.0999998	-9.5E-12	322.400687
-9.70001	-3.98E-11	322.424007	0.0999997	-1.18E-11	322.424007
-9.60001	-3.92E-11	322.447286	0.0999997	-1.16E-11	322.447286
-9.50001	-3.64E-11	322.470493	0.0999997	-1.22E-11	322.470493
-9.40001	-3.46E-11	322.493879	0.0999999	-1.2E-11	322.493879
-9.30001	-3.34E-11	322.517113	0.0999998	-1.22E-11	322.517113
-9.20001	-3.41E-11	322.540398	0.0999998	-1.23E-11	322.540398
-9.10001	-3.28E-11	322.563674	0.0999999	-1.16E-11	322.563674
-9.00001	-3.03E-11	322.586868	0.0999997	-1.18E-11	322.586868
-8.90001	-3.2E-11	322.610179	0.0999996	-1.16E-11	322.610179
-8.80001	-3.1E-11	322.633525	0.1	-1.18E-11	322.633525
-8.70001	-2.89E-11	322.65674	0.0999994	-1.18E-11	322.65674
-8.60001	-2.8E-11	322.679948	0.0999997	-1.22E-11	322.679948
-8.50001	-2.96E-11	322.703247	0.0999997	-1.16E-11	322.703247
-8.40001	-2.88E-11	322.726537	0.0999999	-1.2E-11	322.726537
-8.30001	-2.67E-11	322.749753	0.0999996	-1.22E-11	322.749753
-8.20001	-2.59E-11	322.772955	0.0999998	-1.25E-11	322.772955
-8.10001	-2.57E-11	322.79617	0.0999998	-1.23E-11	322.79617
-8.00001	-2.66E-11	322.819471	0.0999997	-1.18E-11	322.819471
-7.90001	-2.51E-11	322.842784	0.0999998	-1.26E-11	322.842784
-7.80001	-4.51E-11	322.902098	0.1	-1.08E-11	322.902098
-7.70001	-2.52E-11	322.925328	0.1	-1.22E-11	322.925328
-7.6	-2.57E-11	322.948625	0.0999997	-1.23E-11	322.948625
-7.50001	-2.5E-11	322.971969	0.0999998	-1.2E-11	322.971969
-7.40001	-2.3E-11	322.995238	0.0999997	-1.24E-11	322.995238
-7.30001	-2.37E-11	323.018561	0.0999997	-1.23E-11	323.018561
-7.2	-2.34E-11	323.04184	0.0999997	-1.27E-11	323.04184
-7.10001	-2.21E-11	323.065053	0.0999997	-1.24E-11	323.065053
-7.00001	-2.09E-11	323.088262	0.0999997	-1.25E-11	323.088262
-6.90001	-2.28E-11	323.111562	0.0999997	-1.23E-11	323.111562
-6.80001	-2.23E-11	323.134852	0.0999996	-1.24E-11	323.134852
-6.70001	-2.03E-11	323.158067	0.0999998	-1.23E-11	323.158067
-6.60001	-1.89E-11	323.181266	0.0999997	-1.27E-11	323.181266
-6.50001	-2.08E-11	323.204569	0.0999996	-1.24E-11	323.204569
-6.40001	-2.01E-11	323.227861	0.0999997	-1.23E-11	323.227861
-6.30001	-2.03E-11	323.251151	0.0999997	-1.29E-11	323.251151
-6.20001	-1.77E-11	323.27438	0.0999998	-1.28E-11	323.27438
-6.10001	-1.78E-11	323.297653	0.0999995	-1.24E-11	323.297653
-6.00001	-1.86E-11	323.320963	0.0999996	-1.27E-11	323.320963
-5.90001	-1.67E-11	323.344259	0.0999996	-1.28E-11	323.344259
-5.80001	-3.8E-11	323.403534	0.1	-1.11E-11	323.403534
-5.70001	-1.79E-11	323.426767	0.0999998	-1.31E-11	323.426767
-5.60001	-1.89E-11	323.450053	0.0999997	-1.3E-11	323.450053
-5.50001	-1.62E-11	323.473247	0.0999996	-1.29E-11	323.473247
-5.40001	-1.55E-11	323.496512	0.0999996	-1.29E-11	323.496512
-5.30001	-1.57E-11	323.519744	0.0999996	-1.29E-11	323.519744
-5.20001	-1.59E-11	323.543032	0.0999998	-1.28E-11	323.543032
-5.1	-1.4E-11	323.566235	0.0999998	-1.28E-11	323.566235
-5.00001	-1.35E-11	323.589452	0.0999998	-1.29E-11	323.589452
-4.90001	-1.34E-11	323.612702	0.0999995	-1.31E-11	323.612702
-4.80001	-1.43E-11	323.636042	0.0999999	-1.31E-11	323.636042
-4.7	-1.38E-11	323.65932	0.0999996	-1.28E-11	323.65932
-4.60001	-1.18E-11	323.68252	0.0999996	-1.3E-11	323.68252
-4.50001	-1.15E-11	323.705738	0.0999997	-1.32E-11	323.705738
-4.40001	-1.23E-11	323.72903	0.0999999	-1.33E-11	323.72903
-4.3	-1.2E-11	323.752309	0.0999998	-1.32E-11	323.752309
-4.20001	-9.8E-12	323.775617	0.0999998	-1.33E-11	323.775617
-4.10001	-9.3E-12	323.798832	0.0999996	-1.34E-11	323.798832
-4.00001	-1.05E-11	323.822233	0.0999996	-1.33E-11	323.822233
-3.90001	-8.4E-12	323.845542	0.0999997	-1.33E-11	323.845542
-3.80001	-3.01E-11	323.904324	0.0999998	-1.18E-11	323.904324
-3.70001	-1.24E-11	323.927701	0.0999998	-1.35E-11	323.927701
-3.60001	-8.3E-12	323.950905	0.0999997	-1.41E-11	323.950905
-3.50001	-9.4E-12	323.974255	0.0999996	-1.38E-11	323.974255
-3.40001	-8.5E-12	323.997536	0.0999999	-1.4E-11	323.997536
-3.30001	-6.4E-12	324.020801	0.0999998	-1.37E-11	324.020801
-3.20001	-7E-12	324.044092	0.0999998	-1.37E-11	324.044092
-3.10001	-6E-12	324.067373	0.0999996	-1.39E-11	324.067373
-3.00001	-6E-12	324.090659	0.0999997	-1.4E-11	324.090659
-2.90001	-3.3E-12	324.113871	0.0999998	-1.45E-11	324.113871
-2.80001	-2.4E-12	324.137087	0.0999995	-1.44E-11	324.137087
-2.70001	-3.8E-12	324.160367	0.0999997	-1.41E-11	324.160367
-2.60001	-3.3E-12	324.183653	0.0999996	-1.37E-11	324.183653
-2.50001	3E-13	324.206859	0.0999998	-1.33E-11	324.206859
-2.40001	4E-13	324.230094	0.0999997	-7.3E-12	324.230094
-2.30001	-5E-13	324.253565	0.0999998	3.02E-11	324.253565
-2.20001	1.5E-12	324.276774	0.0999998	2.116E-10	324.276774
-2.099999	-1.45E-11	324.301967	0.1000005	9.435E-10	324.301967
-2	2.9E-12	324.325202	0.1000006	3.4812E-09	324.325202
-1.9	2.2E-12	324.348579	0.1000024	1.06591E-08	324.348579
-1.800001	-1.69E-11	324.406469	0.1000031	2.70036E-08	324.406469
-1.699999	1.8E-12	324.429792	0.1000015	6.30455E-08	324.429792
-1.600001	-1.61E-11	324.469241	0.1000001	1.24853E-07	324.469241
-1.5	-9.5E-12	324.494071	0.1000006	2.29026E-07	324.494071
-1.4	-8.6E-12	324.518606	0.1000009	3.80422E-07	324.518606
-1.3	-7.3E-12	324.54315	0.1000006	5.85761E-07	324.54315
-1.200001	-5.8E-12	324.567642	0.100001	8.48241E-07	324.567642
-1.100001	-9.7E-12	324.60217	0.1	1.16266E-06	324.60217
-1	-4E-12	324.626725	0.1000001	1.54213E-06	324.626725
-0.900001	-2.8E-12	324.651298	0.1000001	1.97258E-06	324.651298
-0.800001	-1.6E-12	324.675838	0.0999999	2.4506E-06	324.675838
-0.700001	2E-13	324.700346	0.1000002	2.97184E-06	324.700346
-0.6	1.7E-12	324.72485	0.1000004	3.52996E-06	324.72485
-0.500001	2.8E-12	324.749416	0.1000001	4.12102E-06	324.749416
-0.400001	4.5E-12	324.77392	0.1000001	4.74024E-06	324.77392
-0.3	5.9E-12	324.798459	0.1000001	5.38209E-06	324.798459
-0.2	4.1E-12	324.824868	0.1000002	6.04351E-06	324.824868
-0.0999997	9.3E-12	324.849494	0.1000002	6.72391E-06	324.849494
0	3.8E-12	324.915072	0.1000001	7.40619E-06	324.915072
0.1000002	1.1E-11	324.939593	0.1	8.11575E-06	324.939593
0.2000003	1.35E-11	324.964107	0.1000001	8.83393E-06	324.964107
0.299999	1.56E-11	324.988879	0.1	9.55976E-06	324.988879
0.4	1.76E-11	325.01344	0.1000003	1.029467E-05	325.01344
0.499999	1.46E-11	325.048102	0.1	1.1028E-05	325.048102
0.6	2.1E-11	325.072649	0.1000001	1.17804E-05	325.072649
0.7	2.33E-11	325.097153	0.1000002	1.25391E-05	325.097153
0.799999	2.54E-11	325.121667	0.1	1.33046E-05	325.121667
0.9	2.68E-11	325.146197	0.1000002	1.40759E-05	325.146197
0.999999	2.91E-11	325.17075	0.1000001	1.48524E-05	325.17075
1.1	3.1E-11	325.195248	0.0999998	1.56338E-05	325.195248
1.2	3.23E-11	325.219762	0.1000001	1.64188E-05	325.219762
1.3	3.43E-11	325.244272	0.0999999	1.72076E-05	325.244272
1.4	3.56E-11	325.268784	0.0999999	1.79997E-05	325.268784
1.5	3.68E-11	325.293319	0.1	1.87944E-05	325.293319
1.599999	3.81E-11	325.317891	0.1000002	1.95905E-05	325.317891
1.699999	3.91E-11	325.342366	0.1000001	2.03886E-05	325.342366
1.8	3.98E-11	325.366887	0.0999999	2.11891E-05	325.366887
1.899999	3.37E-11	325.413679	0.1	2.19859E-05	325.413679
1.999999	3.91E-11	325.438315	0.1	2.27898E-05	325.438315
2.099999	4.03E-11	325.462961	0.1	2.35959E-05	325.462961
2.19999	4.15E-11	325.48767	0.1	2.43962E-05	325.48767
2.29999	4.23E-11	325.512259	0.1000001	2.52027E-05	325.512259
2.39999	4.29E-11	325.536779	0.1	2.60111E-05	325.536779
2.49999	4.33E-11	325.561338	0.0999999	2.68203E-05	325.561338
2.59999	4.4E-11	325.585875	0.1000001	2.76297E-05	325.585875
2.69999	4.45E-11	325.610387	0.1000001	2.84405E-05	325.610387
2.79999	4.48E-11	325.634909	0.1000003	2.92511E-05	325.634909
2.89999	4.55E-11	325.659473	0.1	3.00631E-05	325.659473
2.99999	4.6E-11	325.683984	0.1000001	3.08758E-05	325.683984
3.09999	4.58E-11	325.708531	0.1000001	3.16886E-05	325.708531
3.19999	4.67E-11	325.733085	0.1000002	3.25023E-05	325.733085
3.29999	4.66E-11	325.757584	0.0999997	3.33168E-05	325.757584
3.39999	4.74E-11	325.782204	0.1000002	3.41308E-05	325.782204
3.49999	4.73E-11	325.806707	0.1	3.4946E-05	325.806707
3.59999	4.82E-11	325.831319	0.1000002	3.57614E-05	325.831319
3.69999	4.85E-11	325.855923	0.1000001	3.65773E-05	325.855923
3.79999	4.15E-11	325.912436	0.1	3.73842E-05	325.912436
3.89999	4.67E-11	325.936978	0.1	3.82037E-05	325.936978
3.99999	4.76E-11	325.961511	0.1	3.90232E-05	325.961511
4.09999	4.82E-11	325.986086	0.1000001	3.98424E-05	325.986086
4.19999	4.89E-11	326.0107	0.1000001	4.06614E-05	326.0107
4.29999	4.89E-11	326.035247	0.0999998	4.14816E-05	326.035247
4.39999	4.94E-11	326.059804	0.1	4.23019E-05	326.059804
4.49999	4.97E-11	326.084335	0.1000002	4.31222E-05	326.084335
4.59999	4.99E-11	326.108862	0.1000001	4.39435E-05	326.108862
4.69999	5E-11	326.133396	0.0999999	4.47665E-05	326.133396
4.79999	5.06E-11	326.157913	0.1000001	4.55893E-05	326.157913
4.89999	5.06E-11	326.182411	0.1000001	4.64131E-05	326.182411
4.99999	5.1E-11	326.206909	0.1000001	4.7237E-05	326.206909
5.09999	5.13E-11	326.231415	0.0999998	4.80632E-05	326.231415
5.19999	5.15E-11	326.25612	0.1	4.88893E-05	326.25612
5.29999	5.2E-11	326.28068	0.0999999	4.97157E-05	326.28068
5.39999	5.14E-11	326.305341	0.1000004	5.05436E-05	326.305341
5.49999	5.24E-11	326.329934	0.1000002	5.13733E-05	326.329934
5.59999	5.23E-11	326.354527	0.1000001	5.22028E-05	326.354527
5.69999	4.6E-11	326.409672	0.1000002	5.30249E-05	326.409672
5.79999	5.06E-11	326.434232	0.1000002	5.3859E-05	326.434232
5.89999	5.07E-11	326.458792	0.1	5.46933E-05	326.458792
5.99999	5.16E-11	326.483385	0.1	5.55275E-05	326.483385
6.09999	5.18E-11	326.507972	0.1000002	5.63628E-05	326.507972
6.19999	5.24E-11	326.532552	0.0999999	5.71996E-05	326.532552
6.29999	5.23E-11	326.557129	0.1000002	5.80356E-05	326.557129
6.39999	5.32E-11	326.58163	0.1000001	5.88734E-05	326.58163
6.49999	5.3E-11	326.606147	0.0999999	5.97121E-05	326.606147
6.59999	5.36E-11	326.630655	0.0999998	6.05525E-05	326.630655
6.69999	5.38E-11	326.6552	0.1	6.13932E-05	326.6552
6.79999	5.38E-11	326.679707	0.1000002	6.22356E-05	326.679707
6.89999	5.41E-11	326.704222	0.1000002	6.30768E-05	326.704222
6.99999	5.42E-11	326.728759	0.0999999	6.39215E-05	326.728759
7.09999	5.46E-11	326.753282	0.1000002	6.47657E-05	326.753282
7.19999	5.5E-11	326.777795	0.1000001	6.56112E-05	326.777795
7.29999	5.45E-11	326.802309	0.0999999	6.64574E-05	326.802309
7.39999	5.54E-11	326.826851	0.1000001	6.73061E-05	326.826851
7.49999	5.5E-11	326.851484	0.1000003	6.81548E-05	326.851484
7.59999	4.74E-11	326.913363	0.1	6.89925E-05	326.913363
7.69999	5.28E-11	326.93794	0.1000001	6.98468E-05	326.93794
7.79999	5.4E-11	326.962477	0.0999999	7.07019E-05	326.962477
7.89999	5.46E-11	326.987043	0.1000001	7.15544E-05	326.987043
7.99999	5.45E-11	327.011617	0.1000002	7.241E-05	327.011617
8.09999	5.53E-11	327.036157	0.0999999	7.32649E-05	327.036157
8.19999	5.5E-11	327.060689	0.1000001	7.41219E-05	327.060689
8.29999	5.54E-11	327.085189	0.0999999	7.49801E-05	327.085189
8.39999	5.51E-11	327.109702	0.0999999	7.58374E-05	327.109702
8.49999	5.58E-11	327.134201	0.1000001	7.66977E-05	327.134201
8.59999	5.59E-11	327.158831	0.1000002	7.75588E-05	327.158831
8.69999	5.64E-11	327.183356	0.1000002	7.84189E-05	327.183356
8.79999	5.69E-11	327.207858	0.1000002	7.92823E-05	327.207858
8.89999	5.68E-11	327.232398	0.0999997	8.01473E-05	327.232398
8.99999	5.66E-11	327.256955	0.1	8.1011E-05	327.256955
9.09999	5.68E-11	327.281484	0.1	8.1876E-05	327.281484
9.19999	5.69E-11	327.305993	0.1	8.27433E-05	327.305993
9.29999	5.69E-11	327.330591	0.1000001	8.36097E-05	327.330591
9.39999	5.71E-11	327.355167	0.1000001	8.44811E-05	327.355167
9.49999	5.04E-11	327.417456	0.1	8.53458E-05	327.417456
9.59999	5.52E-11	327.441987	0.1000001	8.6222E-05	327.441987
9.69999	5.62E-11	327.466506	0.1000002	8.70969E-05	327.466506
9.79999	5.65E-11	327.491049	0.1000002	8.79727E-05	327.491049
9.89999	5.58E-11	327.515886	0.1000001	8.88485E-05	327.515886
9.99999	5.72E-11	327.540399	0.1	8.97248E-05	327.540399
9.9	4.39E-11	327.564961	0.1	8.88344E-05	327.564961
9.8	4.04E-11	327.589467	0.1	8.79488E-05	327.589467
9.7	3.81E-11	327.61399	0.0999999	8.70655E-05	327.61399
9.6	3.59E-11	327.638499	0.0999996	8.61847E-05	327.638499
9.5	3.49E-11	327.663092	0.0999997	8.53051E-05	327.663092
9.4	3.31E-11	327.68762	0.1	8.44285E-05	327.68762
9.3	3.29E-11	327.712155	0.0999997	8.35521E-05	327.712155
9.2	3.2E-11	327.736661	0.1	8.26777E-05	327.736661
9.1	3.05E-11	327.761152	0.0999997	8.18028E-05	327.761152
9	2.97E-11	327.785768	0.1000001	8.09299E-05	327.785768
8.9	2.89E-11	327.81029	0.1	8.0063E-05	327.81029
8.8	2.83E-11	327.834811	0.0999999	7.91919E-05	327.834811
8.7	2.78E-11	327.859403	0.1000001	7.83193E-05	327.859403
8.6	3.3E-11	327.914526	0.1000001	7.74523E-05	327.914526
8.5	2.8E-11	327.939092	0.1	7.65834E-05	327.939092
8.4	2.67E-11	327.963631	0.1	7.57158E-05	327.963631
8.3	2.6E-11	327.988207	0.1000001	7.48495E-05	327.988207
8.2	2.55E-11	328.01278	0.0999999	7.39842E-05	328.01278
8.1	2.52E-11	328.037385	0.0999999	7.31213E-05	328.037385
8	2.43E-11	328.061886	0.1	7.22591E-05	328.061886
7.9	2.4E-11	328.086405	0.0999998	7.1397E-05	328.086405
7.8	2.39E-11	328.110943	0.1	7.05367E-05	328.110943
7.7	2.41E-11	328.13548	0.0999998	6.96779E-05	328.13548
7.6	2.27E-11	328.159996	0.0999998	6.88191E-05	328.159996
7.5	2.26E-11	328.18451	0.0999999	6.7962E-05	328.18451
7.4	2.18E-11	328.209024	0.0999999	6.71061E-05	328.209024
7.3	2.16E-11	328.233571	0.0999999	6.62508E-05	328.233571
7.2	2.16E-11	328.258116	0.1000001	6.53972E-05	328.258116
7.1	2.09E-11	328.282672	0.1	6.45439E-05	328.282672
7	2.06E-11	328.307201	0.0999998	6.36923E-05	328.307201
6.9	1.99E-11	328.331767	0.0999998	6.2841E-05	328.331767
6.8	2.01E-11	328.356377	0.1	6.19909E-05	328.356377
6.7	2.67E-11	328.418725	0.0999999	6.11487E-05	328.418725
6.6	2.15E-11	328.443284	0.1000002	6.02987E-05	328.443284
6.5	2E-11	328.467809	0.1	5.94505E-05	328.467809
6.4	1.94E-11	328.492346	0.0999999	5.86048E-05	328.492346
6.3	1.84E-11	328.516961	0.1	5.77591E-05	328.516961
6.2	1.81E-11	328.541534	0.0999998	5.69151E-05	328.541534
6.1	1.73E-11	328.566052	0.0999998	5.60707E-05	328.566052
6	1.72E-11	328.590565	0.0999998	5.52269E-05	328.590565
5.9	1.64E-11	328.615064	0.0999999	5.43863E-05	328.615064
5.8	1.66E-11	328.639579	0.1000002	5.35453E-05	328.639579
5.7	1.6E-11	328.664146	0.1	5.27058E-05	328.664146
5.6	1.62E-11	328.688679	0.0999998	5.18669E-05	328.688679
5.5	1.52E-11	328.713178	0.0999998	5.1029E-05	328.713178
5.4	1.5E-11	328.737696	0.0999999	5.01924E-05	328.737696
5.3	1.5E-11	328.762284	0.1	4.93562E-05	328.762284
5.2	1.39E-11	328.786838	0.0999999	4.85209E-05	328.786838
5.1	1.38E-11	328.811356	0.0999999	4.76882E-05	328.811356
5	1.32E-11	328.835877	0.1	4.68548E-05	328.835877
4.9	1.24E-11	328.860485	0.0999998	4.6022E-05	328.860485
4.8	1.84E-11	328.921822	0.1	4.51959E-05	328.921822
4.7	1.36E-11	328.946359	0.1000001	4.43657E-05	328.946359
4.6	1.24E-11	328.970892	0.1	4.35358E-05	328.970892
4.5	1.17E-11	328.995454	0.0999997	4.27075E-05	328.995454
4.4	1.23E-11	329.020289	0.1	4.188E-05	329.020289
4.3	1.03E-11	329.044819	0.0999999	4.10535E-05	329.044819
4.2	9.8E-12	329.069333	0.1	4.02277E-05	329.069333
4.1	8.9E-12	329.093835	0.1000001	3.9403E-05	329.093835
4	8.2E-12	329.118356	0.0999999	3.85788E-05	329.118356
3.9	7.6E-12	329.142861	0.1000002	3.77559E-05	329.142861
3.8	7.1E-12	329.167444	0.1000001	3.69337E-05	329.167444
3.7	6.7E-12	329.191965	0.1000002	3.61126E-05	329.191965
3.6	6.1E-12	329.216466	0.0999998	3.52925E-05	329.216466
3.5	5.6E-12	329.241029	0.1	3.44731E-05	329.241029
3.4	4.8E-12	329.265521	0.1000001	3.36545E-05	329.265521
3.3	4.4E-12	329.290064	0.0999998	3.28378E-05	329.290064
3.2	3.8E-12	329.31455	0.0999999	3.20215E-05	329.31455
3.1	3.2E-12	329.33908	0.0999999	3.1206E-05	329.33908
3	2.7E-12	329.363699	0.1000002	3.03921E-05	329.363699
2.9	8.7E-12	329.422789	0.0999998	2.95842E-05	329.422789
2.8	2.9E-12	329.447326	0.1000001	2.87707E-05	329.447326
2.7	1.5E-12	329.471844	0.1	2.79594E-05	329.471844
2.6	8E-13	329.496399	0.1000001	2.7149E-05	329.496399
2.5	0	329.520965	0.0999999	2.63401E-05	329.520965
2.4	-1.2E-12	329.545526	0.0999997	2.55316E-05	329.545526
2.3	-1.9E-12	329.570044	0.0999998	2.47252E-05	329.570044
2.2	-3.2E-12	329.59461	0.1000001	2.39201E-05	329.59461
2.099999	-7E-13	329.621041	0.0999999	2.31227E-05	329.621041
2	-4.9E-12	329.645564	0.1000001	2.23203E-05	329.645564
1.9	-6.4E-12	329.670063	0.0999998	2.15198E-05	329.670063
1.8	-7.3E-12	329.694603	0.1	2.07206E-05	329.694603
1.7	-8.4E-12	329.719145	0.1	1.99239E-05	329.719145
1.6	-9.7E-12	329.743673	0.1	1.91291E-05	329.743673
1.5	-1.12E-11	329.768188	0.1	1.83363E-05	329.768188
1.4	-1.2E-11	329.792775	0.0999998	1.75468E-05	329.792775
1.3	-1.33E-11	329.817306	0.0999999	1.67599E-05	329.817306
1.2	-1.51E-11	329.841819	0.1000001	1.59775E-05	329.841819
1.1	-1.66E-11	329.866427	0.0999999	1.51977E-05	329.866427
1	-1.17E-11	329.924348	0.1000001	1.44282E-05	329.924348
0.9	-1.84E-11	329.948865	0.1	1.36575E-05	329.948865
0.8	-2.07E-11	329.973322	0.0999998	1.28941E-05	329.973322
0.7	-2.29E-11	329.997921	0.1	1.21373E-05	329.997921
0.6	-2.51E-11	330.022522	0.0999999	1.13876E-05	330.022522
0.5	-2.7E-11	330.047112	0.1000001	1.06465E-05	330.047112
0.4	-2.94E-11	330.071622	0.0999999	9.914E-06	330.071622
0.3	-3.2E-11	330.09613	0.1000001	9.1887E-06	330.09613
0.1999998	-2.99E-11	330.12512	0.0999999	8.48093E-06	330.12512
0.0999995	-3.59E-11	330.149608	0.1	7.77421E-06	330.149608
-5E-07	-3.83E-11	330.174171	0.0999999	7.07902E-06	330.174171
