#scan	iMeasureCycle=1	iMux=0	time=0.03	N=401	LocalTime=19/04/2023 13:25:36
#VGate(V)	IGate(A)	time(s)	VDrain(V)	IDrain(A)	time(s)
-2E-07	-1.628E-10	0.032885	0.0999998	4.17342E-07	0.032885
-0.1000004	-2.212E-10	0.057798	0.0999998	2.32292E-07	0.057798
-0.2000002	-2.695E-10	0.08252	0.0999998	1.13338E-07	0.08252
-0.3	-1.228E-10	0.120369	0.0999951	4.8001E-08	0.120369
-0.400001	-1.07E-10	0.143635	0.1000032	1.64119E-08	0.143635
-0.500001	-9.24E-11	0.166913	0.1000011	4.7924E-09	0.166913
-0.600001	-8.56E-11	0.190123	0.1000006	1.2018E-09	0.190123
-0.700001	-8.06E-11	0.213323	0.1000004	2.618E-10	0.213323
-0.800001	-7.5E-11	0.236599	0.1000001	4.27E-11	0.236599
-0.900001	-7.27E-11	0.259872	0.1000001	0	0.259872
-1	-7.28E-11	0.28319	0.1000002	-6.3E-12	0.28319
-1.100001	-7.17E-11	0.306403	0.1000003	-6.8E-12	0.306403
-1.200001	-6.94E-11	0.329686	0.1000002	-7.3E-12	0.329686
-1.300001	-7.05E-11	0.352957	0.1	-6.6E-12	0.352957
-1.400001	-7.04E-11	0.376341	0.1000002	-6.4E-12	0.376341
-1.500001	-6.84E-11	0.399637	0.1000002	-6.4E-12	0.399637
-1.600001	-6.83E-11	0.42292	0.1000003	-6.2E-12	0.42292
-1.700001	-6.97E-11	0.446138	0.1000002	-5.8E-12	0.446138
-1.800001	-6.99E-11	0.469339	0.1000002	-5.4E-12	0.469339
-1.900001	-6.81E-11	0.492644	0.1000001	-5.6E-12	0.492644
-2.000001	-6.84E-11	0.515908	0.1000002	-5.6E-12	0.515908
-2.100001	-7E-11	0.539109	0.1000001	-5.2E-12	0.539109
-2.2	-4.79E-11	0.600754	0.1	-6.7E-12	0.600754
-2.3	-6.58E-11	0.624062	0.0999999	-5.3E-12	0.624062
-2.4	-6.9E-11	0.647267	0.1	-5E-12	0.647267
-2.5	-6.89E-11	0.670487	0.1000002	-5.4E-12	0.670487
-2.6	-6.97E-11	0.693828	0.1000002	-5.3E-12	0.693828
-2.7	-6.89E-11	0.717125	0.1000001	-5.1E-12	0.717125
-2.8	-7.07E-11	0.740337	0.1000001	-5.1E-12	0.740337
-2.9	-7.12E-11	0.763554	0.1000002	-4.7E-12	0.763554
-3	-7.17E-11	0.786823	0.1000002	-5.1E-12	0.786823
-3.1	-7.06E-11	0.810122	0.1000002	-5E-12	0.810122
-3.2	-7.28E-11	0.833315	0.1000002	-4.7E-12	0.833315
-3.3	-7.11E-11	0.856613	0.1	-4.9E-12	0.856613
-3.4	-7.32E-11	0.879823	0.1000002	-4.7E-12	0.879823
-3.5	-7.2E-11	0.90312	0.1	-4.9E-12	0.90312
-3.6	-7.36E-11	0.926341	0.1000004	-4.9E-12	0.926341
-3.7	-7.38E-11	0.949562	0.0999999	-4.7E-12	0.949562
-3.8	-7.24E-11	0.972842	0.1	-4.3E-12	0.972842
-3.9	-7.25E-11	0.996141	0.1000002	-4.5E-12	0.996141
-4	-7.46E-11	1.019397	0.1000001	-4.9E-12	1.019397
-4.1	-7.5E-11	1.042608	0.1000001	-4.7E-12	1.042608
-4.2	-5.41E-11	1.092002	0.1	-6.4E-12	1.092002
-4.3	-7.25E-11	1.115311	0.1000002	-4.7E-12	1.115311
-4.4	-7.27E-11	1.138601	0.1000001	-4.5E-12	1.138601
-4.5	-7.5E-11	1.16181	0.1	-4.6E-12	1.16181
-4.6	-7.57E-11	1.185148	0.1000001	-4.4E-12	1.185148
-4.7	-7.43E-11	1.208447	0.1000001	-5E-12	1.208447
-4.8	-7.61E-11	1.231648	0.1000001	-4.7E-12	1.231648
-4.9	-7.65E-11	1.254871	0.1	-4.5E-12	1.254871
-5	-7.51E-11	1.27816	0.1000004	-4.6E-12	1.27816
-5.1	-7.52E-11	1.301529	0.0999999	-4.7E-12	1.301529
-5.2	-7.72E-11	1.324742	0.1	-4.8E-12	1.324742
-5.3	-7.68E-11	1.348045	0.1000002	-4.9E-12	1.348045
-5.4	-7.63E-11	1.371333	0.1	-4.8E-12	1.371333
-5.5	-7.64E-11	1.394642	0.1000002	-4.8E-12	1.394642
-5.6	-7.84E-11	1.417871	0.1000002	-4.7E-12	1.417871
-5.7	-7.87E-11	1.441083	0.1000003	-4.4E-12	1.441083
-5.8	-7.72E-11	1.464364	0.1000001	-4.6E-12	1.464364
-5.9	-7.7E-11	1.487664	0.1	-4.4E-12	1.487664
-6	-7.95E-11	1.510875	0.1000001	-4.3E-12	1.510875
-6.1	-7.98E-11	1.534086	0.1000001	-4E-12	1.534086
-6.2	-7.83E-11	1.557375	0.1000002	-4.5E-12	1.557375
-6.3	-6.01E-11	1.598031	0.0999998	-6.2E-12	1.598031
-6.4	-7.92E-11	1.621273	0.1000001	-4.6E-12	1.621273
-6.5	-7.79E-11	1.644567	0.1000002	-4.3E-12	1.644567
-6.6	-7.83E-11	1.667859	0.1000002	-4E-12	1.667859
-6.7	-8.05E-11	1.69119	0.1	-4E-12	1.69119
-6.8	-8.06E-11	1.714408	0.1	-4.2E-12	1.714408
-6.9	-7.93E-11	1.737692	0.1000001	-4.6E-12	1.737692
-7	-7.9E-11	1.760974	0.1000001	-3.8E-12	1.760974
-7.1	-8.04E-11	1.784204	0.1000001	-4E-12	1.784204
-7.2	-8.18E-11	1.807434	0.1	-4.3E-12	1.807434
-7.3	-7.99E-11	1.830723	0.1000002	-4E-12	1.830723
-7.4	-7.99E-11	1.853991	0.1	-4.2E-12	1.853991
-7.5	-8.2E-11	1.877212	0.1000002	-3.7E-12	1.877212
-7.6	-8.24E-11	1.900429	0.1000002	-3.7E-12	1.900429
-7.7	-8.03E-11	1.923719	0.1000001	-4E-12	1.923719
-7.8	-8.02E-11	1.947003	0.1000003	-4.4E-12	1.947003
-7.9	-8.22E-11	1.970217	0.1000002	-4.1E-12	1.970217
-8	-8.09E-11	1.993586	0.1000002	-4.1E-12	1.993586
-8.1	-8.06E-11	2.016944	0.1000001	-3.7E-12	2.016944
-8.2	-8.32E-11	2.040157	0.1000001	-3.8E-12	2.040157
-8.3	-6.22E-11	2.099359	0.0999999	-5.8E-12	2.099359
-8.4	-8.17E-11	2.122591	0.1000002	-3.8E-12	2.122591
-8.5	-8.04E-11	2.145889	0.1000002	-3.7E-12	2.145889
-8.6	-8.06E-11	2.169178	0.1	-3.7E-12	2.169178
-8.7	-8.24E-11	2.192454	0.1000001	-4.1E-12	2.192454
-8.8	-8.31E-11	2.215672	0.1000001	-3.9E-12	2.215672
-8.9	-8.14E-11	2.238963	0.1000001	-4.2E-12	2.238963
-9	-8.11E-11	2.262249	0.0999998	-3.8E-12	2.262249
-9.1	-8.24E-11	2.285498	0.1000002	-4E-12	2.285498
-9.2	-8.31E-11	2.308746	0.1000001	-4E-12	2.308746
-9.3	-8.22E-11	2.332042	0.1000001	-4E-12	2.332042
-9.4	-8.41E-11	2.355317	0.1	-3.9E-12	2.355317
-9.5	-8.45E-11	2.37853	0.1000001	-3.5E-12	2.37853
-9.6	-8.22E-11	2.401837	0.1000001	-3.8E-12	2.401837
-9.7	-8.29E-11	2.425137	0.1000003	-3.4E-12	2.425137
-9.8	-8.51E-11	2.448356	0.1000001	-3.3E-12	2.448356
-9.9	-8.54E-11	2.471571	0.1000002	-3.7E-12	2.471571
-10	-8.33E-11	2.494873	0.1000001	-3.9E-12	2.494873
-9.90001	-4.51E-11	2.518176	0.0999997	-7.1E-12	2.518176
-9.80001	-4.02E-11	2.541381	0.0999997	-7E-12	2.541381
-9.70001	-5.55E-11	2.600875	0.0999999	-5.4E-12	2.600875
-9.60001	-3.62E-11	2.624183	0.0999997	-6.9E-12	2.624183
-9.50001	-3.55E-11	2.647483	0.0999996	-7.5E-12	2.647483
-9.40001	-3.24E-11	2.670696	0.0999999	-7.2E-12	2.670696
-9.30001	-3.12E-11	2.693969	0.0999999	-7.4E-12	2.693969
-9.20001	-3.18E-11	2.717271	0.0999998	-7.8E-12	2.717271
-9.10001	-3.13E-11	2.740561	0.0999999	-7.6E-12	2.740561
-9.00001	-3E-11	2.763838	0.0999998	-7.4E-12	2.763838
-8.90001	-2.8E-11	2.78707	0.0999996	-7.3E-12	2.78707
-8.80001	-2.88E-11	2.810379	0.0999999	-7.6E-12	2.810379
-8.70001	-2.67E-11	2.833585	0.0999997	-7.6E-12	2.833585
-8.60001	-2.58E-11	2.856806	0.0999998	-8E-12	2.856806
-8.50001	-2.7E-11	2.880101	0.0999996	-7.4E-12	2.880101
-8.40001	-2.65E-11	2.903472	0.0999997	-7.3E-12	2.903472
-8.30001	-2.39E-11	2.926706	0.0999998	-7.5E-12	2.926706
-8.20001	-2.5E-11	2.950013	0.0999999	-7.3E-12	2.950013
-8.10001	-2.42E-11	2.973285	0.0999996	-7.5E-12	2.973285
-8	-2.43E-11	2.996576	0.0999997	-7.8E-12	2.996576
-7.90001	-2.21E-11	3.019841	0.0999998	-7.9E-12	3.019841
-7.80001	-2.13E-11	3.043054	0.0999997	-7.9E-12	3.043054
-7.70001	-4.12E-11	3.097762	0.0999999	-5.7E-12	3.097762
-7.6	-2.19E-11	3.120997	0.0999997	-7.7E-12	3.120997
-7.50001	-2.13E-11	3.144213	0.0999998	-7.8E-12	3.144213
-7.40001	-2.08E-11	3.167437	0.0999998	-7.6E-12	3.167437
-7.30001	-2.25E-11	3.190772	0.0999998	-7.5E-12	3.190772
-7.2	-2E-11	3.213991	0.0999998	-8.1E-12	3.213991
-7.10001	-2.19E-11	3.237287	0.0999998	-7.6E-12	3.237287
-7.00001	-2.08E-11	3.260575	0.0999996	-7.5E-12	3.260575
-6.90001	-2.01E-11	3.283858	0.0999996	-7.6E-12	3.283858
-6.80001	-1.82E-11	3.30723	0.0999995	-7.7E-12	3.30723
-6.70001	-1.96E-11	3.330526	0.0999999	-7.7E-12	3.330526
-6.60001	-1.91E-11	3.353874	0.0999996	-8E-12	3.353874
-6.50001	-1.74E-11	3.37709	0.0999996	-8.1E-12	3.37709
-6.40001	-1.59E-11	3.400302	0.0999997	-8E-12	3.400302
-6.30001	-1.86E-11	3.423616	0.0999998	-7.9E-12	3.423616
-6.20001	-1.82E-11	3.446914	0.0999997	-8.1E-12	3.446914
-6.10001	-1.5E-11	3.470116	0.0999996	-8.4E-12	3.470116
-6.00001	-1.48E-11	3.493321	0.0999997	-8.7E-12	3.493321
-5.90001	-1.62E-11	3.516617	0.0999997	-7.8E-12	3.516617
-5.80001	-1.63E-11	3.539906	0.0999996	-8E-12	3.539906
-5.70001	-1.45E-11	3.563128	0.0999997	-8.3E-12	3.563128
-5.60001	-3.3E-11	3.600114	0.0999999	-6.7E-12	3.600114
-5.50001	-1.44E-11	3.623368	0.0999998	-8.5E-12	3.623368
-5.40001	-1.3E-11	3.646584	0.0999997	-8.3E-12	3.646584
-5.30001	-1.42E-11	3.669874	0.0999998	-8.1E-12	3.669874
-5.20001	-1.35E-11	3.693211	0.0999998	-8.1E-12	3.693211
-5.1	-1.18E-11	3.716418	0.0999996	-7.8E-12	3.716418
-5.00001	-1.12E-11	3.739647	0.0999997	-8.5E-12	3.739647
-4.90001	-1.19E-11	3.762938	0.0999998	-8.6E-12	3.762938
-4.80001	-1.18E-11	3.78623	0.0999998	-8.1E-12	3.78623
-4.7	-9.9E-12	3.80953	0.0999996	-8.2E-12	3.80953
-4.60001	-1.1E-11	3.832828	0.0999996	-8.3E-12	3.832828
-4.50001	-1.05E-11	3.856114	0.0999997	-8.4E-12	3.856114
-4.40001	-8.3E-12	3.879336	0.0999998	-8.3E-12	3.879336
-4.3	-7.8E-12	3.902552	0.0999996	-8.9E-12	3.902552
-4.20001	-7.4E-12	3.925773	0.0999996	-9E-12	3.925773
-4.10001	-8.6E-12	3.949067	0.0999999	-8.5E-12	3.949067
-4.00001	-8.3E-12	3.972354	0.0999997	-8.4E-12	3.972354
-3.90001	-7.5E-12	3.995635	0.0999998	-8.6E-12	3.995635
-3.80001	-7.3E-12	4.018968	0.0999998	-8.9E-12	4.018968
-3.70001	-6.5E-12	4.042258	0.0999997	-8.7E-12	4.042258
-3.60001	-2.61E-11	4.089883	0.1	-7.1E-12	4.089883
-3.50001	-8E-12	4.113243	0.0999998	-8.7E-12	4.113243
-3.40001	-5.1E-12	4.136476	0.0999998	-8.8E-12	4.136476
-3.30001	-4.1E-12	4.159689	0.0999998	-9E-12	4.159689
-3.20001	-3.3E-12	4.18289	0.0999997	-8.9E-12	4.18289
-3.10001	-4.4E-12	4.20624	0.0999998	-8.8E-12	4.20624
-3.00001	-2.5E-12	4.229468	0.0999998	-9.1E-12	4.229468
-2.90001	-1E-12	4.252679	0.0999997	-8.9E-12	4.252679
-2.80001	-7E-13	4.275894	0.0999996	-9.1E-12	4.275894
-2.70001	-1.9E-12	4.299274	0.0999997	-9.6E-12	4.299274
-2.60001	-2.2E-12	4.322608	0.0999999	-9.4E-12	4.322608
-2.50001	1.1E-12	4.345817	0.0999996	-9.7E-12	4.345817
-2.40001	1E-12	4.369163	0.0999996	-9.3E-12	4.369163
-2.30001	1.2E-12	4.392451	0.0999998	-9.5E-12	4.392451
-2.20001	3.6E-12	4.415682	0.0999997	-1.01E-11	4.415682
-2.099999	-1.29E-11	4.440818	0.0999998	-8.3E-12	4.440818
-2	5.2E-12	4.464025	0.0999995	-1.02E-11	4.464025
-1.9	4.2E-12	4.487307	0.0999996	-1.02E-11	4.487307
-1.8	5.3E-12	4.510583	0.0999997	-1.06E-11	4.510583
-1.7	8E-12	4.53388	0.0999998	-1.05E-11	4.53388
-1.6	7E-12	4.557162	0.0999998	-1.08E-11	4.557162
-1.500001	-1.16E-11	4.60677	0.1	-8.5E-12	4.60677
-1.4	8.8E-12	4.630006	0.0999997	-1.05E-11	4.630006
-1.3	1.01E-11	4.65323	0.1	-1.05E-11	4.65323
-1.2	1.03E-11	4.676512	0.0999997	-1.05E-11	4.676512
-1.1	1.11E-11	4.699861	0.0999998	-1E-11	4.699861
-1	1.45E-11	4.723072	0.0999996	-7.4E-12	4.723072
-0.9	1.58E-11	4.746285	0.0999997	1.28E-11	4.746285
-0.8	1.58E-11	4.769561	0.0999998	1.161E-10	4.769561
-0.7	1.82E-11	4.79287	0.0999998	5.666E-10	4.79287
-0.599999	1.96E-11	4.816108	0.1000007	2.3211E-09	4.816108
-0.5	2.03E-11	4.839394	0.1000032	8.2379E-09	4.839394
-0.4	2.19E-11	4.86266	0.1000089	2.50752E-08	4.86266
-0.3	2.36E-11	4.885925	0.1000128	6.47614E-08	4.885925
-0.1999999	5.1E-12	4.927244	0.1000001	1.38253E-07	4.927244
-0.0999997	1.2E-11	4.951839	0.1000007	2.70304E-07	4.951839
3E-07	1.35E-11	4.976313	0.1000009	4.62744E-07	4.976313
0.1000003	1.6E-11	5.000813	0.1000011	7.19074E-07	5.000813
0.1999999	1.24E-11	5.035438	0.1	1.03057E-06	5.035438
0.299999	1.9E-11	5.06014	0.0999999	1.40616E-06	5.06014
0.399999	1.45E-11	5.114916	0.0999998	1.81399E-06	5.114916
0.5	2.17E-11	5.139456	0.1	2.27806E-06	5.139456
0.599999	2.4E-11	5.163952	0.1000002	2.77147E-06	5.163952
0.7	2.58E-11	5.188456	0.1	3.29067E-06	5.188456
0.799999	2.77E-11	5.213003	0.1000001	3.83158E-06	5.213003
0.9	2.97E-11	5.237558	0.1	4.39193E-06	5.237558
0.999999	3.16E-11	5.262093	0.1000002	4.96883E-06	5.262093
1.1	3.35E-11	5.286623	0.1	5.5603E-06	5.286623
1.2	3.49E-11	5.311203	0.1000003	6.1642E-06	5.311203
1.3	3.68E-11	5.335708	0.1000001	6.77875E-06	5.335708
1.4	3.76E-11	5.360301	0.1000001	7.40185E-06	5.360301
1.5	3.93E-11	5.384811	0.1000002	8.03335E-06	5.384811
1.6	4.03E-11	5.409299	0.1000001	8.67092E-06	5.409299
1.699999	4.12E-11	5.433824	0.1000001	9.31376E-06	5.433824
1.799999	4.2E-11	5.458367	0.1	9.96151E-06	5.458367
1.899999	3.8E-11	5.492995	0.1000001	1.06049E-05	5.492995
2	4.28E-11	5.51755	0.1000002	1.1263E-05	5.51755
2.1	4.4E-11	5.542061	0.0999999	1.19231E-05	5.542061
2.19999	4.44E-11	5.566784	0.0999999	1.25856E-05	5.566784
2.29999	3.95E-11	5.609707	0.1	1.32426E-05	5.609707
2.39999	4.49E-11	5.634284	0.1000002	1.39136E-05	5.634284
2.49999	4.58E-11	5.658818	0.1	1.45858E-05	5.658818
2.59999	4.61E-11	5.683356	0.1000002	1.52598E-05	5.683356
2.69999	4.64E-11	5.707942	0.1000002	1.59356E-05	5.707942
2.79999	4.75E-11	5.732423	0.1000002	1.66132E-05	5.732423
2.89999	4.8E-11	5.75695	0.1	1.72934E-05	5.75695
2.99999	4.89E-11	5.781454	0.1000001	1.79754E-05	5.781454
3.09999	4.88E-11	5.80611	0.1000001	1.86591E-05	5.80611
3.19999	4.94E-11	5.830607	0.0999999	1.93449E-05	5.830607
3.29999	4.93E-11	5.855181	0.1000003	2.00328E-05	5.855181
3.39999	5.01E-11	5.879684	0.1000002	2.07221E-05	5.879684
3.49999	4.98E-11	5.904227	0.1	2.14131E-05	5.904227
3.59999	5.04E-11	5.928743	0.0999999	2.21067E-05	5.928743
3.69999	5.04E-11	5.95329	0.1000002	2.28018E-05	5.95329
3.79999	5.08E-11	5.977825	0.1000001	2.34983E-05	5.977825
3.89999	5.12E-11	6.002327	0.1000001	2.4197E-05	6.002327
3.99999	5.17E-11	6.026926	0.1000001	2.48973E-05	6.026926
4.09999	5.2E-11	6.051579	0.1000002	2.55995E-05	6.051579
4.19999	4.44E-11	6.112634	0.1000001	2.62904E-05	6.112634
4.29999	4.98E-11	6.137143	0.1000001	2.70004E-05	6.137143
4.39999	5.09E-11	6.161678	0.1	2.77095E-05	6.161678
4.49999	5.13E-11	6.186207	0.1000001	2.84195E-05	6.186207
4.59999	5.21E-11	6.210775	0.1	2.91314E-05	6.210775
4.69999	5.18E-11	6.235299	0.1000001	2.98449E-05	6.235299
4.79999	5.2E-11	6.259846	0.0999999	3.05598E-05	6.259846
4.89999	5.27E-11	6.284377	0.1000001	3.1276E-05	6.284377
4.99999	5.32E-11	6.308974	0.1000001	3.19946E-05	6.308974
5.09999	5.36E-11	6.333498	0.1000002	3.2714E-05	6.333498
5.19999	5.39E-11	6.358039	0.1000001	3.34355E-05	6.358039
5.29999	5.41E-11	6.382572	0.1000001	3.41582E-05	6.382572
5.39999	5.39E-11	6.407081	0.1000002	3.48838E-05	6.407081
5.49999	5.44E-11	6.431614	0.1000002	3.56103E-05	6.431614
5.59999	5.4E-11	6.456201	0.0999999	3.63378E-05	6.456201
5.69999	5.47E-11	6.480699	0.1000003	3.70675E-05	6.480699
5.79999	5.51E-11	6.505207	0.1000001	3.77996E-05	6.505207
5.89999	5.52E-11	6.529718	0.1000003	3.85318E-05	6.529718
5.99999	5.55E-11	6.554228	0.0999999	3.92663E-05	6.554228
6.09999	4.85E-11	6.614242	0.1000001	3.99914E-05	6.614242
6.19999	5.34E-11	6.63877	0.1	4.07325E-05	6.63877
6.29999	5.41E-11	6.663322	0.1000001	4.14737E-05	6.663322
6.39999	5.43E-11	6.687891	0.1000001	4.2216E-05	6.687891
6.49999	5.49E-11	6.712458	0.1	4.29586E-05	6.712458
6.59999	5.5E-11	6.736966	0.0999999	4.37035E-05	6.736966
6.69999	5.58E-11	6.761485	0.1	4.44503E-05	6.761485
6.79999	5.6E-11	6.785995	0.1	4.51979E-05	6.785995
6.89999	5.6E-11	6.810601	0.1	4.59468E-05	6.810601
6.99999	5.65E-11	6.835121	0.1000001	4.66978E-05	6.835121
7.09999	5.62E-11	6.85963	0.1000002	4.74503E-05	6.85963
7.19999	5.69E-11	6.884139	0.1000002	4.82043E-05	6.884139
7.29999	5.68E-11	6.90868	0.1	4.89594E-05	6.90868
7.39999	5.73E-11	6.933197	0.1	4.97157E-05	6.933197
7.49999	5.65E-11	6.957845	0.1000003	5.04752E-05	6.957845
7.59999	5.73E-11	6.982358	0.1000001	5.12349E-05	6.982358
7.69999	5.75E-11	7.006887	0.1	5.19974E-05	7.006887
7.79999	5.71E-11	7.031459	0.1000002	5.27606E-05	7.031459
7.89999	5.75E-11	7.055994	0.0999999	5.35256E-05	7.055994
7.99999	5.11E-11	7.111048	0.1000001	5.42832E-05	7.111048
8.09999	5.57E-11	7.135594	0.0999999	5.50539E-05	7.135594
8.19999	5.62E-11	7.160203	0.1	5.58239E-05	7.160203
8.29999	5.72E-11	7.184719	0.1000001	5.65966E-05	7.184719
8.39999	5.73E-11	7.209313	0.1000002	5.73694E-05	7.209313
8.49999	5.74E-11	7.233867	0.1000001	5.8144E-05	7.233867
8.59999	5.81E-11	7.258391	0.1	5.89195E-05	7.258391
8.69999	5.82E-11	7.282893	0.1000001	5.96974E-05	7.282893
8.79999	5.82E-11	7.307507	0.0999999	6.04764E-05	7.307507
8.89999	5.85E-11	7.332005	0.1000001	6.12576E-05	7.332005
8.99999	5.89E-11	7.356522	0.1000001	6.204E-05	7.356522
9.09999	5.86E-11	7.38111	0.1000002	6.28238E-05	7.38111
9.19999	5.87E-11	7.405603	0.0999998	6.36087E-05	7.405603
9.29999	5.9E-11	7.430122	0.0999999	6.43934E-05	7.430122
9.39999	5.91E-11	7.454645	0.1000002	6.51826E-05	7.454645
9.49999	5.95E-11	7.47917	0.1	6.59733E-05	7.47917
9.59999	5.96E-11	7.503668	0.1	6.67654E-05	7.503668
9.69999	5.96E-11	7.528226	0.1	6.75583E-05	7.528226
9.79999	6.02E-11	7.55273	0.0999999	6.83533E-05	7.55273
9.89999	5.27E-11	7.611147	0.1	6.91404E-05	7.611147
9.99999	5.81E-11	7.635717	0.1000001	6.9941E-05	7.635717
9.9	4.47E-11	7.660236	0.0999999	6.91285E-05	7.660236
9.8	4.2E-11	7.684758	0.0999999	6.83207E-05	7.684758
9.7	4.05E-11	7.709331	0.1000001	6.75159E-05	7.709331
9.6	3.89E-11	7.733839	0.1	6.6713E-05	7.733839
9.5	3.76E-11	7.758349	0.1	6.5913E-05	7.758349
9.4	3.58E-11	7.78285	0.0999999	6.51135E-05	7.78285
9.3	3.53E-11	7.807447	0.0999998	6.43175E-05	7.807447
9.2	3.39E-11	7.831963	0.0999999	6.35219E-05	7.831963
9.1	3.35E-11	7.856479	0.0999999	6.2729E-05	7.856479
9	3.21E-11	7.881026	0.1	6.19374E-05	7.881026
8.9	3.16E-11	7.905547	0.0999997	6.11496E-05	7.905547
8.8	3.09E-11	7.930058	0.0999998	6.03593E-05	7.930058
8.7	3.11E-11	7.954659	0.1	5.95712E-05	7.954659
8.6	3.04E-11	7.979192	0.1	5.87837E-05	7.979192
8.5	3.01E-11	8.003742	0.1000002	5.7999E-05	8.003742
8.4	2.88E-11	8.028288	0.1	5.72155E-05	8.028288
8.3	2.86E-11	8.052827	0.0999999	5.64342E-05	8.052827
8.2	3.43E-11	8.101139	0.0999999	5.56566E-05	8.101139
8.1	2.86E-11	8.125729	0.0999998	5.4877E-05	8.125729
8	2.79E-11	8.150242	0.0999999	5.41007E-05	8.150242
7.9	2.74E-11	8.174865	0.0999997	5.33255E-05	8.174865
7.8	3.07E-11	8.201754	0.0999998	5.25527E-05	8.201754
7.7	2.61E-11	8.226298	0.0999999	5.17805E-05	8.226298
7.6	2.59E-11	8.250805	0.0999999	5.10094E-05	8.250805
7.5	2.52E-11	8.275421	0.1	5.02409E-05	8.275421
7.4	2.48E-11	8.299943	0.0999999	4.94732E-05	8.299943
7.3	2.48E-11	8.324571	0.0999999	4.87087E-05	8.324571
7.2	2.39E-11	8.349104	0.1000001	4.79442E-05	8.349104
7.1	2.34E-11	8.373684	0.1000001	4.71818E-05	8.373684
7	2.32E-11	8.398226	0.0999998	4.64206E-05	8.398226
6.9	2.25E-11	8.422762	0.1	4.56618E-05	8.422762
6.8	2.22E-11	8.447326	0.0999998	4.49036E-05	8.447326
6.7	2.22E-11	8.471875	0.0999999	4.41475E-05	8.471875
6.6	2.22E-11	8.496427	0.0999997	4.33926E-05	8.496427
6.5	2.16E-11	8.520952	0.0999998	4.26399E-05	8.520952
6.4	2.09E-11	8.545546	0.0999999	4.18878E-05	8.545546
6.3	2.11E-11	8.570128	0.0999998	4.11379E-05	8.570128
6.2	2.63E-11	8.620171	0.0999999	4.03941E-05	8.620171
6.1	2.1E-11	8.644686	0.1000001	3.96462E-05	8.644686
6	2.03E-11	8.669244	0.1000001	3.89012E-05	8.669244
5.9	1.99E-11	8.6938	0.1	3.81568E-05	8.6938
5.8	1.91E-11	8.718387	0.1000002	3.74149E-05	8.718387
5.7	1.86E-11	8.742901	0.0999999	3.66744E-05	8.742901
5.6	1.83E-11	8.767518	0.0999999	3.59359E-05	8.767518
5.5	1.79E-11	8.792034	0.0999998	3.51988E-05	8.792034
5.4	1.8E-11	8.816651	0.1000002	3.44632E-05	8.816651
5.3	1.68E-11	8.841176	0.1	3.373E-05	8.841176
5.2	1.66E-11	8.865731	0.0999998	3.29985E-05	8.865731
5.1	1.62E-11	8.890277	0.0999998	3.22678E-05	8.890277
5	1.57E-11	8.91483	0.1000001	3.15396E-05	8.91483
4.9	1.52E-11	8.939333	0.1000001	3.08131E-05	8.939333
4.8	1.45E-11	8.963832	0.0999999	3.00889E-05	8.963832
4.7	1.47E-11	8.988396	0.1	2.93658E-05	8.988396
4.6	1.39E-11	9.012913	0.0999999	2.86442E-05	9.012913
4.5	1.33E-11	9.037501	0.1	2.79244E-05	9.037501
4.4	1.22E-11	9.062016	0.0999999	2.72064E-05	9.062016
4.3	1.91E-11	9.121764	0.1000001	2.64964E-05	9.121764
4.2	1.36E-11	9.146325	0.1	2.5781E-05	9.146325
4.1	1.28E-11	9.170846	0.1000001	2.50684E-05	9.170846
4	1.18E-11	9.195365	0.0999999	2.43578E-05	9.195365
3.9	1.09E-11	9.21998	0.1	2.36498E-05	9.21998
3.8	1.02E-11	9.244475	0.0999999	2.2944E-05	9.244475
3.7	1.02E-11	9.269091	0.1	2.22394E-05	9.269091
3.6	9.1E-12	9.293605	0.1000001	2.15371E-05	9.293605
3.5	8.5E-12	9.318226	0.1000001	2.08377E-05	9.318226
3.4	7.5E-12	9.342736	0.0999999	2.014E-05	9.342736
3.3	7.2E-12	9.367535	0.1000002	1.94442E-05	9.367535
3.2	6.6E-12	9.392112	0.0999999	1.87513E-05	9.392112
3.1	6.2E-12	9.416643	0.0999999	1.80605E-05	9.416643
3	5.4E-12	9.441159	0.1000001	1.7372E-05	9.441159
2.9	4.6E-12	9.465678	0.1	1.66852E-05	9.465678
2.8	4.1E-12	9.490222	0.0999999	1.60017E-05	9.490222
2.7	2.8E-12	9.51473	0.1	1.53207E-05	9.51473
2.6	2.1E-12	9.539249	0.1	1.46428E-05	9.539249
2.5	1.5E-12	9.563763	0.1	1.39671E-05	9.563763
2.4	7.5E-12	9.623561	0.0999999	1.32997E-05	9.623561
2.3	1.5E-12	9.648102	0.1000003	1.26295E-05	9.648102
2.2	-3E-13	9.672607	0.0999999	1.1963E-05	9.672607
2.099999	2.3E-12	9.699055	0.1	1.1302E-05	9.699055
2	-2.1E-12	9.723653	0.0999999	1.06438E-05	9.723653
1.9	-3.5E-12	9.748179	0.0999998	9.9906E-06	9.748179
1.8	-4E-12	9.772682	0.0999999	9.3419E-06	9.772682
1.7	-2E-12	9.799836	0.1000001	8.70247E-06	9.799836
1.6	-6.6E-12	9.824466	0.0999999	8.06455E-06	9.824466
1.5	-8.1E-12	9.849014	0.1000001	7.43416E-06	9.849014
1.4	-9.6E-12	9.873554	0.0999998	6.81218E-06	9.873554
1.3	-1.07E-11	9.898094	0.1000001	6.19968E-06	9.898094
1.2	-1.28E-11	9.922608	0.0999998	5.5979E-06	9.922608
1.1	-1.41E-11	9.94714	0.1	5.00962E-06	9.94714
1	-1.57E-11	9.97168	0.1	4.4362E-06	9.97168
0.9	-1.77E-11	9.99619	0.0999999	3.88059E-06	9.99619
0.8	-1.92E-11	10.020702	0.1	3.34485E-06	10.020702
0.7	-2.12E-11	10.045272	0.0999999	2.83141E-06	10.045272
0.6	-2.29E-11	10.069776	0.1000001	2.34443E-06	10.069776
0.5	-1.85E-11	10.124817	0.0999999	1.89484E-06	10.124817
0.4	-2.59E-11	10.149321	0.1	1.47315E-06	10.149321
0.3	-2.88E-11	10.173844	0.1	1.09761E-06	10.173844
0.2	-2.69E-11	10.203056	0.0999995	7.75906E-07	10.203056
0.0999995	-3.3E-11	10.227625	0.0999995	5.0892E-07	10.227625
-1E-07	-3.55E-11	10.252114	0.0999995	3.05001E-07	10.252114
#scan	iMeasureCycle=2	iMux=0	time=279.684	N=401	LocalTime=19/04/2023 13:30:16
#VGate(V)	IGate(A)	time(s)	VDrain(V)	IDrain(A)	time(s)
0	-1.47E-11	279.691659	0.0999995	3.63618E-07	279.691659
-0.1000004	-2.24E-11	279.71653	0.0999997	1.97241E-07	279.71653
-0.2000001	-2.41E-11	279.742142	0.0999998	9.326E-08	279.742142
-0.299999	-2.46E-11	279.779981	0.0999956	3.80887E-08	279.779981
-0.400001	-4.67E-11	279.803211	0.1000034	1.25949E-08	279.803211
-0.500001	-4.82E-11	279.826515	0.1000009	3.5826E-09	279.826515
-0.600001	-5.23E-11	279.849706	0.1000005	8.904E-10	279.849706
-0.700001	-5.43E-11	279.872912	0.1000001	1.915E-10	279.872912
-0.800001	-5.45E-11	279.896206	0.1000002	3.12E-11	279.896206
-0.900001	-5.55E-11	279.919492	0.1	-7E-13	279.919492
-1.000001	-5.84E-11	279.942695	0.1	-5.1E-12	279.942695
-1.100001	-6.01E-11	279.965903	0.1000002	-5.7E-12	279.965903
-1.200001	-5.85E-11	279.989239	0.1000002	-6.2E-12	279.989239
-1.300001	-5.96E-11	280.012577	0.1000001	-6.1E-12	280.012577
-1.400001	-6.3E-11	280.035836	0.1000002	-5.6E-12	280.035836
-1.500001	-6.42E-11	280.059041	0.1000001	-5.9E-12	280.059041
-1.600001	-6.33E-11	280.082329	0.1	-5.6E-12	280.082329
-1.700001	-6.57E-11	280.105559	0.0999999	-5.6E-12	280.105559
-1.800001	-6.61E-11	280.128774	0.1000002	-5.2E-12	280.128774
-1.900001	-6.72E-11	280.15198	0.1000001	-5.4E-12	280.15198
-2.000001	-6.57E-11	280.175267	0.1000002	-6.2E-12	280.175267
-2.100001	-6.56E-11	280.198646	0.1	-5.9E-12	280.198646
-2.2	-4.62E-11	280.258658	0.0999997	-6.8E-12	280.258658
-2.3	-6.64E-11	280.281877	0.1000003	-5.2E-12	280.281877
-2.4	-6.71E-11	280.305151	0.1000001	-5.4E-12	280.305151
-2.5	-6.87E-11	280.328379	0.1000001	-5E-12	280.328379
-2.6	-6.66E-11	280.351745	0.1000002	-5.2E-12	280.351745
-2.7	-6.97E-11	280.375027	0.1000001	-5.1E-12	280.375027
-2.8	-7E-11	280.398272	0.1000001	-5.1E-12	280.398272
-2.9	-6.98E-11	280.421558	0.1	-4.8E-12	280.421558
-3	-7.11E-11	280.444773	0.1000002	-5.5E-12	280.444773
-3.1	-7.17E-11	280.46799	0.1000001	-5.4E-12	280.46799
-3.2	-7.25E-11	280.4912	0.1000001	-5.2E-12	280.4912
-3.3	-7.28E-11	280.514418	0.1	-4.8E-12	280.514418
-3.4	-7.14E-11	280.537782	0.1	-5.1E-12	280.537782
-3.5	-7.32E-11	280.560999	0.1	-5.1E-12	280.560999
-3.6	-7.34E-11	280.584218	0.1000003	-5.1E-12	280.584218
-3.7	-7.41E-11	280.607455	0.1000002	-5.1E-12	280.607455
-3.8	-7.25E-11	280.630744	0.1	-5.3E-12	280.630744
-3.9	-7.48E-11	280.653942	0.1	-4.9E-12	280.653942
-4	-7.49E-11	280.677151	0.1000002	-4.7E-12	280.677151
-4.1	-7.49E-11	280.700419	0.1000002	-4.5E-12	280.700419
-4.2	-5.41E-11	280.754659	0.0999999	-6.7E-12	280.754659
-4.3	-7.39E-11	280.777896	0.1000002	-4.7E-12	280.777896
-4.4	-7.31E-11	280.801201	0.1	-4.8E-12	280.801201
-4.5	-7.5E-11	280.824509	0.1000001	-5.1E-12	280.824509
-4.6	-7.37E-11	280.847864	0.1000003	-4.8E-12	280.847864
-4.7	-7.41E-11	280.871146	0.1000001	-5E-12	280.871146
-4.8	-7.62E-11	280.894371	0.1000002	-5.1E-12	280.894371
-4.9	-7.64E-11	280.917591	0.1	-4.4E-12	280.917591
-5	-7.52E-11	280.940883	0.1000002	-5.1E-12	280.940883
-5.1	-7.59E-11	280.964161	0.1000002	-4.7E-12	280.964161
-5.2	-7.79E-11	280.987376	0.1000002	-4.5E-12	280.987376
-5.3	-7.79E-11	281.010592	0.1	-4.8E-12	281.010592
-5.4	-7.65E-11	281.033937	0.1000001	-4.4E-12	281.033937
-5.5	-7.72E-11	281.057226	0.1000002	-5E-12	281.057226
-5.6	-7.85E-11	281.080454	0.1000003	-4.6E-12	281.080454
-5.7	-7.87E-11	281.103688	0.1000001	-5E-12	281.103688
-5.8	-7.74E-11	281.126981	0.1	-5.2E-12	281.126981
-5.9	-7.76E-11	281.150273	0.1000002	-5E-12	281.150273
-6	-7.98E-11	281.173487	0.1000002	-4.6E-12	281.173487
-6.1	-7.94E-11	281.196741	0.1000001	-4.6E-12	281.196741
-6.2	-5.91E-11	281.256038	0.0999998	-6.6E-12	281.256038
-6.3	-7.67E-11	281.279358	0.1	-4.4E-12	281.279358
-6.4	-7.91E-11	281.302588	0.1	-4.4E-12	281.302588
-6.5	-8.02E-11	281.325883	0.1000001	-4E-12	281.325883
-6.6	-7.81E-11	281.349231	0.1000001	-4.2E-12	281.349231
-6.7	-7.82E-11	281.372575	0.1	-4.3E-12	281.372575
-6.8	-8.06E-11	281.395794	0.1	-4.6E-12	281.395794
-6.9	-8.08E-11	281.419014	0.1000001	-4.1E-12	281.419014
-7	-7.9E-11	281.44231	0.1000001	-4.9E-12	281.44231
-7.1	-7.91E-11	281.465596	0.1000003	-4.6E-12	281.465596
-7.2	-8.14E-11	281.488792	0.1000002	-4.4E-12	281.488792
-7.3	-8.14E-11	281.512081	0.1000001	-4.4E-12	281.512081
-7.4	-8.03E-11	281.535365	0.1000002	-4.5E-12	281.535365
-7.5	-8.05E-11	281.558645	0.1000002	-4.5E-12	281.558645
-7.6	-8.16E-11	281.581883	0.1	-4E-12	281.581883
-7.7	-8.24E-11	281.605113	0.1000001	-4.1E-12	281.605113
-7.8	-8.08E-11	281.628407	0.1000003	-4.1E-12	281.628407
-7.9	-8.24E-11	281.65161	0.1000002	-4E-12	281.65161
-8	-8.33E-11	281.674832	0.1000003	-4E-12	281.674832
-8.1	-8.24E-11	281.698123	0.1000001	-4.3E-12	281.698123
-8.2	-6.28E-11	281.753215	0.1000001	-5.7E-12	281.753215
-8.3	-8.03E-11	281.776523	0.1	-4.2E-12	281.776523
-8.4	-8.2E-11	281.79974	0.1000001	-3.7E-12	281.79974
-8.5	-8.27E-11	281.823048	0.1	-3.9E-12	281.823048
-8.6	-8.32E-11	281.846307	0.1000003	-4E-12	281.846307
-8.7	-8.23E-11	281.869602	0.1000002	-3.5E-12	281.869602
-8.8	-8.2E-11	281.892892	0.1000001	-3.8E-12	281.892892
-8.9	-8.43E-11	281.91624	0.1000002	-3.8E-12	281.91624
-9	-8.27E-11	281.939527	0.1000001	-4E-12	281.939527
-9.1	-8.27E-11	281.962805	0.0999999	-4E-12	281.962805
-9.2	-8.43E-11	281.986023	0.1000001	-3.5E-12	281.986023
-9.3	-8.53E-11	282.009241	0.0999999	-3.5E-12	282.009241
-9.4	-8.28E-11	282.032615	0.1000001	-3.9E-12	282.032615
-9.5	-8.35E-11	282.055906	0.1000002	-3.8E-12	282.055906
-9.6	-8.49E-11	282.079132	0.1000001	-3.4E-12	282.079132
-9.7	-8.52E-11	282.102384	0.1000002	-3.4E-12	282.102384
-9.8	-8.35E-11	282.125686	0.1	-3.7E-12	282.125686
-9.9	-8.59E-11	282.148887	0.1000002	-3.4E-12	282.148887
-10	-8.63E-11	282.172107	0.1000003	-3.1E-12	282.172107
-9.90001	-4.33E-11	282.195319	0.0999998	-7.1E-12	282.195319
-9.80001	-4.18E-11	282.218614	0.0999997	-7.2E-12	282.218614
-9.70001	-5.64E-11	282.258973	0.0999998	-5.8E-12	282.258973
-9.60001	-3.62E-11	282.282196	0.0999997	-7.2E-12	282.282196
-9.50001	-3.41E-11	282.305422	0.0999995	-7.3E-12	282.305422
-9.40001	-3.22E-11	282.328716	0.0999997	-7.2E-12	282.328716
-9.30001	-3.32E-11	282.352054	0.0999997	-7.4E-12	282.352054
-9.20001	-3.13E-11	282.37533	0.0999997	-7.5E-12	282.37533
-9.10001	-2.98E-11	282.398542	0.1	-7.7E-12	282.398542
-9.00001	-3.08E-11	282.421924	0.0999998	-7.5E-12	282.421924
-8.90001	-3.03E-11	282.445221	0.0999997	-7E-12	282.445221
-8.80001	-2.73E-11	282.468424	0.0999997	-7.9E-12	282.468424
-8.70001	-2.7E-11	282.491631	0.0999997	-8.2E-12	282.491631
-8.60001	-2.81E-11	282.514929	0.0999998	-8E-12	282.514929
-8.50001	-2.61E-11	282.538242	0.0999996	-7.8E-12	282.538242
-8.40001	-2.56E-11	282.561457	0.0999997	-8.2E-12	282.561457
-8.30001	-2.46E-11	282.584669	0.0999998	-7.3E-12	282.584669
-8.20001	-2.56E-11	282.607986	0.0999997	-7.3E-12	282.607986
-8.10001	-2.53E-11	282.631283	0.0999998	-7.3E-12	282.631283
-8	-2.23E-11	282.654512	0.0999997	-7.6E-12	282.654512
-7.90001	-2.23E-11	282.677721	0.0999997	-8E-12	282.677721
-7.80001	-2.4E-11	282.701068	0.0999998	-7.9E-12	282.701068
-7.70001	-4.29E-11	282.760763	0.0999999	-6.4E-12	282.760763
-7.6	-2.32E-11	282.783996	0.0999999	-7.5E-12	282.783996
-7.50001	-2.44E-11	282.807289	0.0999998	-7.7E-12	282.807289
-7.40001	-2.16E-11	282.83059	0.0999995	-8.1E-12	282.83059
-7.30001	-2.05E-11	282.853862	0.0999997	-7.9E-12	282.853862
-7.2	-1.99E-11	282.877072	0.0999997	-8.2E-12	282.877072
-7.10001	-2.1E-11	282.90037	0.0999998	-7.7E-12	282.90037
-7.00001	-1.91E-11	282.923577	0.0999995	-8.2E-12	282.923577
-6.90001	-1.88E-11	282.946817	0.0999997	-7.7E-12	282.946817
-6.80001	-1.81E-11	282.970034	0.0999996	-8.1E-12	282.970034
-6.70001	-1.94E-11	282.993329	0.0999998	-8.1E-12	282.993329
-6.60001	-1.9E-11	283.01662	0.0999997	-7.9E-12	283.01662
-6.50001	-1.74E-11	283.039897	0.0999997	-8.4E-12	283.039897
-6.40001	-1.66E-11	283.063107	0.0999996	-8.5E-12	283.063107
-6.30001	-1.82E-11	283.086395	0.0999998	-8.2E-12	283.086395
-6.20001	-1.58E-11	283.109625	0.0999996	-7.9E-12	283.109625
-6.10001	-1.74E-11	283.13292	0.0999997	-8.2E-12	283.13292
-6.00001	-1.68E-11	283.156195	0.0999997	-8.4E-12	283.156195
-5.90001	-1.63E-11	283.179475	0.0999995	-8.3E-12	283.179475
-5.80001	-1.6E-11	283.202757	0.0999996	-7.9E-12	283.202757
-5.70001	-3.55E-11	283.261969	0.0999998	-6.7E-12	283.261969
-5.60001	-1.55E-11	283.285199	0.0999998	-8E-12	283.285199
-5.50001	-1.64E-11	283.3085	0.0999997	-7.6E-12	283.3085
-5.40001	-1.41E-11	283.331892	0.0999995	-8.2E-12	283.331892
-5.30001	-1.39E-11	283.355165	0.0999997	-8.1E-12	283.355165
-5.20001	-1.51E-11	283.37851	0.0999997	-8.2E-12	283.37851
-5.1	-1.38E-11	283.401792	0.0999998	-8E-12	283.401792
-5.00001	-1.22E-11	283.425024	0.0999998	-8.4E-12	283.425024
-4.90001	-1.19E-11	283.448278	0.0999997	-8.7E-12	283.448278
-4.80001	-1.28E-11	283.471572	0.0999998	-8.6E-12	283.471572
-4.7	-1.2E-11	283.494847	0.0999997	-8.7E-12	283.494847
-4.60001	-1.05E-11	283.51806	0.0999997	-8.6E-12	283.51806
-4.50001	-9.8E-12	283.541277	0.0999998	-8.8E-12	283.541277
-4.40001	-1.08E-11	283.56456	0.0999996	-8.9E-12	283.56456
-4.3	-1.02E-11	283.587843	0.0999996	-8.8E-12	283.587843
-4.20001	-8.3E-12	283.611092	0.0999996	-9.1E-12	283.611092
-4.10001	-7.3E-12	283.63441	0.0999997	-9.1E-12	283.63441
-4.00001	-8.5E-12	283.657711	0.0999997	-8.9E-12	283.657711
-3.90001	-8.1E-12	283.681005	0.0999996	-9.1E-12	283.681005
-3.80001	-5.7E-12	283.704275	0.0999999	-9.1E-12	283.704275
-3.70001	-2.71E-11	283.763558	0.1	-7.7E-12	283.763558
-3.60001	-9.8E-12	283.786908	0.0999998	-9.4E-12	283.786908
-3.50001	-8E-12	283.81021	0.0999997	-9.1E-12	283.81021
-3.40001	-5.7E-12	283.833505	0.0999997	-9E-12	283.833505
-3.30001	-4.6E-12	283.856772	0.0999997	-9E-12	283.856772
-3.20001	-5.7E-12	283.880068	0.0999997	-9.4E-12	283.880068
-3.10001	-2.7E-12	283.903272	0.0999996	-9.3E-12	283.903272
-3.00001	-2.4E-12	283.926494	0.0999997	-9.6E-12	283.926494
-2.90001	-3.4E-12	283.949781	0.0999997	-9.7E-12	283.949781
-2.80001	-2.8E-12	283.973071	0.0999998	-9.5E-12	283.973071
-2.70001	-8E-13	283.9963	0.0999998	-9.5E-12	283.9963
-2.60001	-1.1E-12	284.019597	0.0999997	-9.3E-12	284.019597
-2.50001	1.1E-12	284.042854	0.0999996	-9.7E-12	284.042854
-2.40001	0	284.066147	0.0999997	-9.7E-12	284.066147
-2.30001	2.2E-12	284.08936	0.0999996	-9.9E-12	284.08936
-2.20001	3.2E-12	284.112604	0.0999997	-1.01E-11	284.112604
-2.099999	-1.26E-11	284.137769	0.1000001	-8.7E-12	284.137769
-2	2.5E-12	284.161061	0.0999997	-9.9E-12	284.161061
-1.9	3.7E-12	284.184345	0.0999997	-1.01E-11	284.184345
-1.8	6.5E-12	284.207554	0.0999997	-1.01E-11	284.207554
-1.700001	-1.44E-11	284.265002	0.0999998	-8.5E-12	284.265002
-1.599999	4.4E-12	284.2883	0.0999998	-1.03E-11	284.2883
-1.5	5.7E-12	284.311587	0.0999999	-1.02E-11	284.311587
-1.4	8.7E-12	284.334882	0.0999998	-1.07E-11	284.334882
-1.3	8E-12	284.358224	0.0999999	-1.03E-11	284.358224
-1.2	9.5E-12	284.381575	0.0999995	-1.06E-11	284.381575
-1.1	1.25E-11	284.404792	0.0999999	-1.06E-11	284.404792
-1	1.41E-11	284.428018	0.0999997	-8.8E-12	284.428018
-0.9	1.36E-11	284.451307	0.0999999	5E-12	284.451307
-0.8	1.48E-11	284.474591	0.0999996	7.87E-11	284.474591
-0.7	1.84E-11	284.497789	0.1	4.12E-10	284.497789
-0.599999	1.94E-11	284.520995	0.1000006	1.7207E-09	284.520995
-0.5	1.93E-11	284.544448	0.1000025	6.2386E-09	284.544448
-0.4	2.27E-11	284.567647	0.1000061	1.95463E-08	284.567647
-0.299999	2.44E-11	284.590844	0.1000096	5.23557E-08	284.590844
-0.2	4.4E-12	284.632042	0.1000001	1.15085E-07	284.632042
-0.0999998	1.09E-11	284.656551	0.1000007	2.31539E-07	284.656551
4E-07	1.31E-11	284.681069	0.1000009	4.05477E-07	284.681069
0.1000005	1.51E-11	284.705615	0.1000009	6.41372E-07	284.705615
0.2	9.1E-12	284.772537	0.1000002	9.23467E-07	284.772537
0.299999	1.14E-11	284.807403	0.1	1.27637E-06	284.807403
0.4	1.83E-11	284.831995	0.0999999	1.68167E-06	284.831995
0.499999	1.79E-11	284.857574	0.1	2.12478E-06	284.857574
0.599999	2.28E-11	284.882094	0.1000002	2.60271E-06	284.882094
0.7	2.49E-11	284.906597	0.1000002	3.10793E-06	284.906597
0.799999	2.7E-11	284.93114	0.1000002	3.63774E-06	284.93114
0.899999	2.95E-11	284.955654	0.1000001	4.18917E-06	284.955654
0.999999	3.06E-11	284.980175	0.1000001	4.75785E-06	284.980175
1.1	3.25E-11	285.004706	0.1000001	5.34295E-06	285.004706
1.2	3.45E-11	285.029219	0.1	5.94155E-06	285.029219
1.3	3.58E-11	285.053766	0.1000001	6.55169E-06	285.053766
1.4	3.71E-11	285.078281	0.1000002	7.17204E-06	285.078281
1.5	3.83E-11	285.102857	0.1	7.80059E-06	285.102857
1.599999	3.96E-11	285.127365	0.1	8.43625E-06	285.127365
1.699999	4.08E-11	285.151963	0.1000001	9.07802E-06	285.151963
1.8	4.13E-11	285.176493	0.0999998	9.72539E-06	285.176493
1.9	4.28E-11	285.200994	0.1000003	1.037798E-05	285.200994
1.999999	3.4E-11	285.276372	0.1000002	1.10149E-05	285.276372
2.099999	4.01E-11	285.300908	0.0999999	1.16799E-05	285.300908
2.19999	4.14E-11	285.325705	0.1	1.23455E-05	285.325705
2.29999	4.23E-11	285.35021	0.1000001	1.30146E-05	285.35021
2.39999	4.33E-11	285.374785	0.1000001	1.36866E-05	285.374785
2.49999	4.42E-11	285.399293	0.1000001	1.43609E-05	285.399293
2.59999	4.53E-11	285.423841	0.1	1.50382E-05	285.423841
2.69999	4.63E-11	285.448355	0.0999999	1.57178E-05	285.448355
2.79999	4.63E-11	285.472895	0.1000002	1.63999E-05	285.472895
2.89999	4.68E-11	285.497433	0.1000001	1.7084E-05	285.497433
2.99999	4.73E-11	285.521951	0.1000001	1.77704E-05	285.521951
3.09999	4.76E-11	285.546486	0.1	1.8459E-05	285.546486
3.19999	4.8E-11	285.571031	0.1000001	1.91494E-05	285.571031
3.29999	4.89E-11	285.595538	0.1000001	1.98421E-05	285.595538
3.39999	4.87E-11	285.620075	0.1	2.05364E-05	285.620075
3.49999	4.94E-11	285.644592	0.1000001	2.12327E-05	285.644592
3.59999	4.9E-11	285.669211	0.1	2.19303E-05	285.669211
3.69999	4.98E-11	285.693731	0.1000002	2.263E-05	285.693731
3.79999	5.02E-11	285.718312	0.1000001	2.33311E-05	285.718312
3.89999	4.35E-11	285.77201	0.1000001	2.40249E-05	285.77201
3.99999	4.84E-11	285.796519	0.1	2.47314E-05	285.796519
4.09999	4.94E-11	285.821084	0.1	2.54389E-05	285.821084
4.19999	5E-11	285.845708	0.1	2.61473E-05	285.845708
4.29999	5.07E-11	285.870283	0.1000001	2.68566E-05	285.870283
4.39999	5.08E-11	285.894784	0.1000001	2.75674E-05	285.894784
4.49999	5.12E-11	285.919315	0.1000001	2.82801E-05	285.919315
4.59999	5.22E-11	285.943827	0.1000002	2.89938E-05	285.943827
4.69999	5.22E-11	285.968345	0.1000002	2.97087E-05	285.968345
4.79999	5.24E-11	285.992873	0.0999999	3.04256E-05	285.992873
4.89999	5.24E-11	286.017392	0.1	3.1144E-05	286.017392
4.99999	5.29E-11	286.041955	0.1000003	3.18636E-05	286.041955
5.09999	5.32E-11	286.066484	0.0999999	3.25845E-05	286.066484
5.19999	5.36E-11	286.091029	0.1000002	3.33076E-05	286.091029
5.29999	5.39E-11	286.115567	0.1000001	3.40316E-05	286.115567
5.39999	5.39E-11	286.140111	0.1	3.47575E-05	286.140111
5.49999	5.38E-11	286.164658	0.1	3.54845E-05	286.164658
5.59999	5.39E-11	286.189176	0.1	3.62138E-05	286.189176
5.69999	5.39E-11	286.213686	0.1	3.69454E-05	286.213686
5.79999	4.76E-11	286.273782	0.1	3.76662E-05	286.273782
5.89999	5.28E-11	286.298288	0.1000002	3.84037E-05	286.298288
5.99999	5.34E-11	286.322785	0.1	3.91407E-05	286.322785
6.09999	5.37E-11	286.347308	0.1000001	3.98794E-05	286.347308
6.19999	5.38E-11	286.37193	0.1	4.06189E-05	286.37193
6.29999	5.39E-11	286.396456	0.1000001	4.13595E-05	286.396456
6.39999	5.43E-11	286.42099	0.1000001	4.2102E-05	286.42099
6.49999	5.51E-11	286.445516	0.1	4.2846E-05	286.445516
6.59999	5.46E-11	286.470061	0.0999999	4.35915E-05	286.470061
6.69999	5.47E-11	286.494616	0.1000001	4.43384E-05	286.494616
6.79999	5.56E-11	286.519129	0.0999999	4.5087E-05	286.519129
6.89999	5.51E-11	286.543749	0.1	4.58369E-05	286.543749
6.99999	5.61E-11	286.568308	0.1	4.6588E-05	286.568308
7.09999	5.56E-11	286.592829	0.1	4.73411E-05	286.592829
7.19999	5.62E-11	286.617353	0.1000002	4.80958E-05	286.617353
7.29999	5.63E-11	286.641865	0.1000001	4.88525E-05	286.641865
7.39999	5.61E-11	286.66641	0.1000001	4.96102E-05	286.66641
7.49999	5.62E-11	286.690931	0.1000001	5.03691E-05	286.690931
7.59999	5.62E-11	286.715539	0.1000001	5.11308E-05	286.715539
7.69999	4.94E-11	286.775252	0.0999999	5.18816E-05	286.775252
7.79999	5.48E-11	286.799789	0.1	5.2649E-05	286.799789
7.89999	5.56E-11	286.824284	0.1000001	5.34164E-05	286.824284
7.99999	5.56E-11	286.848816	0.1000002	5.41838E-05	286.848816
8.09999	5.62E-11	286.873372	0.1000001	5.49529E-05	286.873372
8.19999	5.63E-11	286.897891	0.1	5.57235E-05	286.897891
8.29999	5.65E-11	286.92239	0.1000001	5.64962E-05	286.92239
8.39999	5.69E-11	286.946901	0.1000002	5.72689E-05	286.946901
8.49999	5.73E-11	286.971502	0.1000002	5.8044E-05	286.971502
8.59999	5.73E-11	286.996033	0.0999999	5.88206E-05	286.996033
8.69999	5.76E-11	287.020551	0.1	5.95983E-05	287.020551
8.79999	5.75E-11	287.045139	0.0999999	6.03779E-05	287.045139
8.89999	5.83E-11	287.069659	0.1000001	6.11588E-05	287.069659
8.99999	5.83E-11	287.094201	0.0999999	6.19415E-05	287.094201
9.09999	5.84E-11	287.118734	0.1000002	6.27256E-05	287.118734
9.19999	5.82E-11	287.143246	0.1000003	6.35117E-05	287.143246
9.29999	5.84E-11	287.167765	0.1000002	6.42965E-05	287.167765
9.39999	5.83E-11	287.192316	0.1	6.50867E-05	287.192316
9.49999	5.86E-11	287.216849	0.0999999	6.58787E-05	287.216849
9.59999	5.22E-11	287.276711	0.0999998	6.66626E-05	287.276711
9.69999	5.75E-11	287.301232	0.1000001	6.74592E-05	287.301232
9.79999	5.81E-11	287.325758	0.1000002	6.82557E-05	287.325758
9.89999	5.8E-11	287.350292	0.0999999	6.90526E-05	287.350292
9.99999	5.86E-11	287.374867	0.1000002	6.98521E-05	287.374867
9.9	4.53E-11	287.399399	0.1	6.90382E-05	287.399399
9.8	4.26E-11	287.42391	0.0999998	6.823E-05	287.42391
9.7	4.01E-11	287.448438	0.1000001	6.74246E-05	287.448438
9.6	3.86E-11	287.472953	0.1	6.66221E-05	287.472953
9.5	3.7E-11	287.497503	0.1	6.58222E-05	287.497503
9.4	3.6E-11	287.522011	0.1	6.50239E-05	287.522011
9.3	3.46E-11	287.546541	0.1	6.42266E-05	287.546541
9.2	3.41E-11	287.571045	0.0999999	6.3432E-05	287.571045
9.1	3.32E-11	287.595614	0.0999998	6.2639E-05	287.595614
9	3.18E-11	287.620191	0.1	6.18462E-05	287.620191
8.9	3.14E-11	287.644705	0.1	6.10589E-05	287.644705
8.8	3.08E-11	287.669316	0.0999999	6.02697E-05	287.669316
8.7	3.02E-11	287.693823	0.0999999	5.94818E-05	287.693823
8.6	3.04E-11	287.718444	0.1000001	5.86944E-05	287.718444
8.5	3.56E-11	287.778309	0.1000001	5.79118E-05	287.778309
8.4	3.02E-11	287.802854	0.1000001	5.71271E-05	287.802854
8.3	2.91E-11	287.827442	0.0999998	5.63449E-05	287.827442
8.2	2.85E-11	287.851961	0.1000001	5.55656E-05	287.851961
8.1	2.78E-11	287.876535	0.1	5.47873E-05	287.876535
8	2.74E-11	287.901091	0.0999998	5.40099E-05	287.901091
7.9	2.69E-11	287.925633	0.1000002	5.3235E-05	287.925633
7.8	2.63E-11	287.950147	0.0999999	5.24618E-05	287.950147
7.7	2.56E-11	287.974679	0.0999999	5.1689E-05	287.974679
7.6	2.51E-11	287.99919	0.0999999	5.09186E-05	287.99919
7.5	2.47E-11	288.023734	0.0999999	5.01499E-05	288.023734
7.4	2.44E-11	288.048311	0.1	4.93832E-05	288.048311
7.3	2.38E-11	288.072844	0.0999998	4.86175E-05	288.072844
7.2	2.31E-11	288.097354	0.0999999	4.78522E-05	288.097354
7.1	2.31E-11	288.121892	0.1000001	4.70903E-05	288.121892
7	2.31E-11	288.146473	0.0999999	4.63295E-05	288.146473
6.9	2.21E-11	288.171073	0.0999998	4.557E-05	288.171073
6.8	2.21E-11	288.195622	0.1	4.48118E-05	288.195622
6.7	2.14E-11	288.220197	0.0999999	4.40558E-05	288.220197
6.6	2.73E-11	288.279643	0.0999999	4.33054E-05	288.279643
6.5	2.22E-11	288.304172	0.0999999	4.25514E-05	288.304172
6.4	2.16E-11	288.328745	0.1	4.17991E-05	288.328745
6.3	2.09E-11	288.353294	0.0999999	4.10487E-05	288.353294
6.2	2.04E-11	288.377911	0.0999999	4.03008E-05	288.377911
6.1	1.98E-11	288.402441	0.0999998	3.95539E-05	288.402441
6	1.98E-11	288.426946	0.0999998	3.88083E-05	288.426946
5.9	1.9E-11	288.451489	0.1	3.80652E-05	288.451489
5.8	1.88E-11	288.475998	0.1	3.73225E-05	288.475998
5.7	1.85E-11	288.500553	0.1	3.65823E-05	288.500553
5.6	1.81E-11	288.525071	0.1	3.58434E-05	288.525071
5.5	1.8E-11	288.549674	0.0999998	3.51063E-05	288.549674
5.4	1.77E-11	288.574187	0.0999998	3.43713E-05	288.574187
5.3	1.68E-11	288.598701	0.0999999	3.36388E-05	288.598701
5.2	1.63E-11	288.62325	0.0999999	3.29067E-05	288.62325
5.1	1.6E-11	288.64781	0.0999999	3.21763E-05	288.64781
5	1.58E-11	288.67241	0.0999999	3.14479E-05	288.67241
4.9	1.5E-11	288.696956	0.1	3.07215E-05	288.696956
4.8	1.42E-11	288.721534	0.1	2.99967E-05	288.721534
4.7	2.09E-11	288.781117	0.1000002	2.92783E-05	288.781117
4.6	1.56E-11	288.805653	0.0999998	2.85559E-05	288.805653
4.5	1.4E-11	288.83018	0.1000002	2.78359E-05	288.83018
4.4	1.37E-11	288.854716	0.0999998	2.71182E-05	288.854716
4.3	1.3E-11	288.879288	0.1000002	2.64019E-05	288.879288
4.2	1.24E-11	288.903828	0.0999999	2.56882E-05	288.903828
4.1	1.19E-11	288.928352	0.1	2.49765E-05	288.928352
4	1.15E-11	288.952903	0.1000001	2.42664E-05	288.952903
3.9	1.03E-11	288.977447	0.0999999	2.35588E-05	288.977447
3.8	1.01E-11	289.001985	0.1	2.28522E-05	289.001985
3.7	9.1E-12	289.026484	0.1	2.21481E-05	289.026484
3.6	8.4E-12	289.051052	0.0999999	2.14465E-05	289.051052
3.5	8.2E-12	289.075576	0.0999998	2.07468E-05	289.075576
3.4	7.7E-12	289.100098	0.1000001	2.00485E-05	289.100098
3.3	7.2E-12	289.124669	0.0999999	1.93533E-05	289.124669
3.2	6.3E-12	289.149166	0.0999998	1.86601E-05	289.149166
3.1	5.8E-12	289.173682	0.1000001	1.79688E-05	289.173682
3	5.2E-12	289.198225	0.1	1.72805E-05	289.198225
2.9	4.3E-12	289.22276	0.1	1.65946E-05	289.22276
2.8	1.01E-11	289.27848	0.0999999	1.59165E-05	289.27848
2.7	4.3E-12	289.30301	0.0999999	1.52345E-05	289.30301
2.6	2.9E-12	289.327516	0.0999999	1.45554E-05	289.327516
2.5	2.1E-12	289.352144	0.0999999	1.38801E-05	289.352144
2.4	8E-13	289.376717	0.1	1.32073E-05	289.376717
2.3	0	289.401287	0.1	1.25387E-05	289.401287
2.2	-1.5E-12	289.425788	0.0999996	1.18732E-05	289.425788
2.099999	1.1E-12	289.452259	0.0999999	1.12124E-05	289.452259
2	-3.2E-12	289.476764	0.0999999	1.05549E-05	289.476764
1.9	-4.5E-12	289.501285	0.0999998	9.9017E-06	289.501285
1.8	-5.2E-12	289.525816	0.0999999	9.2538E-06	289.525816
1.7	-2.6E-12	289.552921	0.0999998	8.61491E-06	289.552921
1.6	-7.6E-12	289.577434	0.1	7.97769E-06	289.577434
1.5	-8.9E-12	289.601946	0.0999999	7.34824E-06	289.601946
1.4	-1.01E-11	289.626475	0.0999999	6.727E-06	289.626475
1.3	-1.16E-11	289.651009	0.0999999	6.11564E-06	289.651009
1.2	-1.33E-11	289.675508	0.0999998	5.51522E-06	289.675508
1.1	-1.48E-11	289.700013	0.0999998	4.92871E-06	289.700013
1	-1.61E-11	289.724561	0.0999999	4.35756E-06	289.724561
0.9	-1.15E-11	289.784204	0.1	3.81134E-06	289.784204
0.8	-1.85E-11	289.808734	0.1000001	3.2759E-06	289.808734
0.7	-2.05E-11	289.833339	0.1000002	2.76451E-06	289.833339
0.6	-2.3E-11	289.857842	0.1000001	2.28035E-06	289.857842
0.5	-2.5E-11	289.882404	0.0999999	1.82878E-06	289.882404
0.4	-2.76E-11	289.906922	0.0999998	1.41574E-06	289.906922
0.3	-2.9E-11	289.931534	0.0999998	1.0477E-06	289.931534
0.1999999	-2.81E-11	289.96075	0.0999996	7.3423E-07	289.96075
0.0999996	-3.42E-11	289.985269	0.0999993	4.75922E-07	289.985269
-5E-07	-3.65E-11	290.009757	0.0999994	2.80809E-07	290.009757
#scan	iMeasureCycle=3	iMux=0	time=319.698	N=401	LocalTime=19/04/2023 13:30:56
#VGate(V)	IGate(A)	time(s)	VDrain(V)	IDrain(A)	time(s)
-2E-07	-1.51E-11	319.705429	0.0999998	3.38194E-07	319.705429
-0.1000003	-2.31E-11	319.730304	0.0999997	1.80332E-07	319.730304
-0.2	-2.16E-11	319.769455	0.0999941	8.49916E-08	319.769455
-0.300001	-4.51E-11	319.792901	0.1000071	3.29038E-08	319.792901
-0.400001	-4.8E-11	319.816114	0.1000034	1.07869E-08	319.816114
-0.500001	-5.05E-11	319.839321	0.1000011	3.025E-09	319.839321
-0.600001	-5.23E-11	319.862519	0.1000004	7.392E-10	319.862519
-0.700001	-5.31E-11	319.885879	0.1000002	1.544E-10	319.885879
-0.800001	-5.64E-11	319.909087	0.1000003	2.31E-11	319.909087
-0.900001	-5.77E-11	319.932306	0.1000001	-1.6E-12	319.932306
-1.000001	-5.91E-11	319.955506	0.1000002	-5.1E-12	319.955506
-1.100001	-5.89E-11	319.978792	0.1000001	-5.3E-12	319.978792
-1.200001	-5.99E-11	320.002084	0.1000001	-5.9E-12	320.002084
-1.300001	-6.24E-11	320.025299	0.1	-5.5E-12	320.025299
-1.400001	-6.04E-11	320.048627	0.1	-5.2E-12	320.048627
-1.500001	-6.27E-11	320.071907	0.1000002	-5.5E-12	320.071907
-1.600001	-6.46E-11	320.095117	0.1000002	-5.5E-12	320.095117
-1.7	-6.58E-11	320.118377	0.1000003	-5.8E-12	320.118377
-1.800001	-6.64E-11	320.141581	0.1	-5.5E-12	320.141581
-1.900001	-6.53E-11	320.164894	0.1	-5.2E-12	320.164894
-2.000001	-6.57E-11	320.188193	0.1000002	-5.7E-12	320.188193
-2.100001	-6.76E-11	320.211408	0.1000002	-4.8E-12	320.211408
-2.2	-4.62E-11	320.273418	0.0999999	-6.8E-12	320.273418
-2.3	-6.6E-11	320.296652	0.1000003	-5.1E-12	320.296652
-2.4	-6.69E-11	320.319862	0.1000002	-4.8E-12	320.319862
-2.5	-6.62E-11	320.343156	0.1000002	-5E-12	320.343156
-2.6	-6.85E-11	320.366426	0.1000001	-4.9E-12	320.366426
-2.7	-6.94E-11	320.389715	0.1000001	-4.7E-12	320.389715
-2.8	-6.96E-11	320.412936	0.1000001	-4.5E-12	320.412936
-2.9	-6.91E-11	320.436302	0.1	-4.6E-12	320.436302
-3	-7.06E-11	320.459595	0.1000003	-4.9E-12	320.459595
-3.1	-7.19E-11	320.48282	0.1	-4.7E-12	320.48282
-3.2	-7.18E-11	320.506034	0.1000001	-4.3E-12	320.506034
-3.3	-7.07E-11	320.529325	0.1000002	-4.5E-12	320.529325
-3.4	-7.24E-11	320.552632	0.1000004	-4.9E-12	320.552632
-3.5	-7.32E-11	320.57585	0.1	-4.8E-12	320.57585
-3.6	-7.09E-11	320.599186	0.1000001	-4.9E-12	320.599186
-3.7	-7.37E-11	320.622392	0.1000002	-4.5E-12	320.622392
-3.8	-7.36E-11	320.645628	0.1000001	-4.8E-12	320.645628
-3.9	-7.26E-11	320.668938	0.1000002	-4.3E-12	320.668938
-4	-7.27E-11	320.692228	0.1000002	-4.7E-12	320.692228
-4.1	-7.36E-11	320.715526	0.1000001	-4.8E-12	320.715526
-4.2	-5.42E-11	320.76917	0.1	-6E-12	320.76917
-4.3	-7.22E-11	320.792499	0.1000001	-4.2E-12	320.792499
-4.4	-7.23E-11	320.8158	0.1000002	-4.5E-12	320.8158
-4.5	-7.52E-11	320.839016	0.1	-4.3E-12	320.839016
-4.6	-7.53E-11	320.86229	0.1000002	-3.9E-12	320.86229
-4.7	-7.39E-11	320.885662	0.1000001	-4.3E-12	320.885662
-4.8	-7.66E-11	320.908877	0.1000001	-3.7E-12	320.908877
-4.9	-7.66E-11	320.93209	0.1000002	-4.5E-12	320.93209
-5	-7.7E-11	320.955289	0.1000001	-4.7E-12	320.955289
-5.1	-7.58E-11	320.978661	0.1000001	-4.9E-12	320.978661
-5.2	-7.77E-11	321.001877	0.1000001	-4.3E-12	321.001877
-5.3	-7.79E-11	321.025084	0.1000002	-4.2E-12	321.025084
-5.4	-7.79E-11	321.04829	0.1000001	-4.1E-12	321.04829
-5.5	-7.72E-11	321.071571	0.1000003	-4.2E-12	321.071571
-5.6	-7.72E-11	321.094868	0.1000003	-3.9E-12	321.094868
-5.7	-7.89E-11	321.118202	0.1000001	-4.4E-12	321.118202
-5.8	-7.78E-11	321.141486	0.1	-4.2E-12	321.141486
-5.9	-7.8E-11	321.1648	0.1000002	-4.4E-12	321.1648
-6	-7.98E-11	321.188012	0.1000001	-4.3E-12	321.188012
-6.1	-7.99E-11	321.211238	0.1000002	-4.7E-12	321.211238
-6.2	-5.9E-11	321.270609	0.1	-5.8E-12	321.270609
-6.3	-7.63E-11	321.293966	0.1	-4.2E-12	321.293966
-6.4	-7.86E-11	321.317198	0.1000002	-3.9E-12	321.317198
-6.5	-7.93E-11	321.340423	0.1000002	-4.2E-12	321.340423
-6.6	-7.86E-11	321.36377	0.1000001	-4.5E-12	321.36377
-6.7	-7.81E-11	321.387154	0.1000001	-4.5E-12	321.387154
-6.8	-7.98E-11	321.410384	0.1000002	-3.9E-12	321.410384
-6.9	-8.1E-11	321.433598	0.1000002	-4E-12	321.433598
-7	-7.96E-11	321.456942	0.1000001	-4.3E-12	321.456942
-7.1	-8.12E-11	321.480151	0.1000003	-4.4E-12	321.480151
-7.2	-8.13E-11	321.503391	0.1000001	-3.8E-12	321.503391
-7.3	-8.17E-11	321.526604	0.1000002	-4.1E-12	321.526604
-7.4	-8.02E-11	321.549895	0.0999999	-4E-12	321.549895
-7.5	-8E-11	321.573195	0.1000002	-4.4E-12	321.573195
-7.6	-8.15E-11	321.596454	0.1000002	-3.9E-12	321.596454
-7.7	-8.26E-11	321.619669	0.1000001	-3.6E-12	321.619669
-7.8	-8.11E-11	321.642961	0.1	-3.9E-12	321.642961
-7.9	-8.27E-11	321.666202	0.1	-3.6E-12	321.666202
-8	-8.27E-11	321.689426	0.1000001	-4E-12	321.689426
-8.1	-8.32E-11	321.712644	0.1000001	-3.9E-12	321.712644
-8.2	-6.17E-11	321.77223	0.0999999	-5.5E-12	321.77223
-8.3	-8.1E-11	321.795522	0.1000001	-4E-12	321.795522
-8.4	-8.26E-11	321.81875	0.1000002	-4.2E-12	321.81875
-8.5	-8.28E-11	321.841964	0.1	-4.1E-12	321.841964
-8.6	-8.15E-11	321.865308	0.1	-4E-12	321.865308
-8.7	-8.28E-11	321.888703	0.1000002	-3.8E-12	321.888703
-8.8	-8.33E-11	321.911917	0.1000001	-3.4E-12	321.911917
-8.9	-8.19E-11	321.935204	0.1000001	-3.3E-12	321.935204
-9	-8.22E-11	321.958502	0.1000002	-3.5E-12	321.958502
-9.1	-8.39E-11	321.9817	0.1000003	-3.5E-12	321.9817
-9.2	-8.45E-11	322.004915	0.1000002	-3.8E-12	322.004915
-9.3	-8.3E-11	322.028203	0.1	-3.8E-12	322.028203
-9.4	-8.34E-11	322.051486	0.1000002	-3.7E-12	322.051486
-9.5	-8.5E-11	322.074701	0.1000001	-3.3E-12	322.074701
-9.6	-8.53E-11	322.097919	0.1000002	-3.7E-12	322.097919
-9.7	-8.29E-11	322.121321	0.1000001	-3.8E-12	322.121321
-9.8	-8.54E-11	322.144537	0.1	-3.8E-12	322.144537
-9.9	-8.55E-11	322.167773	0.1000002	-3.7E-12	322.167773
-10	-8.29E-11	322.19119	0.1000002	-3.9E-12	322.19119
-9.90001	-4.45E-11	322.2145	0.0999997	-7.3E-12	322.2145
-9.80001	-5.77E-11	322.273481	0.0999999	-5.3E-12	322.273481
-9.70001	-3.75E-11	322.296719	0.0999997	-7.2E-12	322.296719
-9.60001	-3.49E-11	322.319945	0.0999996	-7.3E-12	322.319945
-9.50001	-3.34E-11	322.343161	0.0999996	-7.1E-12	322.343161
-9.40001	-3.36E-11	322.366501	0.0999996	-7.7E-12	322.366501
-9.30001	-3.14E-11	322.389807	0.0999999	-7.1E-12	322.389807
-9.20001	-3.07E-11	322.413069	0.0999998	-7.1E-12	322.413069
-9.10001	-3.11E-11	322.436359	0.0999996	-7.3E-12	322.436359
-9.00001	-3.06E-11	322.459706	0.0999998	-7.2E-12	322.459706
-8.90001	-2.85E-11	322.482923	0.0999997	-6.6E-12	322.482923
-8.80001	-2.77E-11	322.506175	0.0999998	-7E-12	322.506175
-8.70001	-2.82E-11	322.529465	0.0999997	-7.1E-12	322.529465
-8.60001	-2.58E-11	322.552754	0.0999998	-7.2E-12	322.552754
-8.50001	-2.52E-11	322.575979	0.0999997	-7.9E-12	322.575979
-8.40001	-2.52E-11	322.5992	0.0999998	-7.8E-12	322.5992
-8.30001	-2.64E-11	322.622491	0.0999997	-7.3E-12	322.622491
-8.20001	-2.62E-11	322.645793	0.0999998	-7.1E-12	322.645793
-8.10001	-2.36E-11	322.669026	0.0999995	-7.7E-12	322.669026
-8.00001	-2.31E-11	322.692251	0.0999997	-7.9E-12	322.692251
-7.90001	-2.45E-11	322.715549	0.0999998	-7.3E-12	322.715549
-7.80001	-4.33E-11	322.765095	0.1	-6.2E-12	322.765095
-7.70001	-2.42E-11	322.796836	0.0999998	-7.6E-12	322.796836
-7.6	-2.55E-11	322.820199	0.0999998	-7.6E-12	322.820199
-7.50001	-2.19E-11	322.843415	0.0999995	-7.6E-12	322.843415
-7.40001	-2.1E-11	322.866622	0.0999998	-7.9E-12	322.866622
-7.30001	-2.21E-11	322.889996	0.0999995	-7.5E-12	322.889996
-7.2	-2.06E-11	322.913298	0.0999995	-7.6E-12	322.913298
-7.10001	-2E-11	322.936506	0.0999998	-7.6E-12	322.936506
-7.00001	-2.11E-11	322.959792	0.0999994	-7.5E-12	322.959792
-6.90001	-2.03E-11	322.983077	0.0999997	-7.5E-12	322.983077
-6.80001	-1.89E-11	323.006297	0.0999996	-8E-12	323.006297
-6.70001	-1.85E-11	323.029515	0.0999998	-7.8E-12	323.029515
-6.60001	-1.83E-11	323.052727	0.0999998	-7.9E-12	323.052727
-6.50001	-1.92E-11	323.076015	0.0999996	-8.1E-12	323.076015
-6.40001	-1.74E-11	323.099215	0.0999998	-8.4E-12	323.099215
-6.30001	-1.69E-11	323.122431	0.0999998	-8.3E-12	323.122431
-6.20001	-1.62E-11	323.145699	0.0999997	-8.3E-12	323.145699
-6.10001	-1.79E-11	323.169018	0.0999998	-7.9E-12	323.169018
-6.00001	-1.56E-11	323.192216	0.0999997	-8E-12	323.192216
-5.90001	-1.59E-11	323.215546	0.0999996	-8.2E-12	323.215546
-5.80001	-3.56E-11	323.262893	0.0999999	-6.3E-12	323.262893
-5.70001	-1.72E-11	323.286247	0.0999998	-7.9E-12	323.286247
-5.60001	-1.49E-11	323.30947	0.0999997	-8.2E-12	323.30947
-5.50001	-1.4E-11	323.332689	0.0999997	-8.4E-12	323.332689
-5.40001	-1.39E-11	323.355898	0.0999998	-8.2E-12	323.355898
-5.30001	-1.36E-11	323.379186	0.0999996	-8.3E-12	323.379186
-5.20001	-1.29E-11	323.402496	0.0999998	-8.4E-12	323.402496
-5.1	-1.23E-11	323.425724	0.0999996	-9.1E-12	323.425724
-5.00001	-1.14E-11	323.448938	0.0999995	-8.7E-12	323.448938
-4.90001	-1.33E-11	323.472277	0.0999996	-8.2E-12	323.472277
-4.80001	-1.25E-11	323.495566	0.0999998	-8.2E-12	323.495566
-4.7	-1.06E-11	323.51888	0.0999997	-9E-12	323.51888
-4.60001	-9.7E-12	323.542093	0.0999998	-8.8E-12	323.542093
-4.50001	-1.11E-11	323.565388	0.0999998	-8.5E-12	323.565388
-4.40001	-9.2E-12	323.588586	0.0999998	-8.5E-12	323.588586
-4.3	-1.04E-11	323.611885	0.0999998	-8.7E-12	323.611885
-4.20001	-1E-11	323.635177	0.0999996	-8.6E-12	323.635177
-4.10001	-9.3E-12	323.658456	0.0999997	-8.2E-12	323.658456
-4.00001	-6.7E-12	323.681688	0.0999996	-9.1E-12	323.681688
-3.90001	-7.5E-12	323.704932	0.0999997	-9.4E-12	323.704932
-3.80001	-8.1E-12	323.728236	0.0999997	-8.7E-12	323.728236
-3.70001	-2.64E-11	323.778649	0.0999999	-7E-12	323.778649
-3.60001	-7.3E-12	323.80194	0.0999998	-8.7E-12	323.80194
-3.50001	-5.9E-12	323.825163	0.0999997	-8.8E-12	323.825163
-3.40001	-6.6E-12	323.848451	0.0999998	-8.8E-12	323.848451
-3.30001	-7.2E-12	323.87184	0.0999998	-8.6E-12	323.87184
-3.20001	-3.8E-12	323.895147	0.0999997	-9.1E-12	323.895147
-3.10001	-5.2E-12	323.91844	0.0999997	-9.2E-12	323.91844
-3.00001	-4.6E-12	323.941735	0.0999995	-9.2E-12	323.941735
-2.90001	-1.7E-12	323.964928	0.0999996	-9.4E-12	323.964928
-2.80001	-1.2E-12	323.98815	0.0999996	-9.6E-12	323.98815
-2.70001	-1.9E-12	324.011441	0.0999997	-9.4E-12	324.011441
-2.60001	-1.2E-12	324.034729	0.0999998	-9.4E-12	324.034729
-2.50001	1E-12	324.057931	0.0999997	-9.6E-12	324.057931
-2.40001	9E-13	324.081178	0.0999995	-9.5E-12	324.081178
-2.30001	2.1E-12	324.104379	0.0999996	-1.01E-11	324.104379
-2.20001	1.6E-12	324.127671	0.0999997	-9.3E-12	324.127671
-2.1	-1.31E-11	324.152916	0.0999999	-7.9E-12	324.152916
-2	4.8E-12	324.176146	0.0999995	-9.7E-12	324.176146
-1.9	5.2E-12	324.19937	0.0999998	-1.01E-11	324.19937
-1.8	4.6E-12	324.222657	0.0999998	-1E-11	324.222657
-1.700001	-1.46E-11	324.279721	0.0999999	-8.6E-12	324.279721
-1.599999	4.4E-12	324.303023	0.0999999	-1.01E-11	324.303023
-1.5	7.3E-12	324.326253	0.0999997	-1.02E-11	324.326253
-1.4	8.9E-12	324.349467	0.0999996	-1.07E-11	324.349467
-1.3	9.8E-12	324.372745	0.0999997	-1.04E-11	324.372745
-1.2	9.7E-12	324.39611	0.0999997	-1.05E-11	324.39611
-1.1	1.07E-11	324.419417	0.0999997	-1.05E-11	324.419417
-1	1.35E-11	324.442627	0.0999996	-9.2E-12	324.442627
-0.9	1.17E-11	324.466002	0.0999999	2.7E-12	324.466002
-0.8	1.62E-11	324.489227	0.0999998	6.36E-11	324.489227
-0.7	1.78E-11	324.512438	0.0999999	3.446E-10	324.512438
-0.599999	1.94E-11	324.535649	0.1000004	1.4651E-09	324.535649
-0.5	1.92E-11	324.558998	0.1000025	5.3824E-09	324.558998
-0.399999	2.01E-11	324.582279	0.1000068	1.71153E-08	324.582279
-0.299999	2.38E-11	324.605469	0.1000088	4.65851E-08	324.605469
-0.2	3.6E-12	324.646868	0.1000002	1.04315E-07	324.646868
-0.0999998	1.04E-11	324.671411	0.1000006	2.13525E-07	324.671411
4E-07	1.28E-11	324.695888	0.1000009	3.79159E-07	324.695888
0.1000004	1.44E-11	324.72038	0.1000009	6.06432E-07	324.72038
0.2	9.1E-12	324.787709	0.1000002	8.8315E-07	324.787709
0.299999	1.17E-11	324.822478	0.1000002	1.22688E-06	324.822478
0.4	1.83E-11	324.846997	0.1	1.62411E-06	324.846997
0.5	2.08E-11	324.871678	0.1000001	2.06076E-06	324.871678
0.6	2.3E-11	324.896256	0.1000001	2.53248E-06	324.896256
0.699999	2.52E-11	324.920778	0.1000001	3.03294E-06	324.920778
0.799999	2.71E-11	324.945313	0.1000001	3.55838E-06	324.945313
0.9	2.89E-11	324.969855	0.0999998	4.10564E-06	324.969855
0.999999	3.05E-11	324.99435	0.1000001	4.67119E-06	324.99435
1.1	3.21E-11	325.018969	0.1000002	5.25323E-06	325.018969
1.2	3.47E-11	325.043464	0.1	5.84929E-06	325.043464
1.3	3.57E-11	325.067994	0.1000001	6.4576E-06	325.067994
1.4	3.72E-11	325.092494	0.1000001	7.07583E-06	325.092494
1.5	3.82E-11	325.117015	0.1000001	7.70298E-06	325.117015
1.6	4.01E-11	325.141568	0.0999999	8.33731E-06	325.141568
1.699999	4.1E-11	325.166088	0.1000003	8.97853E-06	325.166088
1.8	4.19E-11	325.190616	0.1	9.62516E-06	325.190616
1.9	4.27E-11	325.21512	0.1	1.027684E-05	325.21512
1.999999	3.36E-11	325.290134	0.1	1.09143E-05	325.290134
2.099999	4.01E-11	325.314661	0.1	1.15778E-05	325.314661
2.19999	4.16E-11	325.339399	0.1000001	1.22431E-05	325.339399
2.29999	4.33E-11	325.363904	0.1000001	1.29122E-05	325.363904
2.39999	4.41E-11	325.388435	0.0999999	1.35834E-05	325.388435
2.49999	4.47E-11	325.412969	0.1	1.42575E-05	325.412969
2.59999	4.51E-11	325.437592	0.1000001	1.49346E-05	325.437592
2.69999	4.53E-11	325.462129	0.1000002	1.56143E-05	325.462129
2.79999	4.64E-11	325.486699	0.1	1.62959E-05	325.486699
2.89999	4.66E-11	325.51131	0.1	1.69799E-05	325.51131
2.99999	4.75E-11	325.535843	0.1	1.76667E-05	325.535843
3.09999	4.78E-11	325.560371	0.1	1.83556E-05	325.560371
3.19999	4.82E-11	325.584864	0.1000001	1.90466E-05	325.584864
3.29999	4.82E-11	325.609401	0.1000001	1.97396E-05	325.609401
3.39999	4.9E-11	325.633898	0.0999999	2.04349E-05	325.633898
3.49999	4.93E-11	325.658428	0.1000001	2.11318E-05	325.658428
3.59999	4.99E-11	325.682985	0.1	2.183E-05	325.682985
3.69999	4.97E-11	325.707519	0.1	2.25311E-05	325.707519
3.79999	5.02E-11	325.732032	0.1000001	2.32335E-05	325.732032
3.89999	4.37E-11	325.785633	0.0999999	2.39293E-05	325.785633
3.99999	4.89E-11	325.810237	0.0999999	2.46373E-05	325.810237
4.09999	4.93E-11	325.834832	0.1000001	2.53457E-05	325.834832
4.19999	5.01E-11	325.859346	0.1	2.60547E-05	325.859346
4.29999	5.08E-11	325.883908	0.1000001	2.6766E-05	325.883908
4.39999	5.09E-11	325.908518	0.1000001	2.74777E-05	325.908518
4.49999	5.12E-11	325.933095	0.1000001	2.81913E-05	325.933095
4.59999	5.17E-11	325.957605	0.1000001	2.89064E-05	325.957605
4.69999	5.24E-11	325.982151	0.0999999	2.96235E-05	325.982151
4.79999	5.27E-11	326.006677	0.1	3.03413E-05	326.006677
4.89999	5.25E-11	326.031164	0.1000002	3.10605E-05	326.031164
4.99999	5.26E-11	326.055694	0.1	3.17822E-05	326.055694
5.09999	5.28E-11	326.08021	0.1	3.25038E-05	326.08021
5.19999	5.29E-11	326.104763	0.0999999	3.32277E-05	326.104763
5.29999	5.3E-11	326.129303	0.1000001	3.39532E-05	326.129303
5.39999	5.31E-11	326.153872	0.1	3.46798E-05	326.153872
5.49999	5.33E-11	326.178397	0.1000002	3.54081E-05	326.178397
5.59999	5.32E-11	326.202955	0.1000002	3.61378E-05	326.202955
5.69999	5.37E-11	326.227491	0.1	3.68694E-05	326.227491
5.79999	4.74E-11	326.287564	0.1000002	3.75917E-05	326.287564
5.89999	5.23E-11	326.312126	0.1000001	3.83291E-05	326.312126
5.99999	5.31E-11	326.336714	0.1000002	3.90675E-05	326.336714
6.09999	5.31E-11	326.361279	0.1000001	3.98056E-05	326.361279
6.19999	5.38E-11	326.385852	0.1000001	4.05462E-05	326.385852
6.29999	5.41E-11	326.410464	0.1	4.12878E-05	326.410464
6.39999	5.45E-11	326.434968	0.1000003	4.20296E-05	326.434968
6.49999	5.49E-11	326.45951	0.1000002	4.27736E-05	326.45951
6.59999	5.52E-11	326.484116	0.1000002	4.35195E-05	326.484116
6.69999	5.57E-11	326.508633	0.1000001	4.42664E-05	326.508633
6.79999	5.58E-11	326.533167	0.0999999	4.50161E-05	326.533167
6.89999	5.52E-11	326.557782	0.1000004	4.57659E-05	326.557782
6.99999	5.56E-11	326.58231	0.1	4.65174E-05	326.58231
7.09999	5.59E-11	326.606824	0.0999999	4.7271E-05	326.606824
7.19999	5.63E-11	326.63134	0.1000001	4.80261E-05	326.63134
7.29999	5.67E-11	326.655862	0.1000002	4.87832E-05	326.655862
7.39999	5.67E-11	326.680426	0.1000002	4.95404E-05	326.680426
7.49999	5.67E-11	326.704935	0.1000003	5.03002E-05	326.704935
7.59999	5.68E-11	326.729463	0.0999999	5.10616E-05	326.729463
7.69999	5.02E-11	326.789066	0.1000002	5.18136E-05	326.789066
7.79999	5.49E-11	326.813666	0.1000001	5.258E-05	326.813666
7.89999	5.57E-11	326.838193	0.0999999	5.33475E-05	326.838193
7.99999	5.62E-11	326.862728	0.1000002	5.41152E-05	326.862728
8.09999	5.63E-11	326.887291	0.1000001	5.48854E-05	326.887291
8.19999	5.64E-11	326.911907	0.1000003	5.56562E-05	326.911907
8.29999	5.71E-11	326.936417	0.1	5.64284E-05	326.936417
8.39999	5.71E-11	326.960959	0.0999999	5.72019E-05	326.960959
8.49999	5.8E-11	326.98546	0.1000001	5.7978E-05	326.98546
8.59999	5.73E-11	327.009967	0.1000001	5.87537E-05	327.009967
8.69999	5.86E-11	327.034466	0.0999999	5.95326E-05	327.034466
8.79999	5.78E-11	327.059022	0.1000001	6.03124E-05	327.059022
8.89999	5.84E-11	327.08359	0.1000003	6.10934E-05	327.08359
8.99999	5.82E-11	327.108106	0.1000002	6.18769E-05	327.108106
9.09999	5.85E-11	327.132619	0.1000002	6.26607E-05	327.132619
9.19999	5.83E-11	327.157138	0.1000001	6.3447E-05	327.157138
9.29999	5.85E-11	327.181713	0.1000002	6.42323E-05	327.181713
9.39999	5.86E-11	327.206214	0.1	6.50219E-05	327.206214
9.49999	5.9E-11	327.230745	0.1000002	6.58139E-05	327.230745
9.59999	5.26E-11	327.290894	0.1000001	6.65988E-05	327.290894
9.69999	5.74E-11	327.315439	0.1	6.73957E-05	327.315439
9.79999	5.83E-11	327.339993	0.1000002	6.81919E-05	327.339993
9.89999	5.85E-11	327.364522	0.1	6.89895E-05	327.364522
9.99999	5.89E-11	327.389127	0.0999999	6.97877E-05	327.389127
9.9	4.52E-11	327.413756	0.0999997	6.8974E-05	327.413756
9.8	4.23E-11	327.438268	0.1	6.81661E-05	327.438268
9.7	4.06E-11	327.462875	0.1000001	6.73605E-05	327.462875
9.6	3.82E-11	327.48745	0.0999999	6.65586E-05	327.48745
9.5	3.66E-11	327.511972	0.0999999	6.57579E-05	327.511972
9.4	3.59E-11	327.536499	0.1000001	6.49605E-05	327.536499
9.3	3.47E-11	327.56107	0.0999999	6.41634E-05	327.56107
9.2	3.39E-11	327.5856	0.1	6.33674E-05	327.5856
9.1	3.27E-11	327.610119	0.1000001	6.25743E-05	327.610119
9	3.16E-11	327.634652	0.0999998	6.17829E-05	327.634652
8.9	3.12E-11	327.659203	0.0999998	6.09948E-05	327.659203
8.8	3.1E-11	327.683744	0.1000001	6.02046E-05	327.683744
8.7	3.07E-11	327.708267	0.1	5.94166E-05	327.708267
8.6	2.97E-11	327.732776	0.1	5.86298E-05	327.732776
8.5	3.55E-11	327.792483	0.1	5.7848E-05	327.792483
8.4	2.98E-11	327.817053	0.1	5.70631E-05	327.817053
8.3	2.9E-11	327.841591	0.0999999	5.62803E-05	327.841591
8.2	2.74E-11	327.866103	0.0999998	5.55004E-05	327.866103
8.1	2.75E-11	327.890707	0.0999998	5.47222E-05	327.890707
8	2.69E-11	327.915311	0.1000002	5.39444E-05	327.915311
7.9	2.6E-11	327.939842	0.0999998	5.31698E-05	327.939842
7.8	2.62E-11	327.964445	0.0999999	5.23956E-05	327.964445
7.7	2.54E-11	327.988941	0.1	5.16245E-05	327.988941
7.6	2.5E-11	328.013462	0.0999999	5.08539E-05	328.013462
7.5	2.47E-11	328.037962	0.1	5.00849E-05	328.037962
7.4	2.41E-11	328.062527	0.1	4.93174E-05	328.062527
7.3	2.35E-11	328.087032	0.1000001	4.85523E-05	328.087032
7.2	2.35E-11	328.111551	0.0999999	4.77875E-05	328.111551
7.1	2.32E-11	328.136103	0.1000001	4.70251E-05	328.136103
7	2.28E-11	328.160697	0.1	4.62639E-05	328.160697
6.9	2.2E-11	328.185239	0.1000001	4.55051E-05	328.185239
6.8	2.21E-11	328.209766	0.1	4.47471E-05	328.209766
6.7	2.15E-11	328.234272	0.1000001	4.39902E-05	328.234272
6.6	2.8E-11	328.293834	0.0999998	4.32403E-05	328.293834
6.5	2.26E-11	328.318342	0.0999998	4.24859E-05	328.318342
6.4	2.2E-11	328.342901	0.0999998	4.17344E-05	328.342901
6.3	2.14E-11	328.367498	0.1	4.09835E-05	328.367498
6.2	2.09E-11	328.392076	0.0999999	4.02358E-05	328.392076
6.1	2.02E-11	328.416675	0.0999998	3.94882E-05	328.416675
6	1.96E-11	328.44119	0.0999999	3.87431E-05	328.44119
5.9	1.92E-11	328.465711	0.0999999	3.79992E-05	328.465711
5.8	1.9E-11	328.490283	0.0999999	3.72573E-05	328.490283
5.7	1.85E-11	328.51481	0.0999998	3.65173E-05	328.51481
5.6	1.77E-11	328.539319	0.0999999	3.5779E-05	328.539319
5.5	1.75E-11	328.56392	0.0999998	3.50418E-05	328.56392
5.4	1.7E-11	328.588435	0.0999999	3.43061E-05	328.588435
5.3	1.64E-11	328.612963	0.1000001	3.35726E-05	328.612963
5.2	1.63E-11	328.637499	0.0999999	3.28409E-05	328.637499
5.1	1.6E-11	328.662161	0.1	3.21109E-05	328.662161
5	1.57E-11	328.686721	0.0999999	3.13829E-05	328.686721
4.9	1.48E-11	328.711241	0.0999999	3.06562E-05	328.711241
4.8	1.45E-11	328.735741	0.0999999	2.99312E-05	328.735741
4.7	2.1E-11	328.794908	0.1000001	2.92121E-05	328.794908
4.6	1.56E-11	328.819513	0.1	2.84896E-05	328.819513
4.5	1.45E-11	328.844025	0.0999999	2.77698E-05	328.844025
4.4	1.43E-11	328.868548	0.0999999	2.70514E-05	328.868548
4.3	1.33E-11	328.893121	0.1000001	2.63356E-05	328.893121
4.2	1.28E-11	328.917734	0.0999998	2.56219E-05	328.917734
4.1	1.18E-11	328.942256	0.1	2.49099E-05	328.942256
4	1.09E-11	328.966807	0.0999999	2.41994E-05	328.966807
3.9	1.03E-11	328.991329	0.1	2.34915E-05	328.991329
3.8	1.01E-11	329.015838	0.0999998	2.27855E-05	329.015838
3.7	9.1E-12	329.040356	0.1	2.20818E-05	329.040356
3.6	8.6E-12	329.064862	0.1000001	2.13796E-05	329.064862
3.5	8.3E-12	329.089392	0.1	2.06796E-05	329.089392
3.4	7.2E-12	329.113905	0.0999999	1.99821E-05	329.113905
3.3	7.4E-12	329.138448	0.1	1.92865E-05	329.138448
3.2	6.5E-12	329.163015	0.1	1.85928E-05	329.163015
3.1	6.3E-12	329.187604	0.0999998	1.79023E-05	329.187604
3	5.3E-12	329.212141	0.1000001	1.72143E-05	329.212141
2.9	4.6E-12	329.236683	0.0999999	1.65281E-05	329.236683
2.8	1.01E-11	329.292469	0.1	1.58496E-05	329.292469
2.7	4.1E-12	329.316996	0.0999999	1.5168E-05	329.316996
2.6	3.2E-12	329.341515	0.1	1.44896E-05	329.341515
2.5	2E-12	329.366049	0.1	1.38135E-05	329.366049
2.4	1.3E-12	329.390631	0.0999999	1.31414E-05	329.390631
2.3	0	329.415223	0.0999999	1.24725E-05	329.415223
2.2	-1.3E-12	329.439771	0.1	1.18073E-05	329.439771
2.099999	1.3E-12	329.466207	0.0999998	1.11469E-05	329.466207
2	-2.9E-12	329.490782	0.0999998	1.04895E-05	329.490782
1.9	-4.3E-12	329.515286	0.0999998	9.8366E-06	329.515286
1.8	-5.5E-12	329.539804	0.1	9.1886E-06	329.539804
1.7	-2.6E-12	329.566903	0.1000001	8.55008E-06	329.566903
1.6	-7.2E-12	329.591416	0.0999998	7.91368E-06	329.591416
1.5	-8.4E-12	329.615933	0.1	7.28484E-06	329.615933
1.4	-9.9E-12	329.640446	0.0999999	6.66465E-06	329.640446
1.3	-1.13E-11	329.664985	0.1	6.0541E-06	329.664985
1.2	-1.32E-11	329.68953	0.0999999	5.45489E-06	329.68953
1.1	-1.44E-11	329.714095	0.0999998	4.86936E-06	329.714095
1	-1.62E-11	329.738609	0.0999996	4.29932E-06	329.738609
0.9	-1.1E-11	329.798269	0.1	3.75482E-06	329.798269
0.8	-1.77E-11	329.822858	0.0999998	3.22114E-06	329.822858
0.7	-2.03E-11	329.847364	0.0999997	2.71318E-06	329.847364
0.6	-2.28E-11	329.871886	0.0999999	2.23242E-06	329.871886
0.5	-2.53E-11	329.896431	0.0999999	1.78432E-06	329.896431
0.4	-2.73E-11	329.921021	0.1000001	1.37528E-06	329.921021
0.3	-2.97E-11	329.945545	0.0999999	1.01233E-06	329.945545
0.1999999	-2.78E-11	329.974745	0.0999995	7.04183E-07	329.974745
0.0999997	-3.41E-11	329.999282	0.0999994	4.52555E-07	329.999282
-5E-07	-3.65E-11	330.023758	0.0999995	2.64345E-07	330.023758
