#scan	iMeasureCycle=1	iMux=0	time=0.031	N=401	LocalTime=20/04/2023 05:31:42
#VGate(V)	IGate(A)	time(s)	VDrain(V)	IDrain(A)	time(s)
-1E-07	-1.515E-10	0.033928	0.0999999	2.01417E-05	0.033928
-0.1000004	-2.098E-10	0.058872	0.1	1.93162E-05	0.058872
-0.2000004	-2.588E-10	0.083409	0.0999998	1.84967E-05	0.083409
-0.300001	-1.986E-10	0.108135	0.0999999	1.76802E-05	0.108135
-0.4	-1.105E-10	0.132647	0.0999999	1.6868E-05	0.132647
-0.5	-8.48E-11	0.157161	0.0999999	1.60598E-05	0.157161
-0.6	-7.19E-11	0.181713	0.1	1.52551E-05	0.181713
-0.7	-6.41E-11	0.206377	0.1	1.44559E-05	0.206377
-0.8	-5.99E-11	0.230946	0.1	1.36621E-05	0.230946
-0.9	-5.69E-11	0.255492	0.1	1.28735E-05	0.255492
-1	-5.41E-11	0.280123	0.0999999	1.20921E-05	0.280123
-1.1	-5.33E-11	0.304775	0.0999997	1.13181E-05	0.304775
-1.2	-5.25E-11	0.329314	0.0999999	1.05534E-05	0.329314
-1.3	-5.22E-11	0.353847	0.1	9.798E-06	0.353847
-1.4	-5.17E-11	0.378357	0.1	9.0537E-06	0.378357
-1.5	-4.74E-11	0.405556	0.1	8.3269E-06	0.405556
-1.6	-5.08E-11	0.430087	0.0999999	7.61035E-06	0.430087
-1.7	-5.07E-11	0.454597	0.1	6.91132E-06	0.454597
-1.8	-5.1E-11	0.479154	0.0999998	6.23236E-06	0.479154
-1.9	-5.12E-11	0.503666	0.0999999	5.57566E-06	0.503666
-2	-5.1E-11	0.528201	0.1	4.94475E-06	0.528201
-2.1	-5.15E-11	0.552786	0.1	4.34168E-06	0.552786
-2.2	-4.52E-11	0.595223	0.0999999	3.77267E-06	0.595223
-2.3	-5.02E-11	0.619752	0.0999999	3.23518E-06	0.619752
-2.4	-5.09E-11	0.644288	0.0999999	2.73682E-06	0.644288
-2.5	-5.14E-11	0.668809	0.0999999	2.27861E-06	0.668809
-2.6	-5.2E-11	0.693392	0.0999998	1.86341E-06	0.693392
-2.7	-5.22E-11	0.717912	0.0999999	1.49233E-06	0.717912
-2.8	-5.22E-11	0.74254	0.1	1.16632E-06	0.74254
-2.9	-4.95E-11	0.76987	0.0999997	8.87005E-07	0.76987
-3	-5.35E-11	0.794377	0.0999996	6.50401E-07	0.794377
-3.1	-5.38E-11	0.818895	0.0999996	4.57362E-07	0.818895
-3.2	-5.37E-11	0.843442	0.0999997	3.05925E-07	0.843442
-3.3	-5.46E-11	0.867968	0.0999997	1.92605E-07	0.867968
-3.4	-5.48E-11	0.892584	0.0999999	1.12678E-07	0.892584
-3.5	-4.93E-11	0.930243	0.0999968	6.1293E-08	0.930243
-3.6	-6.87E-11	0.953502	0.1000072	2.97234E-08	0.953502
-3.7	-7.03E-11	0.976707	0.1000035	1.29774E-08	0.976707
-3.8	-6.92E-11	0.99999	0.1000015	5.0783E-09	0.99999
-3.9	-6.89E-11	1.023267	0.1000008	1.7639E-09	1.023267
-4	-7.14E-11	1.046568	0.1000004	5.357E-10	1.046568
-4.1	-5.01E-11	1.099838	0.1	1.408E-10	1.099838
-4.2	-6.88E-11	1.123149	0.1000003	2.5E-11	1.123149
-4.3	-6.93E-11	1.14644	0.1000003	4E-13	1.14644
-4.4	-7.03E-11	1.169697	0.1000002	-3.9E-12	1.169697
-4.5	-7.18E-11	1.192965	0.1000002	-4.6E-12	1.192965
-4.6	-7.06E-11	1.216308	0.1000003	-4.6E-12	1.216308
-4.7	-6.95E-11	1.239655	0.1000002	-4.7E-12	1.239655
-4.8	-7.26E-11	1.262948	0.1000001	-4.4E-12	1.262948
-4.9	-7.12E-11	1.28624	0.1000004	-4.3E-12	1.28624
-5	-7.18E-11	1.309525	0.1000003	-4.6E-12	1.309525
-5.1	-7.36E-11	1.33274	0.1000001	-4.7E-12	1.33274
-5.2	-7.45E-11	1.355956	0.1000003	-4.5E-12	1.355956
-5.3	-7.27E-11	1.379259	0.1000003	-4.1E-12	1.379259
-5.4	-7.32E-11	1.402534	0.1000001	-4.4E-12	1.402534
-5.5	-7.49E-11	1.425747	0.1000002	-4E-12	1.425747
-5.6	-7.55E-11	1.44897	0.1000002	-3.9E-12	1.44897
-5.7	-7.43E-11	1.472268	0.1000003	-4E-12	1.472268
-5.8	-7.43E-11	1.495541	0.1000004	-4.3E-12	1.495541
-5.9	-7.57E-11	1.518764	0.1000001	-4.1E-12	1.518764
-6	-7.64E-11	1.541972	0.1000003	-3.9E-12	1.541972
-6.1	-5.55E-11	1.598477	0.1	-5.8E-12	1.598477
-6.2	-7.31E-11	1.62178	0.1000002	-4.1E-12	1.62178
-6.3	-7.46E-11	1.645014	0.1000002	-4.2E-12	1.645014
-6.4	-7.55E-11	1.668235	0.1000003	-3.7E-12	1.668235
-6.5	-7.44E-11	1.691575	0.1000001	-4.1E-12	1.691575
-6.6	-7.53E-11	1.714868	0.1000002	-4.2E-12	1.714868
-6.7	-7.69E-11	1.738079	0.1000003	-3.5E-12	1.738079
-6.8	-7.68E-11	1.761485	0.1000002	-3.8E-12	1.761485
-6.9	-7.6E-11	1.784773	0.1000002	-4E-12	1.784773
-7	-7.79E-11	1.807977	0.1000003	-3.9E-12	1.807977
-7.1	-7.82E-11	1.831197	0.1000004	-4E-12	1.831197
-7.2	-7.84E-11	1.854412	0.1000003	-3.9E-12	1.854412
-7.3	-7.51E-11	1.877762	0.1000001	-4.2E-12	1.877762
-7.4	-7.87E-11	1.900997	0.1000001	-3.9E-12	1.900997
-7.5	-7.91E-11	1.924226	0.1000005	-3.7E-12	1.924226
-7.6	-7.85E-11	1.947461	0.1000001	-4E-12	1.947461
-7.7	-7.73E-11	1.970755	0.1000004	-4.2E-12	1.970755
-7.8	-7.75E-11	1.994033	0.1000004	-4.2E-12	1.994033
-7.9	-7.94E-11	2.017231	0.1000003	-4E-12	2.017231
-8	-8.02E-11	2.040448	0.1000001	-3.7E-12	2.040448
-8.1	-5.82E-11	2.100073	0.0999999	-5.3E-12	2.100073
-8.2	-7.78E-11	2.123302	0.1000003	-3.7E-12	2.123302
-8.3	-7.86E-11	2.14652	0.1000002	-3.6E-12	2.14652
-8.4	-7.92E-11	2.169734	0.1000002	-4E-12	2.169734
-8.5	-7.76E-11	2.193076	0.1000004	-4E-12	2.193076
-8.6	-7.95E-11	2.216344	0.1000001	-3.8E-12	2.216344
-8.7	-7.96E-11	2.239561	0.1000004	-3.7E-12	2.239561
-8.8	-7.97E-11	2.262784	0.1000003	-3.9E-12	2.262784
-8.9	-7.8E-11	2.286082	0.1000002	-3.8E-12	2.286082
-9	-7.79E-11	2.309374	0.1000001	-3.7E-12	2.309374
-9.1	-8.04E-11	2.332582	0.1000002	-3.8E-12	2.332582
-9.2	-8.06E-11	2.355798	0.1000003	-3.8E-12	2.355798
-9.3	-7.97E-11	2.379089	0.1000002	-3.8E-12	2.379089
-9.4	-7.95E-11	2.402377	0.1000003	-3.8E-12	2.402377
-9.5	-8.13E-11	2.425583	0.1000003	-3.5E-12	2.425583
-9.6	-7.86E-11	2.448911	0.1000003	-4.3E-12	2.448911
-9.7	-7.96E-11	2.472205	0.1000003	-3.7E-12	2.472205
-9.8	-8.11E-11	2.495399	0.1000004	-3.6E-12	2.495399
-9.9	-8.02E-11	2.518693	0.1000004	-4E-12	2.518693
-10	-8.22E-11	2.541891	0.1000003	-3.5E-12	2.541891
-9.90001	-5.67E-11	2.597295	0.1	-5.8E-12	2.597295
-9.80001	-3.76E-11	2.620611	0.0999999	-6.9E-12	2.620611
-9.70001	-3.32E-11	2.643822	0.0999998	-7.7E-12	2.643822
-9.60001	-3.16E-11	2.667033	0.0999997	-7.4E-12	2.667033
-9.50001	-3.19E-11	2.690378	0.0999998	-7.1E-12	2.690378
-9.40001	-3.12E-11	2.71368	0.0999999	-7.3E-12	2.71368
-9.30001	-2.82E-11	2.736894	0.0999999	-7.4E-12	2.736894
-9.20001	-2.69E-11	2.760102	0.0999997	-7.4E-12	2.760102
-9.10001	-2.77E-11	2.783401	0.0999997	-7.4E-12	2.783401
-9.00001	-2.67E-11	2.806693	0.0999996	-6.9E-12	2.806693
-8.90001	-2.48E-11	2.829907	0.0999998	-7.3E-12	2.829907
-8.80001	-2.35E-11	2.853114	0.0999996	-7.7E-12	2.853114
-8.70001	-2.49E-11	2.876421	0.0999997	-7.3E-12	2.876421
-8.60001	-2.27E-11	2.899694	0.0999998	-7.4E-12	2.899694
-8.50001	-2.41E-11	2.923001	0.0999996	-7.3E-12	2.923001
-8.40001	-2.35E-11	2.946287	0.0999998	-7.4E-12	2.946287
-8.30001	-2.29E-11	2.969579	0.0999997	-7.6E-12	2.969579
-8.20001	-2.12E-11	2.992812	0.0999998	-7.7E-12	2.992812
-8.10001	-2.08E-11	3.016051	0.0999997	-7.5E-12	3.016051
-8.00001	-2.13E-11	3.039338	0.0999999	-7.5E-12	3.039338
-7.90001	-1.94E-11	3.062644	0.0999997	-7.6E-12	3.062644
-7.80001	-3.91E-11	3.103213	0.1000001	-6E-12	3.103213
-7.70001	-1.98E-11	3.126443	0.0999999	-7.5E-12	3.126443
-7.6	-2.04E-11	3.149728	0.0999997	-7.6E-12	3.149728
-7.50001	-2.03E-11	3.173016	0.1	-7.5E-12	3.173016
-7.40001	-1.77E-11	3.196272	0.0999996	-7.9E-12	3.196272
-7.30001	-1.75E-11	3.219532	0.0999996	-7.7E-12	3.219532
-7.2	-1.81E-11	3.242822	0.0999996	-7.5E-12	3.242822
-7.10001	-1.61E-11	3.266041	0.0999998	-7.7E-12	3.266041
-7.00001	-1.58E-11	3.289257	0.0999998	-7.6E-12	3.289257
-6.90001	-1.59E-11	3.312481	0.0999998	-8.1E-12	3.312481
-6.80001	-1.64E-11	3.335769	0.0999999	-7.8E-12	3.335769
-6.70001	-1.67E-11	3.359056	0.0999997	-7.6E-12	3.359056
-6.60001	-1.41E-11	3.382282	0.0999997	-8E-12	3.382282
-6.50001	-1.36E-11	3.405492	0.0999998	-7.8E-12	3.405492
-6.40001	-1.52E-11	3.42878	0.0999999	-7.8E-12	3.42878
-6.30001	-1.49E-11	3.452069	0.0999999	-7.9E-12	3.452069
-6.20001	-1.25E-11	3.475285	0.0999997	-8.3E-12	3.475285
-6.10001	-1.2E-11	3.498503	0.0999997	-8.3E-12	3.498503
-6.00001	-1.38E-11	3.521789	0.0999999	-8.1E-12	3.521789
-5.90001	-1.35E-11	3.545075	0.0999998	-8E-12	3.545075
-5.80001	-3.25E-11	3.604712	0.1000002	-6.3E-12	3.604712
-5.70001	-1.38E-11	3.628014	0.0999997	-8.1E-12	3.628014
-5.60001	-1.37E-11	3.651311	0.1	-8.2E-12	3.651311
-5.50001	-1.1E-11	3.67452	0.0999997	-8.5E-12	3.67452
-5.40001	-1.06E-11	3.697781	0.0999998	-8.5E-12	3.697781
-5.30001	-1.15E-11	3.72107	0.1	-8.3E-12	3.72107
-5.20001	-1.16E-11	3.744355	0.0999996	-8.5E-12	3.744355
-5.1	-8.8E-12	3.767657	0.0999997	-8.5E-12	3.767657
-5.00001	-1.03E-11	3.790954	0.0999998	-8.6E-12	3.790954
-4.90001	-9.8E-12	3.814234	0.0999998	-8.6E-12	3.814234
-4.80001	-8.2E-12	3.837458	0.0999999	-8.7E-12	3.837458
-4.7	-7.2E-12	3.860674	0.0999999	-8.9E-12	3.860674
-4.60001	-8.1E-12	3.88401	0.0999997	-8.5E-12	3.88401
-4.50001	-6.6E-12	3.907227	0.0999996	-8.6E-12	3.907227
-4.40001	-6.2E-12	3.930437	0.0999998	-7E-12	3.930437
-4.3	-5.7E-12	3.953644	0.0999997	3.8E-12	3.953644
-4.20001	-4.9E-12	3.97686	0.0999998	5.68E-11	3.97686
-4.10001	-6.3E-12	4.00015	0.1	2.641E-10	4.00015
-4.00001	-6.1E-12	4.023434	0.1	9.358E-10	4.023434
-3.90001	-3.3E-12	4.046648	0.1000001	2.8604E-09	4.046648
-3.80001	-2.47E-11	4.106169	0.1000006	7.4322E-09	4.106169
-3.70001	-6.3E-12	4.129482	0.1000012	1.82927E-08	4.129482
-3.60001	-2.9E-12	4.152685	0.1000003	3.95943E-08	4.152685
-3.50001	-2.4E-12	4.1759	0.0999975	7.72988E-08	4.1759
-3.40001	-2.21E-11	4.21545	0.1000002	1.35666E-07	4.21545
-3.30001	-1.7E-11	4.240032	0.1000005	2.2621E-07	4.240032
-3.20001	-1.65E-11	4.264529	0.1000002	3.50027E-07	4.264529
-3.10001	-1.59E-11	4.289046	0.1000006	5.12162E-07	4.289046
-3.00001	-1.47E-11	4.313542	0.1000006	7.15245E-07	4.313542
-2.90001	-1.46E-11	4.338068	0.1000007	9.61747E-07	4.338068
-2.80001	-1.85E-11	4.372597	0.1000001	1.24774E-06	4.372597
-2.70001	-1.4E-11	4.397134	0.1000001	1.5849E-06	4.397134
-2.60001	-1.28E-11	4.421629	0.1000001	1.96505E-06	4.421629
-2.50001	-1.18E-11	4.446188	0.1000001	2.38802E-06	4.446188
-2.40001	-1.1E-11	4.470697	0.0999999	2.85273E-06	4.470697
-2.30001	-1.01E-11	4.495249	0.1000001	3.35683E-06	4.495249
-2.20001	-9.4E-12	4.51977	0.1000002	3.89761E-06	4.51977
-2.099999	-1.19E-11	4.546184	0.1000001	4.47329E-06	4.546184
-2.000001	-1.55E-11	4.605922	0.1	5.06749E-06	4.605922
-1.900001	-9.4E-12	4.630491	0.1000001	5.70565E-06	4.630491
-1.800001	-7.7E-12	4.655015	0.1	6.36565E-06	4.655015
-1.7	-5.9E-12	4.679528	0.1	7.04711E-06	4.679528
-1.6	-5.1E-12	4.704087	0.0999999	7.74629E-06	4.704087
-1.500001	-4.3E-12	4.728631	0.0999999	8.46239E-06	4.728631
-1.4	-2.9E-12	4.75314	0.0999998	9.19296E-06	4.75314
-1.3	-1.7E-12	4.77767	0.1000001	9.93666E-06	4.77767
-1.200001	-5.5E-12	4.812218	0.1000001	1.06831E-05	4.812218
-1.100001	0	4.836747	0.1000002	1.14487E-05	4.836747
-1	1.7E-12	4.861253	0.1000002	1.22206E-05	4.861253
-0.900001	2.1E-12	4.885972	0.1	1.30007E-05	4.885972
-0.8	4.2E-12	4.910517	0.1	1.37871E-05	4.910517
-0.700001	5.6E-12	4.93503	0.1	1.4579E-05	4.93503
-0.600001	6.8E-12	4.959598	0.0999999	1.53756E-05	4.959598
-0.500001	8.6E-12	4.984104	0.0999999	1.61772E-05	4.984104
-0.400001	9.8E-12	5.008642	0.0999998	1.69825E-05	5.008642
-0.3	1.13E-11	5.033143	0.1000001	1.7792E-05	5.033143
-0.2	9.5E-12	5.059666	0.1000001	1.86044E-05	5.059666
-0.1000002	9E-12	5.106191	0.1000001	1.94174E-05	5.106191
3E-07	1.5E-11	5.1307	0.1000001	2.02404E-05	5.1307
0.1000003	1.73E-11	5.155214	0.1000002	2.10668E-05	5.155214
0.2000002	1.92E-11	5.179739	0.1	2.18975E-05	5.179739
0.299999	2.16E-11	5.204489	0.1	2.27323E-05	5.204489
0.4	2.32E-11	5.229088	0.0999999	2.35719E-05	5.229088
0.5	2.56E-11	5.253613	0.1000001	2.44154E-05	5.253613
0.599999	2.7E-11	5.278124	0.1	2.52612E-05	5.278124
0.7	2.94E-11	5.302636	0.1000001	2.61095E-05	5.302636
0.799999	3.11E-11	5.327209	0.0999999	2.69605E-05	5.327209
0.899999	3.29E-11	5.351762	0.1000001	2.78133E-05	5.351762
0.999999	3.49E-11	5.376308	0.1000001	2.86662E-05	5.376308
1.1	3.66E-11	5.400856	0.1000002	2.95212E-05	5.400856
1.2	3.81E-11	5.425359	0.1000001	3.03771E-05	5.425359
1.3	3.95E-11	5.449885	0.1000001	3.1234E-05	5.449885
1.399999	4.08E-11	5.47441	0.1	3.20912E-05	5.47441
1.5	4.17E-11	5.499012	0.1000001	3.29502E-05	5.499012
1.599999	4.33E-11	5.5235	0.1000002	3.38093E-05	5.5235
1.699999	4.41E-11	5.548039	0.1000001	3.46689E-05	5.548039
1.799999	3.69E-11	5.605743	0.1000001	3.55154E-05	5.605743
1.9	4.27E-11	5.630341	0.1	3.63816E-05	5.630341
1.999999	4.46E-11	5.654876	0.1000001	3.72454E-05	5.654876
2.099999	4.54E-11	5.679386	0.1000002	3.81085E-05	5.679386
2.19999	4.6E-11	5.704168	0.0999998	3.89697E-05	5.704168
2.29999	4.69E-11	5.728694	0.1000004	3.98341E-05	5.728694
2.39999	4.8E-11	5.753232	0.1000001	4.06982E-05	5.753232
2.49999	4.87E-11	5.777829	0.1	4.15629E-05	5.777829
2.59999	4.84E-11	5.802438	0.1000002	4.24276E-05	5.802438
2.69999	4.94E-11	5.826941	0.1000001	4.32939E-05	5.826941
2.79999	5E-11	5.851449	0.1	4.41597E-05	5.851449
2.89999	5.03E-11	5.875962	0.1000002	4.50268E-05	5.875962
2.99999	5.06E-11	5.900536	0.1	4.58945E-05	5.900536
3.09999	5.11E-11	5.925054	0.0999999	4.67624E-05	5.925054
3.19999	5.09E-11	5.949564	0.1	4.76303E-05	5.949564
3.29999	5.18E-11	5.974071	0.1000002	4.84995E-05	5.974071
3.39999	5.2E-11	5.998575	0.1	4.93694E-05	5.998575
3.49999	5.24E-11	6.023089	0.1000003	5.02396E-05	6.023089
3.59999	5.26E-11	6.047622	0.1000002	5.11105E-05	6.047622
3.69999	4.57E-11	6.096793	0.0999998	5.19714E-05	6.096793
3.79999	5.13E-11	6.121374	0.1000001	5.28486E-05	6.121374
3.89999	5.15E-11	6.145979	0.1	5.37229E-05	6.145979
3.99999	5.28E-11	6.170496	0.1000001	5.45969E-05	6.170496
4.09999	4.99E-11	6.19665	0.1000001	5.54721E-05	6.19665
4.19999	5.33E-11	6.221186	0.1000001	5.63476E-05	6.221186
4.29999	5.35E-11	6.245766	0.1000002	5.72239E-05	6.245766
4.39999	5.42E-11	6.270267	0.1000002	5.81004E-05	6.270267
4.49999	5.4E-11	6.294829	0.1000003	5.8978E-05	6.294829
4.59999	5.46E-11	6.319342	0.1000003	5.98556E-05	6.319342
4.69999	5.46E-11	6.343876	0.0999998	6.07338E-05	6.343876
4.79999	5.49E-11	6.368378	0.1	6.16144E-05	6.368378
4.89999	5.51E-11	6.392933	0.1000001	6.24955E-05	6.392933
4.99999	5.54E-11	6.417455	0.0999999	6.33763E-05	6.417455
5.09999	5.53E-11	6.441988	0.1000002	6.42571E-05	6.441988
5.19999	5.59E-11	6.466522	0.0999999	6.51399E-05	6.466522
5.29999	5.6E-11	6.491062	0.1	6.60234E-05	6.491062
5.39999	5.62E-11	6.515576	0.0999999	6.69071E-05	6.515576
5.49999	5.65E-11	6.540121	0.1	6.77928E-05	6.540121
5.59999	5.66E-11	6.564755	0.0999999	6.86784E-05	6.564755
5.69999	5.06E-11	6.615297	0.1000002	6.95573E-05	6.615297
5.79999	5.6E-11	6.639822	0.0999999	7.04479E-05	6.639822
5.89999	5.61E-11	6.664335	0.1000001	7.13382E-05	6.664335
5.99999	5.64E-11	6.688845	0.1	7.2228E-05	6.688845
6.09999	5.67E-11	6.713383	0.1000002	7.3118E-05	6.713383
6.19999	5.69E-11	6.737893	0.1	7.40098E-05	6.737893
6.29999	5.71E-11	6.762401	0.1000002	7.49019E-05	6.762401
6.39999	5.77E-11	6.78692	0.1000002	7.57937E-05	6.78692
6.49999	5.73E-11	6.811467	0.1000002	7.66868E-05	6.811467
6.59999	5.75E-11	6.835987	0.1	7.75814E-05	6.835987
6.69999	5.8E-11	6.860508	0.0999999	7.84777E-05	6.860508
6.79999	5.84E-11	6.885006	0.1000002	7.93727E-05	6.885006
6.89999	5.87E-11	6.909572	0.1	8.02686E-05	6.909572
6.99999	5.82E-11	6.934135	0.1000001	8.11668E-05	6.934135
7.09999	5.86E-11	6.958649	0.1000003	8.20656E-05	6.958649
7.19999	5.87E-11	6.983171	0.1000001	8.29637E-05	6.983171
7.29999	5.88E-11	7.007685	0.1000001	8.3864E-05	7.007685
7.39999	5.88E-11	7.032203	0.0999999	8.47659E-05	7.032203
7.49999	5.87E-11	7.0567	0.1000001	8.56676E-05	7.0567
7.59999	5.24E-11	7.116853	0.0999998	8.65621E-05	7.116853
7.69999	5.7E-11	7.141377	0.1000002	8.74691E-05	7.141377
7.79999	5.81E-11	7.165907	0.1	8.83744E-05	7.165907
7.89999	5.81E-11	7.190421	0.1000002	8.92803E-05	7.190421
7.99999	5.86E-11	7.214987	0.0999999	9.01886E-05	7.214987
8.09999	5.86E-11	7.239584	0.1000001	9.10955E-05	7.239584
8.19999	5.88E-11	7.264096	0.1000001	9.20038E-05	7.264096
8.29999	5.96E-11	7.288622	0.1000001	9.29127E-05	7.288622
8.39999	5.99E-11	7.313132	0.1000004	9.38238E-05	7.313132
8.49999	5.99E-11	7.33766	0.0999999	9.47346E-05	7.33766
8.59999	6.03E-11	7.362194	0.1000002	9.56449E-05	7.362194
8.69999	6.06E-11	7.386758	0.0999999	9.65576E-05	7.386758
8.79999	6.02E-11	7.411266	0.1000001	9.74726E-05	7.411266
8.89999	6.03E-11	7.435802	0.1000003	9.83861E-05	7.435802
8.99999	6.06E-11	7.460325	0.1000002	9.93017E-05	7.460325
9.09999	6.07E-11	7.48485	0.0999997	0.0001002187	7.48485
9.19999	6.11E-11	7.509361	0.1000001	0.0001011359	7.509361
9.29999	6.11E-11	7.533907	0.1000001	0.0001020497	7.533907
9.39999	6.1E-11	7.558422	0.1	0.0001029709	7.558422
9.49999	5.45E-11	7.618122	0.1	0.0001038873	7.618122
9.59999	5.92E-11	7.642644	0.1	0.0001048122	7.642644
9.69999	5.53E-11	7.672264	0.1	0.000105704	7.672264
9.79999	6.02E-11	7.696812	0.1	0.000106628	7.696812
9.89999	6.07E-11	7.721409	0.1	0.000107554	7.721409
9.99999	6.07E-11	7.745942	0.1	0.00010848	7.745942
9.9	4.78E-11	7.770538	0.1000001	0.000107542	7.770538
9.8	4.49E-11	7.795063	0.0999998	0.000106606	7.795063
9.7	4.29E-11	7.81959	0.1	0.000105674	7.81959
9.6	4.14E-11	7.844193	0.0999999	0.000104744	7.844193
9.5	4.04E-11	7.868724	0.0999999	0.000103816	7.868724
9.4	3.89E-11	7.893265	0.1	0.000102891	7.893265
9.3	3.78E-11	7.917812	0.1000001	0.000101964	7.917812
9.2	3.72E-11	7.942393	0.1	0.000101041	7.942393
9.1	3.63E-11	7.966942	0.1	0.000100116	7.966942
9	3.51E-11	7.991444	0.0999999	9.9195E-05	7.991444
8.9	3.38E-11	8.016048	0.0999999	9.8279E-05	8.016048
8.8	3.32E-11	8.040554	0.1	9.7355E-05	8.040554
8.7	3.28E-11	8.065086	0.1000001	9.6433E-05	8.065086
8.6	3.8E-11	8.122497	0.1000001	9.5516E-05	8.122497
8.5	3.23E-11	8.147027	0.1	9.4594E-05	8.147027
8.4	3.2E-11	8.171578	0.1000001	9.3676E-05	8.171578
8.3	3.14E-11	8.196119	0.1	9.2756E-05	8.196119
8.2	3.08E-11	8.22072	0.0999999	9.1841E-05	8.22072
8.1	3E-11	8.245333	0.0999999	9.0925E-05	8.245333
8	2.98E-11	8.269853	0.1000002	9.0011E-05	8.269853
7.9	3.34E-11	8.297719	0.0999999	8.91287E-05	8.297719
7.8	2.87E-11	8.322221	0.0999997	8.82181E-05	8.322221
7.7	2.83E-11	8.346749	0.1	8.73062E-05	8.346749
7.6	2.82E-11	8.371254	0.1	8.63938E-05	8.371254
7.5	2.76E-11	8.395764	0.0999997	8.54841E-05	8.395764
7.4	2.68E-11	8.420347	0.0999998	8.45762E-05	8.420347
7.3	2.69E-11	8.444881	0.1000001	8.36675E-05	8.444881
7.2	2.61E-11	8.469388	0.0999999	8.27593E-05	8.469388
7.1	2.55E-11	8.493921	0.0999999	8.18523E-05	8.493921
7	2.55E-11	8.518481	0.0999997	8.09484E-05	8.518481
6.9	2.48E-11	8.542998	0.0999999	8.00425E-05	8.542998
6.8	2.49E-11	8.567606	0.0999999	7.91384E-05	8.567606
6.7	3.07E-11	8.624288	0.1000002	7.82418E-05	8.624288
6.6	2.59E-11	8.648852	0.0999999	7.73373E-05	8.648852
6.5	2.51E-11	8.673401	0.1000001	7.64348E-05	8.673401
6.4	2.47E-11	8.697912	0.1	7.5533E-05	8.697912
6.3	2.37E-11	8.722479	0.0999998	7.46336E-05	8.722479
6.2	2.33E-11	8.747017	0.0999999	7.37329E-05	8.747017
6.1	2.3E-11	8.771518	0.1000001	7.28343E-05	8.771518
6	2.24E-11	8.796063	0.1	7.19357E-05	8.796063
5.9	2.22E-11	8.820572	0.1	7.10391E-05	8.820572
5.8	2.13E-11	8.845106	0.0999999	7.01416E-05	8.845106
5.7	2.05E-11	8.869614	0.1	6.92449E-05	8.869614
5.6	2.03E-11	8.894142	0.0999997	6.83506E-05	8.894142
5.5	2.04E-11	8.918707	0.1000002	6.7457E-05	8.918707
5.4	1.97E-11	8.943235	0.0999999	6.65633E-05	8.943235
5.3	1.95E-11	8.967748	0.0999998	6.56695E-05	8.967748
5.2	1.89E-11	8.992255	0.0999997	6.47784E-05	8.992255
5.1	1.87E-11	9.016765	0.0999999	6.38877E-05	9.016765
5	1.82E-11	9.041378	0.0999999	6.29971E-05	9.041378
4.9	1.76E-11	9.065913	0.0999999	6.21068E-05	9.065913
4.8	2.26E-11	9.118449	0.1000002	6.12223E-05	9.118449
4.7	1.81E-11	9.143001	0.0999999	6.03332E-05	9.143001
4.6	1.73E-11	9.167525	0.0999997	5.94455E-05	9.167525
4.5	1.69E-11	9.192022	0.1	5.85589E-05	9.192022
4.4	1.63E-11	9.216628	0.0999999	5.76729E-05	9.216628
4.3	1.58E-11	9.241237	0.0999998	5.67879E-05	9.241237
4.2	1.47E-11	9.265735	0.0999998	5.5904E-05	9.265735
4.1	1.42E-11	9.290242	0.0999999	5.50197E-05	9.290242
4	1.37E-11	9.314777	0.0999999	5.41373E-05	9.314777
3.9	1.31E-11	9.339302	0.0999999	5.3255E-05	9.339302
3.8	1.32E-11	9.363845	0.1	5.23734E-05	9.363845
3.7	1.21E-11	9.388417	0.1	5.14922E-05	9.388417
3.6	1.14E-11	9.41292	0.1000001	5.06116E-05	9.41292
3.5	1.08E-11	9.437446	0.0999999	4.97333E-05	9.437446
3.4	1.05E-11	9.461968	0.1	4.88551E-05	9.461968
3.3	1E-11	9.486479	0.0999999	4.79767E-05	9.486479
3.2	8.9E-12	9.510971	0.0999999	4.70996E-05	9.510971
3.1	8.4E-12	9.535501	0.1	4.62241E-05	9.535501
3	7.9E-12	9.560011	0.0999999	4.53484E-05	9.560011
2.9	1.47E-11	9.618158	0.1000001	4.44801E-05	9.618158
2.8	8.5E-12	9.642727	0.0999999	4.36059E-05	9.642727
2.7	7.3E-12	9.667264	0.1000001	4.27318E-05	9.667264
2.6	6.1E-12	9.691788	0.0999999	4.18597E-05	9.691788
2.5	5.3E-12	9.716393	0.1000001	4.0989E-05	9.716393
2.4	3.7E-12	9.74094	0.1000001	4.01179E-05	9.74094
2.3	3.3E-12	9.765534	0.1	3.92482E-05	9.765534
2.2	2.2E-12	9.790041	0.0999997	3.83793E-05	9.790041
2.099999	4.6E-12	9.816466	0.1	3.75147E-05	9.816466
2	5E-13	9.840999	0.1	3.66478E-05	9.840999
1.9	-5E-13	9.865529	0.0999999	3.57815E-05	9.865529
1.8	-2E-12	9.890084	0.0999998	3.49168E-05	9.890084
1.7	-3.1E-12	9.91466	0.1000002	3.40536E-05	9.91466
1.6	-4.1E-12	9.939206	0.0999999	3.31916E-05	9.939206
1.5	-5.7E-12	9.963717	0.1	3.23302E-05	9.963717
1.4	-6.2E-12	9.988262	0.0999998	3.14709E-05	9.988262
1.3	-8.1E-12	10.012786	0.0999999	3.06128E-05	10.012786
1.2	-9.2E-12	10.03742	0.1000001	2.97558E-05	10.03742
1.1	-1.07E-11	10.061945	0.0999998	2.89011E-05	10.061945
1	-4.9E-12	10.124318	0.0999999	2.80547E-05	10.124318
0.9	-1.23E-11	10.14888	0.0999997	2.72026E-05	10.14888
0.8	-1.44E-11	10.173415	0.1000001	2.63546E-05	10.173415
0.7	-1.64E-11	10.198006	0.1	2.55088E-05	10.198006
0.6	-1.91E-11	10.222585	0.0999998	2.46674E-05	10.222585
0.5	-2.12E-11	10.247153	0.0999999	2.38297E-05	10.247153
0.4	-2.32E-11	10.271697	0.1	2.29956E-05	10.271697
0.3	-2.57E-11	10.296224	0.0999997	2.21665E-05	10.296224
0.1999998	-2.48E-11	10.322622	0.1	2.13429E-05	10.322622
0.0999996	-3.05E-11	10.347151	0.1	2.05235E-05	10.347151
-3E-07	-3.28E-11	10.371627	0.1	1.97091E-05	10.371627
#scan	iMeasureCycle=2	iMux=0	time=279.633	N=401	LocalTime=20/04/2023 05:36:22
#VGate(V)	IGate(A)	time(s)	VDrain(V)	IDrain(A)	time(s)
-2E-07	-1.15E-11	279.640489	0.1	1.99217E-05	279.640489
-0.1000002	-1.93E-11	279.665364	0.1	1.91006E-05	279.665364
-0.2000002	-2.08E-11	279.690957	0.1	1.82843E-05	279.690957
-0.3	-2.59E-11	279.715679	0.1000001	1.74725E-05	279.715679
-0.4	-2.93E-11	279.74024	0.1000001	1.66641E-05	279.74024
-0.5	-3.14E-11	279.764792	0.1000001	1.58613E-05	279.764792
-0.6	-3.39E-11	279.789412	0.1	1.50619E-05	279.789412
-0.7	-3.57E-11	279.813923	0.0999999	1.42678E-05	279.813923
-0.8	-3.71E-11	279.838468	0.0999999	1.34789E-05	279.838468
-0.9	-3.91E-11	279.862972	0.0999998	1.26971E-05	279.862972
-1	-4E-11	279.887509	0.1	1.1921E-05	279.887509
-1.1	-4.13E-11	279.912162	0.1000001	1.11538E-05	279.912162
-1.2	-4.16E-11	279.9367	0.1	1.03945E-05	279.9367
-1.3	-4.31E-11	279.9612	0.0999999	9.6461E-06	279.9612
-1.4	-4.03E-11	279.988334	0.0999998	8.91288E-06	279.988334
-1.5	-4.45E-11	280.012856	0.1	8.18817E-06	280.012856
-1.6	-4.55E-11	280.03737	0.0999998	7.47974E-06	280.03737
-1.7	-4.65E-11	280.06189	0.0999999	6.78915E-06	280.06189
-1.8	-4.73E-11	280.08644	0.1	6.11809E-06	280.08644
-1.9	-4.78E-11	280.110972	0.0999998	5.46957E-06	280.110972
-2	-4.84E-11	280.13547	0.0999999	4.84624E-06	280.13547
-2.1	-4.87E-11	280.160008	0.1	4.25157E-06	280.160008
-2.2	-4.35E-11	280.202194	0.0999999	3.69037E-06	280.202194
-2.3	-4.87E-11	280.226704	0.1	3.16089E-06	280.226704
-2.4	-4.95E-11	280.251213	0.1000001	2.67029E-06	280.251213
-2.5	-5E-11	280.275765	0.1	2.22004E-06	280.275765
-2.6	-5.09E-11	280.30032	0.0999999	1.81187E-06	280.30032
-2.7	-5.09E-11	280.324872	0.0999999	1.44755E-06	280.324872
-2.8	-5.15E-11	280.349381	0.0999999	1.12808E-06	280.349381
-2.9	-4.84E-11	280.376702	0.0999999	8.54562E-07	280.376702
-3	-5.2E-11	280.401237	0.0999996	6.23996E-07	280.401237
-3.1	-5.23E-11	280.425735	0.0999995	4.3662E-07	280.425735
-3.2	-5.26E-11	280.450239	0.0999996	2.9014E-07	280.450239
-3.3	-5.29E-11	280.474744	0.0999997	1.8116E-07	280.474744
-3.4	-5.32E-11	280.499279	0.0999999	1.05001E-07	280.499279
-3.5	-4.84E-11	280.537044	0.0999958	5.64741E-08	280.537044
-3.6	-6.82E-11	280.560255	0.1000058	2.70371E-08	280.560255
-3.7	-6.75E-11	280.583547	0.1000027	1.16418E-08	280.583547
-3.8	-6.85E-11	280.606826	0.1000018	4.4753E-09	280.606826
-3.9	-7E-11	280.630038	0.1000007	1.5285E-09	280.630038
-4	-7.04E-11	280.653249	0.1000005	4.558E-10	280.653249
-4.1	-4.98E-11	280.706641	0.1000001	1.172E-10	280.706641
-4.2	-6.76E-11	280.729955	0.1000004	1.94E-11	280.729955
-4.3	-7.01E-11	280.753215	0.1000003	-1.1E-12	280.753215
-4.4	-7.09E-11	280.776439	0.1000003	-3.9E-12	280.776439
-4.5	-7.14E-11	280.799699	0.1000002	-4.9E-12	280.799699
-4.6	-7E-11	280.822984	0.1000002	-4.7E-12	280.822984
-4.7	-7.01E-11	280.84627	0.1000002	-4.7E-12	280.84627
-4.8	-7.23E-11	280.86947	0.1000001	-4.7E-12	280.86947
-4.9	-7.27E-11	280.892678	0.1000003	-4.2E-12	280.892678
-5	-7.33E-11	280.915975	0.1000002	-4.9E-12	280.915975
-5.1	-7.32E-11	280.939196	0.1000002	-4.6E-12	280.939196
-5.2	-7.37E-11	280.962407	0.1000003	-4.5E-12	280.962407
-5.3	-7.38E-11	280.985623	0.1000003	-4.6E-12	280.985623
-5.4	-7.27E-11	281.008917	0.1000001	-5E-12	281.008917
-5.5	-7.23E-11	281.032192	0.1000004	-4.8E-12	281.032192
-5.6	-7.39E-11	281.055413	0.1000002	-5E-12	281.055413
-5.7	-7.45E-11	281.078683	0.1	-4.7E-12	281.078683
-5.8	-7.33E-11	281.102057	0.1000003	-4.6E-12	281.102057
-5.9	-7.38E-11	281.12535	0.1000003	-4.9E-12	281.12535
-6	-7.52E-11	281.148591	0.1000003	-4.5E-12	281.148591
-6.1	-5.41E-11	281.205364	0.1000001	-6E-12	281.205364
-6.2	-7.33E-11	281.2286	0.1000003	-4.1E-12	281.2286
-6.3	-7.49E-11	281.251827	0.1000003	-4.4E-12	281.251827
-6.4	-7.54E-11	281.275035	0.1000003	-4.1E-12	281.275035
-6.5	-7.34E-11	281.298372	0.1000002	-4.5E-12	281.298372
-6.6	-7.42E-11	281.321669	0.1000002	-4.1E-12	281.321669
-6.7	-7.61E-11	281.344895	0.1000003	-4.3E-12	281.344895
-6.8	-7.63E-11	281.368106	0.1000002	-3.7E-12	281.368106
-6.9	-7.46E-11	281.391475	0.1000001	-4.5E-12	281.391475
-7	-7.64E-11	281.414747	0.1000003	-4.2E-12	281.414747
-7.1	-7.71E-11	281.437962	0.1000004	-4.7E-12	281.437962
-7.2	-7.73E-11	281.461172	0.1000004	-4.3E-12	281.461172
-7.3	-7.5E-11	281.484462	0.1000003	-4.5E-12	281.484462
-7.4	-7.76E-11	281.507681	0.1000002	-4.1E-12	281.507681
-7.5	-7.76E-11	281.530905	0.1000003	-3.9E-12	281.530905
-7.6	-7.76E-11	281.554113	0.1000003	-4.2E-12	281.554113
-7.7	-7.64E-11	281.57739	0.1000003	-4.2E-12	281.57739
-7.8	-7.63E-11	281.600687	0.1000003	-4.3E-12	281.600687
-7.9	-7.87E-11	281.623903	0.1000003	-4.3E-12	281.623903
-8	-7.93E-11	281.647107	0.1000003	-4.3E-12	281.647107
-8.1	-5.84E-11	281.702323	0.1000001	-6.3E-12	281.702323
-8.2	-7.52E-11	281.725717	0.1000002	-4.4E-12	281.725717
-8.3	-7.72E-11	281.748987	0.1000004	-4.3E-12	281.748987
-8.4	-7.81E-11	281.772211	0.1000003	-4.6E-12	281.772211
-8.5	-7.68E-11	281.795643	0.1000002	-4.7E-12	281.795643
-8.6	-7.68E-11	281.818943	0.1000002	-4.7E-12	281.818943
-8.7	-7.85E-11	281.842149	0.1000003	-4.3E-12	281.842149
-8.8	-7.95E-11	281.865356	0.1000001	-4.3E-12	281.865356
-8.9	-7.78E-11	281.888634	0.1000002	-4.2E-12	281.888634
-9	-7.67E-11	281.912048	0.1000002	-4.2E-12	281.912048
-9.1	-7.96E-11	281.935275	0.1000003	-4.1E-12	281.935275
-9.2	-7.99E-11	281.958493	0.1000002	-4E-12	281.958493
-9.3	-7.86E-11	281.981779	0.1000002	-4.1E-12	281.981779
-9.4	-8E-11	282.005	0.1000003	-4.6E-12	282.005
-9.5	-8.04E-11	282.028231	0.1000005	-4E-12	282.028231
-9.6	-8.04E-11	282.051451	0.1000003	-3.9E-12	282.051451
-9.7	-7.91E-11	282.0748	0.1000003	-4E-12	282.0748
-9.8	-8.09E-11	282.098012	0.1000003	-4.1E-12	282.098012
-9.9	-8.03E-11	282.121263	0.1000004	-4.4E-12	282.121263
-10	-8.1E-11	282.144483	0.1000003	-4.1E-12	282.144483
-9.90001	-4.03E-11	282.16777	0.0999999	-7.5E-12	282.16777
-9.80001	-5.36E-11	282.208138	0.1	-5.6E-12	282.208138
-9.70001	-3.28E-11	282.231385	0.0999999	-7.3E-12	282.231385
-9.60001	-3.07E-11	282.254605	0.0999998	-7.4E-12	282.254605
-9.50001	-3.16E-11	282.277898	0.0999999	-7.4E-12	282.277898
-9.40001	-2.87E-11	282.301263	0.0999997	-7.8E-12	282.301263
-9.30001	-2.7E-11	282.324511	0.1	-7.6E-12	282.324511
-9.20001	-2.62E-11	282.347719	0.0999998	-7.9E-12	282.347719
-9.10001	-2.7E-11	282.371001	0.0999998	-7.9E-12	282.371001
-9.00001	-2.74E-11	282.39433	0.1	-7.8E-12	282.39433
-8.90001	-2.39E-11	282.417594	0.1	-8E-12	282.417594
-8.80001	-2.45E-11	282.440881	0.0999999	-7.8E-12	282.440881
-8.70001	-2.39E-11	282.464159	0.0999999	-7.6E-12	282.464159
-8.60001	-2.2E-11	282.487362	0.0999998	-8.2E-12	282.487362
-8.50001	-2.14E-11	282.510579	0.0999998	-8.3E-12	282.510579
-8.40001	-2.05E-11	282.533844	0.0999998	-7.9E-12	282.533844
-8.30001	-2.18E-11	282.557123	0.0999998	-7.8E-12	282.557123
-8.20001	-2.17E-11	282.580406	0.0999997	-7.7E-12	282.580406
-8.10001	-1.92E-11	282.603706	0.0999999	-8.2E-12	282.603706
-8.00001	-1.86E-11	282.626915	0.0999998	-8E-12	282.626915
-7.90001	-2.01E-11	282.650202	0.0999999	-7.2E-12	282.650202
-7.80001	-3.81E-11	282.70543	0.0999999	-5.8E-12	282.70543
-7.70001	-1.93E-11	282.72868	0.0999998	-7.9E-12	282.72868
-7.6	-1.8E-11	282.752001	0.0999997	-8E-12	282.752001
-7.50001	-1.94E-11	282.775295	0.0999996	-7.8E-12	282.775295
-7.40001	-1.86E-11	282.798646	0.1	-8.1E-12	282.798646
-7.30001	-1.6E-11	282.821863	0.0999998	-8.3E-12	282.821863
-7.2	-1.57E-11	282.845076	0.0999997	-7.8E-12	282.845076
-7.10001	-1.73E-11	282.868369	0.0999997	-8E-12	282.868369
-7.00001	-1.67E-11	282.891651	0.0999998	-8E-12	282.891651
-6.90001	-1.53E-11	282.91495	0.0999999	-8.3E-12	282.91495
-6.80001	-1.4E-11	282.938178	0.0999999	-8.2E-12	282.938178
-6.70001	-1.53E-11	282.961465	0.0999998	-8.1E-12	282.961465
-6.60001	-1.37E-11	282.984675	0.0999999	-8.1E-12	282.984675
-6.50001	-1.32E-11	283.007972	0.1	-8.3E-12	283.007972
-6.40001	-1.25E-11	283.031183	0.0999998	-8.4E-12	283.031183
-6.30001	-1.4E-11	283.054478	0.1	-7.8E-12	283.054478
-6.20001	-1.25E-11	283.077761	0.0999999	-7.8E-12	283.077761
-6.10001	-1.24E-11	283.100979	0.0999997	-8E-12	283.100979
-6.00001	-1.29E-11	283.124271	0.0999999	-7.8E-12	283.124271
-5.90001	-1.21E-11	283.147637	0.0999998	-7.9E-12	283.147637
-5.80001	-1.09E-11	283.170856	0.1	-8E-12	283.170856
-5.70001	-3.05E-11	283.211356	0.1	-6.9E-12	283.211356
-5.60001	-1.27E-11	283.234668	0.0999999	-8.5E-12	283.234668
-5.50001	-1.22E-11	283.257972	0.0999999	-8.7E-12	283.257972
-5.40001	-9.7E-12	283.28118	0.0999998	-8.5E-12	283.28118
-5.30001	-9.1E-12	283.304445	0.0999998	-9E-12	283.304445
-5.20001	-8.5E-12	283.327669	0.0999998	-8.6E-12	283.327669
-5.1	-9.8E-12	283.35098	0.0999999	-8.5E-12	283.35098
-5.00001	-8E-12	283.374209	0.0999998	-8.8E-12	283.374209
-4.90001	-7.3E-12	283.397426	0.0999998	-9E-12	283.397426
-4.80001	-8.8E-12	283.42077	0.0999999	-9E-12	283.42077
-4.7	-6.6E-12	283.443992	0.0999997	-8.9E-12	283.443992
-4.60001	-6.2E-12	283.467217	0.0999997	-9.3E-12	283.467217
-4.50001	-5.5E-12	283.490433	0.0999998	-9.3E-12	283.490433
-4.40001	-6.9E-12	283.513801	0.0999999	-7.9E-12	283.513801
-4.3	-4.5E-12	283.537016	0.0999999	7E-13	283.537016
-4.20001	-3.9E-12	283.56023	0.0999998	4.47E-11	283.56023
-4.10001	-3.4E-12	283.583433	0.0999998	2.228E-10	283.583433
-4.00001	-4.8E-12	283.606716	0.1	8.075E-10	283.606716
-3.90001	-4.7E-12	283.630014	0.1000003	2.4946E-09	283.630014
-3.80001	-4E-12	283.653288	0.1000006	6.8012E-09	283.653288
-3.70001	-2.31E-11	283.712442	0.1000017	1.60897E-08	283.712442
-3.60001	-3E-12	283.735693	0.0999999	3.59053E-08	283.735693
-3.50001	-3.8E-12	283.759014	0.0999983	7.12456E-08	283.759014
-3.40001	-2.23E-11	283.800389	0.1000001	1.26233E-07	283.800389
-3.30001	-1.67E-11	283.824907	0.1000002	2.12416E-07	283.824907
-3.20001	-1.57E-11	283.849443	0.1000005	3.31751E-07	283.849443
-3.10001	-1.48E-11	283.873935	0.1000003	4.88839E-07	283.873935
-3.00001	-1.44E-11	283.898477	0.1000007	6.86375E-07	283.898477
-2.90001	-1.36E-11	283.923074	0.1000005	9.26552E-07	283.923074
-2.80001	-1.75E-11	283.957617	0.1	1.20627E-06	283.957617
-2.70001	-1.3E-11	283.982116	0.1000001	1.53649E-06	283.982116
-2.60001	-1.22E-11	284.006661	0.1	1.90938E-06	284.006661
-2.50001	-1.07E-11	284.031185	0.1	2.32556E-06	284.031185
-2.40001	-1.01E-11	284.055714	0.1	2.78245E-06	284.055714
-2.30001	-9.8E-12	284.080278	0.1000001	3.27909E-06	284.080278
-2.20001	-8.8E-12	284.104816	0.1000001	3.81186E-06	284.104816
-2.1	-1.14E-11	284.131264	0.1000001	4.37951E-06	284.131264
-2	-7.6E-12	284.155797	0.1	4.97778E-06	284.155797
-1.900001	-1.31E-11	284.218114	0.1	5.59262E-06	284.218114
-1.800001	-7.7E-12	284.242611	0.1	6.24635E-06	284.242611
-1.7	-6E-12	284.267148	0.1000001	6.92011E-06	284.267148
-1.6	-4.8E-12	284.291659	0.1	7.61249E-06	284.291659
-1.5	-3.7E-12	284.316228	0.1000001	8.32115E-06	284.316228
-1.4	-2.6E-12	284.340767	0.1000002	9.04496E-06	284.340767
-1.3	-1E-12	284.365277	0.1000001	9.78181E-06	284.365277
-1.200001	-5.6E-12	284.399834	0.1	1.0522E-05	284.399834
-1.100001	-1E-13	284.424506	0.1	1.12808E-05	284.424506
-1	1.8E-12	284.449039	0.1	1.20473E-05	284.449039
-0.900001	3.1E-12	284.473552	0.0999999	1.28219E-05	284.473552
-0.8	4.5E-12	284.498074	0.1	1.36029E-05	284.498074
-0.700001	5.7E-12	284.522703	0.1000001	1.43892E-05	284.522703
-0.6	7E-12	284.547219	0.1	1.51815E-05	284.547219
-0.500001	8.8E-12	284.571747	0.1000002	1.59784E-05	284.571747
-0.4	1.03E-11	284.596268	0.1000002	1.67789E-05	284.596268
-0.3	1.16E-11	284.620812	0.1000002	1.75837E-05	284.620812
-0.1999999	9.8E-12	284.647227	0.1	1.83918E-05	284.647227
-0.0999997	1.51E-11	284.671705	0.1	1.92051E-05	284.671705
0	9.3E-12	284.732236	0.1	2.00146E-05	284.732236
0.1000003	1.64E-11	284.756772	0.1000002	2.08383E-05	284.756772
0.2000005	1.9E-11	284.781271	0.1000004	2.16649E-05	284.781271
0.299999	2.12E-11	284.806655	0.1	2.24967E-05	284.806655
0.4	2.33E-11	284.831195	0.1000002	2.33337E-05	284.831195
0.5	2.48E-11	284.855751	0.1000001	2.41743E-05	284.855751
0.599999	2.71E-11	284.880255	0.1	2.50188E-05	284.880255
0.7	2.93E-11	284.904784	0.1	2.58669E-05	284.904784
0.799999	3.09E-11	284.929387	0.1	2.67178E-05	284.929387
0.899999	3.29E-11	284.953902	0.1	2.75711E-05	284.953902
0.999999	3.48E-11	284.9784	0.1000001	2.84265E-05	284.9784
1.1	3.64E-11	285.002904	0.1	2.92842E-05	285.002904
1.2	3.83E-11	285.0274	0.1	3.0143E-05	285.0274
1.3	3.97E-11	285.051915	0.1000003	3.10038E-05	285.051915
1.4	4.09E-11	285.076421	0.1	3.1866E-05	285.076421
1.499999	4.25E-11	285.100996	0.0999999	3.2729E-05	285.100996
1.6	4.3E-11	285.125517	0.1000001	3.35932E-05	285.125517
1.699999	4.42E-11	285.150031	0.1000002	3.4457E-05	285.150031
1.8	4.48E-11	285.174555	0.1000002	3.53228E-05	285.174555
1.899999	3.91E-11	285.221631	0.1	3.61844E-05	285.221631
2	4.48E-11	285.246174	0.1	3.7053E-05	285.246174
2.1	4.59E-11	285.27067	0.1	3.79211E-05	285.27067
2.19999	4.7E-11	285.295385	0.1000002	3.87874E-05	285.295385
2.29999	4.74E-11	285.319952	0.1000001	3.96569E-05	285.319952
2.39999	4.84E-11	285.344469	0.1	4.05259E-05	285.344469
2.49999	4.9E-11	285.368985	0.0999999	4.13955E-05	285.368985
2.59999	4.95E-11	285.393496	0.0999998	4.22659E-05	285.393496
2.69999	4.97E-11	285.418083	0.1000001	4.31358E-05	285.418083
2.79999	5.01E-11	285.442631	0.1	4.4006E-05	285.442631
2.89999	5.09E-11	285.467156	0.1	4.48769E-05	285.467156
2.99999	5.06E-11	285.491691	0.0999999	4.57485E-05	285.491691
3.09999	5.09E-11	285.516237	0.1000002	4.66198E-05	285.516237
3.19999	5.14E-11	285.540739	0.1000002	4.74909E-05	285.540739
3.29999	5.17E-11	285.565263	0.1000002	4.83628E-05	285.565263
3.39999	5.23E-11	285.589751	0.0999999	4.92357E-05	285.589751
3.49999	5.24E-11	285.614308	0.1	5.01083E-05	285.614308
3.59999	5.28E-11	285.638849	0.1000002	5.09814E-05	285.638849
3.69999	5.3E-11	285.663375	0.1	5.18551E-05	285.663375
3.79999	4.61E-11	285.720887	0.1	5.27195E-05	285.720887
3.89999	5.15E-11	285.745425	0.1000002	5.35978E-05	285.745425
3.99999	5.24E-11	285.769986	0.0999999	5.44744E-05	285.769986
4.09999	5.3E-11	285.794505	0.0999997	5.53525E-05	285.794505
4.19999	5.29E-11	285.81907	0.1000001	5.62295E-05	285.81907
4.29999	5.34E-11	285.843599	0.0999999	5.71065E-05	285.843599
4.39999	5.36E-11	285.868108	0.1	5.79851E-05	285.868108
4.49999	5.46E-11	285.89262	0.1000001	5.88639E-05	285.89262
4.59999	5.45E-11	285.917202	0.1000003	5.97429E-05	285.917202
4.69999	5.46E-11	285.941853	0.0999999	6.0622E-05	285.941853
4.79999	5.51E-11	285.966377	0.1	6.15029E-05	285.966377
4.89999	5.5E-11	285.990884	0.1	6.23844E-05	285.990884
4.99999	5.47E-11	286.01539	0.1	6.32663E-05	286.01539
5.09999	5.49E-11	286.039892	0.1	6.41485E-05	286.039892
5.19999	5.57E-11	286.064398	0.1000001	6.50321E-05	286.064398
5.29999	5.55E-11	286.089001	0.1000001	6.5917E-05	286.089001
5.39999	5.56E-11	286.113555	0.1000001	6.68015E-05	286.113555
5.49999	5.63E-11	286.138088	0.1000003	6.76868E-05	286.138088
5.59999	5.66E-11	286.162657	0.0999997	6.85741E-05	286.162657
5.69999	5.03E-11	286.222103	0.1	6.945E-05	286.222103
5.79999	5.52E-11	286.246651	0.1000002	7.03419E-05	286.246651
5.89999	5.6E-11	286.271173	0.1	7.12323E-05	286.271173
5.99999	5.64E-11	286.295669	0.1000003	7.21219E-05	286.295669
6.09999	5.64E-11	286.320239	0.0999999	7.30134E-05	286.320239
6.19999	5.65E-11	286.344755	0.1000001	7.39056E-05	286.344755
6.29999	5.73E-11	286.3693	0.1	7.47973E-05	286.3693
6.39999	5.77E-11	286.39381	0.1	7.56898E-05	286.39381
6.49999	5.74E-11	286.418374	0.0999998	7.65836E-05	286.418374
6.59999	5.74E-11	286.44298	0.1000003	7.74789E-05	286.44298
6.69999	5.81E-11	286.467519	0.1	7.83744E-05	286.467519
6.79999	5.77E-11	286.492033	0.1000002	7.92703E-05	286.492033
6.89999	5.82E-11	286.51653	0.0999999	8.01685E-05	286.51653
6.99999	5.83E-11	286.541154	0.1000002	8.10663E-05	286.541154
7.09999	5.85E-11	286.56571	0.1	8.19648E-05	286.56571
7.19999	5.94E-11	286.590244	0.1000002	8.28633E-05	286.590244
7.29999	5.92E-11	286.614746	0.0999998	8.37649E-05	286.614746
7.39999	5.95E-11	286.639264	0.1	8.46666E-05	286.639264
7.49999	5.91E-11	286.663775	0.1000002	8.55693E-05	286.663775
7.59999	5.31E-11	286.723256	0.1	8.64631E-05	286.723256
7.69999	5.81E-11	286.747723	0.0999998	8.73699E-05	286.747723
7.79999	5.84E-11	286.772306	0.1	8.82771E-05	286.772306
7.89999	5.87E-11	286.796821	0.1	8.91842E-05	286.796821
7.99999	5.9E-11	286.821426	0.1	9.00901E-05	286.821426
8.09999	5.92E-11	286.845934	0.1000001	9.09984E-05	286.845934
8.19999	5.98E-11	286.870466	0.1000001	9.19067E-05	286.870466
8.29999	6.03E-11	286.894975	0.1000002	9.28169E-05	286.894975
8.39999	5.98E-11	286.919562	0.1000002	9.37264E-05	286.919562
8.49999	6.06E-11	286.944067	0.0999999	9.46377E-05	286.944067
8.59999	6.02E-11	286.968612	0.0999998	9.55493E-05	286.968612
8.69999	6.05E-11	286.99312	0.0999999	9.64632E-05	286.99312
8.79999	6.06E-11	287.017679	0.0999999	9.73755E-05	287.017679
8.89999	6.15E-11	287.042193	0.1	9.82901E-05	287.042193
8.99999	6.11E-11	287.066725	0.1000002	9.92071E-05	287.066725
9.09999	6.12E-11	287.091291	0.0999998	0.000100123	287.091291
9.19999	6.14E-11	287.115806	0.1	0.000101041	287.115806
9.29999	6.18E-11	287.140334	0.1000003	0.0001019549	287.140334
9.39999	6.2E-11	287.164875	0.1	0.0001028766	287.164875
9.49999	5.5E-11	287.224897	0.1000001	0.000103793	287.224897
9.59999	5.95E-11	287.249406	0.1000001	0.0001047182	287.249406
9.69999	5.61E-11	287.279042	0.1	0.000105608	287.279042
9.79999	6.04E-11	287.303577	0.1000001	0.000106531	287.303577
9.89999	6.06E-11	287.328266	0.1000001	0.000107457	287.328266
9.99999	6.09E-11	287.352898	0.1	0.000108384	287.352898
9.9	4.85E-11	287.377444	0.0999998	0.000107444	287.377444
9.8	4.56E-11	287.401985	0.0999999	0.000106511	287.401985
9.7	4.3E-11	287.426555	0.1000001	0.00010558	287.426555
9.6	4.14E-11	287.451083	0.1000001	0.000104649	287.451083
9.5	4.06E-11	287.475633	0.1000002	0.000103725	287.475633
9.4	3.88E-11	287.500157	0.1000001	0.000102797	287.500157
9.3	3.72E-11	287.524704	0.1000001	0.00010187	287.524704
9.2	3.65E-11	287.549252	0.1	0.000100946	287.549252
9.1	3.61E-11	287.573773	0.0999999	0.000100024	287.573773
9	3.5E-11	287.598286	0.1	9.91E-05	287.598286
8.9	3.46E-11	287.622799	0.1000001	9.8183E-05	287.622799
8.8	3.4E-11	287.647338	0.1	9.7263E-05	287.647338
8.7	3.35E-11	287.67191	0.0999999	9.634E-05	287.67191
8.6	3.87E-11	287.729701	0.1000001	9.5422E-05	287.729701
8.5	3.37E-11	287.754255	0.1	9.45E-05	287.754255
8.4	3.23E-11	287.77879	0.1000001	9.3581E-05	287.77879
8.3	3.2E-11	287.803347	0.1000001	9.2663E-05	287.803347
8.2	3.15E-11	287.827909	0.1000001	9.1746E-05	287.827909
8.1	3.05E-11	287.852447	0.1000001	9.0832E-05	287.852447
8	3E-11	287.876977	0.0999999	8.9916E-05	287.876977
7.9	2.98E-11	287.901522	0.1	8.9004E-05	287.901522
7.8	3.31E-11	287.92948	0.1000001	8.81235E-05	287.92948
7.7	2.94E-11	287.954009	0.0999999	8.72103E-05	287.954009
7.6	2.87E-11	287.978553	0.0999998	8.62986E-05	287.978553
7.5	2.8E-11	288.003066	0.0999999	8.53893E-05	288.003066
7.4	2.78E-11	288.027575	0.1000001	8.448E-05	288.027575
7.3	2.72E-11	288.052109	0.0999999	8.35714E-05	288.052109
7.2	2.67E-11	288.076795	0.1	8.26635E-05	288.076795
7.1	2.63E-11	288.101387	0.0999999	8.17575E-05	288.101387
7	2.59E-11	288.125917	0.0999998	8.08514E-05	288.125917
6.9	2.57E-11	288.150441	0.1	7.99464E-05	288.150441
6.8	2.52E-11	288.174952	0.0999999	7.90424E-05	288.174952
6.7	3.05E-11	288.22669	0.0999999	7.81427E-05	288.22669
6.6	2.57E-11	288.251195	0.0999998	7.724E-05	288.251195
6.5	2.49E-11	288.27574	0.1	7.6338E-05	288.27574
6.4	2.45E-11	288.300291	0.1000001	7.54359E-05	288.300291
6.3	2.43E-11	288.324924	0.1	7.45347E-05	288.324924
6.2	2.37E-11	288.349443	0.0999998	7.36359E-05	288.349443
6.1	2.32E-11	288.373994	0.1	7.27361E-05	288.373994
6	2.25E-11	288.398511	0.0999999	7.18382E-05	288.398511
5.9	2.2E-11	288.423278	0.1	7.09405E-05	288.423278
5.8	2.15E-11	288.447809	0.0999999	7.00443E-05	288.447809
5.7	2.09E-11	288.472349	0.1000001	6.91487E-05	288.472349
5.6	2.08E-11	288.496884	0.0999998	6.82532E-05	288.496884
5.5	2.05E-11	288.521395	0.0999998	6.73588E-05	288.521395
5.4	2.02E-11	288.546015	0.0999998	6.64657E-05	288.546015
5.3	1.93E-11	288.570563	0.1000001	6.5572E-05	288.570563
5.2	1.94E-11	288.595102	0.1000001	6.46799E-05	288.595102
5.1	1.91E-11	288.619615	0.1000001	6.37884E-05	288.619615
5	1.83E-11	288.644152	0.0999998	6.28987E-05	288.644152
4.9	1.8E-11	288.668657	0.1	6.20092E-05	288.668657
4.8	2.44E-11	288.73029	0.0999999	6.11258E-05	288.73029
4.7	1.92E-11	288.754804	0.1000001	6.02366E-05	288.754804
4.6	1.81E-11	288.779384	0.0999998	5.93489E-05	288.779384
4.5	1.77E-11	288.803896	0.0999998	5.84621E-05	288.803896
4.4	1.65E-11	288.828466	0.1000001	5.75757E-05	288.828466
4.3	1.61E-11	288.852986	0.1000001	5.66906E-05	288.852986
4.2	1.47E-11	288.877496	0.1000001	5.58065E-05	288.877496
4.1	1.52E-11	288.902039	0.1000001	5.49226E-05	288.902039
4	1.4E-11	288.926821	0.0999999	5.40399E-05	288.926821
3.9	1.38E-11	288.951354	0.0999999	5.31571E-05	288.951354
3.8	1.29E-11	288.97587	0.0999999	5.22761E-05	288.97587
3.7	1.22E-11	289.000398	0.1	5.13954E-05	289.000398
3.6	1.21E-11	289.024939	0.1	5.05159E-05	289.024939
3.5	1.15E-11	289.049459	0.0999999	4.96363E-05	289.049459
3.4	1.05E-11	289.073992	0.0999999	4.87581E-05	289.073992
3.3	9.7E-12	289.098563	0.1	4.78804E-05	289.098563
3.2	9E-12	289.123077	0.0999999	4.70041E-05	289.123077
3.1	8.5E-12	289.147596	0.1000001	4.61273E-05	289.147596
3	8E-12	289.172132	0.0999998	4.52525E-05	289.172132
2.9	1.41E-11	289.231648	0.1	4.43834E-05	289.231648
2.8	8.4E-12	289.256166	0.1000001	4.35087E-05	289.256166
2.7	7.5E-12	289.280713	0.1000003	4.26356E-05	289.280713
2.6	6.1E-12	289.305229	0.1	4.17631E-05	289.305229
2.5	5.9E-12	289.329962	0.0999998	4.08926E-05	289.329962
2.4	4.4E-12	289.354474	0.1	4.00222E-05	289.354474
2.3	3E-12	289.379073	0.0999999	3.91525E-05	289.379073
2.2	2.1E-12	289.403613	0.0999998	3.82829E-05	289.403613
2.099999	4.6E-12	289.430368	0.0999998	3.74183E-05	289.430368
2	6E-13	289.454915	0.0999997	3.65515E-05	289.454915
1.9	-9E-13	289.479513	0.0999998	3.56858E-05	289.479513
1.8	-1.8E-12	289.504036	0.1	3.48221E-05	289.504036
1.7	-3E-12	289.528547	0.1000001	3.39587E-05	289.528547
1.6	-4E-12	289.553047	0.0999999	3.30965E-05	289.553047
1.5	-5.5E-12	289.577568	0.0999998	3.22357E-05	289.577568
1.4	-6.9E-12	289.602091	0.1000001	3.13766E-05	289.602091
1.3	-8E-12	289.626635	0.0999999	3.05186E-05	289.626635
1.2	-9.7E-12	289.651153	0.1000002	2.9662E-05	289.651153
1.1	-1.06E-11	289.675676	0.1	2.88073E-05	289.675676
1	-6.1E-12	289.732837	0.1000002	2.79593E-05	289.732837
0.9	-1.28E-11	289.757363	0.0999998	2.71084E-05	289.757363
0.8	-1.47E-11	289.781933	0.1000002	2.62605E-05	289.781933
0.7	-1.67E-11	289.806475	0.0999998	2.54159E-05	289.806475
0.6	-1.93E-11	289.831059	0.1	2.4574E-05	289.831059
0.5	-2.13E-11	289.855564	0.0999999	2.37369E-05	289.855564
0.4	-2.33E-11	289.880168	0.0999999	2.2904E-05	289.880168
0.3	-2.55E-11	289.90467	0.0999999	2.2076E-05	289.90467
0.1999998	-2.46E-11	289.931183	0.0999999	2.12525E-05	289.931183
0.0999996	-3E-11	289.955679	0.1000001	2.04343E-05	289.955679
-7E-07	-3.22E-11	289.980218	0.0999999	1.962E-05	289.980218
#scan	iMeasureCycle=3	iMux=0	time=319.676	N=401	LocalTime=20/04/2023 05:37:02
#VGate(V)	IGate(A)	time(s)	VDrain(V)	IDrain(A)	time(s)
-5E-07	-1.19E-11	319.683448	0.1	1.98275E-05	319.683448
-0.1000006	-1.91E-11	319.708355	0.0999998	1.90077E-05	319.708355
-0.2000001	-2.01E-11	319.734336	0.1	1.81937E-05	319.734336
-0.3	-2.66E-11	319.759104	0.0999999	1.73828E-05	319.759104
-0.4	-2.97E-11	319.783627	0.1000001	1.65768E-05	319.783627
-0.5	-3.12E-11	319.808398	0.1	1.57748E-05	319.808398
-0.6	-3.37E-11	319.832924	0.0999998	1.49772E-05	319.832924
-0.7	-3.56E-11	319.857453	0.1	1.41851E-05	319.857453
-0.8	-3.76E-11	319.881992	0.0999998	1.33981E-05	319.881992
-0.9	-3.9E-11	319.906506	0.1	1.26173E-05	319.906506
-1	-4.03E-11	319.931039	0.1	1.18439E-05	319.931039
-1.1	-4.18E-11	319.955544	0.0999999	1.10771E-05	319.955544
-1.2	-4.24E-11	319.980237	0.0999999	1.03207E-05	319.980237
-1.3	-4.38E-11	320.00475	0.1	9.5741E-06	320.00475
-1.4	-4.07E-11	320.031884	0.1000002	8.84366E-06	320.031884
-1.5	-4.48E-11	320.056415	0.1	8.12186E-06	320.056415
-1.6	-4.57E-11	320.081029	0.1	7.41684E-06	320.081029
-1.7	-4.68E-11	320.105538	0.1000001	6.72804E-06	320.105538
-1.8	-4.73E-11	320.13009	0.1	6.06024E-06	320.13009
-1.9	-4.83E-11	320.154656	0.0999999	5.41483E-06	320.154656
-2	-4.86E-11	320.179197	0.1	4.79507E-06	320.179197
-2.1	-4.93E-11	320.203724	0.0999999	4.20424E-06	320.203724
-2.2	-4.43E-11	320.245418	0.1	3.6466E-06	320.245418
-2.3	-4.91E-11	320.269957	0.0999999	3.12029E-06	320.269957
-2.4	-4.98E-11	320.294506	0.1	2.63323E-06	320.294506
-2.5	-5.07E-11	320.319012	0.1000001	2.1862E-06	320.319012
-2.6	-5.13E-11	320.343632	0.1000001	1.78184E-06	320.343632
-2.7	-5.17E-11	320.36814	0.1	1.42165E-06	320.36814
-2.8	-5.26E-11	320.392648	0.0999999	1.1057E-06	320.392648
-2.9	-4.9E-11	320.419971	0.0999997	8.3535E-07	320.419971
-3	-5.31E-11	320.444483	0.0999995	6.07825E-07	320.444483
-3.1	-5.33E-11	320.468998	0.0999997	4.23611E-07	320.468998
-3.2	-5.33E-11	320.493559	0.0999996	2.80201E-07	320.493559
-3.3	-5.41E-11	320.518056	0.0999997	1.73969E-07	320.518056
-3.4	-5.45E-11	320.542625	0.1	9.9955E-08	320.542625
-3.5	-4.89E-11	320.580263	0.0999969	5.34078E-08	320.580263
-3.6	-6.89E-11	320.603468	0.1000061	2.53219E-08	320.603468
-3.7	-7E-11	320.626678	0.1000034	1.07772E-08	320.626678
-3.8	-7.03E-11	320.649892	0.1000016	4.0859E-09	320.649892
-3.9	-6.96E-11	320.673175	0.1000006	1.3749E-09	320.673175
-4	-6.95E-11	320.696469	0.1000003	4.011E-10	320.696469
-4.1	-5.02E-11	320.749993	0.0999998	1.028E-10	320.749993
-4.2	-6.81E-11	320.773379	0.1000004	1.64E-11	320.773379
-4.3	-6.88E-11	320.796694	0.1000003	-1.3E-12	320.796694
-4.4	-7.13E-11	320.819966	0.1000004	-4.3E-12	320.819966
-4.5	-7.18E-11	320.843224	0.1000003	-4.1E-12	320.843224
-4.6	-7.18E-11	320.866447	0.1000003	-4.2E-12	320.866447
-4.7	-7.03E-11	320.889761	0.1000003	-4.5E-12	320.889761
-4.8	-7.29E-11	320.912961	0.1000002	-4.3E-12	320.912961
-4.9	-7.32E-11	320.936188	0.1000004	-4.1E-12	320.936188
-5	-7.24E-11	320.959483	0.1000002	-4.7E-12	320.959483
-5.1	-7.37E-11	320.982781	0.1000003	-4.2E-12	320.982781
-5.2	-7.42E-11	321.005996	0.1000002	-4E-12	321.005996
-5.3	-7.43E-11	321.029214	0.1000002	-4.1E-12	321.029214
-5.4	-7.31E-11	321.052503	0.1000002	-4.3E-12	321.052503
-5.5	-7.49E-11	321.075699	0.1000003	-3.9E-12	321.075699
-5.6	-7.47E-11	321.098916	0.1000001	-4.3E-12	321.098916
-5.7	-7.51E-11	321.12212	0.1000002	-4.1E-12	321.12212
-5.8	-7.6E-11	321.145329	0.1000004	-3.7E-12	321.145329
-5.9	-7.41E-11	321.168631	0.1000002	-3.7E-12	321.168631
-6	-7.61E-11	321.191922	0.1000003	-3.8E-12	321.191922
-6.1	-5.59E-11	321.244342	0.1000001	-5.8E-12	321.244342
-6.2	-7.31E-11	321.267642	0.1000004	-3.9E-12	321.267642
-6.3	-7.32E-11	321.290963	0.1000003	-4.2E-12	321.290963
-6.4	-7.57E-11	321.314191	0.1000003	-3.9E-12	321.314191
-6.5	-7.67E-11	321.337451	0.1000003	-4.2E-12	321.337451
-6.6	-7.49E-11	321.360738	0.1000002	-4.1E-12	321.360738
-6.7	-7.5E-11	321.384043	0.1000001	-4.1E-12	321.384043
-6.8	-7.7E-11	321.407257	0.1000003	-4E-12	321.407257
-6.9	-7.73E-11	321.430473	0.1000004	-3.8E-12	321.430473
-7	-7.6E-11	321.453754	0.1000004	-4.1E-12	321.453754
-7.1	-7.74E-11	321.477032	0.1000004	-4E-12	321.477032
-7.2	-7.8E-11	321.500292	0.1000003	-3.7E-12	321.500292
-7.3	-7.79E-11	321.523512	0.1000001	-3.9E-12	321.523512
-7.4	-7.64E-11	321.546806	0.1000003	-3.7E-12	321.546806
-7.5	-7.68E-11	321.570085	0.1000002	-4.1E-12	321.570085
-7.6	-7.86E-11	321.593336	0.1000002	-3.6E-12	321.593336
-7.7	-7.9E-11	321.61656	0.1000003	-3.6E-12	321.61656
-7.8	-7.76E-11	321.639851	0.1000001	-3.4E-12	321.639851
-7.9	-7.75E-11	321.663134	0.1000001	-3.6E-12	321.663134
-8	-7.93E-11	321.686351	0.1000002	-3.3E-12	321.686351
-8.1	-7.94E-11	321.709564	0.1000002	-3.3E-12	321.709564
-8.2	-5.89E-11	321.750078	0.1	-5.4E-12	321.750078
-8.3	-7.65E-11	321.773396	0.1000002	-3.7E-12	321.773396
-8.4	-7.93E-11	321.796623	0.1000002	-3.5E-12	321.796623
-8.5	-7.96E-11	321.81989	0.1000002	-3.2E-12	321.81989
-8.6	-7.84E-11	321.843235	0.1000003	-3.4E-12	321.843235
-8.7	-8.03E-11	321.866442	0.1000002	-3.3E-12	321.866442
-8.8	-8.09E-11	321.889734	0.1000001	-3.2E-12	321.889734
-8.9	-7.76E-11	321.913072	0.1000003	-3.7E-12	321.913072
-9	-7.9E-11	321.936369	0.1	-3.8E-12	321.936369
-9.1	-8.08E-11	321.959598	0.1000003	-3.3E-12	321.959598
-9.2	-8.12E-11	321.98289	0.1000002	-3.7E-12	321.98289
-9.3	-7.97E-11	322.006197	0.1000003	-3.8E-12	322.006197
-9.4	-8.2E-11	322.029408	0.1000004	-3.3E-12	322.029408
-9.5	-8.18E-11	322.052632	0.1000002	-3.4E-12	322.052632
-9.6	-8.15E-11	322.075849	0.1000004	-3.2E-12	322.075849
-9.7	-8.14E-11	322.099078	0.1000002	-3.3E-12	322.099078
-9.8	-8.08E-11	322.122373	0.1000002	-3.9E-12	322.122373
-9.9	-8.24E-11	322.145582	0.1000003	-2.8E-12	322.145582
-10	-8.27E-11	322.168853	0.1000004	-3.2E-12	322.168853
-9.90001	-4.2E-11	322.192146	0.1	-6.8E-12	322.192146
-9.80001	-5.46E-11	322.251671	0.1	-5.4E-12	322.251671
-9.70001	-3.4E-11	322.274912	0.0999997	-6.6E-12	322.274912
-9.60001	-3.18E-11	322.298136	0.0999999	-7.1E-12	322.298136
-9.50001	-3.17E-11	322.321425	0.0999998	-6.9E-12	322.321425
-9.40001	-3.11E-11	322.344774	0.1	-7.2E-12	322.344774
-9.30001	-2.84E-11	322.367988	0.0999998	-7.3E-12	322.367988
-9.20001	-2.75E-11	322.391205	0.0999998	-7.1E-12	322.391205
-9.10001	-2.77E-11	322.4145	0.0999998	-7E-12	322.4145
-9.00001	-2.83E-11	322.437832	0.0999998	-7.1E-12	322.437832
-8.90001	-2.47E-11	322.461049	0.0999998	-7.4E-12	322.461049
-8.80001	-2.58E-11	322.484397	0.0999999	-7.2E-12	322.484397
-8.70001	-2.5E-11	322.507694	0.0999998	-6.8E-12	322.507694
-8.60001	-2.33E-11	322.5311	0.0999998	-7E-12	322.5311
-8.50001	-2.27E-11	322.554321	0.1	-7.3E-12	322.554321
-8.40001	-2.37E-11	322.57762	0.0999998	-7.2E-12	322.57762
-8.30001	-2.14E-11	322.600834	0.0999999	-7.3E-12	322.600834
-8.20001	-2.11E-11	322.624053	0.0999997	-7.3E-12	322.624053
-8.10001	-2.02E-11	322.647259	0.0999998	-7.9E-12	322.647259
-8	-2.17E-11	322.670543	0.0999998	-7.4E-12	322.670543
-7.90001	-1.98E-11	322.693843	0.0999998	-6.8E-12	322.693843
-7.80001	-4.03E-11	322.75323	0.1	-5.5E-12	322.75323
-7.70001	-1.99E-11	322.776466	0.0999999	-7.6E-12	322.776466
-7.6	-2.1E-11	322.79976	0.1	-7.2E-12	322.79976
-7.50001	-1.85E-11	322.823036	0.0999998	-7.5E-12	322.823036
-7.40001	-1.83E-11	322.8463	0.0999999	-7.9E-12	322.8463
-7.30001	-1.77E-11	322.869519	0.0999997	-7.7E-12	322.869519
-7.2	-2E-11	322.89285	0.0999999	-7.2E-12	322.89285
-7.10001	-1.81E-11	322.916151	0.0999999	-7.7E-12	322.916151
-7.00001	-1.6E-11	322.939356	0.0999999	-8.1E-12	322.939356
-6.90001	-1.72E-11	322.962657	0.0999996	-7.7E-12	322.962657
-6.80001	-1.66E-11	322.986036	0.0999999	-7.6E-12	322.986036
-6.70001	-1.48E-11	323.009258	0.0999997	-7.9E-12	323.009258
-6.60001	-1.46E-11	323.032473	0.0999997	-7.9E-12	323.032473
-6.50001	-1.62E-11	323.055771	0.0999999	-7.5E-12	323.055771
-6.40001	-1.59E-11	323.079051	0.1000001	-7.2E-12	323.079051
-6.30001	-1.36E-11	323.102271	0.1000001	-7.9E-12	323.102271
-6.20001	-1.31E-11	323.125486	0.0999998	-8E-12	323.125486
-6.10001	-1.37E-11	323.148778	0.0999998	-7.6E-12	323.148778
-6.00001	-1.36E-11	323.172101	0.0999999	-7.8E-12	323.172101
-5.90001	-1.13E-11	323.195311	0.1	-7.9E-12	323.195311
-5.80001	-3.21E-11	323.254402	0.1000001	-6.1E-12	323.254402
-5.70001	-1.27E-11	323.277644	0.0999998	-7.7E-12	323.277644
-5.60001	-1.43E-11	323.301164	0.0999999	-7.4E-12	323.301164
-5.50001	-1.12E-11	323.324378	0.0999999	-7.7E-12	323.324378
-5.40001	-1.07E-11	323.347647	0.0999998	-8E-12	323.347647
-5.30001	-9.5E-12	323.370852	0.1	-8.2E-12	323.370852
-5.20001	-1.06E-11	323.394135	0.0999999	-8E-12	323.394135
-5.1	-1.09E-11	323.417474	0.0999997	-8.1E-12	323.417474
-5.00001	-7.8E-12	323.440688	0.0999999	-8.3E-12	323.440688
-4.90001	-8.1E-12	323.463895	0.0999999	-8.5E-12	323.463895
-4.80001	-9.4E-12	323.487243	0.0999999	-7.9E-12	323.487243
-4.7	-7.6E-12	323.510487	0.0999999	-8E-12	323.510487
-4.60001	-6.6E-12	323.533709	0.0999998	-8E-12	323.533709
-4.50001	-6.5E-12	323.55692	0.0999999	-7.9E-12	323.55692
-4.40001	-7.9E-12	323.580208	0.0999998	-7E-12	323.580208
-4.3	-5.8E-12	323.603528	0.0999999	1E-13	323.603528
-4.20001	-5E-12	323.626746	0.0999999	3.85E-11	323.626746
-4.10001	-6.2E-12	323.650028	0.1000001	1.914E-10	323.650028
-4.00001	-5.8E-12	323.673298	0.1000001	7.158E-10	323.673298
-3.90001	-3.6E-12	323.696489	0.1000003	2.2601E-09	323.696489
-3.80001	-2.39E-11	323.755909	0.1000011	6.0646E-09	323.755909
-3.70001	-4.7E-12	323.779143	0.1000005	1.53061E-08	323.779143
-3.60001	-4.7E-12	323.802426	0.1000013	3.39811E-08	323.802426
-3.50001	-4.3E-12	323.825767	0.0999995	6.7685E-08	323.825767
-3.40001	-2.25E-11	323.865249	0.1000001	1.20846E-07	323.865249
-3.30001	-1.74E-11	323.889796	0.1000004	2.04762E-07	323.889796
-3.20001	-1.65E-11	323.914315	0.1000005	3.21245E-07	323.914315
-3.10001	-1.56E-11	323.938835	0.1000005	4.75129E-07	323.938835
-3.00001	-1.5E-11	323.963366	0.1000004	6.69282E-07	323.963366
-2.90001	-1.41E-11	323.987983	0.1000006	9.06162E-07	323.987983
-2.80001	-1.84E-11	324.022625	0.1000002	1.18241E-06	324.022625
-2.70001	-1.35E-11	324.047181	0.1000001	1.50948E-06	324.047181
-2.60001	-1.25E-11	324.071702	0.1	1.87924E-06	324.071702
-2.50001	-1.23E-11	324.096262	0.1	2.29146E-06	324.096262
-2.40001	-1.08E-11	324.120763	0.0999999	2.74435E-06	324.120763
-2.30001	-1.02E-11	324.145289	0.1000001	3.23703E-06	324.145289
-2.20001	-9.4E-12	324.169859	0.1000001	3.76662E-06	324.169859
-2.099999	-1.19E-11	324.196313	0.1000003	4.33042E-06	324.196313
-2.000001	-1.54E-11	324.255911	0.1	4.9139E-06	324.255911
-1.9	-9.6E-12	324.280481	0.1000001	5.54049E-06	324.280481
-1.800001	-7.8E-12	324.305021	0.1000002	6.18909E-06	324.305021
-1.7	-6.5E-12	324.329552	0.1	6.85981E-06	324.329552
-1.6	-5.5E-12	324.354115	0.1	7.54899E-06	324.354115
-1.5	-4.3E-12	324.37864	0.1	8.25489E-06	324.37864
-1.400001	-3.2E-12	324.403175	0.1000001	8.97624E-06	324.403175
-1.300001	-1.9E-12	324.427771	0.1	9.71011E-06	324.427771
-1.200001	-9E-13	324.452269	0.0999999	1.045587E-05	324.452269
-1.100001	-4.9E-12	324.487263	0.1000002	1.12037E-05	324.487263
-1	6E-13	324.511771	0.1000002	1.19697E-05	324.511771
-0.9	2.3E-12	324.536361	0.0999998	1.27425E-05	324.536361
-0.8	3.5E-12	324.560884	0.1000001	1.35218E-05	324.560884
-0.7	4.9E-12	324.58543	0.1000001	1.43065E-05	324.58543
-0.600001	6.5E-12	324.609967	0.0999999	1.50963E-05	324.609967
-0.500001	8.1E-12	324.634496	0.1000001	1.58916E-05	324.634496
-0.400001	8.9E-12	324.659034	0.1	1.66911E-05	324.659034
-0.3	1.09E-11	324.683565	0.1000002	1.74952E-05	324.683565
-0.2	9.3E-12	324.7099	0.1000001	1.83018E-05	324.7099
-0.1	8.2E-12	324.760643	0.1000001	1.91085E-05	324.760643
5E-07	1.43E-11	324.785148	0.0999999	1.99253E-05	324.785148
0.1000002	1.63E-11	324.809647	0.1000001	2.07467E-05	324.809647
0.2000001	1.88E-11	324.834203	0.1	2.15724E-05	324.834203
0.299999	2.08E-11	324.858979	0.0999999	2.24025E-05	324.858979
0.4	2.31E-11	324.883475	0.1000001	2.32374E-05	324.883475
0.5	2.46E-11	324.908014	0.1000002	2.40766E-05	324.908014
0.599999	2.68E-11	324.932617	0.1000001	2.49203E-05	324.932617
0.7	2.85E-11	324.957143	0.1	2.57669E-05	324.957143
0.799999	3.08E-11	324.981675	0.1000001	2.66164E-05	324.981675
0.899999	3.21E-11	325.006285	0.1	2.74693E-05	325.006285
0.999999	3.35E-11	325.030804	0.0999999	2.8324E-05	325.030804
1.1	3.57E-11	325.05534	0.1000001	2.91807E-05	325.05534
1.2	3.76E-11	325.079857	0.0999999	3.00391E-05	325.079857
1.3	3.91E-11	325.104379	0.0999998	3.08998E-05	325.104379
1.399999	4.02E-11	325.128904	0.1000001	3.17614E-05	325.128904
1.5	4.14E-11	325.153412	0.1000001	3.26237E-05	325.153412
1.6	4.29E-11	325.177978	0.1000003	3.3488E-05	325.177978
1.699999	4.35E-11	325.202515	0.1	3.4352E-05	325.202515
1.799999	3.75E-11	325.262155	0.0999999	3.52111E-05	325.262155
1.9	4.29E-11	325.286667	0.0999999	3.60804E-05	325.286667
2	4.38E-11	325.311196	0.1000001	3.69484E-05	325.311196
2.099999	4.5E-11	325.33573	0.1	3.78165E-05	325.33573
2.19999	4.56E-11	325.360514	0.1	3.8684E-05	325.360514
2.29999	4.68E-11	325.385025	0.1000001	3.95539E-05	325.385025
2.39999	4.72E-11	325.40955	0.1	4.04241E-05	325.40955
2.49999	4.77E-11	325.434062	0.1	4.12944E-05	325.434062
2.59999	4.81E-11	325.458616	0.0999998	4.21661E-05	325.458616
2.69999	4.87E-11	325.483144	0.1000002	4.30378E-05	325.483144
2.79999	4.95E-11	325.507718	0.0999999	4.39093E-05	325.507718
2.89999	4.98E-11	325.532232	0.0999999	4.4782E-05	325.532232
2.99999	5.04E-11	325.556748	0.0999999	4.56558E-05	325.556748
3.09999	5.09E-11	325.58126	0.1	4.65281E-05	325.58126
3.19999	5.09E-11	325.605795	0.1	4.74015E-05	325.605795
3.29999	5.13E-11	325.630363	0.0999999	4.82741E-05	325.630363
3.39999	5.15E-11	325.654891	0.1000001	4.91492E-05	325.654891
3.49999	5.19E-11	325.679411	0.1000001	5.00242E-05	325.679411
3.59999	5.23E-11	325.703948	0.1000001	5.08985E-05	325.703948
3.69999	4.55E-11	325.763823	0.1	5.17644E-05	325.763823
3.79999	5.08E-11	325.788371	0.1000002	5.2643E-05	325.788371
3.89999	5.15E-11	325.812901	0.1	5.35208E-05	325.812901
3.99999	5.24E-11	325.837453	0.1000002	5.43977E-05	325.837453
4.09999	5.26E-11	325.862032	0.1000001	5.52748E-05	325.862032
4.19999	5.35E-11	325.886555	0.0999999	5.61526E-05	325.886555
4.29999	5.35E-11	325.911058	0.0999998	5.70314E-05	325.911058
4.39999	5.37E-11	325.935591	0.1000003	5.79102E-05	325.935591
4.49999	5.48E-11	325.960104	0.1000002	5.87897E-05	325.960104
4.59999	5.46E-11	325.984632	0.0999998	5.96693E-05	325.984632
4.69999	5.45E-11	326.009222	0.0999998	6.05495E-05	326.009222
4.79999	5.49E-11	326.033765	0.1000002	6.14312E-05	326.033765
4.89999	5.55E-11	326.05828	0.1	6.23134E-05	326.05828
4.99999	5.55E-11	326.082829	0.1000001	6.31952E-05	326.082829
5.09999	5.55E-11	326.107339	0.1	6.40783E-05	326.107339
5.19999	5.57E-11	326.13196	0.1000002	6.49613E-05	326.13196
5.29999	5.62E-11	326.156493	0.1	6.58455E-05	326.156493
5.39999	5.61E-11	326.18108	0.1	6.67308E-05	326.18108
5.49999	5.64E-11	326.205595	0.1	6.76177E-05	326.205595
5.59999	4.95E-11	326.265365	0.1000001	6.84942E-05	326.265365
5.69999	5.47E-11	326.289888	0.1	6.93845E-05	326.289888
5.79999	5.55E-11	326.314397	0.0999999	7.02742E-05	326.314397
5.89999	5.61E-11	326.338914	0.0999999	7.11635E-05	326.338914
5.99999	5.61E-11	326.363477	0.1	7.2055E-05	326.363477
6.09999	5.66E-11	326.387982	0.1	7.29466E-05	326.387982
6.19999	5.63E-11	326.412484	0.0999998	7.38376E-05	326.412484
6.29999	5.69E-11	326.437003	0.0999998	7.47295E-05	326.437003
6.39999	5.71E-11	326.461508	0.0999998	7.56233E-05	326.461508
6.49999	5.74E-11	326.486031	0.1	7.65168E-05	326.486031
6.59999	5.76E-11	326.510606	0.1000001	7.74109E-05	326.510606
6.69999	5.8E-11	326.535072	0.1000001	7.83068E-05	326.535072
6.79999	5.79E-11	326.559592	0.0999999	7.92044E-05	326.559592
6.89999	5.84E-11	326.584102	0.1	8.01012E-05	326.584102
6.99999	5.77E-11	326.608647	0.1000002	8.09985E-05	326.608647
7.09999	5.77E-11	326.633261	0.1000001	8.18976E-05	326.633261
7.19999	5.84E-11	326.657773	0.0999998	8.27983E-05	326.657773
7.29999	5.86E-11	326.682291	0.1000001	8.36989E-05	326.682291
7.39999	5.9E-11	326.706794	0.1	8.45996E-05	326.706794
7.49999	5.29E-11	326.762555	0.0999999	8.54937E-05	326.762555
7.59999	5.8E-11	326.787068	0.0999999	8.64005E-05	326.787068
7.69999	5.83E-11	326.811603	0.1000002	8.73059E-05	326.811603
7.79999	5.87E-11	326.836186	0.1000002	8.82116E-05	326.836186
7.89999	5.91E-11	326.860794	0.1	8.91177E-05	326.860794
7.99999	5.93E-11	326.885307	0.1000001	9.00251E-05	326.885307
8.09999	5.98E-11	326.909864	0.0999998	9.09318E-05	326.909864
8.19999	5.99E-11	326.934415	0.0999999	9.18399E-05	326.934415
8.29999	5.98E-11	326.958948	0.1	9.27504E-05	326.958948
8.39999	6E-11	326.983483	0.1	9.36607E-05	326.983483
8.49999	5.99E-11	327.008097	0.1000002	9.45716E-05	327.008097
8.59999	6.04E-11	327.032626	0.0999999	9.54832E-05	327.032626
8.69999	5.98E-11	327.05719	0.1000001	9.63975E-05	327.05719
8.79999	5.99E-11	327.08176	0.0999999	9.73108E-05	327.08176
8.89999	6.01E-11	327.106268	0.1	9.82258E-05	327.106268
8.99999	6.04E-11	327.130785	0.0999998	9.9142E-05	327.130785
9.09999	6.07E-11	327.155309	0.0999999	0.0001000595	327.155309
9.19999	6.07E-11	327.179904	0.1000002	0.0001009765	327.179904
9.29999	6.03E-11	327.204422	0.1000002	0.0001018904	327.204422
9.39999	5.34E-11	327.266528	0.1	0.0001028037	327.266528
9.49999	5.94E-11	327.291106	0.0999999	0.0001037303	327.291106
9.59999	6.02E-11	327.315625	0.1000001	0.0001046535	327.315625
9.69999	5.58E-11	327.345233	0.1000001	0.000105547	327.345233
9.79999	6E-11	327.369789	0.0999999	0.000106472	327.369789
9.89999	6.05E-11	327.394322	0.1	0.000107397	327.394322
9.99999	6.07E-11	327.418837	0.1	0.000108322	327.418837
9.9	4.76E-11	327.443367	0.1	0.000107382	327.443367
9.8	4.43E-11	327.467907	0.1000001	0.000106447	327.467907
9.7	4.25E-11	327.492651	0.1	0.000105516	327.492651
9.6	4.15E-11	327.517229	0.1	0.000104588	327.517229
9.5	3.99E-11	327.541781	0.1000002	0.000103659	327.541781
9.4	3.89E-11	327.566335	0.1000001	0.000102732	327.566335
9.3	3.77E-11	327.590844	0.0999999	0.000101806	327.590844
9.2	3.69E-11	327.6154	0.1000001	0.000100882	327.6154
9.1	3.58E-11	327.639907	0.1000002	9.9961E-05	327.639907
9	3.47E-11	327.664437	0.1	9.9038E-05	327.664437
8.9	3.42E-11	327.688988	0.1000001	9.8119E-05	327.688988
8.8	3.34E-11	327.7135	0.0999999	9.7199E-05	327.7135
8.7	3.91E-11	327.772801	0.1	9.628E-05	327.772801
8.6	3.37E-11	327.79736	0.1	9.5356E-05	327.79736
8.5	3.26E-11	327.821874	0.1	9.4436E-05	327.821874
8.4	3.21E-11	327.846555	0.1000001	9.3517E-05	327.846555
8.3	3.14E-11	327.871131	0.1000002	9.2598E-05	327.871131
8.2	3.15E-11	327.895673	0.1	9.1682E-05	327.895673
8.1	3.02E-11	327.920184	0.1	9.0767E-05	327.920184
8	3.01E-11	327.944729	0.0999999	8.9851E-05	327.944729
7.90001	3.25E-11	327.97259	0.1000002	8.89697E-05	327.97259
7.8	2.88E-11	327.997087	0.0999999	8.80572E-05	327.997087
7.7	2.9E-11	328.021615	0.1	8.71453E-05	328.021615
7.6	2.79E-11	328.046126	0.1000001	8.62342E-05	328.046126
7.5	2.78E-11	328.070687	0.1	8.53235E-05	328.070687
7.4	2.75E-11	328.095194	0.1000001	8.44152E-05	328.095194
7.3	2.72E-11	328.11966	0.1000002	8.35062E-05	328.11966
7.2	2.7E-11	328.144171	0.1000001	8.25984E-05	328.144171
7.1	2.67E-11	328.168754	0.0999998	8.16911E-05	328.168754
7	2.6E-11	328.193265	0.0999999	8.07853E-05	328.193265
6.9	2.59E-11	328.217786	0.0999999	7.988E-05	328.217786
6.8	3.09E-11	328.269926	0.0999996	7.89819E-05	328.269926
6.7	2.64E-11	328.294461	0.1	7.80773E-05	328.294461
6.6	2.54E-11	328.318997	0.1	7.71732E-05	328.318997
6.5	2.41E-11	328.343495	0.1	7.62703E-05	328.343495
6.4	2.41E-11	328.368083	0.0999998	7.53695E-05	328.368083
6.3	2.42E-11	328.392626	0.1	7.44695E-05	328.392626
6.2	2.31E-11	328.417178	0.1000001	7.3568E-05	328.417178
6.1	2.21E-11	328.441683	0.1000001	7.26692E-05	328.441683
6	2.22E-11	328.466201	0.0999999	7.17713E-05	328.466201
5.9	2.22E-11	328.490744	0.0999999	7.08744E-05	328.490744
5.8	2.15E-11	328.515312	0.0999998	6.99768E-05	328.515312
5.7	2.14E-11	328.53992	0.0999999	6.90807E-05	328.53992
5.6	2.09E-11	328.564476	0.1000001	6.81861E-05	328.564476
5.5	2.05E-11	328.589021	0.1	6.7292E-05	328.589021
5.4	2.01E-11	328.613533	0.0999998	6.63979E-05	328.613533
5.3	1.95E-11	328.638069	0.1	6.55043E-05	328.638069
5.2	1.91E-11	328.662586	0.1	6.46129E-05	328.662586
5.1	1.89E-11	328.687119	0.1	6.37214E-05	328.687119
5	1.82E-11	328.711631	0.1	6.28311E-05	328.711631
4.9	2.44E-11	328.773	0.1	6.19473E-05	328.773
4.8	1.93E-11	328.797534	0.1	6.10572E-05	328.797534
4.7	1.85E-11	328.822071	0.1	6.01692E-05	328.822071
4.6	1.77E-11	328.846681	0.1	5.92816E-05	328.846681
4.5	1.7E-11	328.871244	0.0999999	5.83938E-05	328.871244
4.4	1.62E-11	328.895752	0.0999998	5.75082E-05	328.895752
4.3	1.55E-11	328.920251	0.1	5.6624E-05	328.920251
4.2	1.49E-11	328.944771	0.0999998	5.57388E-05	328.944771
4.1	1.43E-11	328.969319	0.0999999	5.48551E-05	328.969319
4	1.39E-11	328.993922	0.0999998	5.39716E-05	328.993922
3.9	1.35E-11	329.018535	0.1	5.30899E-05	329.018535
3.8	1.28E-11	329.043045	0.1000001	5.22084E-05	329.043045
3.7	1.2E-11	329.067571	0.0999998	5.13271E-05	329.067571
3.6	1.17E-11	329.092091	0.1	5.0448E-05	329.092091
3.5	1.15E-11	329.116633	0.1	4.95697E-05	329.116633
3.4	1.07E-11	329.141133	0.1	4.86903E-05	329.141133
3.3	9.9E-12	329.165679	0.1000001	4.78128E-05	329.165679
3.2	9.1E-12	329.190268	0.1000001	4.69366E-05	329.190268
3.1	8.5E-12	329.214777	0.1	4.6061E-05	329.214777
3	1.41E-11	329.270089	0.0999999	4.51896E-05	329.270089
2.9	8.8E-12	329.294612	0.1000001	4.43143E-05	329.294612
2.8	7.6E-12	329.319166	0.1	4.3441E-05	329.319166
2.7	6.8E-12	329.343723	0.1000001	4.25676E-05	329.343723
2.6	6E-12	329.368291	0.1	4.16953E-05	329.368291
2.5	5E-12	329.392825	0.1	4.08244E-05	329.392825
2.4	3.7E-12	329.417373	0.1000001	3.99543E-05	329.417373
2.3	3.4E-12	329.441935	0.0999999	3.90843E-05	329.441935
2.2	1.9E-12	329.466441	0.1000002	3.82161E-05	329.466441
2.099999	4.7E-12	329.492857	0.0999998	3.73518E-05	329.492857
2	4E-13	329.517418	0.0999999	3.64846E-05	329.517418
1.9	-4E-13	329.541939	0.1000001	3.562E-05	329.541939
1.8	-2.3E-12	329.566386	0.0999999	3.47559E-05	329.566386
1.7	-3.3E-12	329.590921	0.1	3.38928E-05	329.590921
1.6	-4.6E-12	329.615426	0.0999999	3.30311E-05	329.615426
1.5	-5.2E-12	329.639986	0.1	3.21701E-05	329.639986
1.4	-7E-12	329.664497	0.0999999	3.13106E-05	329.664497
1.3	-8E-12	329.68903	0.0999999	3.04528E-05	329.68903
1.2	-9.3E-12	329.713563	0.1	2.95968E-05	329.713563
1.100001	-4.7E-12	329.772027	0.0999999	2.87472E-05	329.772027
1	-1.12E-11	329.796565	0.1	2.78942E-05	329.796565
0.9	-1.33E-11	329.821084	0.0999998	2.70435E-05	329.821084
0.8	-1.48E-11	329.845654	0.0999998	2.61957E-05	329.845654
0.7	-1.7E-11	329.870247	0.0999999	2.53511E-05	329.870247
0.6	-1.95E-11	329.894779	0.1	2.45102E-05	329.894779
0.5	-2.12E-11	329.919319	0.1000001	2.36729E-05	329.919319
0.4	-2.34E-11	329.943809	0.0999999	2.28403E-05	329.943809
0.3	-2.54E-11	329.968337	0.0999998	2.20128E-05	329.968337
0.2	-2.51E-11	329.994763	0.0999999	2.11901E-05	329.994763
0.0999999	-3.03E-11	330.019362	0.0999999	2.03722E-05	330.019362
-5E-07	-3.27E-11	330.043837	0.0999999	1.95589E-05	330.043837
