#scan	iMeasureCycle=1	iMux=0	time=0.031	N=401	LocalTime=19/04/2023 18:19:38
#VGate(V)	IGate(A)	time(s)	VDrain(V)	IDrain(A)	time(s)
-2E-07	-1.639E-10	0.033883	0.1000001	5.50735E-06	0.033883
-0.1000006	-2.222E-10	0.058767	0.0999998	4.84521E-06	0.058767
-0.2000004	-2.717E-10	0.083264	0.0999998	4.20662E-06	0.083264
-0.300001	-2.103E-10	0.107985	0.0999998	3.59434E-06	0.107985
-0.4	-1.207E-10	0.13251	0.1	3.01444E-06	0.13251
-0.5	-9.42E-11	0.157004	0.1	2.47212E-06	0.157004
-0.6	-8.1E-11	0.18161	0.0999999	1.97455E-06	0.18161
-0.7	-7.29E-11	0.206151	0.1	1.52732E-06	0.206151
-0.8	-6.81E-11	0.230793	0.1	1.13649E-06	0.230793
-0.9	-6.1E-11	0.258118	0.0999993	8.08143E-07	0.258118
-1	-6.24E-11	0.282633	0.0999996	5.41292E-07	0.282633
-1.1	-6.11E-11	0.307144	0.0999994	3.37825E-07	0.307144
-1.2	-6.04E-11	0.331724	0.0999996	1.93214E-07	0.331724
-1.3	-6E-11	0.356233	0.0999996	9.9347E-08	0.356233
-1.4	-5.22E-11	0.393896	0.0999956	4.59554E-08	0.393896
-1.500001	-7.25E-11	0.4171	0.1000047	1.79575E-08	0.4171
-1.600001	-7.14E-11	0.44039	0.1000012	6.1214E-09	0.44039
-1.700001	-7.17E-11	0.463682	0.1000006	1.8154E-09	0.463682
-1.800001	-7.21E-11	0.486948	0.1000002	4.624E-10	0.486948
-1.900001	-7.24E-11	0.510232	0.1000002	9.44E-11	0.510232
-2.000001	-7.31E-11	0.533502	0.1000002	8.2E-12	0.533502
-2.100001	-7.4E-11	0.556714	0.1	-8.3E-12	0.556714
-2.2	-5.34E-11	0.597808	0.0999998	-1.13E-11	0.597808
-2.3	-7.29E-11	0.621056	0.1000002	-1.04E-11	0.621056
-2.4	-7.41E-11	0.644277	0.1000001	-1E-11	0.644277
-2.5	-7.35E-11	0.667547	0.1000003	-1.05E-11	0.667547
-2.6	-7.31E-11	0.6909	0.1000002	-1.07E-11	0.6909
-2.7	-7.54E-11	0.714123	0.1000001	-1.05E-11	0.714123
-2.8	-7.39E-11	0.737473	0.1000003	-1.07E-11	0.737473
-2.9	-7.39E-11	0.7608	0.1	-1.08E-11	0.7608
-3	-7.6E-11	0.784013	0.1000002	-1.05E-11	0.784013
-3.1	-7.64E-11	0.80726	0.1000002	-1.02E-11	0.80726
-3.2	-7.53E-11	0.830558	0.0999999	-1.1E-11	0.830558
-3.3	-7.54E-11	0.853834	0.1000001	-1.09E-11	0.853834
-3.4	-7.73E-11	0.877041	0.1000003	-1.08E-11	0.877041
-3.5	-7.81E-11	0.900256	0.1	-1.05E-11	0.900256
-3.6	-7.62E-11	0.923557	0.1000002	-1.03E-11	0.923557
-3.7	-7.73E-11	0.94683	0.0999999	-9.9E-12	0.94683
-3.8	-7.88E-11	0.970037	0.1000002	-9.6E-12	0.970037
-3.9	-7.92E-11	0.993246	0.1000001	-1E-11	0.993246
-4	-7.69E-11	1.016623	0.1000001	-1E-11	1.016623
-4.1	-7.78E-11	1.03994	0.0999999	-9.3E-12	1.03994
-4.2	-5.85E-11	1.097691	0.0999999	-1.16E-11	1.097691
-4.3	-7.53E-11	1.12105	0.1000001	-1.02E-11	1.12105
-4.4	-7.84E-11	1.144279	0.1000002	-9.9E-12	1.144279
-4.5	-7.99E-11	1.167501	0.1000001	-9.9E-12	1.167501
-4.6	-7.83E-11	1.190843	0.1	-1E-11	1.190843
-4.7	-7.83E-11	1.214231	0.1000001	-9.9E-12	1.214231
-4.8	-8.07E-11	1.237539	0.1000002	-9.9E-12	1.237539
-4.9	-7.9E-11	1.260852	0.1000001	-9.8E-12	1.260852
-5	-7.97E-11	1.284128	0.1000002	-1.01E-11	1.284128
-5.1	-8.14E-11	1.30734	0.1000002	-1E-11	1.30734
-5.2	-8.16E-11	1.330555	0.1	-1.02E-11	1.330555
-5.3	-8.04E-11	1.353886	0.1000001	-1.02E-11	1.353886
-5.4	-8.09E-11	1.37718	0.1000001	-1.01E-11	1.37718
-5.5	-8.24E-11	1.400394	0.1000001	-1.01E-11	1.400394
-5.6	-8.24E-11	1.42362	0.1000002	-9.6E-12	1.42362
-5.7	-8.17E-11	1.446908	0.1000003	-9.8E-12	1.446908
-5.8	-8.04E-11	1.470275	0.1000001	-9.9E-12	1.470275
-5.9	-8.36E-11	1.493487	0.1	-9.6E-12	1.493487
-6	-8.2E-11	1.51686	0.0999999	-1E-11	1.51686
-6.1	-8.26E-11	1.54016	0.1000003	-1E-11	1.54016
-6.2	-6.46E-11	1.590391	0.1	-1.11E-11	1.590391
-6.3	-8.33E-11	1.613629	0.1	-9.5E-12	1.613629
-6.4	-8.37E-11	1.636848	0.1000003	-9.6E-12	1.636848
-6.5	-8.42E-11	1.660056	0.1000002	-9.7E-12	1.660056
-6.6	-7.08E-11	1.68462	0.1	-1.07E-11	1.68462
-6.7	-8.47E-11	1.707852	0.1000001	-9.3E-12	1.707852
-6.8	-8.41E-11	1.731227	0.1	-9.6E-12	1.731227
-6.9	-8.01E-11	1.754706	0.1	-9.7E-12	1.754706
-7	-8.53E-11	1.777949	0.1000001	-9.3E-12	1.777949
-7.1	-8.44E-11	1.801235	0.1000001	-9.2E-12	1.801235
-7.2	-8.62E-11	1.824446	0.1000001	-9.3E-12	1.824446
-7.3	-8.64E-11	1.847665	0.1000002	-9.1E-12	1.847665
-7.4	-8.47E-11	1.870953	0.1000001	-9.3E-12	1.870953
-7.5	-8.5E-11	1.894227	0.1000001	-9.2E-12	1.894227
-7.6	-8.7E-11	1.917436	0.1000002	-9.6E-12	1.917436
-7.7	-8.72E-11	1.940673	0.1000002	-9.5E-12	1.940673
-7.8	-8.75E-11	1.963884	0.1000002	-9.1E-12	1.963884
-7.9	-8.58E-11	1.987172	0.1	-9.5E-12	1.987172
-8	-8.73E-11	2.010438	0.1000001	-9.4E-12	2.010438
-8.1	-8.8E-11	2.033654	0.1000002	-9.1E-12	2.033654
-8.2	-8.77E-11	2.056867	0.1000001	-9.1E-12	2.056867
-8.3	-6.72E-11	2.100369	0.1000001	-1.12E-11	2.100369
-8.4	-8.66E-11	2.123703	0.1000003	-9E-12	2.123703
-8.5	-8.71E-11	2.146933	0.1000003	-9.2E-12	2.146933
-8.6	-8.76E-11	2.170227	0.1	-9E-12	2.170227
-8.7	-8.62E-11	2.19357	0.1000001	-9.4E-12	2.19357
-8.8	-8.77E-11	2.216795	0.1	-9.5E-12	2.216795
-8.9	-8.84E-11	2.240105	0.1	-9.4E-12	2.240105
-9	-8.72E-11	2.263409	0.1000002	-9.3E-12	2.263409
-9.1	-8.74E-11	2.286686	0.1000001	-9.3E-12	2.286686
-9.2	-8.91E-11	2.309889	0.1000002	-9E-12	2.309889
-9.3	-8.78E-11	2.333189	0.1000002	-9.1E-12	2.333189
-9.4	-8.72E-11	2.356525	0.0999999	-9.3E-12	2.356525
-9.5	-8.91E-11	2.379731	0.1000001	-9.2E-12	2.379731
-9.6	-8.98E-11	2.402943	0.1000001	-8.9E-12	2.402943
-9.7	-8.98E-11	2.42625	0.1	-9.1E-12	2.42625
-9.8	-8.82E-11	2.449525	0.1000003	-9.2E-12	2.449525
-9.9	-8.97E-11	2.472729	0.1	-9.1E-12	2.472729
-10	-8.94E-11	2.495945	0.1000002	-9E-12	2.495945
-9.90001	-4.67E-11	2.519163	0.0999997	-1.28E-11	2.519163
-9.80001	-4.48E-11	2.542459	0.0999998	-1.25E-11	2.542459
-9.70001	-6.05E-11	2.601894	0.0999999	-1.09E-11	2.601894
-9.60001	-3.95E-11	2.625133	0.0999996	-1.27E-11	2.625133
-9.50001	-3.83E-11	2.648389	0.0999997	-1.26E-11	2.648389
-9.40001	-3.68E-11	2.671716	0.0999997	-1.26E-11	2.671716
-9.30001	-3.66E-11	2.695054	0.0999998	-1.27E-11	2.695054
-9.20001	-3.41E-11	2.718268	0.0999997	-1.25E-11	2.718268
-9.10001	-3.29E-11	2.741564	0.0999997	-1.26E-11	2.741564
-9.00001	-3.42E-11	2.76488	0.0999997	-1.29E-11	2.76488
-8.90001	-3.14E-11	2.788098	0.0999998	-1.3E-11	2.788098
-8.80001	-3.04E-11	2.811309	0.0999998	-1.31E-11	2.811309
-8.70001	-3.29E-11	2.834651	0.0999999	-1.24E-11	2.834651
-8.60001	-3.12E-11	2.857936	0.0999999	-1.25E-11	2.857936
-8.50001	-2.84E-11	2.881148	0.0999998	-1.28E-11	2.881148
-8.40001	-2.84E-11	2.90436	0.0999998	-1.26E-11	2.90436
-8.30001	-2.95E-11	2.927656	0.0999997	-1.28E-11	2.927656
-8.20001	-2.88E-11	2.950943	0.0999996	-1.29E-11	2.950943
-8.10001	-2.67E-11	2.974146	0.0999996	-1.27E-11	2.974146
-8	-2.76E-11	2.997434	0.0999998	-1.27E-11	2.997434
-7.90001	-2.58E-11	3.0207	0.0999997	-1.3E-11	3.0207
-7.80001	-2.75E-11	3.044007	0.1	-1.26E-11	3.044007
-7.70001	-4.61E-11	3.103142	0.0999999	-1.14E-11	3.103142
-7.60001	-2.59E-11	3.126391	0.0999997	-1.32E-11	3.126391
-7.50001	-2.53E-11	3.14962	0.0999997	-1.3E-11	3.14962
-7.40001	-2.48E-11	3.172855	0.0999997	-1.27E-11	3.172855
-7.30001	-2.6E-11	3.196201	0.0999998	-1.29E-11	3.196201
-7.2	-2.37E-11	3.21942	0.0999996	-1.35E-11	3.21942
-7.10001	-2.3E-11	3.242719	0.0999996	-1.28E-11	3.242719
-7.00001	-2.39E-11	3.266024	0.0999998	-1.31E-11	3.266024
-6.90001	-2.38E-11	3.289312	0.0999999	-1.33E-11	3.289312
-6.80001	-2.18E-11	3.312511	0.0999998	-1.32E-11	3.312511
-6.70001	-2.13E-11	3.335815	0.0999996	-1.32E-11	3.335815
-6.60001	-2.1E-11	3.359069	0.0999999	-1.35E-11	3.359069
-6.50001	-2.07E-11	3.382293	0.0999999	-1.31E-11	3.382293
-6.40001	-2.07E-11	3.405528	0.0999999	-1.34E-11	3.405528
-6.30001	-1.98E-11	3.428748	0.0999997	-1.33E-11	3.428748
-6.20001	-2.12E-11	3.452049	0.0999997	-1.33E-11	3.452049
-6.10001	-2.05E-11	3.475328	0.0999997	-1.29E-11	3.475328
-6.00001	-1.87E-11	3.498525	0.0999996	-1.33E-11	3.498525
-5.90001	-1.93E-11	3.521772	0.0999997	-1.33E-11	3.521772
-5.80001	-1.95E-11	3.545062	0.0999999	-1.33E-11	3.545062
-5.70001	-3.87E-11	3.60472	0.0999999	-1.2E-11	3.60472
-5.60001	-1.85E-11	3.627957	0.0999996	-1.4E-11	3.627957
-5.50001	-1.94E-11	3.651251	0.0999999	-1.34E-11	3.651251
-5.40001	-1.78E-11	3.674507	0.0999998	-1.34E-11	3.674507
-5.30001	-1.63E-11	3.697866	0.0999997	-1.32E-11	3.697866
-5.20001	-1.52E-11	3.721092	0.0999997	-1.31E-11	3.721092
-5.1	-1.73E-11	3.744464	0.0999997	-1.31E-11	3.744464
-5.00001	-1.49E-11	3.76771	0.0999996	-1.33E-11	3.76771
-4.90001	-1.41E-11	3.790924	0.0999997	-1.35E-11	3.790924
-4.80001	-1.64E-11	3.814251	0.0999997	-1.35E-11	3.814251
-4.7	-1.5E-11	3.837541	0.0999998	-1.38E-11	3.837541
-4.60001	-1.31E-11	3.860748	0.0999997	-1.37E-11	3.860748
-4.50001	-1.23E-11	3.883969	0.0999997	-1.4E-11	3.883969
-4.40001	-1.36E-11	3.907257	0.1	-1.39E-11	3.907257
-4.3	-1.18E-11	3.930477	0.0999998	-1.39E-11	3.930477
-4.20001	-1.15E-11	3.95371	0.0999997	-1.4E-11	3.95371
-4.10001	-1.09E-11	3.976925	0.0999998	-1.4E-11	3.976925
-4.00001	-1.22E-11	4.000224	0.0999997	-1.39E-11	4.000224
-3.90001	-1.16E-11	4.023583	0.0999996	-1.38E-11	4.023583
-3.80001	-1.03E-11	4.046822	0.0999998	-1.4E-11	4.046822
-3.70001	-3.08E-11	4.106711	0.1	-1.25E-11	4.106711
-3.60001	-1.07E-11	4.130049	0.0999999	-1.46E-11	4.130049
-3.50001	-9E-12	4.153281	0.0999998	-1.46E-11	4.153281
-3.40001	-1.08E-11	4.176693	0.0999996	-1.46E-11	4.176693
-3.30001	-7.5E-12	4.199958	0.0999997	-1.5E-11	4.199958
-3.20001	-6.5E-12	4.223173	0.0999999	-1.49E-11	4.223173
-3.10001	-7.6E-12	4.246544	0.0999997	-1.49E-11	4.246544
-3.00001	-6.9E-12	4.269854	0.0999996	-1.46E-11	4.269854
-2.90001	-4.5E-12	4.293049	0.0999997	-1.48E-11	4.293049
-2.80001	-3.8E-12	4.316259	0.0999996	-1.5E-11	4.316259
-2.70001	-4.8E-12	4.339558	0.0999997	-1.46E-11	4.339558
-2.60001	-4E-12	4.362903	0.0999996	-1.46E-11	4.362903
-2.50001	-1.8E-12	4.386108	0.0999996	-1.49E-11	4.386108
-2.40001	-1.3E-12	4.409327	0.0999997	-1.54E-11	4.409327
-2.30001	-2E-12	4.43262	0.0999997	-1.53E-11	4.43262
-2.20001	-1.1E-12	4.455909	0.0999997	-1.41E-11	4.455909
-2.099999	-1.6E-11	4.481036	0.0999998	-5.5E-12	4.481036
-2	1.6E-12	4.504249	0.0999997	3.38E-11	4.504249
-1.9	1.4E-12	4.527532	0.0999999	2.195E-10	4.527532
-1.8	2.1E-12	4.550807	0.1000004	9.258E-10	4.550807
-1.700001	-1.76E-11	4.607752	0.1000004	3.1283E-09	4.607752
-1.6	3.2E-12	4.630991	0.1000017	9.9817E-09	4.630991
-1.5	4.6E-12	4.654229	0.1000037	2.69324E-08	4.654229
-1.4	6.4E-12	4.677454	0.1000029	6.30522E-08	4.677454
-1.300001	-1.39E-11	4.716997	0.1000002	1.26365E-07	4.716997
-1.200001	-7.4E-12	4.741599	0.1000006	2.36165E-07	4.741599
-1.100001	-6.3E-12	4.76642	0.1000008	3.97153E-07	4.76642
-1	-4.5E-12	4.790924	0.1000007	6.16561E-07	4.790924
-0.9	-3.1E-12	4.815462	0.1000008	8.97531E-07	4.815462
-0.800001	-7.3E-12	4.850048	0.0999999	1.23386E-06	4.850048
-0.700001	-1E-12	4.874578	0.1000001	1.63718E-06	4.874578
-0.6	3E-13	4.899111	0.1000001	2.09299E-06	4.899111
-0.500001	2.1E-12	4.923614	0.1000001	2.5957E-06	4.923614
-0.400001	3.5E-12	4.94812	0.1000003	3.14024E-06	4.94812
-0.3	5.7E-12	4.97264	0.1000001	3.72011E-06	4.97264
-0.2000001	3.5E-12	4.999043	0.1	4.32927E-06	4.999043
-0.0999995	8.8E-12	5.023619	0.1000001	4.96509E-06	5.023619
2E-07	1E-11	5.048148	0.1	5.62093E-06	5.048148
0.1000001	4.1E-12	5.115031	0.0999999	6.27867E-06	5.115031
0.2000004	1.16E-11	5.139562	0.1000001	6.97018E-06	5.139562
0.299999	1.41E-11	5.164308	0.1000001	7.67071E-06	5.164308
0.4	1.67E-11	5.188817	0.1	8.38146E-06	5.188817
0.5	1.89E-11	5.213368	0.1000001	9.10089E-06	5.213368
0.6	2.09E-11	5.237916	0.1	9.8285E-06	5.237916
0.699999	1.74E-11	5.272524	0.1000002	1.05529E-05	5.272524
0.799999	2.38E-11	5.297043	0.1000003	1.12968E-05	5.297043
0.9	2.61E-11	5.321552	0.1000001	1.20468E-05	5.321552
0.999999	2.78E-11	5.346064	0.1000001	1.2802E-05	5.346064
1.1	2.97E-11	5.370574	0.1000001	1.35615E-05	5.370574
1.2	3.09E-11	5.395112	0.1000002	1.43249E-05	5.395112
1.3	3.31E-11	5.419637	0.0999999	1.50918E-05	5.419637
1.4	3.44E-11	5.444156	0.1	1.58615E-05	5.444156
1.5	3.56E-11	5.468659	0.1000002	1.66331E-05	5.468659
1.6	3.68E-11	5.493169	0.1000002	1.7407E-05	5.493169
1.699999	3.82E-11	5.517699	0.1	1.81827E-05	5.517699
1.8	3.91E-11	5.542203	0.1000003	1.89593E-05	5.542203
1.9	3.98E-11	5.566717	0.1000002	1.97375E-05	5.566717
2	3.4E-11	5.615865	0.0999999	2.05066E-05	5.615865
2.099999	3.94E-11	5.640377	0.0999998	2.12913E-05	5.640377
2.19999	4.05E-11	5.6651	0.1000001	2.20679E-05	5.6651
2.29999	4.1E-11	5.689665	0.1	2.28516E-05	5.689665
2.39999	4.25E-11	5.714241	0.1000002	2.36361E-05	5.714241
2.49999	4.29E-11	5.73871	0.1000001	2.44213E-05	5.73871
2.59999	4.33E-11	5.763346	0.1000001	2.52073E-05	5.763346
2.69999	4.35E-11	5.787901	0.1000002	2.59936E-05	5.787901
2.79999	4.4E-11	5.812462	0.1000001	2.67813E-05	5.812462
2.89999	4.42E-11	5.83699	0.1	2.75698E-05	5.83699
2.99999	4.44E-11	5.861539	0.1000002	2.8359E-05	5.861539
3.09999	4.47E-11	5.886076	0.0999999	2.91491E-05	5.886076
3.19999	4.53E-11	5.91062	0.1000002	2.99403E-05	5.91062
3.29999	4.62E-11	5.935164	0.1000001	3.07316E-05	5.935164
3.39999	4.64E-11	5.9597	0.1000001	3.15242E-05	5.9597
3.49999	4.67E-11	5.984244	0.1000001	3.23181E-05	5.984244
3.59999	4.74E-11	6.008752	0.1000001	3.31123E-05	6.008752
3.69999	4.71E-11	6.033328	0.1000002	3.39078E-05	6.033328
3.79999	4.76E-11	6.057835	0.1000002	3.47027E-05	6.057835
3.89999	4.13E-11	6.110179	0.0999998	3.54909E-05	6.110179
3.99999	4.66E-11	6.134717	0.1000001	3.62916E-05	6.134717
4.09999	4.72E-11	6.159231	0.1000002	3.7092E-05	6.159231
4.19999	4.7E-11	6.183874	0.1000001	3.78934E-05	6.183874
4.29999	4.75E-11	6.208479	0.1	3.86939E-05	6.208479
4.39999	4.81E-11	6.232984	0.1000002	3.94964E-05	6.232984
4.49999	4.86E-11	6.257601	0.0999999	4.02998E-05	6.257601
4.59999	4.85E-11	6.282167	0.1	4.11034E-05	6.282167
4.69999	4.92E-11	6.306704	0.1000002	4.19076E-05	6.306704
4.79999	4.96E-11	6.331207	0.0999999	4.27132E-05	6.331207
4.89999	4.94E-11	6.355874	0.1	4.35194E-05	6.355874
4.99999	4.96E-11	6.380432	0.0999999	4.43272E-05	6.380432
5.09999	5.01E-11	6.40494	0.1000002	4.51357E-05	6.40494
5.19999	5.06E-11	6.429457	0.1	4.59445E-05	6.429457
5.29999	5.04E-11	6.453973	0.1000003	4.67555E-05	6.453973
5.39999	5.06E-11	6.478592	0.1	4.75671E-05	6.478592
5.49999	5.02E-11	6.503132	0.1000002	4.83799E-05	6.503132
5.59999	5.12E-11	6.527651	0.1000001	4.91933E-05	6.527651
5.69999	5.16E-11	6.552167	0.1000001	5.00081E-05	6.552167
5.79999	4.33E-11	6.614284	0.0999999	5.08095E-05	6.614284
5.89999	4.92E-11	6.638845	0.1	5.16314E-05	6.638845
5.99999	4.99E-11	6.663353	0.1	5.24521E-05	6.663353
6.09999	5.07E-11	6.687935	0.1	5.32714E-05	6.687935
6.19999	5.08E-11	6.712507	0.1000003	5.40923E-05	6.712507
6.29999	5.09E-11	6.737074	0.1	5.49137E-05	6.737074
6.39999	5.15E-11	6.761661	0.1000001	5.57361E-05	6.761661
6.49999	5.14E-11	6.786216	0.1000003	5.65601E-05	6.786216
6.59999	5.16E-11	6.810728	0.1000002	5.73847E-05	6.810728
6.69999	5.21E-11	6.835234	0.0999999	5.82105E-05	6.835234
6.79999	5.22E-11	6.859732	0.1000002	5.90379E-05	6.859732
6.89999	5.26E-11	6.884243	0.1	5.98645E-05	6.884243
6.99999	5.33E-11	6.908754	0.1	6.06933E-05	6.908754
7.09999	5.35E-11	6.933268	0.0999999	6.15242E-05	6.933268
7.19999	5.35E-11	6.957762	0.1000003	6.23551E-05	6.957762
7.29999	5.33E-11	6.982291	0.0999998	6.31878E-05	6.982291
7.39999	5.32E-11	7.006804	0.1	6.40212E-05	7.006804
7.49999	5.36E-11	7.031362	0.1	6.48555E-05	7.031362
7.59999	5.38E-11	7.05587	0.1000001	6.56907E-05	7.05587
7.69999	4.79E-11	7.113139	0.1	6.65187E-05	7.113139
7.79999	5.24E-11	7.137658	0.1000001	6.7359E-05	7.137658
7.89999	5.27E-11	7.162206	0.1000002	6.81986E-05	7.162206
7.99999	5.34E-11	7.186731	0.1	6.90392E-05	7.186731
8.09999	5.32E-11	7.211344	0.0999997	6.98811E-05	7.211344
8.19999	5.36E-11	7.235887	0.1000001	7.07245E-05	7.235887
8.29999	5.39E-11	7.26055	0.1000001	7.15677E-05	7.26055
8.39999	5.42E-11	7.285076	0.1000003	7.24121E-05	7.285076
8.49999	5.49E-11	7.309614	0.0999999	7.32592E-05	7.309614
8.59999	5.48E-11	7.334129	0.0999998	7.41044E-05	7.334129
8.69999	5.47E-11	7.358704	0.1	7.49531E-05	7.358704
8.79999	5.48E-11	7.383229	0.1000002	7.58031E-05	7.383229
8.89999	5.5E-11	7.407735	0.1000003	7.66541E-05	7.407735
8.99999	5.54E-11	7.432238	0.1	7.75053E-05	7.432238
9.09999	5.55E-11	7.456751	0.0999999	7.83578E-05	7.456751
9.19999	5.5E-11	7.481351	0.1000001	7.92118E-05	7.481351
9.29999	5.51E-11	7.505865	0.0999999	8.0064E-05	7.505865
9.39999	5.51E-11	7.530397	0.1	8.09216E-05	7.530397
9.49999	5.56E-11	7.554926	0.1000002	8.17806E-05	7.554926
9.59999	4.76E-11	7.617028	0.0999998	8.26313E-05	7.617028
9.69999	5.37E-11	7.641587	0.1000001	8.34957E-05	7.641587
9.79999	5.48E-11	7.666103	0.1	8.43583E-05	7.666103
9.89999	5.51E-11	7.690698	0.0999999	8.52224E-05	7.690698
9.99999	5.56E-11	7.71527	0.1000001	8.60868E-05	7.71527
9.9	4.21E-11	7.739787	0.1000001	8.5207E-05	7.739787
9.8	3.84E-11	7.764379	0.1	8.43337E-05	7.764379
9.7	3.7E-11	7.788978	0.1	8.34632E-05	7.788978
9.6	3.54E-11	7.813494	0.1	8.25953E-05	7.813494
9.5	3.35E-11	7.838024	0.1	8.17288E-05	7.838024
9.4	3.27E-11	7.862564	0.1	8.08629E-05	7.862564
9.3	3.1E-11	7.887092	0.1000001	8.00007E-05	7.887092
9.2	2.99E-11	7.911598	0.0999998	7.91381E-05	7.911598
9.1	2.93E-11	7.936129	0.1000001	7.8277E-05	7.936129
9	2.85E-11	7.960638	0.1000001	7.74171E-05	7.960638
8.9	2.81E-11	7.985163	0.0999999	7.65627E-05	7.985163
8.8	2.74E-11	8.009657	0.1	7.57043E-05	8.009657
8.7	2.68E-11	8.034218	0.0999999	7.48459E-05	8.034218
8.6	2.6E-11	8.058735	0.0999998	7.39899E-05	8.058735
8.5	3.17E-11	8.120673	0.1	7.31392E-05	8.120673
8.4	2.61E-11	8.145218	0.0999999	7.22833E-05	8.145218
8.3	2.54E-11	8.169725	0.0999997	7.14304E-05	8.169725
8.2	2.44E-11	8.194322	0.0999998	7.05787E-05	8.194322
8.1	2.35E-11	8.218891	0.1	6.97282E-05	8.218891
8	2.25E-11	8.243416	0.1	6.8879E-05	8.243416
7.9	2.29E-11	8.268064	0.0999999	6.80309E-05	8.268064
7.8	2.2E-11	8.292628	0.0999998	6.71845E-05	8.292628
7.7	2.18E-11	8.317159	0.0999999	6.63396E-05	8.317159
7.6	2.14E-11	8.341666	0.0999998	6.54947E-05	8.341666
7.5	2.12E-11	8.366236	0.0999998	6.46517E-05	8.366236
7.4	2.05E-11	8.390843	0.1	6.38105E-05	8.390843
7.3	1.99E-11	8.415369	0.1	6.29683E-05	8.415369
7.2	1.94E-11	8.439877	0.1000001	6.2128E-05	8.439877
7.1	1.93E-11	8.464406	0.0999999	6.12891E-05	8.464406
7	1.88E-11	8.48893	0.0999998	6.04517E-05	8.48893
6.9	1.81E-11	8.51345	0.1	5.96145E-05	8.51345
6.8	1.77E-11	8.537956	0.1000001	5.87791E-05	8.537956
6.7	1.74E-11	8.562474	0.1	5.79442E-05	8.562474
6.6	2.39E-11	8.62199	0.0999999	5.71166E-05	8.62199
6.5	1.86E-11	8.646515	0.0999999	5.62836E-05	8.646515
6.4	1.73E-11	8.671067	0.0999999	5.54508E-05	8.671067
6.3	1.63E-11	8.695659	0.1	5.46203E-05	8.695659
6.2	1.65E-11	8.720251	0.0999999	5.37908E-05	8.720251
6.1	1.56E-11	8.744768	0.1	5.2962E-05	8.744768
6	1.55E-11	8.769425	0.0999999	5.21336E-05	8.769425
5.9	1.45E-11	8.793968	0.1000001	5.13065E-05	8.793968
5.8	1.48E-11	8.818489	0.0999999	5.04817E-05	8.818489
5.7	1.43E-11	8.842999	0.1000001	4.96571E-05	8.842999
5.6	1.38E-11	8.867516	0.1000001	4.88336E-05	8.867516
5.5	1.34E-11	8.89202	0.1	4.80115E-05	8.89202
5.4	1.23E-11	8.916554	0.0999999	4.71905E-05	8.916554
5.3	1.25E-11	8.941055	0.0999999	4.63702E-05	8.941055
5.2	1.18E-11	8.965615	0.1	4.55505E-05	8.965615
5.1	1.18E-11	8.990159	0.0999997	4.47323E-05	8.990159
5	1.11E-11	9.014715	0.0999998	4.3915E-05	9.014715
4.9	1.08E-11	9.039277	0.0999999	4.30987E-05	9.039277
4.8	1.02E-11	9.063815	0.1	4.22828E-05	9.063815
4.7	1.59E-11	9.119367	0.1	4.14745E-05	9.119367
4.6	1.09E-11	9.143902	0.1000001	4.06602E-05	9.143902
4.5	9.4E-12	9.168412	0.0999999	3.9847E-05	9.168412
4.4	9.2E-12	9.192942	0.0999999	3.9035E-05	9.192942
4.3	8.3E-12	9.217506	0.0999999	3.82249E-05	9.217506
4.2	8.3E-12	9.24205	0.1	3.74154E-05	9.24205
4.1	7.6E-12	9.266677	0.0999998	3.66068E-05	9.266677
4	7.3E-12	9.291223	0.0999999	3.58001E-05	9.291223
3.9	6.5E-12	9.315744	0.0999999	3.49936E-05	9.315744
3.8	5.9E-12	9.340257	0.1	3.41876E-05	9.340257
3.7	5.4E-12	9.364835	0.0999999	3.33831E-05	9.364835
3.6	4.9E-12	9.389387	0.0999999	3.258E-05	9.389387
3.5	3.9E-12	9.413915	0.1000001	3.17771E-05	9.413915
3.4	2.9E-12	9.43845	0.1	3.09755E-05	9.43845
3.3	2.7E-12	9.462964	0.0999999	3.01754E-05	9.462964
3.2	2.2E-12	9.487506	0.1000001	2.93763E-05	9.487506
3.1	1.7E-12	9.512016	0.0999999	2.85779E-05	9.512016
3	8E-13	9.536516	0.0999999	2.77816E-05	9.536516
2.9	3E-13	9.561065	0.1000002	2.69848E-05	9.561065
2.8	7.2E-12	9.623557	0.0999999	2.61967E-05	9.623557
2.7	1.8E-12	9.648164	0.1	2.54018E-05	9.648164
2.6	-5E-13	9.672661	0.1000001	2.46087E-05	9.672661
2.5	-1.6E-12	9.697248	0.0999999	2.38172E-05	9.697248
2.4	-2.7E-12	9.721825	0.0999998	2.30276E-05	9.721825
2.3	-3.4E-12	9.746385	0.0999997	2.22388E-05	9.746385
2.2	-4.9E-12	9.771014	0.1	2.14519E-05	9.771014
2.099999	-2.6E-12	9.797461	0.0999999	2.06746E-05	9.797461
2	-6.9E-12	9.822007	0.1000002	1.98905E-05	9.822007
1.9	-8.1E-12	9.84655	0.0999999	1.91091E-05	9.84655
1.8	-9.2E-12	9.871065	0.0999998	1.83295E-05	9.871065
1.7	-1.04E-11	9.895565	0.1	1.7552E-05	9.895565
1.6	-1.11E-11	9.920108	0.1	1.67771E-05	9.920108
1.5	-1.24E-11	9.94462	0.0999999	1.60047E-05	9.94462
1.4	-1.38E-11	9.969133	0.0999998	1.52361E-05	9.969133
1.3	-1.48E-11	9.993723	0.0999999	1.44701E-05	9.993723
1.2	-1.67E-11	10.018248	0.1	1.37089E-05	10.018248
1.1	-1.84E-11	10.04284	0.0999999	1.29528E-05	10.04284
1	-2E-11	10.06737	0.1	1.22014E-05	10.06737
0.9	-1.47E-11	10.126387	0.0999999	1.14626E-05	10.126387
0.8	-2.15E-11	10.150911	0.1000001	1.07235E-05	10.150911
0.7	-2.42E-11	10.175415	0.0999999	9.9933E-06	10.175415
0.6	-2.61E-11	10.200006	0.0999998	9.2725E-06	10.200006
0.5	-2.46E-11	10.227186	0.0999998	8.56751E-06	10.227186
0.4	-3.07E-11	10.251717	0.0999999	7.8659E-06	10.251717
0.3	-3.29E-11	10.276221	0.0999997	7.17487E-06	10.276221
0.1999999	-3.18E-11	10.302654	0.0999999	6.49723E-06	10.302654
0.0999997	-3.78E-11	10.327153	0.0999998	5.8314E-06	10.327153
-5E-07	-3.99E-11	10.35169	0.0999999	5.18256E-06	10.35169
#scan	iMeasureCycle=2	iMux=0	time=279.834	N=401	LocalTime=19/04/2023 18:24:18
#VGate(V)	IGate(A)	time(s)	VDrain(V)	IDrain(A)	time(s)
-1E-07	-1.83E-11	279.841658	0.1	5.33677E-06	279.841658
-0.1000003	-2.59E-11	279.866554	0.1	4.68615E-06	279.866554
-0.2000001	-2.8E-11	279.892181	0.1	4.06051E-06	279.892181
-0.3	-3.38E-11	279.916905	0.0999999	3.46095E-06	279.916905
-0.4	-3.65E-11	279.941408	0.0999998	2.89509E-06	279.941408
-0.5	-3.88E-11	279.965939	0.0999999	2.36693E-06	279.965939
-0.6	-4.14E-11	279.990442	0.0999998	1.88365E-06	279.990442
-0.7	-4.35E-11	280.014971	0.1	1.45053E-06	280.014971
-0.8	-4.48E-11	280.039509	0.0999998	1.07344E-06	280.039509
-0.9	-4.27E-11	280.066824	0.0999994	7.5826E-07	280.066824
-1	-4.78E-11	280.091332	0.0999997	5.03116E-07	280.091332
-1.1	-4.89E-11	280.115908	0.0999995	3.10341E-07	280.115908
-1.2	-4.99E-11	280.14041	0.0999997	1.74915E-07	280.14041
-1.3	-4.49E-11	280.178076	0.0999931	8.97483E-08	280.178076
-1.400001	-6.37E-11	280.201369	0.1000068	3.95417E-08	280.201369
-1.500001	-6.51E-11	280.224675	0.1000028	1.51881E-08	280.224675
-1.600001	-6.81E-11	280.247876	0.1000017	5.0657E-09	280.247876
-1.700001	-6.85E-11	280.271088	0.1000006	1.471E-09	280.271088
-1.800001	-6.81E-11	280.294378	0.1000003	3.68E-10	280.294378
-1.900001	-6.87E-11	280.317667	0.1000001	7.33E-11	280.317667
-2.000001	-7.04E-11	280.340972	0.1000001	4.5E-12	280.340972
-2.100001	-7.13E-11	280.364202	0.1000001	-8E-12	280.364202
-2.2	-5.04E-11	280.409797	0.0999998	-1.2E-11	280.409797
-2.3	-7.05E-11	280.433036	0.1000002	-1.04E-11	280.433036
-2.4	-7.14E-11	280.456299	0.1000003	-1.02E-11	280.456299
-2.5	-7.29E-11	280.479508	0.1000001	-1.06E-11	280.479508
-2.6	-7.17E-11	280.50285	0.1000002	-1.02E-11	280.50285
-2.7	-7.4E-11	280.52606	0.1000001	-1.02E-11	280.52606
-2.8	-7.44E-11	280.549273	0.1000001	-1.01E-11	280.549273
-2.9	-7.5E-11	280.572481	0.1000001	-1.01E-11	280.572481
-3	-7.34E-11	280.595771	0.1000002	-1.04E-11	280.595771
-3.1	-7.38E-11	280.619069	0.1	-1.05E-11	280.619069
-3.2	-7.6E-11	280.642275	0.1	-1.01E-11	280.642275
-3.3	-7.47E-11	280.665558	0.1	-1.01E-11	280.665558
-3.4	-7.51E-11	280.688827	0.1000002	-9.8E-12	280.688827
-3.5	-7.66E-11	280.712039	0.1000003	-9.6E-12	280.712039
-3.6	-7.72E-11	280.735258	0.1000001	-9.9E-12	280.735258
-3.7	-7.76E-11	280.758483	0.1000002	-9.8E-12	280.758483
-3.8	-7.64E-11	280.781821	0.1000002	-1E-11	280.781821
-3.9	-7.8E-11	280.805029	0.1000002	-9.8E-12	280.805029
-4	-7.83E-11	280.828257	0.1000004	-1.01E-11	280.828257
-4.1	-7.82E-11	280.851581	0.1000003	-9.9E-12	280.851581
-4.2	-5.72E-11	280.904772	0.1	-1.18E-11	280.904772
-4.3	-7.48E-11	280.928091	0.1000003	-1.05E-11	280.928091
-4.4	-7.8E-11	280.951304	0.1000003	-1E-11	280.951304
-4.5	-7.92E-11	280.974518	0.1000002	-1E-11	280.974518
-4.6	-7.9E-11	280.997788	0.1000001	-1E-11	280.997788
-4.7	-7.97E-11	281.021009	0.1000003	-1.01E-11	281.021009
-4.8	-7.78E-11	281.044311	0.1	-1.02E-11	281.044311
-4.9	-8.06E-11	281.067517	0.1000002	-1E-11	281.067517
-5	-8.07E-11	281.09073	0.1	-1E-11	281.09073
-5.1	-7.93E-11	281.114152	0.1	-1.02E-11	281.114152
-5.2	-8.13E-11	281.137363	0.1	-9.9E-12	281.137363
-5.3	-7.99E-11	281.160653	0.1000001	-9.9E-12	281.160653
-5.4	-8.02E-11	281.183939	0.1000002	-9.7E-12	281.183939
-5.5	-8E-11	281.20732	0.1000002	-9.9E-12	281.20732
-5.6	-8.24E-11	281.230542	0.0999999	-9.5E-12	281.230542
-5.7	-8.28E-11	281.253755	0.1000001	-9.7E-12	281.253755
-5.8	-8.15E-11	281.277037	0.1000001	-9.7E-12	281.277037
-5.9	-8.14E-11	281.300335	0.1000002	-1E-11	281.300335
-6	-8.22E-11	281.323575	0.1	-9.5E-12	281.323575
-6.1	-8.34E-11	281.346873	0.1000001	-9.5E-12	281.346873
-6.2	-6.18E-11	281.406234	0.0999999	-1.11E-11	281.406234
-6.3	-7.98E-11	281.429564	0.1000001	-9.6E-12	281.429564
-6.4	-8.21E-11	281.452831	0.1	-9.4E-12	281.452831
-6.5	-8.11E-11	281.476125	0.1000001	-9.5E-12	281.476125
-6.6	-8.15E-11	281.499466	0.1	-9.4E-12	281.499466
-6.7	-8.34E-11	281.522698	0.0999999	-9.4E-12	281.522698
-6.8	-8.4E-11	281.54592	0.1000001	-9.3E-12	281.54592
-6.9	-8.42E-11	281.569133	0.1000002	-9.3E-12	281.569133
-7	-8.3E-11	281.592435	0.1000002	-9.4E-12	281.592435
-7.1	-8.43E-11	281.615645	0.1000001	-9.4E-12	281.615645
-7.2	-8.51E-11	281.638865	0.1000001	-9.2E-12	281.638865
-7.3	-8.33E-11	281.66215	0.1000001	-9.5E-12	281.66215
-7.4	-8.35E-11	281.685436	0.1	-9.6E-12	281.685436
-7.5	-8.55E-11	281.708638	0.1000002	-9.5E-12	281.708638
-7.6	-8.57E-11	281.73185	0.1000001	-9.4E-12	281.73185
-7.7	-8.56E-11	281.755065	0.1000001	-9.3E-12	281.755065
-7.8	-8.44E-11	281.778408	0.1000002	-9.5E-12	281.778408
-7.9	-8.64E-11	281.801619	0.1000004	-9.3E-12	281.801619
-8	-8.67E-11	281.824851	0.1000002	-9.4E-12	281.824851
-8.1	-8.7E-11	281.848148	0.1	-9.1E-12	281.848148
-8.2	-6.55E-11	281.907675	0.0999998	-1.12E-11	281.907675
-8.3	-8.53E-11	281.930904	0.1000001	-9.3E-12	281.930904
-8.4	-8.59E-11	281.95412	0.1000001	-8.9E-12	281.95412
-8.5	-8.48E-11	281.977412	0.1	-9.5E-12	281.977412
-8.6	-8.54E-11	282.000755	0.1000001	-9.6E-12	282.000755
-8.7	-8.72E-11	282.024048	0.1000002	-9.3E-12	282.024048
-8.8	-8.75E-11	282.047264	0.1000001	-9.4E-12	282.047264
-8.9	-8.55E-11	282.070555	0.0999999	-9.7E-12	282.070555
-9	-8.56E-11	282.093842	0.1000003	-9.5E-12	282.093842
-9.1	-8.77E-11	282.117112	0.1	-9.2E-12	282.117112
-9.2	-8.84E-11	282.140336	0.1000001	-9.2E-12	282.140336
-9.3	-8.65E-11	282.163631	0.1000002	-9.4E-12	282.163631
-9.4	-8.64E-11	282.186923	0.1	-9.5E-12	282.186923
-9.5	-8.82E-11	282.210144	0.1000001	-9E-12	282.210144
-9.6	-8.9E-11	282.233367	0.1000003	-9.3E-12	282.233367
-9.7	-8.76E-11	282.25665	0.1	-9.6E-12	282.25665
-9.8	-8.69E-11	282.27994	0.1000002	-9.7E-12	282.27994
-9.9	-8.99E-11	282.303148	0.1000002	-9.2E-12	282.303148
-10	-8.99E-11	282.326449	0.1000002	-8.6E-12	282.326449
-9.90001	-4.87E-11	282.349831	0.0999998	-1.25E-11	282.349831
-9.80001	-6.12E-11	282.409004	0.1	-1.1E-11	282.409004
-9.70001	-4.06E-11	282.432252	0.0999997	-1.29E-11	282.432252
-9.60001	-3.86E-11	282.455512	0.0999997	-1.31E-11	282.455512
-9.50001	-3.6E-11	282.47871	0.0999997	-1.32E-11	282.47871
-9.40001	-3.69E-11	282.502123	0.0999997	-1.3E-11	282.502123
-9.30001	-3.54E-11	282.52543	0.0999997	-1.25E-11	282.52543
-9.20001	-3.26E-11	282.548647	0.0999997	-1.28E-11	282.548647
-9.10001	-3.37E-11	282.571935	0.0999998	-1.28E-11	282.571935
-9.00001	-3.29E-11	282.595224	0.0999999	-1.3E-11	282.595224
-8.90001	-3.05E-11	282.618448	0.0999996	-1.29E-11	282.618448
-8.80001	-2.9E-11	282.641668	0.0999998	-1.27E-11	282.641668
-8.70001	-3.06E-11	282.664951	0.0999998	-1.29E-11	282.664951
-8.60001	-3.05E-11	282.688239	0.0999998	-1.29E-11	282.688239
-8.50001	-2.81E-11	282.71144	0.0999997	-1.3E-11	282.71144
-8.40001	-2.76E-11	282.734661	0.0999997	-1.33E-11	282.734661
-8.30001	-2.91E-11	282.757951	0.0999997	-1.3E-11	282.757951
-8.20001	-2.68E-11	282.781227	0.0999997	-1.33E-11	282.781227
-8.10001	-2.63E-11	282.804452	0.0999996	-1.33E-11	282.804452
-8.00001	-2.57E-11	282.827682	0.0999997	-1.34E-11	282.827682
-7.90001	-2.67E-11	282.85106	0.0999997	-1.31E-11	282.85106
-7.80001	-4.56E-11	282.910713	0.1	-1.22E-11	282.910713
-7.70001	-2.75E-11	282.934027	0.0999997	-1.34E-11	282.934027
-7.6	-2.63E-11	282.957322	0.0999997	-1.36E-11	282.957322
-7.50001	-2.48E-11	282.980545	0.0999998	-1.37E-11	282.980545
-7.40001	-2.37E-11	283.003811	0.0999998	-1.37E-11	283.003811
-7.30001	-2.3E-11	283.02705	0.0999997	-1.38E-11	283.02705
-7.2	-2.47E-11	283.050356	0.0999998	-1.4E-11	283.050356
-7.10001	-2.17E-11	283.07357	0.0999997	-1.37E-11	283.07357
-7.00001	-2.16E-11	283.096791	0.0999996	-1.35E-11	283.096791
-6.90001	-2.34E-11	283.120142	0.0999998	-1.33E-11	283.120142
-6.80001	-2.26E-11	283.143422	0.0999999	-1.34E-11	283.143422
-6.70001	-2.05E-11	283.166632	0.0999998	-1.39E-11	283.166632
-6.60001	-4.21E-11	283.222989	0.1	-1.2E-11	283.222989
-6.50001	-2.1E-11	283.246235	0.0999997	-1.37E-11	283.246235
-6.40001	-2.21E-11	283.269528	0.0999999	-1.39E-11	283.269528
-6.30001	-2.33E-11	283.292861	0.0999998	-1.37E-11	283.292861
-6.20001	-3.61E-11	283.317915	0.0999999	-1.22E-11	283.317915
-6.10001	-1.86E-11	283.341146	0.0999998	-1.42E-11	283.341146
-6.00001	-2.03E-11	283.364513	0.0999997	-1.38E-11	283.364513
-5.90001	-3.8E-11	283.407768	0.1	-1.21E-11	283.407768
-5.80001	-2.02E-11	283.431088	0.0999999	-1.35E-11	283.431088
-5.70001	-1.76E-11	283.454362	0.0999996	-1.35E-11	283.454362
-5.60001	-1.88E-11	283.477652	0.0999997	-1.32E-11	283.477652
-5.50001	-1.79E-11	283.500987	0.0999998	-1.34E-11	283.500987
-5.40001	-1.63E-11	283.524207	0.0999997	-1.35E-11	283.524207
-5.30001	-1.57E-11	283.54743	0.0999998	-1.4E-11	283.54743
-5.20001	-1.69E-11	283.570723	0.0999998	-1.39E-11	283.570723
-5.1	-1.65E-11	283.594011	0.0999998	-1.35E-11	283.594011
-5.00001	-1.39E-11	283.617206	0.0999997	-1.37E-11	283.617206
-4.90001	-1.58E-11	283.640599	0.0999997	-1.42E-11	283.640599
-4.80001	-1.52E-11	283.66388	0.0999997	-1.36E-11	283.66388
-4.7	-1.28E-11	283.687084	0.0999997	-1.38E-11	283.687084
-4.60001	-1.21E-11	283.710303	0.0999997	-1.38E-11	283.710303
-4.50001	-1.15E-11	283.73353	0.0999998	-1.34E-11	283.73353
-4.40001	-1.33E-11	283.756823	0.0999996	-1.37E-11	283.756823
-4.3	-1.09E-11	283.780087	0.0999997	-1.41E-11	283.780087
-4.20001	-1.15E-11	283.803383	0.0999997	-1.4E-11	283.803383
-4.10001	-9.8E-12	283.826594	0.0999997	-1.45E-11	283.826594
-4.00001	-1.11E-11	283.849968	0.0999998	-1.42E-11	283.849968
-3.90001	-1.02E-11	283.873234	0.0999996	-1.42E-11	283.873234
-3.80001	-2.87E-11	283.909447	0.0999998	-1.28E-11	283.909447
-3.70001	-8.9E-12	283.932681	0.0999997	-1.46E-11	283.932681
-3.60001	-1.05E-11	283.955985	0.0999995	-1.46E-11	283.955985
-3.50001	-9.1E-12	283.979261	0.0999998	-1.51E-11	283.979261
-3.40001	-6.9E-12	284.002541	0.0999998	-1.54E-11	284.002541
-3.30001	-6.1E-12	284.025751	0.0999998	-1.49E-11	284.025751
-3.20001	-7.3E-12	284.049045	0.0999998	-1.49E-11	284.049045
-3.10001	-7.2E-12	284.072332	0.0999999	-1.5E-11	284.072332
-3.00001	-4.1E-12	284.095524	0.0999996	-1.5E-11	284.095524
-2.90001	-4.1E-12	284.118802	0.0999997	-1.55E-11	284.118802
-2.80001	-5E-12	284.142097	0.0999998	-1.52E-11	284.142097
-2.70001	-4.4E-12	284.165386	0.0999996	-1.52E-11	284.165386
-2.60001	-1.9E-12	284.188595	0.0999998	-1.54E-11	284.188595
-2.50001	-1.1E-12	284.211805	0.0999997	-1.56E-11	284.211805
-2.40001	-2.4E-12	284.235106	0.0999998	-1.53E-11	284.235106
-2.30001	-7E-13	284.258343	0.0999996	-1.51E-11	284.258343
-2.20001	8E-13	284.281562	0.0999997	-1.45E-11	284.281562
-2.099999	-1.49E-11	284.306696	0.0999999	-7.9E-12	284.306696
-2	2.3E-12	284.329906	0.0999999	2.14E-11	284.329906
-1.9	3.2E-12	284.353194	0.1	1.691E-10	284.353194
-1.800001	-1.78E-11	284.401051	0.1000001	6.869E-10	284.401051
-1.699999	1.3E-12	284.424389	0.1000001	2.6541E-09	284.424389
-1.6	4.8E-12	284.447622	0.1000017	8.4455E-09	284.447622
-1.5	6E-12	284.47084	0.1000039	2.32198E-08	284.47084
-1.4	6.9E-12	284.494048	0.1000041	5.54419E-08	284.494048
-1.300001	-1.28E-11	284.533524	0.1000001	1.13423E-07	284.533524
-1.200001	-6.6E-12	284.558048	0.1000004	2.15309E-07	284.558048
-1.100001	-5.7E-12	284.582541	0.1000009	3.66938E-07	284.582541
-1	-4.1E-12	284.607075	0.1000007	5.75372E-07	284.607075
-0.9	-2.7E-12	284.631567	0.1000011	8.44186E-07	284.631567
-0.800001	-6.6E-12	284.66611	0.1	1.16738E-06	284.66611
-0.700001	-1.2E-12	284.690638	0.1000002	1.55744E-06	284.690638
-0.6	7E-13	284.715142	0.1000002	1.99887E-06	284.715142
-0.500001	2.6E-12	284.739732	0.1000001	2.48792E-06	284.739732
-0.4	3.9E-12	284.764251	0.1	3.01853E-06	284.764251
-0.3	5.5E-12	284.788838	0.1000002	3.58489E-06	284.788838
-0.2	4E-12	284.815261	0.1	4.18155E-06	284.815261
-0.0999998	8.8E-12	284.839761	0.1	4.80506E-06	284.839761
1E-07	1.05E-11	284.864627	0.1000003	5.44969E-06	284.864627
0.1	5.1E-12	284.923552	0.1000001	6.10144E-06	284.923552
0.2000003	1.21E-11	284.948064	0.0999999	6.78309E-06	284.948064
0.299999	1.46E-11	284.972776	0.1000002	7.47501E-06	284.972776
0.399999	1.69E-11	284.99729	0.1000001	8.17746E-06	284.99729
0.5	1.9E-11	285.021848	0.1	8.88994E-06	285.021848
0.599999	2.14E-11	285.046373	0.1000001	9.61129E-06	285.046373
0.699999	2.31E-11	285.070927	0.0999999	1.034193E-05	285.070927
0.799999	1.98E-11	285.105527	0.0999997	1.1071E-05	285.105527
0.9	2.62E-11	285.130093	0.1	1.18183E-05	285.130093
0.999999	2.76E-11	285.154675	0.1000001	1.25714E-05	285.154675
1.1	2.98E-11	285.179183	0.1	1.333E-05	285.179183
1.2	3.08E-11	285.203855	0.1	1.40931E-05	285.203855
1.3	3.37E-11	285.228389	0.1000001	1.48603E-05	285.228389
1.399999	3.49E-11	285.252907	0.0999999	1.56314E-05	285.252907
1.5	3.57E-11	285.277424	0.0999999	1.64057E-05	285.277424
1.599999	3.72E-11	285.301957	0.1000003	1.71824E-05	285.301957
1.699999	3.81E-11	285.326478	0.1000002	1.79609E-05	285.326478
1.8	3.92E-11	285.351008	0.1000001	1.87415E-05	285.351008
1.899999	4.01E-11	285.375586	0.0999999	1.95244E-05	285.375586
1.999999	3.4E-11	285.422074	0.1000001	2.03021E-05	285.422074
2.099999	3.95E-11	285.446609	0.0999999	2.10898E-05	285.446609
2.19999	4.06E-11	285.471361	0.1000001	2.18704E-05	285.471361
2.29999	4.17E-11	285.495904	0.1	2.26589E-05	285.495904
2.39999	4.22E-11	285.520458	0.1000003	2.34481E-05	285.520458
2.49999	4.3E-11	285.545028	0.1000001	2.42377E-05	285.545028
2.59999	4.4E-11	285.569525	0.1000001	2.50297E-05	285.569525
2.69999	4.46E-11	285.594021	0.1	2.58211E-05	285.594021
2.79999	4.49E-11	285.618511	0.1	2.66128E-05	285.618511
2.89999	4.5E-11	285.643021	0.1000001	2.74057E-05	285.643021
2.99999	4.55E-11	285.667544	0.1000001	2.81996E-05	285.667544
3.09999	4.59E-11	285.692057	0.1000001	2.8994E-05	285.692057
3.19999	4.64E-11	285.716598	0.1	2.97889E-05	285.716598
3.29999	4.68E-11	285.74111	0.1000001	3.05836E-05	285.74111
3.39999	4.7E-11	285.765622	0.1000001	3.13801E-05	285.765622
3.49999	4.73E-11	285.790224	0.1000002	3.21761E-05	285.790224
3.59999	4.81E-11	285.814744	0.1000001	3.29732E-05	285.814744
3.69999	4.79E-11	285.839279	0.0999998	3.37705E-05	285.839279
3.79999	4.7E-11	285.864143	0.1000001	3.45686E-05	285.864143
3.89999	4.11E-11	285.920938	0.1	3.5358E-05	285.920938
3.99999	4.66E-11	285.94548	0.1	3.61612E-05	285.94548
4.09999	4.7E-11	285.970052	0.0999999	3.69629E-05	285.970052
4.19999	4.79E-11	285.994552	0.1000003	3.77656E-05	285.994552
4.29999	4.85E-11	286.019131	0.1000001	3.85682E-05	286.019131
4.39999	4.84E-11	286.043658	0.1000001	3.93717E-05	286.043658
4.49999	4.86E-11	286.068322	0.1	4.01769E-05	286.068322
4.59999	4.94E-11	286.09283	0.1000002	4.09816E-05	286.09283
4.69999	4.94E-11	286.117371	0.1000001	4.17871E-05	286.117371
4.79999	4.97E-11	286.141959	0.0999999	4.25946E-05	286.141959
4.89999	5.02E-11	286.166438	0.0999999	4.3401E-05	286.166438
4.99999	5E-11	286.190979	0.1	4.42096E-05	286.190979
5.09999	5.1E-11	286.215475	0.0999999	4.5019E-05	286.215475
5.19999	5.08E-11	286.239975	0.1000002	4.58291E-05	286.239975
5.29999	5.09E-11	286.264508	0.0999999	4.664E-05	286.264508
5.39999	5.11E-11	286.28901	0.1000002	4.74527E-05	286.28901
5.49999	5.08E-11	286.31355	0.1	4.8266E-05	286.31355
5.59999	5.14E-11	286.33805	0.1	4.90807E-05	286.33805
5.69999	5.18E-11	286.36266	0.1	4.98942E-05	286.36266
5.79999	4.45E-11	286.422655	0.1	5.07001E-05	286.422655
5.89999	4.97E-11	286.447197	0.1000001	5.15207E-05	286.447197
5.99999	5.04E-11	286.471859	0.1000001	5.23416E-05	286.471859
6.09999	5.09E-11	286.496372	0.1000001	5.31619E-05	286.496372
6.19999	5.15E-11	286.520927	0.1	5.39833E-05	286.520927
6.29999	5.19E-11	286.545449	0.1000001	5.48046E-05	286.545449
6.39999	5.18E-11	286.569958	0.1000001	5.56277E-05	286.569958
6.49999	5.19E-11	286.594477	0.1	5.64522E-05	286.594477
6.59999	5.28E-11	286.61898	0.0999999	5.72763E-05	286.61898
6.69999	5.31E-11	286.643502	0.0999999	5.81024E-05	286.643502
6.79999	5.33E-11	286.66802	0.1	5.89296E-05	286.66802
6.89999	5.38E-11	286.692556	0.1	5.97574E-05	286.692556
6.99999	5.38E-11	286.717065	0.1000002	6.05873E-05	286.717065
7.09999	5.35E-11	286.741575	0.0999998	6.14178E-05	286.741575
7.19999	5.35E-11	286.766082	0.1000001	6.2249E-05	286.766082
7.29999	5.36E-11	286.790668	0.1000004	6.30824E-05	286.790668
7.39999	5.34E-11	286.815175	0.0999999	6.39159E-05	286.815175
7.49999	5.34E-11	286.839697	0.1	6.47506E-05	286.839697
7.59999	5.43E-11	286.864276	0.1	6.55861E-05	286.864276
7.69999	4.81E-11	286.919594	0.1000002	6.64148E-05	286.919594
7.79999	5.26E-11	286.944128	0.0999998	6.72549E-05	286.944128
7.89999	5.3E-11	286.968669	0.1000002	6.80961E-05	286.968669
7.99999	5.33E-11	286.993175	0.0999999	6.89368E-05	286.993175
8.09999	5.45E-11	287.017743	0.1000003	6.97793E-05	287.017743
8.19999	5.46E-11	287.042253	0.0999999	7.06221E-05	287.042253
8.29999	5.47E-11	287.066812	0.1	7.14665E-05	287.066812
8.39999	5.46E-11	287.091318	0.0999999	7.23116E-05	287.091318
8.49999	5.47E-11	287.115845	0.0999998	7.3157E-05	287.115845
8.59999	5.54E-11	287.140408	0.1000002	7.40046E-05	287.140408
8.69999	5.49E-11	287.164939	0.1	7.48532E-05	287.164939
8.79999	5.54E-11	287.189443	0.1000002	7.57014E-05	287.189443
8.89999	5.59E-11	287.214052	0.1	7.65522E-05	287.214052
8.99999	5.52E-11	287.238564	0.1000002	7.74046E-05	287.238564
9.09999	5.52E-11	287.263189	0.1	7.82569E-05	287.263189
9.19999	5.52E-11	287.28769	0.1000002	7.91113E-05	287.28769
9.29999	5.56E-11	287.312191	0.1000001	7.9964E-05	287.312191
9.39999	5.62E-11	287.336697	0.0999999	8.08226E-05	287.336697
9.49999	5.63E-11	287.361296	0.0999998	8.16817E-05	287.361296
9.59999	4.85E-11	287.423205	0.0999998	8.25317E-05	287.423205
9.69999	5.45E-11	287.44776	0.0999999	8.33969E-05	287.44776
9.79999	5.52E-11	287.472368	0.1000001	8.42608E-05	287.472368
9.89999	5.52E-11	287.496883	0.0999999	8.5123E-05	287.496883
9.99999	5.61E-11	287.521486	0.1	8.59877E-05	287.521486
9.9	4.27E-11	287.545992	0.0999998	8.51097E-05	287.545992
9.8	3.95E-11	287.570596	0.0999999	8.42364E-05	287.570596
9.7	3.7E-11	287.595143	0.0999998	8.33659E-05	287.595143
9.6	3.52E-11	287.619644	0.1000002	8.24975E-05	287.619644
9.5	3.35E-11	287.644134	0.0999998	8.16315E-05	287.644134
9.4	3.26E-11	287.66862	0.0999997	8.0766E-05	287.66862
9.3	3.15E-11	287.693135	0.1	7.99026E-05	287.693135
9.2	3.07E-11	287.717685	0.0999999	7.90405E-05	287.717685
9.1	2.97E-11	287.742192	0.1	7.81792E-05	287.742192
9	2.93E-11	287.766725	0.0999998	7.73201E-05	287.766725
8.9	2.82E-11	287.791264	0.1	7.64654E-05	287.791264
8.8	2.77E-11	287.815773	0.0999999	7.56062E-05	287.815773
8.7	2.77E-11	287.840298	0.1	7.47498E-05	287.840298
8.6	2.61E-11	287.864919	0.1	7.38922E-05	287.864919
8.5	3.27E-11	287.927243	0.0999998	7.30419E-05	287.927243
8.4	2.73E-11	287.951783	0.1	7.21861E-05	287.951783
8.3	2.59E-11	287.976307	0.0999999	7.1333E-05	287.976307
8.2	2.6E-11	288.000883	0.1	7.0481E-05	288.000883
8.1	2.46E-11	288.025454	0.1	6.96303E-05	288.025454
8	2.41E-11	288.050008	0.1000002	6.8782E-05	288.050008
7.9	2.36E-11	288.074508	0.0999998	6.79339E-05	288.074508
7.8	2.33E-11	288.09903	0.0999998	6.70869E-05	288.09903
7.7	2.33E-11	288.123621	0.0999998	6.62418E-05	288.123621
7.6	2.2E-11	288.148134	0.0999998	6.53969E-05	288.148134
7.5	2.19E-11	288.172769	0.1	6.45546E-05	288.172769
7.4	2.1E-11	288.197281	0.0999999	6.37118E-05	288.197281
7.3	2.1E-11	288.221819	0.0999998	6.28712E-05	288.221819
7.2	2.05E-11	288.246329	0.0999998	6.2031E-05	288.246329
7.1	2.07E-11	288.27152	0.0999998	6.11913E-05	288.27152
7	1.96E-11	288.296067	0.1000003	6.03538E-05	288.296067
6.9	1.94E-11	288.320568	0.1	5.95171E-05	288.320568
6.8	1.95E-11	288.345115	0.1	5.86812E-05	288.345115
6.7	1.88E-11	288.36975	0.1	5.78464E-05	288.36975
6.6	2.38E-11	288.424085	0.0999997	5.70175E-05	288.424085
6.5	1.88E-11	288.448608	0.0999999	5.61837E-05	288.448608
6.4	1.88E-11	288.473232	0.1000001	5.53519E-05	288.473232
6.3	1.79E-11	288.497777	0.0999998	5.45209E-05	288.497777
6.2	1.73E-11	288.52238	0.1	5.36914E-05	288.52238
6.1	1.62E-11	288.546886	0.1	5.28627E-05	288.546886
6	1.65E-11	288.571426	0.0999999	5.20344E-05	288.571426
5.9	1.57E-11	288.595933	0.1	5.12078E-05	288.595933
5.8	1.55E-11	288.620467	0.0999999	5.03829E-05	288.620467
5.7	1.54E-11	288.645014	0.1000002	4.9558E-05	288.645014
5.6	1.45E-11	288.669536	0.1	4.87346E-05	288.669536
5.5	1.43E-11	288.694097	0.0999998	4.79122E-05	288.694097
5.4	1.39E-11	288.718635	0.1000002	4.70912E-05	288.718635
5.3	1.36E-11	288.743182	0.0999997	4.62702E-05	288.743182
5.2	1.24E-11	288.767705	0.0999996	4.54505E-05	288.767705
5.1	1.27E-11	288.792335	0.0999997	4.46329E-05	288.792335
5	1.16E-11	288.81685	0.1	4.38152E-05	288.81685
4.9	1.16E-11	288.841361	0.0999999	4.29986E-05	288.841361
4.8	1.11E-11	288.865929	0.0999998	4.21835E-05	288.865929
4.7	1.85E-11	288.928154	0.1	4.13755E-05	288.928154
4.6	1.26E-11	288.952715	0.0999998	4.05607E-05	288.952715
4.5	1.13E-11	288.977224	0.1000002	3.9748E-05	288.977224
4.4	1.04E-11	289.00178	0.1	3.89363E-05	289.00178
4.3	9.6E-12	289.026398	0.0999999	3.81257E-05	289.026398
4.2	8.4E-12	289.050896	0.1000001	3.73162E-05	289.050896
4.1	8.4E-12	289.075416	0.1000002	3.6507E-05	289.075416
4	7.7E-12	289.100026	0.0999997	3.56999E-05	289.100026
3.9	7.2E-12	289.12454	0.0999999	3.48936E-05	289.12454
3.8	6.5E-12	289.149099	0.1	3.40882E-05	289.149099
3.7	5.9E-12	289.173629	0.1	3.32833E-05	289.173629
3.6	5.5E-12	289.198167	0.1000001	3.24804E-05	289.198167
3.5	4.7E-12	289.222779	0.0999997	3.16786E-05	289.222779
3.4	4E-12	289.247287	0.1	3.08766E-05	289.247287
3.3	3.1E-12	289.271807	0.0999999	3.00764E-05	289.271807
3.2	3E-12	289.296338	0.1	2.92774E-05	289.296338
3.1	2E-12	289.320857	0.0999998	2.84789E-05	289.320857
3	1.7E-12	289.345417	0.1	2.76825E-05	289.345417
2.9	5E-13	289.370016	0.1000001	2.6887E-05	289.370016
2.8	6.8E-12	289.431464	0.1000001	2.60974E-05	289.431464
2.7	1.1E-12	289.456032	0.0999997	2.5303E-05	289.456032
2.6	0	289.480618	0.0999999	2.45106E-05	289.480618
2.5	-1.5E-12	289.505222	0.0999999	2.37192E-05	289.505222
2.4	-2.1E-12	289.529808	0.1	2.29297E-05	289.529808
2.3	-3.6E-12	289.554319	0.0999999	2.21413E-05	289.554319
2.2	-4.8E-12	289.578876	0.1000003	2.13543E-05	289.578876
2.1	-2E-12	289.60541	0.1000001	2.0577E-05	289.60541
2	-6.5E-12	289.629919	0.0999998	1.97942E-05	289.629919
1.9	-7.4E-12	289.654418	0.0999997	1.90124E-05	289.654418
1.8	-8.6E-12	289.678934	0.0999999	1.82337E-05	289.678934
1.7	-9.8E-12	289.703474	0.1000001	1.74566E-05	289.703474
1.6	-1.11E-11	289.728039	0.1	1.66812E-05	289.728039
1.5	-1.22E-11	289.752553	0.1	1.59098E-05	289.752553
1.4	-1.3E-11	289.777123	0.0999999	1.51414E-05	289.777123
1.3	-1.5E-11	289.801689	0.0999999	1.43764E-05	289.801689
1.2	-1.66E-11	289.82614	0.1	1.36164E-05	289.82614
1.1	-1.81E-11	289.850647	0.0999999	1.28597E-05	289.850647
1	-1.88E-11	289.875435	0.0999999	1.21096E-05	289.875435
0.9	-1.43E-11	289.932949	0.0999999	1.13711E-05	289.932949
0.8	-2.12E-11	289.957472	0.0999999	1.06328E-05	289.957472
0.7	-2.32E-11	289.981986	0.1	9.9044E-06	289.981986
0.6	-2.55E-11	290.006565	0.0999999	9.1849E-06	290.006565
0.5	-2.43E-11	290.033793	0.0999997	8.48142E-06	290.033793
0.4	-3.01E-11	290.058295	0.0999999	7.78095E-06	290.058295
0.3	-3.28E-11	290.082835	0.0999999	7.09194E-06	290.082835
0.2	-3.22E-11	290.109242	0.0999999	6.41583E-06	290.109242
0.0999994	-3.75E-11	290.133793	0.0999999	5.75228E-06	290.133793
-6E-07	-3.97E-11	290.15829	0.0999999	5.10543E-06	290.15829
#scan	iMeasureCycle=3	iMux=0	time=319.871	N=401	LocalTime=19/04/2023 18:24:58
#VGate(V)	IGate(A)	time(s)	VDrain(V)	IDrain(A)	time(s)
-3E-07	-1.83E-11	319.87868	0.0999998	5.25954E-06	319.87868
-0.1000002	-2.62E-11	319.903626	0.1000001	4.61309E-06	319.903626
-0.2000001	-2.81E-11	319.929286	0.1	3.99123E-06	319.929286
-0.3	-3.36E-11	319.953999	0.0999995	3.39699E-06	319.953999
-0.4	-3.67E-11	319.978506	0.0999998	2.83594E-06	319.978506
-0.5	-3.91E-11	320.003014	0.0999999	2.31389E-06	320.003014
-0.6	-4.11E-11	320.027516	0.0999999	1.83655E-06	320.027516
-0.7	-4.35E-11	320.052018	0.1000001	1.40976E-06	320.052018
-0.8	-4.52E-11	320.076524	0.1	1.03873E-06	320.076524
-0.899999	-4.28E-11	320.10385	0.0999996	7.30233E-07	320.10385
-1	-4.77E-11	320.128386	0.0999995	4.81515E-07	320.128386
-1.1	-4.93E-11	320.15291	0.0999996	2.94888E-07	320.15291
-1.2	-5.05E-11	320.177421	0.0999997	1.64641E-07	320.177421
-1.3	-4.55E-11	320.215139	0.0999936	8.34999E-08	320.215139
-1.400001	-6.47E-11	320.238424	0.100008	3.63194E-08	320.238424
-1.5	-6.59E-11	320.261709	0.100003	1.37498E-08	320.261709
-1.600001	-6.9E-11	320.284912	0.1000018	4.5165E-09	320.284912
-1.700001	-6.98E-11	320.308124	0.1000009	1.2936E-09	320.308124
-1.800001	-6.9E-11	320.331402	0.1000003	3.176E-10	320.331402
-1.900001	-6.91E-11	320.354685	0.1000004	5.92E-11	320.354685
-2.000001	-7.02E-11	320.37798	0.1000002	1.7E-12	320.37798
-2.100001	-7.19E-11	320.401199	0.1000004	-8.7E-12	320.401199
-2.2	-5.1E-11	320.447076	0.1000001	-1.22E-11	320.447076
-2.3	-7.06E-11	320.470339	0.1000002	-1.04E-11	320.470339
-2.4	-7.21E-11	320.493577	0.1000002	-1.01E-11	320.493577
-2.5	-7.16E-11	320.51687	0.1000003	-1.02E-11	320.51687
-2.6	-7.4E-11	320.54014	0.1000001	-9.9E-12	320.54014
-2.7	-7.45E-11	320.563354	0.1000003	-9.8E-12	320.563354
-2.8	-7.34E-11	320.586643	0.1000003	-1.01E-11	320.586643
-2.9	-7.39E-11	320.609924	0.1000003	-9.8E-12	320.609924
-3	-7.55E-11	320.63314	0.1000005	-9.3E-12	320.63314
-3.1	-7.62E-11	320.656351	0.1000004	-9.6E-12	320.656351
-3.2	-7.47E-11	320.679638	0.1000001	-9.9E-12	320.679638
-3.3	-7.49E-11	320.702928	0.1000004	-1E-11	320.702928
-3.4	-7.72E-11	320.726129	0.1000003	-1.03E-11	320.726129
-3.5	-7.72E-11	320.74934	0.1000002	-1.02E-11	320.74934
-3.6	-7.6E-11	320.772626	0.1000002	-9.4E-12	320.772626
-3.7	-7.65E-11	320.795913	0.1000003	-9.8E-12	320.795913
-3.8	-7.61E-11	320.819198	0.1000002	-1.02E-11	320.819198
-3.9	-7.88E-11	320.842411	0.1000003	-9.8E-12	320.842411
-4	-7.75E-11	320.865698	0.1000003	-9.6E-12	320.865698
-4.1	-7.77E-11	320.889034	0.1000002	-9.4E-12	320.889034
-4.2	-5.81E-11	320.94218	0.1000002	-1.13E-11	320.94218
-4.3	-7.81E-11	320.965412	0.1000003	-9.6E-12	320.965412
-4.4	-7.92E-11	320.988634	0.1000002	-9.9E-12	320.988634
-4.5	-7.77E-11	321.011926	0.1000002	-1.04E-11	321.011926
-4.6	-7.8E-11	321.035267	0.1	-9.7E-12	321.035267
-4.7	-7.85E-11	321.058548	0.1000003	-9.7E-12	321.058548
-4.8	-8.01E-11	321.081752	0.1000002	-1.03E-11	321.081752
-4.9	-8.05E-11	321.104975	0.1000003	-1.01E-11	321.104975
-5	-7.9E-11	321.128274	0.1000002	-1E-11	321.128274
-5.1	-8.12E-11	321.151483	0.1000003	-1E-11	321.151483
-5.2	-8.23E-11	321.17468	0.1000003	-9.4E-12	321.17468
-5.3	-8.08E-11	321.198055	0.1000003	-9.8E-12	321.198055
-5.4	-8.28E-11	321.221325	0.1000003	-9.5E-12	321.221325
-5.5	-8.27E-11	321.244535	0.1000003	-9.5E-12	321.244535
-5.6	-8.32E-11	321.267752	0.1000003	-9.3E-12	321.267752
-5.7	-8.17E-11	321.291042	0.1000003	-9.6E-12	321.291042
-5.8	-8.15E-11	321.314324	0.1000002	-9.2E-12	321.314324
-5.9	-8.37E-11	321.33754	0.1000002	-9.5E-12	321.33754
-6	-8.21E-11	321.360836	0.1000002	-1E-11	321.360836
-6.1	-8.23E-11	321.384124	0.1000002	-1E-11	321.384124
-6.2	-6.34E-11	321.439354	0.1000002	-1.07E-11	321.439354
-6.3	-8.21E-11	321.462593	0.1000002	-9.3E-12	321.462593
-6.4	-8.33E-11	321.485805	0.1000002	-9.4E-12	321.485805
-6.5	-8.19E-11	321.509105	0.1000003	-9.4E-12	321.509105
-6.6	-8.46E-11	321.532367	0.1000003	-8.9E-12	321.532367
-6.7	-8.43E-11	321.555638	0.1000003	-9.5E-12	321.555638
-6.8	-8.51E-11	321.578839	0.1000003	-9.2E-12	321.578839
-6.9	-8.39E-11	321.602215	0.1000002	-9.4E-12	321.602215
-7	-8.37E-11	321.625502	0.1000001	-9.5E-12	321.625502
-7.1	-8.55E-11	321.648711	0.1000004	-9.3E-12	321.648711
-7.2	-8.58E-11	321.671917	0.1000003	-9.2E-12	321.671917
-7.3	-8.41E-11	321.695212	0.1000003	-9.7E-12	321.695212
-7.4	-8.44E-11	321.718503	0.1000004	-9.8E-12	321.718503
-7.5	-8.59E-11	321.741711	0.1000004	-9.6E-12	321.741711
-7.6	-8.66E-11	321.764918	0.1000004	-9.1E-12	321.764918
-7.7	-8.65E-11	321.788137	0.1000003	-9.2E-12	321.788137
-7.8	-8.51E-11	321.811447	0.1000002	-9.5E-12	321.811447
-7.9	-8.71E-11	321.834647	0.1000003	-9E-12	321.834647
-8	-8.72E-11	321.857874	0.1000004	-8.8E-12	321.857874
-8.1	-8.59E-11	321.881214	0.1000003	-8.9E-12	321.881214
-8.2	-8.53E-11	321.904537	0.1000002	-9.2E-12	321.904537
-8.3	-6.75E-11	321.940887	0.1000001	-1.06E-11	321.940887
-8.4	-8.7E-11	321.964128	0.1000002	-8.8E-12	321.964128
-8.5	-8.49E-11	321.987466	0.1000002	-9.3E-12	321.987466
-8.6	-8.57E-11	322.010805	0.0999999	-9.2E-12	322.010805
-8.7	-8.82E-11	322.034078	0.1000002	-8.8E-12	322.034078
-8.8	-8.67E-11	322.057374	0.1000003	-8.7E-12	322.057374
-8.9	-8.71E-11	322.080651	0.1000003	-8.9E-12	322.080651
-9	-8.82E-11	322.103876	0.1000003	-8.4E-12	322.103876
-9.1	-8.84E-11	322.127114	0.1000002	-8.8E-12	322.127114
-9.2	-8.73E-11	322.150409	0.1000002	-9E-12	322.150409
-9.3	-8.75E-11	322.173681	0.1000002	-8.9E-12	322.173681
-9.4	-8.95E-11	322.196898	0.1000001	-8.7E-12	322.196898
-9.5	-8.91E-11	322.220173	0.1000002	-8.7E-12	322.220173
-9.6	-8.93E-11	322.243404	0.1000004	-8.6E-12	322.243404
-9.7	-8.8E-11	322.266694	0.1000001	-8.6E-12	322.266694
-9.8	-8.95E-11	322.289906	0.1000004	-8.4E-12	322.289906
-9.9	-8.99E-11	322.313136	0.1000004	-8.6E-12	322.313136
-10	-8.84E-11	322.336429	0.1000002	-8.7E-12	322.336429
-9.90001	-4.92E-11	322.359701	0.0999999	-1.24E-11	322.359701
-9.80001	-4.41E-11	322.382921	0.0999999	-1.23E-11	322.382921
-9.70001	-4.14E-11	322.406147	0.0999998	-1.19E-11	322.406147
-9.60001	-5.85E-11	322.446909	0.1	-1.1E-11	322.446909
-9.50001	-3.79E-11	322.470177	0.0999998	-1.27E-11	322.470177
-9.40001	-3.66E-11	322.493401	0.1	-1.26E-11	322.493401
-9.30001	-3.68E-11	322.516698	0.0999998	-1.27E-11	322.516698
-9.20001	-3.65E-11	322.540046	0.0999999	-1.24E-11	322.540046
-9.10001	-3.34E-11	322.563318	0.0999998	-1.24E-11	322.563318
-9.00001	-3.37E-11	322.586608	0.0999999	-1.29E-11	322.586608
-8.90001	-3.32E-11	322.609908	0.0999998	-1.33E-11	322.609908
-8.80001	-3.13E-11	322.633123	0.0999999	-1.3E-11	322.633123
-8.70001	-3.24E-11	322.65642	0.0999999	-1.24E-11	322.65642
-8.60001	-3.14E-11	322.679694	0.0999999	-1.27E-11	322.679694
-8.50001	-3.06E-11	322.702971	0.0999998	-1.19E-11	322.702971
-8.40001	-2.86E-11	322.726194	0.0999999	-1.25E-11	322.726194
-8.30001	-2.79E-11	322.749401	0.0999999	-1.3E-11	322.749401
-8.20001	-2.89E-11	322.772703	0.0999998	-1.27E-11	322.772703
-8.10001	-2.81E-11	322.795974	0.1	-1.3E-11	322.795974
-8.00001	-2.62E-11	322.8192	0.0999999	-1.28E-11	322.8192
-7.90001	-2.57E-11	322.842421	0.0999997	-1.28E-11	322.842421
-7.80001	-2.53E-11	322.865648	0.0999998	-1.25E-11	322.865648
-7.70001	-2.48E-11	322.888911	0.0999999	-1.26E-11	322.888911
-7.60001	-3.44E-11	322.92871	0.0999999	-1.2E-11	322.92871
-7.50001	-4.52E-11	322.967971	0.1	-1.11E-11	322.967971
-7.40001	-2.75E-11	322.991283	0.0999999	-1.29E-11	322.991283
-7.30001	-2.52E-11	323.014547	0.0999999	-1.3E-11	323.014547
-7.2	-2.36E-11	323.03776	0.0999997	-1.31E-11	323.03776
-7.10001	-2.44E-11	323.061094	0.1	-1.32E-11	323.061094
-7.00001	-2.42E-11	323.084389	0.1	-1.29E-11	323.084389
-6.90001	-2.19E-11	323.107601	0.0999999	-1.3E-11	323.107601
-6.80001	-2.18E-11	323.13082	0.0999998	-1.31E-11	323.13082
-6.70001	-2.35E-11	323.15411	0.0999999	-1.26E-11	323.15411
-6.60001	-2.32E-11	323.177406	0.0999999	-1.26E-11	323.177406
-6.50001	-2.08E-11	323.200629	0.0999999	-1.28E-11	323.200629
-6.40001	-2E-11	323.223892	0.0999999	-1.31E-11	323.223892
-6.30001	-2.19E-11	323.247227	0.0999999	-1.35E-11	323.247227
-6.20001	-1.9E-11	323.270435	0.0999998	-1.33E-11	323.270435
-6.10001	-1.86E-11	323.293663	0.0999999	-1.35E-11	323.293663
-6.00001	-1.83E-11	323.316875	0.1	-1.35E-11	323.316875
-5.90001	-1.95E-11	323.340172	0.0999998	-1.32E-11	323.340172
-5.80001	-2.02E-11	323.363495	0.1000001	-1.26E-11	323.363495
-5.70001	-1.71E-11	323.386701	0.0999999	-1.38E-11	323.386701
-5.60001	-3.82E-11	323.435088	0.0999999	-1.15E-11	323.435088
-5.50001	-1.99E-11	323.458494	0.0999997	-1.31E-11	323.458494
-5.40001	-1.95E-11	323.481825	0.1	-1.29E-11	323.481825
-5.30001	-1.62E-11	323.505046	0.0999999	-1.39E-11	323.505046
-5.20001	-1.76E-11	323.528353	0.0999999	-1.29E-11	323.528353
-5.1	-1.73E-11	323.551701	0.0999999	-1.37E-11	323.551701
-5.00001	-1.45E-11	323.574909	0.0999996	-1.37E-11	323.574909
-4.90001	-1.47E-11	323.598112	0.0999997	-1.38E-11	323.598112
-4.80001	-1.56E-11	323.621406	0.0999997	-1.38E-11	323.621406
-4.7	-1.51E-11	323.644699	0.0999997	-1.4E-11	323.644699
-4.60001	-1.29E-11	323.667908	0.0999999	-1.4E-11	323.667908
-4.50001	-1.4E-11	323.691207	0.0999998	-1.39E-11	323.691207
-4.40001	-1.38E-11	323.714497	0.0999998	-1.37E-11	323.714497
-4.3	-1.12E-11	323.737702	0.0999998	-1.43E-11	323.737702
-4.20001	-1.14E-11	323.760918	0.0999998	-1.4E-11	323.760918
-4.10001	-1.15E-11	323.784153	0.0999997	-1.37E-11	323.784153
-4.00001	-1.17E-11	323.807432	0.0999999	-1.4E-11	323.807432
-3.90001	-1.11E-11	323.830722	0.0999999	-1.35E-11	323.830722
-3.80001	-9.5E-12	323.85393	0.0999998	-1.35E-11	323.85393
-3.70001	-1.07E-11	323.877227	0.0999999	-1.42E-11	323.877227
-3.60001	-9.8E-12	323.900569	0.1	-1.38E-11	323.900569
-3.50001	-2.89E-11	323.950997	0.0999999	-1.24E-11	323.950997
-3.40001	-8.9E-12	323.97429	0.0999998	-1.43E-11	323.97429
-3.30001	-7.9E-12	323.997503	0.1	-1.42E-11	323.997503
-3.20001	-8.8E-12	324.020801	0.0999998	-1.37E-11	324.020801
-3.10001	-6.8E-12	324.044077	0.0999998	-1.42E-11	324.044077
-3.00001	-5.2E-12	324.067295	0.0999999	-1.46E-11	324.067295
-2.90001	-6.6E-12	324.090583	0.0999999	-1.42E-11	324.090583
-2.80001	-5.3E-12	324.11386	0.0999999	-1.45E-11	324.11386
-2.70001	-3.3E-12	324.137068	0.0999998	-1.47E-11	324.137068
-2.60001	-2.6E-12	324.160279	0.0999999	-1.45E-11	324.160279
-2.50001	-1.8E-12	324.183489	0.0999998	-1.48E-11	324.183489
-2.40001	-2.7E-12	324.206785	0.1	-1.47E-11	324.206785
-2.30001	-6E-13	324.230129	0.0999999	-1.52E-11	324.230129
-2.20001	5E-13	324.253354	0.0999997	-1.44E-11	324.253354
-2.099999	-1.58E-11	324.278597	0.1	-8.6E-12	324.278597
-2	0	324.301873	0.1	1.67E-11	324.301873
-1.9	2.1E-12	324.325089	0.0999999	1.449E-10	324.325089
-1.8	2.7E-12	324.348318	0.1000001	6.459E-10	324.348318
-1.699999	2.6E-12	324.371604	0.1000007	2.3901E-09	324.371604
-1.599999	3.7E-12	324.394885	0.1000019	7.6376E-09	324.394885
-1.500001	-1.56E-11	324.45224	0.1000026	2.03909E-08	324.45224
-1.4	5.4E-12	324.475512	0.1000024	5.0909E-08	324.475512
-1.300001	-1.44E-11	324.523567	0.1	1.0513E-07	324.523567
-1.2	-8.2E-12	324.548135	0.1000005	2.0303E-07	324.548135
-1.100001	-6.7E-12	324.572729	0.1000007	3.49274E-07	324.572729
-1	-5.2E-12	324.597225	0.1000006	5.51727E-07	324.597225
-0.9	-4E-12	324.621775	0.100001	8.14189E-07	324.621775
-0.800001	-7.6E-12	324.656285	0.1	1.13151E-06	324.656285
-0.700001	-2.2E-12	324.680825	0.1000001	1.515E-06	324.680825
-0.6	0	324.705344	0.1000001	1.95022E-06	324.705344
-0.500001	1.2E-12	324.729859	0.1000002	2.43338E-06	324.729859
-0.400001	3E-12	324.754372	0.1000003	2.95866E-06	324.754372
-0.3	5.1E-12	324.778881	0.1000001	3.52033E-06	324.778881
-0.2	2.8E-12	324.80528	0.1	4.11222E-06	324.80528
-0.0999997	7.8E-12	324.829781	0.1000002	4.73148E-06	324.829781
2E-07	1E-11	324.854261	0.1000002	5.37173E-06	324.854261
0.1000004	1.13E-11	324.878771	0.1000001	6.0311E-06	324.878771
0.2000004	1.36E-11	324.903312	0.0999998	6.70581E-06	324.903312
0.299999	8.6E-12	324.960748	0.0999999	7.38262E-06	324.960748
0.4	1.53E-11	324.985259	0.1000001	8.08543E-06	324.985259
0.5	1.8E-11	325.009768	0.1000001	8.79615E-06	325.009768
0.6	2.03E-11	325.034292	0.0999999	9.51643E-06	325.034292
0.699999	2.26E-11	325.058855	0.1000002	1.024578E-05	325.058855
0.799999	1.93E-11	325.09348	0.1000001	1.09721E-05	325.09348
0.9	2.5E-11	325.118037	0.1000001	1.17185E-05	325.118037
0.999999	2.79E-11	325.142536	0.1	1.24703E-05	325.142536
1.1	2.9E-11	325.167101	0.1	1.32274E-05	325.167101
1.2	3.12E-11	325.191592	0.1	1.39894E-05	325.191592
1.3	3.26E-11	325.216232	0.1000002	1.47561E-05	325.216232
1.4	3.42E-11	325.240837	0.1000003	1.55261E-05	325.240837
1.5	3.55E-11	325.265362	0.1	1.62994E-05	325.265362
1.599999	3.7E-11	325.289878	0.1	1.70752E-05	325.289878
1.699999	3.83E-11	325.31439	0.1000001	1.78538E-05	325.31439
1.8	3.87E-11	325.339003	0.1	1.8634E-05	325.339003
1.899999	4.01E-11	325.363512	0.1000001	1.94166E-05	325.363512
2	4E-11	325.388057	0.0999999	2.02003E-05	325.388057
2.099999	4.1E-11	325.412551	0.1	2.09858E-05	325.412551
2.19999	3.46E-11	325.459355	0.0999999	2.17596E-05	325.459355
2.29999	4E-11	325.483944	0.0999998	2.25496E-05	325.483944
2.39999	4.12E-11	325.508477	0.1000002	2.334E-05	325.508477
2.49999	4.24E-11	325.532992	0.1000001	2.41308E-05	325.532992
2.59999	4.3E-11	325.557567	0.1000002	2.49229E-05	325.557567
2.69999	4.39E-11	325.582066	0.1	2.57155E-05	325.582066
2.79999	4.46E-11	325.606562	0.1000001	2.65094E-05	325.606562
2.89999	4.45E-11	325.631075	0.1000002	2.73038E-05	325.631075
2.99999	4.52E-11	325.655612	0.0999999	2.80988E-05	325.655612
3.09999	4.6E-11	325.680123	0.1	2.88945E-05	325.680123
3.19999	4.62E-11	325.704634	0.0999999	2.96907E-05	325.704634
3.29999	4.6E-11	325.729168	0.1000001	3.04878E-05	325.729168
3.39999	4.72E-11	325.753682	0.1	3.12853E-05	325.753682
3.49999	4.69E-11	325.778182	0.1	3.20828E-05	325.778182
3.59999	4.71E-11	325.802682	0.1000001	3.28815E-05	325.802682
3.69999	4.73E-11	325.827183	0.1000002	3.36806E-05	325.827183
3.79999	4.8E-11	325.851699	0.1000001	3.44806E-05	325.851699
3.89999	4.83E-11	325.8762	0.1000001	3.52813E-05	325.8762
3.99999	4.84E-11	325.900758	0.1000001	3.6083E-05	325.900758
4.09999	4.1E-11	325.958002	0.0999998	3.6874E-05	325.958002
4.19999	4.64E-11	325.982619	0.1000002	3.768E-05	325.982619
4.29999	4.73E-11	326.007111	0.1	3.84845E-05	326.007111
4.39999	4.8E-11	326.031633	0.1	3.92897E-05	326.031633
4.49999	4.81E-11	326.056179	0.1000001	4.00943E-05	326.056179
4.59999	4.83E-11	326.080735	0.1000002	4.09006E-05	326.080735
4.69999	4.93E-11	326.105237	0.0999999	4.1707E-05	326.105237
4.79999	4.96E-11	326.129757	0.1000002	4.25146E-05	326.129757
4.89999	4.98E-11	326.154316	0.1000001	4.33225E-05	326.154316
4.99999	5.02E-11	326.178863	0.1	4.4132E-05	326.178863
5.09999	5.02E-11	326.203396	0.1000002	4.49409E-05	326.203396
5.19999	5.02E-11	326.227951	0.1000002	4.57514E-05	326.227951
5.29999	5.04E-11	326.25258	0.1000001	4.65636E-05	326.25258
5.39999	5.03E-11	326.277113	0.1000002	4.7376E-05	326.277113
5.49999	5.05E-11	326.301627	0.1000001	4.81894E-05	326.301627
5.59999	5.13E-11	326.32614	0.1	4.90031E-05	326.32614
5.69999	5.15E-11	326.350659	0.1	4.98198E-05	326.350659
5.79999	5.18E-11	326.375162	0.1000001	5.06365E-05	326.375162
5.89999	5.22E-11	326.399673	0.0999999	5.1453E-05	326.399673
5.99999	4.55E-11	326.459921	0.1	5.22617E-05	326.459921
6.09999	5.01E-11	326.484491	0.1000001	5.30845E-05	326.484491
6.19999	5.1E-11	326.509015	0.1	5.39066E-05	326.509015
6.29999	5.12E-11	326.53356	0.1000003	5.47287E-05	326.53356
6.39999	5.14E-11	326.55817	0.1000001	5.55529E-05	326.55817
6.49999	5.17E-11	326.5827	0.0999998	5.63773E-05	326.5827
6.59999	5.18E-11	326.60724	0.1000003	5.72026E-05	326.60724
6.69999	5.24E-11	326.631744	0.1000003	5.80285E-05	326.631744
6.79999	5.26E-11	326.656276	0.1	5.88547E-05	326.656276
6.89999	5.26E-11	326.680782	0.1000001	5.96834E-05	326.680782
6.99999	5.28E-11	326.705308	0.1000003	6.05135E-05	326.705308
7.09999	5.3E-11	326.729798	0.1	6.13443E-05	326.729798
7.19999	5.31E-11	326.754385	0.1	6.21757E-05	326.754385
7.29999	5.34E-11	326.77892	0.0999997	6.30084E-05	326.77892
7.39999	5.38E-11	326.803442	0.1	6.38423E-05	326.803442
7.49999	5.38E-11	326.827948	0.0999999	6.46773E-05	326.827948
7.59999	5.38E-11	326.852492	0.1000001	6.5513E-05	326.852492
7.69999	5.47E-11	326.877007	0.1000003	6.63509E-05	326.877007
7.79999	5.47E-11	326.901593	0.1000001	6.71883E-05	326.901593
7.89999	4.77E-11	326.961215	0.0999999	6.80182E-05	326.961215
7.99999	5.27E-11	326.985855	0.0999999	6.88617E-05	326.985855
8.09999	5.35E-11	327.010381	0.1000001	6.9704E-05	327.010381
8.19999	5.41E-11	327.034887	0.1	7.05483E-05	327.034887
8.29999	5.44E-11	327.059466	0.1000001	7.13917E-05	327.059466
8.39999	5.45E-11	327.083985	0.1000003	7.22369E-05	327.083985
8.49999	5.45E-11	327.108496	0.1000002	7.30835E-05	327.108496
8.59999	5.49E-11	327.132993	0.1000001	7.39316E-05	327.132993
8.69999	5.49E-11	327.157517	0.1	7.47803E-05	327.157517
8.79999	5.52E-11	327.182021	0.1	7.56294E-05	327.182021
8.89999	5.52E-11	327.20655	0.0999997	7.64808E-05	327.20655
8.99999	5.5E-11	327.231133	0.1000002	7.73327E-05	327.231133
9.09999	5.54E-11	327.255672	0.1	7.81856E-05	327.255672
9.19999	5.56E-11	327.280184	0.0999999	7.904E-05	327.280184
9.29999	5.57E-11	327.304716	0.1000001	7.98937E-05	327.304716
9.39999	5.62E-11	327.329216	0.1000002	8.07517E-05	327.329216
9.49999	5.65E-11	327.353752	0.1000002	8.1611E-05	327.353752
9.59999	5.66E-11	327.378262	0.0999999	8.24712E-05	327.378262
9.69999	5.66E-11	327.402771	0.1	8.33327E-05	327.402771
9.79999	4.95E-11	327.463124	0.1000001	8.41865E-05	327.463124
9.89999	5.46E-11	327.487698	0.1000001	8.50511E-05	327.487698
9.99999	5.57E-11	327.512212	0.1000003	8.59154E-05	327.512212
9.9	4.22E-11	327.536738	0.0999999	8.50374E-05	327.536738
9.8	3.87E-11	327.56132	0.1000001	8.41656E-05	327.56132
9.7	3.7E-11	327.585853	0.1	8.32949E-05	327.585853
9.6	3.47E-11	327.610366	0.0999999	8.24258E-05	327.610366
9.5	3.31E-11	327.634898	0.0999997	8.15602E-05	327.634898
9.4	3.18E-11	327.659412	0.1	8.06954E-05	327.659412
9.3	3.11E-11	327.683964	0.1000001	7.98315E-05	327.683964
9.2	3.07E-11	327.708479	0.1	7.89701E-05	327.708479
9.1	2.97E-11	327.732993	0.1000001	7.81101E-05	327.732993
9	2.86E-11	327.757503	0.1000001	7.72505E-05	327.757503
8.9	2.81E-11	327.782018	0.1	7.63946E-05	327.782018
8.8	2.73E-11	327.806536	0.1	7.55363E-05	327.806536
8.7	2.67E-11	327.831063	0.1000001	7.46793E-05	327.831063
8.6	2.64E-11	327.855657	0.1000003	7.38212E-05	327.855657
8.5	2.54E-11	327.880183	0.1000002	7.29664E-05	327.880183
8.4	2.55E-11	327.904784	0.1000001	7.21129E-05	327.904784
8.30001	3.06E-11	327.964466	0.0999997	7.12637E-05	327.964466
8.2	2.58E-11	327.989111	0.1	7.04117E-05	327.989111
8.1	2.5E-11	328.013653	0.0999998	6.95608E-05	328.013653
8	2.35E-11	328.038174	0.1	6.8711E-05	328.038174
7.9	2.33E-11	328.062734	0.0999999	6.78639E-05	328.062734
7.8	2.27E-11	328.087294	0.0999999	6.70175E-05	328.087294
7.7	2.28E-11	328.111799	0.0999999	6.6171E-05	328.111799
7.6	2.19E-11	328.136324	0.0999997	6.53261E-05	328.136324
7.5	2.16E-11	328.160839	0.0999997	6.44839E-05	328.160839
7.4	2.11E-11	328.185351	0.0999999	6.36405E-05	328.185351
7.3	2.05E-11	328.209884	0.1	6.27997E-05	328.209884
7.2	2.03E-11	328.234477	0.0999998	6.1959E-05	328.234477
7.1	1.99E-11	328.258999	0.0999998	6.11209E-05	328.258999
7	1.92E-11	328.283567	0.1000001	6.02819E-05	328.283567
6.9	1.84E-11	328.308074	0.0999998	5.94445E-05	328.308074
6.8	1.84E-11	328.332624	0.0999999	5.86088E-05	328.332624
6.7	1.8E-11	328.357135	0.1	5.77746E-05	328.357135
6.6	1.75E-11	328.381645	0.1	5.69408E-05	328.381645
6.5	1.71E-11	328.406152	0.1000002	5.61074E-05	328.406152
6.4	2.41E-11	328.46582	0.0999999	5.52822E-05	328.46582
6.3	1.88E-11	328.490416	0.1000001	5.44505E-05	328.490416
6.2	1.71E-11	328.514939	0.1	5.36211E-05	328.514939
6.1	1.68E-11	328.539465	0.1000001	5.27919E-05	328.539465
6	1.66E-11	328.564138	0.1000002	5.19637E-05	328.564138
5.9	1.57E-11	328.588666	0.0999998	5.11375E-05	328.588666
5.8	1.51E-11	328.613176	0.1	5.0312E-05	328.613176
5.7	1.49E-11	328.637696	0.1	4.9487E-05	328.637696
5.6	1.44E-11	328.662144	0.0999998	4.86638E-05	328.662144
5.5	1.44E-11	328.686726	0.1	4.78416E-05	328.686726
5.4	1.34E-11	328.711241	0.0999999	4.70196E-05	328.711241
5.3	1.31E-11	328.735757	0.0999999	4.61986E-05	328.735757
5.2	1.25E-11	328.760253	0.0999997	4.53788E-05	328.760253
5.1	1.23E-11	328.7848	0.1000001	4.45608E-05	328.7848
5	1.17E-11	328.809309	0.1	4.3743E-05	328.809309
4.9	1.17E-11	328.833859	0.1	4.29263E-05	328.833859
4.8	1.07E-11	328.858354	0.1	4.211E-05	328.858354
4.7	1.02E-11	328.882895	0.1	4.12964E-05	328.882895
4.6	9.7E-12	328.907468	0.1000001	4.04829E-05	328.907468
4.5	1.58E-11	328.966719	0.1	3.96757E-05	328.966719
4.4	1.1E-11	328.991321	0.0999999	3.88641E-05	328.991321
4.3	9.9E-12	329.015879	0.1	3.80533E-05	329.015879
4.2	8.6E-12	329.040426	0.0999998	3.72441E-05	329.040426
4.1	8.7E-12	329.065093	0.0999999	3.64352E-05	329.065093
4	7.7E-12	329.08962	0.0999999	3.56275E-05	329.08962
3.9	7E-12	329.114152	0.0999999	3.48209E-05	329.114152
3.8	6E-12	329.138664	0.1000002	3.40166E-05	329.138664
3.7	5.6E-12	329.163224	0.0999999	3.32118E-05	329.163224
3.6	4.9E-12	329.18773	0.0999998	3.24087E-05	329.18773
3.5	4.6E-12	329.212273	0.1	3.16068E-05	329.212273
3.4	4.1E-12	329.236839	0.0999999	3.08058E-05	329.236839
3.3	3.7E-12	329.261389	0.1000001	3.0005E-05	329.261389
3.2	2.6E-12	329.285904	0.1000001	2.92062E-05	329.285904
3.1	1.8E-12	329.310412	0.1000002	2.8408E-05	329.310412
3	8E-13	329.334911	0.1	2.76111E-05	329.334911
2.9	9E-13	329.359423	0.1000001	2.68158E-05	329.359423
2.8	0	329.383919	0.0999999	2.6021E-05	329.383919
2.7	-1.1E-12	329.408426	0.1	2.52283E-05	329.408426
2.6	5.1E-12	329.468195	0.1000002	2.44412E-05	329.468195
2.5	-4E-13	329.492759	0.1	2.36492E-05	329.492759
2.4	-1.8E-12	329.517285	0.1	2.28593E-05	329.517285
2.3	-3.1E-12	329.541795	0.1000001	2.20711E-05	329.541795
2.2	-4E-12	329.566372	0.0999998	2.12842E-05	329.566372
2.099999	-1.8E-12	329.592725	0.1	2.05068E-05	329.592725
2	-5.9E-12	329.617234	0.1000001	1.97239E-05	329.617234
1.9	-7.4E-12	329.641748	0.0999999	1.89427E-05	329.641748
1.8	-8.6E-12	329.66625	0.0999999	1.81633E-05	329.66625
1.7	-1.01E-11	329.690774	0.0999998	1.73864E-05	329.690774
1.6	-1.13E-11	329.715268	0.1	1.66121E-05	329.715268
1.5	-1.27E-11	329.739781	0.1	1.5841E-05	329.739781
1.4	-1.4E-11	329.764289	0.1000001	1.5073E-05	329.764289
1.3	-1.53E-11	329.788799	0.0999999	1.43081E-05	329.788799
1.2	-1.67E-11	329.813301	0.0999999	1.35481E-05	329.813301
1.1	-1.8E-11	329.837798	0.1000001	1.27921E-05	329.837798
1	-1.97E-11	329.862304	0.0999997	1.20425E-05	329.862304
0.9	-2.13E-11	329.886849	0.0999999	1.12992E-05	329.886849
0.8	-2.31E-11	329.911435	0.1	1.05636E-05	329.911435
0.7	-1.85E-11	329.965306	0.1	9.8418E-06	329.965306
0.6	-2.52E-11	329.990002	0.1000002	9.122E-06	329.990002
0.500001	-2.46E-11	330.0172	0.1	8.41928E-06	330.0172
0.4	-3.04E-11	330.041718	0.0999997	7.7199E-06	330.041718
0.3	-3.3E-11	330.066272	0.0999999	7.03224E-06	330.066272
0.1999999	-3.22E-11	330.092684	0.0999999	6.35733E-06	330.092684
0.0999996	-3.74E-11	330.11717	0.0999999	5.6956E-06	330.11717
-5E-07	-4.01E-11	330.141652	0.0999998	5.05033E-06	330.141652
