#scan	iMeasureCycle=1	iMux=0	time=0.032	N=401	LocalTime=19/04/2023 13:19:36
#VGate(V)	IGate(A)	time(s)	VDrain(V)	IDrain(A)	time(s)
-2E-07	-1.628E-10	0.03486	0.0999996	3.52186E-07	0.03486
-0.1000005	-2.208E-10	0.059746	0.0999998	1.87913E-07	0.059746
-0.2000001	-2.411E-10	0.097423	0.0999929	8.84435E-08	0.097423
-0.300001	-1.48E-10	0.120913	0.1000057	3.42448E-08	0.120913
-0.400001	-1.107E-10	0.144119	0.1000029	1.11745E-08	0.144119
-0.500001	-9.54E-11	0.16732	0.1000012	3.1249E-09	0.16732
-0.600001	-8.59E-11	0.190596	0.1000005	7.568E-10	0.190596
-0.700001	-7.83E-11	0.21388	0.1000002	1.538E-10	0.21388
-0.800001	-7.63E-11	0.23709	0.1000003	1.99E-11	0.23709
-0.900001	-7.44E-11	0.260295	0.1000002	-3.8E-12	0.260295
-1.000001	-7.07E-11	0.283658	0.1000002	-7.5E-12	0.283658
-1.100001	-6.89E-11	0.306979	0.1000001	-7.8E-12	0.306979
-1.200001	-7.08E-11	0.330185	0.1000003	-7.3E-12	0.330185
-1.300001	-6.84E-11	0.353479	0.1000003	-7.2E-12	0.353479
-1.400001	-6.8E-11	0.37685	0.1000002	-6.8E-12	0.37685
-1.500001	-6.8E-11	0.400121	0.1000003	-6.4E-12	0.400121
-1.600001	-6.96E-11	0.423314	0.1000003	-5.9E-12	0.423314
-1.700001	-6.78E-11	0.446605	0.1000002	-5.9E-12	0.446605
-1.800001	-6.78E-11	0.469915	0.1000003	-5.5E-12	0.469915
-1.900001	-6.91E-11	0.49314	0.1000003	-5.7E-12	0.49314
-2.000001	-6.98E-11	0.516368	0.1000003	-5.4E-12	0.516368
-2.100001	-6.8E-11	0.539711	0.1000003	-5.7E-12	0.539711
-2.2	-4.78E-11	0.602422	0.0999998	-7.1E-12	0.602422
-2.3	-6.8E-11	0.625664	0.1000001	-4.8E-12	0.625664
-2.4	-6.83E-11	0.648883	0.1000002	-5.2E-12	0.648883
-2.5	-6.72E-11	0.672175	0.1000004	-5.5E-12	0.672175
-2.6	-6.91E-11	0.69546	0.1000002	-5.2E-12	0.69546
-2.7	-6.98E-11	0.718663	0.1000002	-5.2E-12	0.718663
-2.8	-6.88E-11	0.74196	0.1000002	-5.5E-12	0.74196
-2.9	-6.98E-11	0.765237	0.1000004	-5.2E-12	0.765237
-3	-7.12E-11	0.788542	0.1000002	-4.9E-12	0.788542
-3.1	-7.16E-11	0.811772	0.1000003	-5.3E-12	0.811772
-3.2	-7.03E-11	0.835052	0.1000003	-5.2E-12	0.835052
-3.3	-7.01E-11	0.858403	0.1000004	-5.3E-12	0.858403
-3.4	-7.29E-11	0.88171	0.1000004	-5.2E-12	0.88171
-3.5	-7.09E-11	0.905015	0.1000002	-5E-12	0.905015
-3.6	-7.14E-11	0.928291	0.1000003	-4.9E-12	0.928291
-3.7	-7.4E-11	0.951494	0.1000003	-4.8E-12	0.951494
-3.8	-7.4E-11	0.974718	0.1000004	-5E-12	0.974718
-3.9	-7.26E-11	0.998011	0.1000005	-4.9E-12	0.998011
-4	-7.25E-11	1.021285	0.1	-4.6E-12	1.021285
-4.1	-7.51E-11	1.044493	0.1000001	-4.3E-12	1.044493
-4.2	-5.37E-11	1.098468	0.0999999	-6.3E-12	1.098468
-4.3	-7.31E-11	1.121918	0.1000003	-4.9E-12	1.121918
-4.4	-7.2E-11	1.145204	0.1000003	-4.8E-12	1.145204
-4.5	-7.27E-11	1.168484	0.1000002	-4.5E-12	1.168484
-4.6	-7.23E-11	1.191868	0.1000003	-4.8E-12	1.191868
-4.7	-7.57E-11	1.215077	0.1000002	-4.6E-12	1.215077
-4.8	-7.44E-11	1.238355	0.1000002	-5.1E-12	1.238355
-4.9	-7.45E-11	1.261662	0.1000002	-5E-12	1.261662
-5	-7.61E-11	1.28497	0.1000004	-4.3E-12	1.28497
-5.1	-7.55E-11	1.30827	0.1000001	-4.6E-12	1.30827
-5.2	-7.67E-11	1.331499	0.1000003	-4.3E-12	1.331499
-5.3	-7.72E-11	1.35471	0.1000001	-4.6E-12	1.35471
-5.4	-7.78E-11	1.377928	0.1000004	-3.7E-12	1.377928
-5.5	-7.81E-11	1.401134	0.1000003	-4.5E-12	1.401134
-5.6	-7.63E-11	1.424424	0.1000003	-4.6E-12	1.424424
-5.7	-7.62E-11	1.447717	0.1000002	-4.5E-12	1.447717
-5.8	-7.87E-11	1.470922	0.1000002	-4.1E-12	1.470922
-5.9	-7.9E-11	1.494138	0.1000003	-3.9E-12	1.494138
-6	-7.7E-11	1.517427	0.1000001	-4.6E-12	1.517427
-6.1	-7.88E-11	1.540707	0.1000003	-4.2E-12	1.540707
-6.2	-5.95E-11	1.591052	0.1	-5.7E-12	1.591052
-6.3	-7.78E-11	1.614292	0.1000001	-4.3E-12	1.614292
-6.4	-7.67E-11	1.637609	0.1000002	-4.5E-12	1.637609
-6.5	-7.89E-11	1.660906	0.1000002	-4.2E-12	1.660906
-6.6	-6.59E-11	1.685255	0.1	-5E-12	1.685255
-6.7	-7.79E-11	1.708557	0.1000001	-4E-12	1.708557
-6.8	-7.67E-11	1.731899	0.1000001	-4.1E-12	1.731899
-6.9	-8.05E-11	1.755109	0.1000002	-4.3E-12	1.755109
-7	-8.07E-11	1.778407	0.1000003	-3.8E-12	1.778407
-7.1	-7.88E-11	1.801699	0.1000003	-5.1E-12	1.801699
-7.2	-8.11E-11	1.824909	0.1000001	-4.7E-12	1.824909
-7.3	-8.17E-11	1.848126	0.1000004	-4.1E-12	1.848126
-7.4	-8.15E-11	1.871381	0.1000001	-4.2E-12	1.871381
-7.5	-7.98E-11	1.894679	0.1000002	-4.4E-12	1.894679
-7.6	-7.99E-11	1.917966	0.1000003	-4.5E-12	1.917966
-7.7	-8.26E-11	1.941168	0.1000001	-3.9E-12	1.941168
-7.8	-8.19E-11	1.9644	0.1000003	-4.1E-12	1.9644
-7.9	-8.08E-11	1.987697	0.1000002	-4.2E-12	1.987697
-8	-8.2E-11	2.010947	0.1000002	-4E-12	2.010947
-8.1	-8.3E-11	2.03416	0.1000002	-3.8E-12	2.03416
-8.2	-8.27E-11	2.057376	0.1000003	-4.2E-12	2.057376
-8.3	-6.25E-11	2.101105	0.1	-5.6E-12	2.101105
-8.4	-8.17E-11	2.124553	0.1000003	-4E-12	2.124553
-8.5	-8.12E-11	2.147853	0.1000002	-4.2E-12	2.147853
-8.6	-8.09E-11	2.171148	0.1000003	-4.2E-12	2.171148
-8.7	-8.27E-11	2.194435	0.1000002	-4E-12	2.194435
-8.8	-8.15E-11	2.217743	0.1000002	-4.3E-12	2.217743
-8.9	-8.18E-11	2.241022	0.1000002	-4.3E-12	2.241022
-9	-8.36E-11	2.26423	0.1000002	-4E-12	2.26423
-9.1	-8.37E-11	2.28753	0.1000001	-4.1E-12	2.28753
-9.2	-8.41E-11	2.310752	0.1000003	-4.2E-12	2.310752
-9.3	-8.22E-11	2.334048	0.1000002	-4.4E-12	2.334048
-9.4	-8.42E-11	2.357261	0.1000001	-3.6E-12	2.357261
-9.5	-8.46E-11	2.38048	0.1000002	-4.2E-12	2.38048
-9.6	-8.49E-11	2.403694	0.1000003	-4.2E-12	2.403694
-9.7	-8.32E-11	2.426989	0.1000003	-4.1E-12	2.426989
-9.8	-8.31E-11	2.450272	0.1000001	-4.3E-12	2.450272
-9.9	-8.49E-11	2.473475	0.1000004	-4.2E-12	2.473475
-10	-8.5E-11	2.496722	0.1000004	-4.1E-12	2.496722
-9.90001	-4.45E-11	2.52001	0.0999998	-6.9E-12	2.52001
-9.80001	-3.91E-11	2.543286	0.0999999	-7.4E-12	2.543286
-9.70001	-5.57E-11	2.602471	0.1000001	-5.3E-12	2.602471
-9.60001	-3.51E-11	2.625882	0.0999997	-7.5E-12	2.625882
-9.50001	-3.46E-11	2.649183	0.1	-7.1E-12	2.649183
-9.40001	-3.45E-11	2.672486	0.1000001	-7.1E-12	2.672486
-9.30001	-3.12E-11	2.695764	0.0999998	-7.9E-12	2.695764
-9.20001	-2.98E-11	2.718977	0.0999999	-7.8E-12	2.718977
-9.10001	-3.12E-11	2.74226	0.0999997	-7.6E-12	2.74226
-9.00001	-3.05E-11	2.765547	0.0999999	-7.8E-12	2.765547
-8.90001	-2.84E-11	2.788841	0.0999998	-8E-12	2.788841
-8.80001	-2.81E-11	2.812082	0.0999999	-7.9E-12	2.812082
-8.70001	-2.79E-11	2.835371	0.0999997	-7.9E-12	2.835371
-8.60001	-2.61E-11	2.858596	0.0999998	-7.8E-12	2.858596
-8.50001	-2.52E-11	2.881831	0.0999998	-7.8E-12	2.881831
-8.40001	-2.64E-11	2.905133	0.0999999	-8.1E-12	2.905133
-8.30001	-2.59E-11	2.928417	0.0999999	-7.9E-12	2.928417
-8.20001	-2.37E-11	2.951611	0.0999999	-8.4E-12	2.951611
-8.10001	-2.29E-11	2.974829	0.0999999	-8.6E-12	2.974829
-8.00001	-2.28E-11	2.998043	0.0999998	-8.3E-12	2.998043
-7.90001	-2.38E-11	3.021326	0.0999998	-7.5E-12	3.021326
-7.80001	-2.37E-11	3.044623	0.0999999	-8.2E-12	3.044623
-7.70001	-4.22E-11	3.09943	0.1000002	-6E-12	3.09943
-7.6	-2.39E-11	3.122748	0.0999998	-7.4E-12	3.122748
-7.50001	-2.16E-11	3.145989	0.0999998	-8.1E-12	3.145989
-7.40001	-2.07E-11	3.169202	0.0999999	-8.4E-12	3.169202
-7.30001	-2.14E-11	3.192584	0.0999997	-8.1E-12	3.192584
-7.2	-1.96E-11	3.215815	0.0999998	-8.1E-12	3.215815
-7.10001	-1.97E-11	3.239042	0.0999998	-7.9E-12	3.239042
-7.00001	-1.89E-11	3.262258	0.0999999	-8.4E-12	3.262258
-6.90001	-2.07E-11	3.285676	0.0999999	-7.9E-12	3.285676
-6.80001	-1.83E-11	3.308898	0.0999999	-8.1E-12	3.308898
-6.70001	-1.76E-11	3.332114	0.0999999	-8.3E-12	3.332114
-6.60001	-1.89E-11	3.355579	0.0999996	-8.5E-12	3.355579
-6.50001	-1.93E-11	3.378871	0.0999998	-8.4E-12	3.378871
-6.40001	-1.63E-11	3.402077	0.0999999	-8.4E-12	3.402077
-6.30001	-1.58E-11	3.425295	0.0999997	-8.8E-12	3.425295
-6.20001	-1.74E-11	3.448579	0.1	-8.4E-12	3.448579
-6.10001	-1.72E-11	3.471879	0.0999999	-9E-12	3.471879
-6.00001	-1.48E-11	3.495187	0.1000001	-8.8E-12	3.495187
-5.90001	-1.63E-11	3.518493	0.0999998	-8.3E-12	3.518493
-5.80001	-1.57E-11	3.541822	0.0999999	-8.2E-12	3.541822
-5.70001	-1.4E-11	3.565046	0.0999999	-8.8E-12	3.565046
-5.60001	-3.29E-11	3.601299	0.1	-7E-12	3.601299
-5.50001	-1.58E-11	3.624705	0.0999998	-8.5E-12	3.624705
-5.40001	-1.5E-11	3.648018	0.1	-8.6E-12	3.648018
-5.30001	-1.34E-11	3.671307	0.1	-8.4E-12	3.671307
-5.20001	-1.22E-11	3.694568	0.0999998	-8.6E-12	3.694568
-5.1	-1.4E-11	3.717879	0.0999997	-8.6E-12	3.717879
-5.00001	-1.36E-11	3.741165	0.0999999	-8.7E-12	3.741165
-4.90001	-1.08E-11	3.764371	0.1	-8.8E-12	3.764371
-4.80001	-1.03E-11	3.787668	0.0999999	-8.6E-12	3.787668
-4.7	-1.25E-11	3.811007	0.1	-8.4E-12	3.811007
-4.60001	-1E-11	3.834224	0.0999998	-9.2E-12	3.834224
-4.50001	-9.1E-12	3.857436	0.0999998	-9.1E-12	3.857436
-4.40001	-8.7E-12	3.880691	0.0999999	-9.5E-12	3.880691
-4.3	-9.9E-12	3.903993	0.0999998	-9.1E-12	3.903993
-4.20001	-7.3E-12	3.927221	0.0999999	-8.7E-12	3.927221
-4.10001	-6.9E-12	3.95044	0.0999998	-9.4E-12	3.95044
-4.00001	-6.3E-12	3.973644	0.0999997	-9.3E-12	3.973644
-3.90001	-7.5E-12	3.996933	0.0999997	-9.2E-12	3.996933
-3.80001	-7.5E-12	4.020225	0.0999997	-8.9E-12	4.020225
-3.70001	-5.3E-12	4.043433	0.0999999	-8.9E-12	4.043433
-3.60001	-4.6E-12	4.066657	0.1	-9.4E-12	4.066657
-3.50001	-2.45E-11	4.107649	0.1000001	-7.7E-12	4.107649
-3.40001	-6.6E-12	4.130971	0.1	-9.3E-12	4.130971
-3.30001	-6.1E-12	4.154258	0.0999999	-9.3E-12	4.154258
-3.20001	-3.1E-12	4.177457	0.0999999	-9.5E-12	4.177457
-3.10001	-3.8E-12	4.200755	0.0999998	-9.2E-12	4.200755
-3.00001	-1.9E-12	4.223967	0.0999998	-9.4E-12	4.223967
-2.90001	-2.7E-12	4.247251	0.0999998	-9.5E-12	4.247251
-2.80001	-2E-12	4.270536	0.0999998	-9.4E-12	4.270536
-2.70001	-2E-13	4.293841	0.0999998	-9.8E-12	4.293841
-2.60001	-1.3E-12	4.317143	0.0999999	-9.6E-12	4.317143
-2.50001	-7E-13	4.340424	0.0999999	-9.7E-12	4.340424
-2.40001	1.8E-12	4.363637	0.0999998	-1.02E-11	4.363637
-2.30001	2.7E-12	4.386852	0.0999999	-9.9E-12	4.386852
-2.20001	1.6E-12	4.410149	0.0999999	-9.6E-12	4.410149
-2.099999	-1.3E-11	4.435328	0.1000002	-8.6E-12	4.435328
-2	5.2E-12	4.458536	0.0999998	-1.02E-11	4.458536
-1.9	6E-12	4.481745	0.0999998	-1.04E-11	4.481745
-1.8	6.9E-12	4.504963	0.0999997	-1.03E-11	4.504963
-1.699999	5.6E-12	4.528294	0.1	-1.03E-11	4.528294
-1.6	7E-12	4.551592	0.1	-1.05E-11	4.551592
-1.500001	-1.16E-11	4.603742	0.1	-9.2E-12	4.603742
-1.4	7.9E-12	4.627011	0.0999999	-1.09E-11	4.627011
-1.3	1.03E-11	4.650245	0.0999999	-1.11E-11	4.650245
-1.2	9.9E-12	4.673541	0.1	-1.08E-11	4.673541
-1.1	1.27E-11	4.696811	0.0999999	-1.11E-11	4.696811
-1	1.34E-11	4.720065	0.0999997	-9.3E-12	4.720065
-0.9	1.38E-11	4.743352	0.0999999	2E-12	4.743352
-0.8	1.53E-11	4.766618	0.0999998	6.37E-11	4.766618
-0.7	1.84E-11	4.789914	0.0999999	3.467E-10	4.789914
-0.599999	1.98E-11	4.813124	0.1000004	1.4877E-09	4.813124
-0.5	2.01E-11	4.836403	0.1000029	5.5082E-09	4.836403
-0.4	2.16E-11	4.859676	0.1000074	1.76225E-08	4.859676
-0.3	2.49E-11	4.882942	0.1000099	4.82616E-08	4.882942
-0.2	4.7E-12	4.924492	0.1000002	1.08084E-07	4.924492
-0.0999999	1.14E-11	4.949017	0.1000005	2.21614E-07	4.949017
4E-07	1.35E-11	4.973486	0.1000011	3.93578E-07	4.973486
0.1000002	1.52E-11	4.998	0.100001	6.28821E-07	4.998
0.2000001	1.75E-11	5.022534	0.1000011	9.26886E-07	5.022534
0.299999	1.44E-11	5.057271	0.1000001	1.27438E-06	5.057271
0.399999	1.38E-11	5.116705	0.1	1.669E-06	5.116705
0.5	2.12E-11	5.141246	0.1	2.11999E-06	5.141246
0.6	2.35E-11	5.165755	0.1000003	2.6013E-06	5.165755
0.7	2.55E-11	5.190304	0.1000002	3.1104E-06	5.190304
0.799999	2.73E-11	5.214957	0.1000001	3.64182E-06	5.214957
0.899999	2.94E-11	5.239473	0.1000003	4.19392E-06	5.239473
1	3.16E-11	5.263966	0.1000001	4.76325E-06	5.263966
1.1	3.3E-11	5.288608	0.0999999	5.3473E-06	5.288608
1.2	3.47E-11	5.31311	0.1	5.94446E-06	5.31311
1.3	3.63E-11	5.337602	0.1	6.55281E-06	5.337602
1.399999	3.78E-11	5.362117	0.1000001	7.17018E-06	5.362117
1.5	3.91E-11	5.386657	0.1000001	7.79559E-06	5.386657
1.6	4.06E-11	5.41115	0.1000001	8.42763E-06	5.41115
1.699999	4.11E-11	5.435697	0.1000001	9.06521E-06	5.435697
1.8	4.25E-11	5.4602	0.1000002	9.70816E-06	5.4602
1.9	4.32E-11	5.484703	0.1000001	1.035581E-05	5.484703
1.999999	3.87E-11	5.519273	0.1	1.09976E-05	5.519273
2.099999	4.37E-11	5.543836	0.0999999	1.1655E-05	5.543836
2.19999	4.43E-11	5.568555	0.1	1.23131E-05	5.568555
2.29999	3.91E-11	5.615214	0.1000001	1.2965E-05	5.615214
2.39999	4.4E-11	5.63977	0.1	1.36332E-05	5.63977
2.49999	4.51E-11	5.664236	0.1	1.43013E-05	5.664236
2.59999	4.6E-11	5.688765	0.1000001	1.49716E-05	5.688765
2.69999	4.67E-11	5.713327	0.1000003	1.56439E-05	5.713327
2.79999	4.68E-11	5.73786	0.1000001	1.63181E-05	5.73786
2.89999	4.78E-11	5.762394	0.1000004	1.69942E-05	5.762394
2.99999	4.81E-11	5.78702	0.1000001	1.76722E-05	5.78702
3.09999	4.87E-11	5.811525	0.1000001	1.83528E-05	5.811525
3.19999	4.87E-11	5.836151	0.1000001	1.90347E-05	5.836151
3.29999	4.94E-11	5.860659	0.0999997	1.97182E-05	5.860659
3.39999	4.93E-11	5.885261	0.1000001	2.04041E-05	5.885261
3.49999	4.98E-11	5.909804	0.1	2.10931E-05	5.909804
3.59999	4.99E-11	5.934367	0.1	2.17833E-05	5.934367
3.69999	5.06E-11	5.958881	0.1	2.24747E-05	5.958881
3.79999	5.06E-11	5.983425	0.0999999	2.31682E-05	5.983425
3.89999	5.1E-11	6.007941	0.1	2.38639E-05	6.007941
3.99999	5.09E-11	6.032482	0.1	2.45607E-05	6.032482
4.09999	5.17E-11	6.056994	0.1000001	2.52603E-05	6.056994
4.19999	4.49E-11	6.114569	0.1	2.59489E-05	6.114569
4.29999	5.03E-11	6.139191	0.1000002	2.66548E-05	6.139191
4.39999	5.08E-11	6.163702	0.1000002	2.73609E-05	6.163702
4.49999	5.15E-11	6.188216	0.1000002	2.80685E-05	6.188216
4.59999	5.17E-11	6.2128	0.1000001	2.87773E-05	6.2128
4.69999	5.21E-11	6.237329	0.1	2.94874E-05	6.237329
4.79999	5.23E-11	6.261833	0.1000003	3.01989E-05	6.261833
4.89999	5.23E-11	6.28643	0.1000002	3.09129E-05	6.28643
4.99999	5.29E-11	6.310969	0.1000001	3.16282E-05	6.310969
5.09999	5.34E-11	6.335533	0.1000001	3.23453E-05	6.335533
5.19999	5.37E-11	6.360046	0.1000002	3.30639E-05	6.360046
5.29999	5.42E-11	6.384588	0.0999999	3.37843E-05	6.384588
5.39999	5.41E-11	6.409089	0.0999999	3.45066E-05	6.409089
5.49999	5.37E-11	6.43363	0.1000002	3.523E-05	6.43363
5.59999	5.45E-11	6.458142	0.1000002	3.59556E-05	6.458142
5.69999	5.46E-11	6.482686	0.1	3.66823E-05	6.482686
5.79999	5.5E-11	6.507228	0.1	3.74114E-05	6.507228
5.89999	5.49E-11	6.531782	0.0999999	3.81416E-05	6.531782
5.99999	5.48E-11	6.55636	0.1	3.88736E-05	6.55636
6.09999	4.85E-11	6.615614	0.1000001	3.95957E-05	6.615614
6.19999	5.3E-11	6.640152	0.1	4.03342E-05	6.640152
6.29999	5.34E-11	6.664697	0.0999998	4.10727E-05	6.664697
6.39999	5.4E-11	6.689241	0.1	4.18124E-05	6.689241
6.49999	5.46E-11	6.713859	0.1	4.25527E-05	6.713859
6.59999	5.46E-11	6.73841	0.1000001	4.32949E-05	6.73841
6.69999	5.5E-11	6.762924	0.1000001	4.40394E-05	6.762924
6.79999	5.5E-11	6.787479	0.1000002	4.47839E-05	6.787479
6.89999	5.56E-11	6.812001	0.1000001	4.55308E-05	6.812001
6.99999	5.6E-11	6.836508	0.1	4.62798E-05	6.836508
7.09999	5.63E-11	6.861018	0.1000001	4.70304E-05	6.861018
7.19999	5.66E-11	6.885582	0.1	4.77819E-05	6.885582
7.29999	5.67E-11	6.9101	0.1	4.85351E-05	6.9101
7.39999	5.62E-11	6.93466	0.1	4.92891E-05	6.93466
7.49999	5.69E-11	6.959175	0.1	5.00459E-05	6.959175
7.59999	5.7E-11	6.983691	0.1000002	5.08037E-05	6.983691
7.69999	5.67E-11	7.008191	0.1	5.15634E-05	7.008191
7.79999	5.71E-11	7.03272	0.1000001	5.23243E-05	7.03272
7.89999	5.73E-11	7.057233	0.1000002	5.30877E-05	7.057233
7.99999	5.18E-11	7.11711	0.0999998	5.38409E-05	7.11711
8.09999	5.53E-11	7.141684	0.1000002	5.46103E-05	7.141684
8.19999	5.67E-11	7.166223	0.0999999	5.53777E-05	7.166223
8.29999	5.71E-11	7.190744	0.1	5.61472E-05	7.190744
8.39999	5.75E-11	7.215331	0.0999998	5.69192E-05	7.215331
8.49999	5.68E-11	7.23985	0.1	5.76923E-05	7.23985
8.59999	5.77E-11	7.264355	0.1	5.84658E-05	7.264355
8.69999	5.78E-11	7.288919	0.1000001	5.92407E-05	7.288919
8.79999	5.79E-11	7.313443	0.1	6.00188E-05	7.313443
8.89999	5.82E-11	7.338052	0.1	6.07967E-05	7.338052
8.99999	5.84E-11	7.362567	0.0999999	6.15765E-05	7.362567
9.09999	5.83E-11	7.387092	0.1	6.23588E-05	7.387092
9.19999	5.88E-11	7.411592	0.0999998	6.31416E-05	7.411592
9.29999	5.92E-11	7.43612	0.1000002	6.39238E-05	7.43612
9.39999	5.98E-11	7.460621	0.1	6.47115E-05	7.460621
9.49999	5.94E-11	7.485143	0.1	6.54997E-05	7.485143
9.59999	5.95E-11	7.509673	0.0999998	6.62906E-05	7.509673
9.69999	5.98E-11	7.534205	0.1	6.70824E-05	7.534205
9.79999	5.97E-11	7.558762	0.1000001	6.78748E-05	7.558762
9.89999	5.31E-11	7.618932	0.0999998	6.86598E-05	7.618932
9.99999	5.82E-11	7.643514	0.0999999	6.94573E-05	7.643514
9.9	4.54E-11	7.668005	0.1	6.86471E-05	7.668005
9.8	4.26E-11	7.692541	0.1	6.78406E-05	7.692541
9.7	4.08E-11	7.717138	0.0999999	6.70376E-05	7.717138
9.6	3.85E-11	7.741688	0.0999999	6.62373E-05	7.741688
9.5	3.72E-11	7.766197	0.0999997	6.54389E-05	7.766197
9.4	3.61E-11	7.790695	0.1	6.46423E-05	7.790695
9.3	3.52E-11	7.815202	0.1	6.38477E-05	7.815202
9.2	3.45E-11	7.839792	0.0999999	6.30539E-05	7.839792
9.1	3.33E-11	7.864337	0.0999998	6.22631E-05	7.864337
9	3.22E-11	7.888924	0.1	6.14737E-05	7.888924
8.9	3.15E-11	7.913439	0.0999997	6.06878E-05	7.913439
8.8	3.11E-11	7.937983	0.1	5.99003E-05	7.937983
8.7	3.04E-11	7.962504	0.0999999	5.91143E-05	7.962504
8.6	3.01E-11	7.987057	0.1	5.83298E-05	7.987057
8.5	3E-11	8.011584	0.0999999	5.75471E-05	8.011584
8.4	2.88E-11	8.036123	0.0999998	5.67659E-05	8.036123
8.3	2.89E-11	8.060689	0.1000001	5.59867E-05	8.060689
8.2	3.46E-11	8.11582	0.1	5.5212E-05	8.11582
8.1	2.93E-11	8.140339	0.1000001	5.4434E-05	8.140339
8	2.85E-11	8.164867	0.0999998	5.36593E-05	8.164867
7.9	2.74E-11	8.18937	0.1	5.28869E-05	8.18937
7.8	2.71E-11	8.213963	0.1	5.2116E-05	8.213963
7.7	2.67E-11	8.238467	0.1000001	5.13453E-05	8.238467
7.6	2.6E-11	8.263054	0.0999999	5.05771E-05	8.263054
7.5	2.59E-11	8.287582	0.1	4.98109E-05	8.287582
7.4	2.57E-11	8.312205	0.1	4.90464E-05	8.312205
7.3	2.47E-11	8.336722	0.1000001	4.8283E-05	8.336722
7.2	2.43E-11	8.36124	0.0999998	4.7521E-05	8.36124
7.1	2.33E-11	8.38577	0.0999999	4.67612E-05	8.38577
7	2.33E-11	8.410297	0.1	4.60024E-05	8.410297
6.9	2.27E-11	8.434804	0.1	4.52451E-05	8.434804
6.8	2.21E-11	8.459308	0.0999998	4.44902E-05	8.459308
6.7	2.22E-11	8.483863	0.0999999	4.37358E-05	8.483863
6.6	2.19E-11	8.508371	0.0999998	4.29837E-05	8.508371
6.5	2.17E-11	8.532927	0.0999999	4.2233E-05	8.532927
6.4	2.1E-11	8.557516	0.0999999	4.14839E-05	8.557516
6.3	2.79E-11	8.618217	0.0999999	4.07422E-05	8.618217
6.2	2.22E-11	8.643047	0.0999999	3.99952E-05	8.643047
6.1	2.14E-11	8.6676	0.1	3.92502E-05	8.6676
6	2.07E-11	8.69211	0.0999999	3.8507E-05	8.69211
5.9	1.97E-11	8.716662	0.0999999	3.77657E-05	8.716662
5.8	1.93E-11	8.741257	0.1	3.70272E-05	8.741257
5.7	1.86E-11	8.765782	0.0999998	3.62894E-05	8.765782
5.6	1.86E-11	8.79032	0.1	3.55534E-05	8.79032
5.5	1.78E-11	8.814925	0.0999997	3.48189E-05	8.814925
5.4	1.76E-11	8.83945	0.1000002	3.40862E-05	8.83945
5.3	1.69E-11	8.863974	0.1000002	3.33556E-05	8.863974
5.2	1.68E-11	8.888575	0.0999999	3.26265E-05	8.888575
5.1	1.68E-11	8.91308	0.1	3.18992E-05	8.91308
5	1.61E-11	8.937637	0.1000001	3.11734E-05	8.937637
4.9	1.51E-11	8.962155	0.1	3.04492E-05	8.962155
4.8	1.54E-11	8.986678	0.1	2.97271E-05	8.986678
4.7	1.45E-11	9.011175	0.1	2.90071E-05	9.011175
4.6	1.41E-11	9.035674	0.1	2.82889E-05	9.035674
4.5	1.34E-11	9.060216	0.0999997	2.75725E-05	9.060216
4.4	2.09E-11	9.122956	0.1	2.68637E-05	9.122956
4.3	1.51E-11	9.147534	0.0999999	2.61496E-05	9.147534
4.2	1.36E-11	9.172117	0.0999999	2.54381E-05	9.172117
4.1	1.28E-11	9.196649	0.1	2.47294E-05	9.196649
4	1.23E-11	9.221259	0.0999998	2.4022E-05	9.221259
3.9	1.14E-11	9.245785	0.1	2.33174E-05	9.245785
3.8	1.07E-11	9.270285	0.0999998	2.26137E-05	9.270285
3.7	1.02E-11	9.294826	0.0999999	2.19125E-05	9.294826
3.6	8.9E-12	9.319328	0.1000001	2.12142E-05	9.319328
3.5	8.8E-12	9.343862	0.1	2.05174E-05	9.343862
3.4	8.2E-12	9.368376	0.0999999	1.98234E-05	9.368376
3.3	7.2E-12	9.392907	0.1	1.91308E-05	9.392907
3.2	6.5E-12	9.417412	0.1	1.84409E-05	9.417412
3.1	5.9E-12	9.441935	0.1000001	1.77537E-05	9.441935
3	5.3E-12	9.466482	0.1	1.70688E-05	9.466482
2.9	5.1E-12	9.491021	0.0999999	1.63863E-05	9.491021
2.8	4.4E-12	9.515516	0.0999998	1.57063E-05	9.515516
2.7	3.3E-12	9.540048	0.1	1.50293E-05	9.540048
2.6	2.6E-12	9.564609	0.1000001	1.4355E-05	9.564609
2.5	8.7E-12	9.625947	0.1000001	1.36893E-05	9.625947
2.4	2.4E-12	9.650497	0.0999999	1.30198E-05	9.650497
2.3	1.3E-12	9.675124	0.1	1.23541E-05	9.675124
2.2	3E-13	9.699703	0.1	1.16923E-05	9.699703
2.099999	2.5E-12	9.726186	0.0999999	1.10353E-05	9.726186
2	-2E-12	9.750701	0.0999998	1.03821E-05	9.750701
1.9	-3.2E-12	9.775235	0.0999999	9.7331E-06	9.775235
1.8	-4.1E-12	9.799866	0.1000001	9.0892E-06	9.799866
1.7	-2.1E-12	9.826986	0.0999998	8.45488E-06	9.826986
1.6	-6.6E-12	9.85149	0.0999998	7.82219E-06	9.85149
1.5	-8E-12	9.876012	0.1	7.19763E-06	9.876012
1.4	-9.6E-12	9.900588	0.0999999	6.58115E-06	9.900588
1.3	-1.07E-11	9.925145	0.1	5.97463E-06	9.925145
1.2	-1.23E-11	9.949647	0.1	5.3795E-06	9.949647
1.1	-1.34E-11	9.974175	0.0999999	4.79816E-06	9.974175
1	-1.56E-11	9.99868	0.0999999	4.23295E-06	9.99868
0.9	-1.65E-11	10.023232	0.0999997	3.68585E-06	10.023232
0.8	-1.91E-11	10.047724	0.1000001	3.15926E-06	10.047724
0.7	-2.1E-11	10.072256	0.1	2.65638E-06	10.072256
0.6	-1.65E-11	10.127471	0.1	2.18823E-06	10.127471
0.5	-2.34E-11	10.152028	0.0999999	1.74255E-06	10.152028
0.4	-2.62E-11	10.176556	0.1	1.3381E-06	10.176556
0.3	-2.87E-11	10.201111	0.0999999	9.8053E-07	10.201111
0.2	-2.68E-11	10.23037	0.0999995	6.78205E-07	10.23037
0.0999996	-3.29E-11	10.254872	0.0999995	4.32027E-07	10.254872
-4E-07	-3.56E-11	10.279363	0.0999995	2.49424E-07	10.279363
#scan	iMeasureCycle=2	iMux=0	time=279.699	N=401	LocalTime=19/04/2023 13:24:16
#VGate(V)	IGate(A)	time(s)	VDrain(V)	IDrain(A)	time(s)
-1E-07	-1.47E-11	279.706489	0.0999999	3.0299E-07	279.706489
-0.1000003	-2.23E-11	279.731357	0.0999998	1.57121E-07	279.731357
-0.2000001	-2.09E-11	279.770234	0.099995	7.1555E-08	279.770234
-0.300001	-4.37E-11	279.79367	0.1000057	2.6628E-08	279.79367
-0.400001	-4.53E-11	279.816953	0.1000016	8.4454E-09	279.816953
-0.500001	-4.8E-11	279.840217	0.1000006	2.3168E-09	279.840217
-0.600001	-5.18E-11	279.863484	0.1000003	5.58E-10	279.863484
-0.700001	-5.39E-11	279.886692	0.1000002	1.151E-10	279.886692
-0.800001	-5.38E-11	279.909977	0.1000001	1.56E-11	279.909977
-0.900001	-5.52E-11	279.933263	0.1	-3.4E-12	279.933263
-1.000001	-5.84E-11	279.956477	0.1000002	-5.3E-12	279.956477
-1.100001	-5.76E-11	279.979865	0.1000001	-5.8E-12	279.979865
-1.200001	-5.91E-11	280.003136	0.1	-5.6E-12	280.003136
-1.300001	-6.19E-11	280.026331	0.1000001	-5.3E-12	280.026331
-1.400001	-6.29E-11	280.049551	0.1	-5.3E-12	280.049551
-1.5	-6.19E-11	280.072925	0.1000001	-5.4E-12	280.072925
-1.600001	-6.27E-11	280.096208	0.1000001	-5.5E-12	280.096208
-1.7	-6.5E-11	280.119442	0.1000002	-4.9E-12	280.119442
-1.800001	-6.58E-11	280.142651	0.1000001	-5.3E-12	280.142651
-1.900001	-6.48E-11	280.165937	0.1000001	-5.8E-12	280.165937
-2.000001	-6.7E-11	280.189217	0.1000001	-5.2E-12	280.189217
-2.100001	-6.72E-11	280.212441	0.1000001	-5.4E-12	280.212441
-2.2	-4.54E-11	280.274056	0.0999999	-7.1E-12	280.274056
-2.3	-6.42E-11	280.297425	0.1000002	-5.4E-12	280.297425
-2.4	-6.66E-11	280.320643	0.1000003	-5.1E-12	280.320643
-2.5	-6.8E-11	280.343856	0.1	-4.9E-12	280.343856
-2.6	-6.69E-11	280.367193	0.0999999	-5.2E-12	280.367193
-2.7	-6.7E-11	280.390489	0.1	-5.1E-12	280.390489
-2.8	-6.97E-11	280.413693	0.0999999	-5.2E-12	280.413693
-2.9	-6.99E-11	280.436912	0.1000001	-5E-12	280.436912
-3	-7.08E-11	280.460124	0.1000001	-5E-12	280.460124
-3.1	-6.93E-11	280.483422	0.1000001	-5.4E-12	280.483422
-3.2	-6.87E-11	280.506748	0.1000002	-5.3E-12	280.506748
-3.3	-7.2E-11	280.530012	0.1000004	-5.2E-12	280.530012
-3.4	-7.23E-11	280.553217	0.1000002	-5.2E-12	280.553217
-3.5	-7.3E-11	280.576433	0.1000001	-5.3E-12	280.576433
-3.6	-7.28E-11	280.599665	0.1000001	-4.5E-12	280.599665
-3.7	-7.35E-11	280.622897	0.1000003	-4.7E-12	280.622897
-3.8	-7.4E-11	280.646107	0.1000001	-4.5E-12	280.646107
-3.9	-7.21E-11	280.6694	0.1000001	-4.4E-12	280.6694
-4	-7.21E-11	280.692698	0.1	-4.6E-12	280.692698
-4.1	-7.46E-11	280.715891	0.1000001	-4.2E-12	280.715891
-4.2	-5.48E-11	280.765288	0.0999999	-5.6E-12	280.765288
-4.3	-7.4E-11	280.788578	0.1	-4.6E-12	280.788578
-4.4	-7.25E-11	280.811887	0.1000002	-4.9E-12	280.811887
-4.5	-7.46E-11	280.835099	0.1000002	-4.5E-12	280.835099
-4.6	-7.46E-11	280.858386	0.1000003	-4.6E-12	280.858386
-4.7	-7.39E-11	280.881761	0.1	-4.4E-12	280.881761
-4.8	-7.53E-11	280.904991	0.1000002	-4.5E-12	280.904991
-4.9	-7.66E-11	280.928197	0.1	-4.4E-12	280.928197
-5	-7.62E-11	280.951408	0.1000001	-4.4E-12	280.951408
-5.1	-7.5E-11	280.9747	0.1000001	-4.3E-12	280.9747
-5.2	-7.55E-11	280.997997	0.1	-4.4E-12	280.997997
-5.3	-7.77E-11	281.021208	0.1000002	-4.4E-12	281.021208
-5.4	-7.64E-11	281.044507	0.1	-4.4E-12	281.044507
-5.5	-7.69E-11	281.067803	0.1	-4.3E-12	281.067803
-5.6	-7.81E-11	281.091014	0.1000002	-4.3E-12	281.091014
-5.7	-7.41E-11	281.114425	0.1000001	-5.3E-12	281.114425
-5.8	-7.69E-11	281.137722	0.1000001	-4.7E-12	281.137722
-5.9	-7.67E-11	281.161009	0.1000001	-5E-12	281.161009
-6	-7.92E-11	281.184339	0.1000001	-4.5E-12	281.184339
-6.1	-7.74E-11	281.207637	0.1000001	-4.9E-12	281.207637
-6.2	-7.92E-11	281.230864	0.0999999	-4.5E-12	281.230864
-6.3	-5.93E-11	281.271285	0.0999998	-6.1E-12	281.271285
-6.4	-7.85E-11	281.294576	0.1000003	-4.4E-12	281.294576
-6.5	-7.74E-11	281.317863	0.1000003	-4E-12	281.317863
-6.6	-7.79E-11	281.341138	0.1000003	-4E-12	281.341138
-6.7	-7.97E-11	281.364414	0.1000002	-4.2E-12	281.364414
-6.8	-8.02E-11	281.387632	0.0999998	-3.8E-12	281.387632
-6.9	-7.89E-11	281.410921	0.1000001	-4.2E-12	281.410921
-7	-7.89E-11	281.434196	0.1000001	-3.6E-12	281.434196
-7.1	-8.1E-11	281.4574	0.1000001	-4E-12	281.4574
-7.2	-7.96E-11	281.480704	0.1000001	-3.8E-12	281.480704
-7.3	-8.03E-11	281.50399	0.1000002	-3.8E-12	281.50399
-7.4	-7.95E-11	281.527332	0.1000001	-3.7E-12	281.527332
-7.5	-8.14E-11	281.550537	0.1000002	-3.8E-12	281.550537
-7.6	-8.18E-11	281.573749	0.1	-3.9E-12	281.573749
-7.7	-8.01E-11	281.597049	0.1000001	-3.8E-12	281.597049
-7.8	-8.05E-11	281.620355	0.1000001	-4E-12	281.620355
-7.9	-8.23E-11	281.643559	0.1000001	-3.9E-12	281.643559
-8	-8.26E-11	281.66677	0.1	-3.3E-12	281.66677
-8.1	-8.05E-11	281.690169	0.1000002	-3.8E-12	281.690169
-8.2	-8.31E-11	281.713373	0.1000001	-3.8E-12	281.713373
-8.3	-6.17E-11	281.77226	0.0999998	-5.8E-12	281.77226
-8.4	-8.15E-11	281.795557	0.1000001	-3.9E-12	281.795557
-8.5	-8.24E-11	281.818777	0.1000001	-3.6E-12	281.818777
-8.6	-8.28E-11	281.841994	0.1000003	-3.9E-12	281.841994
-8.7	-8.06E-11	281.865346	0.1000001	-4.4E-12	281.865346
-8.8	-8.13E-11	281.888642	0.1000001	-4.2E-12	281.888642
-8.9	-8.27E-11	281.911852	0.1000001	-3E-12	281.911852
-9	-8.2E-11	281.935137	0.1	-3.8E-12	281.935137
-9.1	-8.22E-11	281.958427	0.1000002	-3.3E-12	281.958427
-9.2	-8.39E-11	281.98164	0.1000003	-3.5E-12	281.98164
-9.3	-8.42E-11	282.004855	0.1	-3.6E-12	282.004855
-9.4	-8.4E-11	282.028063	0.1000001	-3.4E-12	282.028063
-9.5	-8.27E-11	282.051352	0.1	-3.8E-12	282.051352
-9.6	-8.3E-11	282.074644	0.1000003	-3.8E-12	282.074644
-9.7	-8.47E-11	282.097874	0.1000001	-3.4E-12	282.097874
-9.8	-8.52E-11	282.121098	0.1	-3.7E-12	282.121098
-9.9	-8.37E-11	282.144386	0.1000002	-3.8E-12	282.144386
-10	-8.37E-11	282.167673	0.1000002	-3.6E-12	282.167673
-9.90001	-4.28E-11	282.191014	0.0999995	-6.6E-12	282.191014
-9.80001	-4.15E-11	282.21431	0.0999998	-6.5E-12	282.21431
-9.70001	-5.59E-11	282.273922	0.0999999	-5.1E-12	282.273922
-9.60001	-3.55E-11	282.297214	0.0999995	-7.2E-12	282.297214
-9.50001	-3.4E-11	282.320424	0.0999999	-7.1E-12	282.320424
-9.40001	-3.44E-11	282.343722	0.0999995	-6.7E-12	282.343722
-9.30001	-3.2E-11	282.367009	0.0999997	-6.9E-12	282.367009
-9.20001	-3.07E-11	282.390231	0.0999996	-7E-12	282.390231
-9.10001	-3.1E-11	282.413525	0.0999997	-6.8E-12	282.413525
-9.00001	-3.05E-11	282.436806	0.0999996	-7.1E-12	282.436806
-8.90001	-2.96E-11	282.460101	0.0999999	-7E-12	282.460101
-8.80001	-2.74E-11	282.483321	0.0999997	-7.2E-12	282.483321
-8.70001	-2.86E-11	282.506616	0.0999997	-6.4E-12	282.506616
-8.60001	-2.82E-11	282.529961	0.0999997	-6.5E-12	282.529961
-8.50001	-2.52E-11	282.553174	0.0999995	-7.3E-12	282.553174
-8.40001	-2.49E-11	282.576385	0.0999996	-6.8E-12	282.576385
-8.30001	-2.58E-11	282.599833	0.0999996	-7E-12	282.599833
-8.20001	-2.4E-11	282.623075	0.0999996	-6.9E-12	282.623075
-8.10001	-2.3E-11	282.646286	0.0999997	-7.1E-12	282.646286
-8.00001	-2.43E-11	282.669579	0.0999999	-6.7E-12	282.669579
-7.90001	-2.4E-11	282.692883	0.0999998	-6.7E-12	282.692883
-7.80001	-2.2E-11	282.716115	0.0999997	-7.2E-12	282.716115
-7.70001	-4.23E-11	282.775119	0.0999999	-5.5E-12	282.775119
-7.6	-2.26E-11	282.798434	0.0999997	-7.3E-12	282.798434
-7.50001	-2.16E-11	282.821675	0.0999996	-7.3E-12	282.821675
-7.40001	-2.34E-11	282.84501	0.0999998	-7E-12	282.84501
-7.30001	-2.05E-11	282.868284	0.0999997	-7.7E-12	282.868284
-7.2	-1.97E-11	282.89152	0.0999997	-7.2E-12	282.89152
-7.10001	-1.89E-11	282.914737	0.0999996	-7.4E-12	282.914737
-7.00001	-1.93E-11	282.937951	0.0999998	-7.6E-12	282.937951
-6.90001	-2.08E-11	282.961257	0.0999997	-7.2E-12	282.961257
-6.80001	-1.83E-11	282.984468	0.0999997	-7.5E-12	282.984468
-6.70001	-1.77E-11	283.007688	0.0999997	-7.8E-12	283.007688
-6.60001	-1.93E-11	283.030976	0.0999998	-7.6E-12	283.030976
-6.50001	-1.87E-11	283.054273	0.0999997	-7.6E-12	283.054273
-6.40001	-1.73E-11	283.077513	0.0999997	-7.7E-12	283.077513
-6.30001	-1.8E-11	283.100819	0.0999997	-7.7E-12	283.100819
-6.20001	-1.74E-11	283.12413	0.0999997	-7.3E-12	283.12413
-6.10001	-1.53E-11	283.147321	0.0999997	-7.8E-12	283.147321
-6.00001	-1.57E-11	283.170567	0.0999996	-7.7E-12	283.170567
-5.90001	-1.42E-11	283.193821	0.0999998	-8.1E-12	283.193821
-5.80001	-1.47E-11	283.217056	0.0999997	-8.1E-12	283.217056
-5.70001	-3.47E-11	283.272611	0.1	-6.2E-12	283.272611
-5.60001	-1.52E-11	283.295877	0.0999996	-7.9E-12	283.295877
-5.50001	-1.64E-11	283.319187	0.0999997	-7.9E-12	283.319187
-5.40001	-1.54E-11	283.342478	0.0999997	-7.9E-12	283.342478
-5.30001	-1.27E-11	283.365756	0.0999998	-8.1E-12	283.365756
-5.20001	-1.23E-11	283.388971	0.0999998	-8.1E-12	283.388971
-5.1	-1.32E-11	283.412264	0.0999997	-8.2E-12	283.412264
-5.00001	-1.33E-11	283.435555	0.0999998	-8.2E-12	283.435555
-4.90001	-1.09E-11	283.458753	0.0999997	-8.3E-12	283.458753
-4.80001	-1.03E-11	283.481956	0.0999996	-8.3E-12	283.481956
-4.7	-1.15E-11	283.505246	0.0999997	-7.8E-12	283.505246
-4.60001	-1.12E-11	283.528602	0.0999997	-8E-12	283.528602
-4.50001	-8.9E-12	283.551808	0.0999996	-8.6E-12	283.551808
-4.40001	-8.6E-12	283.575024	0.0999999	-8.1E-12	283.575024
-4.3	-9.6E-12	283.598319	0.0999997	-8.5E-12	283.598319
-4.20001	-7E-12	283.621538	0.0999997	-8.5E-12	283.621538
-4.10001	-7.1E-12	283.644755	0.0999998	-8.2E-12	283.644755
-4.00001	-6.6E-12	283.667971	0.0999997	-8.4E-12	283.667971
-3.90001	-8.4E-12	283.691264	0.0999998	-8.5E-12	283.691264
-3.80001	-7.8E-12	283.714566	0.0999996	-8.6E-12	283.714566
-3.70001	-5.8E-12	283.737797	0.0999998	-8.7E-12	283.737797
-3.60001	-2.54E-11	283.778479	0.0999998	-7.1E-12	283.778479
-3.50001	-7.6E-12	283.801868	0.0999996	-8.6E-12	283.801868
-3.40001	-4.5E-12	283.825085	0.0999998	-8.9E-12	283.825085
-3.30001	-3.9E-12	283.84829	0.0999997	-8.9E-12	283.84829
-3.20001	-5.2E-12	283.871638	0.0999998	-8.7E-12	283.871638
-3.10001	-4.6E-12	283.894925	0.0999997	-8.6E-12	283.894925
-3.00001	-2.2E-12	283.918146	0.0999999	-8.8E-12	283.918146
-2.90001	-3.2E-12	283.941443	0.0999997	-8.9E-12	283.941443
-2.80001	-2.7E-12	283.96472	0.0999997	-9.2E-12	283.96472
-2.70001	-4E-13	283.987916	0.0999996	-9.5E-12	283.987916
-2.60001	0	284.011158	0.0999996	-9E-12	284.011158
-2.50001	1E-12	284.034368	0.0999996	-9.1E-12	284.034368
-2.40001	4E-13	284.057656	0.0999998	-8.9E-12	284.057656
-2.30001	2E-13	284.080939	0.0999998	-9.2E-12	284.080939
-2.20001	3.5E-12	284.104153	0.0999997	-9.2E-12	284.104153
-2.099999	-1.25E-11	284.129321	0.0999999	-8.1E-12	284.129321
-2	2.7E-12	284.152604	0.0999996	-9.4E-12	284.152604
-1.9	3.8E-12	284.175875	0.0999995	-9.5E-12	284.175875
-1.8	6.7E-12	284.199144	0.0999999	-9.9E-12	284.199144
-1.699999	7.4E-12	284.222377	0.0999997	-1E-11	284.222377
-1.600001	-1.31E-11	284.279705	0.0999999	-7.8E-12	284.279705
-1.5	5.3E-12	284.303057	0.0999997	-9.9E-12	284.303057
-1.4	8.1E-12	284.326295	0.0999997	-9.8E-12	284.326295
-1.3	1.01E-11	284.349503	0.0999998	-1.01E-11	284.349503
-1.2	1.16E-11	284.372768	0.0999997	-1.03E-11	284.372768
-1.1	1.08E-11	284.396062	0.0999997	-1E-11	284.396062
-1	1.34E-11	284.419348	0.0999997	-9.2E-12	284.419348
-0.9	1.55E-11	284.442554	0.0999997	-6E-13	284.442554
-0.799999	1.51E-11	284.465834	0.0999999	4.61E-11	284.465834
-0.7	1.68E-11	284.489108	0.1	2.539E-10	284.489108
-0.599999	1.94E-11	284.512306	0.1000003	1.1006E-09	284.512306
-0.5	2.15E-11	284.535574	0.1000018	4.1424E-09	284.535574
-0.4	2.33E-11	284.558783	0.100005	1.35836E-08	284.558783
-0.3	2.46E-11	284.582016	0.1000093	3.83169E-08	284.582016
-0.1999998	8.9E-12	284.607205	0.1000272	9.14974E-08	284.607205
-0.1000002	6.8E-12	284.646648	0.1000001	1.84564E-07	284.646648
2E-07	1.35E-11	284.671116	0.1000009	3.40144E-07	284.671116
0.1000003	1.54E-11	284.695622	0.100001	5.55914E-07	284.695622
0.2000003	1.72E-11	284.720146	0.1000011	8.32784E-07	284.720146
0.299999	1.04E-11	284.797388	0.1	1.14842E-06	284.797388
0.4	1.76E-11	284.822039	0.0999999	1.53908E-06	284.822039
0.5	2.04E-11	284.846547	0.1000002	1.96916E-06	284.846547
0.599999	2.03E-11	284.87215	0.1000001	2.43372E-06	284.87215
0.699999	2.5E-11	284.896662	0.1000001	2.92854E-06	284.896662
0.799999	2.73E-11	284.92117	0.1000002	3.44886E-06	284.92117
0.899999	2.93E-11	284.945662	0.1000004	3.9906E-06	284.945662
0.999999	3.12E-11	284.970178	0.1000001	4.55174E-06	284.970178
1.1	3.29E-11	284.994675	0.1000001	5.12895E-06	284.994675
1.2	3.44E-11	285.019179	0.0999999	5.7208E-06	285.019179
1.3	3.61E-11	285.04367	0.1000001	6.32524E-06	285.04367
1.399999	3.74E-11	285.068176	0.0999999	6.93911E-06	285.068176
1.5	3.88E-11	285.092671	0.1000002	7.56188E-06	285.092671
1.599999	3.99E-11	285.117189	0.1000001	8.19218E-06	285.117189
1.699999	4.13E-11	285.141714	0.1	8.82907E-06	285.141714
1.8	4.17E-11	285.166224	0.0999998	9.47124E-06	285.166224
1.9	4.28E-11	285.190717	0.1000001	1.011867E-05	285.190717
1.999999	3.8E-11	285.225516	0.1000001	1.07624E-05	285.225516
2.099999	3.63E-11	285.287516	0.1	1.14098E-05	285.287516
2.19999	4.13E-11	285.3124	0.1000002	1.20728E-05	285.3124
2.29999	4.32E-11	285.336926	0.1000001	1.27377E-05	285.336926
2.39999	4.37E-11	285.361458	0.1000001	1.34055E-05	285.361458
2.49999	4.49E-11	285.386029	0.0999999	1.40755E-05	285.386029
2.59999	4.54E-11	285.410567	0.1000001	1.47484E-05	285.410567
2.69999	4.62E-11	285.435097	0.1000001	1.54242E-05	285.435097
2.79999	4.65E-11	285.459605	0.1	1.61023E-05	285.459605
2.89999	4.73E-11	285.484108	0.1000002	1.67831E-05	285.484108
2.99999	4.77E-11	285.508625	0.1000001	1.74656E-05	285.508625
3.09999	4.8E-11	285.533183	0.1000001	1.81505E-05	285.533183
3.19999	4.87E-11	285.5577	0.0999999	1.88369E-05	285.5577
3.29999	4.91E-11	285.582242	0.1000002	1.95259E-05	285.582242
3.39999	4.93E-11	285.606749	0.1000001	2.02167E-05	285.606749
3.49999	4.97E-11	285.631299	0.1000001	2.09098E-05	285.631299
3.59999	5E-11	285.655812	0.1000003	2.16038E-05	285.655812
3.69999	5.06E-11	285.680328	0.1000001	2.23005E-05	285.680328
3.79999	5.1E-11	285.704834	0.1	2.29984E-05	285.704834
3.89999	5.09E-11	285.729356	0.1000003	2.36983E-05	285.729356
3.99999	4.42E-11	285.786675	0.1	2.43899E-05	285.786675
4.09999	4.92E-11	285.811272	0.1	2.50956E-05	285.811272
4.19999	5.01E-11	285.835876	0.1000002	2.58011E-05	285.835876
4.29999	5.08E-11	285.860383	0.1000002	2.65086E-05	285.860383
4.39999	5.12E-11	285.884985	0.1	2.72164E-05	285.884985
4.49999	5.15E-11	285.909498	0.1	2.79262E-05	285.909498
4.59999	5.17E-11	285.933982	0.1000001	2.86367E-05	285.933982
4.69999	5.24E-11	285.958487	0.1	2.93489E-05	285.958487
4.79999	5.27E-11	285.982999	0.1000001	3.00626E-05	285.982999
4.89999	5.27E-11	286.007538	0.1000001	3.0778E-05	286.007538
4.99999	5.32E-11	286.032052	0.1000001	3.14952E-05	286.032052
5.09999	5.36E-11	286.056585	0.0999999	3.22138E-05	286.056585
5.19999	5.36E-11	286.081114	0.1	3.29333E-05	286.081114
5.29999	5.35E-11	286.105666	0.1000001	3.36552E-05	286.105666
5.39999	5.38E-11	286.13017	0.1	3.43794E-05	286.13017
5.49999	5.36E-11	286.154738	0.1000002	3.51042E-05	286.154738
5.59999	5.48E-11	286.179261	0.1000001	3.58305E-05	286.179261
5.69999	5.45E-11	286.203843	0.1000001	3.65593E-05	286.203843
5.79999	5.44E-11	286.228376	0.0999998	3.72888E-05	286.228376
5.89999	4.74E-11	286.288042	0.0999999	3.8009E-05	286.288042
5.99999	5.32E-11	286.312609	0.1000001	3.87459E-05	286.312609
6.09999	5.32E-11	286.337218	0.1000001	3.94818E-05	286.337218
6.19999	5.43E-11	286.361736	0.0999999	4.02193E-05	286.361736
6.29999	5.44E-11	286.386325	0.1	4.09581E-05	286.386325
6.39999	5.48E-11	286.410831	0.1000002	4.16981E-05	286.410831
6.49999	5.49E-11	286.435343	0.1000002	4.24391E-05	286.435343
6.59999	5.49E-11	286.459856	0.1000001	4.31826E-05	286.459856
6.69999	5.53E-11	286.484374	0.1000001	4.39264E-05	286.484374
6.79999	5.53E-11	286.508866	0.1000001	4.46725E-05	286.508866
6.89999	5.62E-11	286.53339	0.1000001	4.54199E-05	286.53339
6.99999	5.64E-11	286.557899	0.1000001	4.61696E-05	286.557899
7.09999	5.61E-11	286.58242	0.1000002	4.69208E-05	286.58242
7.19999	5.64E-11	286.607021	0.1000001	4.76727E-05	286.607021
7.29999	5.67E-11	286.63154	0.1	4.84267E-05	286.63154
7.39999	5.7E-11	286.656057	0.0999998	4.91824E-05	286.656057
7.49999	5.68E-11	286.680595	0.1000001	4.99397E-05	286.680595
7.59999	5.71E-11	286.705118	0.0999999	5.06977E-05	286.705118
7.69999	5.77E-11	286.729625	0.1	5.14574E-05	286.729625
7.79999	5.05E-11	286.789662	0.0999999	5.22089E-05	286.789662
7.89999	5.6E-11	286.814267	0.1000002	5.29752E-05	286.814267
7.99999	5.59E-11	286.838795	0.1	5.37418E-05	286.838795
8.09999	5.66E-11	286.863304	0.1000001	5.45088E-05	286.863304
8.19999	5.67E-11	286.887886	0.1000002	5.52778E-05	286.887886
8.29999	5.66E-11	286.912415	0.0999999	5.60471E-05	286.912415
8.39999	5.7E-11	286.936922	0.1000001	5.68187E-05	286.936922
8.49999	5.73E-11	286.961483	0.1	5.75916E-05	286.961483
8.59999	5.8E-11	286.985983	0.1000002	5.83651E-05	286.985983
8.69999	5.78E-11	287.010504	0.0999999	5.91411E-05	287.010504
8.79999	5.81E-11	287.035021	0.1000001	5.99196E-05	287.035021
8.89999	5.81E-11	287.059557	0.1	6.06977E-05	287.059557
8.99999	5.84E-11	287.084079	0.1000001	6.1479E-05	287.084079
9.09999	5.85E-11	287.108622	0.1	6.22612E-05	287.108622
9.19999	5.91E-11	287.133104	0.1000001	6.30449E-05	287.133104
9.29999	5.89E-11	287.157629	0.0999999	6.38272E-05	287.157629
9.39999	5.94E-11	287.18216	0.1000002	6.46149E-05	287.18216
9.49999	5.94E-11	287.20676	0.1	6.54043E-05	287.20676
9.59999	5.94E-11	287.231262	0.1000001	6.61957E-05	287.231262
9.69999	5.31E-11	287.290968	0.1000003	6.69796E-05	287.290968
9.79999	5.79E-11	287.315544	0.1	6.77754E-05	287.315544
9.89999	5.89E-11	287.340082	0.0999999	6.85708E-05	287.340082
9.99999	5.9E-11	287.364585	0.1000003	6.93677E-05	287.364585
9.9	4.58E-11	287.389157	0.0999997	6.85555E-05	287.389157
9.8	4.21E-11	287.413675	0.0999999	6.77502E-05	287.413675
9.7	4.03E-11	287.438178	0.1	6.69466E-05	287.438178
9.6	3.86E-11	287.462693	0.0999999	6.61461E-05	287.462693
9.5	3.7E-11	287.487202	0.0999997	6.5348E-05	287.487202
9.4	3.54E-11	287.511719	0.1	6.45523E-05	287.511719
9.3	3.55E-11	287.536289	0.1	6.37569E-05	287.536289
9.2	3.44E-11	287.560833	0.0999998	6.29638E-05	287.560833
9.1	3.3E-11	287.585339	0.1	6.21727E-05	287.585339
9	3.2E-11	287.60984	0.1000001	6.13831E-05	287.60984
8.9	3.11E-11	287.634365	0.0999998	6.05974E-05	287.634365
8.8	3.09E-11	287.658888	0.0999999	5.98091E-05	287.658888
8.7	3.03E-11	287.683395	0.0999998	5.90236E-05	287.683395
8.6	3E-11	287.707935	0.1000001	5.82401E-05	287.707935
8.5	2.93E-11	287.732433	0.0999999	5.74569E-05	287.732433
8.4	3.49E-11	287.793074	0.0999999	5.66787E-05	287.793074
8.3	2.96E-11	287.817714	0.0999999	5.58968E-05	287.817714
8.2	2.89E-11	287.842282	0.1000001	5.51188E-05	287.842282
8.1	2.8E-11	287.866818	0.0999999	5.4343E-05	287.866818
8	2.73E-11	287.891394	0.0999999	5.35679E-05	287.891394
7.9	2.69E-11	287.915921	0.1	5.27947E-05	287.915921
7.8	2.69E-11	287.940529	0.1	5.20241E-05	287.940529
7.7	2.6E-11	287.965033	0.0999998	5.12547E-05	287.965033
7.6	2.58E-11	287.989562	0.1000001	5.04862E-05	287.989562
7.5	2.54E-11	288.014095	0.0999999	4.97195E-05	288.014095
7.4	2.44E-11	288.038605	0.0999998	4.89544E-05	288.038605
7.3	2.4E-11	288.063126	0.0999999	4.81915E-05	288.063126
7.2	2.36E-11	288.087663	0.1000001	4.74294E-05	288.087663
7.1	2.37E-11	288.112207	0.1000002	4.66687E-05	288.112207
7	2.42E-11	288.13699	0.0999998	4.59105E-05	288.13699
6.9	2.3E-11	288.161564	0.1000002	4.51535E-05	288.161564
6.8	2.26E-11	288.186069	0.0999999	4.43978E-05	288.186069
6.7	2.26E-11	288.210648	0.0999999	4.36437E-05	288.210648
6.6	2.19E-11	288.235201	0.1	4.28915E-05	288.235201
6.5	2.79E-11	288.294057	0.0999999	4.21458E-05	288.294057
6.4	2.27E-11	288.318646	0.0999998	4.13963E-05	288.318646
6.3	2.2E-11	288.343153	0.1	4.0648E-05	288.343153
6.2	2.08E-11	288.367697	0.1000001	3.99018E-05	288.367697
6.1	2.05E-11	288.392257	0.0999999	3.91571E-05	288.392257
6	2.01E-11	288.416781	0.1000001	3.84149E-05	288.416781
5.9	1.94E-11	288.441287	0.0999998	3.76735E-05	288.441287
5.8	1.95E-11	288.465818	0.1000001	3.69337E-05	288.465818
5.7	1.85E-11	288.490349	0.0999999	3.61962E-05	288.490349
5.6	1.83E-11	288.514882	0.0999999	3.54608E-05	288.514882
5.5	1.79E-11	288.539452	0.1	3.47256E-05	288.539452
5.4	1.74E-11	288.563994	0.1000003	3.39931E-05	288.563994
5.3	1.73E-11	288.588548	0.1	3.32626E-05	288.588548
5.2	1.62E-11	288.613064	0.1000002	3.25342E-05	288.613064
5.1	1.59E-11	288.637579	0.0999999	3.18066E-05	288.637579
5	1.6E-11	288.662181	0.0999998	3.10811E-05	288.662181
4.9	1.54E-11	288.686704	0.0999998	3.03573E-05	288.686704
4.8	1.49E-11	288.71124	0.1	2.96355E-05	288.71124
4.7	1.42E-11	288.735779	0.1000001	2.89151E-05	288.735779
4.6	2.04E-11	288.795883	0.1	2.82009E-05	288.795883
4.5	1.47E-11	288.820503	0.0999999	2.74837E-05	288.820503
4.4	1.41E-11	288.845019	0.0999999	2.67684E-05	288.845019
4.3	1.33E-11	288.869567	0.0999999	2.60551E-05	288.869567
4.2	1.28E-11	288.894148	0.1	2.53443E-05	288.894148
4.1	1.21E-11	288.91867	0.0999999	2.46352E-05	288.91867
4	1.18E-11	288.943196	0.1000001	2.39289E-05	288.943196
3.9	1.1E-11	288.967732	0.0999999	2.32241E-05	288.967732
3.8	1.04E-11	288.992286	0.0999999	2.25208E-05	288.992286
3.7	9.9E-12	289.016824	0.1	2.18199E-05	289.016824
3.6	8.9E-12	289.041353	0.0999999	2.11213E-05	289.041353
3.5	8.3E-12	289.065903	0.0999998	2.04249E-05	289.065903
3.4	7.5E-12	289.090431	0.1	1.97302E-05	289.090431
3.3	7.2E-12	289.114933	0.1	1.90386E-05	289.114933
3.2	5.9E-12	289.139459	0.1	1.83492E-05	289.139459
3.1	5.7E-12	289.163972	0.0999999	1.76622E-05	289.163972
3	4.5E-12	289.188525	0.0999999	1.69773E-05	289.188525
2.9	4E-12	289.213093	0.1000003	1.62948E-05	289.213093
2.8	3.9E-12	289.237613	0.0999998	1.5615E-05	289.237613
2.7	9.5E-12	289.297512	0.1	1.49442E-05	289.297512
2.6	4.2E-12	289.322085	0.1	1.42687E-05	289.322085
2.5	2.5E-12	289.346601	0.1000001	1.3597E-05	289.346601
2.4	1.6E-12	289.371075	0.1000001	1.29287E-05	289.371075
2.3	8E-13	289.39566	0.1000001	1.22642E-05	289.39566
2.2	-5E-13	289.420162	0.1	1.16026E-05	289.420162
2.099999	1.8E-12	289.446577	0.0999999	1.09466E-05	289.446577
2	-2.3E-12	289.471097	0.0999999	1.02939E-05	289.471097
1.9	-3.8E-12	289.495627	0.0999999	9.6453E-06	289.495627
1.8	-4.9E-12	289.520145	0.0999998	9.002E-06	289.520145
1.7	-2.2E-12	289.547337	0.0999999	8.36823E-06	289.547337
1.6	-6.6E-12	289.571932	0.1000001	7.73656E-06	289.571932
1.5	-8.5E-12	289.596438	0.0999998	7.11238E-06	289.596438
1.4	-9.7E-12	289.620956	0.1	6.49698E-06	289.620956
1.3	-1.11E-11	289.645473	0.0999997	5.89178E-06	289.645473
1.2	-1.24E-11	289.669982	0.0999999	5.29862E-06	289.669982
1.1	-1.44E-11	289.694492	0.0999999	4.71907E-06	289.694492
1	-1.57E-11	289.718995	0.0999998	4.15556E-06	289.718995
0.9	-1.73E-11	289.743543	0.0999998	3.61057E-06	289.743543
0.8	-1.35E-11	289.794429	0.1000001	3.09255E-06	289.794429
0.7	-1.99E-11	289.819069	0.0999996	2.59104E-06	289.819069
0.6	-2.26E-11	289.84361	0.0999999	2.11958E-06	289.84361
0.5	-2.51E-11	289.868137	0.1	1.68161E-06	289.868137
0.4	-2.67E-11	289.892732	0.0999996	1.2841E-06	289.892732
0.3	-2.94E-11	289.917228	0.0999999	9.3321E-07	289.917228
0.2	-2.73E-11	289.946413	0.0999996	6.39388E-07	289.946413
0.0999997	-3.34E-11	289.970952	0.0999995	4.02554E-07	289.970952
-3E-07	-3.63E-11	289.995433	0.0999994	2.28632E-07	289.995433
#scan	iMeasureCycle=3	iMux=0	time=319.766	N=401	LocalTime=19/04/2023 13:24:56
#VGate(V)	IGate(A)	time(s)	VDrain(V)	IDrain(A)	time(s)
-3E-07	-1.49E-11	319.773446	0.0999995	2.80678E-07	319.773446
-0.1000005	-2.27E-11	319.79831	0.0999997	1.43046E-07	319.79831
-0.1999998	-2.15E-11	319.837475	0.0999943	6.39134E-08	319.837475
-0.300001	-4.48E-11	319.860941	0.1000062	2.32999E-08	319.860941
-0.400001	-4.76E-11	319.884137	0.100002	7.2472E-09	319.884137
-0.500001	-5E-11	319.907353	0.1000009	1.9639E-09	319.907353
-0.600001	-5.22E-11	319.930604	0.1000004	4.701E-10	319.930604
-0.700001	-5.27E-11	319.953888	0.1000002	9.38E-11	319.953888
-0.800001	-5.62E-11	319.977101	0.1000003	1.1E-11	319.977101
-0.900001	-5.76E-11	320.000301	0.1	-3.6E-12	320.000301
-1.000001	-5.87E-11	320.023504	0.1000002	-6E-12	320.023504
-1.100001	-5.84E-11	320.046794	0.1000001	-6.4E-12	320.046794
-1.200001	-6.07E-11	320.070021	0.1000002	-5.8E-12	320.070021
-1.300001	-6.21E-11	320.093254	0.1000002	-5.3E-12	320.093254
-1.400001	-6.29E-11	320.11647	0.1000002	-5.5E-12	320.11647
-1.500001	-6.39E-11	320.139676	0.1000002	-5.9E-12	320.139676
-1.600001	-6.32E-11	320.162973	0.1000001	-6.1E-12	320.162973
-1.700001	-6.51E-11	320.186198	0.1000002	-5.7E-12	320.186198
-1.800001	-6.6E-11	320.209417	0.1000001	-5.5E-12	320.209417
-1.900001	-6.67E-11	320.232626	0.1000001	-5.6E-12	320.232626
-2.000001	-6.54E-11	320.25596	0.1000001	-6E-12	320.25596
-2.100001	-6.77E-11	320.279184	0.1000002	-5.5E-12	320.279184
-2.2	-4.62E-11	320.341279	0.0999999	-7.4E-12	320.341279
-2.3	-6.61E-11	320.364579	0.1	-5.6E-12	320.364579
-2.4	-6.72E-11	320.387803	0.1000001	-5.1E-12	320.387803
-2.5	-6.61E-11	320.411098	0.1000001	-5.5E-12	320.411098
-2.6	-6.74E-11	320.434455	0.1000002	-5.4E-12	320.434455
-2.7	-6.99E-11	320.457665	0.1000001	-5.2E-12	320.457665
-2.8	-7.05E-11	320.480887	0.1000001	-4.9E-12	320.480887
-2.9	-6.91E-11	320.504178	0.1000001	-5E-12	320.504178
-3	-6.92E-11	320.527473	0.1000001	-5.5E-12	320.527473
-3.1	-7.13E-11	320.550687	0.1000001	-5.1E-12	320.550687
-3.2	-7.22E-11	320.573897	0.1000002	-5.4E-12	320.573897
-3.3	-7.07E-11	320.597231	0.1000001	-4.9E-12	320.597231
-3.4	-7.1E-11	320.62052	0.1000003	-5.6E-12	320.62052
-3.5	-7.35E-11	320.643724	0.1000003	-5.1E-12	320.643724
-3.6	-7.34E-11	320.666948	0.1000002	-5.2E-12	320.666948
-3.7	-7.19E-11	320.690249	0.1000002	-5.1E-12	320.690249
-3.8	-7.2E-11	320.713538	0.1000002	-4.7E-12	320.713538
-3.9	-7.43E-11	320.736736	0.1000003	-4.7E-12	320.736736
-4	-7.47E-11	320.759946	0.1	-4.8E-12	320.759946
-4.1	-7.33E-11	320.783242	0.1000001	-4.8E-12	320.783242
-4.2	-5.43E-11	320.837145	0.0999999	-6.6E-12	320.837145
-4.3	-7.18E-11	320.860519	0.1000002	-5.2E-12	320.860519
-4.4	-7.4E-11	320.883744	0.1000002	-5.1E-12	320.883744
-4.5	-7.54E-11	320.906955	0.1000001	-4.5E-12	320.906955
-4.6	-7.56E-11	320.930224	0.1	-4.9E-12	320.930224
-4.7	-7.43E-11	320.953591	0.1000001	-5E-12	320.953591
-4.8	-7.6E-11	320.976801	0.1	-4.9E-12	320.976801
-4.9	-7.62E-11	321.000014	0.1000001	-4.7E-12	321.000014
-5	-7.65E-11	321.023222	0.1000002	-4.5E-12	321.023222
-5.1	-7.54E-11	321.046504	0.1000002	-4.8E-12	321.046504
-5.2	-7.55E-11	321.069808	0.1000001	-4.5E-12	321.069808
-5.3	-7.78E-11	321.093008	0.1000002	-4.5E-12	321.093008
-5.4	-7.76E-11	321.116234	0.1000002	-4.6E-12	321.116234
-5.5	-7.66E-11	321.139523	0.1000001	-4.4E-12	321.139523
-5.6	-7.65E-11	321.162823	0.0999999	-4.5E-12	321.162823
-5.7	-7.91E-11	321.186181	0.1000002	-4.2E-12	321.186181
-5.8	-7.73E-11	321.209466	0.1000002	-4.6E-12	321.209466
-5.9	-7.76E-11	321.232748	0.1000003	-4.7E-12	321.232748
-6	-7.98E-11	321.256064	0.1000001	-4.4E-12	321.256064
-6.1	-7.92E-11	321.279286	0.1000001	-4.1E-12	321.279286
-6.2	-5.93E-11	321.334363	0.0999999	-5.9E-12	321.334363
-6.3	-7.78E-11	321.357696	0.1000003	-4E-12	321.357696
-6.4	-7.7E-11	321.381014	0.1	-4.4E-12	321.381014
-6.5	-7.93E-11	321.404232	0.1000001	-4E-12	321.404232
-6.6	-7.96E-11	321.427501	0.1000001	-4.4E-12	321.427501
-6.7	-7.81E-11	321.450793	0.1000003	-4.3E-12	321.450793
-6.8	-7.82E-11	321.474099	0.1	-4.2E-12	321.474099
-6.9	-8E-11	321.497324	0.1000002	-4E-12	321.497324
-7	-8.07E-11	321.520542	0.1000001	-3.8E-12	321.520542
-7.1	-7.95E-11	321.543829	0.1000001	-4.2E-12	321.543829
-7.2	-8.11E-11	321.567044	0.1000003	-4.2E-12	321.567044
-7.3	-8.14E-11	321.590297	0.1000001	-4.2E-12	321.590297
-7.4	-8.18E-11	321.613527	0.1000001	-3.9E-12	321.613527
-7.5	-8.05E-11	321.636825	0.1	-4.4E-12	321.636825
-7.6	-8.01E-11	321.66011	0.1000002	-4E-12	321.66011
-7.7	-8.3E-11	321.683328	0.1000002	-3.9E-12	321.683328
-7.8	-8.03E-11	321.706688	0.1000001	-4.3E-12	321.706688
-7.9	-8.12E-11	321.729971	0.1000002	-4.4E-12	321.729971
-8	-8.28E-11	321.75318	0.1000002	-4.3E-12	321.75318
-8.1	-8.31E-11	321.776395	0.1	-3.8E-12	321.776395
-8.2	-8.33E-11	321.799602	0.1000001	-4.1E-12	321.799602
-8.3	-6.39E-11	321.835725	0.0999998	-5.6E-12	321.835725
-8.4	-8.22E-11	321.858984	0.1	-4.3E-12	321.858984
-8.5	-8.11E-11	321.8823	0.1	-4.1E-12	321.8823
-8.6	-8.3E-11	321.905524	0.1000001	-3.7E-12	321.905524
-8.7	-8.37E-11	321.928786	0.1000001	-3.8E-12	321.928786
-8.8	-8.18E-11	321.952072	0.1000001	-3.7E-12	321.952072
-8.9	-8.12E-11	321.97542	0.1000004	-4.4E-12	321.97542
-9	-8.42E-11	321.998634	0.1000001	-4E-12	321.998634
-9.1	-8.27E-11	322.021924	0.1000001	-4.1E-12	322.021924
-9.2	-8.3E-11	322.045214	0.1000001	-4.1E-12	322.045214
-9.3	-8.41E-11	322.068439	0.1000001	-3.7E-12	322.068439
-9.4	-8.49E-11	322.09166	0.1	-3.7E-12	322.09166
-9.5	-8.52E-11	322.1149	0.1000001	-3E-12	322.1149
-9.6	-8.38E-11	322.138197	0.1000001	-4E-12	322.138197
-9.7	-8.6E-11	322.161397	0.1000001	-3.6E-12	322.161397
-9.8	-8.57E-11	322.184621	0.1000002	-3.4E-12	322.184621
-9.9	-8.66E-11	322.20786	0.1	-3.4E-12	322.20786
-10	-8.42E-11	322.23115	0.1000002	-3.7E-12	322.23115
-9.90001	-4.55E-11	322.254439	0.0999998	-6.7E-12	322.254439
-9.80001	-4E-11	322.277719	0.0999998	-7.1E-12	322.277719
-9.70001	-3.73E-11	322.300942	0.0999999	-6.8E-12	322.300942
-9.60001	-5.47E-11	322.341541	0.0999998	-5.6E-12	322.341541
-9.50001	-3.46E-11	322.364855	0.0999997	-7.5E-12	322.364855
-9.40001	-3.31E-11	322.388089	0.0999996	-7.3E-12	322.388089
-9.30001	-3.34E-11	322.411384	0.0999996	-7.8E-12	322.411384
-9.20001	-3.27E-11	322.434735	0.0999996	-7.3E-12	322.434735
-9.10001	-3.02E-11	322.457939	0.0999997	-7.8E-12	322.457939
-9.00001	-2.92E-11	322.481176	0.0999997	-7.9E-12	322.481176
-8.90001	-3.02E-11	322.50446	0.0999996	-7.7E-12	322.50446
-8.80001	-2.95E-11	322.527757	0.0999998	-7.4E-12	322.527757
-8.70001	-2.67E-11	322.550969	0.0999996	-7.4E-12	322.550969
-8.60001	-2.76E-11	322.574262	0.0999998	-7.2E-12	322.574262
-8.50001	-2.72E-11	322.597602	0.0999999	-7.5E-12	322.597602
-8.40001	-2.5E-11	322.620816	0.0999996	-7.4E-12	322.620816
-8.30001	-2.49E-11	322.64404	0.0999996	-7.2E-12	322.64404
-8.20001	-2.4E-11	322.667244	0.0999997	-7.3E-12	322.667244
-8.10001	-2.52E-11	322.690555	0.0999997	-7.7E-12	322.690555
-8.00001	-2.28E-11	322.713766	0.0999997	-7.6E-12	322.713766
-7.90001	-2.25E-11	322.736993	0.0999996	-7.6E-12	322.736993
-7.80001	-2.41E-11	322.760284	0.0999997	-7.7E-12	322.760284
-7.70001	-2.33E-11	322.783566	0.0999996	-8E-12	322.783566
-7.60001	-4.18E-11	322.843193	0.1	-6.6E-12	322.843193
-7.50001	-2.46E-11	322.86657	0.0999998	-7.8E-12	322.86657
-7.40001	-2.32E-11	322.889875	0.0999997	-8E-12	322.889875
-7.30001	-2.1E-11	322.9131	0.0999997	-7.9E-12	322.9131
-7.2	-2.04E-11	322.936371	0.0999999	-8E-12	322.936371
-7.10001	-2.13E-11	322.95967	0.0999998	-8.1E-12	322.95967
-7.00001	-2.06E-11	322.982955	0.0999996	-7.8E-12	322.982955
-6.90001	-1.93E-11	323.006163	0.0999997	-8.1E-12	323.006163
-6.80001	-1.84E-11	323.029378	0.0999997	-7.9E-12	323.029378
-6.70001	-1.95E-11	323.052667	0.0999998	-7.9E-12	323.052667
-6.60001	-1.96E-11	323.076041	0.0999997	-8.1E-12	323.076041
-6.50001	-1.77E-11	323.099266	0.0999998	-8.3E-12	323.099266
-6.40001	-1.65E-11	323.122487	0.0999995	-8.4E-12	323.122487
-6.30001	-1.78E-11	323.145767	0.0999999	-8.3E-12	323.145767
-6.20001	-1.77E-11	323.169058	0.0999998	-8.2E-12	323.169058
-6.10001	-1.53E-11	323.192302	0.0999999	-8.7E-12	323.192302
-6.00001	-1.45E-11	323.215509	0.0999997	-8.6E-12	323.215509
-5.90001	-1.66E-11	323.238797	0.0999997	-8.5E-12	323.238797
-5.80001	-1.52E-11	323.262051	0.0999997	-8.9E-12	323.262051
-5.70001	-1.45E-11	323.285302	0.0999995	-8.6E-12	323.285302
-5.60001	-3.52E-11	323.344475	0.0999999	-7.1E-12	323.344475
-5.50001	-1.54E-11	323.367776	0.0999998	-9.1E-12	323.367776
-5.40001	-1.6E-11	323.391079	0.0999997	-8.9E-12	323.391079
-5.30001	-1.4E-11	323.414309	0.0999998	-8.9E-12	323.414309
-5.20001	-1.28E-11	323.437578	0.0999997	-9.3E-12	323.437578
-5.1	-1.25E-11	323.460798	0.0999995	-8.5E-12	323.460798
-5.00001	-1.35E-11	323.484096	0.0999997	-8.4E-12	323.484096
-4.90001	-1.1E-11	323.507307	0.0999996	-8.8E-12	323.507307
-4.80001	-1.16E-11	323.530546	0.0999998	-9E-12	323.530546
-4.7	-1.03E-11	323.553765	0.0999998	-9.3E-12	323.553765
-4.60001	-1.14E-11	323.577048	0.0999999	-8.9E-12	323.577048
-4.50001	-9.4E-12	323.600326	0.0999998	-9E-12	323.600326
-4.40001	-9.1E-12	323.623536	0.0999997	-8.9E-12	323.623536
-4.3	-8.4E-12	323.64675	0.0999997	-9.5E-12	323.64675
-4.20001	-9.6E-12	323.670033	0.0999999	-9.2E-12	323.670033
-4.10001	-1.05E-11	323.693411	0.0999996	-8.7E-12	323.693411
-4.00001	-6.5E-12	323.716626	0.0999997	-8.8E-12	323.716626
-3.90001	-8.1E-12	323.739928	0.0999996	-9E-12	323.739928
-3.80001	-7.8E-12	323.763208	0.0999998	-8.9E-12	323.763208
-3.70001	-5.8E-12	323.786406	0.0999997	-9.6E-12	323.786406
-3.60001	-2.57E-11	323.841619	0.0999999	-7.7E-12	323.841619
-3.50001	-6.4E-12	323.864972	0.0999999	-9.5E-12	323.864972
-3.40001	-6.8E-12	323.888261	0.0999997	-9.3E-12	323.888261
-3.30001	-6.2E-12	323.911552	0.0999999	-9.5E-12	323.911552
-3.20001	-3.4E-12	323.934821	0.0999996	-9.4E-12	323.934821
-3.10001	-3E-12	323.95803	0.0999997	-1E-11	323.95803
-3.00001	-3.7E-12	323.981313	0.0999996	-9.7E-12	323.981313
-2.90001	-3.5E-12	324.004617	0.0999997	-9.5E-12	324.004617
-2.80001	-1.1E-12	324.027814	0.0999998	-9.4E-12	324.027814
-2.70001	-3E-13	324.051021	0.0999997	-9.3E-12	324.051021
-2.60001	-1E-12	324.074309	0.0999998	-9.9E-12	324.074309
-2.50001	-1.7E-12	324.097668	0.0999997	-9.7E-12	324.097668
-2.40001	2.1E-12	324.120883	0.0999998	-1.01E-11	324.120883
-2.30001	2.7E-12	324.144091	0.0999998	-1.01E-11	324.144091
-2.20001	2E-12	324.167376	0.0999998	-1E-11	324.167376
-2.099999	-1.3E-11	324.192496	0.0999999	-8.9E-12	324.192496
-2	3.8E-12	324.215726	0.0999996	-1.02E-11	324.215726
-1.9	5.7E-12	324.238929	0.0999997	-1.06E-11	324.238929
-1.8	4.6E-12	324.262227	0.0999998	-1.03E-11	324.262227
-1.7	7.3E-12	324.28549	0.0999996	-1.03E-11	324.28549
-1.600001	-1.33E-11	324.333315	0.0999998	-8.7E-12	324.333315
-1.5	5.4E-12	324.356675	0.0999998	-1.02E-11	324.356675
-1.4	6.7E-12	324.380073	0.0999998	-1.08E-11	324.380073
-1.3	8.5E-12	324.403464	0.0999997	-1.07E-11	324.403464
-1.2	9.7E-12	324.426749	0.0999999	-1.07E-11	324.426749
-1.1	1.26E-11	324.450022	0.0999998	-1.07E-11	324.450022
-1	1.4E-11	324.473229	0.0999997	-9.9E-12	324.473229
-0.9	1.37E-11	324.496522	0.0999998	-2.7E-12	324.496522
-0.799999	1.54E-11	324.519805	0.0999999	3.51E-11	324.519805
-0.7	1.79E-11	324.54301	0.0999998	2.109E-10	324.54301
-0.599999	1.97E-11	324.566231	0.1000002	9.268E-10	324.566231
-0.5	1.98E-11	324.589514	0.1000014	3.5345E-09	324.589514
-0.4	2.13E-11	324.612843	0.1000048	1.17675E-08	324.612843
-0.3	2.38E-11	324.636059	0.1000083	3.376E-08	324.636059
-0.1999997	8.7E-12	324.661238	0.1000254	8.22128E-08	324.661238
-0.1	6.6E-12	324.700933	0.1000002	1.68957E-07	324.700933
5E-07	1.28E-11	324.725428	0.1000007	3.15916E-07	324.725428
0.1000004	1.54E-11	324.749902	0.1000009	5.22745E-07	324.749902
0.2000002	1.69E-11	324.774394	0.100001	7.90685E-07	324.774394
0.299999	1.04E-11	324.853117	0.1	1.09834E-06	324.853117
0.4	1.72E-11	324.877748	0.0999998	1.48106E-06	324.877748
0.5	2.03E-11	324.902252	0.1000002	1.90466E-06	324.902252
0.6	2.32E-11	324.926754	0.1000002	2.3638E-06	324.926754
0.7	2.51E-11	324.951313	0.1000001	2.85365E-06	324.951313
0.8	2.73E-11	324.975911	0.1000002	3.36948E-06	324.975911
0.899999	2.86E-11	325.000453	0.1000002	3.90713E-06	325.000453
0.999999	3.08E-11	325.024945	0.1000001	4.46484E-06	325.024945
1.1	3.31E-11	325.04949	0.1000001	5.03974E-06	325.04949
1.199999	3.47E-11	325.073994	0.1000001	5.62858E-06	325.073994
1.3	3.58E-11	325.098608	0.1000001	6.23061E-06	325.098608
1.4	3.76E-11	325.123113	0.0999999	6.84285E-06	325.123113
1.5	3.87E-11	325.147642	0.1000002	7.46386E-06	325.147642
1.599999	4.02E-11	325.172141	0.1000001	8.09277E-06	325.172141
1.699999	4.09E-11	325.196656	0.1	8.72855E-06	325.196656
1.8	4.18E-11	325.221195	0.1000001	9.37015E-06	325.221195
1.899999	4.29E-11	325.245742	0.1000003	1.001672E-05	325.245742
1.999999	3.83E-11	325.280369	0.1	1.06608E-05	325.280369
2.099999	4.34E-11	325.3049	0.1	1.13175E-05	325.3049
2.19999	3.73E-11	325.354909	0.1000001	1.19693E-05	325.354909
2.29999	4.29E-11	325.37953	0.1000001	1.26352E-05	325.37953
2.39999	4.41E-11	325.404058	0.1	1.33027E-05	325.404058
2.49999	4.5E-11	325.428567	0.1	1.39727E-05	325.428567
2.59999	4.52E-11	325.453185	0.1000001	1.46457E-05	325.453185
2.69999	4.65E-11	325.477718	0.1	1.53216E-05	325.477718
2.79999	4.7E-11	325.502238	0.0999999	1.59994E-05	325.502238
2.89999	4.77E-11	325.526753	0.1000001	1.66794E-05	325.526753
2.99999	4.79E-11	325.551267	0.1	1.73623E-05	325.551267
3.09999	4.85E-11	325.575779	0.0999999	1.80474E-05	325.575779
3.19999	4.81E-11	325.600353	0.1000002	1.87349E-05	325.600353
3.29999	4.89E-11	325.624938	0.1	1.94242E-05	325.624938
3.39999	4.98E-11	325.649445	0.1000002	2.01154E-05	325.649445
3.49999	4.95E-11	325.673997	0.0999999	2.08086E-05	325.673997
3.59999	4.99E-11	325.698807	0.1000001	2.15037E-05	325.698807
3.69999	5.03E-11	325.723329	0.1000001	2.22011E-05	325.723329
3.79999	5.03E-11	325.74787	0.1000001	2.29001E-05	325.74787
3.89999	5.09E-11	325.772394	0.1	2.36006E-05	325.772394
3.99999	5.11E-11	325.796899	0.1	2.43032E-05	325.796899
4.09999	4.51E-11	325.848903	0.1000001	2.50004E-05	325.848903
4.19999	5E-11	325.873527	0.1000002	2.57084E-05	325.873527
4.29999	5.06E-11	325.898034	0.1000002	2.64171E-05	325.898034
4.39999	5.12E-11	325.922604	0.1	2.71263E-05	325.922604
4.49999	5.14E-11	325.947201	0.0999999	2.78377E-05	325.947201
4.59999	5.15E-11	325.971705	0.1	2.85495E-05	325.971705
4.69999	5.2E-11	325.99621	0.1000001	2.92632E-05	325.99621
4.79999	5.21E-11	326.020752	0.1000001	2.99788E-05	326.020752
4.89999	5.25E-11	326.045252	0.1	3.06954E-05	326.045252
4.99999	5.3E-11	326.069765	0.0999999	3.14138E-05	326.069765
5.09999	5.34E-11	326.094271	0.1	3.21328E-05	326.094271
5.19999	5.36E-11	326.118784	0.1000002	3.28543E-05	326.118784
5.29999	5.37E-11	326.143293	0.1000001	3.35773E-05	326.143293
5.39999	5.41E-11	326.167803	0.1000002	3.43014E-05	326.167803
5.49999	5.43E-11	326.192306	0.1000002	3.50266E-05	326.192306
5.59999	5.46E-11	326.216878	0.1000002	3.57542E-05	326.216878
5.69999	5.5E-11	326.241392	0.1	3.64827E-05	326.241392
5.79999	5.47E-11	326.265893	0.1000002	3.72131E-05	326.265893
5.89999	5.49E-11	326.290473	0.0999999	3.7945E-05	326.290473
5.99999	4.7E-11	326.352836	0.1000001	3.86657E-05	326.352836
6.09999	5.28E-11	326.377462	0.1000001	3.94044E-05	326.377462
6.19999	5.36E-11	326.401985	0.1000001	4.01437E-05	326.401985
6.29999	5.44E-11	326.426587	0.1000001	4.08832E-05	326.426587
6.39999	5.5E-11	326.451186	0.0999997	4.16239E-05	326.451186
6.49999	5.5E-11	326.475708	0.1	4.23653E-05	326.475708
6.59999	5.53E-11	326.500247	0.1	4.31088E-05	326.500247
6.69999	5.54E-11	326.524781	0.1000001	4.3854E-05	326.524781
6.79999	5.57E-11	326.549292	0.1000002	4.46007E-05	326.549292
6.89999	5.6E-11	326.57382	0.1000002	4.5348E-05	326.57382
6.99999	5.6E-11	326.598451	0.1000001	4.60973E-05	326.598451
7.09999	5.64E-11	326.623072	0.1000001	4.68487E-05	326.623072
7.19999	5.65E-11	326.647609	0.1	4.76011E-05	326.647609
7.29999	5.68E-11	326.67212	0.1	4.83548E-05	326.67212
7.39999	5.7E-11	326.696627	0.1	4.91102E-05	326.696627
7.49999	5.7E-11	326.721191	0.0999998	4.98673E-05	326.721191
7.59999	5.73E-11	326.745703	0.1000001	5.06278E-05	326.745703
7.69999	5.73E-11	326.770217	0.0999999	5.13865E-05	326.770217
7.79999	5.79E-11	326.794716	0.1000001	5.21482E-05	326.794716
7.89999	5.11E-11	326.856565	0.1000001	5.29028E-05	326.856565
7.99999	5.61E-11	326.881186	0.1	5.36708E-05	326.881186
8.09999	5.62E-11	326.905693	0.1	5.44378E-05	326.905693
8.19999	5.71E-11	326.930226	0.1000003	5.52071E-05	326.930226
8.29999	5.69E-11	326.954822	0.1000001	5.5978E-05	326.954822
8.39999	5.73E-11	326.979356	0.1	5.67503E-05	326.979356
8.49999	5.71E-11	327.003891	0.1000001	5.75224E-05	327.003891
8.59999	5.79E-11	327.028465	0.1	5.82971E-05	327.028465
8.69999	5.82E-11	327.052975	0.1	5.9074E-05	327.052975
8.79999	5.85E-11	327.077478	0.1	5.98511E-05	327.077478
8.89999	5.85E-11	327.101983	0.1000002	6.06299E-05	327.101983
8.99999	5.86E-11	327.12653	0.1000001	6.14102E-05	327.12653
9.09999	5.83E-11	327.151045	0.1000002	6.21935E-05	327.151045
9.19999	5.9E-11	327.175555	0.1000002	6.29779E-05	327.175555
9.29999	5.89E-11	327.200099	0.1	6.376E-05	327.200099
9.39999	5.89E-11	327.224626	0.1000002	6.4548E-05	327.224626
9.49999	5.86E-11	327.249166	0.1	6.53381E-05	327.249166
9.59999	5.83E-11	327.273917	0.0999999	6.61295E-05	327.273917
9.69999	5.93E-11	327.29848	0.1000001	6.69212E-05	327.29848
9.79999	5.33E-11	327.353776	0.1	6.77073E-05	327.353776
9.89999	5.81E-11	327.378412	0.1000001	6.85056E-05	327.378412
9.99999	5.88E-11	327.402929	0.1	6.93015E-05	327.402929
9.9	4.55E-11	327.427431	0.1	6.84901E-05	327.427431
9.8	4.24E-11	327.452007	0.0999998	6.76842E-05	327.452007
9.7	3.99E-11	327.476532	0.1000002	6.68823E-05	327.476532
9.6	3.82E-11	327.50103	0.0999999	6.60813E-05	327.50103
9.5	3.72E-11	327.525566	0.1	6.52826E-05	327.525566
9.4	3.61E-11	327.550085	0.0999999	6.44868E-05	327.550085
9.3	3.53E-11	327.574607	0.0999999	6.36932E-05	327.574607
9.2	3.43E-11	327.599138	0.1000001	6.28993E-05	327.599138
9.1	3.32E-11	327.623722	0.0999999	6.21073E-05	327.623722
9	3.27E-11	327.648255	0.0999999	6.13171E-05	327.648255
8.9	3.27E-11	327.672799	0.0999999	6.05333E-05	327.672799
8.8	3.13E-11	327.697314	0.1000002	5.9745E-05	327.697314
8.7	3.16E-11	327.721903	0.1000001	5.89589E-05	327.721903
8.6	3.04E-11	327.746416	0.0999998	5.81745E-05	327.746416
8.5	2.92E-11	327.770958	0.0999999	5.7391E-05	327.770958
8.4	2.94E-11	327.795463	0.0999999	5.66097E-05	327.795463
8.30001	3.58E-11	327.85776	0.1	5.58347E-05	327.85776
8.2	2.97E-11	327.882434	0.0999999	5.50553E-05	327.882434
8.1	2.84E-11	327.906963	0.0999998	5.42786E-05	327.906963
8	2.76E-11	327.931473	0.0999999	5.35033E-05	327.931473
7.9	2.73E-11	327.956055	0.0999999	5.27299E-05	327.956055
7.8	2.65E-11	327.980601	0.1000001	5.19588E-05	327.980601
7.7	2.61E-11	328.005124	0.0999999	5.11887E-05	328.005124
7.6	2.59E-11	328.029726	0.0999998	5.04205E-05	328.029726
7.5	2.59E-11	328.054248	0.1	4.9654E-05	328.054248
7.4	2.5E-11	328.078752	0.0999997	4.88892E-05	328.078752
7.3	2.47E-11	328.103289	0.1000002	4.81263E-05	328.103289
7.2	2.44E-11	328.127802	0.1	4.73643E-05	328.127802
7.1	2.37E-11	328.152314	0.1000001	4.66041E-05	328.152314
7	2.31E-11	328.17682	0.1000001	4.58453E-05	328.17682
6.9	2.3E-11	328.201375	0.1000001	4.50886E-05	328.201375
6.8	2.25E-11	328.225932	0.1000001	4.43333E-05	328.225932
6.7	2.21E-11	328.250455	0.1	4.35778E-05	328.250455
6.6	2.18E-11	328.274973	0.0999997	4.28262E-05	328.274973
6.5	2.18E-11	328.299571	0.0999999	4.20756E-05	328.299571
6.4	2.76E-11	328.356986	0.0999999	4.13308E-05	328.356986
6.3	2.25E-11	328.381637	0.0999999	4.05824E-05	328.381637
6.2	2.15E-11	328.406153	0.1000001	3.9836E-05	328.406153
6.1	2.1E-11	328.430719	0.0999999	3.90909E-05	328.430719
6	2.01E-11	328.455269	0.0999998	3.83483E-05	328.455269
5.9	1.99E-11	328.479776	0.0999999	3.76077E-05	328.479776
5.8	1.93E-11	328.504327	0.1000001	3.68684E-05	328.504327
5.7	1.9E-11	328.528828	0.1000001	3.61303E-05	328.528828
5.6	1.85E-11	328.553356	0.0999999	3.5394E-05	328.553356
5.5	1.81E-11	328.577899	0.1000002	3.46604E-05	328.577899
5.4	1.8E-11	328.60252	0.1	3.39276E-05	328.60252
5.3	1.72E-11	328.627097	0.0999999	3.31964E-05	328.627097
5.2	1.64E-11	328.65164	0.1	3.24675E-05	328.65164
5.1	1.62E-11	328.676173	0.0999999	3.17404E-05	328.676173
5	1.54E-11	328.7007	0.1	3.10149E-05	328.7007
4.9	1.55E-11	328.725233	0.0999998	3.02913E-05	328.725233
4.8	1.41E-11	328.749759	0.1	2.95692E-05	328.749759
4.7	1.44E-11	328.774281	0.1000001	2.88492E-05	328.774281
4.6	1.37E-11	328.798785	0.1000001	2.81308E-05	328.798785
4.5	2.08E-11	328.861083	0.1	2.74197E-05	328.861083
4.4	1.47E-11	328.885717	0.0999999	2.67036E-05	328.885717
4.3	1.44E-11	328.910235	0.0999998	2.599E-05	328.910235
4.2	1.32E-11	328.934788	0.0999999	2.52789E-05	328.934788
4.1	1.24E-11	328.959379	0.0999997	2.457E-05	328.959379
4	1.16E-11	328.983902	0.0999999	2.38635E-05	328.983902
3.9	1.07E-11	329.008402	0.0999998	2.31584E-05	329.008402
3.8	1.03E-11	329.03292	0.1000001	2.24557E-05	329.03292
3.7	9.8E-12	329.057427	0.0999998	2.17544E-05	329.057427
3.6	9.2E-12	329.081981	0.0999999	2.10562E-05	329.081981
3.5	8.6E-12	329.106481	0.1	2.03591E-05	329.106481
3.4	8.1E-12	329.130987	0.1	1.96653E-05	329.130987
3.3	7.2E-12	329.155623	0.1	1.89731E-05	329.155623
3.2	6.5E-12	329.18015	0.0999998	1.82836E-05	329.18015
3.1	5.6E-12	329.204647	0.1000001	1.75963E-05	329.204647
3	5E-12	329.229189	0.1000002	1.69115E-05	329.229189
2.9	4.2E-12	329.253749	0.1	1.6229E-05	329.253749
2.8	3.2E-12	329.278264	0.0999999	1.55494E-05	329.278264
2.7	2.9E-12	329.302863	0.1	1.48726E-05	329.302863
2.6	8.9E-12	329.364244	0.1	1.42042E-05	329.364244
2.5	3E-12	329.388798	0.1	1.35316E-05	329.388798
2.4	1.8E-12	329.413336	0.0999999	1.28633E-05	329.413336
2.3	7E-13	329.437848	0.1	1.21988E-05	329.437848
2.2	-6E-13	329.46242	0.0999997	1.15376E-05	329.46242
2.099999	1.7E-12	329.488848	0.1000002	1.08818E-05	329.488848
2	-2.3E-12	329.513362	0.0999999	1.02288E-05	329.513362
1.9	-3.4E-12	329.537907	0.0999999	9.5805E-06	329.537907
1.8	-8E-13	329.565036	0.1	8.94116E-06	329.565036
1.7	-5.5E-12	329.589574	0.0999998	8.30329E-06	329.589574
1.6	-6.9E-12	329.614133	0.1	7.67245E-06	329.614133
1.5	-8.2E-12	329.638653	0.1000001	7.04917E-06	329.638653
1.4	-9.3E-12	329.663173	0.0999999	6.43483E-06	329.663173
1.3	-1.13E-11	329.687689	0.0999999	5.83038E-06	329.687689
1.2	-1.21E-11	329.712228	0.0999999	5.23805E-06	329.712228
1.1	-1.4E-11	329.73677	0.0999999	4.65979E-06	329.73677
1	-1.59E-11	329.761323	0.1	4.09823E-06	329.761323
0.9	-1.76E-11	329.78586	0.0999999	3.55542E-06	329.78586
0.8	-2E-11	329.810379	0.1000001	3.03413E-06	329.810379
0.7	-1.47E-11	329.865344	0.1000001	2.54416E-06	329.865344
0.6	-2.19E-11	329.889945	0.0999999	2.07382E-06	329.889945
0.5	-2.54E-11	329.914447	0.0999999	1.63907E-06	329.914447
0.4	-2.71E-11	329.938959	0.0999998	1.24548E-06	329.938959
0.3	-2.53E-11	329.966327	0.0999995	9.01818E-07	329.966327
0.1999997	-2.81E-11	329.992744	0.0999996	6.11598E-07	329.992744
0.0999995	-3.36E-11	330.017251	0.0999995	3.81351E-07	330.017251
-4E-07	-3.62E-11	330.041749	0.0999995	2.14173E-07	330.041749
