#scan	iMeasureCycle=1	iMux=0	time=0.021	N=401	LocalTime=20/04/2023 07:25:43
#VGate(V)	IGate(A)	time(s)	VDrain(V)	IDrain(A)	time(s)
-3E-07	-1.516E-10	0.023867	0.1	2.25615E-05	0.023867
-0.1000004	-2.103E-10	0.048765	0.1	2.17247E-05	0.048765
-0.2000005	-2.581E-10	0.073375	0.1000001	2.08924E-05	0.073375
-0.300001	-1.976E-10	0.098145	0.1	2.00642E-05	0.098145
-0.4	-1.108E-10	0.12264	0.1	1.92402E-05	0.12264
-0.5	-8.48E-11	0.14714	0.1	1.84188E-05	0.14714
-0.6	-7.17E-11	0.171672	0.0999998	1.76007E-05	0.171672
-0.7	-6.47E-11	0.196241	0.1	1.67867E-05	0.196241
-0.8	-6E-11	0.220757	0.1000001	1.59773E-05	0.220757
-0.9	-5.7E-11	0.245281	0.0999998	1.51728E-05	0.245281
-1	-5.49E-11	0.269829	0.1	1.43731E-05	0.269829
-1.1	-5.3E-11	0.294469	0.0999999	1.35793E-05	0.294469
-1.2	-5.24E-11	0.31899	0.0999999	1.27917E-05	0.31899
-1.3	-5.19E-11	0.34354	0.0999998	1.20115E-05	0.34354
-1.4	-5.09E-11	0.368083	0.1	1.12392E-05	0.368083
-1.5	-5.11E-11	0.392595	0.1000001	1.0477E-05	0.392595
-1.6	-5.1E-11	0.417151	0.1	9.7251E-06	0.417151
-1.7	-4.7E-11	0.444324	0.1	8.98976E-06	0.444324
-1.8	-5.12E-11	0.468831	0.1	8.26362E-06	0.468831
-1.9	-5.1E-11	0.493361	0.0999999	7.55377E-06	0.493361
-2	-5.14E-11	0.517855	0.0999999	6.86239E-06	0.517855
-2.1	-5.18E-11	0.542379	0.1000001	6.19193E-06	0.542379
-2.2	-4.5E-11	0.590237	0.0999999	5.54707E-06	0.590237
-2.3	-4.97E-11	0.614773	0.0999998	4.92386E-06	0.614773
-2.4	-5.06E-11	0.639316	0.0999998	4.33142E-06	0.639316
-2.5	-5.12E-11	0.663865	0.0999999	3.77214E-06	0.663865
-2.6	-5.18E-11	0.688432	0.1	3.24701E-06	0.688432
-2.7	-5.17E-11	0.712974	0.0999999	2.75946E-06	0.712974
-2.8	-5.25E-11	0.737477	0.0999996	2.31073E-06	0.737477
-2.9	-5.27E-11	0.762166	0.1	1.90297E-06	0.762166
-3	-5.29E-11	0.786809	0.1	1.53731E-06	0.786809
-3.1	-5.32E-11	0.81136	0.1	1.21443E-06	0.81136
-3.2	-5.33E-11	0.835905	0.0999999	9.3404E-07	0.835905
-3.3	-5.02E-11	0.863198	0.0999996	6.97021E-07	0.863198
-3.4	-5.41E-11	0.887723	0.0999996	4.99857E-07	0.887723
-3.5	-5.46E-11	0.912226	0.0999995	3.4303E-07	0.912226
-3.6	-5.47E-11	0.936737	0.0999998	2.2285E-07	0.936737
-3.7	-5.48E-11	0.961256	0.0999998	1.35759E-07	0.961256
-3.8	-5.02E-11	0.999024	0.0999954	7.74188E-08	0.999024
-3.9	-6.78E-11	1.02231	0.1000066	3.97727E-08	1.02231
-4	-6.91E-11	1.04559	0.1000034	1.8526E-08	1.04559
-4.1	-4.98E-11	1.090492	0.0999991	7.9195E-09	1.090492
-4.2	-6.85E-11	1.11384	0.1000007	2.9008E-09	1.11384
-4.3	-7.05E-11	1.137057	0.1000005	9.301E-10	1.137057
-4.4	-7.17E-11	1.160277	0.1000006	2.481E-10	1.160277
-4.5	-7E-11	1.183622	0.1000002	4.98E-11	1.183622
-4.6	-7.07E-11	1.20694	0.1000002	4.9E-12	1.20694
-4.7	-7.22E-11	1.230164	0.1	-2.7E-12	1.230164
-4.8	-7.33E-11	1.253371	0.1	-3.8E-12	1.253371
-4.9	-7.38E-11	1.276579	0.1	-4.1E-12	1.276579
-5	-7.2E-11	1.299946	0.1000001	-4.6E-12	1.299946
-5.1	-7.34E-11	1.323164	0.1000002	-4.3E-12	1.323164
-5.2	-7.42E-11	1.346382	0.1000002	-4.3E-12	1.346382
-5.3	-7.15E-11	1.369714	0.1000001	-4.6E-12	1.369714
-5.4	-7.27E-11	1.393005	0.1000002	-3.8E-12	1.393005
-5.5	-7.51E-11	1.416219	0.1000002	-3.9E-12	1.416219
-5.6	-7.5E-11	1.439498	0.1000003	-3.6E-12	1.439498
-5.7	-7.35E-11	1.462795	0.1000001	-4.1E-12	1.462795
-5.8	-7.4E-11	1.486087	0.1000002	-3.9E-12	1.486087
-5.9	-7.62E-11	1.5093	0.1000003	-4E-12	1.5093
-6	-7.64E-11	1.532513	0.1000003	-3.9E-12	1.532513
-6.1	-5.48E-11	1.589388	0.1000001	-5.7E-12	1.589388
-6.2	-7.46E-11	1.612619	0.1000003	-3.9E-12	1.612619
-6.3	-7.38E-11	1.635917	0.1	-3.6E-12	1.635917
-6.4	-7.37E-11	1.659198	0.1000002	-3.8E-12	1.659198
-6.5	-7.58E-11	1.682455	0.0999998	-3.7E-12	1.682455
-6.6	-7.62E-11	1.705694	0.1000002	-3.5E-12	1.705694
-6.7	-7.69E-11	1.728906	0.1000004	-3.9E-12	1.728906
-6.8	-7.5E-11	1.752201	0.1000002	-4.3E-12	1.752201
-6.9	-7.69E-11	1.775472	0.1000002	-3.9E-12	1.775472
-7	-7.76E-11	1.798768	0.1	-3.8E-12	1.798768
-7.1	-7.58E-11	1.822069	0.1000001	-3.8E-12	1.822069
-7.2	-7.52E-11	1.845398	0.1	-3.9E-12	1.845398
-7.3	-7.81E-11	1.868617	0.1	-4E-12	1.868617
-7.4	-7.72E-11	1.891869	0.1000003	-3.9E-12	1.891869
-7.5	-7.77E-11	1.91511	0.1	-3.8E-12	1.91511
-7.6	-7.66E-11	1.938393	0.1000001	-4.1E-12	1.938393
-7.7	-7.82E-11	1.961599	0.1000001	-3.8E-12	1.961599
-7.8	-7.9E-11	1.984812	0.1000001	-3.9E-12	1.984812
-7.9	-7.68E-11	2.008108	0.1000002	-3.9E-12	2.008108
-8	-7.73E-11	2.031413	0.1000003	-3.6E-12	2.031413
-8.1	-5.87E-11	2.086139	0.1	-5.4E-12	2.086139
-8.2	-7.58E-11	2.109477	0.1000001	-3.7E-12	2.109477
-8.3	-7.68E-11	2.132774	0.1000001	-4E-12	2.132774
-8.4	-7.82E-11	2.15601	0.1	-3.8E-12	2.15601
-8.5	-7.89E-11	2.179268	0.1000001	-3.4E-12	2.179268
-8.6	-7.76E-11	2.20259	0.1000003	-3.8E-12	2.20259
-8.7	-7.82E-11	2.225835	0.1000001	-3.6E-12	2.225835
-8.8	-7.96E-11	2.249049	0.1	-3.4E-12	2.249049
-8.9	-7.99E-11	2.272256	0.1000001	-3.4E-12	2.272256
-9	-7.74E-11	2.295663	0.1000003	-3.9E-12	2.295663
-9.1	-8.04E-11	2.318866	0.1	-3.5E-12	2.318866
-9.2	-8.04E-11	2.34209	0.0999999	-3.5E-12	2.34209
-9.3	-7.98E-11	2.365322	0.1000001	-3.5E-12	2.365322
-9.4	-7.83E-11	2.388623	0.1000003	-3.6E-12	2.388623
-9.5	-7.93E-11	2.411914	0.1	-3.5E-12	2.411914
-9.6	-8.1E-11	2.435175	0.1000001	-3.3E-12	2.435175
-9.7	-8.1E-11	2.458397	0.1	-3.7E-12	2.458397
-9.8	-7.95E-11	2.481693	0.1000003	-3.6E-12	2.481693
-9.9	-8.17E-11	2.504914	0.1000001	-3.5E-12	2.504914
-10	-8.19E-11	2.528136	0.1000001	-3.2E-12	2.528136
-9.90001	-4.11E-11	2.551427	0.0999997	-6.8E-12	2.551427
-9.80001	-5.48E-11	2.592098	0.1	-5.4E-12	2.592098
-9.70001	-3.37E-11	2.615349	0.0999996	-6.8E-12	2.615349
-9.60001	-3.19E-11	2.638576	0.0999997	-6.8E-12	2.638576
-9.50001	-3.18E-11	2.661853	0.0999996	-7E-12	2.661853
-9.40001	-3.09E-11	2.685209	0.0999998	-7.1E-12	2.685209
-9.30001	-2.77E-11	2.70845	0.0999997	-7.3E-12	2.70845
-9.20001	-2.69E-11	2.731661	0.0999999	-7.1E-12	2.731661
-9.10001	-2.76E-11	2.75495	0.1	-7.1E-12	2.75495
-9.00001	-2.68E-11	2.778283	0.0999996	-7.2E-12	2.778283
-8.90001	-2.51E-11	2.801603	0.0999998	-7.2E-12	2.801603
-8.80001	-2.55E-11	2.824904	0.0999998	-6.7E-12	2.824904
-8.70001	-2.47E-11	2.848195	0.0999998	-6.9E-12	2.848195
-8.60001	-2.25E-11	2.871397	0.0999997	-6.9E-12	2.871397
-8.50001	-2.24E-11	2.894617	0.0999998	-7.1E-12	2.894617
-8.40001	-2.29E-11	2.917911	0.0999997	-7.1E-12	2.917911
-8.30001	-2.27E-11	2.941188	0.1	-7.1E-12	2.941188
-8.20001	-2.05E-11	2.964407	0.0999998	-7E-12	2.964407
-8.10001	-2.17E-11	2.987697	0.0999997	-7.1E-12	2.987697
-8.00001	-2.13E-11	3.01099	0.0999999	-7E-12	3.01099
-7.90001	-2.12E-11	3.03428	0.0999997	-7.1E-12	3.03428
-7.80001	-3.9E-11	3.089448	0.1	-5.6E-12	3.089448
-7.70001	-1.98E-11	3.112721	0.0999997	-7.6E-12	3.112721
-7.6	-1.91E-11	3.135935	0.0999998	-7.2E-12	3.135935
-7.50001	-1.97E-11	3.15941	0.0999997	-6.8E-12	3.15941
-7.40001	-1.78E-11	3.182692	0.0999997	-7.1E-12	3.182692
-7.30001	-1.82E-11	3.205954	0.0999995	-7.5E-12	3.205954
-7.2	-1.91E-11	3.229251	0.0999996	-7.1E-12	3.229251
-7.10001	-1.84E-11	3.252547	0.0999997	-7.5E-12	3.252547
-7.00001	-1.83E-11	3.275872	0.0999998	-7.6E-12	3.275872
-6.90001	-1.72E-11	3.299241	0.0999997	-7.5E-12	3.299241
-6.80001	-1.66E-11	3.322529	0.0999998	-7.6E-12	3.322529
-6.70001	-1.4E-11	3.345728	0.0999996	-7.3E-12	3.345728
-6.60001	-1.4E-11	3.368948	0.0999996	-7.7E-12	3.368948
-6.50001	-1.43E-11	3.392181	0.0999997	-7.8E-12	3.392181
-6.40001	-1.51E-11	3.415477	0.0999998	-7.4E-12	3.415477
-6.30001	-1.38E-11	3.438773	0.0999997	-8E-12	3.438773
-6.20001	-1.27E-11	3.461993	0.0999997	-7.9E-12	3.461993
-6.10001	-1.4E-11	3.485292	0.0999998	-7.4E-12	3.485292
-6.00001	-1.35E-11	3.508582	0.0999995	-7.8E-12	3.508582
-5.90001	-1.12E-11	3.531796	0.0999997	-8.2E-12	3.531796
-5.80001	-1.11E-11	3.555016	0.0999998	-8.2E-12	3.555016
-5.70001	-3.11E-11	3.595655	0.0999999	-5.8E-12	3.595655
-5.60001	-1.14E-11	3.618893	0.0999997	-7.7E-12	3.618893
-5.50001	-1.05E-11	3.642127	0.0999998	-7.9E-12	3.642127
-5.40001	-9.9E-12	3.665347	0.0999998	-8E-12	3.665347
-5.30001	-1.13E-11	3.688691	0.0999998	-8.1E-12	3.688691
-5.20001	-8.8E-12	3.711945	0.0999998	-8.1E-12	3.711945
-5.1	-8.4E-12	3.735158	0.0999998	-7.9E-12	3.735158
-5.00001	-8E-12	3.758379	0.0999996	-7.9E-12	3.758379
-4.90001	-9.2E-12	3.781718	0.0999997	-8.1E-12	3.781718
-4.80001	-7.1E-12	3.805017	0.0999996	-7.7E-12	3.805017
-4.7	-6.7E-12	3.828244	0.0999997	-4.2E-12	3.828244
-4.60001	-5.9E-12	3.851464	0.0999997	1.6E-11	3.851464
-4.50001	-7.3E-12	3.874755	0.0999998	1.108E-10	3.874755
-4.40001	-7.2E-12	3.898032	0.0999999	4.623E-10	3.898032
-4.3	-4.8E-12	3.921236	0.1000001	1.5528E-09	3.921236
-4.20001	-4.5E-12	3.944439	0.1000003	4.4255E-09	3.944439
-4.10001	-5.6E-12	3.967718	0.1000009	1.11749E-08	3.967718
-4.00001	-5.1E-12	3.990986	0.1000011	2.51881E-08	3.990986
-3.90001	-3.7E-12	4.014222	0.0999994	5.11792E-08	4.014222
-3.80001	-2.5E-12	4.037435	0.099991	9.49325E-08	4.037435
-3.70001	-2.51E-11	4.112868	0.1000002	1.58447E-07	4.112868
-3.60001	-1.94E-11	4.137406	0.1000001	2.55949E-07	4.137406
-3.50001	-1.82E-11	4.161937	0.1000002	3.8629E-07	4.161937
-3.40001	-1.76E-11	4.186514	0.1000007	5.53397E-07	4.186514
-3.30001	-1.64E-11	4.211065	0.1000006	7.59864E-07	4.211065
-3.20001	-1.57E-11	4.235597	0.1000007	1.007432E-06	4.235597
-3.10001	-2.05E-11	4.270196	0.1000002	1.29306E-06	4.270196
-3.00001	-1.55E-11	4.2948	0.1000002	1.6264E-06	4.2948
-2.90001	-1.44E-11	4.319334	0.1000001	2.00045E-06	4.319334
-2.80001	-1.33E-11	4.343854	0.1000001	2.41571E-06	4.343854
-2.70001	-1.25E-11	4.368365	0.1000002	2.8707E-06	4.368365
-2.60001	-1.21E-11	4.392895	0.1	3.36447E-06	4.392895
-2.50001	-1.15E-11	4.417419	0.1000001	3.89403E-06	4.417419
-2.40001	-1.04E-11	4.441993	0.1000001	4.45769E-06	4.441993
-2.30001	-1.03E-11	4.466542	0.1	5.0533E-06	4.466542
-2.20001	-9.2E-12	4.491086	0.1000001	5.67643E-06	4.491086
-2.099999	-1.2E-11	4.517502	0.0999999	6.32696E-06	4.517502
-2	-7.5E-12	4.542009	0.0999998	6.99891E-06	4.542009
-1.900001	-1.35E-11	4.602214	0.1000001	7.68151E-06	4.602214
-1.800001	-7.8E-12	4.626766	0.1000001	8.39403E-06	4.626766
-1.7	-6.3E-12	4.651287	0.1000001	9.12122E-06	4.651287
-1.6	-4.9E-12	4.675793	0.1000001	9.86077E-06	4.675793
-1.500001	-9.1E-12	4.7105	0.1	1.06055E-05	4.7105
-1.400001	-4.1E-12	4.735041	0.1000001	1.13685E-05	4.735041
-1.3	-2.4E-12	4.759551	0.1000002	1.21407E-05	4.759551
-1.2	-9E-13	4.784142	0.1000001	1.29192E-05	4.784142
-1.1	4E-13	4.808747	0.0999999	1.37046E-05	4.808747
-1	1.5E-12	4.833303	0.1	1.44968E-05	4.833303
-0.9	3E-12	4.857818	0.1	1.52945E-05	4.857818
-0.8	4.4E-12	4.882349	0.1	1.60976E-05	4.882349
-0.700001	5.9E-12	4.906843	0.1	1.69049E-05	4.906843
-0.6	7.1E-12	4.931389	0.1000001	1.77165E-05	4.931389
-0.500001	8.8E-12	4.955885	0.1000001	1.85317E-05	4.955885
-0.400001	9.8E-12	4.980436	0.1	1.93494E-05	4.980436
-0.3	1.16E-11	5.004944	0.0999999	2.01713E-05	5.004944
-0.1999999	9.7E-12	5.031436	0.0999999	2.09957E-05	5.031436
-0.0999997	1.51E-11	5.055931	0.1	2.1825E-05	5.055931
-3E-07	1.06E-11	5.104087	0.0999998	2.26538E-05	5.104087
0.1000004	1.7E-11	5.128645	0.1	2.34938E-05	5.128645
0.2000003	1.93E-11	5.153147	0.0999999	2.43365E-05	5.153147
0.299999	2.13E-11	5.177897	0.0999999	2.51833E-05	5.177897
0.4	2.34E-11	5.202463	0.1000001	2.60341E-05	5.202463
0.5	2.54E-11	5.226966	0.1	2.68882E-05	5.226966
0.599999	2.71E-11	5.251553	0.0999999	2.77452E-05	5.251553
0.7	2.93E-11	5.27606	0.1	2.86036E-05	5.27606
0.8	3.12E-11	5.300668	0.1000001	2.94642E-05	5.300668
0.9	3.32E-11	5.325174	0.1	3.03262E-05	5.325174
0.999999	3.48E-11	5.349697	0.1000002	3.11897E-05	5.349697
1.1	3.67E-11	5.374194	0.1	3.20537E-05	5.374194
1.2	3.79E-11	5.398708	0.1	3.29191E-05	5.398708
1.3	3.95E-11	5.423209	0.0999999	3.37844E-05	5.423209
1.4	4.09E-11	5.447788	0.1	3.4651E-05	5.447788
1.5	4.22E-11	5.472297	0.1000002	3.55184E-05	5.472297
1.6	4.32E-11	5.496806	0.1000002	3.63861E-05	5.496806
1.699999	4.42E-11	5.52132	0.1	3.72544E-05	5.52132
1.8	4.47E-11	5.545866	0.1000002	3.81232E-05	5.545866
1.899999	3.83E-11	5.605464	0.1	3.89807E-05	5.605464
1.999999	4.37E-11	5.630032	0.1000002	3.98547E-05	5.630032
2.1	4.53E-11	5.654568	0.1	4.07276E-05	5.654568
2.19999	4.59E-11	5.679281	0.1	4.15962E-05	5.679281
2.29999	4.66E-11	5.703847	0.1	4.247E-05	5.703847
2.39999	4.74E-11	5.72836	0.1000002	4.33429E-05	5.72836
2.49999	4.79E-11	5.752878	0.1000002	4.42157E-05	5.752878
2.59999	4.85E-11	5.777491	0.1	4.509E-05	5.777491
2.69999	4.94E-11	5.802108	0.0999999	4.59644E-05	5.802108
2.79999	5E-11	5.826615	0.1000001	4.6839E-05	5.826615
2.89999	5.04E-11	5.851158	0.1000001	4.77135E-05	5.851158
2.99999	5.09E-11	5.875664	0.1000001	4.85902E-05	5.875664
3.09999	5.15E-11	5.900191	0.1000001	4.94665E-05	5.900191
3.19999	5.16E-11	5.924769	0.1000002	5.03438E-05	5.924769
3.29999	5.18E-11	5.949295	0.1000002	5.12207E-05	5.949295
3.39999	5.22E-11	5.973804	0.1000001	5.20992E-05	5.973804
3.49999	5.23E-11	5.998337	0.1	5.29782E-05	5.998337
3.59999	5.25E-11	6.022849	0.1000002	5.3858E-05	6.022849
3.69999	5.28E-11	6.047383	0.1000002	5.47374E-05	6.047383
3.79999	4.7E-11	6.099913	0.1	5.56095E-05	6.099913
3.89999	5.16E-11	6.1245	0.1000001	5.64948E-05	6.1245
3.99999	5.29E-11	6.149034	0.1	5.7378E-05	6.149034
4.09999	5.33E-11	6.173546	0.1000001	5.82613E-05	6.173546
4.19999	5.34E-11	6.198121	0.1	5.91465E-05	6.198121
4.29999	5.36E-11	6.222686	0.1000001	6.00308E-05	6.222686
4.39999	5.39E-11	6.247241	0.1000002	6.09163E-05	6.247241
4.49999	5.39E-11	6.271787	0.1000001	6.18022E-05	6.271787
4.59999	5.53E-11	6.296329	0.1000001	6.26891E-05	6.296329
4.69999	5.48E-11	6.320839	0.0999999	6.35758E-05	6.320839
4.79999	5.49E-11	6.345351	0.1	6.44655E-05	6.345351
4.89999	5.54E-11	6.36987	0.1000001	6.53527E-05	6.36987
4.99999	5.55E-11	6.394371	0.1	6.6243E-05	6.394371
5.09999	5.56E-11	6.418901	0.1000002	6.71323E-05	6.418901
5.19999	5.57E-11	6.443453	0.1	6.80243E-05	6.443453
5.29999	5.59E-11	6.46797	0.1	6.89167E-05	6.46797
5.39999	5.61E-11	6.492518	0.1000001	6.98091E-05	6.492518
5.49999	5.62E-11	6.517027	0.1000002	7.07017E-05	6.517027
5.59999	5.62E-11	6.541661	0.1000002	7.15968E-05	6.541661
5.69999	4.94E-11	6.599542	0.1000001	7.2479E-05	6.599542
5.79999	5.45E-11	6.624108	0.0999998	7.33793E-05	6.624108
5.89999	5.57E-11	6.64863	0.1	7.42786E-05	6.64863
5.99999	5.62E-11	6.673159	0.1000001	7.51759E-05	6.673159
6.09999	5.62E-11	6.697735	0.1	7.60748E-05	6.697735
6.19999	5.63E-11	6.722386	0.1000001	7.6975E-05	6.722386
6.29999	5.66E-11	6.74693	0.1000003	7.78747E-05	6.74693
6.39999	5.71E-11	6.771441	0.1000002	7.87762E-05	6.771441
6.49999	5.71E-11	6.796041	0.1	7.96783E-05	6.796041
6.59999	5.75E-11	6.820578	0.1	8.05798E-05	6.820578
6.69999	5.75E-11	6.84521	0.1000002	8.14836E-05	6.84521
6.79999	5.78E-11	6.86975	0.0999998	8.23869E-05	6.86975
6.89999	5.83E-11	6.894265	0.1000001	8.32913E-05	6.894265
6.99999	5.83E-11	6.91876	0.0999999	8.41982E-05	6.91876
7.09999	5.82E-11	6.943301	0.1000003	8.51042E-05	6.943301
7.19999	5.88E-11	6.967809	0.1000003	8.60117E-05	6.967809
7.29999	5.87E-11	6.992327	0.1000001	8.69202E-05	6.992327
7.39999	5.85E-11	7.016861	0.1	8.78301E-05	7.016861
7.49999	5.93E-11	7.041384	0.1000002	8.87393E-05	7.041384
7.59999	5.25E-11	7.090546	0.0999998	8.96405E-05	7.090546
7.69999	5.69E-11	7.115204	0.1000001	9.05561E-05	7.115204
7.79999	5.78E-11	7.13985	0.1	9.14692E-05	7.13985
7.89999	5.81E-11	7.164421	0.1000002	9.23832E-05	7.164421
7.99999	5.49E-11	7.190594	0.1	9.32978E-05	7.190594
8.09999	5.86E-11	7.21515	0.1	9.42129E-05	7.21515
8.19999	5.89E-11	7.239722	0.1000002	9.5129E-05	7.239722
8.29999	5.89E-11	7.264288	0.0999999	9.60471E-05	7.264288
8.39999	5.98E-11	7.288798	0.1	9.69649E-05	7.288798
8.49999	5.98E-11	7.313426	0.1000003	9.78831E-05	7.313426
8.59999	6.01E-11	7.337901	0.1	9.88017E-05	7.337901
8.69999	5.99E-11	7.362428	0.1	9.97243E-05	7.362428
8.79999	6.01E-11	7.386961	0.1000001	0.0001006461	7.386961
8.89999	6.01E-11	7.411506	0.1000002	0.0001015677	7.411506
8.99999	6.08E-11	7.436046	0.1000001	0.0001024904	7.436046
9.09999	6.11E-11	7.460656	0.1000001	0.0001034149	7.460656
9.19999	6.08E-11	7.485176	0.0999999	0.0001043394	7.485176
9.29999	5.62E-11	7.514778	0.0999999	0.000105232	7.514778
9.39999	6.08E-11	7.539296	0.0999999	0.000106161	7.539296
9.49999	6.06E-11	7.563859	0.1000001	0.000107088	7.563859
9.59999	5.6E-11	7.611899	0.1000001	0.000108015	7.611899
9.69999	5.98E-11	7.636444	0.1	0.000108947	7.636444
9.79999	5.99E-11	7.661029	0.0999999	0.000109879	7.661029
9.89999	6.02E-11	7.685549	0.1	0.000110811	7.685549
9.99999	6.08E-11	7.710119	0.0999999	0.000111743	7.710119
9.9	4.77E-11	7.734638	0.1000001	0.000110796	7.734638
9.8	4.54E-11	7.759254	0.0999999	0.000109857	7.759254
9.7	4.24E-11	7.783895	0.1000001	0.000108919	7.783895
9.6	4.08E-11	7.808495	0.1000002	0.000107983	7.808495
9.5	4E-11	7.833043	0.0999999	0.000107044	7.833043
9.4	3.78E-11	7.857515	0.0999999	0.00010611	7.857515
9.3	3.75E-11	7.882055	0.1	0.000105177	7.882055
9.2	3.63E-11	7.90656	0.0999999	0.000104247	7.90656
9.1	3.57E-11	7.931086	0.0999999	0.000103316	7.931086
9	3.51E-11	7.955606	0.1000001	0.000102385	7.955606
8.9	3.44E-11	7.980142	0.1000001	0.000101461	7.980142
8.8	3.34E-11	8.004654	0.1000001	0.000100531	8.004654
8.7	3.31E-11	8.029208	0.1	9.9601E-05	8.029208
8.6	3.26E-11	8.053748	0.1	9.8671E-05	8.053748
8.5	3.87E-11	8.116406	0.1	9.7749E-05	8.116406
8.4	3.28E-11	8.140969	0.1	9.6823E-05	8.140969
8.3	3.21E-11	8.16551	0.0999999	9.5896E-05	8.16551
8.2	3.12E-11	8.190013	0.1000001	9.4971E-05	8.190013
8.1	3.1E-11	8.215506	0.1	9.4048E-05	8.215506
8	2.98E-11	8.240035	0.1	9.3125E-05	8.240035
7.9	2.97E-11	8.264698	0.1000001	9.2205E-05	8.264698
7.8	2.88E-11	8.289224	0.1000001	9.1284E-05	8.289224
7.7	2.86E-11	8.313833	0.1000001	9.0365E-05	8.313833
7.6	2.82E-11	8.338341	0.0999998	8.9447E-05	8.338341
7.5	3.16E-11	8.366174	0.0999999	8.856E-05	8.366174
7.4	2.76E-11	8.390763	0.1000001	8.76434E-05	8.390763
7.3	2.71E-11	8.415266	0.1	8.67261E-05	8.415266
7.2	2.69E-11	8.439816	0.1	8.58102E-05	8.439816
7.1	2.58E-11	8.464378	0.1	8.48967E-05	8.464378
7	2.6E-11	8.488908	0.0999999	8.39831E-05	8.488908
6.9	2.54E-11	8.513448	0.0999998	8.30689E-05	8.513448
6.8	2.47E-11	8.537962	0.0999999	8.21566E-05	8.537962
6.7	2.44E-11	8.562469	0.0999997	8.12457E-05	8.562469
6.6	3.14E-11	8.615601	0.0999998	8.03415E-05	8.615601
6.5	2.56E-11	8.640125	0.1000002	7.94306E-05	8.640125
6.4	2.5E-11	8.664669	0.1000001	7.85205E-05	8.664669
6.3	2.39E-11	8.689226	0.1000001	7.7611E-05	8.689226
6.2	2.36E-11	8.713786	0.0999999	7.67036E-05	8.713786
6.1	2.26E-11	8.738287	0.1	7.57958E-05	8.738287
6	2.26E-11	8.76284	0.1000003	7.48897E-05	8.76284
5.9	2.18E-11	8.787369	0.1	7.39842E-05	8.787369
5.8	2.15E-11	8.811979	0.1	7.30804E-05	8.811979
5.7	2.13E-11	8.83652	0.0999999	7.21765E-05	8.83652
5.6	2.1E-11	8.86105	0.1000002	7.12724E-05	8.86105
5.5	2.02E-11	8.885563	0.1000001	7.03692E-05	8.885563
5.4	1.99E-11	8.910101	0.1	6.94686E-05	8.910101
5.3	1.93E-11	8.934683	0.0999999	6.8567E-05	8.934683
5.2	1.94E-11	8.959235	0.0999999	6.76667E-05	8.959235
5.1	1.87E-11	8.983744	0.0999997	6.67663E-05	8.983744
5	1.84E-11	9.00828	0.1	6.58688E-05	9.00828
4.9	1.75E-11	9.032793	0.1000001	6.4971E-05	9.032793
4.8	1.79E-11	9.057323	0.0999999	6.40727E-05	9.057323
4.7	2.36E-11	9.11403	0.1000001	6.31818E-05	9.11403
4.6	1.84E-11	9.138637	0.0999998	6.22855E-05	9.138637
4.5	1.76E-11	9.163375	0.0999999	6.13895E-05	9.163375
4.4	1.62E-11	9.187882	0.1000001	6.04945E-05	9.187882
4.3	1.55E-11	9.212736	0.0999999	5.96015E-05	9.212736
4.2	1.54E-11	9.237275	0.0999998	5.87086E-05	9.237275
4.1	1.48E-11	9.261847	0.1000001	5.78168E-05	9.261847
4	1.42E-11	9.286425	0.0999998	5.6925E-05	9.286425
3.9	1.31E-11	9.311026	0.1000001	5.60349E-05	9.311026
3.8	1.27E-11	9.335575	0.0999997	5.51453E-05	9.335575
3.7	1.23E-11	9.360025	0.0999999	5.42557E-05	9.360025
3.6	1.19E-11	9.384572	0.1000001	5.33677E-05	9.384572
3.5	1.13E-11	9.409098	0.1	5.24798E-05	9.409098
3.4	1.1E-11	9.433611	0.0999998	5.15923E-05	9.433611
3.3	1.04E-11	9.458216	0.0999999	5.07059E-05	9.458216
3.2	9.1E-12	9.48276	0.0999999	4.98209E-05	9.48276
3.1	8.9E-12	9.507261	0.0999999	4.89362E-05	9.507261
3	8E-12	9.531786	0.1000002	4.80525E-05	9.531786
2.9	7.7E-12	9.556317	0.0999996	4.71689E-05	9.556317
2.8	1.35E-11	9.615846	0.1	4.62922E-05	9.615846
2.7	7.8E-12	9.640403	0.1	4.54105E-05	9.640403
2.6	6.6E-12	9.664922	0.0999998	4.45294E-05	9.664922
2.5	5.6E-12	9.689475	0.0999999	4.36479E-05	9.689475
2.4	4.1E-12	9.714325	0.1000001	4.27691E-05	9.714325
2.3	3.8E-12	9.738887	0.0999999	4.18907E-05	9.738887
2.2	2.2E-12	9.76341	0.1	4.10135E-05	9.76341
2.099999	4.5E-12	9.789836	0.1	4.01383E-05	9.789836
2	6E-13	9.814434	0.0999998	3.92629E-05	9.814434
1.9	-5E-13	9.838971	0.1	3.83884E-05	9.838971
1.8	-1.8E-12	9.863507	0.0999999	3.75147E-05	9.863507
1.7	-2.8E-12	9.888074	0.0999999	3.66419E-05	9.888074
1.6	-4.1E-12	9.912576	0.1	3.57712E-05	9.912576
1.5	-5.3E-12	9.93718	0.1000001	3.49013E-05	9.93718
1.4	-6.4E-12	9.961759	0.1000001	3.40323E-05	9.961759
1.3	-7.9E-12	9.986287	0.1	3.31645E-05	9.986287
1.2	-9.4E-12	10.010819	0.0999999	3.22989E-05	10.010819
1.1	-1.05E-11	10.035359	0.0999999	3.1434E-05	10.035359
1	-1.21E-11	10.059866	0.0999999	3.05712E-05	10.059866
0.9	-7.5E-12	10.117602	0.0999998	2.9716E-05	10.117602
0.8	-1.35E-11	10.142216	0.1000002	2.8857E-05	10.142216
0.7	-1.63E-11	10.16672	0.1	2.80009E-05	10.16672
0.6	-1.84E-11	10.191275	0.1000001	2.71484E-05	10.191275
0.5	-2.08E-11	10.216015	0.0999999	2.62989E-05	10.216015
0.4	-2.28E-11	10.240549	0.1	2.54536E-05	10.240549
0.3	-2.52E-11	10.265047	0.1000001	2.46122E-05	10.265047
0.1999999	-2.4E-11	10.291457	0.0999998	2.37766E-05	10.291457
0.0999997	-2.97E-11	10.31607	0.1	2.29451E-05	10.31607
-4E-07	-3.22E-11	10.340588	0.1000001	2.21176E-05	10.340588
#scan	iMeasureCycle=2	iMux=0	time=279.725	N=401	LocalTime=20/04/2023 07:30:22
#VGate(V)	IGate(A)	time(s)	VDrain(V)	IDrain(A)	time(s)
-4E-07	-1.14E-11	279.732786	0.0999999	2.23371E-05	279.732786
-0.1000004	-1.93E-11	279.757673	0.0999999	2.15048E-05	279.757673
-0.1999999	-2.1E-11	279.783242	0.1	2.06762E-05	279.783242
-0.3	-2.63E-11	279.807966	0.1	1.98514E-05	279.807966
-0.4	-2.89E-11	279.832498	0.1	1.90318E-05	279.832498
-0.5	-3.16E-11	279.857031	0.0999999	1.82152E-05	279.857031
-0.6	-3.37E-11	279.881551	0.0999999	1.74023E-05	279.881551
-0.7	-3.56E-11	279.906103	0.0999997	1.65932E-05	279.906103
-0.8	-3.71E-11	279.930619	0.1000001	1.57886E-05	279.930619
-0.9	-3.88E-11	279.955129	0.0999999	1.49891E-05	279.955129
-1	-3.97E-11	279.979683	0.1000001	1.41939E-05	279.979683
-1.1	-4.14E-11	280.004279	0.1	1.34051E-05	280.004279
-1.2	-4.19E-11	280.028864	0.0999998	1.26229E-05	280.028864
-1.3	-4.36E-11	280.053374	0.0999999	1.18478E-05	280.053374
-1.4	-4.38E-11	280.077917	0.0999997	1.1082E-05	280.077917
-1.5	-4.5E-11	280.102445	0.1000001	1.0326E-05	280.102445
-1.6	-4.58E-11	280.126983	0.0999999	9.5803E-06	280.126983
-1.699999	-4.25E-11	280.154115	0.1	8.85181E-06	280.154115
-1.8	-4.69E-11	280.178638	0.0999999	8.13262E-06	280.178638
-1.9	-4.8E-11	280.203157	0.0999997	7.43015E-06	280.203157
-2	-4.79E-11	280.227778	0.1000002	6.7466E-06	280.227778
-2.1	-4.92E-11	280.252311	0.0999999	6.0835E-06	280.252311
-2.2	-4.32E-11	280.299389	0.1	5.44648E-06	280.299389
-2.3	-4.82E-11	280.323915	0.0999997	4.83139E-06	280.323915
-2.4	-4.91E-11	280.348443	0.1000001	4.24685E-06	280.348443
-2.5	-4.99E-11	280.37303	0.1000001	3.69473E-06	280.37303
-2.6	-5.04E-11	280.397595	0.1	3.17673E-06	280.397595
-2.7	-5.1E-11	280.422163	0.0999999	2.69614E-06	280.422163
-2.8	-5.16E-11	280.446788	0.0999998	2.25476E-06	280.446788
-2.9	-5.18E-11	280.471332	0.0999999	1.85391E-06	280.471332
-3	-5.25E-11	280.495922	0.1	1.49434E-06	280.495922
-3.1	-5.33E-11	280.520476	0.1	1.17708E-06	280.520476
-3.2	-5.31E-11	280.544983	0.1	9.023E-07	280.544983
-3.3	-5E-11	280.572283	0.0999998	6.70344E-07	280.572283
-3.4	-5.41E-11	280.596864	0.0999997	4.78518E-07	280.596864
-3.5	-5.41E-11	280.621402	0.0999997	3.26163E-07	280.621402
-3.6	-5.47E-11	280.645939	0.0999996	2.10388E-07	280.645939
-3.7	-5.49E-11	280.670467	0.0999998	1.26881E-07	280.670467
-3.8	-4.97E-11	280.708241	0.0999958	7.15684E-08	280.708241
-3.9	-6.97E-11	280.731552	0.1000089	3.6288E-08	280.731552
-4	-6.87E-11	280.754843	0.1000032	1.66733E-08	280.754843
-4.1	-5.01E-11	280.799695	0.0999991	7.0806E-09	280.799695
-4.2	-7.06E-11	280.822938	0.100001	2.5586E-09	280.822938
-4.3	-6.93E-11	280.846229	0.1000003	8.146E-10	280.846229
-4.4	-7.06E-11	280.869426	0.1000002	2.18E-10	280.869426
-4.5	-7.05E-11	280.892717	0.1	4.59E-11	280.892717
-4.6	-7.19E-11	280.915922	0.1000002	4.8E-12	280.915922
-4.7	-7.03E-11	280.939219	0.1000003	-2.7E-12	280.939219
-4.8	-7.23E-11	280.962438	0.1000002	-3.2E-12	280.962438
-4.9	-7.28E-11	280.985649	0.1000004	-3.3E-12	280.985649
-5	-7.33E-11	281.00887	0.1	-3.5E-12	281.00887
-5.1	-7.23E-11	281.032204	0.1000003	-4.1E-12	281.032204
-5.2	-7.21E-11	281.055489	0.1	-3.6E-12	281.055489
-5.3	-7.44E-11	281.078699	0.1000003	-3.3E-12	281.078699
-5.4	-7.44E-11	281.101915	0.1	-3.6E-12	281.101915
-5.5	-7.3E-11	281.12523	0.1	-3.3E-12	281.12523
-5.6	-7.31E-11	281.148527	0.1000002	-3.8E-12	281.148527
-5.7	-7.51E-11	281.171725	0.1000002	-3.6E-12	281.171725
-5.8	-7.56E-11	281.194932	0.1000001	-3.6E-12	281.194932
-5.9	-7.37E-11	281.218223	0.1000001	-3.6E-12	281.218223
-6	-7.56E-11	281.241531	0.1000001	-3.4E-12	281.241531
-6.1	-5.43E-11	281.298814	0.0999999	-5.2E-12	281.298814
-6.2	-7.36E-11	281.322051	0.1000001	-3.2E-12	281.322051
-6.3	-7.5E-11	281.34526	0.1000001	-3.6E-12	281.34526
-6.4	-7.35E-11	281.368605	0.1	-3.3E-12	281.368605
-6.5	-7.55E-11	281.391871	0.1000002	-3.6E-12	281.391871
-6.6	-7.58E-11	281.415097	0.1000001	-3.4E-12	281.415097
-6.7	-7.44E-11	281.4384	0.1000001	-3.8E-12	281.4384
-6.8	-7.44E-11	281.461699	0.1000002	-3.7E-12	281.461699
-6.9	-7.63E-11	281.4849	0.0999999	-3.4E-12	281.4849
-7	-7.66E-11	281.508135	0.1	-3.4E-12	281.508135
-7.1	-7.72E-11	281.531349	0.1000002	-3.2E-12	281.531349
-7.2	-7.56E-11	281.554645	0.1000001	-3.6E-12	281.554645
-7.3	-7.78E-11	281.577852	0.1000003	-3.5E-12	281.577852
-7.4	-7.77E-11	281.601071	0.1000003	-3.1E-12	281.601071
-7.5	-7.83E-11	281.624309	0.1000002	-3.2E-12	281.624309
-7.6	-7.62E-11	281.647603	0.1000001	-3.2E-12	281.647603
-7.7	-7.58E-11	281.670928	0.1000003	-3.5E-12	281.670928
-7.8	-7.88E-11	281.694191	0.1000001	-3.1E-12	281.694191
-7.9	-7.67E-11	281.717496	0.1000002	-3E-12	281.717496
-8	-7.9E-11	281.740793	0.1000001	-2.7E-12	281.740793
-8.1	-5.81E-11	281.795646	0.0999999	-4.5E-12	281.795646
-8.2	-7.62E-11	281.818958	0.1000001	-3.4E-12	281.818958
-8.3	-7.66E-11	281.842253	0.1000001	-3E-12	281.842253
-8.4	-7.83E-11	281.865489	0.1000002	-2.9E-12	281.865489
-8.5	-7.71E-11	281.88884	0.1000002	-2.9E-12	281.88884
-8.6	-7.77E-11	281.912139	0.1000001	-3.2E-12	281.912139
-8.7	-7.89E-11	281.935394	0.1000003	-3.3E-12	281.935394
-8.8	-7.96E-11	281.958624	0.0999999	-3.4E-12	281.958624
-8.9	-7.79E-11	281.981911	0.1000001	-3.3E-12	281.981911
-9	-7.81E-11	282.005199	0.1	-3.1E-12	282.005199
-9.1	-8.05E-11	282.028461	0.1000002	-2.9E-12	282.028461
-9.2	-8.03E-11	282.051689	0.1	-2.6E-12	282.051689
-9.3	-7.85E-11	282.074965	0.1	-3.1E-12	282.074965
-9.4	-7.88E-11	282.098259	0.1	-2.8E-12	282.098259
-9.5	-8.14E-11	282.121496	0.1000002	-2.9E-12	282.121496
-9.6	-8.13E-11	282.144722	0.1000002	-2.9E-12	282.144722
-9.7	-7.97E-11	282.16801	0.1000001	-3E-12	282.16801
-9.8	-7.93E-11	282.191303	0.1	-3.7E-12	282.191303
-9.9	-8.16E-11	282.214537	0.1000002	-3E-12	282.214537
-10	-8.15E-11	282.237832	0.1000001	-2.8E-12	282.237832
-9.90001	-4.09E-11	282.261124	0.0999996	-6.4E-12	282.261124
-9.80001	-5.46E-11	282.30138	0.0999999	-4.6E-12	282.30138
-9.70001	-3.41E-11	282.324634	0.0999998	-6.6E-12	282.324634
-9.60001	-3.2E-11	282.347887	0.0999999	-6.5E-12	282.347887
-9.50001	-3.21E-11	282.371233	0.0999998	-6.5E-12	282.371233
-9.40001	-3.1E-11	282.394584	0.0999997	-6.4E-12	282.394584
-9.30001	-2.77E-11	282.4178	0.0999997	-6.7E-12	282.4178
-9.20001	-2.64E-11	282.44111	0.0999997	-6.6E-12	282.44111
-9.10001	-2.81E-11	282.464448	0.0999999	-6.5E-12	282.464448
-9.00001	-2.46E-11	282.487638	0.0999997	-6.8E-12	282.487638
-8.90001	-2.39E-11	282.51085	0.0999997	-7E-12	282.51085
-8.80001	-2.49E-11	282.534147	0.0999997	-6.8E-12	282.534147
-8.70001	-2.42E-11	282.557443	0.0999998	-6.6E-12	282.557443
-8.60001	-2.21E-11	282.580637	0.0999996	-6.7E-12	282.580637
-8.50001	-2.16E-11	282.603844	0.0999996	-7E-12	282.603844
-8.40001	-2.13E-11	282.627083	0.0999997	-7.1E-12	282.627083
-8.30001	-2.26E-11	282.650379	0.0999998	-6.3E-12	282.650379
-8.20001	-2.17E-11	282.673673	0.0999998	-6.4E-12	282.673673
-8.10001	-1.93E-11	282.696942	0.0999997	-7.5E-12	282.696942
-8.00001	-2.08E-11	282.720235	0.0999997	-6.8E-12	282.720235
-7.90001	-1.86E-11	282.743533	0.0999997	-7.1E-12	282.743533
-7.80001	-3.9E-11	282.802881	0.1	-5.2E-12	282.802881
-7.70001	-1.93E-11	282.826116	0.0999997	-7.2E-12	282.826116
-7.6	-1.82E-11	282.849348	0.0999998	-7.1E-12	282.849348
-7.50001	-1.93E-11	282.872641	0.0999998	-6.9E-12	282.872641
-7.40001	-1.93E-11	282.895987	0.0999998	-7.2E-12	282.895987
-7.30001	-1.7E-11	282.919199	0.0999999	-7.1E-12	282.919199
-7.2	-1.66E-11	282.942417	0.0999998	-7.1E-12	282.942417
-7.10001	-1.78E-11	282.965709	0.0999998	-6.4E-12	282.965709
-7.00001	-1.74E-11	282.988988	0.0999996	-7.3E-12	282.988988
-6.90001	-1.54E-11	283.012193	0.0999996	-7E-12	283.012193
-6.80001	-1.47E-11	283.035542	0.0999997	-7.4E-12	283.035542
-6.70001	-1.61E-11	283.058842	0.0999999	-6.9E-12	283.058842
-6.60001	-1.53E-11	283.082085	0.0999999	-7.4E-12	283.082085
-6.50001	-1.39E-11	283.1053	0.0999999	-6.9E-12	283.1053
-6.40001	-1.49E-11	283.128616	0.0999997	-6.9E-12	283.128616
-6.30001	-1.48E-11	283.15191	0.0999997	-7.2E-12	283.15191
-6.20001	-1.27E-11	283.175118	0.0999997	-7.6E-12	283.175118
-6.10001	-1.38E-11	283.198407	0.0999996	-7.5E-12	283.198407
-6.00001	-1.17E-11	283.22161	0.0999999	-7.6E-12	283.22161
-5.90001	-1.25E-11	283.244991	0.0999999	-7.3E-12	283.244991
-5.80001	-3.24E-11	283.30439	0.0999999	-6E-12	283.30439
-5.70001	-1.24E-11	283.327626	0.0999998	-7.4E-12	283.327626
-5.60001	-1.31E-11	283.350931	0.0999997	-7.5E-12	283.350931
-5.50001	-1.38E-11	283.374339	0.0999996	-7.5E-12	283.374339
-5.40001	-1.03E-11	283.397607	0.0999998	-7.5E-12	283.397607
-5.30001	-9.5E-12	283.420831	0.0999999	-7.7E-12	283.420831
-5.20001	-1.03E-11	283.44412	0.0999998	-7.4E-12	283.44412
-5.1	-1E-11	283.467398	0.0999997	-7.9E-12	283.467398
-5.00001	-7.6E-12	283.490598	0.0999997	-7.7E-12	283.490598
-4.90001	-7.3E-12	283.513807	0.0999998	-7.8E-12	283.513807
-4.80001	-8.9E-12	283.537094	0.0999997	-7.6E-12	283.537094
-4.7	-8.4E-12	283.560392	0.0999999	-4.7E-12	283.560392
-4.60001	-5.8E-12	283.583596	0.0999998	1.33E-11	283.583596
-4.50001	-5.2E-12	283.606804	0.0999997	9.54E-11	283.606804
-4.40001	-7E-12	283.630111	0.0999997	4.021E-10	283.630111
-4.3	-6.7E-12	283.65341	0.0999999	1.3586E-09	283.65341
-4.20001	-4.3E-12	283.676607	0.1000001	3.9295E-09	283.676607
-4.10001	-3.5E-12	283.699878	0.1000009	1.00532E-08	283.699878
-4.00001	-4.8E-12	283.723164	0.1000013	2.28956E-08	283.723164
-3.90001	-3.1E-12	283.746456	0.0999996	4.70713E-08	283.746456
-3.80001	-2.38E-11	283.806125	0.1000052	8.65421E-08	283.806125
-3.70001	-2.41E-11	283.845604	0.1000001	1.49445E-07	283.845604
-3.60001	-1.91E-11	283.870131	0.1000002	2.42716E-07	283.870131
-3.50001	-1.76E-11	283.894693	0.1000004	3.68536E-07	283.894693
-3.40001	-1.69E-11	283.919204	0.1000004	5.30562E-07	283.919204
-3.30001	-1.63E-11	283.943731	0.1000006	7.31739E-07	283.943731
-3.20001	-1.53E-11	283.968263	0.1000007	9.73727E-07	283.968263
-3.10001	-2E-11	284.002773	0.0999999	1.25285E-06	284.002773
-3.00001	-1.49E-11	284.02731	0.1000003	1.58024E-06	284.02731
-2.90001	-1.41E-11	284.051882	0.1000001	1.94812E-06	284.051882
-2.80001	-1.31E-11	284.076395	0.1000001	2.35666E-06	284.076395
-2.70001	-1.24E-11	284.100916	0.1000002	2.80518E-06	284.100916
-2.60001	-1.16E-11	284.12544	0.1000001	3.29168E-06	284.12544
-2.50001	-1.11E-11	284.149972	0.0999997	3.8145E-06	284.149972
-2.40001	-1.05E-11	284.174491	0.1000001	4.37072E-06	284.174491
-2.30001	-9.8E-12	284.199007	0.1	4.95803E-06	284.199007
-2.20001	-8.9E-12	284.223549	0.1000001	5.57348E-06	284.223549
-2.099999	-1.16E-11	284.250076	0.0999999	6.21652E-06	284.250076
-2.000001	-1.41E-11	284.311642	0.1	6.87138E-06	284.311642
-1.9	-8.6E-12	284.336152	0.1	7.55978E-06	284.336152
-1.800001	-7.7E-12	284.360688	0.1000001	8.26341E-06	284.360688
-1.7	-6.1E-12	284.385266	0.1	8.98205E-06	284.385266
-1.6	-5E-12	284.409834	0.1000002	9.715E-06	284.409834
-1.5	-4.5E-12	284.434451	0.1	1.045962E-05	284.434451
-1.400001	-7.5E-12	284.469181	0.0999998	1.12088E-05	284.469181
-1.3	-2.5E-12	284.493732	0.0999999	1.19747E-05	284.493732
-1.2	-1.1E-12	284.518287	0.1	1.27492E-05	284.518287
-1.100001	6E-13	284.542816	0.1000001	1.35298E-05	284.542816
-1	1.9E-12	284.567324	0.1	1.43166E-05	284.567324
-0.9	3.1E-12	284.591862	0.0999999	1.51095E-05	284.591862
-0.8	4.3E-12	284.616369	0.1	1.59078E-05	284.616369
-0.7	5.7E-12	284.640955	0.1000001	1.67103E-05	284.640955
-0.6	7E-12	284.665503	0.0999998	1.75174E-05	284.665503
-0.500001	8.6E-12	284.690006	0.1000001	1.83281E-05	284.690006
-0.4	9.5E-12	284.714586	0.1	1.9142E-05	284.714586
-0.3	1.19E-11	284.739052	0.0999999	1.99597E-05	284.739052
-0.1999999	9.5E-12	284.765583	0.1	2.07801E-05	284.765583
-0.1000001	8.6E-12	284.810578	0.1000001	2.16009E-05	284.810578
1E-07	1.51E-11	284.83509	0.1	2.24319E-05	284.83509
0.1000002	1.8E-11	284.859588	0.1000001	2.32668E-05	284.859588
0.2000002	1.96E-11	284.884103	0.1	2.41056E-05	284.884103
0.299999	2.12E-11	284.908885	0.1	2.49495E-05	284.908885
0.4	2.37E-11	284.933377	0.0999999	2.57969E-05	284.933377
0.5	2.52E-11	284.957977	0.1000001	2.66487E-05	284.957977
0.6	2.73E-11	284.98253	0.1	2.75039E-05	284.98253
0.699999	2.95E-11	285.00704	0.0999999	2.83623E-05	285.00704
0.799999	3.14E-11	285.031573	0.1	2.92227E-05	285.031573
0.899999	3.29E-11	285.05615	0.1	3.00857E-05	285.05615
0.999999	3.46E-11	285.08067	0.1000001	3.09509E-05	285.08067
1.1	3.62E-11	285.105192	0.1000001	3.18177E-05	285.105192
1.2	3.83E-11	285.129724	0.1000001	3.26866E-05	285.129724
1.3	3.95E-11	285.154259	0.0999998	3.35563E-05	285.154259
1.4	4.09E-11	285.178785	0.1000001	3.44272E-05	285.178785
1.5	4.22E-11	285.203301	0.1000001	3.52992E-05	285.203301
1.6	4.32E-11	285.227808	0.1000001	3.61722E-05	285.227808
1.699999	4.43E-11	285.252411	0.1000001	3.7046E-05	285.252411
1.799999	3.8E-11	285.312172	0.0999999	3.79139E-05	285.312172
1.9	4.27E-11	285.336719	0.0999999	3.87908E-05	285.336719
2	4.45E-11	285.361222	0.0999998	3.96673E-05	285.361222
2.099999	4.62E-11	285.3858	0.1000001	4.05439E-05	285.3858
2.19999	4.61E-11	285.410587	0.1000003	4.14182E-05	285.410587
2.29999	4.73E-11	285.435088	0.1	4.22953E-05	285.435088
2.39999	4.75E-11	285.459747	0.0999999	4.31737E-05	285.459747
2.49999	4.88E-11	285.484264	0.1	4.40515E-05	285.484264
2.59999	4.93E-11	285.508776	0.0999999	4.49302E-05	285.508776
2.69999	4.93E-11	285.533286	0.0999998	4.58087E-05	285.533286
2.79999	5.04E-11	285.5578	0.0999999	4.66885E-05	285.5578
2.89999	5.06E-11	285.582319	0.1	4.75673E-05	285.582319
2.99999	5.13E-11	285.606829	0.1	4.84466E-05	285.606829
3.09999	5.14E-11	285.631343	0.1	4.9326E-05	285.631343
3.19999	5.14E-11	285.655871	0.1000001	5.02064E-05	285.655871
3.29999	5.17E-11	285.680414	0.1000002	5.10869E-05	285.680414
3.39999	5.22E-11	285.704953	0.0999999	5.19679E-05	285.704953
3.49999	5.23E-11	285.72947	0.1	5.28487E-05	285.72947
3.59999	5.26E-11	285.754091	0.0999999	5.37305E-05	285.754091
3.69999	4.59E-11	285.814001	0.1	5.46023E-05	285.814001
3.79999	5.12E-11	285.83853	0.1	5.54886E-05	285.83853
3.89999	5.15E-11	285.863074	0.1000001	5.63728E-05	285.863074
3.99999	5.25E-11	285.887575	0.1000002	5.7258E-05	285.887575
4.09999	5.3E-11	285.912143	0.1	5.81438E-05	285.912143
4.19999	5.31E-11	285.93665	0.1000001	5.90293E-05	285.93665
4.29999	5.34E-11	285.961178	0.0999998	5.99142E-05	285.961178
4.39999	5.42E-11	285.985697	0.1000002	6.08004E-05	285.985697
4.49999	5.41E-11	286.010215	0.1000001	6.16883E-05	286.010215
4.59999	5.38E-11	286.034831	0.1	6.25756E-05	286.034831
4.69999	5.49E-11	286.059398	0.1000002	6.34648E-05	286.059398
4.79999	5.48E-11	286.083948	0.1000002	6.43537E-05	286.083948
4.89999	5.49E-11	286.108488	0.0999999	6.5243E-05	286.108488
4.99999	5.52E-11	286.133037	0.0999999	6.61331E-05	286.133037
5.09999	5.54E-11	286.157578	0.1	6.7023E-05	286.157578
5.19999	5.58E-11	286.182104	0.1000001	6.79148E-05	286.182104
5.29999	5.62E-11	286.206731	0.1	6.88078E-05	286.206731
5.39999	5.62E-11	286.231264	0.1000001	6.97006E-05	286.231264
5.49999	5.6E-11	286.255871	0.1	7.05948E-05	286.255871
5.59999	5.02E-11	286.315377	0.1000001	7.14792E-05	286.315377
5.69999	5.5E-11	286.339885	0.1000001	7.23779E-05	286.339885
5.79999	5.57E-11	286.364415	0.0999998	7.32757E-05	286.364415
5.89999	5.63E-11	286.388979	0.0999999	7.41735E-05	286.388979
5.99999	5.62E-11	286.413603	0.0999999	7.50718E-05	286.413603
6.09999	5.62E-11	286.438099	0.1000003	7.59706E-05	286.438099
6.19999	5.71E-11	286.4627	0.1000001	7.68702E-05	286.4627
6.29999	5.69E-11	286.487219	0.1000001	7.77709E-05	286.487219
6.39999	5.72E-11	286.511734	0.1	7.86722E-05	286.511734
6.49999	5.75E-11	286.536249	0.0999998	7.95737E-05	286.536249
6.59999	5.76E-11	286.560786	0.1000002	8.04781E-05	286.560786
6.69999	5.77E-11	286.585295	0.1000002	8.13814E-05	286.585295
6.79999	5.82E-11	286.609811	0.1	8.22835E-05	286.609811
6.89999	5.83E-11	286.634342	0.1000002	8.31888E-05	286.634342
6.99999	5.8E-11	286.658886	0.0999999	8.40957E-05	286.658886
7.09999	5.87E-11	286.683399	0.1000001	8.50025E-05	286.683399
7.19999	5.86E-11	286.70793	0.1000001	8.59102E-05	286.70793
7.29999	5.88E-11	286.732482	0.1000003	8.68179E-05	286.732482
7.39999	5.88E-11	286.7571	0.1000001	8.77283E-05	286.7571
7.49999	5.23E-11	286.816851	0.0999999	8.86294E-05	286.816851
7.59999	5.77E-11	286.841389	0.1000003	8.95441E-05	286.841389
7.69999	5.79E-11	286.865933	0.1	9.04561E-05	286.865933
7.79999	5.82E-11	286.890451	0.1000002	9.13689E-05	286.890451
7.89999	5.86E-11	286.915051	0.1000001	9.22832E-05	286.915051
7.99999	5.88E-11	286.939564	0.1000003	9.31985E-05	286.939564
8.09999	5.9E-11	286.964096	0.1000001	9.41148E-05	286.964096
8.19999	5.92E-11	286.988615	0.1000002	9.50305E-05	286.988615
8.29999	5.96E-11	287.013131	0.1000002	9.59472E-05	287.013131
8.39999	5.95E-11	287.037658	0.0999999	9.68661E-05	287.037658
8.49999	5.99E-11	287.062256	0.0999997	9.7784E-05	287.062256
8.59999	5.99E-11	287.08679	0.1000004	9.87036E-05	287.08679
8.69999	6.02E-11	287.111295	0.1000001	9.96254E-05	287.111295
8.79999	6E-11	287.135825	0.1	0.0001005474	287.135825
8.89999	6.07E-11	287.160329	0.1000001	0.0001014697	287.160329
8.99999	6.06E-11	287.184852	0.0999999	0.0001023919	287.184852
9.09999	6.09E-11	287.209546	0.1000002	0.0001033156	287.209546
9.19999	6.07E-11	287.234072	0.0999999	0.0001042415	287.234072
9.29999	5.64E-11	287.263787	0.1	0.000105134	287.263787
9.39999	5.5E-11	287.318586	0.1	0.000106059	287.318586
9.49999	5.95E-11	287.343132	0.1000001	0.000106991	287.343132
9.59999	6.04E-11	287.367618	0.1	0.000107923	287.367618
9.69999	6E-11	287.392191	0.1000002	0.000108854	287.392191
9.79999	6.09E-11	287.416752	0.0999998	0.000109786	287.416752
9.89999	6.13E-11	287.441273	0.1	0.000110718	287.441273
9.99999	6.07E-11	287.465784	0.0999998	0.00011165	287.465784
9.9	4.86E-11	287.490355	0.1000001	0.000110704	287.490355
9.8	4.58E-11	287.514925	0.0999998	0.000109761	287.514925
9.7	4.28E-11	287.539447	0.1	0.000108823	287.539447
9.6	4.1E-11	287.563959	0.0999999	0.000107887	287.563959
9.5	4.02E-11	287.588523	0.0999998	0.000106951	287.588523
9.4	3.87E-11	287.613058	0.0999999	0.000106017	287.613058
9.3	3.75E-11	287.637621	0.1000001	0.000105084	287.637621
9.2	3.69E-11	287.662156	0.0999999	0.000104152	287.662156
9.1	3.56E-11	287.686701	0.1	0.000103222	287.686701
9	3.5E-11	287.71124	0.0999999	0.00010229	287.71124
8.9	3.43E-11	287.735767	0.1	0.000101368	287.735767
8.8	3.37E-11	287.760419	0.1	0.000100437	287.760419
8.7	3.89E-11	287.818779	0.1	9.9509E-05	287.818779
8.6	3.39E-11	287.843326	0.0999999	9.8578E-05	287.843326
8.5	3.31E-11	287.86785	0.1000001	9.7652E-05	287.86785
8.4	3.2E-11	287.89237	0.1	9.6724E-05	287.89237
8.3	3.13E-11	287.916949	0.1000001	9.58E-05	287.916949
8.2	3.09E-11	287.941459	0.1000002	9.4877E-05	287.941459
8.1	3.03E-11	287.96599	0.0999999	9.3955E-05	287.96599
8	2.98E-11	287.990603	0.1000002	9.303E-05	287.990603
7.9	2.98E-11	288.015122	0.1	9.2109E-05	288.015122
7.8	2.94E-11	288.039623	0.1000001	9.1188E-05	288.039623
7.7	2.86E-11	288.064205	0.0999999	9.0269E-05	288.064205
7.6	3.2E-11	288.092092	0.0999997	8.93787E-05	288.092092
7.5	2.85E-11	288.116606	0.0999999	8.84616E-05	288.116606
7.4	2.79E-11	288.14116	0.0999999	8.75441E-05	288.14116
7.3	2.82E-11	288.165782	0.0999998	8.66271E-05	288.165782
7.2	2.67E-11	288.19031	0.0999999	8.57119E-05	288.19031
7.1	2.64E-11	288.214807	0.0999997	8.47976E-05	288.214807
7	2.59E-11	288.239348	0.0999998	8.38833E-05	288.239348
6.9	2.57E-11	288.263962	0.1	8.2969E-05	288.263962
6.8	3.13E-11	288.320221	0.1000001	8.2064E-05	288.320221
6.7	2.64E-11	288.34474	0.0999998	8.11519E-05	288.34474
6.6	2.59E-11	288.369267	0.1	8.02421E-05	288.369267
6.5	2.49E-11	288.393838	0.1000001	7.93316E-05	288.393838
6.4	2.51E-11	288.418436	0.0999998	7.84214E-05	288.418436
6.3	2.42E-11	288.442943	0.0999998	7.7513E-05	288.442943
6.2	2.35E-11	288.467567	0.1000001	7.66052E-05	288.467567
6.1	2.32E-11	288.492079	0.1000001	7.56978E-05	288.492079
6	2.29E-11	288.516642	0.0999999	7.47934E-05	288.516642
5.9	2.21E-11	288.541152	0.0999998	7.3886E-05	288.541152
5.8	2.17E-11	288.565698	0.0999999	7.29814E-05	288.565698
5.7	2.17E-11	288.590255	0.0999999	7.20776E-05	288.590255
5.6	2.15E-11	288.614764	0.1	7.1174E-05	288.614764
5.5	2.1E-11	288.639298	0.1	7.02712E-05	288.639298
5.4	2.05E-11	288.66384	0.0999998	6.9369E-05	288.66384
5.3	1.97E-11	288.688385	0.0999998	6.84682E-05	288.688385
5.2	1.92E-11	288.71293	0.1	6.75681E-05	288.71293
5.1	1.88E-11	288.737462	0.1000001	6.66679E-05	288.737462
5	1.84E-11	288.762058	0.1000001	6.57691E-05	288.762058
4.9	2.42E-11	288.823696	0.0999999	6.4877E-05	288.823696
4.8	1.93E-11	288.848211	0.0999999	6.39802E-05	288.848211
4.7	1.82E-11	288.872733	0.0999999	6.30816E-05	288.872733
4.6	1.73E-11	288.897297	0.1000001	6.21854E-05	288.897297
4.5	1.66E-11	288.9219	0.0999999	6.129E-05	288.9219
4.4	1.64E-11	288.946422	0.0999998	6.03957E-05	288.946422
4.3	1.58E-11	288.970939	0.1000001	5.95018E-05	288.970939
4.2	1.52E-11	288.995464	0.1	5.86086E-05	288.995464
4.1	1.51E-11	289.020051	0.1000001	5.77177E-05	289.020051
4	1.39E-11	289.044595	0.1000002	5.68255E-05	289.044595
3.9	1.37E-11	289.069169	0.0999999	5.59337E-05	289.069169
3.8	1.34E-11	289.093709	0.1000001	5.50437E-05	289.093709
3.7	1.3E-11	289.11825	0.1000001	5.41554E-05	289.11825
3.6	1.21E-11	289.142785	0.1	5.32677E-05	289.142785
3.5	1.09E-11	289.167314	0.1000001	5.2379E-05	289.167314
3.4	1.08E-11	289.191844	0.0999999	5.14921E-05	289.191844
3.3	1E-11	289.216359	0.0999999	5.06065E-05	289.216359
3.2	9.2E-12	289.240878	0.0999998	4.97214E-05	289.240878
3.1	8.8E-12	289.265467	0.0999999	4.88363E-05	289.265467
3	1.5E-11	289.324914	0.0999999	4.79578E-05	289.324914
2.9	9.6E-12	289.349483	0.0999999	4.70744E-05	289.349483
2.8	8E-12	289.373999	0.1	4.61914E-05	289.373999
2.7	7E-12	289.398563	0.0999999	4.53101E-05	289.398563
2.6	6.4E-12	289.423134	0.1	4.44299E-05	289.423134
2.5	5.1E-12	289.447654	0.1	4.35487E-05	289.447654
2.4	4E-12	289.472162	0.0999999	4.26699E-05	289.472162
2.3	3.4E-12	289.496676	0.1	4.17913E-05	289.496676
2.2	2.2E-12	289.521187	0.1000001	4.09138E-05	289.521187
2.099999	4.5E-12	289.547598	0.0999999	4.00412E-05	289.547598
2	5E-13	289.572128	0.1	3.91653E-05	289.572128
1.9	-4E-13	289.59667	0.0999998	3.82908E-05	289.59667
1.8	-1.6E-12	289.62119	0.1	3.74174E-05	289.62119
1.7	-2.6E-12	289.64572	0.1000001	3.65452E-05	289.64572
1.6	-3.9E-12	289.670233	0.1	3.56741E-05	289.670233
1.5	-4.6E-12	289.694836	0.0999999	3.48042E-05	289.694836
1.4	-6.4E-12	289.719427	0.0999999	3.39354E-05	289.719427
1.3	-7.7E-12	289.743935	0.0999997	3.30687E-05	289.743935
1.2	-9.2E-12	289.768554	0.1000001	3.22028E-05	289.768554
1.100001	-4.2E-12	289.826463	0.1	3.13435E-05	289.826463
1	-1.04E-11	289.851018	0.1000001	3.04806E-05	289.851018
0.9	-1.27E-11	289.875531	0.0999999	2.96197E-05	289.875531
0.8	-1.48E-11	289.900055	0.0999999	2.87613E-05	289.900055
0.7	-1.71E-11	289.924614	0.0999999	2.79064E-05	289.924614
0.6	-1.92E-11	289.949122	0.0999999	2.70544E-05	289.949122
0.5	-2.12E-11	289.973733	0.1	2.62054E-05	289.973733
0.4	-2.36E-11	289.998364	0.1000001	2.53606E-05	289.998364
0.3	-2.56E-11	290.022914	0.1	2.45201E-05	290.022914
0.1999999	-2.43E-11	290.049596	0.0999999	2.36845E-05	290.049596
0.0999997	-3.08E-11	290.074108	0.1	2.28534E-05	290.074108
-7E-07	-3.28E-11	290.098605	0.0999998	2.2027E-05	290.098605
#scan	iMeasureCycle=3	iMux=0	time=319.729	N=401	LocalTime=20/04/2023 07:31:02
#VGate(V)	IGate(A)	time(s)	VDrain(V)	IDrain(A)	time(s)
-3E-07	-1.18E-11	319.736473	0.1	2.22386E-05	319.736473
-0.1000004	-1.97E-11	319.761361	0.0999998	2.14072E-05	319.761361
-0.2	-2.13E-11	319.787008	0.1	2.05805E-05	319.787008
-0.3	-2.63E-11	319.81174	0.1	1.97576E-05	319.81174
-0.4	-2.91E-11	319.836318	0.0999999	1.89385E-05	319.836318
-0.5	-3.16E-11	319.86086	0.0999999	1.81229E-05	319.86086
-0.6	-3.39E-11	319.885376	0.0999999	1.73112E-05	319.885376
-0.7	-3.58E-11	319.909888	0.0999999	1.65041E-05	319.909888
-0.8	-3.79E-11	319.934408	0.0999999	1.57005E-05	319.934408
-0.9	-3.92E-11	319.95892	0.0999999	1.4902E-05	319.95892
-1	-4E-11	319.983488	0.1	1.41087E-05	319.983488
-1.1	-4.2E-11	320.008003	0.0999998	1.33217E-05	320.008003
-1.2	-4.27E-11	320.032534	0.1000001	1.25425E-05	320.032534
-1.3	-4.38E-11	320.057062	0.1000003	1.17703E-05	320.057062
-1.4	-4.44E-11	320.081693	0.1000001	1.10057E-05	320.081693
-1.5	-4.51E-11	320.106267	0.0999999	1.02514E-05	320.106267
-1.6	-4.6E-11	320.130805	0.0999999	9.5085E-06	320.130805
-1.699999	-4.31E-11	320.15789	0.1	8.78262E-06	320.15789
-1.8	-4.71E-11	320.182467	0.0999998	8.06631E-06	320.182467
-1.9	-4.78E-11	320.20698	0.1	7.36665E-06	320.20698
-2	-4.83E-11	320.231497	0.0999999	6.68581E-06	320.231497
-2.1	-4.9E-11	320.255991	0.1	6.02582E-06	320.255991
-2.2	-4.3E-11	320.302475	0.1	5.39248E-06	320.302475
-2.3	-4.82E-11	320.327117	0.1	4.78008E-06	320.327117
-2.4	-4.96E-11	320.351621	0.1000002	4.19919E-06	320.351621
-2.5	-5.01E-11	320.376183	0.1000002	3.65041E-06	320.376183
-2.6	-5.13E-11	320.400747	0.1	3.13592E-06	320.400747
-2.7	-5.17E-11	320.425293	0.1000001	2.65901E-06	320.425293
-2.8	-5.2E-11	320.449875	0.0999999	2.22127E-06	320.449875
-2.9	-5.22E-11	320.474397	0.1000001	1.82319E-06	320.474397
-3	-5.34E-11	320.498916	0.1	1.46744E-06	320.498916
-3.1	-5.3E-11	320.523423	0.0999999	1.15349E-06	320.523423
-3.2	-5E-11	320.550741	0.0999996	8.83341E-07	320.550741
-3.3	-5.33E-11	320.575273	0.0999995	6.53597E-07	320.575273
-3.4	-5.41E-11	320.59979	0.0999998	4.64958E-07	320.59979
-3.5	-5.46E-11	320.624315	0.0999996	3.15719E-07	320.624315
-3.6	-5.53E-11	320.648848	0.0999996	2.02529E-07	320.648848
-3.7	-5.54E-11	320.673367	0.0999999	1.21569E-07	320.673367
-3.8	-4.95E-11	320.711044	0.0999959	6.81309E-08	320.711044
-3.9	-6.96E-11	320.734253	0.100008	3.42879E-08	320.734253
-4	-7.06E-11	320.75746	0.1000037	1.5621E-08	320.75746
-4.1	-5.01E-11	320.803082	0.0999993	6.5537E-09	320.803082
-4.2	-6.98E-11	320.826382	0.1000008	2.3547E-09	320.826382
-4.3	-7.13E-11	320.8496	0.1000007	7.314E-10	320.8496
-4.4	-7.17E-11	320.872811	0.1000002	1.912E-10	320.872811
-4.5	-7.02E-11	320.896145	0.1000002	3.72E-11	320.896145
-4.6	-7.05E-11	320.919442	0.1000001	2.9E-12	320.919442
-4.7	-7.23E-11	320.942646	0.1000003	-2.4E-12	320.942646
-4.8	-7.35E-11	320.96586	0.1000001	-3.5E-12	320.96586
-4.9	-7.37E-11	320.989075	0.1000001	-4E-12	320.989075
-5	-7.2E-11	321.01237	0.1000002	-3.8E-12	321.01237
-5.1	-7.38E-11	321.035585	0.1000003	-3.8E-12	321.035585
-5.2	-7.44E-11	321.058794	0.1000003	-3.4E-12	321.058794
-5.3	-7.28E-11	321.082086	0.1000002	-3.2E-12	321.082086
-5.4	-7.25E-11	321.105468	0.1000001	-3.5E-12	321.105468
-5.5	-7.48E-11	321.128739	0.1000002	-3.3E-12	321.128739
-5.6	-7.54E-11	321.151942	0.1000002	-3.4E-12	321.151942
-5.7	-7.36E-11	321.175229	0.1000002	-3.5E-12	321.175229
-5.8	-7.39E-11	321.198549	0.1000003	-3.9E-12	321.198549
-5.9	-7.55E-11	321.221778	0.1000001	-3.4E-12	321.221778
-6	-7.6E-11	321.244983	0.1000001	-3.3E-12	321.244983
-6.1	-5.51E-11	321.301328	0.1	-5.3E-12	321.301328
-6.2	-7.26E-11	321.324723	0.1000001	-3.8E-12	321.324723
-6.3	-7.54E-11	321.347944	0.1000001	-3.2E-12	321.347944
-6.4	-7.55E-11	321.371153	0.1000001	-3.5E-12	321.371153
-6.5	-7.47E-11	321.394563	0.0999999	-3.8E-12	321.394563
-6.6	-7.67E-11	321.41778	0.1000002	-3.9E-12	321.41778
-6.7	-7.72E-11	321.441001	0.1000002	-3.7E-12	321.441001
-6.8	-7.7E-11	321.464266	0.1000001	-3.7E-12	321.464266
-6.9	-7.63E-11	321.487561	0.0999999	-3.6E-12	321.487561
-7	-7.61E-11	321.510869	0.0999999	-3.5E-12	321.510869
-7.1	-7.54E-11	321.53418	0.1000002	-3.7E-12	321.53418
-7.2	-7.59E-11	321.557467	0.1000001	-3.7E-12	321.557467
-7.3	-7.63E-11	321.580746	0.1	-4.1E-12	321.580746
-7.4	-7.69E-11	321.604053	0.1000001	-4E-12	321.604053
-7.5	-7.84E-11	321.627266	0.1	-3.3E-12	321.627266
-7.6	-7.7E-11	321.650552	0.1000002	-3.9E-12	321.650552
-7.7	-7.66E-11	321.673838	0.0999999	-3.4E-12	321.673838
-7.8	-7.89E-11	321.69718	0.1000001	-3.4E-12	321.69718
-7.9	-7.76E-11	321.720478	0.1	-3.4E-12	321.720478
-8	-7.79E-11	321.743764	0.1000001	-3.3E-12	321.743764
-8.1	-5.91E-11	321.79875	0.0999999	-5.2E-12	321.79875
-8.2	-7.82E-11	321.822062	0.1000001	-3.2E-12	321.822062
-8.3	-7.83E-11	321.845277	0.1000001	-3.2E-12	321.845277
-8.4	-7.87E-11	321.868499	0.1000002	-3.4E-12	321.868499
-8.5	-7.74E-11	321.891832	0.1000001	-3.4E-12	321.891832
-8.6	-7.61E-11	321.915202	0.1	-3.7E-12	321.915202
-8.7	-8E-11	321.938423	0.1000001	-3.1E-12	321.938423
-8.8	-7.99E-11	321.961621	0.1000001	-3.4E-12	321.961621
-8.9	-7.87E-11	321.984916	0.1000001	-3.2E-12	321.984916
-9	-7.86E-11	322.008212	0.1000001	-3.1E-12	322.008212
-9.1	-8.1E-11	322.03142	0.1000002	-3.3E-12	322.03142
-9.2	-8.09E-11	322.054637	0.1000002	-3.3E-12	322.054637
-9.3	-7.9E-11	322.077921	0.1	-3E-12	322.077921
-9.4	-7.96E-11	322.101207	0.1000001	-3.2E-12	322.101207
-9.5	-8.15E-11	322.124434	0.1000001	-3.1E-12	322.124434
-9.6	-8.21E-11	322.147693	0.1000002	-2.9E-12	322.147693
-9.7	-7.97E-11	322.17099	0.1000001	-3.1E-12	322.17099
-9.8	-8.16E-11	322.194208	0.1000001	-2.9E-12	322.194208
-9.9	-8.2E-11	322.217447	0.1000001	-3.2E-12	322.217447
-10	-8.19E-11	322.240665	0.1000002	-3.1E-12	322.240665
-9.90001	-4.11E-11	322.263951	0.0999996	-6.5E-12	322.263951
-9.80001	-5.47E-11	322.304328	0.1	-4.9E-12	322.304328
-9.70001	-3.39E-11	322.327633	0.0999995	-6.6E-12	322.327633
-9.60001	-3.21E-11	322.350845	0.0999998	-6.9E-12	322.350845
-9.50001	-3.17E-11	322.374135	0.0999997	-6.4E-12	322.374135
-9.40001	-3.06E-11	322.397483	0.0999997	-6.5E-12	322.397483
-9.30001	-2.8E-11	322.420707	0.0999997	-6.8E-12	322.420707
-9.20001	-2.72E-11	322.443921	0.0999996	-6.9E-12	322.443921
-9.10001	-2.79E-11	322.467262	0.0999998	-6.6E-12	322.467262
-9.00001	-2.79E-11	322.490558	0.0999998	-6.7E-12	322.490558
-8.90001	-2.47E-11	322.513767	0.0999999	-7.1E-12	322.513767
-8.80001	-2.39E-11	322.536996	0.0999997	-7.4E-12	322.536996
-8.70001	-2.5E-11	322.560288	0.0999997	-7.6E-12	322.560288
-8.60001	-2.45E-11	322.583567	0.0999998	-7.1E-12	322.583567
-8.50001	-2.23E-11	322.606882	0.0999995	-7.2E-12	322.606882
-8.40001	-2.16E-11	322.630104	0.0999998	-7.2E-12	322.630104
-8.30001	-2.3E-11	322.653398	0.0999997	-7.3E-12	322.653398
-8.20001	-2.12E-11	322.676607	0.0999996	-7.4E-12	322.676607
-8.10001	-2.04E-11	322.699845	0.0999998	-7.4E-12	322.699845
-8.00001	-2.13E-11	322.723141	0.0999996	-7.5E-12	322.723141
-7.90001	-2.09E-11	322.746432	0.0999998	-7.5E-12	322.746432
-7.80001	-3.92E-11	322.806213	0.1	-5.9E-12	322.806213
-7.70001	-2.17E-11	322.829584	0.0999995	-7.5E-12	322.829584
-7.6	-2.1E-11	322.852878	0.0999998	-7.2E-12	322.852878
-7.50001	-1.83E-11	322.876088	0.0999998	-7.5E-12	322.876088
-7.40001	-1.77E-11	322.899423	0.0999995	-7.2E-12	322.899423
-7.30001	-1.9E-11	322.922716	0.0999999	-7.7E-12	322.922716
-7.2	-1.68E-11	322.945918	0.0999997	-7.8E-12	322.945918
-7.10001	-1.66E-11	322.969139	0.0999998	-7.8E-12	322.969139
-7.00001	-1.6E-11	322.992353	0.0999996	-7.8E-12	322.992353
-6.90001	-1.72E-11	323.015654	0.0999998	-7.5E-12	323.015654
-6.80001	-1.67E-11	323.038937	0.0999999	-7.4E-12	323.038937
-6.70001	-1.59E-11	323.062218	0.0999998	-7.3E-12	323.062218
-6.60001	-1.57E-11	323.0855	0.0999997	-7.5E-12	323.0855
-6.50001	-1.52E-11	323.108772	0.0999998	-7.3E-12	323.108772
-6.40001	-1.36E-11	323.131994	0.0999997	-7.5E-12	323.131994
-6.30001	-1.29E-11	323.155266	0.0999997	-7.7E-12	323.155266
-6.20001	-1.39E-11	323.178561	0.0999997	-7.4E-12	323.178561
-6.10001	-1.38E-11	323.201863	0.0999998	-7.4E-12	323.201863
-6.00001	-1.21E-11	323.225123	0.0999997	-7.7E-12	323.225123
-5.90001	-1.05E-11	323.248343	0.0999997	-8E-12	323.248343
-5.80001	-3.19E-11	323.307128	0.0999998	-6E-12	323.307128
-5.70001	-1.18E-11	323.330421	0.0999996	-8.1E-12	323.330421
-5.60001	-1.14E-11	323.353645	0.0999996	-8E-12	323.353645
-5.50001	-1.29E-11	323.376935	0.0999998	-7.8E-12	323.376935
-5.40001	-1.03E-11	323.400201	0.0999997	-8.3E-12	323.400201
-5.30001	-9.6E-12	323.42343	0.0999996	-8.1E-12	323.42343
-5.20001	-9.3E-12	323.446643	0.0999995	-8.6E-12	323.446643
-5.1	-1.05E-11	323.469927	0.0999997	-7.8E-12	323.469927
-5.00001	-1.07E-11	323.493318	0.0999998	-8E-12	323.493318
-4.90001	-8E-12	323.51661	0.0999998	-7.5E-12	323.51661
-4.80001	-9.4E-12	323.539913	0.0999997	-7.8E-12	323.539913
-4.7	-8.5E-12	323.563194	0.0999995	-5.3E-12	323.563194
-4.60001	-6.3E-12	323.586394	0.0999996	9.8E-12	323.586394
-4.50001	-5.8E-12	323.609609	0.0999997	8.25E-11	323.609609
-4.40001	-7.4E-12	323.632913	0.0999999	3.565E-10	323.632913
-4.3	-7.1E-12	323.656178	0.0999999	1.2264E-09	323.656178
-4.20001	-4.9E-12	323.679386	0.1000002	3.6009E-09	323.679386
-4.10001	-4.1E-12	323.702616	0.1000004	9.3048E-09	323.702616
-4.00001	-3.6E-12	323.725831	0.1000004	2.14291E-08	323.725831
-3.90001	-5.1E-12	323.749127	0.1000011	4.44555E-08	323.749127
-3.80001	-2.41E-11	323.808745	0.1000048	8.23675E-08	323.808745
-3.70001	-2.44E-11	323.848374	0.0999999	1.43198E-07	323.848374
-3.60001	-1.92E-11	323.872884	0.1000003	2.3402E-07	323.872884
-3.50001	-1.85E-11	323.897481	0.1000006	3.56761E-07	323.897481
-3.40001	-1.73E-11	323.922003	0.1000004	5.15644E-07	323.922003
-3.30001	-1.67E-11	323.946521	0.1000005	7.13917E-07	323.946521
-3.20001	-1.55E-11	323.971034	0.1000007	9.52614E-07	323.971034
-3.10001	-2.01E-11	324.005542	0.1000001	1.22864E-06	324.005542
-3.00001	-1.48E-11	324.030071	0.1	1.55257E-06	324.030071
-2.90001	-1.44E-11	324.054581	0.1	1.91668E-06	324.054581
-2.80001	-1.36E-11	324.079118	0.1000001	2.32177E-06	324.079118
-2.70001	-1.25E-11	324.103622	0.0999999	2.76622E-06	324.103622
-2.60001	-1.21E-11	324.128141	0.1	3.24933E-06	324.128141
-2.50001	-1.12E-11	324.152744	0.1	3.7688E-06	324.152744
-2.40001	-1.07E-11	324.177291	0.1000002	4.32143E-06	324.177291
-2.30001	-9.5E-12	324.201832	0.1000002	4.90537E-06	324.201832
-2.20001	-8.5E-12	324.226367	0.1000001	5.51779E-06	324.226367
-2.1	-1.14E-11	324.252826	0.0999999	6.15729E-06	324.252826
-2.000001	-1.43E-11	324.314478	0.1	6.80979E-06	324.314478
-1.9	-8.7E-12	324.339131	0.1000003	7.49485E-06	324.339131
-1.800001	-7.7E-12	324.36367	0.0999998	8.19656E-06	324.36367
-1.7	-6.3E-12	324.38821	0.0999999	8.91326E-06	324.38821
-1.6	-4.9E-12	324.412783	0.1000003	9.64377E-06	324.412783
-1.5	-3.5E-12	324.437327	0.1	1.038679E-05	324.437327
-1.400001	-7.7E-12	324.472014	0.1000001	1.11332E-05	324.472014
-1.3	-2.4E-12	324.496605	0.1000001	1.18972E-05	324.496605
-1.200001	-1.3E-12	324.521156	0.1000004	1.26692E-05	324.521156
-1.100001	2E-13	324.545692	0.1000001	1.34482E-05	324.545692
-1	1.6E-12	324.570193	0.0999999	1.42342E-05	324.570193
-0.9	2.6E-12	324.594711	0.1	1.50257E-05	324.594711
-0.8	4.4E-12	324.61921	0.1	1.58222E-05	324.61921
-0.700001	5.6E-12	324.643815	0.1	1.66234E-05	324.643815
-0.6	7.2E-12	324.668334	0.1000002	1.74284E-05	324.668334
-0.500001	8.4E-12	324.692828	0.1000001	1.82378E-05	324.692828
-0.400001	1.01E-11	324.717369	0.1000001	1.90505E-05	324.717369
-0.3	1.17E-11	324.741882	0.0999998	1.98669E-05	324.741882
-0.1999998	9.8E-12	324.76831	0.1000002	2.06869E-05	324.76831
-0.1000001	8.6E-12	324.81371	0.0999999	2.1507E-05	324.81371
4E-07	1.5E-11	324.838282	0.0999999	2.2336E-05	324.838282
0.1000004	1.72E-11	324.862829	0.1000001	2.31694E-05	324.862829
0.2000004	1.95E-11	324.887339	0.1	2.40071E-05	324.887339
0.299999	2.14E-11	324.912105	0.0999999	2.48488E-05	324.912105
0.4	2.35E-11	324.936612	0.1	2.56955E-05	324.936612
0.5	2.55E-11	324.961133	0.0999999	2.65466E-05	324.961133
0.599999	2.72E-11	324.985654	0.1000002	2.74012E-05	324.985654
0.699999	2.92E-11	325.010147	0.0999999	2.82582E-05	325.010147
0.799999	3.14E-11	325.034773	0.1000002	2.91183E-05	325.034773
0.899999	3.31E-11	325.059269	0.1000001	2.99804E-05	325.059269
0.999999	3.49E-11	325.083779	0.1000002	3.08454E-05	325.083779
1.1	3.66E-11	325.108282	0.1	3.17112E-05	325.108282
1.2	3.81E-11	325.132807	0.1	3.25793E-05	325.132807
1.299999	3.99E-11	325.157364	0.1	3.34488E-05	325.157364
1.399999	4.07E-11	325.181906	0.1	3.432E-05	325.181906
1.499999	4.21E-11	325.206432	0.0999999	3.51913E-05	325.206432
1.6	4.31E-11	325.230962	0.1	3.6065E-05	325.230962
1.699999	4.4E-11	325.255466	0.0999998	3.69389E-05	325.255466
1.799999	3.73E-11	325.314909	0.0999999	3.78066E-05	325.314909
1.9	4.32E-11	325.339507	0.0999999	3.8684E-05	325.339507
1.999999	4.43E-11	325.364049	0.1	3.95607E-05	325.364049
2.099999	4.61E-11	325.388554	0.1000001	4.04379E-05	325.388554
2.19999	4.62E-11	325.413359	0.0999999	4.13131E-05	325.413359
2.29999	4.73E-11	325.437871	0.0999999	4.2192E-05	325.437871
2.39999	4.77E-11	325.462439	0.1000001	4.30703E-05	325.462439
2.49999	4.82E-11	325.48701	0.0999999	4.39503E-05	325.48701
2.59999	4.93E-11	325.511524	0.0999999	4.4831E-05	325.511524
2.69999	4.95E-11	325.536026	0.1000001	4.5711E-05	325.536026
2.79999	4.98E-11	325.560575	0.1000001	4.6591E-05	325.560575
2.89999	5.01E-11	325.585081	0.1000002	4.74715E-05	325.585081
2.99999	5.08E-11	325.609627	0.1	4.83535E-05	325.609627
3.09999	5.12E-11	325.634137	0.1000002	4.92355E-05	325.634137
3.19999	5.15E-11	325.658653	0.1000002	5.01162E-05	325.658653
3.29999	5.2E-11	325.683162	0.1000002	5.09982E-05	325.683162
3.39999	5.19E-11	325.707726	0.1000002	5.18806E-05	325.707726
3.49999	5.25E-11	325.73223	0.1000002	5.27633E-05	325.73223
3.59999	5.2E-11	325.756827	0.1000002	5.36465E-05	325.756827
3.69999	4.63E-11	325.816537	0.0999998	5.45214E-05	325.816537
3.79999	5.15E-11	325.841118	0.0999999	5.54076E-05	325.841118
3.89999	5.19E-11	325.865644	0.0999998	5.62934E-05	325.865644
3.99999	5.27E-11	325.890155	0.1	5.71799E-05	325.890155
4.09999	5.3E-11	325.914743	0.0999999	5.80654E-05	325.914743
4.19999	5.33E-11	325.939248	0.0999999	5.89512E-05	325.939248
4.29999	5.37E-11	325.963767	0.0999998	5.98378E-05	325.963767
4.39999	5.39E-11	325.988294	0.1000003	6.0726E-05	325.988294
4.49999	5.45E-11	326.012813	0.1000004	6.16134E-05	326.012813
4.59999	5.45E-11	326.037319	0.1000002	6.25016E-05	326.037319
4.69999	5.48E-11	326.061839	0.0999999	6.33901E-05	326.061839
4.79999	5.47E-11	326.086336	0.1000001	6.42804E-05	326.086336
4.89999	5.52E-11	326.110862	0.1000002	6.51698E-05	326.110862
4.99999	5.52E-11	326.13538	0.1000001	6.60607E-05	326.13538
5.09999	5.56E-11	326.15998	0.0999999	6.69519E-05	326.15998
5.19999	5.58E-11	326.184487	0.1	6.78446E-05	326.184487
5.29999	5.6E-11	326.209046	0.1	6.87375E-05	326.209046
5.39999	5.67E-11	326.23357	0.1000001	6.96304E-05	326.23357
5.49999	5.6E-11	326.258184	0.0999999	7.05254E-05	326.258184
5.59999	4.92E-11	326.318367	0.1	7.14096E-05	326.318367
5.69999	5.47E-11	326.343004	0.1000001	7.23096E-05	326.343004
5.79999	5.57E-11	326.367521	0.1000004	7.3206E-05	326.367521
5.89999	5.63E-11	326.392033	0.1000003	7.41051E-05	326.392033
5.99999	5.69E-11	326.416605	0.0999999	7.50032E-05	326.416605
6.09999	5.67E-11	326.441142	0.1000001	7.59031E-05	326.441142
6.19999	5.68E-11	326.465737	0.1000002	7.68026E-05	326.465737
6.29999	5.71E-11	326.490363	0.1000002	7.77037E-05	326.490363
6.39999	5.76E-11	326.514865	0.1	7.86052E-05	326.514865
6.49999	5.73E-11	326.539392	0.1	7.95078E-05	326.539392
6.59999	5.81E-11	326.563912	0.1	8.04102E-05	326.563912
6.69999	5.78E-11	326.588436	0.1000001	8.13138E-05	326.588436
6.79999	5.83E-11	326.612969	0.1000001	8.22182E-05	326.612969
6.89999	5.81E-11	326.637525	0.0999998	8.3123E-05	326.637525
6.99999	5.87E-11	326.662047	0.1000002	8.40289E-05	326.662047
7.09999	5.88E-11	326.686561	0.1000001	8.49348E-05	326.686561
7.19999	5.87E-11	326.711109	0.1	8.58429E-05	326.711109
7.29999	5.92E-11	326.735653	0.0999998	8.67524E-05	326.735653
7.39999	5.91E-11	326.760173	0.1000001	8.7661E-05	326.760173
7.49999	5.28E-11	326.819665	0.1	8.8563E-05	326.819665
7.59999	5.7E-11	326.844278	0.1	8.9476E-05	326.844278
7.69999	5.79E-11	326.868903	0.1	9.03892E-05	326.868903
7.79999	5.81E-11	326.893428	0.0999999	9.13039E-05	326.893428
7.89999	5.88E-11	326.917993	0.1	9.22173E-05	326.917993
7.99999	5.89E-11	326.942506	0.1000001	9.31316E-05	326.942506
8.09999	5.98E-11	326.966985	0.1000001	9.40488E-05	326.966985
8.19999	5.89E-11	326.991482	0.1	9.4966E-05	326.991482
8.29999	5.94E-11	327.016024	0.1000001	9.58819E-05	327.016024
8.39999	6.06E-11	327.040596	0.1000002	9.68003E-05	327.040596
8.49999	6.03E-11	327.065118	0.1000001	9.77193E-05	327.065118
8.59999	6.01E-11	327.089658	0.1000001	9.86394E-05	327.089658
8.69999	6.09E-11	327.114167	0.1000001	9.95601E-05	327.114167
8.79999	6.11E-11	327.138688	0.1000001	0.0001004813	327.138688
8.89999	6.11E-11	327.163256	0.0999998	0.0001014038	327.163256
8.99999	6.07E-11	327.187795	0.1	0.0001023277	327.187795
9.09999	6.03E-11	327.212367	0.1	0.0001032503	327.212367
9.19999	6.09E-11	327.236925	0.1000003	0.0001041771	327.236925
9.29999	5.7E-11	327.266537	0.1000001	0.000105068	327.266537
9.39999	5.58E-11	327.316834	0.1000001	0.000105995	327.316834
9.49999	6E-11	327.341447	0.0999999	0.000106925	327.341447
9.59999	5.99E-11	327.36599	0.1000002	0.000107857	327.36599
9.69999	6.03E-11	327.39054	0.0999999	0.000108788	327.39054
9.79999	6.07E-11	327.415133	0.1000001	0.00010972	327.415133
9.89999	6.07E-11	327.439649	0.1000001	0.000110653	327.439649
9.99999	6.09E-11	327.464184	0.1000001	0.000111586	327.464184
9.9	4.87E-11	327.488932	0.0999999	0.00011064	327.488932
9.8	4.48E-11	327.51349	0.1000001	0.000109697	327.51349
9.7	4.29E-11	327.538004	0.1000004	0.000108758	327.538004
9.6	4.11E-11	327.562599	0.1	0.000107822	327.562599
9.5	3.98E-11	327.587133	0.1000001	0.000106887	327.587133
9.4	3.85E-11	327.611646	0.1	0.000105954	327.611646
9.3	3.79E-11	327.63617	0.1	0.000105019	327.63617
9.2	3.66E-11	327.660661	0.0999999	0.000104086	327.660661
9.1	3.64E-11	327.685196	0.1	0.000103154	327.685196
9	3.53E-11	327.709736	0.1000001	0.000102224	327.709736
8.9	3.42E-11	327.734277	0.1	0.0001013	327.734277
8.8	3.39E-11	327.758789	0.1	0.00010037	327.758789
8.7	4.02E-11	327.823485	0.0999999	9.9444E-05	327.823485
8.6	3.44E-11	327.848073	0.1	9.8512E-05	327.848073
8.5	3.31E-11	327.872608	0.0999999	9.7585E-05	327.872608
8.4	3.25E-11	327.897128	0.1	9.666E-05	327.897128
8.3	3.17E-11	327.921707	0.0999999	9.5735E-05	327.921707
8.2	3.09E-11	327.946226	0.1	9.481E-05	327.946226
8.1	3.06E-11	327.970747	0.1	9.3886E-05	327.970747
8	3.01E-11	327.995264	0.0999999	9.2964E-05	327.995264
7.9	2.93E-11	328.019799	0.1	9.2043E-05	328.019799
7.8	2.88E-11	328.044324	0.1	9.1122E-05	328.044324
7.7	2.86E-11	328.068869	0.1000001	9.0203E-05	328.068869
7.6	3.21E-11	328.096738	0.0999999	8.93133E-05	328.096738
7.5	2.79E-11	328.121281	0.1	8.83966E-05	328.121281
7.4	2.78E-11	328.14583	0.1	8.74794E-05	328.14583
7.3	2.74E-11	328.170412	0.1000002	8.65616E-05	328.170412
7.2	2.69E-11	328.194982	0.0999999	8.56467E-05	328.194982
7.1	2.6E-11	328.219509	0.1	8.47317E-05	328.219509
7	2.58E-11	328.244036	0.1000001	8.38184E-05	328.244036
6.9	2.54E-11	328.268537	0.1000002	8.29039E-05	328.268537
6.8	3.16E-11	328.327188	0.1000003	8.19991E-05	328.327188
6.7	2.62E-11	328.351786	0.1000002	8.10861E-05	328.351786
6.6	2.59E-11	328.376301	0.0999999	8.01744E-05	328.376301
6.5	2.49E-11	328.400823	0.0999997	7.92646E-05	328.400823
6.4	2.47E-11	328.425422	0.0999999	7.83557E-05	328.425422
6.3	2.35E-11	328.44994	0.1000001	7.7446E-05	328.44994
6.2	2.32E-11	328.474537	0.1000001	7.65375E-05	328.474537
6.1	2.3E-11	328.499119	0.0999999	7.56308E-05	328.499119
6	2.25E-11	328.523627	0.0999998	7.47242E-05	328.523627
5.9	2.23E-11	328.548221	0.1	7.38185E-05	328.548221
5.8	2.19E-11	328.572808	0.0999998	7.29136E-05	328.572808
5.7	2.15E-11	328.59734	0.0999999	7.20105E-05	328.59734
5.6	2.12E-11	328.621848	0.1000002	7.11082E-05	328.621848
5.5	2.08E-11	328.64639	0.1	7.02051E-05	328.64639
5.4	2.05E-11	328.670914	0.1	6.93025E-05	328.670914
5.3	1.93E-11	328.695448	0.0999998	6.84012E-05	328.695448
5.2	1.92E-11	328.719981	0.1	6.75004E-05	328.719981
5.1	1.86E-11	328.744494	0.0999997	6.66E-05	328.744494
5	1.89E-11	328.769024	0.0999998	6.57019E-05	328.769024
4.9	2.44E-11	328.826035	0.1000001	6.48093E-05	328.826035
4.8	1.88E-11	328.850627	0.1	6.39116E-05	328.850627
4.7	1.87E-11	328.87518	0.1	6.30138E-05	328.87518
4.6	1.77E-11	328.899729	0.1	6.21191E-05	328.899729
4.5	1.66E-11	328.924291	0.1000001	6.12232E-05	328.924291
4.4	1.62E-11	328.948804	0.1	6.0328E-05	328.948804
4.3	1.58E-11	328.973343	0.1	5.94339E-05	328.973343
4.2	1.57E-11	328.997896	0.1	5.85415E-05	328.997896
4.1	1.5E-11	329.022413	0.1000001	5.76492E-05	329.022413
4	1.43E-11	329.04693	0.1	5.67577E-05	329.04693
3.9	1.39E-11	329.071439	0.1000001	5.58673E-05	329.071439
3.8	1.35E-11	329.095983	0.0999999	5.49774E-05	329.095983
3.7	1.23E-11	329.120492	0.1000001	5.40885E-05	329.120492
3.6	1.13E-11	329.145	0.1000001	5.31998E-05	329.145
3.5	1.12E-11	329.169581	0.0999998	5.23124E-05	329.169581
3.4	1E-11	329.194127	0.0999999	5.14262E-05	329.194127
3.3	9.8E-12	329.21868	0.0999998	5.05395E-05	329.21868
3.2	9E-12	329.243174	0.1000001	4.9654E-05	329.243174
3.1	8.6E-12	329.267695	0.0999999	4.87695E-05	329.267695
3	1.5E-11	329.32774	0.1000002	4.78909E-05	329.32774
2.9	8.9E-12	329.352346	0.1	4.70075E-05	329.352346
2.8	8.1E-12	329.376861	0.0999998	4.6125E-05	329.376861
2.7	6.9E-12	329.401382	0.0999999	4.52435E-05	329.401382
2.6	6.2E-12	329.425949	0.1000001	4.43626E-05	329.425949
2.5	5.2E-12	329.450485	0.0999998	4.34834E-05	329.450485
2.4	4.4E-12	329.474995	0.0999998	4.26034E-05	329.474995
2.3	2.9E-12	329.499722	0.1000001	4.17259E-05	329.499722
2.2	2.4E-12	329.524269	0.1	4.08487E-05	329.524269
2.099999	4.5E-12	329.550678	0.1	3.9975E-05	329.550678
2	3E-13	329.575264	0.1	3.90992E-05	329.575264
1.9	-8E-13	329.599793	0.0999998	3.82256E-05	329.599793
1.8	-1.6E-12	329.624351	0.1	3.7352E-05	329.624351
1.7	-3.2E-12	329.648859	0.0999998	3.64801E-05	329.648859
1.6	-3.8E-12	329.673374	0.0999999	3.56083E-05	329.673374
1.5	-5.8E-12	329.697897	0.1	3.47387E-05	329.697897
1.4	-6.2E-12	329.722454	0.1000001	3.38702E-05	329.722454
1.3	-8.1E-12	329.746962	0.1000002	3.30026E-05	329.746962
1.2	-9.9E-12	329.771457	0.0999999	3.21376E-05	329.771457
1.100001	-5.2E-12	329.824744	0.0999999	3.1278E-05	329.824744
1	-1.11E-11	329.849356	0.0999998	3.04153E-05	329.849356
0.9	-1.37E-11	329.87385	0.1	2.9555E-05	329.87385
0.8	-1.59E-11	329.89839	0.1	2.86973E-05	329.89839
0.7	-1.81E-11	329.922961	0.1000002	2.78421E-05	329.922961
0.6	-1.96E-11	329.947502	0.1	2.69899E-05	329.947502
0.5	-2.18E-11	329.97205	0.1000001	2.61419E-05	329.97205
0.4	-2.42E-11	329.996602	0.1	2.5297E-05	329.996602
0.3	-2.63E-11	330.021114	0.0999999	2.44572E-05	330.021114
0.1999997	-2.53E-11	330.047519	0.1000001	2.36222E-05	330.047519
0.0999996	-3.05E-11	330.072023	0.1	2.27911E-05	330.072023
-3E-07	-3.3E-11	330.096537	0.1	2.19646E-05	330.096537
