#scan	iMeasureCycle=1	iMux=0	time=0.025	N=401	LocalTime=20/04/2023 00:49:40
#VGate(V)	IGate(A)	time(s)	VDrain(V)	IDrain(A)	time(s)
-1E-07	-1.543E-10	0.027922	0.0999999	1.39815E-05	0.027922
-0.1000004	-2.13E-10	0.052829	0.1	1.31949E-05	0.052829
-0.2000003	-2.625E-10	0.07736	0.1000001	1.24144E-05	0.07736
-0.300001	-2.019E-10	0.102105	0.1	1.16405E-05	0.102105
-0.4	-1.133E-10	0.126618	0.0999999	1.08724E-05	0.126618
-0.5	-8.69E-11	0.151153	0.1	1.01131E-05	0.151153
-0.6	-7.38E-11	0.175677	0.1	9.3626E-06	0.175677
-0.7	-6.19E-11	0.202776	0.1	8.62727E-06	0.202776
-0.8	-6.06E-11	0.227304	0.0999997	7.89758E-06	0.227304
-0.9	-5.81E-11	0.251926	0.1000001	7.18235E-06	0.251926
-1	-5.64E-11	0.276472	0.1000001	6.48307E-06	0.276472
-1.1	-5.46E-11	0.301079	0.0999997	5.80292E-06	0.301079
-1.2	-5.4E-11	0.32572	0.1	5.14457E-06	0.32572
-1.3	-5.39E-11	0.350248	0.0999999	4.51119E-06	0.350248
-1.4	-5.3E-11	0.374862	0.1000001	3.90725E-06	0.374862
-1.5	-5.3E-11	0.399367	0.1000001	3.33655E-06	0.399367
-1.6	-5.31E-11	0.42389	0.0999999	2.80324E-06	0.42389
-1.7	-5.29E-11	0.448401	0.0999999	2.31154E-06	0.448401
-1.8	-5.28E-11	0.472934	0.0999999	1.86525E-06	0.472934
-1.9	-5.31E-11	0.497449	0.1	1.46739E-06	0.497449
-2	-5.29E-11	0.522004	0.1	1.1213E-06	0.522004
-2.1	-4.92E-11	0.549302	0.0999995	8.28003E-07	0.549302
-2.2	-4.67E-11	0.594949	0.0999999	5.87137E-07	0.594949
-2.3	-5.2E-11	0.619461	0.0999996	3.93007E-07	0.619461
-2.4	-5.23E-11	0.643975	0.0999996	2.47479E-07	0.643975
-2.5	-5.27E-11	0.66848	0.0999997	1.44668E-07	0.66848
-2.6	-4.75E-11	0.706217	0.0999957	7.79782E-08	0.706217
-2.7	-6.76E-11	0.729421	0.1000086	3.69474E-08	0.729421
-2.8	-6.87E-11	0.752626	0.100004	1.53755E-08	0.752626
-2.9	-6.76E-11	0.775919	0.1000015	5.5151E-09	0.775919
-3	-6.8E-11	0.799209	0.1000007	1.6987E-09	0.799209
-3.1	-6.99E-11	0.822575	0.1000006	4.481E-10	0.822575
-3.2	-6.91E-11	0.845874	0.1000003	9.99E-11	0.845874
-3.3	-7.04E-11	0.869089	0.1000005	1.47E-11	0.869089
-3.4	-6.96E-11	0.892483	0.1000002	-3.3E-12	0.892483
-3.5	-6.97E-11	0.915878	0.1000002	-5.6E-12	0.915878
-3.6	-7E-11	0.939168	0.1000003	-5.9E-12	0.939168
-3.7	-7.15E-11	0.962408	0.1000002	-5.5E-12	0.962408
-3.8	-7.29E-11	0.985615	0.1000001	-6E-12	0.985615
-3.9	-7.11E-11	1.008905	0.1000002	-5.6E-12	1.008905
-4	-7.12E-11	1.032192	0.1000002	-6.2E-12	1.032192
-4.1	-5.13E-11	1.078895	0.1000001	-7.9E-12	1.078895
-4.2	-7.03E-11	1.102233	0.0999999	-5.9E-12	1.102233
-4.3	-7.23E-11	1.125472	0.1000004	-5.8E-12	1.125472
-4.4	-7.35E-11	1.148695	0.1000003	-5.6E-12	1.148695
-4.5	-7.18E-11	1.171988	0.1	-6.2E-12	1.171988
-4.6	-7.21E-11	1.195328	0.1000002	-6.4E-12	1.195328
-4.7	-7.39E-11	1.218571	0.1000001	-5.9E-12	1.218571
-4.8	-7.43E-11	1.241791	0.1	-5.2E-12	1.241791
-4.9	-7.25E-11	1.265169	0.1000003	-6E-12	1.265169
-5	-7.28E-11	1.288475	0.1000002	-6E-12	1.288475
-5.1	-7.31E-11	1.311769	0.1000004	-6E-12	1.311769
-5.2	-7.41E-11	1.335422	0.1000003	-5.9E-12	1.335422
-5.3	-7.54E-11	1.358662	0.1000002	-6E-12	1.358662
-5.4	-7.57E-11	1.381887	0.1000002	-5.6E-12	1.381887
-5.5	-7.44E-11	1.40518	0.1000001	-5.6E-12	1.40518
-5.6	-7.54E-11	1.428455	0.1000002	-5.5E-12	1.428455
-5.7	-7.71E-11	1.451659	0.1000003	-5.5E-12	1.451659
-5.8	-7.75E-11	1.474871	0.1000002	-5E-12	1.474871
-5.9	-7.79E-11	1.498083	0.1000003	-5.5E-12	1.498083
-6	-7.64E-11	1.521375	0.1000001	-5.7E-12	1.521375
-6.1	-7.8E-11	1.544568	0.1000004	-5.7E-12	1.544568
-6.2	-5.72E-11	1.593482	0.0999998	-7.4E-12	1.593482
-6.3	-7.41E-11	1.616843	0.1000003	-5.8E-12	1.616843
-6.4	-7.78E-11	1.640066	0.1000002	-5.7E-12	1.640066
-6.5	-7.84E-11	1.663278	0.1000004	-5.8E-12	1.663278
-6.6	-7.69E-11	1.68663	0.1000002	-6.2E-12	1.68663
-6.7	-7.83E-11	1.709855	0.1000002	-5.8E-12	1.709855
-6.8	-7.89E-11	1.733066	0.1000003	-5.6E-12	1.733066
-6.9	-7.89E-11	1.756281	0.1000002	-5.5E-12	1.756281
-7	-7.73E-11	1.779573	0.1000002	-5.9E-12	1.779573
-7.1	-7.94E-11	1.802889	0.1000002	-5.6E-12	1.802889
-7.2	-7.97E-11	1.826192	0.1000003	-4.8E-12	1.826192
-7.3	-7.85E-11	1.849508	0.1000001	-5.7E-12	1.849508
-7.4	-7.81E-11	1.872802	0.1000001	-6E-12	1.872802
-7.5	-7.86E-11	1.896097	0.1000002	-5.5E-12	1.896097
-7.6	-7.91E-11	1.919475	0.1000002	-5.5E-12	1.919475
-7.7	-7.91E-11	1.942761	0.1000002	-5.9E-12	1.942761
-7.8	-8.05E-11	1.965987	0.1000003	-6E-12	1.965987
-7.9	-8.1E-11	1.989206	0.1000003	-5.9E-12	1.989206
-8	-8.1E-11	2.012444	0.1000004	-5.5E-12	2.012444
-8.1	-8E-11	2.035733	0.1000001	-6.1E-12	2.035733
-8.2	-6.04E-11	2.094918	0.1	-7.3E-12	2.094918
-8.3	-7.95E-11	2.118174	0.1000004	-5.6E-12	2.118174
-8.4	-8.04E-11	2.141403	0.1000001	-5.1E-12	2.141403
-8.5	-8.11E-11	2.164619	0.1000003	-5.1E-12	2.164619
-8.6	-7.92E-11	2.187964	0.1000004	-5.3E-12	2.187964
-8.7	-8.13E-11	2.211172	0.1000003	-5E-12	2.211172
-8.8	-8.14E-11	2.234389	0.1000003	-5E-12	2.234389
-8.9	-8.22E-11	2.257693	0.1000003	-5.3E-12	2.257693
-9	-8.07E-11	2.28099	0.1000004	-4.9E-12	2.28099
-9.1	-8.24E-11	2.304197	0.1000003	-5.1E-12	2.304197
-9.2	-8.24E-11	2.327502	0.1000002	-5.5E-12	2.327502
-9.3	-8.07E-11	2.350813	0.1000003	-5.5E-12	2.350813
-9.4	-8.11E-11	2.374099	0.1000002	-5.2E-12	2.374099
-9.5	-8.33E-11	2.397333	0.1000003	-4.9E-12	2.397333
-9.6	-8.31E-11	2.420551	0.1000002	-4.6E-12	2.420551
-9.7	-8.15E-11	2.443836	0.1000002	-5.2E-12	2.443836
-9.8	-8.17E-11	2.467106	0.1000001	-4.7E-12	2.467106
-9.9	-8.36E-11	2.49033	0.1	-4.7E-12	2.49033
-10	-8.38E-11	2.513545	0.1000001	-4.8E-12	2.513545
-9.90001	-4.27E-11	2.536834	0.0999999	-8.1E-12	2.536834
-9.80001	-5.57E-11	2.596529	0.1000001	-7E-12	2.596529
-9.70001	-3.47E-11	2.619767	0.0999998	-8.8E-12	2.619767
-9.60001	-3.45E-11	2.64306	0.0999998	-8.3E-12	2.64306
-9.50001	-3.18E-11	2.666276	0.0999999	-8.9E-12	2.666276
-9.40001	-3.08E-11	2.689559	0.0999998	-8.6E-12	2.689559
-9.30001	-2.87E-11	2.712779	0.0999997	-8.7E-12	2.712779
-9.20001	-3.03E-11	2.736075	0.0999999	-8.6E-12	2.736075
-9.10001	-2.88E-11	2.759354	0.0999999	-8.9E-12	2.759354
-9.00001	-2.71E-11	2.782565	0.0999998	-8.9E-12	2.782565
-8.90001	-2.59E-11	2.805781	0.0999999	-9E-12	2.805781
-8.80001	-2.68E-11	2.829164	0.0999998	-8.6E-12	2.829164
-8.70001	-2.49E-11	2.852412	0.1000001	-8.8E-12	2.852412
-8.60001	-2.41E-11	2.875638	0.0999998	-9.2E-12	2.875638
-8.50001	-2.35E-11	2.898876	0.1000001	-9.3E-12	2.898876
-8.40001	-2.32E-11	2.922106	0.0999997	-9.5E-12	2.922106
-8.30001	-2.49E-11	2.9455	0.0999998	-9E-12	2.9455
-8.20001	-2.24E-11	2.968712	0.0999998	-9.2E-12	2.968712
-8.10001	-2.22E-11	2.991916	0.0999997	-9E-12	2.991916
-8	-2.29E-11	3.01529	0.0999999	-9E-12	3.01529
-7.90001	-2.09E-11	3.038495	0.0999997	-9.3E-12	3.038495
-7.80001	-4.13E-11	3.097912	0.1000001	-7.2E-12	3.097912
-7.70001	-2.18E-11	3.121159	0.1	-9.3E-12	3.121159
-7.6	-2.22E-11	3.144445	0.0999999	-9.2E-12	3.144445
-7.50001	-2.16E-11	3.167729	0.0999998	-9E-12	3.167729
-7.40001	-1.9E-11	3.191007	0.0999998	-9E-12	3.191007
-7.30001	-1.86E-11	3.214234	0.0999999	-9.5E-12	3.214234
-7.2	-1.96E-11	3.237537	0.0999998	-9.2E-12	3.237537
-7.10001	-1.96E-11	3.260829	0.0999999	-9.1E-12	3.260829
-7.00001	-1.76E-11	3.284127	0.1	-9.7E-12	3.284127
-6.90001	-1.85E-11	3.307429	0.0999998	-9.4E-12	3.307429
-6.80001	-1.87E-11	3.330862	0.0999997	-9E-12	3.330862
-6.70001	-1.7E-11	3.354179	0.0999998	-9E-12	3.354179
-6.60001	-1.75E-11	3.37746	0.0999998	-9.3E-12	3.37746
-6.50001	-1.62E-11	3.400738	0.0999998	-9.3E-12	3.400738
-6.40001	-1.54E-11	3.423971	0.0999999	-9.7E-12	3.423971
-6.30001	-1.46E-11	3.447187	0.0999998	-9.3E-12	3.447187
-6.20001	-1.61E-11	3.470485	0.0999997	-9.6E-12	3.470485
-6.10001	-1.57E-11	3.493775	0.1000001	-9.7E-12	3.493775
-6.00001	-1.38E-11	3.516992	0.0999998	-9.7E-12	3.516992
-5.90001	-1.33E-11	3.540215	0.0999997	-9.5E-12	3.540215
-5.80001	-3.3E-11	3.594963	0.1	-8.1E-12	3.594963
-5.70001	-1.37E-11	3.618273	0.0999999	-9.4E-12	3.618273
-5.60001	-1.31E-11	3.641493	0.0999997	-9.5E-12	3.641493
-5.50001	-1.36E-11	3.664784	0.0999997	-9.5E-12	3.664784
-5.40001	-1.29E-11	3.688129	0.0999999	-9.9E-12	3.688129
-5.30001	-1.1E-11	3.711336	0.0999997	-1.01E-11	3.711336
-5.20001	-1.09E-11	3.734552	0.0999999	-9.8E-12	3.734552
-5.1	-1.15E-11	3.757835	0.0999997	-9.5E-12	3.757835
-5.00001	-1.2E-11	3.781125	0.0999997	-9.7E-12	3.781125
-4.90001	-9.5E-12	3.804326	0.0999997	-9.7E-12	3.804326
-4.80001	-9.4E-12	3.827565	0.0999997	-9.9E-12	3.827565
-4.7	-1.05E-11	3.850928	0.0999998	-1E-11	3.850928
-4.60001	-9.9E-12	3.87421	0.0999998	-1.03E-11	3.87421
-4.50001	-7.5E-12	3.89742	0.0999998	-1.01E-11	3.89742
-4.40001	-7.7E-12	3.920666	0.0999999	-1.04E-11	3.920666
-4.3	-8.1E-12	3.944049	0.0999998	-9.9E-12	3.944049
-4.20001	-6.9E-12	3.967274	0.0999999	-1.03E-11	3.967274
-4.10001	-5.2E-12	3.990488	0.0999997	-1.05E-11	3.990488
-4.00001	-6.7E-12	4.013789	0.0999998	-9.9E-12	4.013789
-3.90001	-6.3E-12	4.037104	0.0999999	-1.04E-11	4.037104
-3.80001	-5E-12	4.060321	0.0999998	-1.05E-11	4.060321
-3.70001	-2.38E-11	4.100894	0.1	-9E-12	4.100894
-3.60001	-4E-12	4.124142	0.0999998	-1.05E-11	4.124142
-3.50001	-5.4E-12	4.147464	0.0999998	-9.3E-12	4.147464
-3.40001	-2.3E-12	4.170672	0.0999996	-1.4E-12	4.170672
-3.30001	-1.9E-12	4.193937	0.0999999	4.2E-11	4.193937
-3.20001	-2.8E-12	4.217232	0.1	2.26E-10	4.217232
-3.10001	-2.2E-12	4.240519	0.1000001	8.971E-10	4.240519
-3.00001	4E-13	4.263726	0.1000005	3.0451E-09	4.263726
-2.90001	9E-13	4.287005	0.1000014	8.8986E-09	4.287005
-2.80001	2E-13	4.310296	0.1000024	2.2557E-08	4.310296
-2.70001	1.3E-12	4.333612	0.1000022	5.00197E-08	4.333612
-2.60001	2.8E-12	4.35684	0.099991	9.88107E-08	4.35684
-2.50001	-1.76E-11	4.396301	0.1000003	1.73696E-07	4.396301
-2.40001	-1.24E-11	4.420843	0.1000005	2.8958E-07	4.420843
-2.30001	-1.12E-11	4.445351	0.1000005	4.47338E-07	4.445351
-2.20001	-1.12E-11	4.469905	0.1000007	6.5227E-07	4.469905
-2.099999	-1.28E-11	4.49635	0.1000006	9.07514E-07	4.49635
-2.000001	-1.36E-11	4.530898	0.1	1.2096E-06	4.530898
-1.9	-9E-12	4.555403	0.1	1.5698E-06	4.555403
-1.800001	-1.39E-11	4.606381	0.1000001	1.96894E-06	4.606381
-1.7	-8.1E-12	4.63093	0.1000001	2.4276E-06	4.63093
-1.6	-6.6E-12	4.655428	0.1000002	2.92748E-06	4.655428
-1.5	-5.6E-12	4.679955	0.1000001	3.46668E-06	4.679955
-1.4	-4.3E-12	4.704517	0.1000001	4.04199E-06	4.704517
-1.3	-3.1E-12	4.729075	0.1000001	4.6488E-06	4.729075
-1.200001	-2.2E-12	4.753588	0.1	5.28366E-06	4.753588
-1.100001	-9E-13	4.778113	0.0999999	5.94277E-06	4.778113
-1	0	4.802597	0.1000003	6.62271E-06	4.802597
-0.9	1.4E-12	4.82712	0.1000001	7.32075E-06	4.82712
-0.8	3.1E-12	4.851686	0.1000001	8.03391E-06	4.851686
-0.7	4.5E-12	4.876202	0.1000001	8.76103E-06	4.876202
-0.6	6E-12	4.900751	0.1000001	9.49911E-06	4.900751
-0.500001	7.3E-12	4.925278	0.1000001	1.024678E-05	4.925278
-0.400001	3.2E-12	4.960003	0.1	1.09951E-05	4.960003
-0.3	9.1E-12	4.984533	0.1	1.17603E-05	4.984533
-0.2	7.9E-12	5.010937	0.1000001	1.25307E-05	5.010937
-0.0999998	1.29E-11	5.035549	0.1000001	1.33074E-05	5.035549
4E-07	1.53E-11	5.060041	0.0999999	1.40889E-05	5.060041
0.0999999	1.1E-11	5.107955	0.1	1.48698E-05	5.107955
0.2000004	1.76E-11	5.132482	0.1000001	1.56643E-05	5.132482
0.299999	1.96E-11	5.157203	0.1000002	1.64623E-05	5.157203
0.4	2.19E-11	5.181762	0.1000002	1.72652E-05	5.181762
0.5	2.43E-11	5.206328	0.1000001	1.80742E-05	5.206328
0.599999	2.64E-11	5.230849	0.1	1.88865E-05	5.230849
0.7	2.81E-11	5.255353	0.0999999	1.97031E-05	5.255353
0.8	2.98E-11	5.279981	0.1000002	2.05221E-05	5.279981
0.9	3.14E-11	5.304513	0.1000001	2.13439E-05	5.304513
1	3.35E-11	5.329031	0.1000002	2.21685E-05	5.329031
1.1	3.51E-11	5.353627	0.1000001	2.29945E-05	5.353627
1.2	3.7E-11	5.378138	0.1	2.38221E-05	5.378138
1.3	3.85E-11	5.402669	0.0999999	2.46519E-05	5.402669
1.4	3.95E-11	5.42718	0.0999999	2.54826E-05	5.42718
1.5	4.08E-11	5.451692	0.1	2.6314E-05	5.451692
1.6	4.18E-11	5.476188	0.1000003	2.71463E-05	5.476188
1.699999	4.24E-11	5.500798	0.0999999	2.79794E-05	5.500798
1.8	4.39E-11	5.525331	0.1000002	2.8813E-05	5.525331
1.899999	4.43E-11	5.549878	0.1000002	2.96481E-05	5.549878
1.999999	3.76E-11	5.609757	0.1	3.04705E-05	5.609757
2.099999	4.32E-11	5.634319	0.0999999	3.13106E-05	5.634319
2.19999	4.41E-11	5.659086	0.1	3.21465E-05	5.659086
2.29999	4.57E-11	5.683587	0.1	3.2985E-05	5.683587
2.39999	4.62E-11	5.708196	0.1000001	3.38236E-05	5.708196
2.49999	4.68E-11	5.732727	0.0999999	3.46627E-05	5.732727
2.59999	4.77E-11	5.75726	0.1000001	3.5503E-05	5.75726
2.69999	4.84E-11	5.78176	0.1	3.63431E-05	5.78176
2.79999	4.89E-11	5.806312	0.1	3.71833E-05	5.806312
2.89999	4.89E-11	5.830831	0.1000001	3.80246E-05	5.830831
2.99999	4.96E-11	5.855416	0.0999999	3.88668E-05	5.855416
3.09999	4.99E-11	5.879949	0.1000001	3.97091E-05	5.879949
3.19999	5.03E-11	5.904461	0.1000001	4.05526E-05	5.904461
3.29999	5.05E-11	5.928988	0.1	4.13956E-05	5.928988
3.39999	5.11E-11	5.953588	0.1	4.22402E-05	5.953588
3.49999	5.15E-11	5.978095	0.1	4.30848E-05	5.978095
3.59999	5.17E-11	6.0026	0.1000001	4.39307E-05	6.0026
3.69999	5.22E-11	6.027115	0.1	4.47769E-05	6.027115
3.79999	5.2E-11	6.051622	0.1000002	4.56244E-05	6.051622
3.89999	4.65E-11	6.104172	0.1000002	4.64632E-05	6.104172
3.99999	5.04E-11	6.128687	0.1000003	4.73148E-05	6.128687
4.09999	5.18E-11	6.153241	0.1000001	4.81652E-05	6.153241
4.19999	5.2E-11	6.177774	0.1	4.90154E-05	6.177774
4.29999	5.22E-11	6.202362	0.0999999	4.98672E-05	6.202362
4.39999	5.31E-11	6.226877	0.0999998	5.07195E-05	6.226877
4.49999	5.34E-11	6.251475	0.1	5.15714E-05	6.251475
4.59999	5.34E-11	6.276005	0.1000001	5.24243E-05	6.276005
4.69999	5.34E-11	6.300652	0.1	5.32787E-05	6.300652
4.79999	5.4E-11	6.325185	0.1000002	5.41328E-05	6.325185
4.89999	5.41E-11	6.349786	0.1000002	5.49888E-05	6.349786
4.99999	5.45E-11	6.374297	0.1	5.58449E-05	6.374297
5.09999	5.43E-11	6.398826	0.0999997	5.67024E-05	6.398826
5.19999	5.47E-11	6.423315	0.1000002	5.75607E-05	6.423315
5.29999	5.48E-11	6.447818	0.1	5.84189E-05	6.447818
5.39999	5.5E-11	6.472324	0.0999999	5.92787E-05	6.472324
5.49999	5.52E-11	6.496883	0.0999999	6.01403E-05	6.496883
5.59999	5.54E-11	6.521388	0.1	6.10014E-05	6.521388
5.69999	5.54E-11	6.545908	0.0999999	6.18639E-05	6.545908
5.79999	4.81E-11	6.607936	0.1	6.27131E-05	6.607936
5.89999	5.36E-11	6.632556	0.0999998	6.35826E-05	6.632556
5.99999	5.44E-11	6.65708	0.1	6.44488E-05	6.65708
6.09999	5.47E-11	6.681592	0.1	6.53156E-05	6.681592
6.19999	5.51E-11	6.706162	0.1	6.61828E-05	6.706162
6.29999	5.56E-11	6.730691	0.1	6.70521E-05	6.730691
6.39999	5.57E-11	6.755224	0.1000001	6.79207E-05	6.755224
6.49999	5.57E-11	6.779742	0.1000001	6.879E-05	6.779742
6.59999	5.63E-11	6.804281	0.1	6.96603E-05	6.804281
6.69999	5.67E-11	6.828805	0.1000003	7.0533E-05	6.828805
6.79999	5.66E-11	6.853436	0.1000002	7.14045E-05	6.853436
6.89999	5.66E-11	6.877959	0.1000001	7.22772E-05	6.877959
6.99999	5.72E-11	6.902463	0.1	7.31511E-05	6.902463
7.09999	5.68E-11	6.927006	0.1	7.40266E-05	6.927006
7.19999	5.65E-11	6.951703	0.0999999	7.49017E-05	6.951703
7.29999	5.73E-11	6.976227	0.1	7.57793E-05	6.976227
7.39999	5.76E-11	7.000749	0.0999999	7.66566E-05	7.000749
7.49999	5.77E-11	7.025294	0.1000001	7.75357E-05	7.025294
7.59999	5.78E-11	7.04981	0.1000001	7.84153E-05	7.04981
7.69999	5.13E-11	7.11185	0.1000001	7.9286E-05	7.11185
7.79999	5.66E-11	7.136395	0.1000001	8.01711E-05	7.136395
7.89999	5.72E-11	7.160997	0.1000002	8.10552E-05	7.160997
7.99999	5.71E-11	7.185511	0.1	8.19385E-05	7.185511
8.09999	5.76E-11	7.210107	0.1000002	8.28243E-05	7.210107
8.19999	5.79E-11	7.234615	0.1000001	8.37107E-05	7.234615
8.29999	5.83E-11	7.259131	0.1	8.4598E-05	7.259131
8.39999	5.79E-11	7.283837	0.1000002	8.54851E-05	7.283837
8.49999	5.8E-11	7.308357	0.1000003	8.63733E-05	7.308357
8.59999	5.89E-11	7.332868	0.0999999	8.72635E-05	7.332868
8.69999	5.86E-11	7.35744	0.1	8.81546E-05	7.35744
8.79999	5.87E-11	7.381989	0.0999999	8.90446E-05	7.381989
8.89999	5.94E-11	7.406529	0.1	8.99376E-05	7.406529
8.99999	5.94E-11	7.43107	0.1000001	9.08319E-05	7.43107
9.09999	5.91E-11	7.455644	0.1	9.17255E-05	7.455644
9.19999	5.96E-11	7.480148	0.0999999	9.26198E-05	7.480148
9.29999	5.97E-11	7.504702	0.1	9.35118E-05	7.504702
9.39999	5.97E-11	7.529214	0.0999999	9.4413E-05	7.529214
9.49999	5.96E-11	7.553741	0.1000001	9.53131E-05	7.553741
9.59999	5.46E-11	7.608608	0.1	9.62091E-05	7.608608
9.69999	5.86E-11	7.633218	0.0999999	9.7112E-05	7.633218
9.79999	5.93E-11	7.657764	0.0999998	9.80158E-05	7.657764
9.89999	5.97E-11	7.682278	0.1	9.89189E-05	7.682278
9.99999	5.98E-11	7.706892	0.1000002	9.98229E-05	7.706892
9.9	4.7E-11	7.731397	0.1000001	9.89048E-05	7.731397
9.8	4.4E-11	7.755946	0.1000001	9.79919E-05	7.755946
9.7	4.19E-11	7.780458	0.1	9.70814E-05	7.780458
9.6	3.99E-11	7.804977	0.1000001	9.61733E-05	7.804977
9.5	3.82E-11	7.829496	0.1000004	9.52659E-05	7.829496
9.4	3.79E-11	7.854405	0.1000002	9.43621E-05	7.854405
9.3	3.61E-11	7.879001	0.1000002	9.34559E-05	7.879001
9.2	3.49E-11	7.903549	0.0999999	9.25539E-05	7.903549
9.1	3.4E-11	7.928068	0.1	9.16525E-05	7.928068
9	3.35E-11	7.952699	0.0999999	9.07518E-05	7.952699
8.9	3.29E-11	7.977218	0.1000002	8.9857E-05	7.977218
8.8	3.23E-11	8.001743	0.0999998	8.89561E-05	8.001743
8.7	3.14E-11	8.026258	0.0999996	8.80576E-05	8.026258
8.6	3.1E-11	8.050779	0.1000001	8.71594E-05	8.050779
8.5	3.67E-11	8.108188	0.0999999	8.62649E-05	8.108188
8.4	3.1E-11	8.132777	0.0999998	8.53673E-05	8.132777
8.3	2.93E-11	8.157318	0.0999999	8.44715E-05	8.157318
8.2	2.88E-11	8.181837	0.0999998	8.35764E-05	8.181837
8.1	2.86E-11	8.206405	0.0999999	8.26833E-05	8.206405
8	2.8E-11	8.230922	0.1000001	8.17923E-05	8.230922
7.9	2.84E-11	8.255491	0.0999999	8.09003E-05	8.255491
7.8	2.77E-11	8.280025	0.1	8.00103E-05	8.280025
7.7	2.75E-11	8.304665	0.1	7.9122E-05	8.304665
7.6	2.69E-11	8.329224	0.1	7.82343E-05	8.329224
7.5	2.7E-11	8.35388	0.0999999	7.73474E-05	8.35388
7.4	2.59E-11	8.378416	0.0999999	7.64612E-05	8.378416
7.3	2.52E-11	8.402931	0.0999998	7.55768E-05	8.402931
7.2	2.52E-11	8.427443	0.0999999	7.46926E-05	8.427443
7.1	2.46E-11	8.451952	0.1	7.38087E-05	8.451952
7	2.41E-11	8.47647	0.0999999	7.29259E-05	8.47647
6.9	2.37E-11	8.500991	0.0999998	7.20442E-05	8.500991
6.8	2.36E-11	8.525531	0.0999998	7.11644E-05	8.525531
6.7	2.34E-11	8.550132	0.0999998	7.02839E-05	8.550132
6.6	2.95E-11	8.598707	0.0999998	6.9409E-05	8.598707
6.5	2.36E-11	8.623338	0.0999999	6.85312E-05	8.623338
6.4	2.28E-11	8.647847	0.0999999	6.76525E-05	8.647847
6.3	2.2E-11	8.672375	0.0999999	6.67754E-05	8.672375
6.2	2.22E-11	8.697032	0.1000001	6.58995E-05	8.697032
6.1	2.16E-11	8.721612	0.0999999	6.50244E-05	8.721612
6	2.03E-11	8.746119	0.0999999	6.41503E-05	8.746119
5.9	2.03E-11	8.770659	0.0999999	6.32766E-05	8.770659
5.8	1.96E-11	8.795198	0.1	6.24045E-05	8.795198
5.7	1.96E-11	8.819736	0.0999999	6.15329E-05	8.819736
5.6	1.86E-11	8.844206	0.0999999	6.06613E-05	8.844206
5.5	1.87E-11	8.868778	0.1000001	5.97911E-05	8.868778
5.4	1.83E-11	8.893318	0.0999999	5.89219E-05	8.893318
5.3	1.79E-11	8.917843	0.1000002	5.80542E-05	8.917843
5.2	1.77E-11	8.94235	0.1	5.71866E-05	8.94235
5.1	1.68E-11	8.967046	0.0999998	5.63199E-05	8.967046
5	1.63E-11	8.991562	0.0999998	5.54544E-05	8.991562
4.9	1.6E-11	9.016065	0.1000001	5.45891E-05	9.016065
4.8	1.59E-11	9.040578	0.1000001	5.37251E-05	9.040578
4.7	1.52E-11	9.065048	0.0999999	5.28615E-05	9.065048
4.6	2.1E-11	9.117695	0.0999998	5.2004E-05	9.117695
4.5	1.63E-11	9.142212	0.0999997	5.11417E-05	9.142212
4.4	1.49E-11	9.166745	0.0999999	5.02807E-05	9.166745
4.3	1.44E-11	9.191294	0.1	4.94203E-05	9.191294
4.2	1.36E-11	9.215908	0.1	4.85605E-05	9.215908
4.1	1.33E-11	9.240457	0.0999998	4.77024E-05	9.240457
4	1.23E-11	9.264989	0.1	4.68447E-05	9.264989
3.9	1.17E-11	9.289603	0.0999998	4.59876E-05	9.289603
3.8	1.1E-11	9.314119	0.0999998	4.51314E-05	9.314119
3.7	1.07E-11	9.338625	0.0999999	4.42773E-05	9.338625
3.6	1.05E-11	9.363208	0.1000003	4.34216E-05	9.363208
3.5	9.8E-12	9.38775	0.0999999	4.25675E-05	9.38775
3.4	8.8E-12	9.412281	0.0999999	4.17149E-05	9.412281
3.3	8.4E-12	9.436789	0.0999999	4.08629E-05	9.436789
3.2	7.6E-12	9.461304	0.1000001	4.0011E-05	9.461304
3.1	6.4E-12	9.48588	0.1	3.91606E-05	9.48588
3	6.3E-12	9.510411	0.1	3.83109E-05	9.510411
2.9	6E-12	9.534948	0.1	3.74623E-05	9.534948
2.8	5E-12	9.55946	0.1	3.66146E-05	9.55946
2.7	1.06E-11	9.619136	0.1	3.57719E-05	9.619136
2.6	5.3E-12	9.643754	0.1	3.4925E-05	9.643754
2.5	4E-12	9.66828	0.0999999	3.40797E-05	9.66828
2.4	2.7E-12	9.692806	0.0999998	3.32352E-05	9.692806
2.3	2.1E-12	9.717409	0.1000002	3.23915E-05	9.717409
2.2	6E-13	9.741944	0.1	3.15492E-05	9.741944
2.099999	3.3E-12	9.768361	0.0999999	3.07123E-05	9.768361
2	-1.2E-12	9.792878	0.1	2.98713E-05	9.792878
1.9	-2.4E-12	9.81738	0.0999998	2.9033E-05	9.81738
1.8	-3.5E-12	9.841916	0.1	2.81952E-05	9.841916
1.7	-4.6E-12	9.866517	0.0999999	2.73589E-05	9.866517
1.6	-5.6E-12	9.891038	0.0999999	2.65238E-05	9.891038
1.5	-6.9E-12	9.915558	0.1000002	2.56904E-05	9.915558
1.4	-7.7E-12	9.940055	0.0999999	2.48588E-05	9.940055
1.3	-9.7E-12	9.964636	0.1	2.40297E-05	9.964636
1.2	-1.15E-11	9.989098	0.0999999	2.32018E-05	9.989098
1.1	-1.24E-11	10.013657	0.0999999	2.23767E-05	10.013657
1	-1.41E-11	10.038167	0.1	2.15544E-05	10.038167
0.9	-1.54E-11	10.062718	0.0999999	2.07351E-05	10.062718
0.8	-1.1E-11	10.120594	0.0999998	1.9924E-05	10.120594
0.7	-1.79E-11	10.145108	0.0999999	1.91118E-05	10.145108
0.6	-2.05E-11	10.169629	0.0999999	1.83039E-05	10.169629
0.5	-2.29E-11	10.194243	0.0999999	1.75021E-05	10.194243
0.4	-2.5E-11	10.21885	0.0999998	1.67051E-05	10.21885
0.3	-2.74E-11	10.243378	0.1	1.59147E-05	10.243378
0.2	-2.61E-11	10.269785	0.0999999	1.51307E-05	10.269785
0.0999996	-3.17E-11	10.294477	0.0999999	1.4351E-05	10.294477
-4E-07	-3.38E-11	10.318982	0.0999999	1.35778E-05	10.318982
#scan	iMeasureCycle=2	iMux=0	time=279.579	N=401	LocalTime=20/04/2023 00:54:20
#VGate(V)	IGate(A)	time(s)	VDrain(V)	IDrain(A)	time(s)
0	-1.31E-11	279.586517	0.1	1.37739E-05	279.586517
-0.1000004	-2.06E-11	279.611428	0.1	1.29928E-05	279.611428
-0.2000001	-2.27E-11	279.63708	0.1	1.22185E-05	279.63708
-0.3	-2.83E-11	279.661801	0.0999997	1.14493E-05	279.661801
-0.4	-3.11E-11	279.686326	0.0999999	1.06887E-05	279.686326
-0.5	-3.36E-11	279.710869	0.1000001	9.9357E-06	279.710869
-0.6	-3.51E-11	279.735496	0.1000001	9.1921E-06	279.735496
-0.7	-3.35E-11	279.762613	0.0999999	8.46392E-06	279.762613
-0.8	-3.96E-11	279.787138	0.1	7.74315E-06	279.787138
-0.9	-4.07E-11	279.811648	0.1000002	7.03614E-06	279.811648
-1	-4.19E-11	279.836151	0.1	6.34565E-06	279.836151
-1.1	-4.33E-11	279.860762	0.0999999	5.67462E-06	279.860762
-1.2	-4.41E-11	279.88539	0.1000001	5.02595E-06	279.88539
-1.3	-4.55E-11	279.909901	0.0999999	4.40248E-06	279.909901
-1.4	-4.66E-11	279.934495	0.1000001	3.80803E-06	279.934495
-1.5	-4.68E-11	279.959034	0.0999998	3.2468E-06	279.959034
-1.6	-4.77E-11	279.983562	0.1000001	2.72301E-06	279.983562
-1.7	-4.91E-11	280.008075	0.0999999	2.24089E-06	280.008075
-1.8	-4.93E-11	280.032597	0.0999998	1.80408E-06	280.032597
-1.9	-5.01E-11	280.057099	0.0999999	1.41509E-06	280.057099
-2	-5.02E-11	280.081665	0.1	1.07663E-06	280.081665
-2.1	-4.36E-11	280.133806	0.0999997	7.95816E-07	280.133806
-2.2	-4.97E-11	280.158589	0.0999997	5.56863E-07	280.158589
-2.3	-5E-11	280.18318	0.0999996	3.70799E-07	280.18318
-2.4	-5.15E-11	280.207689	0.0999998	2.31597E-07	280.207689
-2.5	-5.13E-11	280.232407	0.0999999	1.33703E-07	280.232407
-2.6	-4.7E-11	280.270181	0.0999965	7.13158E-08	280.270181
-2.7	-6.65E-11	280.293401	0.1000076	3.32295E-08	280.293401
-2.8	-6.6E-11	280.31669	0.1000026	1.36027E-08	280.31669
-2.9	-6.66E-11	280.339984	0.1000016	4.8178E-09	280.339984
-3	-6.95E-11	280.363185	0.1000009	1.4617E-09	280.363185
-3.1	-7.01E-11	280.386407	0.1000004	3.854E-10	280.386407
-3.2	-6.83E-11	280.409686	0.1000001	8.44E-11	280.409686
-3.3	-6.87E-11	280.432984	0.1000004	9.8E-12	280.432984
-3.4	-6.86E-11	280.456298	0.1000002	-4.7E-12	280.456298
-3.5	-6.94E-11	280.479595	0.1000001	-6.4E-12	280.479595
-3.6	-6.96E-11	280.502895	0.1	-6.5E-12	280.502895
-3.7	-7.19E-11	280.526204	0.1000002	-6.8E-12	280.526204
-3.8	-7.08E-11	280.549492	0.1000004	-7.1E-12	280.549492
-3.9	-7.13E-11	280.572774	0.1000002	-6.6E-12	280.572774
-4	-7.13E-11	280.596081	0.1000004	-6.5E-12	280.596081
-4.1	-5.16E-11	280.652417	0.1000001	-8.5E-12	280.652417
-4.2	-7.21E-11	280.675644	0.1000003	-6.4E-12	280.675644
-4.3	-7.23E-11	280.698869	0.1000001	-6.4E-12	280.698869
-4.4	-7.08E-11	280.722158	0.1000001	-7E-12	280.722158
-4.5	-7.31E-11	280.74547	0.1	-6.4E-12	280.74547
-4.6	-7.33E-11	280.768682	0.1000002	-6.2E-12	280.768682
-4.7	-7.3E-11	280.791943	0.1000001	-6.4E-12	280.791943
-4.8	-7.16E-11	280.815276	0.1000003	-6.5E-12	280.815276
-4.9	-7.47E-11	280.83849	0.1000004	-6.5E-12	280.83849
-5	-7.49E-11	280.861783	0.1000004	-6.2E-12	280.861783
-5.1	-7.37E-11	280.88508	0.1000001	-6.8E-12	280.88508
-5.2	-7.41E-11	280.908378	0.1000002	-6.5E-12	280.908378
-5.3	-7.61E-11	280.931586	0.1000001	-6E-12	280.931586
-5.4	-7.66E-11	280.954803	0.1000002	-5.9E-12	280.954803
-5.5	-7.62E-11	280.978023	0.1000002	-5.9E-12	280.978023
-5.6	-7.53E-11	281.001337	0.1000002	-6.1E-12	281.001337
-5.7	-7.72E-11	281.024548	0.1000004	-6.1E-12	281.024548
-5.8	-7.74E-11	281.047767	0.1000003	-6.1E-12	281.047767
-5.9	-7.59E-11	281.071056	0.1000004	-6.4E-12	281.071056
-6	-7.41E-11	281.094415	0.1000001	-6.6E-12	281.094415
-6.1	-5.64E-11	281.151173	0.1000002	-7.5E-12	281.151173
-6.2	-7.41E-11	281.174469	0.1000003	-6.2E-12	281.174469
-6.3	-7.59E-11	281.197845	0.1000002	-6.2E-12	281.197845
-6.4	-7.69E-11	281.221061	0.1000004	-6.5E-12	281.221061
-6.5	-7.56E-11	281.244425	0.1000002	-6.4E-12	281.244425
-6.6	-7.81E-11	281.267635	0.1000001	-6.5E-12	281.267635
-6.7	-7.81E-11	281.290853	0.1000002	-6E-12	281.290853
-6.8	-7.66E-11	281.314157	0.1000002	-6E-12	281.314157
-6.9	-7.86E-11	281.33737	0.1000003	-5.8E-12	281.33737
-7	-7.73E-11	281.360663	0.1000004	-6.3E-12	281.360663
-7.1	-7.82E-11	281.38391	0.1000003	-6.3E-12	281.38391
-7.2	-7.94E-11	281.407131	0.1000002	-5.9E-12	281.407131
-7.3	-7.81E-11	281.430406	0.1000003	-6.1E-12	281.430406
-7.4	-7.67E-11	281.453737	0.1000003	-6.7E-12	281.453737
-7.5	-7.98E-11	281.476951	0.1000003	-5.8E-12	281.476951
-7.6	-8.04E-11	281.500155	0.1000002	-6E-12	281.500155
-7.7	-7.89E-11	281.523541	0.1000003	-5.8E-12	281.523541
-7.8	-8.12E-11	281.546744	0.1000004	-6E-12	281.546744
-7.9	-8.07E-11	281.569961	0.1000003	-5.9E-12	281.569961
-8	-7.89E-11	281.593258	0.1000001	-6E-12	281.593258
-8.1	-6.07E-11	281.648262	0.1000001	-8.1E-12	281.648262
-8.2	-7.87E-11	281.671577	0.1000003	-6.2E-12	281.671577
-8.3	-7.87E-11	281.694887	0.1000002	-6E-12	281.694887
-8.4	-8.15E-11	281.718111	0.1000001	-5.9E-12	281.718111
-8.5	-8.07E-11	281.741411	0.1000002	-6.1E-12	281.741411
-8.6	-7.94E-11	281.76473	0.1000002	-5.7E-12	281.76473
-8.7	-7.92E-11	281.788048	0.1000002	-6.3E-12	281.788048
-8.8	-8.18E-11	281.811358	0.1000002	-6E-12	281.811358
-8.9	-8.01E-11	281.834651	0.1	-5.9E-12	281.834651
-9	-8.13E-11	281.857967	0.1000003	-5.8E-12	281.857967
-9.1	-8.25E-11	281.881185	0.1000003	-5.8E-12	281.881185
-9.2	-8.22E-11	281.904412	0.1000002	-5.8E-12	281.904412
-9.3	-8.11E-11	281.927791	0.1000001	-5.9E-12	281.927791
-9.4	-8.26E-11	281.950995	0.1000004	-5.8E-12	281.950995
-9.5	-8.28E-11	281.974205	0.1000002	-5.8E-12	281.974205
-9.6	-8.29E-11	281.997447	0.1000001	-5.5E-12	281.997447
-9.7	-8.03E-11	282.020779	0.1000004	-5.8E-12	282.020779
-9.8	-8.16E-11	282.044078	0.1000004	-6.2E-12	282.044078
-9.9	-8.34E-11	282.067278	0.1000003	-6E-12	282.067278
-10	-8.34E-11	282.090491	0.1000002	-5.5E-12	282.090491
-9.90001	-4.29E-11	282.113788	0.0999998	-9.2E-12	282.113788
-9.80001	-5.67E-11	282.154156	0.1000001	-7.5E-12	282.154156
-9.70001	-3.6E-11	282.177394	0.1	-9.1E-12	282.177394
-9.60001	-3.38E-11	282.200664	0.0999998	-9.5E-12	282.200664
-9.50001	-3.37E-11	282.22395	0.0999998	-9.5E-12	282.22395
-9.40001	-3.26E-11	282.247347	0.1	-9.5E-12	282.247347
-9.30001	-3E-11	282.27056	0.0999998	-9.8E-12	282.27056
-9.20001	-2.9E-11	282.293802	0.0999997	-9.7E-12	282.293802
-9.10001	-2.91E-11	282.317094	0.0999998	-9.7E-12	282.317094
-9.00001	-2.88E-11	282.340389	0.1	-9.7E-12	282.340389
-8.90001	-2.6E-11	282.363588	0.1	-9.9E-12	282.363588
-8.80001	-2.54E-11	282.386804	0.0999998	-9.5E-12	282.386804
-8.70001	-2.67E-11	282.410105	0.0999998	-9.6E-12	282.410105
-8.60001	-2.56E-11	282.433405	0.0999999	-9.4E-12	282.433405
-8.50001	-2.51E-11	282.456685	0.0999999	-9.9E-12	282.456685
-8.40001	-2.44E-11	282.479964	0.0999996	-9.9E-12	282.479964
-8.30001	-2.4E-11	282.503258	0.0999998	-9.6E-12	282.503258
-8.20001	-2.22E-11	282.526574	0.0999997	-9.8E-12	282.526574
-8.10001	-2.17E-11	282.549825	0.0999997	-1E-11	282.549825
-8.00001	-2.23E-11	282.573107	0.0999998	-9.9E-12	282.573107
-7.90001	-2.37E-11	282.596445	0.0999998	-9.4E-12	282.596445
-7.80001	-4.06E-11	282.651426	0.1000001	-7.8E-12	282.651426
-7.70001	-2.18E-11	282.674682	0.0999998	-9.3E-12	282.674682
-7.6	-2.12E-11	282.697945	0.0999999	-9.8E-12	282.697945
-7.50001	-2.13E-11	282.721254	0.0999999	-9.9E-12	282.721254
-7.40001	-1.93E-11	282.744538	0.0999999	-1E-11	282.744538
-7.30001	-1.95E-11	282.767787	0.0999997	-9.9E-12	282.767787
-7.2	-1.82E-11	282.791001	0.0999999	-9.7E-12	282.791001
-7.10001	-1.76E-11	282.814221	0.0999999	-1.01E-11	282.814221
-7.00001	-1.84E-11	282.837519	0.0999999	-1.01E-11	282.837519
-6.90001	-1.69E-11	282.860833	0.0999997	-9.7E-12	282.860833
-6.80001	-1.59E-11	282.884053	0.1	-9.9E-12	282.884053
-6.70001	-1.72E-11	282.907347	0.1	-9.6E-12	282.907347
-6.60001	-1.69E-11	282.930641	0.0999997	-1.01E-11	282.930641
-6.50001	-1.49E-11	282.953841	0.0999998	-1E-11	282.953841
-6.40001	-1.48E-11	282.977059	0.0999998	-1.04E-11	282.977059
-6.30001	-1.63E-11	283.000369	0.0999998	-1.01E-11	283.000369
-6.20001	-1.42E-11	283.023681	0.1	-9.8E-12	283.023681
-6.10001	-1.33E-11	283.046908	0.1	-1.02E-11	283.046908
-6.00001	-1.35E-11	283.070128	0.0999999	-1.04E-11	283.070128
-5.90001	-1.28E-11	283.093337	0.0999997	-1.03E-11	283.093337
-5.80001	-1.48E-11	283.116636	0.0999998	-1.01E-11	283.116636
-5.70001	-3.17E-11	283.152827	0.1	-8.9E-12	283.152827
-5.60001	-1.27E-11	283.176077	0.0999997	-1.08E-11	283.176077
-5.50001	-1.24E-11	283.199391	0.0999999	-1.02E-11	283.199391
-5.40001	-1.31E-11	283.222696	0.1	-1.04E-11	283.222696
-5.30001	-1.16E-11	283.245998	0.0999999	-1.09E-11	283.245998
-5.20001	-1.02E-11	283.269235	0.0999997	-1.07E-11	283.269235
-5.1	-1.05E-11	283.292477	0.0999998	-1.05E-11	283.292477
-5.00001	-1.07E-11	283.315775	0.0999998	-1.06E-11	283.315775
-4.90001	-1.07E-11	283.339054	0.1	-1.04E-11	283.339054
-4.80001	-8.9E-12	283.362262	0.0999998	-1.08E-11	283.362262
-4.7	-1.01E-11	283.385559	0.0999998	-1.06E-11	283.385559
-4.60001	-1.04E-11	283.408897	0.0999998	-1.03E-11	283.408897
-4.50001	-7.7E-12	283.432118	0.0999998	-1.07E-11	283.432118
-4.40001	-7.5E-12	283.455335	0.0999998	-1.04E-11	283.455335
-4.3	-9.2E-12	283.478674	0.0999999	-1.05E-11	283.478674
-4.20001	-7.9E-12	283.501955	0.0999997	-1.06E-11	283.501955
-4.10001	-6.4E-12	283.525379	0.0999999	-1.09E-11	283.525379
-4.00001	-6.8E-12	283.54868	0.0999999	-1.11E-11	283.54868
-3.90001	-6.4E-12	283.57195	0.1	-1.11E-11	283.57195
-3.80001	-4.3E-12	283.595154	0.0999999	-1.11E-11	283.595154
-3.70001	-3.7E-12	283.618391	0.0999996	-1.13E-11	283.618391
-3.60001	-2.36E-11	283.659087	0.1000002	-9E-12	283.659087
-3.50001	-4.1E-12	283.682319	0.0999999	-9.9E-12	283.682319
-3.40001	-2.9E-12	283.705541	0.0999998	-4.1E-12	283.705541
-3.30001	-4.1E-12	283.728833	0.0999999	3.22E-11	283.728833
-3.20001	-3.5E-12	283.752212	0.1	1.866E-10	283.752212
-3.10001	-1.2E-12	283.77542	0.1000001	7.519E-10	283.77542
-3.00001	-3E-13	283.79864	0.1000005	2.5897E-09	283.79864
-2.90001	5E-13	283.821871	0.1000011	7.7402E-09	283.821871
-2.80001	0	283.845164	0.1000025	2.00182E-08	283.845164
-2.70001	8E-13	283.868473	0.1000018	4.51171E-08	283.868473
-2.60001	2.2E-12	283.891677	0.0999967	9.05449E-08	283.891677
-2.50001	-1.79E-11	283.931216	0.1000002	1.61242E-07	283.931216
-2.40001	-1.29E-11	283.95574	0.1000006	2.71556E-07	283.95574
-2.30001	-1.17E-11	283.980273	0.1000004	4.23198E-07	283.980273
-2.20001	-1.11E-11	284.00482	0.1000009	6.2108E-07	284.00482
-2.1	-1.33E-11	284.031325	0.1000006	8.68567E-07	284.031325
-2.000001	-1.45E-11	284.065867	0.1000001	1.16251E-06	284.065867
-1.900001	-9E-12	284.09036	0.1000001	1.5136E-06	284.09036
-1.800001	-7.9E-12	284.114872	0.0999999	1.91261E-06	284.114872
-1.700001	-1.33E-11	284.164186	0.1	2.34958E-06	284.164186
-1.6	-6.7E-12	284.188699	0.1000001	2.84255E-06	284.188699
-1.5	-5.9E-12	284.213287	0.1	3.37297E-06	284.213287
-1.400001	-5.7E-12	284.2381	0.1000001	3.93854E-06	284.2381
-1.3	-3.6E-12	284.262729	0.1000001	4.53615E-06	284.262729
-1.200001	-2.3E-12	284.287267	0.1	5.16121E-06	284.287267
-1.100001	-1.2E-12	284.311804	0.1000001	5.81169E-06	284.311804
-1	2E-13	284.336309	0.1000001	6.48243E-06	284.336309
-0.9	1.4E-12	284.360844	0.0999997	7.17189E-06	284.360844
-0.8	3.2E-12	284.385398	0.1	7.87676E-06	284.385398
-0.7	4.2E-12	284.409926	0.1000001	8.59597E-06	284.409926
-0.6	5.8E-12	284.43444	0.1000003	9.32676E-06	284.43444
-0.5	7.1E-12	284.45895	0.1	1.00681E-05	284.45895
-0.400001	3.6E-12	284.493583	0.1000001	1.08101E-05	284.493583
-0.3	9.4E-12	284.51811	0.1000001	1.1569E-05	284.51811
-0.1999999	8.1E-12	284.544636	0.1	1.23328E-05	284.544636
-0.0999998	1.26E-11	284.569177	0.0999999	1.31045E-05	284.569177
3E-07	1.46E-11	284.593668	0.1000001	1.38809E-05	284.593668
0.1	1.67E-11	284.618268	0.0999999	1.46623E-05	284.618268
0.2	1.3E-11	284.6614	0.1	1.54443E-05	284.6614
0.299999	1.92E-11	284.68611	0.1000001	1.62383E-05	284.68611
0.4	2.13E-11	284.710673	0.1	1.70376E-05	284.710673
0.5	2.41E-11	284.735189	0.0999998	1.78424E-05	284.735189
0.6	2.6E-11	284.759794	0.1	1.86508E-05	284.759794
0.7	2.75E-11	284.784304	0.1000001	1.94651E-05	284.784304
0.799999	2.92E-11	284.808848	0.0999999	2.02833E-05	284.808848
0.9	3.1E-11	284.833369	0.1	2.11057E-05	284.833369
0.999999	3.29E-11	284.857873	0.0999999	2.19301E-05	284.857873
1.1	3.49E-11	284.882486	0.1000002	2.27577E-05	284.882486
1.2	3.62E-11	284.907011	0.1	2.35879E-05	284.907011
1.3	3.8E-11	284.93154	0.0999999	2.44202E-05	284.93154
1.4	3.92E-11	284.95604	0.1	2.52537E-05	284.95604
1.5	4.05E-11	284.980565	0.0999998	2.60891E-05	284.980565
1.599999	4.17E-11	285.005057	0.1	2.6926E-05	285.005057
1.699999	4.28E-11	285.02957	0.1000003	2.77637E-05	285.02957
1.8	4.37E-11	285.054074	0.1000001	2.86018E-05	285.054074
1.899999	4.47E-11	285.07859	0.1000001	2.94421E-05	285.07859
2	4.47E-11	285.103126	0.1	3.02832E-05	285.103126
2.099999	3.76E-11	285.168215	0.1	3.11155E-05	285.168215
2.19999	4.34E-11	285.192989	0.0999998	3.19563E-05	285.192989
2.29999	4.49E-11	285.217509	0.0999999	3.28006E-05	285.217509
2.39999	4.58E-11	285.242057	0.1000001	3.36441E-05	285.242057
2.49999	4.65E-11	285.266691	0.0999998	3.44888E-05	285.266691
2.59999	4.71E-11	285.291262	0.1	3.53338E-05	285.291262
2.69999	4.77E-11	285.315776	0.1000002	3.61796E-05	285.315776
2.79999	4.78E-11	285.340375	0.1000002	3.70246E-05	285.340375
2.89999	4.85E-11	285.364896	0.1	3.78703E-05	285.364896
2.99999	4.86E-11	285.389438	0.1000003	3.87162E-05	285.389438
3.09999	4.97E-11	285.413965	0.0999999	3.95628E-05	285.413965
3.19999	5.06E-11	285.438469	0.1000001	4.04091E-05	285.438469
3.29999	5.08E-11	285.462988	0.1000001	4.12562E-05	285.462988
3.39999	5.06E-11	285.487488	0.1000002	4.21035E-05	285.487488
3.49999	5.09E-11	285.512001	0.1000002	4.29511E-05	285.512001
3.59999	5.2E-11	285.536597	0.1000003	4.37989E-05	285.536597
3.69999	5.13E-11	285.561219	0.1000003	4.46482E-05	285.561219
3.79999	5.21E-11	285.58572	0.0999999	4.54982E-05	285.58572
3.89999	5.21E-11	285.610242	0.1	4.63471E-05	285.610242
3.99999	4.59E-11	285.662709	0.0999998	4.71887E-05	285.662709
4.09999	5.07E-11	285.687243	0.1000002	4.80427E-05	285.687243
4.19999	5.14E-11	285.71178	0.1000001	4.88953E-05	285.71178
4.29999	5.21E-11	285.736315	0.1000001	4.97479E-05	285.736315
4.39999	5.23E-11	285.760909	0.0999999	5.0601E-05	285.760909
4.49999	5.31E-11	285.785428	0.1	5.14548E-05	285.785428
4.59999	5.34E-11	285.809927	0.1000001	5.23088E-05	285.809927
4.69999	5.32E-11	285.834488	0.1	5.31642E-05	285.834488
4.79999	5.38E-11	285.85901	0.1	5.40205E-05	285.85901
4.89999	5.41E-11	285.883637	0.0999998	5.48756E-05	285.883637
4.99999	5.43E-11	285.908148	0.0999999	5.57329E-05	285.908148
5.09999	5.42E-11	285.932818	0.1	5.65913E-05	285.932818
5.19999	5.46E-11	285.957326	0.1000002	5.74502E-05	285.957326
5.29999	5.46E-11	285.981834	0.1000002	5.831E-05	285.981834
5.39999	5.47E-11	286.006385	0.1000002	5.91699E-05	286.006385
5.49999	5.49E-11	286.03092	0.0999998	6.00318E-05	286.03092
5.59999	5.51E-11	286.05546	0.1	6.08933E-05	286.05546
5.69999	5.57E-11	286.079992	0.1	6.17565E-05	286.079992
5.79999	5.56E-11	286.104538	0.1	6.26201E-05	286.104538
5.89999	4.81E-11	286.162135	0.1000002	6.3473E-05	286.162135
5.99999	5.38E-11	286.1867	0.0999999	6.43421E-05	286.1867
6.09999	5.47E-11	286.211281	0.1	6.52106E-05	286.211281
6.19999	5.48E-11	286.235894	0.1	6.60791E-05	286.235894
6.29999	5.54E-11	286.260516	0.0999999	6.69475E-05	286.260516
6.39999	5.57E-11	286.285032	0.1	6.78175E-05	286.285032
6.49999	5.64E-11	286.309552	0.0999999	6.86884E-05	286.309552
6.59999	5.61E-11	286.334092	0.1000001	6.95592E-05	286.334092
6.69999	5.67E-11	286.358604	0.1	7.0431E-05	286.358604
6.79999	5.68E-11	286.383112	0.1000001	7.13033E-05	286.383112
6.89999	5.7E-11	286.407617	0.1	7.21773E-05	286.407617
6.99999	5.66E-11	286.432166	0.1000002	7.30518E-05	286.432166
7.09999	5.75E-11	286.456685	0.1000001	7.39257E-05	286.456685
7.19999	5.75E-11	286.481219	0.1000001	7.4802E-05	286.481219
7.29999	5.8E-11	286.505755	0.0999999	7.56796E-05	286.505755
7.39999	5.78E-11	286.53027	0.1000001	7.65571E-05	286.53027
7.49999	5.78E-11	286.554898	0.1000003	7.7436E-05	286.554898
7.59999	5.84E-11	286.579408	0.1000002	7.83155E-05	286.579408
7.69999	5.86E-11	286.603935	0.0999997	7.91972E-05	286.603935
7.79999	5.2E-11	286.652399	0.0999998	8.00695E-05	286.652399
7.89999	5.7E-11	286.677019	0.1000001	8.09556E-05	286.677019
7.99999	5.8E-11	286.701539	0.1	8.18412E-05	286.701539
8.09999	5.83E-11	286.726046	0.1000002	8.27271E-05	286.726046
8.19999	5.76E-11	286.750725	0.0999999	8.36123E-05	286.750725
8.29999	5.86E-11	286.775361	0.0999997	8.4499E-05	286.775361
8.39999	5.86E-11	286.799874	0.0999999	8.53875E-05	286.799874
8.49999	5.87E-11	286.82443	0.0999999	8.62768E-05	286.82443
8.59999	5.92E-11	286.848931	0.1000001	8.71661E-05	286.848931
8.69999	5.88E-11	286.873531	0.0999999	8.80565E-05	286.873531
8.79999	5.91E-11	286.898036	0.1000001	8.89485E-05	286.898036
8.89999	5.92E-11	286.922547	0.1000001	8.98407E-05	286.922547
8.99999	5.95E-11	286.947184	0.1	9.07342E-05	286.947184
9.09999	5.94E-11	286.971707	0.1	9.16274E-05	286.971707
9.19999	5.98E-11	286.996267	0.0999998	9.25237E-05	286.996267
9.29999	6E-11	287.020785	0.1000001	9.34172E-05	287.020785
9.39999	6.03E-11	287.045342	0.1	9.43161E-05	287.045342
9.49999	5.99E-11	287.069874	0.1000001	9.52162E-05	287.069874
9.59999	6.02E-11	287.094399	0.1	9.61189E-05	287.094399
9.69999	6E-11	287.118938	0.1	9.70194E-05	287.118938
9.79999	5.37E-11	287.171259	0.1	9.79163E-05	287.171259
9.89999	5.86E-11	287.195829	0.1000001	9.88205E-05	287.195829
9.99999	5.95E-11	287.220441	0.1	9.97262E-05	287.220441
9.9	4.66E-11	287.244956	0.0999998	9.88087E-05	287.244956
9.8	4.31E-11	287.269553	0.0999998	9.78956E-05	287.269553
9.7	4.13E-11	287.294082	0.1000002	9.69863E-05	287.294082
9.6	3.95E-11	287.318642	0.1000001	9.60778E-05	287.318642
9.5	3.84E-11	287.343143	0.1000002	9.51709E-05	287.343143
9.4	3.77E-11	287.367678	0.0999999	9.42662E-05	287.367678
9.3	3.63E-11	287.392204	0.1000001	9.3361E-05	287.392204
9.2	3.49E-11	287.416725	0.1000001	9.24593E-05	287.416725
9.1	3.44E-11	287.441238	0.1	9.15579E-05	287.441238
9	3.37E-11	287.465784	0.1	9.06571E-05	287.465784
8.9	3.27E-11	287.490285	0.0999998	8.97619E-05	287.490285
8.8	3.22E-11	287.514807	0.0999999	8.88614E-05	287.514807
8.7	3.18E-11	287.539435	0.1	8.79625E-05	287.539435
8.6	3.09E-11	287.564055	0.1000001	8.70632E-05	287.564055
8.5	3.02E-11	287.588591	0.1	8.61649E-05	287.588591
8.4	3.01E-11	287.613128	0.0999999	8.52682E-05	287.613128
8.30001	3.59E-11	287.67291	0.0999997	8.4377E-05	287.67291
8.2	3.03E-11	287.697459	0.0999999	8.34824E-05	287.697459
8.1	2.93E-11	287.721982	0.0999998	8.25877E-05	287.721982
8	2.88E-11	287.746488	0.0999999	8.16966E-05	287.746488
7.9	2.81E-11	287.7711	0.1	8.08051E-05	287.7711
7.8	2.8E-11	287.795611	0.1000002	7.99164E-05	287.795611
7.7	2.75E-11	287.820138	0.1	7.90268E-05	287.820138
7.6	2.65E-11	287.844655	0.0999998	7.81382E-05	287.844655
7.5	2.68E-11	287.869275	0.1000001	7.72517E-05	287.869275
7.4	2.55E-11	287.893809	0.0999996	7.63653E-05	287.893809
7.3	2.58E-11	287.91836	0.0999997	7.54799E-05	287.91836
7.2	2.48E-11	287.942986	0.0999998	7.45953E-05	287.942986
7.1	2.46E-11	287.967506	0.0999998	7.37128E-05	287.967506
7	2.4E-11	287.992037	0.1	7.2831E-05	287.992037
6.9	2.33E-11	288.016597	0.1	7.19484E-05	288.016597
6.8	2.31E-11	288.041106	0.1000001	7.10673E-05	288.041106
6.7	2.33E-11	288.065634	0.0999998	7.0188E-05	288.065634
6.6	2.28E-11	288.090149	0.0999997	6.93094E-05	288.090149
6.5	2.24E-11	288.114683	0.0999999	6.84301E-05	288.114683
6.4	2.85E-11	288.17009	0.1000002	6.75574E-05	288.17009
6.3	2.3E-11	288.194614	0.1	6.66805E-05	288.194614
6.2	2.2E-11	288.219199	0.0999999	6.58037E-05	288.219199
6.1	2.19E-11	288.243745	0.1	6.4929E-05	288.243745
6	2.12E-11	288.268347	0.0999999	6.4055E-05	288.268347
5.9	2.07E-11	288.292868	0.0999999	6.31814E-05	288.292868
5.8	2E-11	288.317402	0.1000002	6.23083E-05	288.317402
5.7	2E-11	288.341928	0.0999999	6.14361E-05	288.341928
5.6	1.9E-11	288.366441	0.0999997	6.05646E-05	288.366441
5.5	1.89E-11	288.390956	0.1	5.96952E-05	288.390956
5.4	1.86E-11	288.415463	0.1	5.88252E-05	288.415463
5.3	1.81E-11	288.440018	0.0999999	5.7957E-05	288.440018
5.2	1.8E-11	288.464573	0.0999997	5.70902E-05	288.464573
5.1	1.7E-11	288.489092	0.0999999	5.62233E-05	288.489092
5	1.69E-11	288.513817	0.0999999	5.53573E-05	288.513817
4.9	1.75E-11	288.538495	0.1000001	5.4492E-05	288.538495
4.8	1.62E-11	288.563052	0.1000001	5.36279E-05	288.563052
4.7	1.56E-11	288.587597	0.1000001	5.2766E-05	288.587597
4.6	1.53E-11	288.612136	0.0999999	5.19024E-05	288.612136
4.5	2.15E-11	288.670826	0.0999998	5.10464E-05	288.670826
4.4	1.61E-11	288.695404	0.1	5.01842E-05	288.695404
4.3	1.48E-11	288.719931	0.0999997	4.93234E-05	288.719931
4.2	1.38E-11	288.744446	0.0999997	4.84642E-05	288.744446
4.1	1.36E-11	288.769061	0.1000001	4.76053E-05	288.769061
4	1.28E-11	288.793573	0.1000001	4.67472E-05	288.793573
3.9	1.18E-11	288.818104	0.0999998	4.589E-05	288.818104
3.8	1.14E-11	288.842606	0.1	4.5035E-05	288.842606
3.7	1.09E-11	288.867166	0.1	4.41794E-05	288.867166
3.6	1.02E-11	288.891756	0.1	4.33243E-05	288.891756
3.5	9.4E-12	288.916289	0.1	4.2471E-05	288.916289
3.4	9E-12	288.9408	0.1	4.16176E-05	288.9408
3.3	8.8E-12	288.965372	0.0999999	4.0766E-05	288.965372
3.2	8E-12	288.989912	0.1000001	3.99144E-05	288.989912
3.1	6.8E-12	289.014428	0.1	3.90639E-05	289.014428
3	6.4E-12	289.03897	0.0999999	3.82151E-05	289.03897
2.9	5.6E-12	289.063492	0.1000001	3.73664E-05	289.063492
2.8	5.3E-12	289.087998	0.0999999	3.65185E-05	289.087998
2.7	4.7E-12	289.112508	0.1	3.56711E-05	289.112508
2.6	1.11E-11	289.175552	0.1000001	3.48314E-05	289.175552
2.5	5.1E-12	289.200093	0.1000003	3.39854E-05	289.200093
2.4	3.6E-12	289.224711	0.0999998	3.31401E-05	289.224711
2.3	2E-12	289.24923	0.0999999	3.22966E-05	289.24923
2.2	9E-13	289.273838	0.1000001	3.14548E-05	289.273838
2.099999	3.2E-12	289.300286	0.0999999	3.0617E-05	289.300286
2	-1.2E-12	289.324812	0.0999998	2.97772E-05	289.324812
1.9	-2.5E-12	289.349319	0.0999998	2.8938E-05	289.349319
1.8	-3.2E-12	289.373917	0.0999998	2.81007E-05	289.373917
1.7	-3.7E-12	289.398456	0.0999998	2.72649E-05	289.398456
1.6	-5.7E-12	289.422999	0.1000001	2.64311E-05	289.422999
1.5	-7E-12	289.44753	0.0999998	2.55972E-05	289.44753
1.4	-8.6E-12	289.472019	0.1	2.47659E-05	289.472019
1.3	-1.02E-11	289.496541	0.1000001	2.39368E-05	289.496541
1.2	-1.15E-11	289.521059	0.0999999	2.31097E-05	289.521059
1.1	-1.32E-11	289.545676	0.1	2.22849E-05	289.545676
1	-1.47E-11	289.570189	0.0999999	2.14623E-05	289.570189
0.9	-1.67E-11	289.594713	0.1	2.06439E-05	289.594713
0.8	-1.84E-11	289.61921	0.0999997	1.98291E-05	289.61921
0.7	-1.32E-11	289.678783	0.0999998	1.90229E-05	289.678783
0.6	-2.03E-11	289.703298	0.0999998	1.8215E-05	289.703298
0.5	-2.23E-11	289.727823	0.1000001	1.7413E-05	289.727823
0.4	-2.54E-11	289.752327	0.0999999	1.66172E-05	289.752327
0.3	-2.73E-11	289.776953	0.0999996	1.58272E-05	289.776953
0.1999999	-2.65E-11	289.80338	0.1	1.50446E-05	289.80338
0.0999996	-3.22E-11	289.827894	0.1000001	1.42655E-05	289.827894
-3E-07	-3.45E-11	289.85238	0.0999998	1.34929E-05	289.85238
#scan	iMeasureCycle=3	iMux=0	time=319.625	N=401	LocalTime=20/04/2023 00:55:00
#VGate(V)	IGate(A)	time(s)	VDrain(V)	IDrain(A)	time(s)
-2E-07	-1.31E-11	319.632642	0.0999999	1.36831E-05	319.632642
-0.1000003	-2.09E-11	319.657534	0.0999998	1.29032E-05	319.657534
-0.2000001	-2.18E-11	319.683511	0.0999998	1.21309E-05	319.683511
-0.3	-2.81E-11	319.708237	0.1000002	1.13638E-05	319.708237
-0.4	-3.13E-11	319.732744	0.0999999	1.0605E-05	319.732744
-0.5	-3.37E-11	319.757347	0.0999998	9.855E-06	319.757347
-0.6	-3.58E-11	319.781897	0.1000001	9.1135E-06	319.781897
-0.7	-3.39E-11	319.809138	0.1	8.38755E-06	319.809138
-0.8	-3.89E-11	319.833694	0.1000001	7.6691E-06	319.833694
-0.9	-4.07E-11	319.858309	0.1	6.96483E-06	319.858309
-1	-4.22E-11	319.88281	0.0999998	6.27804E-06	319.88281
-1.1	-4.32E-11	319.907331	0.0999999	5.61008E-06	319.907331
-1.2	-4.42E-11	319.931957	0.0999999	4.96473E-06	319.931957
-1.3	-4.5E-11	319.95649	0.0999998	4.34513E-06	319.95649
-1.4	-4.61E-11	319.981116	0.1000002	3.75533E-06	319.981116
-1.5	-4.67E-11	320.00565	0.0999997	3.19832E-06	320.00565
-1.6	-4.79E-11	320.030197	0.0999998	2.67947E-06	320.030197
-1.7	-4.93E-11	320.054708	0.1000002	2.20178E-06	320.054708
-1.8	-4.97E-11	320.079212	0.0999998	1.76919E-06	320.079212
-1.9	-4.94E-11	320.103791	0.0999999	1.38491E-06	320.103791
-2	-5.05E-11	320.128324	0.0999999	1.05129E-06	320.128324
-2.099999	-4.4E-11	320.180607	0.0999999	7.7439E-07	320.180607
-2.2	-5E-11	320.205389	0.0999996	5.39299E-07	320.205389
-2.3	-5.07E-11	320.229932	0.0999995	3.57521E-07	320.229932
-2.4	-5.16E-11	320.254435	0.0999995	2.21953E-07	320.254435
-2.5	-5.14E-11	320.27919	0.0999998	1.27337E-07	320.27919
-2.6	-4.72E-11	320.317033	0.0999947	6.72148E-08	320.317033
-2.7	-6.71E-11	320.340244	0.1000075	3.09692E-08	320.340244
-2.8	-6.63E-11	320.363536	0.100003	1.24881E-08	320.363536
-2.9	-6.82E-11	320.386773	0.1000015	4.3384E-09	320.386773
-3	-6.95E-11	320.409997	0.1000007	1.2993E-09	320.409997
-3.1	-6.97E-11	320.433213	0.1000005	3.388E-10	320.433213
-3.2	-6.87E-11	320.456503	0.1000003	7.14E-11	320.456503
-3.3	-6.87E-11	320.479801	0.1000004	6.9E-12	320.479801
-3.4	-7.13E-11	320.503004	0.1000004	-4.4E-12	320.503004
-3.5	-7.15E-11	320.526221	0.1000005	-6.4E-12	320.526221
-3.6	-7E-11	320.549502	0.1000003	-6.6E-12	320.549502
-3.7	-7.03E-11	320.572797	0.1000003	-6.2E-12	320.572797
-3.8	-7.09E-11	320.596097	0.1000004	-7E-12	320.596097
-3.9	-7.29E-11	320.619294	0.1000004	-6.2E-12	320.619294
-4	-7.13E-11	320.642639	0.1000001	-6.5E-12	320.642639
-4.1	-5.19E-11	320.699441	0.1	-8.2E-12	320.699441
-4.2	-7.03E-11	320.72275	0.1000002	-6.6E-12	320.72275
-4.3	-7.09E-11	320.746034	0.1000003	-7.1E-12	320.746034
-4.4	-7.3E-11	320.769259	0.1000004	-6.6E-12	320.769259
-4.5	-7.37E-11	320.792527	0.1000003	-6.6E-12	320.792527
-4.6	-7.23E-11	320.815903	0.1000003	-6.7E-12	320.815903
-4.7	-7.28E-11	320.839195	0.1000003	-6.8E-12	320.839195
-4.8	-7.42E-11	320.862405	0.1000003	-6.3E-12	320.862405
-4.9	-7.54E-11	320.885632	0.1000003	-6.4E-12	320.885632
-5	-7.38E-11	320.90893	0.1000004	-6.1E-12	320.90893
-5.1	-7.6E-11	320.932143	0.1000001	-6.5E-12	320.932143
-5.2	-7.61E-11	320.955372	0.1000002	-5.9E-12	320.955372
-5.3	-7.63E-11	320.978668	0.1000003	-5.9E-12	320.978668
-5.4	-7.5E-11	321.001955	0.1000003	-6E-12	321.001955
-5.5	-7.49E-11	321.025234	0.1000003	-6.1E-12	321.025234
-5.6	-7.61E-11	321.048467	0.1000003	-6.1E-12	321.048467
-5.7	-7.71E-11	321.071677	0.1000001	-6.1E-12	321.071677
-5.8	-7.56E-11	321.09497	0.1000001	-6.2E-12	321.09497
-5.9	-7.63E-11	321.118263	0.1000002	-6.4E-12	321.118263
-6	-7.82E-11	321.14147	0.1000002	-6E-12	321.14147
-6.1	-5.69E-11	321.198246	0.1000002	-8.1E-12	321.198246
-6.2	-7.65E-11	321.221472	0.1000003	-5.9E-12	321.221472
-6.3	-7.69E-11	321.2447	0.1000003	-5.9E-12	321.2447
-6.4	-7.75E-11	321.267914	0.1000002	-6.2E-12	321.267914
-6.5	-7.59E-11	321.291254	0.1000003	-5.7E-12	321.291254
-6.6	-7.76E-11	321.314563	0.1000004	-5.3E-12	321.314563
-6.7	-7.72E-11	321.337862	0.1000001	-5.7E-12	321.337862
-6.8	-7.77E-11	321.361147	0.1000003	-6E-12	321.361147
-6.9	-7.74E-11	321.384426	0.1000001	-5.6E-12	321.384426
-7	-7.92E-11	321.407644	0.1000003	-5.8E-12	321.407644
-7.1	-7.9E-11	321.430848	0.1000002	-6E-12	321.430848
-7.2	-8E-11	321.454069	0.1000002	-6E-12	321.454069
-7.3	-7.8E-11	321.477361	0.1000003	-5.5E-12	321.477361
-7.4	-8.01E-11	321.500562	0.1000004	-5.7E-12	321.500562
-7.5	-8E-11	321.523775	0.1000002	-5.8E-12	321.523775
-7.6	-7.88E-11	321.547065	0.1000002	-5.6E-12	321.547065
-7.7	-7.92E-11	321.570349	0.1000002	-6.3E-12	321.570349
-7.8	-8.04E-11	321.593576	0.1000002	-5.7E-12	321.593576
-7.9	-8.13E-11	321.616796	0.1000002	-5.4E-12	321.616796
-8	-8.15E-11	321.640068	0.1000002	-5.6E-12	321.640068
-8.1	-6.03E-11	321.695378	0.1000001	-7.7E-12	321.695378
-8.2	-7.81E-11	321.718688	0.1000003	-5.9E-12	321.718688
-8.3	-8.08E-11	321.741911	0.1000003	-5.6E-12	321.741911
-8.4	-8.04E-11	321.765128	0.1000001	-5.9E-12	321.765128
-8.5	-7.84E-11	321.788522	0.1000003	-6.5E-12	321.788522
-8.6	-8.12E-11	321.811804	0.1000002	-5.7E-12	321.811804
-8.7	-8.18E-11	321.835034	0.1000003	-5.6E-12	321.835034
-8.8	-8.22E-11	321.858254	0.1000004	-5.8E-12	321.858254
-8.9	-8.05E-11	321.881554	0.1000002	-6E-12	321.881554
-9	-8.05E-11	321.904855	0.1000002	-5.8E-12	321.904855
-9.1	-8.22E-11	321.928191	0.1000002	-5.5E-12	321.928191
-9.2	-8.1E-11	321.95148	0.1000003	-5.3E-12	321.95148
-9.3	-8.22E-11	321.974887	0.1000002	-5.2E-12	321.974887
-9.4	-8.3E-11	321.998119	0.1000003	-5.3E-12	321.998119
-9.5	-8.15E-11	322.021422	0.1	-5.8E-12	322.021422
-9.6	-8.29E-11	322.04465	0.1000003	-5.6E-12	322.04465
-9.7	-8.31E-11	322.067858	0.1000002	-5.2E-12	322.067858
-9.8	-8.33E-11	322.091074	0.1	-5.5E-12	322.091074
-9.9	-8.31E-11	322.1143	0.1000001	-5.6E-12	322.1143
-10	-8.18E-11	322.137587	0.1000001	-5.4E-12	322.137587
-9.90001	-4.34E-11	322.160884	0.0999997	-8.8E-12	322.160884
-9.80001	-5.61E-11	322.197124	0.1	-7.1E-12	322.197124
-9.70001	-3.55E-11	322.220356	0.0999999	-9.2E-12	322.220356
-9.60001	-3.27E-11	322.243574	0.0999998	-9.3E-12	322.243574
-9.50001	-3.35E-11	322.266859	0.0999998	-9.2E-12	322.266859
-9.40001	-3.04E-11	322.290119	0.0999998	-9.5E-12	322.290119
-9.30001	-3.05E-11	322.313436	0.0999999	-9.3E-12	322.313436
-9.20001	-2.88E-11	322.336659	0.0999999	-9.3E-12	322.336659
-9.10001	-2.92E-11	322.359947	0.0999996	-9.2E-12	322.359947
-9.00001	-2.87E-11	322.383221	0.0999997	-9.3E-12	322.383221
-8.90001	-2.55E-11	322.406451	0.0999999	-9.1E-12	322.406451
-8.80001	-2.53E-11	322.429674	0.0999998	-9.6E-12	322.429674
-8.70001	-2.64E-11	322.452968	0.0999999	-9.4E-12	322.452968
-8.60001	-2.39E-11	322.476178	0.0999998	-9.3E-12	322.476178
-8.50001	-2.32E-11	322.499398	0.0999999	-9.6E-12	322.499398
-8.40001	-2.27E-11	322.522608	0.0999998	-9.8E-12	322.522608
-8.30001	-2.42E-11	322.545895	0.0999997	-9.4E-12	322.545895
-8.20001	-2.38E-11	322.56919	0.0999999	-9E-12	322.56919
-8.10001	-2.13E-11	322.592413	0.0999998	-9.4E-12	322.592413
-8.00001	-2.13E-11	322.615633	0.0999999	-9.3E-12	322.615633
-7.90001	-2.06E-11	322.638934	0.0999998	-9.5E-12	322.638934
-7.80001	-2.24E-11	322.662249	0.0999998	-9.3E-12	322.662249
-7.70001	-4.08E-11	322.703001	0.1	-8.5E-12	322.703001
-7.6	-2.26E-11	322.726309	0.0999997	-9.9E-12	322.726309
-7.50001	-2.21E-11	322.749604	0.0999998	-9.3E-12	322.749604
-7.40001	-1.93E-11	322.772806	0.0999998	-9.5E-12	322.772806
-7.30001	-2.1E-11	322.796157	0.1	-9.7E-12	322.796157
-7.2	-2.06E-11	322.819544	0.0999998	-9.7E-12	322.819544
-7.10001	-1.77E-11	322.842841	0.1	-9.9E-12	322.842841
-7.00001	-1.89E-11	322.866134	0.0999999	-9.9E-12	322.866134
-6.90001	-1.91E-11	322.889511	0.1	-9.8E-12	322.889511
-6.80001	-1.7E-11	322.912724	0.0999998	-9.7E-12	322.912724
-6.70001	-1.6E-11	322.935934	0.0999996	-9.6E-12	322.935934
-6.60001	-1.72E-11	322.959226	0.0999998	-9.4E-12	322.959226
-6.50001	-1.54E-11	322.982535	0.0999997	-9.7E-12	322.982535
-6.40001	-1.53E-11	323.005773	0.0999999	-1.01E-11	323.005773
-6.30001	-1.44E-11	323.028992	0.0999998	-1.04E-11	323.028992
-6.20001	-1.6E-11	323.052282	0.0999999	-9.9E-12	323.052282
-6.10001	-1.56E-11	323.075574	0.0999998	-9.7E-12	323.075574
-6.00001	-1.35E-11	323.098783	0.0999999	-1.01E-11	323.098783
-5.90001	-1.31E-11	323.122005	0.0999998	-9.9E-12	323.122005
-5.80001	-1.46E-11	323.145294	0.0999998	-9.6E-12	323.145294
-5.70001	-3.29E-11	323.199525	0.1	-8.4E-12	323.199525
-5.60001	-1.31E-11	323.222764	0.0999998	-9.6E-12	323.222764
-5.50001	-1.31E-11	323.246006	0.0999997	-1.01E-11	323.246006
-5.40001	-1.24E-11	323.269227	0.0999999	-1.01E-11	323.269227
-5.30001	-1.31E-11	323.292573	0.0999997	-1.04E-11	323.292573
-5.20001	-1.16E-11	323.315887	0.0999999	-1.04E-11	323.315887
-5.1	-1.06E-11	323.339117	0.0999998	-1.07E-11	323.339117
-5.00001	-1.2E-11	323.362417	0.0999999	-1.01E-11	323.362417
-4.90001	-1.15E-11	323.385693	0.0999996	-1.03E-11	323.385693
-4.80001	-9.9E-12	323.408981	0.0999998	-1.03E-11	323.408981
-4.7	-9E-12	323.432199	0.0999998	-1.06E-11	323.432199
-4.60001	-9.8E-12	323.4555	0.0999999	-1E-11	323.4555
-4.50001	-9.9E-12	323.478771	0.0999999	-1.01E-11	323.478771
-4.40001	-8.1E-12	323.501987	0.0999998	-1.04E-11	323.501987
-4.3	-6.6E-12	323.525193	0.0999998	-1.07E-11	323.525193
-4.20001	-6E-12	323.548403	0.0999999	-1.07E-11	323.548403
-4.10001	-7.4E-12	323.571706	0.1	-1.07E-11	323.571706
-4.00001	-5.8E-12	323.594905	0.1	-1.09E-11	323.594905
-3.90001	-5.3E-12	323.618124	0.0999998	-1.13E-11	323.618124
-3.80001	-4.8E-12	323.641416	0.0999998	-1.09E-11	323.641416
-3.70001	-5.9E-12	323.664713	0.1	-1.09E-11	323.664713
-3.60001	-2.41E-11	323.705444	0.0999998	-9.2E-12	323.705444
-3.50001	-5.1E-12	323.728707	0.0999998	-1.02E-11	323.728707
-3.40001	-4.9E-12	323.751994	0.0999998	-4.5E-12	323.751994
-3.30001	-2.5E-12	323.775183	0.0999997	2.63E-11	323.775183
-3.20001	-1.6E-12	323.79854	0.1	1.632E-10	323.79854
-3.10001	-2.9E-12	323.821913	0.0999999	6.694E-10	323.821913
-3.00001	-2.2E-12	323.845202	0.1000004	2.3378E-09	323.845202
-2.90001	2E-13	323.868419	0.1000014	7.0689E-09	323.868419
-2.80001	8E-13	323.891626	0.100002	1.85162E-08	323.891626
-2.70001	-3E-13	323.914913	0.1000026	4.23122E-08	323.914913
-2.60001	2.3E-12	323.93821	0.0999989	8.57631E-08	323.93821
-2.50001	-1.8E-11	323.97783	0.1000001	1.53926E-07	323.97783
-2.40001	-1.28E-11	324.002412	0.1000003	2.61136E-07	324.002412
-2.30001	-1.17E-11	324.026894	0.1000006	4.09177E-07	324.026894
-2.20001	-1.12E-11	324.051422	0.1000007	6.03009E-07	324.051422
-2.099999	-1.32E-11	324.077842	0.1000007	8.46235E-07	324.077842
-2.000001	-1.44E-11	324.11238	0.0999998	1.13592E-06	324.11238
-1.9	-9.1E-12	324.136911	0.1000001	1.48244E-06	324.136911
-1.800001	-8.1E-12	324.161437	0.1000001	1.87711E-06	324.161437
-1.700001	-1.39E-11	324.210991	0.1	2.31022E-06	324.210991
-1.6	-7.5E-12	324.23551	0.1000001	2.79829E-06	324.23551
-1.5	-6.1E-12	324.260039	0.0999999	3.32428E-06	324.260039
-1.4	-4.8E-12	324.284552	0.1	3.88619E-06	324.284552
-1.3	-4.5E-12	324.309362	0.1000002	4.47993E-06	324.309362
-1.200001	-2.7E-12	324.334012	0.1000002	5.10134E-06	324.334012
-1.100001	-1.4E-12	324.358516	0.1	5.74772E-06	324.358516
-1	-2E-13	324.383038	0.1000001	6.41553E-06	324.383038
-0.900001	1.5E-12	324.407568	0.1000001	7.10194E-06	324.407568
-0.8	2.6E-12	324.432093	0.1000002	7.8047E-06	324.432093
-0.7	3.7E-12	324.456631	0.1	8.52031E-06	324.456631
-0.6	5E-12	324.48116	0.1	9.24854E-06	324.48116
-0.500001	6.7E-12	324.505671	0.1	9.98763E-06	324.505671
-0.400001	2.9E-12	324.540264	0.1000001	1.07276E-05	324.540264
-0.3	9E-12	324.564791	0.0999999	1.14848E-05	324.564791
-0.1999999	7.4E-12	324.591195	0.1	1.22478E-05	324.591195
-0.0999998	1.23E-11	324.615689	0.1000002	1.30168E-05	324.615689
4E-07	1.43E-11	324.640214	0.1000001	1.37911E-05	324.640214
0.1000002	1.64E-11	324.664789	0.1000001	1.45715E-05	324.664789
0.2	1.27E-11	324.708343	0.0999999	1.53519E-05	324.708343
0.3	1.91E-11	324.733057	0.1	1.61438E-05	324.733057
0.4	2.14E-11	324.757564	0.1000001	1.69413E-05	324.757564
0.5	2.37E-11	324.7821	0.1000002	1.77448E-05	324.7821
0.6	2.54E-11	324.806663	0.1000002	1.85525E-05	324.806663
0.7	2.77E-11	324.831257	0.1	1.93657E-05	324.831257
0.799999	2.93E-11	324.855768	0.1000002	2.01826E-05	324.855768
0.899999	3.13E-11	324.880305	0.1000001	2.10034E-05	324.880305
0.999999	3.31E-11	324.904809	0.0999999	2.18274E-05	324.904809
1.1	3.46E-11	324.929346	0.1000002	2.26542E-05	324.929346
1.2	3.62E-11	324.95387	0.1	2.34837E-05	324.95387
1.3	3.73E-11	324.978473	0.0999999	2.43146E-05	324.978473
1.399999	3.92E-11	325.002978	0.1	2.51476E-05	325.002978
1.499999	4E-11	325.027629	0.1	2.59826E-05	325.027629
1.599999	4.13E-11	325.052177	0.1000001	2.68192E-05	325.052177
1.699999	4.28E-11	325.076694	0.1000002	2.76573E-05	325.076694
1.8	4.33E-11	325.101196	0.0999999	2.84955E-05	325.101196
1.899999	4.42E-11	325.125777	0.1000001	2.93357E-05	325.125777
2	4.47E-11	325.150328	0.1000001	3.01761E-05	325.150328
2.099999	3.83E-11	325.209844	0.1	3.10115E-05	325.209844
2.19999	4.35E-11	325.234581	0.1	3.18526E-05	325.234581
2.29999	4.46E-11	325.259124	0.1000002	3.26961E-05	325.259124
2.39999	4.51E-11	325.283648	0.1000001	3.3541E-05	325.283648
2.49999	4.65E-11	325.30825	0.0999999	3.43861E-05	325.30825
2.59999	4.71E-11	325.332852	0.1000002	3.52321E-05	325.332852
2.69999	4.75E-11	325.357354	0.1	3.60781E-05	325.357354
2.79999	4.82E-11	325.381877	0.1	3.69251E-05	325.381877
2.89999	4.88E-11	325.4064	0.1000002	3.77723E-05	325.4064
2.99999	4.92E-11	325.430942	0.1000001	3.86188E-05	325.430942
3.09999	4.95E-11	325.455459	0.1000002	3.9467E-05	325.455459
3.19999	5.03E-11	325.479986	0.0999999	4.03156E-05	325.479986
3.29999	5.1E-11	325.504484	0.1000001	4.11646E-05	325.504484
3.39999	5.04E-11	325.529083	0.1000003	4.20131E-05	325.529083
3.49999	5.14E-11	325.553596	0.1000003	4.28623E-05	325.553596
3.59999	5.1E-11	325.578102	0.1000001	4.37127E-05	325.578102
3.69999	5.16E-11	325.602611	0.1000001	4.45628E-05	325.602611
3.79999	5.19E-11	325.627138	0.1000003	4.54127E-05	325.627138
3.89999	5.17E-11	325.651775	0.1000002	4.62634E-05	325.651775
3.99999	4.51E-11	325.712938	0.0999998	4.71057E-05	325.712938
4.09999	5.04E-11	325.737469	0.1000002	4.7961E-05	325.737469
4.19999	5.11E-11	325.761995	0.1	4.88152E-05	325.761995
4.29999	5.12E-11	325.786529	0.1000003	4.96684E-05	325.786529
4.39999	5.17E-11	325.811114	0.1	5.05227E-05	325.811114
4.49999	5.22E-11	325.835791	0.1000002	5.1377E-05	325.835791
4.59999	5.28E-11	325.860319	0.1	5.2232E-05	325.860319
4.69999	5.34E-11	325.884828	0.1	5.3088E-05	325.884828
4.79999	5.3E-11	325.909385	0.0999998	5.39441E-05	325.909385
4.89999	5.36E-11	325.933954	0.1	5.48014E-05	325.933954
4.99999	5.37E-11	325.958498	0.0999998	5.56593E-05	325.958498
5.09999	5.4E-11	325.983144	0.0999999	5.65176E-05	325.983144
5.19999	5.44E-11	326.007642	0.0999999	5.73771E-05	326.007642
5.29999	5.43E-11	326.032165	0.1	5.82372E-05	326.032165
5.39999	5.43E-11	326.056695	0.1	5.90971E-05	326.056695
5.49999	5.45E-11	326.081238	0.1000002	5.99589E-05	326.081238
5.59999	5.42E-11	326.105775	0.0999999	6.08213E-05	326.105775
5.69999	5.49E-11	326.130321	0.1	6.16852E-05	326.130321
5.79999	5.51E-11	326.154832	0.0999999	6.25489E-05	326.154832
5.89999	4.89E-11	326.21442	0.1	6.34025E-05	326.21442
5.99999	5.44E-11	326.238947	0.1000003	6.42717E-05	326.238947
6.09999	5.47E-11	326.263486	0.1000001	6.514E-05	326.263486
6.19999	5.51E-11	326.287994	0.0999999	6.60079E-05	326.287994
6.29999	5.49E-11	326.312682	0.1	6.68769E-05	326.312682
6.39999	5.58E-11	326.337278	0.1000001	6.77462E-05	326.337278
6.49999	5.61E-11	326.361854	0.0999999	6.86172E-05	326.361854
6.59999	5.64E-11	326.386358	0.1000002	6.9488E-05	326.386358
6.69999	5.63E-11	326.410882	0.0999998	7.03598E-05	326.410882
6.79999	5.68E-11	326.435385	0.1	7.12319E-05	326.435385
6.89999	5.66E-11	326.45991	0.1	7.21066E-05	326.45991
6.99999	5.69E-11	326.484416	0.1	7.29816E-05	326.484416
7.09999	5.66E-11	326.508925	0.1000001	7.38555E-05	326.508925
7.19999	5.72E-11	326.533433	0.1000002	7.47314E-05	326.533433
7.29999	5.74E-11	326.557957	0.1	7.56096E-05	326.557957
7.39999	5.78E-11	326.582473	0.1	7.64876E-05	326.582473
7.49999	5.74E-11	326.60701	0.1000002	7.7367E-05	326.60701
7.59999	5.84E-11	326.631534	0.0999999	7.82461E-05	326.631534
7.69999	5.86E-11	326.656138	0.0999999	7.91278E-05	326.656138
7.79999	5.2E-11	326.711766	0.1	8.00021E-05	326.711766
7.89999	5.66E-11	326.736314	0.1000002	8.08859E-05	326.736314
7.99999	5.75E-11	326.760838	0.1	8.17723E-05	326.760838
8.09999	5.83E-11	326.785342	0.1000001	8.26579E-05	326.785342
8.19999	5.82E-11	326.809919	0.0999999	8.35437E-05	326.809919
8.29999	5.84E-11	326.83451	0.1000001	8.44306E-05	326.83451
8.39999	5.81E-11	326.859044	0.1	8.53193E-05	326.859044
8.49999	5.88E-11	326.883544	0.1000003	8.62075E-05	326.883544
8.59999	5.93E-11	326.908051	0.1000001	8.70974E-05	326.908051
8.69999	5.92E-11	326.932576	0.1000002	8.79887E-05	326.932576
8.79999	5.94E-11	326.957114	0.1	8.88807E-05	326.957114
8.89999	5.87E-11	326.981786	0.1	8.97735E-05	326.981786
8.99999	5.95E-11	327.006309	0.1000001	9.06665E-05	327.006309
9.09999	6E-11	327.030834	0.1000002	9.15602E-05	327.030834
9.19999	6.01E-11	327.055362	0.0999999	9.24571E-05	327.055362
9.29999	6E-11	327.079878	0.1	9.33489E-05	327.079878
9.39999	6E-11	327.104379	0.1	9.425E-05	327.104379
9.49999	5.98E-11	327.128909	0.1000001	9.51504E-05	327.128909
9.59999	6.03E-11	327.153418	0.1	9.60517E-05	327.153418
9.69999	5.34E-11	327.215469	0.1	9.69446E-05	327.215469
9.79999	5.77E-11	327.240031	0.1000001	9.78505E-05	327.240031
9.89999	5.87E-11	327.264605	0.1000002	9.87541E-05	327.264605
9.99999	5.95E-11	327.28913	0.1000001	9.96602E-05	327.28913
9.9	4.63E-11	327.313713	0.1000001	9.87418E-05	327.313713
9.8	4.32E-11	327.338421	0.1000001	9.78286E-05	327.338421
9.7	4.12E-11	327.36295	0.0999997	9.69185E-05	327.36295
9.6	3.93E-11	327.387475	0.1000001	9.60115E-05	327.387475
9.5	3.83E-11	327.411984	0.1	9.51038E-05	327.411984
9.4	3.71E-11	327.436531	0.0999999	9.41986E-05	327.436531
9.3	3.62E-11	327.461051	0.0999996	9.32942E-05	327.461051
9.2	3.51E-11	327.485582	0.1	9.23915E-05	327.485582
9.1	3.44E-11	327.510081	0.1	9.14892E-05	327.510081
9	3.41E-11	327.534626	0.0999999	9.05882E-05	327.534626
8.9	3.32E-11	327.559143	0.0999998	8.96936E-05	327.559143
8.8	3.19E-11	327.58367	0.1000002	8.87938E-05	327.58367
8.7	3.19E-11	327.608186	0.1000001	8.78932E-05	327.608186
8.6	3.13E-11	327.632707	0.0999999	8.69939E-05	327.632707
8.5	3.06E-11	327.657291	0.1	8.60963E-05	327.657291
8.4	3.52E-11	327.714636	0.0999998	8.52036E-05	327.714636
8.3	3.04E-11	327.739157	0.0999998	8.43075E-05	327.739157
8.2	2.96E-11	327.763688	0.1000001	8.34141E-05	327.763688
8.1	2.9E-11	327.788191	0.1000001	8.25193E-05	327.788191
8	2.84E-11	327.812774	0.0999997	8.16275E-05	327.812774
7.9	2.79E-11	327.837377	0.0999999	8.07371E-05	327.837377
7.8	2.8E-11	327.861911	0.0999999	7.98479E-05	327.861911
7.7	2.7E-11	327.886418	0.0999999	7.89578E-05	327.886418
7.6	2.68E-11	327.910976	0.0999999	7.80688E-05	327.910976
7.5	2.58E-11	327.935442	0.0999999	7.7182E-05	327.935442
7.4	2.57E-11	327.959967	0.0999998	7.62969E-05	327.959967
7.3	2.6E-11	327.984639	0.0999998	7.54112E-05	327.984639
7.2	2.47E-11	328.009162	0.0999998	7.45266E-05	328.009162
7.1	2.47E-11	328.033702	0.0999999	7.3643E-05	328.033702
7	2.44E-11	328.05822	0.0999997	7.27615E-05	328.05822
6.9	2.38E-11	328.082756	0.1	7.18797E-05	328.082756
6.8	2.38E-11	328.107259	0.1000002	7.0998E-05	328.107259
6.7	2.3E-11	328.131774	0.1	7.01183E-05	328.131774
6.6	2.25E-11	328.1563	0.0999999	6.92394E-05	328.1563
6.5	2.94E-11	328.2186	0.1000002	6.83671E-05	328.2186
6.4	2.43E-11	328.243199	0.1000002	6.74879E-05	328.243199
6.3	2.31E-11	328.267763	0.0999999	6.6611E-05	328.267763
6.2	2.23E-11	328.292301	0.1	6.57351E-05	328.292301
6.1	2.17E-11	328.316864	0.0999997	6.48593E-05	328.316864
6	2.11E-11	328.341496	0.0999998	6.39845E-05	328.341496
5.9	2.04E-11	328.366007	0.0999998	6.31113E-05	328.366007
5.8	2.05E-11	328.390531	0.0999999	6.22389E-05	328.390531
5.7	1.95E-11	328.41507	0.0999999	6.13669E-05	328.41507
5.6	1.94E-11	328.43957	0.1000001	6.04959E-05	328.43957
5.5	1.91E-11	328.464165	0.1	5.96266E-05	328.464165
5.4	1.85E-11	328.488719	0.1000001	5.87575E-05	328.488719
5.3	1.83E-11	328.513217	0.0999999	5.78886E-05	328.513217
5.2	1.75E-11	328.537726	0.0999997	5.70209E-05	328.537726
5.1	1.71E-11	328.562245	0.0999999	5.61543E-05	328.562245
5	1.75E-11	328.586959	0.1000001	5.5288E-05	328.586959
4.9	1.61E-11	328.611487	0.1000001	5.44231E-05	328.611487
4.8	1.61E-11	328.636027	0.0999999	5.35589E-05	328.636027
4.7	1.51E-11	328.660648	0.0999998	5.26956E-05	328.660648
4.6	2.16E-11	328.722294	0.1	5.18387E-05	328.722294
4.5	1.64E-11	328.746841	0.0999999	5.09759E-05	328.746841
4.4	1.54E-11	328.771369	0.1	5.01145E-05	328.771369
4.3	1.43E-11	328.795907	0.0999999	4.92548E-05	328.795907
4.2	1.35E-11	328.820468	0.1000002	4.83953E-05	328.820468
4.1	1.3E-11	328.845077	0.0999999	4.75359E-05	328.845077
4	1.26E-11	328.86959	0.0999997	4.66783E-05	328.86959
3.9	1.2E-11	328.89414	0.0999998	4.58221E-05	328.89414
3.8	1.18E-11	328.91868	0.1	4.49658E-05	328.91868
3.7	1.07E-11	328.943225	0.1000001	4.41104E-05	328.943225
3.6	1.04E-11	328.967746	0.1	4.3256E-05	328.967746
3.5	9.5E-12	328.992346	0.1	4.24026E-05	328.992346
3.4	8.8E-12	329.016857	0.1	4.15499E-05	329.016857
3.3	8.1E-12	329.041391	0.0999999	4.06975E-05	329.041391
3.2	7.1E-12	329.065937	0.0999998	3.98461E-05	329.065937
3.1	6.6E-12	329.090442	0.0999999	3.89962E-05	329.090442
3	6.2E-12	329.114964	0.0999999	3.81459E-05	329.114964
2.9	5.2E-12	329.139476	0.1	3.7297E-05	329.139476
2.8	4.9E-12	329.164082	0.1000001	3.64487E-05	329.164082
2.7	1.07E-11	329.223603	0.0999999	3.5607E-05	329.223603
2.6	5.5E-12	329.248166	0.0999999	3.47607E-05	329.248166
2.5	3.9E-12	329.272801	0.1000002	3.39148E-05	329.272801
2.4	2.5E-12	329.297332	0.1000001	3.30707E-05	329.297332
2.3	1.6E-12	329.322045	0.0999999	3.22273E-05	329.322045
2.2	4E-13	329.346674	0.1	3.13856E-05	329.346674
2.099999	3.2E-12	329.373116	0.1000001	3.05481E-05	329.373116
2	-1.8E-12	329.397626	0.1	2.97081E-05	329.397626
1.9	-2.4E-12	329.422155	0.0999999	2.88696E-05	329.422155
1.8	-3.8E-12	329.446647	0.1000001	2.80324E-05	329.446647
1.7	-4.6E-12	329.47127	0.0999999	2.71966E-05	329.47127
1.6	-6E-12	329.495781	0.0999999	2.63623E-05	329.495781
1.5	-7.3E-12	329.520302	0.0999999	2.55288E-05	329.520302
1.4	-8.6E-12	329.54481	0.0999999	2.46983E-05	329.54481
1.3	-1.01E-11	329.569333	0.1	2.38691E-05	329.569333
1.2	-1.14E-11	329.593847	0.1	2.30422E-05	329.593847
1.1	-1.32E-11	329.618368	0.0999999	2.22181E-05	329.618368
1	-1.5E-11	329.642869	0.1	2.1396E-05	329.642869
0.9	-1.62E-11	329.667518	0.0999999	2.05773E-05	329.667518
0.8	-1.14E-11	329.725557	0.1000001	1.97681E-05	329.725557
0.7	-1.83E-11	329.7501	0.1	1.89564E-05	329.7501
0.6	-2.05E-11	329.774706	0.1000001	1.81502E-05	329.774706
0.5	-2.31E-11	329.799248	0.0999999	1.73489E-05	329.799248
0.4	-2.51E-11	329.823832	0.0999999	1.6553E-05	329.823832
0.3	-2.8E-11	329.848426	0.1	1.57639E-05	329.848426
0.1999999	-2.68E-11	329.87488	0.1000001	1.49815E-05	329.87488
0.0999996	-3.22E-11	329.899376	0.0999999	1.42037E-05	329.899376
-3E-07	-3.45E-11	329.923893	0.0999998	1.34313E-05	329.923893
