#scan	iMeasureCycle=1	iMux=0	time=0.02	N=401	LocalTime=19/04/2023 23:55:40
#VGate(V)	IGate(A)	time(s)	VDrain(V)	IDrain(A)	time(s)
-1E-07	-1.556E-10	0.022945	0.0999999	1.27682E-05	0.022945
-0.1000005	-2.142E-10	0.047821	0.0999998	1.19913E-05	0.047821
-0.2000004	-2.629E-10	0.072331	0.0999998	1.12214E-05	0.072331
-0.300001	-2.02E-10	0.097038	0.1	1.04594E-05	0.097038
-0.400001	-1.138E-10	0.121556	0.0999999	9.7048E-06	0.121556
-0.5	-8.12E-11	0.148651	0.1	8.96477E-06	0.148651
-0.6	-7.34E-11	0.173163	0.1000001	8.2301E-06	0.173163
-0.7	-6.6E-11	0.197745	0.0999998	7.50818E-06	0.197745
-0.8	-6.18E-11	0.222248	0.0999999	6.80013E-06	0.222248
-0.9	-5.88E-11	0.246794	0.1000002	6.10879E-06	0.246794
-1	-5.7E-11	0.271306	0.1	5.43753E-06	0.271306
-1.1	-5.52E-11	0.295852	0.1000002	4.78965E-06	0.295852
-1.2	-5.49E-11	0.320363	0.0999999	4.16818E-06	0.320363
-1.3	-5.49E-11	0.34488	0.1	3.57811E-06	0.34488
-1.4	-5.38E-11	0.369442	0.1	3.02304E-06	0.369442
-1.5	-5.34E-11	0.394012	0.1	2.50853E-06	0.394012
-1.6	-5.35E-11	0.418543	0.1	2.03743E-06	0.418543
-1.7	-5.32E-11	0.443035	0.1	1.61507E-06	0.443035
-1.8	-5.34E-11	0.467554	0.0999999	1.24358E-06	0.467554
-1.9	-5.38E-11	0.492066	0.1	9.2503E-07	0.492066
-2	-5.04E-11	0.519474	0.0999997	6.61154E-07	0.519474
-2.1	-5.38E-11	0.544057	0.0999996	4.48089E-07	0.544057
-2.2	-4.74E-11	0.589524	0.0999997	2.87393E-07	0.589524
-2.3	-5.25E-11	0.614081	0.0999997	1.69284E-07	0.614081
-2.4	-5.3E-11	0.638587	0.0999999	9.147E-08	0.638587
-2.5	-4.82E-11	0.676292	0.0999967	4.50913E-08	0.676292
-2.6	-6.59E-11	0.6996	0.1000037	1.91415E-08	0.6996
-2.7	-6.7E-11	0.722897	0.1000012	7.0621E-09	0.722897
-2.8	-6.92E-11	0.746096	0.1000009	2.2111E-09	0.746096
-2.9	-6.99E-11	0.769299	0.1000004	5.714E-10	0.769299
-3	-6.86E-11	0.792667	0.1000002	1.166E-10	0.792667
-3.1	-7.06E-11	0.815882	0.1000001	1.42E-11	0.815882
-3.2	-7.16E-11	0.839096	0.1000001	-4.1E-12	0.839096
-3.3	-7.2E-11	0.862304	0.1000001	-6.4E-12	0.862304
-3.4	-7.04E-11	0.885606	0.1000001	-7.2E-12	0.885606
-3.5	-7.26E-11	0.908917	0.1000002	-6.9E-12	0.908917
-3.6	-7.19E-11	0.932128	0.1000001	-7.1E-12	0.932128
-3.7	-7.28E-11	0.955344	0.1000001	-7.3E-12	0.955344
-3.8	-7.19E-11	0.978623	0.1000001	-7.1E-12	0.978623
-3.9	-7.33E-11	1.001847	0.1000003	-6.9E-12	1.001847
-4	-7.34E-11	1.02508	0.1000001	-7.5E-12	1.02508
-4.1	-5.25E-11	1.072589	0.0999999	-8.8E-12	1.072589
-4.2	-7.07E-11	1.096032	0.1000001	-6.9E-12	1.096032
-4.3	-7.1E-11	1.119346	0.1000002	-7.2E-12	1.119346
-4.4	-7.44E-11	1.142553	0.1000003	-7E-12	1.142553
-4.5	-7.22E-11	1.165855	0.1000002	-7.3E-12	1.165855
-4.6	-7.33E-11	1.189202	0.1	-7.1E-12	1.189202
-4.7	-7.42E-11	1.212452	0.1000002	-6.9E-12	1.212452
-4.8	-7.57E-11	1.235667	0.1	-7E-12	1.235667
-4.9	-7.38E-11	1.259029	0.1	-6.8E-12	1.259029
-5	-7.44E-11	1.28231	0.1000002	-6.6E-12	1.28231
-5.1	-7.61E-11	1.305532	0.1000002	-6.9E-12	1.305532
-5.2	-7.65E-11	1.328755	0.1000002	-6.4E-12	1.328755
-5.3	-7.48E-11	1.352039	0.1	-6.2E-12	1.352039
-5.4	-6.99E-11	1.375613	0.1	-7.1E-12	1.375613
-5.5	-7.51E-11	1.399002	0.1000002	-6.8E-12	1.399002
-5.6	-7.56E-11	1.422314	0.1	-6.6E-12	1.422314
-5.7	-7.55E-11	1.445599	0.1000002	-6.8E-12	1.445599
-5.8	-7.62E-11	1.468881	0.1000001	-7.1E-12	1.468881
-5.9	-7.64E-11	1.492158	0.1000003	-6.7E-12	1.492158
-6	-7.85E-11	1.515469	0.1	-6.3E-12	1.515469
-6.1	-7.87E-11	1.538697	0.1	-6.1E-12	1.538697
-6.2	-5.83E-11	1.588377	0.1000001	-7.6E-12	1.588377
-6.3	-7.76E-11	1.61164	0.1000001	-6.5E-12	1.61164
-6.4	-7.89E-11	1.634873	0.1000001	-6.3E-12	1.634873
-6.5	-7.88E-11	1.658089	0.1000001	-6.4E-12	1.658089
-6.6	-7.86E-11	1.681382	0.1000003	-6.5E-12	1.681382
-6.7	-7.92E-11	1.704606	0.1000001	-7.2E-12	1.704606
-6.8	-7.93E-11	1.727912	0.1000003	-6.3E-12	1.727912
-6.9	-7.84E-11	1.751212	0.1000001	-6.5E-12	1.751212
-7	-7.83E-11	1.774497	0.1000001	-6.6E-12	1.774497
-7.1	-7.96E-11	1.797727	0.1	-6.5E-12	1.797727
-7.2	-8.04E-11	1.82095	0.1000003	-6.3E-12	1.82095
-7.3	-8.08E-11	1.844161	0.1	-6E-12	1.844161
-7.4	-7.92E-11	1.867458	0.1000002	-6.3E-12	1.867458
-7.5	-8.07E-11	1.890705	0.1000001	-6.5E-12	1.890705
-7.6	-8.17E-11	1.914005	0.1000001	-6.2E-12	1.914005
-7.7	-7.94E-11	1.937299	0.1000001	-6.4E-12	1.937299
-7.8	-7.93E-11	1.960578	0.1000001	-6.6E-12	1.960578
-7.9	-8.14E-11	1.98379	0.1000001	-6.1E-12	1.98379
-8	-8.16E-11	2.007091	0.1000002	-6.3E-12	2.007091
-8.1	-8.02E-11	2.030385	0.1000002	-6.1E-12	2.030385
-8.2	-6.1E-11	2.085397	0.1	-8.1E-12	2.085397
-8.3	-7.9E-11	2.108715	0.1000001	-6.2E-12	2.108715
-8.4	-8.12E-11	2.131942	0.1	-6.2E-12	2.131942
-8.5	-8.18E-11	2.155241	0.1000001	-6.3E-12	2.155241
-8.6	-8.15E-11	2.178508	0.1000001	-5.8E-12	2.178508
-8.7	-8.03E-11	2.201805	0.1	-5.8E-12	2.201805
-8.8	-8.24E-11	2.225028	0.1000001	-5.9E-12	2.225028
-8.9	-8.28E-11	2.248329	0.1	-5.9E-12	2.248329
-9	-8.14E-11	2.27162	0.1000001	-5.8E-12	2.27162
-9.1	-8.08E-11	2.294915	0.1000001	-6.4E-12	2.294915
-9.2	-8.34E-11	2.31813	0.1000003	-6E-12	2.31813
-9.3	-8.36E-11	2.341347	0.1	-5.9E-12	2.341347
-9.4	-8.15E-11	2.364637	0.1	-6E-12	2.364637
-9.5	-8.15E-11	2.387954	0.1000001	-6.2E-12	2.387954
-9.6	-8.33E-11	2.411181	0.1000001	-6.3E-12	2.411181
-9.7	-8.22E-11	2.434479	0.1000002	-6.2E-12	2.434479
-9.8	-8.27E-11	2.457766	0.1000001	-6.1E-12	2.457766
-9.9	-8.43E-11	2.48097	0.1000002	-5.9E-12	2.48097
-10	-8.39E-11	2.504203	0.1000001	-6.2E-12	2.504203
-9.90001	-4.45E-11	2.527616	0.0999997	-9.1E-12	2.527616
-9.80001	-4.03E-11	2.550898	0.0999997	-9E-12	2.550898
-9.70001	-5.52E-11	2.59121	0.0999999	-8.1E-12	2.59121
-9.60001	-3.43E-11	2.614479	0.0999997	-9.7E-12	2.614479
-9.50001	-3.25E-11	2.637696	0.0999997	-9.7E-12	2.637696
-9.40001	-3.35E-11	2.660997	0.0999998	-9.6E-12	2.660997
-9.30001	-2.97E-11	2.684263	0.0999998	-9.6E-12	2.684263
-9.20001	-2.86E-11	2.707485	0.0999998	-9.3E-12	2.707485
-9.10001	-2.81E-11	2.73072	0.0999997	-9.7E-12	2.73072
-9.00001	-2.86E-11	2.754017	0.0999998	-9.9E-12	2.754017
-8.90001	-2.89E-11	2.777306	0.0999996	-9.8E-12	2.777306
-8.80001	-2.6E-11	2.800517	0.0999997	-9.5E-12	2.800517
-8.70001	-2.54E-11	2.823731	0.0999997	-9.7E-12	2.823731
-8.60001	-2.64E-11	2.847025	0.0999998	-9.6E-12	2.847025
-8.50001	-2.59E-11	2.870309	0.0999998	-9.7E-12	2.870309
-8.40001	-2.38E-11	2.89355	0.0999996	-9.8E-12	2.89355
-8.30001	-2.47E-11	2.916844	0.0999997	-9.9E-12	2.916844
-8.20001	-2.42E-11	2.940213	0.0999997	-1E-11	2.940213
-8.10001	-2.22E-11	2.96343	0.0999997	-1E-11	2.96343
-8.00001	-2.19E-11	2.986639	0.0999998	-1E-11	2.986639
-7.90001	-2.33E-11	3.010021	0.0999998	-9.7E-12	3.010021
-7.80001	-2.31E-11	3.033328	0.0999997	-1E-11	3.033328
-7.70001	-4.11E-11	3.088367	0.1000001	-8.4E-12	3.088367
-7.6	-2.2E-11	3.111608	0.0999997	-1.02E-11	3.111608
-7.50001	-2.1E-11	3.134842	0.0999996	-1.01E-11	3.134842
-7.40001	-2.18E-11	3.158135	0.0999998	-9.8E-12	3.158135
-7.30001	-2.1E-11	3.181465	0.0999998	-9.9E-12	3.181465
-7.2	-1.91E-11	3.204698	0.0999997	-9.6E-12	3.204698
-7.10001	-1.86E-11	3.227918	0.0999997	-9.9E-12	3.227918
-7.00001	-1.96E-11	3.251212	0.0999996	-1.01E-11	3.251212
-6.90001	-1.89E-11	3.274581	0.0999995	-1E-11	3.274581
-6.80001	-1.66E-11	3.297814	0.0999997	-1.01E-11	3.297814
-6.70001	-1.76E-11	3.321116	0.0999997	-1.01E-11	3.321116
-6.60001	-1.76E-11	3.344409	0.0999997	-1E-11	3.344409
-6.50001	-1.6E-11	3.367615	0.0999997	-9.9E-12	3.367615
-6.40001	-1.57E-11	3.390849	0.0999997	-1.04E-11	3.390849
-6.30001	-1.63E-11	3.414104	0.1	-1.02E-11	3.414104
-6.20001	-1.65E-11	3.437402	0.0999997	-1.04E-11	3.437402
-6.10001	-1.62E-11	3.460687	0.0999998	-1.03E-11	3.460687
-6.00001	-1.42E-11	3.483898	0.0999997	-1.09E-11	3.483898
-5.90001	-1.37E-11	3.507113	0.0999998	-1.04E-11	3.507113
-5.80001	-1.51E-11	3.530484	0.1	-1.03E-11	3.530484
-5.70001	-1.33E-11	3.553719	0.0999998	-1.03E-11	3.553719
-5.60001	-3.34E-11	3.59417	0.0999999	-8.9E-12	3.59417
-5.50001	-1.32E-11	3.617436	0.0999997	-1.03E-11	3.617436
-5.40001	-1.44E-11	3.640746	0.0999998	-1.05E-11	3.640746
-5.30001	-1.21E-11	3.66396	0.0999996	-1.07E-11	3.66396
-5.20001	-1.1E-11	3.687226	0.0999998	-1.06E-11	3.687226
-5.1	-1.15E-11	3.710456	0.0999998	-1.08E-11	3.710456
-5.00001	-1.21E-11	3.733751	0.0999999	-1.06E-11	3.733751
-4.90001	-9.9E-12	3.756968	0.0999996	-1.08E-11	3.756968
-4.80001	-9.7E-12	3.780212	0.0999997	-1.09E-11	3.780212
-4.7	-9E-12	3.803432	0.0999995	-1.09E-11	3.803432
-4.60001	-9.9E-12	3.826714	0.0999997	-1.09E-11	3.826714
-4.50001	-9.6E-12	3.850015	0.0999998	-1.07E-11	3.850015
-4.40001	-7.3E-12	3.873213	0.0999997	-1.12E-11	3.873213
-4.3	-7.1E-12	3.896446	0.0999996	-1.14E-11	3.896446
-4.20001	-8.3E-12	3.919736	0.0999996	-1.15E-11	3.919736
-4.10001	-6.4E-12	3.943039	0.0999998	-1.12E-11	3.943039
-4.00001	-5.6E-12	3.966262	0.0999996	-1.1E-11	3.966262
-3.90001	-5.3E-12	3.989477	0.0999994	-1.13E-11	3.989477
-3.80001	-7.5E-12	4.012906	0.0999997	-1.09E-11	4.012906
-3.70001	-4.4E-12	4.036137	0.0999995	-1.13E-11	4.036137
-3.60001	-2.51E-11	4.095489	0.1000001	-9.9E-12	4.095489
-3.50001	-7.9E-12	4.118843	0.0999998	-1.09E-11	4.118843
-3.40001	-6.3E-12	4.142244	0.0999998	-1.09E-11	4.142244
-3.30001	-3.3E-12	4.165452	0.0999999	-1.02E-11	4.165452
-3.20001	-2.6E-12	4.188719	0.0999995	-1.9E-12	4.188719
-3.10001	-3.9E-12	4.212013	0.0999998	4.71E-11	4.212013
-3.00001	-3.3E-12	4.235296	0.0999999	2.736E-10	4.235296
-2.90001	-4E-13	4.258512	0.1	1.1418E-09	4.258512
-2.80001	0	4.281806	0.1000006	3.8864E-09	4.281806
-2.70001	-9E-13	4.305112	0.1000018	1.11015E-08	4.305112
-2.60001	1.2E-12	4.328321	0.1000023	2.74478E-08	4.328321
-2.50001	2.2E-12	4.351539	0.1000015	5.97329E-08	4.351539
-2.40001	-1.82E-11	4.391005	0.1000001	1.13833E-07	4.391005
-2.30001	-1.3E-11	4.415536	0.1000004	2.03762E-07	4.415536
-2.20001	-1.18E-11	4.44008	0.1000005	3.33419E-07	4.44008
-2.1	-1.38E-11	4.466492	0.1000005	5.09108E-07	4.466492
-2.000001	-1.01E-11	4.491032	0.1000008	7.35152E-07	4.491032
-1.9	-9.1E-12	4.515645	0.1000007	1.013091E-06	4.515645
-1.800001	-1.32E-11	4.550272	0.1000001	1.3383E-06	4.550272
-1.700001	-1.44E-11	4.601141	0.0999999	1.71558E-06	4.601141
-1.600001	-8E-12	4.625676	0.1000001	2.15108E-06	4.625676
-1.5	-6.5E-12	4.650207	0.1	2.63106E-06	4.650207
-1.400001	-5.7E-12	4.674738	0.0999999	3.15314E-06	4.674738
-1.3	-4E-12	4.699316	0.1000002	3.71276E-06	4.699316
-1.2	-2.8E-12	4.723846	0.1000001	4.30647E-06	4.723846
-1.100001	-1.2E-12	4.748358	0.1000003	4.92895E-06	4.748358
-1	-4E-13	4.772892	0.1	5.57776E-06	4.772892
-0.9	6E-13	4.797416	0.1000002	6.24819E-06	4.797416
-0.800001	2.3E-12	4.821934	0.1000002	6.93802E-06	4.821934
-0.700001	3.4E-12	4.84644	0.1000001	7.64397E-06	4.84644
-0.6	4.7E-12	4.870952	0.1000001	8.36394E-06	4.870952
-0.500001	6.4E-12	4.895484	0.1000001	9.09584E-06	4.895484
-0.400001	7.9E-12	4.920006	0.0999999	9.83781E-06	4.920006
-0.300001	4.5E-12	4.954756	0.1	1.05801E-05	4.954756
-0.2	6.2E-12	4.981187	0.1	1.13398E-05	4.981187
-0.0999998	1.19E-11	5.005729	0.0999999	1.21057E-05	5.005729
2E-07	1.43E-11	5.030319	0.1000001	1.28773E-05	5.030319
0.1000003	1.58E-11	5.054803	0.0999999	1.36545E-05	5.054803
0.1999999	1.17E-11	5.102692	0.1	1.44306E-05	5.102692
0.299999	1.83E-11	5.12741	0.1000001	1.52209E-05	5.12741
0.4	2.04E-11	5.151873	0.1000003	1.60154E-05	5.151873
0.5	2.28E-11	5.176389	0.0999999	1.6815E-05	5.176389
0.599999	2.46E-11	5.200939	0.0999999	1.76194E-05	5.200939
0.7	2.67E-11	5.225503	0.1000001	1.84268E-05	5.225503
0.799999	2.91E-11	5.25004	0.1000001	1.92389E-05	5.25004
0.899999	3.1E-11	5.274661	0.1	2.00535E-05	5.274661
0.999999	3.25E-11	5.299166	0.1	2.08713E-05	5.299166
1.1	3.4E-11	5.323753	0.1000002	2.16907E-05	5.323753
1.2	3.6E-11	5.348265	0.1000001	2.25118E-05	5.348265
1.3	3.74E-11	5.372777	0.1	2.33347E-05	5.372777
1.399999	3.88E-11	5.397307	0.0999999	2.41587E-05	5.397307
1.5	3.98E-11	5.421853	0.0999998	2.49838E-05	5.421853
1.599999	4.08E-11	5.446394	0.1000001	2.58107E-05	5.446394
1.699999	4.22E-11	5.470903	0.1000002	2.66372E-05	5.470903
1.8	4.31E-11	5.495402	0.1	2.74652E-05	5.495402
1.9	4.4E-11	5.520007	0.1000001	2.82942E-05	5.520007
2	4.49E-11	5.544637	0.1000001	2.91234E-05	5.544637
2.099999	3.8E-11	5.604333	0.1	2.99408E-05	5.604333
2.19999	4.31E-11	5.629062	0.1000003	3.07715E-05	5.629062
2.29999	4.45E-11	5.653577	0.1000001	3.16059E-05	5.653577
2.39999	4.52E-11	5.678103	0.1000001	3.24387E-05	5.678103
2.49999	4.59E-11	5.702671	0.1000001	3.32726E-05	5.702671
2.59999	4.64E-11	5.727189	0.1000003	3.41062E-05	5.727189
2.69999	4.7E-11	5.751687	0.1	3.49408E-05	5.751687
2.79999	4.76E-11	5.776193	0.1000001	3.5776E-05	5.776193
2.89999	4.81E-11	5.800696	0.1000002	3.66106E-05	5.800696
2.99999	4.8E-11	5.825237	0.1000003	3.7447E-05	5.825237
3.09999	4.91E-11	5.849754	0.1000002	3.82842E-05	5.849754
3.19999	4.9E-11	5.874285	0.1000002	3.91212E-05	5.874285
3.29999	4.97E-11	5.898798	0.1	3.99589E-05	5.898798
3.39999	5E-11	5.923299	0.1000002	4.0798E-05	5.923299
3.49999	5E-11	5.947921	0.1000001	4.16369E-05	5.947921
3.59999	5.01E-11	5.972434	0.1	4.24769E-05	5.972434
3.69999	5.04E-11	5.996957	0.1000002	4.33169E-05	5.996957
3.79999	5.12E-11	6.021516	0.1	4.41592E-05	6.021516
3.89999	5.11E-11	6.046112	0.1000001	4.50013E-05	6.046112
3.99999	4.53E-11	6.098778	0.1000002	4.5835E-05	6.098778
4.09999	4.98E-11	6.123322	0.1000002	4.66813E-05	6.123322
4.19999	5.04E-11	6.14784	0.1000003	4.75263E-05	6.14784
4.29999	5.13E-11	6.172371	0.1	4.83729E-05	6.172371
4.39999	5.14E-11	6.196964	0.1000002	4.92193E-05	6.196964
4.49999	5.17E-11	6.221546	0.1000003	5.00657E-05	6.221546
4.59999	5.23E-11	6.24605	0.1	5.09137E-05	6.24605
4.69999	5.23E-11	6.270577	0.1000001	5.17628E-05	6.270577
4.79999	5.26E-11	6.295202	0.1000002	5.26117E-05	6.295202
4.89999	5.32E-11	6.319703	0.1	5.34614E-05	6.319703
4.99999	5.35E-11	6.344236	0.1000001	5.4312E-05	6.344236
5.09999	5.36E-11	6.368743	0.1000003	5.5164E-05	6.368743
5.19999	5.37E-11	6.393528	0.1	5.60164E-05	6.393528
5.29999	5.41E-11	6.418036	0.0999999	5.68689E-05	6.418036
5.39999	5.4E-11	6.442594	0.0999999	5.77235E-05	6.442594
5.49999	5.47E-11	6.467112	0.1	5.85794E-05	6.467112
5.59999	5.49E-11	6.491652	0.1	5.94349E-05	6.491652
5.69999	5.5E-11	6.516168	0.1	6.02916E-05	6.516168
5.79999	5.54E-11	6.540771	0.0999999	6.11495E-05	6.540771
5.89999	4.81E-11	6.602687	0.1000001	6.19958E-05	6.602687
5.99999	5.33E-11	6.627275	0.1000002	6.28596E-05	6.627275
6.09999	5.36E-11	6.651823	0.1000001	6.37224E-05	6.651823
6.19999	5.44E-11	6.676378	0.1	6.45852E-05	6.676378
6.29999	5.47E-11	6.700954	0.1	6.54489E-05	6.700954
6.39999	5.48E-11	6.725466	0.0999999	6.63125E-05	6.725466
6.49999	5.49E-11	6.750011	0.1000003	6.71758E-05	6.750011
6.59999	5.54E-11	6.774544	0.1	6.80421E-05	6.774544
6.69999	5.59E-11	6.799064	0.1000002	6.89087E-05	6.799064
6.79999	5.67E-11	6.8236	0.0999999	6.97748E-05	6.8236
6.89999	5.6E-11	6.848115	0.1	7.06437E-05	6.848115
6.99999	5.64E-11	6.872762	0.1000001	7.15121E-05	6.872762
7.09999	5.66E-11	6.897293	0.1	7.23822E-05	6.897293
7.19999	5.67E-11	6.921821	0.1	7.32529E-05	6.921821
7.29999	5.7E-11	6.946421	0.1	7.41234E-05	6.946421
7.39999	5.76E-11	6.970953	0.1000001	7.49959E-05	6.970953
7.49999	5.81E-11	6.995465	0.1000001	7.58704E-05	6.995465
7.59999	5.77E-11	7.020012	0.1000003	7.67448E-05	7.020012
7.69999	5.78E-11	7.044524	0.1000003	7.76197E-05	7.044524
7.79999	5.14E-11	7.106646	0.0999999	7.84867E-05	7.106646
7.89999	5.6E-11	7.131208	0.1	7.93682E-05	7.131208
7.99999	5.65E-11	7.155715	0.0999999	8.02472E-05	7.155715
8.09999	5.71E-11	7.180243	0.1000001	8.11267E-05	7.180243
8.19999	5.82E-11	7.204803	0.1000002	8.20084E-05	7.204803
8.29999	5.76E-11	7.229349	0.1000002	8.289E-05	7.229349
8.39999	5.8E-11	7.253858	0.1000002	8.37728E-05	7.253858
8.49999	5.88E-11	7.278439	0.0999999	8.46558E-05	7.278439
8.59999	5.88E-11	7.302966	0.0999999	8.55411E-05	7.302966
8.69999	5.9E-11	7.327484	0.1000001	8.64275E-05	7.327484
8.79999	5.83E-11	7.351982	0.0999999	8.73141E-05	7.351982
8.89999	5.9E-11	7.376495	0.1	8.82015E-05	7.376495
8.99999	5.88E-11	7.401011	0.0999998	8.90903E-05	7.401011
9.09999	5.88E-11	7.425528	0.1000001	8.99797E-05	7.425528
9.19999	5.97E-11	7.450049	0.1000001	9.08702E-05	7.450049
9.29999	5.93E-11	7.474579	0.1	9.17568E-05	7.474579
9.39999	6.01E-11	7.499124	0.1000001	9.26523E-05	7.499124
9.49999	5.96E-11	7.523686	0.0999999	9.35486E-05	7.523686
9.59999	5.98E-11	7.548237	0.1	9.44432E-05	7.548237
9.69999	5.35E-11	7.607709	0.1	9.53335E-05	7.607709
9.79999	5.79E-11	7.632311	0.1000001	9.62338E-05	7.632311
9.89999	5.84E-11	7.656829	0.1000002	9.71322E-05	7.656829
9.99999	5.89E-11	7.681456	0.1000002	9.80323E-05	7.681456
9.9	4.63E-11	7.706063	0.1000001	9.71186E-05	7.706063
9.8	4.32E-11	7.730589	0.1	9.62103E-05	7.730589
9.7	4.07E-11	7.755093	0.0999999	9.53047E-05	7.755093
9.6	3.82E-11	7.77963	0.1000001	9.44024E-05	7.77963
9.5	3.74E-11	7.804151	0.1	9.34993E-05	7.804151
9.4	3.59E-11	7.828681	0.0999999	9.25988E-05	7.828681
9.3	3.44E-11	7.853223	0.1000001	9.17006E-05	7.853223
9.2	3.44E-11	7.87774	0.1	9.0802E-05	7.87774
9.1	3.32E-11	7.902282	0.0999999	8.99049E-05	7.902282
9	3.32E-11	7.926845	0.1	8.90083E-05	7.926845
8.9	3.15E-11	7.951444	0.0999998	8.81191E-05	7.951444
8.8	3.19E-11	7.976006	0.0999999	8.72239E-05	7.976006
8.7	3.09E-11	8.000518	0.0999998	8.63277E-05	8.000518
8.6	3.01E-11	8.025067	0.0999999	8.54345E-05	8.025067
8.5	2.93E-11	8.049584	0.0999998	8.45419E-05	8.049584
8.4	3.57E-11	8.10943	0.0999999	8.36545E-05	8.10943
8.3	3.02E-11	8.133961	0.0999999	8.27624E-05	8.133961
8.2	2.9E-11	8.158471	0.0999999	8.18732E-05	8.158471
8.1	2.89E-11	8.183093	0.1	8.09851E-05	8.183093
8	2.78E-11	8.207646	0.0999998	8.00989E-05	8.207646
7.9	2.75E-11	8.232187	0.1000002	7.92135E-05	8.232187
7.8	2.71E-11	8.256706	0.1000001	7.83275E-05	8.256706
7.7	2.68E-11	8.281304	0.1	7.74432E-05	8.281304
7.6	2.62E-11	8.305824	0.0999998	7.65611E-05	8.305824
7.5	2.56E-11	8.330339	0.0999998	7.56797E-05	8.330339
7.4	2.49E-11	8.354858	0.0999998	7.47987E-05	8.354858
7.3	2.46E-11	8.37938	0.0999998	7.39182E-05	8.37938
7.2	2.44E-11	8.404046	0.0999997	7.30398E-05	8.404046
7.1	2.35E-11	8.428566	0.1	7.21621E-05	8.428566
7	2.36E-11	8.453104	0.0999999	7.12843E-05	8.453104
6.9	2.28E-11	8.477621	0.0999996	7.04071E-05	8.477621
6.8	2.3E-11	8.502146	0.0999998	6.9533E-05	8.502146
6.7	2.25E-11	8.526638	0.1	6.8658E-05	8.526638
6.6	2.21E-11	8.551164	0.1	6.77831E-05	8.551164
6.5	2.84E-11	8.610998	0.1	6.69165E-05	8.610998
6.4	2.37E-11	8.635607	0.0999998	6.60437E-05	8.635607
6.3	2.31E-11	8.660156	0.1	6.51725E-05	8.660156
6.2	2.2E-11	8.684694	0.1	6.43016E-05	8.684694
6.1	2.17E-11	8.709267	0.0999999	6.34317E-05	8.709267
6	2.05E-11	8.733812	0.1000001	6.25624E-05	8.733812
5.9	2.02E-11	8.758321	0.1000001	6.16944E-05	8.758321
5.8	2.04E-11	8.782887	0.0999999	6.08265E-05	8.782887
5.7	1.92E-11	8.807397	0.1000001	5.99608E-05	8.807397
5.6	1.9E-11	8.831913	0.0999999	5.90943E-05	8.831913
5.5	1.88E-11	8.856424	0.1	5.82309E-05	8.856424
5.4	1.82E-11	8.881017	0.1	5.73665E-05	8.881017
5.3	1.8E-11	8.905605	0.1000001	5.65042E-05	8.905605
5.2	1.74E-11	8.930149	0.1	5.56419E-05	8.930149
5.1	1.71E-11	8.954776	0.0999998	5.47812E-05	8.954776
5	1.61E-11	8.97924	0.0999999	5.3921E-05	8.97924
4.9	1.62E-11	9.003769	0.1000002	5.30614E-05	9.003769
4.8	1.58E-11	9.028336	0.1000001	5.22024E-05	9.028336
4.7	1.53E-11	9.052901	0.0999999	5.13447E-05	9.052901
4.6	2.11E-11	9.112466	0.0999999	5.04934E-05	9.112466
4.5	1.59E-11	9.137042	0.1	4.96367E-05	9.137042
4.4	1.52E-11	9.161549	0.0999999	4.87812E-05	9.161549
4.3	1.41E-11	9.186085	0.1	4.79265E-05	9.186085
4.2	1.34E-11	9.210651	0.0999999	4.70729E-05	9.210651
4.1	1.33E-11	9.235235	0.1000001	4.6219E-05	9.235235
4	1.22E-11	9.259734	0.1000001	4.53673E-05	9.259734
3.9	1.2E-11	9.284391	0.0999998	4.45152E-05	9.284391
3.8	1.13E-11	9.308976	0.1	4.36651E-05	9.308976
3.7	1.02E-11	9.33349	0.1	4.28155E-05	9.33349
3.6	9.4E-12	9.358014	0.1	4.19661E-05	9.358014
3.5	9.7E-12	9.382524	0.0999997	4.1118E-05	9.382524
3.4	8.7E-12	9.40708	0.0999997	4.02717E-05	9.40708
3.3	8.1E-12	9.431589	0.0999998	3.94253E-05	9.431589
3.2	7.1E-12	9.456114	0.0999999	3.85792E-05	9.456114
3.1	6.5E-12	9.480613	0.0999998	3.77342E-05	9.480613
3	6.1E-12	9.505182	0.1	3.68906E-05	9.505182
2.9	5.3E-12	9.529748	0.1	3.60482E-05	9.529748
2.8	4.9E-12	9.554286	0.1	3.52054E-05	9.554286
2.7	1.06E-11	9.614591	0.0999999	3.43696E-05	9.614591
2.6	5.4E-12	9.639222	0.0999999	3.35288E-05	9.639222
2.5	3.9E-12	9.663778	0.0999999	3.26893E-05	9.663778
2.4	2.5E-12	9.688335	0.1	3.18501E-05	9.688335
2.3	1.6E-12	9.712916	0.0999998	3.10126E-05	9.712916
2.2	7E-13	9.737439	0.1	3.01763E-05	9.737439
2.099999	3E-12	9.763838	0.1	2.93451E-05	9.763838
2	-1.5E-12	9.788376	0.0999999	2.85106E-05	9.788376
1.9	-3.2E-12	9.81289	0.0999999	2.76777E-05	9.81289
1.8	-3.8E-12	9.837445	0.0999998	2.68463E-05	9.837445
1.7	-5.2E-12	9.86199	0.1	2.60163E-05	9.86199
1.6	-6.3E-12	9.886535	0.1000001	2.51874E-05	9.886535
1.5	-7.4E-12	9.911079	0.1000001	2.43609E-05	9.911079
1.4	-8.9E-12	9.935609	0.0999999	2.3536E-05	9.935609
1.3	-1.03E-11	9.960205	0.0999999	2.27128E-05	9.960205
1.2	-1.19E-11	9.984732	0.0999998	2.18922E-05	9.984732
1.1	-1.33E-11	10.009244	0.0999998	2.10739E-05	10.009244
1	-1.51E-11	10.033859	0.1	2.02586E-05	10.033859
0.9	-1.67E-11	10.058365	0.0999999	1.94472E-05	10.058365
0.8	-1.14E-11	10.115752	0.0999999	1.86442E-05	10.115752
0.7	-1.86E-11	10.140281	0.0999998	1.78395E-05	10.140281
0.6	-2.1E-11	10.164834	0.1000001	1.70405E-05	10.164834
0.5	-2.32E-11	10.189336	0.0999998	1.62469E-05	10.189336
0.4	-2.55E-11	10.213912	0.1	1.54599E-05	10.213912
0.3	-2.8E-11	10.238435	0.1	1.46791E-05	10.238435
0.1999998	-2.68E-11	10.264853	0.0999999	1.39051E-05	10.264853
0.0999996	-3.27E-11	10.289433	0.1	1.31361E-05	10.289433
-5E-07	-3.47E-11	10.313976	0.1	1.2373E-05	10.313976
#scan	iMeasureCycle=2	iMux=0	time=279.721	N=401	LocalTime=20/04/2023 00:00:20
#VGate(V)	IGate(A)	time(s)	VDrain(V)	IDrain(A)	time(s)
-3E-07	-1.33E-11	279.72857	0.1	1.25633E-05	279.72857
-0.1000003	-2.08E-11	279.753462	0.0999998	1.17925E-05	279.753462
-0.2000001	-2.21E-11	279.779065	0.1	1.103E-05	279.779065
-0.3	-2.82E-11	279.803787	0.1000001	1.02734E-05	279.803787
-0.4	-3.09E-11	279.828293	0.0999999	9.5258E-06	279.828293
-0.5	-3E-11	279.855448	0.0999998	8.79336E-06	279.855448
-0.6	-3.54E-11	279.879979	0.1000002	8.0665E-06	279.879979
-0.7	-3.76E-11	279.90447	0.0999999	7.35246E-06	279.90447
-0.8	-3.92E-11	279.929008	0.1000001	6.6538E-06	279.929008
-0.9	-4.09E-11	279.95355	0.0999999	5.97184E-06	279.95355
-1	-4.25E-11	279.978186	0.0999999	5.31026E-06	279.978186
-1.1	-4.41E-11	280.002749	0.1	4.67189E-06	280.002749
-1.2	-4.47E-11	280.027286	0.0999997	4.06099E-06	280.027286
-1.3	-4.54E-11	280.051839	0.1000001	3.48071E-06	280.051839
-1.4	-4.65E-11	280.076367	0.0999999	2.93632E-06	280.076367
-1.5	-4.73E-11	280.100892	0.1	2.43139E-06	280.100892
-1.6	-4.85E-11	280.125439	0.0999997	1.97098E-06	280.125439
-1.7	-4.84E-11	280.150135	0.0999999	1.55768E-06	280.150135
-1.8	-4.98E-11	280.174631	0.0999999	1.19507E-06	280.174631
-1.9	-4.65E-11	280.201953	0.0999996	8.86343E-07	280.201953
-2	-5.06E-11	280.22645	0.0999995	6.28446E-07	280.22645
-2.1	-5.13E-11	280.251136	0.0999996	4.23313E-07	280.251136
-2.2	-4.52E-11	280.295048	0.0999997	2.69069E-07	280.295048
-2.3	-5.11E-11	280.319554	0.0999998	1.56749E-07	280.319554
-2.4	-4.61E-11	280.357253	0.0999951	8.4465E-08	280.357253
-2.5	-6.43E-11	280.380997	0.1000072	4.01501E-08	280.380997
-2.6	-6.57E-11	280.40428	0.1000036	1.68569E-08	280.40428
-2.7	-6.8E-11	280.427485	0.1000022	6.0862E-09	280.427485
-2.8	-6.71E-11	280.450774	0.1000007	1.8455E-09	280.450774
-2.9	-6.91E-11	280.474068	0.1000004	4.599E-10	280.474068
-3	-6.93E-11	280.497286	0.1000004	8.92E-11	280.497286
-3.1	-6.98E-11	280.520501	0.1000003	9.2E-12	280.520501
-3.2	-6.93E-11	280.543797	0.1000002	-5E-12	280.543797
-3.3	-7E-11	280.567085	0.1000002	-7E-12	280.567085
-3.4	-7.08E-11	280.590398	0.1000002	-7E-12	280.590398
-3.5	-7.16E-11	280.613605	0.1000002	-6.6E-12	280.613605
-3.6	-7.02E-11	280.636892	0.1000002	-7.4E-12	280.636892
-3.7	-7.03E-11	280.660179	0.1000003	-7.1E-12	280.660179
-3.8	-7.23E-11	280.683402	0.1000005	-6.8E-12	280.683402
-3.9	-7.3E-11	280.706611	0.1000003	-7E-12	280.706611
-4	-7.32E-11	280.729833	0.1000003	-7E-12	280.729833
-4.1	-5.21E-11	280.777953	0.0999999	-8.6E-12	280.777953
-4.2	-7.07E-11	280.801318	0.1000002	-6.6E-12	280.801318
-4.3	-7.07E-11	280.824605	0.1000003	-6.8E-12	280.824605
-4.4	-7.29E-11	280.847843	0.1000004	-6.3E-12	280.847843
-4.5	-7.21E-11	280.871139	0.1000003	-6.4E-12	280.871139
-4.6	-7.25E-11	280.894495	0.1000003	-6.5E-12	280.894495
-4.7	-7.42E-11	280.917813	0.1000002	-6.3E-12	280.917813
-4.8	-7.47E-11	280.941042	0.1000003	-6.7E-12	280.941042
-4.9	-7.33E-11	280.96433	0.1000005	-6.3E-12	280.96433
-5	-7.5E-11	280.987629	0.1000003	-6.3E-12	280.987629
-5.1	-7.59E-11	281.010851	0.1000002	-6.5E-12	281.010851
-5.2	-7.63E-11	281.034065	0.1000002	-6.7E-12	281.034065
-5.3	-7.45E-11	281.057348	0.1000002	-6.8E-12	281.057348
-5.4	-7.49E-11	281.080654	0.1000003	-6.5E-12	281.080654
-5.5	-7.69E-11	281.10386	0.1000001	-6.2E-12	281.10386
-5.6	-7.68E-11	281.127074	0.1000001	-5.9E-12	281.127074
-5.7	-7.55E-11	281.150359	0.1000003	-6.2E-12	281.150359
-5.8	-7.59E-11	281.173653	0.1000002	-6.5E-12	281.173653
-5.9	-7.79E-11	281.196867	0.1000002	-5.8E-12	281.196867
-6	-7.8E-11	281.220084	0.1000001	-6.2E-12	281.220084
-6.1	-7.61E-11	281.243456	0.1000002	-6.5E-12	281.243456
-6.2	-5.71E-11	281.293724	0.1000001	-8.1E-12	281.293724
-6.3	-7.62E-11	281.316951	0.1000002	-6.4E-12	281.316951
-6.4	-7.76E-11	281.340443	0.1000001	-6.3E-12	281.340443
-6.5	-7.6E-11	281.363742	0.1000003	-6.6E-12	281.363742
-6.6	-7.77E-11	281.387011	0.1000003	-6E-12	281.387011
-6.7	-7.85E-11	281.410238	0.1000003	-6.1E-12	281.410238
-6.8	-7.87E-11	281.433451	0.1000003	-6.1E-12	281.433451
-6.9	-7.72E-11	281.45674	0.1000002	-6.5E-12	281.45674
-7	-7.59E-11	281.480205	0.1000001	-6.4E-12	281.480205
-7.1	-7.95E-11	281.503421	0.1	-5.9E-12	281.503421
-7.2	-7.81E-11	281.526711	0.1000003	-6.5E-12	281.526711
-7.3	-7.77E-11	281.550002	0.1000002	-5.9E-12	281.550002
-7.4	-7.94E-11	281.573232	0.1000003	-6.2E-12	281.573232
-7.5	-8.08E-11	281.596523	0.1000002	-5.8E-12	281.596523
-7.6	-7.93E-11	281.61981	0.1000003	-6.3E-12	281.61981
-7.7	-8.16E-11	281.643017	0.1000001	-6.1E-12	281.643017
-7.8	-7.99E-11	281.666276	0.1000001	-6.4E-12	281.666276
-7.9	-7.93E-11	281.689571	0.1000004	-6.4E-12	281.689571
-8	-7.98E-11	281.712858	0.1000003	-6.2E-12	281.712858
-8.1	-8.18E-11	281.73608	0.1000004	-6.1E-12	281.73608
-8.2	-6.12E-11	281.790826	0.1000001	-7.9E-12	281.790826
-8.3	-7.85E-11	281.814128	0.1000003	-6.2E-12	281.814128
-8.4	-8.07E-11	281.83736	0.1000002	-6.1E-12	281.83736
-8.5	-8.07E-11	281.860596	0.1000002	-5.8E-12	281.860596
-8.6	-8.11E-11	281.88387	0.1000003	-6E-12	281.88387
-8.7	-7.98E-11	281.907159	0.1000003	-5.7E-12	281.907159
-8.8	-8.21E-11	281.930475	0.1000002	-5.9E-12	281.930475
-8.9	-8.19E-11	281.953686	0.1000004	-6.1E-12	281.953686
-9	-8.05E-11	281.97707	0.1000001	-6.1E-12	281.97707
-9.1	-8.26E-11	282.000289	0.1000003	-5.9E-12	282.000289
-9.2	-8.28E-11	282.023513	0.1000001	-5.9E-12	282.023513
-9.3	-8.14E-11	282.046802	0.1000002	-6.3E-12	282.046802
-9.4	-8.15E-11	282.070082	0.1000001	-6E-12	282.070082
-9.5	-8.31E-11	282.093299	0.1000002	-5.9E-12	282.093299
-9.6	-8.3E-11	282.116509	0.1000001	-6E-12	282.116509
-9.7	-8.33E-11	282.139768	0.1000002	-5.5E-12	282.139768
-9.8	-8.35E-11	282.163093	0.1000002	-5.8E-12	282.163093
-9.9	-8.4E-11	282.18632	0.1000003	-5.8E-12	282.18632
-10	-8.37E-11	282.209544	0.1000003	-5.6E-12	282.209544
-9.90001	-4.1E-11	282.232754	0.0999999	-9.1E-12	282.232754
-9.80001	-4.02E-11	282.256136	0.0999998	-9.3E-12	282.256136
-9.70001	-5.5E-11	282.296625	0.1	-7.7E-12	282.296625
-9.60001	-3.47E-11	282.319855	0.0999998	-9.5E-12	282.319855
-9.50001	-3.42E-11	282.343406	0.0999998	-9.1E-12	282.343406
-9.40001	-3.17E-11	282.366609	0.0999999	-9.4E-12	282.366609
-9.30001	-2.98E-11	282.389967	0.0999997	-9.5E-12	282.389967
-9.20001	-3E-11	282.413263	0.0999997	-9.7E-12	282.413263
-9.10001	-2.94E-11	282.436542	0.0999999	-9.5E-12	282.436542
-9.00001	-2.76E-11	282.459746	0.0999998	-9.8E-12	282.459746
-8.90001	-2.66E-11	282.483037	0.0999999	-9.8E-12	282.483037
-8.80001	-2.77E-11	282.50633	0.0999998	-9.7E-12	282.50633
-8.70001	-2.74E-11	282.529624	0.0999999	-9.5E-12	282.529624
-8.60001	-2.43E-11	282.552837	0.0999997	-9.9E-12	282.552837
-8.50001	-2.45E-11	282.576089	0.0999997	-9.9E-12	282.576089
-8.40001	-2.53E-11	282.59946	0.0999999	-9.5E-12	282.59946
-8.30001	-2.28E-11	282.622669	0.0999998	-9.6E-12	282.622669
-8.20001	-2.25E-11	282.645888	0.0999997	-9.8E-12	282.645888
-8.10001	-2.18E-11	282.669105	0.0999999	-1E-11	282.669105
-8.00001	-2.26E-11	282.692399	0.0999999	-9.7E-12	282.692399
-7.90001	-2.26E-11	282.715687	0.0999999	-9.7E-12	282.715687
-7.80001	-2.02E-11	282.738901	0.1	-9.8E-12	282.738901
-7.70001	-4.16E-11	282.798217	0.1000001	-8.3E-12	282.798217
-7.6	-2.35E-11	282.821532	0.0999997	-9.7E-12	282.821532
-7.50001	-2.11E-11	282.845036	0.0999998	-9.9E-12	282.845036
-7.40001	-1.97E-11	282.868255	0.0999998	-1E-11	282.868255
-7.30001	-2.12E-11	282.891601	0.0999999	-9.8E-12	282.891601
-7.2	-2.05E-11	282.914997	0.0999999	-1E-11	282.914997
-7.10001	-1.81E-11	282.938211	0.1	-1.02E-11	282.938211
-7.00001	-1.76E-11	282.961437	0.0999998	-1.03E-11	282.961437
-6.90001	-1.9E-11	282.984809	0.1000001	-9.9E-12	282.984809
-6.80001	-1.65E-11	283.008028	0.0999998	-1.08E-11	283.008028
-6.70001	-1.62E-11	283.03124	0.0999998	-1.03E-11	283.03124
-6.60001	-1.56E-11	283.054451	0.0999999	-1.09E-11	283.054451
-6.50001	-1.74E-11	283.077736	0.0999999	-1.03E-11	283.077736
-6.40001	-1.7E-11	283.101024	0.0999998	-9.9E-12	283.101024
-6.30001	-1.51E-11	283.124226	0.0999998	-1.03E-11	283.124226
-6.20001	-1.5E-11	283.147448	0.0999997	-1.03E-11	283.147448
-6.10001	-1.58E-11	283.170737	0.1	-1.01E-11	283.170737
-6.00001	-1.59E-11	283.194022	0.1	-1.02E-11	283.194022
-5.90001	-1.33E-11	283.217239	0.0999997	-1.05E-11	283.217239
-5.80001	-1.31E-11	283.240447	0.0999997	-1.07E-11	283.240447
-5.70001	-3.37E-11	283.299734	0.1000002	-8.8E-12	283.299734
-5.60001	-1.57E-11	283.323053	0.0999997	-1.01E-11	283.323053
-5.50001	-1.28E-11	283.346529	0.0999997	-1.03E-11	283.346529
-5.40001	-1.36E-11	283.369815	0.0999997	-1.07E-11	283.369815
-5.30001	-1.27E-11	283.393147	0.0999998	-1.06E-11	283.393147
-5.20001	-1.06E-11	283.416371	0.1	-1.1E-11	283.416371
-5.1	-1.01E-11	283.439582	0.0999999	-1.09E-11	283.439582
-5.00001	-9.8E-12	283.462808	0.0999998	-1.08E-11	283.462808
-4.90001	-1.14E-11	283.486192	0.0999998	-1.1E-11	283.486192
-4.80001	-9E-12	283.509401	0.1	-1.13E-11	283.509401
-4.7	-1E-11	283.532699	0.1	-1.11E-11	283.532699
-4.60001	-9.6E-12	283.555984	0.0999999	-1.08E-11	283.555984
-4.50001	-7.8E-12	283.579198	0.0999998	-1.09E-11	283.579198
-4.40001	-7.2E-12	283.602419	0.0999998	-1.08E-11	283.602419
-4.3	-6.5E-12	283.625641	0.0999997	-1.09E-11	283.625641
-4.20001	-6.1E-12	283.648847	0.0999999	-1.14E-11	283.648847
-4.10001	-7.5E-12	283.672137	0.0999998	-1.13E-11	283.672137
-4.00001	-7.2E-12	283.695436	0.0999998	-1.14E-11	283.695436
-3.90001	-4.5E-12	283.718661	0.0999998	-1.14E-11	283.718661
-3.80001	-5.8E-12	283.741955	0.0999998	-1.13E-11	283.741955
-3.70001	-2.48E-11	283.801031	0.1000002	-9.2E-12	283.801031
-3.60001	-6.5E-12	283.824345	0.0999999	-1.15E-11	283.824345
-3.50001	-4.1E-12	283.847846	0.0999999	-1.17E-11	283.847846
-3.40001	-3.3E-12	283.87106	0.0999999	-1.15E-11	283.87106
-3.30001	-4.2E-12	283.894386	0.0999998	-1.11E-11	283.894386
-3.20001	-1.4E-12	283.917675	0.0999998	-5.2E-12	283.917675
-3.10001	-1.2E-12	283.940901	0.0999998	3.24E-11	283.940901
-3.00001	-4E-13	283.964111	0.1	2.153E-10	283.964111
-2.90001	-1.2E-12	283.987475	0.1000002	9.352E-10	283.987475
-2.80001	-7E-13	284.010766	0.1000007	3.287E-09	284.010766
-2.70001	1.8E-12	284.033971	0.1000017	9.682E-09	284.033971
-2.60001	2.5E-12	284.057167	0.100002	2.44776E-08	284.057167
-2.50001	1.8E-12	284.080445	0.1000024	5.41742E-08	284.080445
-2.40001	-1.76E-11	284.128551	0.0999999	1.03933E-07	284.128551
-2.30001	-1.23E-11	284.153113	0.1000003	1.89121E-07	284.153113
-2.20001	-1.13E-11	284.17765	0.1000007	3.12774E-07	284.17765
-2.1	-1.41E-11	284.204068	0.1000006	4.81863E-07	284.204068
-2.000001	-9.3E-12	284.228569	0.1000008	7.00404E-07	284.228569
-1.900001	-8.8E-12	284.253171	0.1000009	9.70097E-07	284.253171
-1.800001	-1.54E-11	284.316871	0.1000002	1.2808E-06	284.316871
-1.7	-8.9E-12	284.341398	0.1000002	1.65807E-06	284.341398
-1.6	-7E-12	284.365938	0.1	2.08196E-06	284.365938
-1.5	-5.8E-12	284.390519	0.1000002	2.5509E-06	284.390519
-1.4	-5.1E-12	284.41504	0.1	3.06246E-06	284.41504
-1.3	-3.7E-12	284.439584	0.1	3.61206E-06	284.439584
-1.2	-2.3E-12	284.46409	0.1000001	4.19551E-06	284.46409
-1.100001	-1.2E-12	284.48869	0.1	4.80824E-06	284.48869
-1	2E-13	284.513229	0.1000001	5.44738E-06	284.513229
-0.9	1.3E-12	284.537733	0.1000001	6.10899E-06	284.537733
-0.8	2.7E-12	284.562282	0.1000001	6.78993E-06	284.562282
-0.7	4.3E-12	284.586876	0.1000003	7.48686E-06	284.586876
-0.6	5.2E-12	284.611473	0.1000001	8.19893E-06	284.611473
-0.500001	7.5E-12	284.636006	0.1000001	8.92345E-06	284.636006
-0.4	8.6E-12	284.66055	0.1	9.65808E-06	284.66055
-0.3	9.6E-12	284.685078	0.1	1.040225E-05	284.685078
-0.2	6.8E-12	284.721317	0.0999999	1.11453E-05	284.721317
-0.0999999	1.28E-11	284.74582	0.1	1.19062E-05	284.74582
-2E-07	7.3E-12	284.818198	0.1000002	1.26617E-05	284.818198
0.1000005	1.43E-11	284.842777	0.1000002	1.34367E-05	284.842777
0.2000004	1.71E-11	284.867286	0.1000003	1.42152E-05	284.867286
0.299999	1.94E-11	284.891998	0.1000001	1.49986E-05	284.891998
0.399999	2.07E-11	284.916655	0.0999997	1.57885E-05	284.916655
0.5	2.33E-11	284.941187	0.1000003	1.65845E-05	284.941187
0.599999	2.57E-11	284.965693	0.1000001	1.73856E-05	284.965693
0.7	2.73E-11	284.990318	0.1	1.81913E-05	284.990318
0.799999	2.9E-11	285.01484	0.1	1.90018E-05	285.01484
0.899999	3.14E-11	285.039346	0.1000001	1.98159E-05	285.039346
0.999999	3.3E-11	285.063889	0.0999999	2.06341E-05	285.063889
1.1	3.48E-11	285.088389	0.1000003	2.14541E-05	285.088389
1.2	3.63E-11	285.112905	0.1000001	2.22773E-05	285.112905
1.3	3.8E-11	285.137448	0.1000001	2.31031E-05	285.137448
1.4	3.93E-11	285.161968	0.1000001	2.39299E-05	285.161968
1.5	4.05E-11	285.186487	0.1000002	2.47585E-05	285.186487
1.599999	4.12E-11	285.211014	0.0999998	2.55903E-05	285.211014
1.699999	4.27E-11	285.235514	0.1000001	2.64215E-05	285.235514
1.8	4.34E-11	285.260134	0.1000001	2.72538E-05	285.260134
1.899999	3.77E-11	285.310168	0.1	2.80817E-05	285.310168
2	4.31E-11	285.334703	0.1000001	2.89175E-05	285.334703
2.099999	4.42E-11	285.359261	0.0999999	2.97536E-05	285.359261
2.19999	4.53E-11	285.38396	0.1	3.05867E-05	285.38396
2.29999	4.58E-11	285.40854	0.1000001	3.14241E-05	285.40854
2.39999	4.66E-11	285.433047	0.1000001	3.22612E-05	285.433047
2.49999	4.72E-11	285.457558	0.0999999	3.30999E-05	285.457558
2.59999	4.76E-11	285.482061	0.1	3.39386E-05	285.482061
2.69999	4.76E-11	285.506712	0.1	3.47774E-05	285.506712
2.79999	4.84E-11	285.531273	0.1000002	3.56174E-05	285.531273
2.89999	4.93E-11	285.555793	0.1000002	3.64567E-05	285.555793
2.99999	4.96E-11	285.580322	0.0999999	3.72975E-05	285.580322
3.09999	4.97E-11	285.604923	0.1000001	3.81379E-05	285.604923
3.19999	5E-11	285.629446	0.1000003	3.89789E-05	285.629446
3.29999	5.04E-11	285.653951	0.1000002	3.98203E-05	285.653951
3.39999	5.06E-11	285.678469	0.1000002	4.06621E-05	285.678469
3.49999	5.14E-11	285.702972	0.1	4.15034E-05	285.702972
3.59999	5.08E-11	285.727639	0.0999999	4.23459E-05	285.727639
3.69999	5.13E-11	285.752149	0.1	4.31891E-05	285.752149
3.79999	4.5E-11	285.809209	0.0999998	4.4023E-05	285.809209
3.89999	4.96E-11	285.833779	0.1000001	4.48703E-05	285.833779
3.99999	5.08E-11	285.858302	0.0999999	4.57169E-05	285.858302
4.09999	5.15E-11	285.882824	0.1000001	4.65631E-05	285.882824
4.19999	5.18E-11	285.907396	0.1000003	4.7409E-05	285.907396
4.29999	5.24E-11	285.932011	0.0999999	4.82563E-05	285.932011
4.39999	5.26E-11	285.956554	0.1	4.91039E-05	285.956554
4.49999	5.31E-11	285.981071	0.1	4.99524E-05	285.981071
4.59999	5.34E-11	286.005663	0.1	5.08006E-05	286.005663
4.69999	5.35E-11	286.030318	0.1000001	5.16497E-05	286.030318
4.79999	5.38E-11	286.054845	0.1	5.25008E-05	286.054845
4.89999	5.34E-11	286.079414	0.0999999	5.33511E-05	286.079414
4.99999	5.38E-11	286.103972	0.0999999	5.42023E-05	286.103972
5.09999	5.43E-11	286.128503	0.1000003	5.50544E-05	286.128503
5.19999	5.48E-11	286.153117	0.0999999	5.59081E-05	286.153117
5.29999	5.45E-11	286.177663	0.0999998	5.67619E-05	286.177663
5.39999	5.52E-11	286.20217	0.1	5.76165E-05	286.20217
5.49999	5.52E-11	286.226677	0.1000001	5.84724E-05	286.226677
5.59999	5.52E-11	286.251191	0.1000003	5.93284E-05	286.251191
5.69999	4.84E-11	286.310378	0.0999999	6.01762E-05	286.310378
5.79999	5.37E-11	286.33492	0.1000003	6.1038E-05	286.33492
5.89999	5.42E-11	286.359462	0.1000001	6.18987E-05	286.359462
5.99999	5.46E-11	286.384011	0.1000001	6.27594E-05	286.384011
6.09999	5.54E-11	286.408619	0.1	6.36216E-05	286.408619
6.19999	5.56E-11	286.433164	0.1000003	6.44839E-05	286.433164
6.29999	5.6E-11	286.457674	0.1000001	6.53465E-05	286.457674
6.39999	5.62E-11	286.482234	0.1000001	6.62105E-05	286.482234
6.49999	5.63E-11	286.50684	0.1	6.70755E-05	286.50684
6.59999	5.66E-11	286.531371	0.1	6.79407E-05	286.531371
6.69999	5.65E-11	286.555885	0.1000001	6.88073E-05	286.555885
6.79999	5.65E-11	286.580413	0.1000003	6.96738E-05	286.580413
6.89999	5.72E-11	286.60501	0.1000001	7.0543E-05	286.60501
6.99999	5.73E-11	286.629547	0.1000001	7.14126E-05	286.629547
7.09999	5.7E-11	286.654053	0.0999999	7.22823E-05	286.654053
7.19999	5.73E-11	286.678612	0.1	7.31529E-05	286.678612
7.29999	5.73E-11	286.703124	0.1000001	7.40255E-05	286.703124
7.39999	5.75E-11	286.727645	0.1000003	7.48979E-05	286.727645
7.49999	5.84E-11	286.752168	0.1000002	7.57714E-05	286.752168
7.59999	5.15E-11	286.811899	0.1000002	7.66372E-05	286.811899
7.69999	5.66E-11	286.836434	0.0999998	7.7516E-05	286.836434
7.79999	5.72E-11	286.860977	0.1	7.83947E-05	286.860977
7.89999	5.72E-11	286.885524	0.1000003	7.9274E-05	286.885524
7.99999	5.76E-11	286.910097	0.0999999	8.01519E-05	286.910097
8.09999	5.77E-11	286.934719	0.1000001	8.10317E-05	286.934719
8.19999	5.79E-11	286.959225	0.1	8.19129E-05	286.959225
8.29999	5.82E-11	286.98376	0.1	8.27937E-05	286.98376
8.39999	5.86E-11	287.008391	0.1	8.36774E-05	287.008391
8.49999	5.86E-11	287.032939	0.1000001	8.45609E-05	287.032939
8.59999	5.91E-11	287.057441	0.1000001	8.54463E-05	287.057441
8.69999	5.86E-11	287.082039	0.1000001	8.63318E-05	287.082039
8.79999	5.89E-11	287.106574	0.1000001	8.72189E-05	287.106574
8.89999	5.89E-11	287.13112	0.0999999	8.8107E-05	287.13112
8.99999	5.95E-11	287.155631	0.0999998	8.89967E-05	287.155631
9.09999	5.96E-11	287.180155	0.1000002	8.98849E-05	287.180155
9.19999	5.97E-11	287.204667	0.1000001	9.07752E-05	287.204667
9.29999	5.98E-11	287.22927	0.1000002	9.16626E-05	287.22927
9.39999	5.97E-11	287.253802	0.1	9.25575E-05	287.253802
9.49999	5.34E-11	287.313401	0.1000002	9.3447E-05	287.313401
9.59999	5.8E-11	287.337966	0.1	9.43462E-05	287.337966
9.69999	5.94E-11	287.362542	0.1000001	9.52429E-05	287.362542
9.79999	5.93E-11	287.387078	0.0999998	9.61407E-05	287.387078
9.89999	5.95E-11	287.411682	0.0999999	9.70413E-05	287.411682
9.99999	6.01E-11	287.436215	0.1000001	9.79398E-05	287.436215
9.9	4.68E-11	287.460729	0.0999999	9.70271E-05	287.460729
9.8	4.35E-11	287.48525	0.0999998	9.61182E-05	287.48525
9.7	4.15E-11	287.509967	0.0999999	9.52131E-05	287.509967
9.6	3.95E-11	287.534534	0.0999999	9.43092E-05	287.534534
9.5	3.82E-11	287.559046	0.0999999	9.34061E-05	287.559046
9.4	3.7E-11	287.583577	0.1	9.25073E-05	287.583577
9.3	3.55E-11	287.608204	0.1000002	9.16086E-05	287.608204
9.2	3.48E-11	287.632712	0.1000001	9.0709E-05	287.632712
9.1	3.42E-11	287.657244	0.0999999	8.98122E-05	287.657244
9	3.36E-11	287.681732	0.0999999	8.89171E-05	287.681732
8.9	3.3E-11	287.706264	0.1000002	8.8027E-05	287.706264
8.8	3.21E-11	287.73076	0.1	8.71309E-05	287.73076
8.7	3.19E-11	287.755309	0.0999999	8.62357E-05	287.755309
8.6	3.71E-11	287.815255	0.1	8.53458E-05	287.815255
8.5	3.17E-11	287.839781	0.1	8.44513E-05	287.839781
8.4	3.09E-11	287.864315	0.0999999	8.35588E-05	287.864315
8.3	3.06E-11	287.888818	0.0999998	8.26677E-05	287.888818
8.2	2.93E-11	287.913422	0.0999999	8.17792E-05	287.913422
8.1	2.87E-11	287.938087	0.0999996	8.08912E-05	287.938087
8	2.83E-11	287.962619	0.1000001	8.0005E-05	287.962619
7.9	2.83E-11	287.987168	0.0999998	7.91187E-05	287.987168
7.8	2.71E-11	288.011811	0.1	7.82334E-05	288.011811
7.7	2.69E-11	288.036349	0.0999999	7.73504E-05	288.036349
7.6	2.64E-11	288.060877	0.1000001	7.64677E-05	288.060877
7.5	2.59E-11	288.085445	0.0999997	7.55848E-05	288.085445
7.4	2.54E-11	288.109955	0.0999999	7.47038E-05	288.109955
7.3	2.49E-11	288.13447	0.0999998	7.38245E-05	288.13447
7.2	2.45E-11	288.15903	0.0999998	7.29454E-05	288.15903
7.1	2.49E-11	288.183553	0.0999999	7.20671E-05	288.183553
7	2.45E-11	288.208101	0.0999999	7.11894E-05	288.208101
6.9	2.38E-11	288.232605	0.0999996	7.03136E-05	288.232605
6.8	2.35E-11	288.257128	0.0999999	6.94372E-05	288.257128
6.7	2.95E-11	288.31245	0.0999997	6.85681E-05	288.31245
6.6	2.39E-11	288.336989	0.1	6.76922E-05	288.336989
6.5	2.28E-11	288.361753	0.0999998	6.6819E-05	288.361753
6.4	2.31E-11	288.386309	0.0999999	6.59463E-05	288.386309
6.3	2.25E-11	288.410863	0.0999997	6.50748E-05	288.410863
6.2	2.18E-11	288.435381	0.0999997	6.42047E-05	288.435381
6.1	2.15E-11	288.459894	0.0999999	6.33352E-05	288.459894
6	2.11E-11	288.484414	0.1	6.24658E-05	288.484414
5.9	2.03E-11	288.509016	0.1	6.15967E-05	288.509016
5.8	1.98E-11	288.533528	0.0999999	6.07298E-05	288.533528
5.7	2E-11	288.55814	0.0999997	5.98639E-05	288.55814
5.6	1.9E-11	288.582686	0.0999997	5.89977E-05	288.582686
5.5	1.89E-11	288.607323	0.1	5.81338E-05	288.607323
5.4	1.76E-11	288.631829	0.0999999	5.72708E-05	288.631829
5.3	1.81E-11	288.656426	0.0999999	5.64074E-05	288.656426
5.2	1.71E-11	288.680966	0.1000001	5.55447E-05	288.680966
5.1	1.7E-11	288.705478	0.0999999	5.46828E-05	288.705478
5	1.66E-11	288.730009	0.0999998	5.38235E-05	288.730009
4.9	1.57E-11	288.754535	0.0999999	5.29643E-05	288.754535
4.8	2.31E-11	288.812662	0.0999998	5.2111E-05	288.812662
4.7	1.71E-11	288.837236	0.1	5.12521E-05	288.837236
4.6	1.54E-11	288.861814	0.0999997	5.03949E-05	288.861814
4.5	1.49E-11	288.886328	0.1	4.95386E-05	288.886328
4.4	1.48E-11	288.910893	0.1000001	4.86835E-05	288.910893
4.3	1.39E-11	288.93551	0.0999998	4.78284E-05	288.93551
4.2	1.27E-11	288.959967	0.1	4.6975E-05	288.959967
4.1	1.25E-11	288.984499	0.0999999	4.61217E-05	288.984499
4	1.22E-11	289.00913	0.0999999	4.52702E-05	289.00913
3.9	1.23E-11	289.03366	0.0999999	4.44184E-05	289.03366
3.8	1.15E-11	289.058194	0.0999999	4.35683E-05	289.058194
3.7	1.07E-11	289.082731	0.0999999	4.2718E-05	289.082731
3.6	1.02E-11	289.107281	0.1000002	4.18689E-05	289.107281
3.5	9.3E-12	289.131785	0.1	4.10209E-05	289.131785
3.4	8.5E-12	289.156294	0.0999998	4.01732E-05	289.156294
3.3	8.3E-12	289.180828	0.1000001	3.93272E-05	289.180828
3.2	7.9E-12	289.205312	0.0999999	3.84823E-05	289.205312
3.1	7E-12	289.229855	0.1	3.7637E-05	289.229855
3	6.1E-12	289.254373	0.0999999	3.67931E-05	289.254373
2.9	1.3E-11	289.313353	0.0999998	3.59565E-05	289.313353
2.8	7.2E-12	289.337939	0.1000001	3.51137E-05	289.337939
2.7	5.8E-12	289.362547	0.1	3.42717E-05	289.362547
2.6	5E-12	289.387075	0.0999999	3.34314E-05	289.387075
2.5	3.6E-12	289.411651	0.0999999	3.25916E-05	289.411651
2.4	2.6E-12	289.436168	0.0999999	3.17531E-05	289.436168
2.3	1.2E-12	289.460675	0.0999999	3.09164E-05	289.460675
2.2	2E-13	289.485192	0.1	3.00796E-05	289.485192
2.099999	2.6E-12	289.511713	0.0999998	2.92489E-05	289.511713
2	-1.5E-12	289.536217	0.0999999	2.84154E-05	289.536217
1.9	-2.4E-12	289.560756	0.1000001	2.75823E-05	289.560756
1.8	-4.2E-12	289.585278	0.1	2.67509E-05	289.585278
1.7	-4.7E-12	289.609873	0.1	2.59214E-05	289.609873
1.6	-6.2E-12	289.634373	0.0999999	2.50931E-05	289.634373
1.5	-7.4E-12	289.65889	0.1	2.42666E-05	289.65889
1.4	-8.8E-12	289.683421	0.1	2.34414E-05	289.683421
1.3	-1.01E-11	289.707946	0.1	2.26188E-05	289.707946
1.2	-1.14E-11	289.732455	0.0999999	2.17988E-05	289.732455
1.1	-1.25E-11	289.757055	0.1	2.09809E-05	289.757055
1	-6.7E-12	289.819678	0.0999997	2.01726E-05	289.819678
0.9	-1.37E-11	289.844231	0.0999998	1.936E-05	289.844231
0.8	-1.61E-11	289.868771	0.0999999	1.85521E-05	289.868771
0.7	-1.88E-11	289.893295	0.0999999	1.77489E-05	289.893295
0.6	-2.06E-11	289.917884	0.0999999	1.69511E-05	289.917884
0.5	-2.31E-11	289.942517	0.0999999	1.61582E-05	289.942517
0.4	-2.53E-11	289.967028	0.0999998	1.53717E-05	289.967028
0.3	-2.78E-11	289.99156	0.1	1.45918E-05	289.99156
0.1999998	-2.67E-11	290.018051	0.1	1.38187E-05	290.018051
0.0999996	-3.22E-11	290.04258	0.1	1.30502E-05	290.04258
-3E-07	-3.48E-11	290.067099	0.1000001	1.22883E-05	290.067099
#scan	iMeasureCycle=3	iMux=0	time=319.773	N=401	LocalTime=20/04/2023 00:01:00
#VGate(V)	IGate(A)	time(s)	VDrain(V)	IDrain(A)	time(s)
-2E-07	-1.31E-11	319.780549	0.0999998	1.24748E-05	319.780549
-0.1000005	-2.08E-11	319.805396	0.0999999	1.17056E-05	319.805396
-0.2000002	-2.22E-11	319.831018	0.1	1.09446E-05	319.831018
-0.3	-2.79E-11	319.855744	0.0999997	1.01909E-05	319.855744
-0.4	-3.09E-11	319.880288	0.0999998	9.4461E-06	319.880288
-0.5	-2.97E-11	319.907686	0.1	8.71589E-06	319.907686
-0.6	-3.57E-11	319.932191	0.0999999	7.99095E-06	319.932191
-0.7	-3.73E-11	319.956721	0.1	7.27966E-06	319.956721
-0.8	-3.95E-11	319.98123	0.0999999	6.58434E-06	319.98123
-0.9	-4.07E-11	320.005869	0.0999998	5.90634E-06	320.005869
-1	-4.26E-11	320.03038	0.1	5.2482E-06	320.03038
-1.1	-4.35E-11	320.055107	0.0999998	4.61374E-06	320.055107
-1.2	-4.45E-11	320.079619	0.0999999	4.00624E-06	320.079619
-1.3	-4.54E-11	320.104176	0.0999999	3.43054E-06	320.104176
-1.4	-4.68E-11	320.128677	0.0999999	2.89004E-06	320.128677
-1.5	-4.78E-11	320.153158	0.0999999	2.38948E-06	320.153158
-1.6	-4.84E-11	320.177768	0.0999997	1.93295E-06	320.177768
-1.7	-4.95E-11	320.202275	0.1000001	1.52476E-06	320.202275
-1.8	-4.98E-11	320.226787	0.1	1.1667E-06	320.226787
-1.9	-4.62E-11	320.254096	0.0999995	8.62978E-07	320.254096
-2	-5E-11	320.278619	0.0999995	6.09822E-07	320.278619
-2.1	-5.14E-11	320.30313	0.0999997	4.08903E-07	320.30313
-2.2	-4.54E-11	320.34732	0.0999998	2.58567E-07	320.34732
-2.3	-5.06E-11	320.371837	0.0999998	1.49658E-07	320.371837
-2.4	-4.61E-11	320.409534	0.0999952	8.01483E-08	320.409534
-2.5	-6.63E-11	320.432821	0.1000087	3.77266E-08	320.432821
-2.6	-6.56E-11	320.456133	0.1000031	1.56562E-08	320.456133
-2.7	-6.82E-11	320.47934	0.1000021	5.5747E-09	320.47934
-2.8	-6.84E-11	320.502543	0.1000008	1.6601E-09	320.502543
-2.9	-6.81E-11	320.525819	0.1000005	4.083E-10	320.525819
-3	-6.83E-11	320.549193	0.1000003	7.71E-11	320.549193
-3.1	-7E-11	320.572411	0.1000002	6.8E-12	320.572411
-3.2	-7.12E-11	320.595617	0.1000002	-5.3E-12	320.595617
-3.3	-6.98E-11	320.618898	0.1000003	-6.7E-12	320.618898
-3.4	-6.94E-11	320.642179	0.1000001	-7.1E-12	320.642179
-3.5	-7.09E-11	320.66544	0.1000002	-7E-12	320.66544
-3.6	-7.19E-11	320.688663	0.1000004	-7E-12	320.688663
-3.7	-7.11E-11	320.711947	0.1000003	-7.2E-12	320.711947
-3.8	-7.23E-11	320.735267	0.1000002	-6.9E-12	320.735267
-3.9	-7.26E-11	320.758511	0.1000002	-7.4E-12	320.758511
-4	-7.36E-11	320.781727	0.1000003	-6.9E-12	320.781727
-4.1	-5.21E-11	320.82986	0.1000001	-9E-12	320.82986
-4.2	-7.07E-11	320.853217	0.1000002	-6.8E-12	320.853217
-4.3	-7.25E-11	320.876546	0.1000004	-7.1E-12	320.876546
-4.4	-7.32E-11	320.899765	0.1000003	-7E-12	320.899765
-4.5	-7.39E-11	320.922995	0.1000002	-6.5E-12	320.922995
-4.6	-7.26E-11	320.946342	0.1000004	-6.9E-12	320.946342
-4.7	-7.45E-11	320.969575	0.1000004	-7E-12	320.969575
-4.8	-7.5E-11	320.992793	0.1000002	-6.8E-12	320.992793
-4.9	-7.37E-11	321.016171	0.1000001	-7E-12	321.016171
-5	-7.38E-11	321.039454	0.1000001	-6.9E-12	321.039454
-5.1	-7.59E-11	321.06275	0.1000002	-6.8E-12	321.06275
-5.2	-7.6E-11	321.085972	0.1000002	-6.8E-12	321.085972
-5.3	-7.49E-11	321.109249	0.1000002	-7.2E-12	321.109249
-5.4	-7.49E-11	321.132548	0.1000003	-6.9E-12	321.132548
-5.5	-7.72E-11	321.155762	0.1000003	-6.9E-12	321.155762
-5.6	-7.68E-11	321.178995	0.1000003	-6.6E-12	321.178995
-5.7	-7.59E-11	321.202284	0.1000002	-6.7E-12	321.202284
-5.8	-7.56E-11	321.225577	0.1000003	-6.9E-12	321.225577
-5.9	-7.74E-11	321.248782	0.1000002	-6.6E-12	321.248782
-6	-7.77E-11	321.272003	0.1000003	-6.6E-12	321.272003
-6.1	-7.62E-11	321.295292	0.1000002	-6.6E-12	321.295292
-6.2	-5.78E-11	321.345411	0.0999999	-8.4E-12	321.345411
-6.3	-7.54E-11	321.368738	0.1000005	-6.8E-12	321.368738
-6.4	-7.79E-11	321.391968	0.1000001	-6.6E-12	321.391968
-6.5	-7.8E-11	321.415207	0.1000004	-6.7E-12	321.415207
-6.6	-7.69E-11	321.438546	0.1000002	-6.8E-12	321.438546
-6.7	-7.68E-11	321.461843	0.1000002	-6.6E-12	321.461843
-6.8	-7.88E-11	321.485074	0.1000003	-6.9E-12	321.485074
-6.9	-7.9E-11	321.508291	0.1000001	-6.3E-12	321.508291
-7	-7.77E-11	321.531589	0.1000004	-6.5E-12	321.531589
-7.1	-7.94E-11	321.554908	0.1000004	-6.2E-12	321.554908
-7.2	-7.96E-11	321.578131	0.1000003	-6.3E-12	321.578131
-7.3	-7.83E-11	321.601424	0.1000003	-6.8E-12	321.601424
-7.4	-7.98E-11	321.624644	0.1000003	-6.3E-12	321.624644
-7.5	-8.03E-11	321.647861	0.1000003	-6.6E-12	321.647861
-7.6	-8.08E-11	321.671175	0.1000003	-6.3E-12	321.671175
-7.7	-7.9E-11	321.694477	0.1000001	-7.3E-12	321.694477
-7.8	-7.91E-11	321.717754	0.1000003	-6.6E-12	321.717754
-7.9	-8.09E-11	321.740942	0.1000003	-6.4E-12	321.740942
-8	-8.08E-11	321.764162	0.1000003	-6.3E-12	321.764162
-8.1	-8.15E-11	321.787379	0.1000003	-6.4E-12	321.787379
-8.2	-6.01E-11	321.846891	0.1000002	-7.9E-12	321.846891
-8.3	-7.75E-11	321.870221	0.1000001	-6.8E-12	321.870221
-8.4	-8.06E-11	321.893445	0.1000004	-6.3E-12	321.893445
-8.5	-7.92E-11	321.916771	0.1000002	-6.7E-12	321.916771
-8.6	-8.09E-11	321.940062	0.1000002	-6.2E-12	321.940062
-8.7	-8.14E-11	321.963284	0.1000003	-6.3E-12	321.963284
-8.8	-8.19E-11	321.986507	0.1000003	-6.5E-12	321.986507
-8.9	-8.03E-11	322.009879	0.1000005	-6.7E-12	322.009879
-9	-8.08E-11	322.033171	0.1000003	-6.3E-12	322.033171
-9.1	-8.28E-11	322.05648	0.1000001	-6.2E-12	322.05648
-9.2	-8.3E-11	322.079697	0.1000003	-6.2E-12	322.079697
-9.3	-8.12E-11	322.102996	0.1000004	-6.1E-12	322.102996
-9.4	-8.29E-11	322.126208	0.1000003	-5.9E-12	322.126208
-9.5	-8.19E-11	322.149495	0.1000003	-6E-12	322.149495
-9.6	-8.27E-11	322.172744	0.1000003	-5.9E-12	322.172744
-9.7	-8.19E-11	322.19605	0.1000002	-6.2E-12	322.19605
-9.8	-8.36E-11	322.219249	0.1000003	-6.2E-12	322.219249
-9.9	-8.3E-11	322.242468	0.1000001	-6.2E-12	322.242468
-10	-8.34E-11	322.265681	0.1000002	-6.1E-12	322.265681
-9.90001	-4.29E-11	322.288978	0.1000001	-8.8E-12	322.288978
-9.80001	-5.54E-11	322.348677	0.0999999	-7.6E-12	322.348677
-9.70001	-3.47E-11	322.37191	0.0999999	-9E-12	322.37191
-9.60001	-3.45E-11	322.395205	0.0999998	-9.2E-12	322.395205
-9.50001	-3.34E-11	322.418524	0.0999998	-9.6E-12	322.418524
-9.40001	-3.06E-11	322.441801	0.0999999	-9.5E-12	322.441801
-9.30001	-3.12E-11	322.465176	0.0999997	-9.4E-12	322.465176
-9.20001	-2.97E-11	322.488457	0.0999999	-9.3E-12	322.488457
-9.10001	-2.73E-11	322.511664	0.0999999	-9.7E-12	322.511664
-9.00001	-2.63E-11	322.534879	0.1	-9.7E-12	322.534879
-8.90001	-2.73E-11	322.558247	0.0999998	-1.02E-11	322.558247
-8.80001	-2.59E-11	322.581495	0.0999999	-9.9E-12	322.581495
-8.70001	-2.45E-11	322.604721	0.0999999	-9.6E-12	322.604721
-8.60001	-2.4E-11	322.627936	0.0999999	-1.05E-11	322.627936
-8.50001	-2.46E-11	322.651226	0.0999998	-9.7E-12	322.651226
-8.40001	-2.47E-11	322.674527	0.0999998	-9.6E-12	322.674527
-8.30001	-2.29E-11	322.697836	0.0999999	-9.7E-12	322.697836
-8.20001	-2.37E-11	322.721137	0.0999998	-9.7E-12	322.721137
-8.10001	-2.29E-11	322.744422	0.0999997	-1E-11	322.744422
-8.00001	-2.35E-11	322.767734	0.0999997	-9.9E-12	322.767734
-7.90001	-2.04E-11	322.79095	0.0999998	-1.02E-11	322.79095
-7.80001	-4.12E-11	322.849981	0.0999999	-8E-12	322.849981
-7.70001	-2.14E-11	322.873219	0.0999998	-1.03E-11	322.873219
-7.6	-2.29E-11	322.896516	0.1	-9.9E-12	322.896516
-7.50001	-2.18E-11	322.919833	0.0999998	-1E-11	322.919833
-7.40001	-2.03E-11	322.94313	0.1	-1.05E-11	322.94313
-7.30001	-1.86E-11	322.966341	0.0999998	-1.02E-11	322.966341
-7.2	-2.05E-11	322.989635	0.0999996	-1E-11	322.989635
-7.10001	-1.8E-11	323.012853	0.0999998	-1.03E-11	323.012853
-7.00001	-1.76E-11	323.036157	0.0999997	-1.03E-11	323.036157
-6.90001	-1.91E-11	323.059532	0.0999999	-9.9E-12	323.059532
-6.80001	-1.99E-11	323.082905	0.0999999	-1.02E-11	323.082905
-6.70001	-1.64E-11	323.106124	0.0999997	-1.08E-11	323.106124
-6.60001	-1.6E-11	323.129341	0.0999998	-1.05E-11	323.129341
-6.50001	-1.68E-11	323.152626	0.1000001	-1.07E-11	323.152626
-6.40001	-1.43E-11	323.175845	0.0999997	-1.06E-11	323.175845
-6.30001	-1.48E-11	323.199074	0.0999998	-1.09E-11	323.199074
-6.20001	-1.4E-11	323.22229	0.0999997	-1.09E-11	323.22229
-6.10001	-1.56E-11	323.245572	0.0999999	-1.09E-11	323.245572
-6.00001	-1.51E-11	323.26885	0.0999999	-1.1E-11	323.26885
-5.90001	-1.41E-11	323.292108	0.0999998	-1.09E-11	323.292108
-5.80001	-3.35E-11	323.346859	0.1	-8.6E-12	323.346859
-5.70001	-1.44E-11	323.370179	0.0999998	-1.05E-11	323.370179
-5.60001	-1.33E-11	323.393426	0.0999998	-1.07E-11	323.393426
-5.50001	-1.24E-11	323.416651	0.0999999	-1.07E-11	323.416651
-5.40001	-1.32E-11	323.440001	0.0999999	-1.07E-11	323.440001
-5.30001	-1.16E-11	323.463234	0.0999999	-1.11E-11	323.463234
-5.20001	-9.5E-12	323.486451	0.0999999	-1.08E-11	323.486451
-5.1	-1.17E-11	323.509749	0.0999999	-1.04E-11	323.509749
-5.00001	-1.12E-11	323.533034	0.0999997	-1.06E-11	323.533034
-4.90001	-9.4E-12	323.55635	0.0999998	-1.11E-11	323.55635
-4.80001	-8.8E-12	323.579575	0.0999999	-1.12E-11	323.579575
-4.7	-9.9E-12	323.602865	0.0999999	-1.1E-11	323.602865
-4.60001	-9.7E-12	323.62615	0.0999998	-1.07E-11	323.62615
-4.50001	-7.2E-12	323.649351	0.0999999	-1.11E-11	323.649351
-4.40001	-7.6E-12	323.67257	0.0999998	-1.13E-11	323.67257
-4.3	-8.4E-12	323.695944	0.0999999	-1.07E-11	323.695944
-4.20001	-8E-12	323.719235	0.0999997	-1.09E-11	323.719235
-4.10001	-5.6E-12	323.742441	0.0999998	-1.09E-11	323.742441
-4.00001	-4.7E-12	323.765654	0.1	-1.07E-11	323.765654
-3.90001	-6.1E-12	323.788956	0.0999999	-1.09E-11	323.788956
-3.80001	-5.8E-12	323.812262	0.0999998	-1.09E-11	323.812262
-3.70001	-2.32E-11	323.848492	0.0999998	-9.6E-12	323.848492
-3.60001	-4.3E-12	323.87173	0.0999999	-1.19E-11	323.87173
-3.50001	-4.8E-12	323.895034	0.0999997	-1.12E-11	323.895034
-3.40001	-2.5E-12	323.918234	0.0999998	-1.11E-11	323.918234
-3.30001	-1.8E-12	323.941498	0.0999997	-1.09E-11	323.941498
-3.20001	-9E-13	323.964717	0.0999998	-6E-12	323.964717
-3.10001	-2.3E-12	323.988002	0.0999999	2.74E-11	323.988002
-3.00001	-1.6E-12	324.011297	0.1	1.887E-10	324.011297
-2.90001	4E-13	324.034612	0.1000002	8.33E-10	324.034612
-2.80001	1.3E-12	324.057917	0.1000005	2.9871E-09	324.057917
-2.70001	-2E-13	324.0812	0.1000016	8.9359E-09	324.0812
-2.60001	7E-13	324.104505	0.100003	2.29045E-08	324.104505
-2.50001	3.5E-12	324.127708	0.1000018	5.09618E-08	324.127708
-2.40001	4.1E-12	324.150916	0.0999967	1.013714E-07	324.150916
-2.30001	-1.61E-11	324.190492	0.1000002	1.79502E-07	324.190492
-2.20001	-1.07E-11	324.214966	0.1000006	3.00539E-07	324.214966
-2.1	-1.29E-11	324.241403	0.1000003	4.66101E-07	324.241403
-2.000001	-8.9E-12	324.265906	0.1000006	6.80476E-07	324.265906
-1.9	-8.2E-12	324.290454	0.1000008	9.46076E-07	324.290454
-1.800001	-1.57E-11	324.364876	0.0999999	1.24949E-06	324.364876
-1.7	-9.5E-12	324.389458	0.1000001	1.62292E-06	324.389458
-1.6	-7.7E-12	324.413991	0.1	2.04328E-06	324.413991
-1.500001	-9.7E-12	324.440838	0.1	2.50689E-06	324.440838
-1.4	-5.2E-12	324.465376	0.1000002	3.01485E-06	324.465376
-1.3	-3.7E-12	324.489895	0.1000001	3.56078E-06	324.489895
-1.200001	-2.6E-12	324.51442	0.1000001	4.14014E-06	324.51442
-1.100001	-1.2E-12	324.538946	0.1000003	4.74898E-06	324.538946
-1	-2E-13	324.563583	0.1	5.38512E-06	324.563583
-0.9	1.1E-12	324.588111	0.1000002	6.04365E-06	324.588111
-0.8	2.6E-12	324.612634	0.1000001	6.7215E-06	324.612634
-0.700001	4.3E-12	324.637145	0.1	7.41585E-06	324.637145
-0.6	5.4E-12	324.661647	0.1000002	8.12492E-06	324.661647
-0.500001	7E-12	324.686234	0.1	8.84693E-06	324.686234
-0.4	8.4E-12	324.710823	0.1	9.57926E-06	324.710823
-0.300001	9.7E-12	324.735396	0.1000002	1.032112E-05	324.735396
-0.2	6E-12	324.771716	0.1000001	1.10625E-05	324.771716
-0.0999996	1.21E-11	324.796235	0.0999999	1.18209E-05	324.796235
-1E-07	7.4E-12	324.860788	0.1	1.25768E-05	324.860788
0.1000002	1.45E-11	324.885284	0.1000002	1.33495E-05	324.885284
0.2000004	1.68E-11	324.909836	0.1	1.41263E-05	324.909836
0.299999	1.89E-11	324.934574	0.1	1.49085E-05	324.934574
0.4	2.15E-11	324.959118	0.1	1.56967E-05	324.959118
0.5	2.32E-11	324.983628	0.1000002	1.64902E-05	324.983628
0.6	2.52E-11	325.008153	0.1000001	1.72897E-05	325.008153
0.7	2.75E-11	325.032762	0.1000002	1.80946E-05	325.032762
0.799999	2.94E-11	325.057387	0.1000001	1.89035E-05	325.057387
0.9	3.11E-11	325.081904	0.1000002	1.97164E-05	325.081904
0.999999	3.29E-11	325.106437	0.1	2.05335E-05	325.106437
1.1	3.44E-11	325.130964	0.1000002	2.13534E-05	325.130964
1.2	3.65E-11	325.155476	0.1	2.21756E-05	325.155476
1.3	3.78E-11	325.180009	0.1000001	2.30003E-05	325.180009
1.4	3.92E-11	325.204542	0.0999999	2.38268E-05	325.204542
1.5	3.99E-11	325.229088	0.1	2.46561E-05	325.229088
1.6	4.09E-11	325.253609	0.1	2.54859E-05	325.253609
1.699999	4.27E-11	325.278113	0.1000001	2.6317E-05	325.278113
1.8	4.33E-11	325.302636	0.1	2.71494E-05	325.302636
1.899999	3.65E-11	325.362418	0.1000001	2.79762E-05	325.362418
1.999999	4.25E-11	325.386947	0.1000001	2.88127E-05	325.386947
2.1	4.4E-11	325.411582	0.1000001	2.96499E-05	325.411582
2.19999	4.47E-11	325.436319	0.0999999	3.04826E-05	325.436319
2.29999	4.54E-11	325.460894	0.1	3.13209E-05	325.460894
2.39999	4.63E-11	325.485428	0.1000001	3.21595E-05	325.485428
2.49999	4.69E-11	325.509977	0.1	3.29982E-05	325.509977
2.59999	4.74E-11	325.534491	0.1	3.38382E-05	325.534491
2.69999	4.79E-11	325.559108	0.1	3.46786E-05	325.559108
2.79999	4.88E-11	325.583603	0.1	3.55195E-05	325.583603
2.89999	4.9E-11	325.608154	0.1	3.63604E-05	325.608154
2.99999	4.95E-11	325.632669	0.1000001	3.72026E-05	325.632669
3.09999	4.95E-11	325.65719	0.1000001	3.80451E-05	325.65719
3.19999	4.99E-11	325.681721	0.1	3.88875E-05	325.681721
3.29999	5.02E-11	325.706324	0.1	3.97307E-05	325.706324
3.39999	5.05E-11	325.730841	0.1000001	4.05737E-05	325.730841
3.49999	5.09E-11	325.755395	0.1000002	4.14181E-05	325.755395
3.59999	5.11E-11	325.779941	0.0999999	4.2262E-05	325.779941
3.69999	5.08E-11	325.804443	0.0999999	4.31054E-05	325.804443
3.79999	4.48E-11	325.861454	0.1	4.39425E-05	325.861454
3.89999	5E-11	325.885978	0.1	4.47907E-05	325.885978
3.99999	5.06E-11	325.910526	0.0999999	4.5637E-05	325.910526
4.09999	5.13E-11	325.935094	0.1000002	4.64841E-05	325.935094
4.19999	5.16E-11	325.959697	0.1000003	4.73316E-05	325.959697
4.29999	5.17E-11	325.984204	0.1000002	4.81795E-05	325.984204
4.39999	5.22E-11	326.008776	0.0999999	4.90276E-05	326.008776
4.49999	5.24E-11	326.0333	0.1	4.9876E-05	326.0333
4.59999	5.35E-11	326.057781	0.1000001	5.07264E-05	326.057781
4.69999	5.33E-11	326.082314	0.0999999	5.15756E-05	326.082314
4.79999	5.37E-11	326.106841	0.1	5.24266E-05	326.106841
4.89999	5.38E-11	326.131367	0.1000002	5.3278E-05	326.131367
4.99999	5.46E-11	326.155871	0.1000001	5.41295E-05	326.155871
5.09999	5.43E-11	326.180487	0.1000001	5.49819E-05	326.180487
5.19999	5.47E-11	326.205008	0.1	5.58358E-05	326.205008
5.29999	5.48E-11	326.229532	0.1000001	5.66907E-05	326.229532
5.39999	5.52E-11	326.254038	0.1	5.75461E-05	326.254038
5.49999	5.51E-11	326.278579	0.1	5.84014E-05	326.278579
5.59999	5.57E-11	326.303085	0.1000001	5.92581E-05	326.303085
5.69999	4.9E-11	326.362594	0.0999998	6.01053E-05	326.362594
5.79999	5.39E-11	326.387197	0.1	6.09676E-05	326.387197
5.9	5.41E-11	326.411747	0.0999999	6.18289E-05	326.411747
5.99999	5.46E-11	326.436289	0.1000002	6.26899E-05	326.436289
6.09999	5.49E-11	326.460902	0.1000001	6.35519E-05	326.460902
6.19999	5.6E-11	326.485403	0.0999998	6.4415E-05	326.485403
6.29999	5.58E-11	326.510057	0.1000003	6.52787E-05	326.510057
6.39999	5.63E-11	326.534585	0.0999999	6.61423E-05	326.534585
6.49999	5.71E-11	326.559063	0.0999999	6.7006E-05	326.559063
6.59999	5.66E-11	326.583611	0.0999999	6.78727E-05	326.583611
6.69999	5.62E-11	326.608176	0.1	6.87397E-05	326.608176
6.79999	5.68E-11	326.632706	0.1000003	6.96067E-05	326.632706
6.89999	5.68E-11	326.65723	0.1000001	7.04749E-05	326.65723
6.99999	5.72E-11	326.681728	0.1000001	7.13449E-05	326.681728
7.09999	5.76E-11	326.706335	0.1	7.2215E-05	326.706335
7.19999	5.75E-11	326.730875	0.1	7.30861E-05	326.730875
7.29999	5.78E-11	326.755388	0.1000001	7.39574E-05	326.755388
7.39999	5.76E-11	326.77991	0.1	7.48308E-05	326.77991
7.49999	5.75E-11	326.804446	0.0999998	7.57048E-05	326.804446
7.59999	5.1E-11	326.864299	0.0999998	7.65697E-05	326.864299
7.69999	5.67E-11	326.888818	0.1	7.74481E-05	326.888818
7.79999	5.7E-11	326.913344	0.1000001	7.83267E-05	326.913344
7.89999	5.76E-11	326.93791	0.1	7.9206E-05	326.93791
7.99999	5.77E-11	326.962509	0.1	8.00855E-05	326.962509
8.09999	5.83E-11	326.987024	0.0999999	8.09654E-05	326.987024
8.19999	5.82E-11	327.011587	0.1000001	8.18456E-05	327.011587
8.29999	5.83E-11	327.036166	0.0999999	8.27276E-05	327.036166
8.39999	5.88E-11	327.060718	0.0999999	8.36113E-05	327.060718
8.49999	5.9E-11	327.085255	0.1000002	8.44939E-05	327.085255
8.59999	5.98E-11	327.109761	0.1000002	8.53789E-05	327.109761
8.69999	5.92E-11	327.134283	0.1000002	8.62652E-05	327.134283
8.79999	5.95E-11	327.158787	0.1000003	8.71523E-05	327.158787
8.89999	5.95E-11	327.183313	0.1000001	8.80404E-05	327.183313
8.99999	5.91E-11	327.207832	0.1	8.8928E-05	327.207832
9.09999	5.99E-11	327.232354	0.0999998	8.98182E-05	327.232354
9.19999	5.96E-11	327.256891	0.1000002	9.0709E-05	327.256891
9.29999	6E-11	327.281418	0.0999999	9.15961E-05	327.281418
9.39999	6E-11	327.305914	0.1000002	9.24913E-05	327.305914
9.49999	5.33E-11	327.366021	0.1	9.33808E-05	327.366021
9.59999	5.85E-11	327.390625	0.0999998	9.42799E-05	327.390625
9.69999	5.92E-11	327.415171	0.1000001	9.51781E-05	327.415171
9.79999	5.94E-11	327.439724	0.1	9.6077E-05	327.439724
9.89999	5.97E-11	327.464306	0.1000002	9.69751E-05	327.464306
9.99999	5.98E-11	327.488822	0.1000001	9.78749E-05	327.488822
9.9	4.7E-11	327.513337	0.1000004	9.69613E-05	327.513337
9.8	4.42E-11	327.53793	0.1000002	9.60529E-05	327.53793
9.7	4.17E-11	327.56239	0.0999999	9.51468E-05	327.56239
9.6	4.01E-11	327.586955	0.1	9.42441E-05	327.586955
9.5	3.83E-11	327.611457	0.1	9.33414E-05	327.611457
9.4	3.7E-11	327.636079	0.0999998	9.24415E-05	327.636079
9.3	3.59E-11	327.660583	0.0999998	9.15423E-05	327.660583
9.2	3.49E-11	327.685095	0.0999999	9.06451E-05	327.685095
9.1	3.46E-11	327.709743	0.0999998	8.97474E-05	327.709743
9	3.36E-11	327.73421	0.0999999	8.88516E-05	327.73421
8.9	3.29E-11	327.758773	0.0999998	8.79602E-05	327.758773
8.8	3.23E-11	327.783283	0.0999997	8.70655E-05	327.783283
8.7	3.21E-11	327.807805	0.1	8.61697E-05	327.807805
8.6	3.73E-11	327.86734	0.1	8.52779E-05	327.86734
8.5	3.15E-11	327.891854	0.0999999	8.43846E-05	327.891854
8.4	3.09E-11	327.916363	0.0999997	8.34922E-05	327.916363
8.3	2.99E-11	327.940908	0.0999997	8.26024E-05	327.940908
8.2	2.94E-11	327.965522	0.1000001	8.17133E-05	327.965522
8.1	2.88E-11	327.990042	0.1	8.08249E-05	327.990042
8	2.86E-11	328.014554	0.1	7.99385E-05	328.014554
7.9	2.82E-11	328.039101	0.0999998	7.90529E-05	328.039101
7.8	2.73E-11	328.063579	0.1000001	7.81669E-05	328.063579
7.7	2.7E-11	328.088116	0.0999999	7.72832E-05	328.088116
7.6	2.7E-11	328.112642	0.1000001	7.63999E-05	328.112642
7.5	2.66E-11	328.137258	0.0999997	7.5519E-05	328.137258
7.4	2.58E-11	328.161772	0.0999998	7.46379E-05	328.161772
7.3	2.58E-11	328.186402	0.0999998	7.37574E-05	328.186402
7.2	2.45E-11	328.210915	0.0999997	7.28786E-05	328.210915
7.1	2.47E-11	328.235476	0.0999999	7.20002E-05	328.235476
7	2.38E-11	328.259986	0.0999997	7.11219E-05	328.259986
6.9	2.38E-11	328.284489	0.0999999	7.02453E-05	328.284489
6.8	2.33E-11	328.309001	0.0999999	6.93699E-05	328.309001
6.7	2.98E-11	328.369039	0.0999999	6.85002E-05	328.369039
6.6	2.4E-11	328.39366	0.0999998	6.76267E-05	328.39366
6.5	2.33E-11	328.418176	0.0999998	6.67523E-05	328.418176
6.4	2.3E-11	328.442738	0.0999999	6.58797E-05	328.442738
6.3	2.2E-11	328.467298	0.1	6.50085E-05	328.467298
6.2	2.15E-11	328.491808	0.1000002	6.41377E-05	328.491808
6.1	2.14E-11	328.516317	0.1	6.32671E-05	328.516317
6	2.11E-11	328.540876	0.1	6.23986E-05	328.540876
5.9	2.13E-11	328.565454	0.0999999	6.153E-05	328.565454
5.8	2.03E-11	328.590003	0.0999999	6.06632E-05	328.590003
5.7	1.95E-11	328.614543	0.1	5.97964E-05	328.614543
5.6	1.91E-11	328.639087	0.1000002	5.89304E-05	328.639087
5.5	1.93E-11	328.663615	0.1000001	5.80664E-05	328.663615
5.4	1.8E-11	328.688149	0.0999999	5.72025E-05	328.688149
5.3	1.84E-11	328.712767	0.0999998	5.63396E-05	328.712767
5.2	1.79E-11	328.737328	0.0999998	5.54772E-05	328.737328
5.1	1.75E-11	328.761887	0.0999998	5.46166E-05	328.761887
5	1.64E-11	328.786388	0.1	5.37566E-05	328.786388
4.9	1.64E-11	328.810917	0.1	5.28969E-05	328.810917
4.8	2.28E-11	328.870811	0.0999998	5.20428E-05	328.870811
4.7	1.74E-11	328.895363	0.0999997	5.11843E-05	328.895363
4.6	1.63E-11	328.919885	0.1000001	5.0328E-05	328.919885
4.5	1.54E-11	328.944438	0.0999999	4.94719E-05	328.944438
4.4	1.5E-11	328.969017	0.0999999	4.8616E-05	328.969017
4.3	1.43E-11	328.99352	0.1	4.77611E-05	328.99352
4.2	1.35E-11	329.018043	0.0999999	4.69078E-05	329.018043
4.1	1.33E-11	329.042605	0.0999998	4.60549E-05	329.042605
4	1.27E-11	329.067195	0.0999998	4.52027E-05	329.067195
3.9	1.25E-11	329.091745	0.0999997	4.43503E-05	329.091745
3.8	1.17E-11	329.116298	0.0999999	4.35001E-05	329.116298
3.7	1.05E-11	329.140807	0.0999999	4.26508E-05	329.140807
3.6	1.01E-11	329.16532	0.0999998	4.18011E-05	329.16532
3.5	9.5E-12	329.189829	0.1	4.09541E-05	329.189829
3.4	8.7E-12	329.214353	0.0999996	4.0107E-05	329.214353
3.3	8.4E-12	329.238954	0.0999999	3.92605E-05	329.238954
3.2	7.8E-12	329.263487	0.1000001	3.84149E-05	329.263487
3.1	6.8E-12	329.288007	0.0999998	3.757E-05	329.288007
3	6.2E-12	329.312511	0.1000001	3.67271E-05	329.312511
2.9	1.22E-11	329.372017	0.0999999	3.58892E-05	329.372017
2.8	6.7E-12	329.396623	0.0999999	3.50467E-05	329.396623
2.7	5.7E-12	329.421155	0.1000001	3.42051E-05	329.421155
2.6	4.7E-12	329.44571	0.1	3.33643E-05	329.44571
2.5	3.5E-12	329.470277	0.0999998	3.25253E-05	329.470277
2.4	3.1E-12	329.494872	0.0999998	3.16879E-05	329.494872
2.3	1.3E-12	329.519398	0.1	3.08504E-05	329.519398
2.2	7E-13	329.543936	0.0999998	3.00134E-05	329.543936
2.099999	3.1E-12	329.570442	0.1	2.91829E-05	329.570442
2	-1.8E-12	329.594897	0.0999999	2.83491E-05	329.594897
1.9	-2.3E-12	329.619406	0.0999998	2.75166E-05	329.619406
1.8	-3.1E-12	329.643989	0.0999999	2.66858E-05	329.643989
1.7	-4.3E-12	329.66852	0.1000001	2.58562E-05	329.66852
1.6	-5.5E-12	329.693035	0.0999999	2.50281E-05	329.693035
1.5	-7.1E-12	329.717642	0.1	2.4201E-05	329.717642
1.4	-8.6E-12	329.742098	0.0999998	2.33773E-05	329.742098
1.3	-9.7E-12	329.76662	0.1000001	2.25551E-05	329.76662
1.2	-1.13E-11	329.791154	0.0999998	2.17345E-05	329.791154
1.1	-1.25E-11	329.815668	0.0999998	2.09174E-05	329.815668
1	-7.6E-12	329.873922	0.1	2.01082E-05	329.873922
0.9	-1.42E-11	329.89846	0.1	1.92957E-05	329.89846
0.8	-1.66E-11	329.923004	0.1	1.84884E-05	329.923004
0.7	-1.89E-11	329.947573	0.1	1.76855E-05	329.947573
0.6	-2.09E-11	329.97216	0.1	1.6888E-05	329.97216
0.5	-2.32E-11	329.996663	0.0999999	1.60962E-05	329.996663
0.4	-2.52E-11	330.021205	0.0999997	1.53108E-05	330.021205
0.3	-2.79E-11	330.045722	0.1	1.45308E-05	330.045722
0.1999998	-2.65E-11	330.072198	0.0999999	1.37585E-05	330.072198
0.0999997	-3.19E-11	330.096704	0.1	1.29905E-05	330.096704
-4E-07	-3.44E-11	330.121203	0.0999999	1.2229E-05	330.121203
