#scan	iMeasureCycle=1	iMux=0	time=0.03	N=401	LocalTime=19/04/2023 18:55:38
#VGate(V)	IGate(A)	time(s)	VDrain(V)	IDrain(A)	time(s)
-3E-07	-1.628E-10	0.032876	0.0999998	6.21568E-06	0.032876
-0.1000003	-2.217E-10	0.057772	0.1	5.53325E-06	0.057772
-0.2000005	-2.702E-10	0.082324	0.0999999	4.87115E-06	0.082324
-0.300001	-2.088E-10	0.107076	0.0999998	4.2321E-06	0.107076
-0.4	-1.199E-10	0.131585	0.0999998	3.61947E-06	0.131585
-0.5	-9.34E-11	0.156113	0.0999998	3.03972E-06	0.156113
-0.6	-8.07E-11	0.180621	0.1000001	2.49749E-06	0.180621
-0.7	-7.26E-11	0.20514	0.1000001	1.99995E-06	0.20514
-0.8	-6.76E-11	0.229654	0.0999998	1.55224E-06	0.229654
-0.9	-6.44E-11	0.254217	0.0999999	1.1609E-06	0.254217
-0.999999	-5.84E-11	0.281528	0.0999996	8.31547E-07	0.281528
-1.1	-6.06E-11	0.30616	0.0999994	5.62215E-07	0.30616
-1.2	-5.99E-11	0.330674	0.0999994	3.55608E-07	0.330674
-1.3	-5.93E-11	0.355233	0.0999995	2.06727E-07	0.355233
-1.4	-5.9E-11	0.379767	0.0999998	1.08346E-07	0.379767
-1.5	-5.24E-11	0.417484	0.0999949	5.11999E-08	0.417484
-1.600001	-7.22E-11	0.440718	0.1000045	2.05191E-08	0.440718
-1.700001	-7.12E-11	0.464006	0.1000013	7.1002E-09	0.464006
-1.800001	-7.32E-11	0.487234	0.1000007	2.086E-09	0.487234
-1.900001	-7.39E-11	0.510442	0.1000003	5.098E-10	0.510442
-2.000001	-7.45E-11	0.533654	0.1000001	9.46E-11	0.533654
-2.1	-5.15E-11	0.580855	0.0999999	5.8E-12	0.580855
-2.2	-6.94E-11	0.604538	0.1	-8.6E-12	0.604538
-2.3	-7.21E-11	0.627818	0.1000001	-1.01E-11	0.627818
-2.4	-7.18E-11	0.6512	0.1000002	-1.06E-11	0.6512
-2.5	-7.22E-11	0.674488	0.1000002	-1.01E-11	0.674488
-2.6	-7.31E-11	0.69782	0.1000002	-1.07E-11	0.69782
-2.7	-7.57E-11	0.721036	0.1000002	-1.02E-11	0.721036
-2.8	-7.38E-11	0.744328	0.1000001	-1.05E-11	0.744328
-2.9	-7.54E-11	0.76761	0.1000001	-1.03E-11	0.76761
-3	-7.62E-11	0.790822	0.1000001	-9.9E-12	0.790822
-3.1	-7.46E-11	0.814191	0.1000003	-1.07E-11	0.814191
-3.2	-7.49E-11	0.837494	0.1000001	-9.9E-12	0.837494
-3.3	-7.68E-11	0.860693	0.1	-9.8E-12	0.860693
-3.4	-7.73E-11	0.883904	0.1000001	-9.9E-12	0.883904
-3.5	-7.6E-11	0.907289	0.1000002	-1.03E-11	0.907289
-3.6	-7.61E-11	0.930581	0.1000002	-1.02E-11	0.930581
-3.7	-7.83E-11	0.953784	0.1000001	-9.6E-12	0.953784
-3.8	-7.74E-11	0.977324	0.1000001	-9.9E-12	0.977324
-3.9	-7.9E-11	1.000536	0.1000002	-1.04E-11	1.000536
-4	-7.96E-11	1.023754	0.1000002	-9.9E-12	1.023754
-4.1	-7.94E-11	1.046979	0.1000001	-1E-11	1.046979
-4.2	-5.94E-11	1.092016	0.1	-1.14E-11	1.092016
-4.3	-7.87E-11	1.115252	0.1	-9.6E-12	1.115252
-4.4	-7.95E-11	1.138479	0.1	-9.8E-12	1.138479
-4.5	-7.74E-11	1.161828	0.1	-1E-11	1.161828
-4.6	-8E-11	1.185105	0.1000002	-9.7E-12	1.185105
-4.7	-8.07E-11	1.208325	0.1000002	-1E-11	1.208325
-4.8	-7.92E-11	1.231644	0.1000002	-1E-11	1.231644
-4.9	-8.04E-11	1.254874	0.1000002	-1.01E-11	1.254874
-5	-8.11E-11	1.278089	0.1000001	-9.8E-12	1.278089
-5.1	-8E-11	1.301466	0.1000001	-9.6E-12	1.301466
-5.2	-7.9E-11	1.324822	0.1	-9.7E-12	1.324822
-5.3	-8.17E-11	1.348046	0.1000003	-9.4E-12	1.348046
-5.4	-8.08E-11	1.371334	0.1000003	-9.6E-12	1.371334
-5.5	-8.09E-11	1.394616	0.1	-9E-12	1.394616
-5.6	-8.22E-11	1.417854	0.1000002	-9E-12	1.417854
-5.7	-8.26E-11	1.4411	0.1	-9E-12	1.4411
-5.8	-8.2E-11	1.464404	0.1	-9.4E-12	1.464404
-5.9	-8.17E-11	1.487709	0.1000001	-9.1E-12	1.487709
-6	-8.27E-11	1.510966	0.1000001	-9.1E-12	1.510966
-6.1	-8.23E-11	1.534254	0.1000001	-9.6E-12	1.534254
-6.2	-8.28E-11	1.557523	0.1000002	-9.2E-12	1.557523
-6.3	-6.4E-11	1.598117	0.1	-1.03E-11	1.598117
-6.4	-8.38E-11	1.621351	0.1	-8.8E-12	1.621351
-6.5	-8.28E-11	1.644653	0.1000003	-9.8E-12	1.644653
-6.6	-8.29E-11	1.667922	0.1	-9.4E-12	1.667922
-6.7	-8.4E-11	1.691253	0.1000003	-9.1E-12	1.691253
-6.8	-8.45E-11	1.714492	0.1000002	-9.3E-12	1.714492
-6.9	-8.3E-11	1.737798	0.1	-9.1E-12	1.737798
-7	-8.47E-11	1.761105	0.1000001	-8.9E-12	1.761105
-7.1	-8.57E-11	1.784319	0.1	-8.6E-12	1.784319
-7.2	-8.4E-11	1.807695	0.1000001	-8.6E-12	1.807695
-7.3	-8.36E-11	1.831079	0.1000002	-9E-12	1.831079
-7.4	-8.59E-11	1.854306	0.1000002	-8.9E-12	1.854306
-7.5	-8.67E-11	1.877588	0.1000001	-8.6E-12	1.877588
-7.6	-8.48E-11	1.900881	0.1	-8.6E-12	1.900881
-7.7	-8.64E-11	1.924094	0.1000001	-8.6E-12	1.924094
-7.8	-8.72E-11	1.947311	0.1000002	-9E-12	1.947311
-7.9	-8.73E-11	1.970522	0.1000001	-8.8E-12	1.970522
-8	-8.53E-11	1.993828	0.1000002	-8.8E-12	1.993828
-8.1	-8.45E-11	2.017154	0.1000002	-9.1E-12	2.017154
-8.2	-8.75E-11	2.040382	0.1000002	-8.9E-12	2.040382
-8.3	-6.64E-11	2.095073	0.1	-1.07E-11	2.095073
-8.4	-8.6E-11	2.118315	0.1	-9.2E-12	2.118315
-8.5	-8.71E-11	2.141538	0.1000001	-8.8E-12	2.141538
-8.6	-8.71E-11	2.164754	0.1000002	-9.3E-12	2.164754
-8.7	-8.54E-11	2.188103	0.1	-9E-12	2.188103
-8.8	-8.76E-11	2.211319	0.1000003	-9E-12	2.211319
-8.9	-8.73E-11	2.234659	0.1000002	-9.2E-12	2.234659
-9	-8.62E-11	2.257961	0.1000001	-9.1E-12	2.257961
-9.1	-8.69E-11	2.281238	0.1	-9.1E-12	2.281238
-9.2	-8.86E-11	2.304545	0.1000002	-9.2E-12	2.304545
-9.3	-8.91E-11	2.327758	0.1	-8.9E-12	2.327758
-9.4	-8.71E-11	2.351065	0.0999999	-9.3E-12	2.351065
-9.5	-8.71E-11	2.374354	0.1	-9.4E-12	2.374354
-9.6	-8.96E-11	2.397554	0.1000001	-8.4E-12	2.397554
-9.7	-8.81E-11	2.420809	0.1000002	-8.8E-12	2.420809
-9.8	-8.67E-11	2.444187	0.1000001	-9.2E-12	2.444187
-9.9	-8.95E-11	2.467401	0.1000001	-9.4E-12	2.467401
-10	-8.91E-11	2.490645	0.1000002	-8.8E-12	2.490645
-9.90001	-4.65E-11	2.513852	0.0999996	-1.24E-11	2.513852
-9.80001	-4.46E-11	2.537144	0.0999998	-1.21E-11	2.537144
-9.70001	-4.12E-11	2.560374	0.0999997	-1.27E-11	2.560374
-9.60001	-5.82E-11	2.600637	0.0999999	-1.09E-11	2.600637
-9.50001	-3.76E-11	2.623878	0.0999997	-1.27E-11	2.623878
-9.40001	-3.81E-11	2.64719	0.0999997	-1.23E-11	2.64719
-9.30001	-3.65E-11	2.670469	0.0999997	-1.26E-11	2.670469
-9.20001	-3.39E-11	2.693749	0.0999996	-1.24E-11	2.693749
-9.10001	-3.27E-11	2.716962	0.0999997	-1.27E-11	2.716962
-9.00001	-3.4E-11	2.740349	0.0999999	-1.26E-11	2.740349
-8.90001	-3.14E-11	2.763575	0.0999996	-1.26E-11	2.763575
-8.80001	-3.02E-11	2.786819	0.0999997	-1.24E-11	2.786819
-8.70001	-3.02E-11	2.810123	0.0999998	-1.24E-11	2.810123
-8.60001	-3.1E-11	2.833424	0.0999997	-1.25E-11	2.833424
-8.50001	-3.06E-11	2.856721	0.0999997	-1.25E-11	2.856721
-8.40001	-2.85E-11	2.879928	0.0999998	-1.28E-11	2.879928
-8.30001	-2.73E-11	2.903133	0.0999997	-1.3E-11	2.903133
-8.20001	-2.86E-11	2.926425	0.0999998	-1.25E-11	2.926425
-8.10001	-2.83E-11	2.949725	0.0999996	-1.23E-11	2.949725
-8	-2.61E-11	2.972929	0.0999998	-1.26E-11	2.972929
-7.90001	-2.59E-11	2.996163	0.0999996	-1.27E-11	2.996163
-7.80001	-2.75E-11	3.019493	0.0999999	-1.29E-11	3.019493
-7.70001	-2.47E-11	3.042721	0.0999998	-1.29E-11	3.042721
-7.60001	-4.52E-11	3.10179	0.0999999	-1.15E-11	3.10179
-7.50001	-2.57E-11	3.125055	0.0999999	-1.31E-11	3.125055
-7.40001	-2.45E-11	3.148277	0.0999997	-1.3E-11	3.148277
-7.30001	-2.55E-11	3.171569	0.0999998	-1.26E-11	3.171569
-7.2	-2.51E-11	3.194919	0.0999997	-1.28E-11	3.194919
-7.10001	-2.4E-11	3.218202	0.0999997	-1.29E-11	3.218202
-7.00001	-2.22E-11	3.241404	0.0999998	-1.3E-11	3.241404
-6.90001	-2.36E-11	3.264697	0.0999996	-1.28E-11	3.264697
-6.80001	-2.39E-11	3.287983	0.0999999	-1.29E-11	3.287983
-6.70001	-2.15E-11	3.31128	0.0999999	-1.29E-11	3.31128
-6.60001	-2.08E-11	3.334495	0.0999998	-1.28E-11	3.334495
-6.50001	-2.14E-11	3.357787	0.0999996	-1.33E-11	3.357787
-6.40001	-2E-11	3.380981	0.0999996	-1.31E-11	3.380981
-6.30001	-1.89E-11	3.404192	0.0999997	-1.31E-11	3.404192
-6.20001	-1.89E-11	3.427409	0.0999995	-1.33E-11	3.427409
-6.10001	-2.05E-11	3.450747	0.0999996	-1.32E-11	3.450747
-6.00001	-1.85E-11	3.473945	0.0999998	-1.35E-11	3.473945
-5.90001	-1.77E-11	3.497173	0.0999996	-1.33E-11	3.497173
-5.80001	-1.78E-11	3.520416	0.0999999	-1.34E-11	3.520416
-5.70001	-1.89E-11	3.543708	0.0999996	-1.31E-11	3.543708
-5.60001	-3.8E-11	3.603599	0.0999999	-1.19E-11	3.603599
-5.50001	-2E-11	3.626903	0.1	-1.32E-11	3.626903
-5.40001	-1.75E-11	3.650231	0.0999998	-1.36E-11	3.650231
-5.30001	-1.65E-11	3.673448	0.0999997	-1.38E-11	3.673448
-5.20001	-1.61E-11	3.696746	0.0999997	-1.4E-11	3.696746
-5.1	-1.72E-11	3.720041	0.0999997	-1.33E-11	3.720041
-5.00001	-1.54E-11	3.743266	0.0999997	-1.33E-11	3.743266
-4.90001	-1.47E-11	3.766482	0.0999997	-1.38E-11	3.766482
-4.80001	-1.35E-11	3.789753	0.0999997	-1.38E-11	3.789753
-4.7	-1.54E-11	3.813131	0.0999998	-1.33E-11	3.813131
-4.60001	-1.37E-11	3.836348	0.0999996	-1.39E-11	3.836348
-4.50001	-1.44E-11	3.859646	0.0999998	-1.37E-11	3.859646
-4.40001	-1.4E-11	3.882917	0.0999998	-1.42E-11	3.882917
-4.3	-1.33E-11	3.906204	0.0999998	-1.37E-11	3.906204
-4.20001	-1.13E-11	3.929434	0.0999998	-1.42E-11	3.929434
-4.10001	-1.02E-11	3.952731	0.0999996	-1.42E-11	3.952731
-4.00001	-1.16E-11	3.976018	0.0999999	-1.38E-11	3.976018
-3.90001	-9.4E-12	3.999248	0.0999998	-1.42E-11	3.999248
-3.80001	-8.6E-12	4.022457	0.0999998	-1.44E-11	4.022457
-3.70001	-8.5E-12	4.045674	0.0999997	-1.44E-11	4.045674
-3.60001	-3E-11	4.105197	0.0999999	-1.23E-11	4.105197
-3.50001	-9.7E-12	4.128471	0.0999996	-1.43E-11	4.128471
-3.40001	-7.9E-12	4.15168	0.0999998	-1.47E-11	4.15168
-3.30001	-7.2E-12	4.174906	0.0999996	-1.43E-11	4.174906
-3.20001	-8E-12	4.198246	0.0999998	-1.48E-11	4.198246
-3.10001	-7.7E-12	4.221534	0.0999997	-1.42E-11	4.221534
-3.00001	-5.1E-12	4.244755	0.0999997	-1.49E-11	4.244755
-2.90001	-4.4E-12	4.267978	0.0999998	-1.48E-11	4.267978
-2.80001	-5.4E-12	4.29126	0.0999999	-1.45E-11	4.29126
-2.70001	-3.4E-12	4.314562	0.0999997	-1.49E-11	4.314562
-2.60001	-2.2E-12	4.337779	0.0999996	-1.52E-11	4.337779
-2.50001	-3.8E-12	4.361087	0.0999996	-1.43E-11	4.361087
-2.40001	-2.5E-12	4.384364	0.0999997	-1.47E-11	4.384364
-2.30001	-1.8E-12	4.407632	0.0999997	-1.42E-11	4.407632
-2.20001	3E-13	4.43084	0.0999997	-8.4E-12	4.43084
-2.099999	-1.56E-11	4.45603	0.1000001	3.24E-11	4.45603
-2	3E-13	4.479315	0.0999998	2.314E-10	4.479315
-1.9	2E-12	4.502583	0.1	1.0452E-09	4.502583
-1.8	3.7E-12	4.525792	0.100001	3.8025E-09	4.525792
-1.699999	4.8E-12	4.549011	0.1000022	1.16318E-08	4.549011
-1.600001	-1.63E-11	4.606254	0.100004	2.94717E-08	4.606254
-1.5	2.4E-12	4.629557	0.0999989	6.91756E-08	4.629557
-1.400001	-1.5E-11	4.669073	0.1000001	1.36975E-07	4.669073
-1.3	-8.8E-12	4.694869	0.1000006	2.51197E-07	4.694869
-1.2	-7.1E-12	4.71936	0.1000008	4.16077E-07	4.71936
-1.1	-5.8E-12	4.743866	0.1000007	6.38551E-07	4.743866
-1	-4.4E-12	4.768389	0.1000008	9.21345E-07	4.768389
-0.900001	-9E-12	4.803266	0.1000003	1.25912E-06	4.803266
-0.8	-3.1E-12	4.827815	0.1000001	1.66377E-06	4.827815
-0.700001	-1.3E-12	4.852364	0.1000003	2.11918E-06	4.852364
-0.6	2E-13	4.87691	0.1	2.62243E-06	4.87691
-0.500001	2.1E-12	4.901416	0.1000001	3.16755E-06	4.901416
-0.400001	3.9E-12	4.925919	0.1000001	3.74843E-06	4.925919
-0.3	4.6E-12	4.950614	0.1000001	4.35972E-06	4.950614
-0.1999998	2.9E-12	4.977021	0.1000001	4.99635E-06	4.977021
-0.0999997	8.3E-12	5.001536	0.1000002	5.65469E-06	5.001536
3E-07	1.03E-11	5.026027	0.1000002	6.33053E-06	5.026027
0.1000004	1.18E-11	5.050511	0.0999998	7.0204E-06	5.050511
0.2	6.6E-12	5.114856	0.1000001	7.71153E-06	5.114856
0.299999	1.37E-11	5.139596	0.0999999	8.42761E-06	5.139596
0.4	1.61E-11	5.164133	0.1000001	9.15245E-06	5.164133
0.5	1.82E-11	5.188644	0.1000003	9.88438E-06	5.188644
0.599999	1.56E-11	5.223238	0.1000001	1.06134E-05	5.223238
0.7	2.22E-11	5.247725	0.1	1.13617E-05	5.247725
0.799999	2.4E-11	5.272361	0.0999999	1.21158E-05	5.272361
0.899999	2.61E-11	5.296872	0.1	1.28754E-05	5.296872
0.999999	2.83E-11	5.321466	0.1000003	1.36394E-05	5.321466
1.1	3E-11	5.34598	0.1000002	1.44079E-05	5.34598
1.199999	3.17E-11	5.370507	0.0999999	1.51798E-05	5.370507
1.3	3.31E-11	5.394997	0.1	1.59553E-05	5.394997
1.4	3.47E-11	5.419511	0.1	1.67335E-05	5.419511
1.5	3.61E-11	5.444013	0.1000001	1.75132E-05	5.444013
1.599999	3.71E-11	5.468573	0.1000001	1.82942E-05	5.468573
1.699999	3.82E-11	5.493094	0.1000001	1.90783E-05	5.493094
1.8	3.92E-11	5.517597	0.1	1.98625E-05	5.517597
1.9	3.98E-11	5.542128	0.1000001	2.06489E-05	5.542128
2	4.06E-11	5.566645	0.1000001	2.14353E-05	5.566645
2.099999	3.48E-11	5.613141	0.1000001	2.2214E-05	5.613141
2.19999	4.04E-11	5.637852	0.1000002	2.29993E-05	5.637852
2.29999	4.18E-11	5.66237	0.1	2.37905E-05	5.66237
2.39999	4.21E-11	5.686899	0.1	2.45827E-05	5.686899
2.49999	4.27E-11	5.711499	0.1000002	2.53749E-05	5.711499
2.59999	4.35E-11	5.736057	0.1000001	2.6168E-05	5.736057
2.69999	4.4E-11	5.760563	0.1	2.69622E-05	5.760563
2.79999	4.45E-11	5.785089	0.1000001	2.77566E-05	5.785089
2.89999	4.45E-11	5.809637	0.1000003	2.85524E-05	5.809637
2.99999	4.52E-11	5.834187	0.1	2.9348E-05	5.834187
3.09999	4.56E-11	5.858735	0.0999999	3.01445E-05	5.858735
3.19999	4.59E-11	5.883248	0.1	3.09428E-05	5.883248
3.29999	4.63E-11	5.907771	0.1	3.17414E-05	5.907771
3.39999	4.69E-11	5.932299	0.1000002	3.25406E-05	5.932299
3.49999	4.68E-11	5.956828	0.1000003	3.33406E-05	5.956828
3.59999	4.73E-11	5.981337	0.1000002	3.41414E-05	5.981337
3.69999	4.73E-11	6.005896	0.1000001	3.49432E-05	6.005896
3.79999	4.82E-11	6.030394	0.0999998	3.57459E-05	6.030394
3.89999	4.85E-11	6.054945	0.1	3.65494E-05	6.054945
3.99999	4.17E-11	6.112216	0.1000001	3.73425E-05	6.112216
4.09999	4.67E-11	6.136791	0.1000003	3.81514E-05	6.136791
4.19999	4.75E-11	6.161334	0.1000001	3.89597E-05	6.161334
4.29999	4.76E-11	6.185874	0.1	3.9768E-05	6.185874
4.39999	4.81E-11	6.21048	0.0999998	4.05764E-05	6.21048
4.49999	4.84E-11	6.235017	0.1000001	4.13852E-05	6.235017
4.59999	4.89E-11	6.259554	0.0999997	4.21961E-05	6.259554
4.69999	4.9E-11	6.284075	0.0999999	4.30065E-05	6.284075
4.79999	4.84E-11	6.308794	0.0999998	4.38181E-05	6.308794
4.89999	4.92E-11	6.333339	0.1	4.46305E-05	6.333339
4.99999	5E-11	6.357874	0.1000001	4.54445E-05	6.357874
5.09999	5.05E-11	6.382407	0.1000001	4.62587E-05	6.382407
5.19999	5.06E-11	6.406925	0.1000001	4.70743E-05	6.406925
5.29999	5.04E-11	6.431479	0.1000001	4.78911E-05	6.431479
5.39999	5.15E-11	6.456067	0.1000002	4.87091E-05	6.456067
5.49999	5.1E-11	6.480621	0.0999999	4.95274E-05	6.480621
5.59999	5.13E-11	6.505148	0.1000001	5.03464E-05	6.505148
5.69999	5.15E-11	6.52966	0.1000001	5.11673E-05	6.52966
5.79999	5.18E-11	6.554164	0.1	5.19885E-05	6.554164
5.89999	4.51E-11	6.609458	0.0999999	5.28021E-05	6.609458
5.99999	4.99E-11	6.633981	0.0999999	5.36285E-05	6.633981
6.09999	5.1E-11	6.65851	0.1000002	5.44551E-05	6.65851
6.19999	5.14E-11	6.683131	0.1	5.52814E-05	6.683131
6.29999	5.15E-11	6.707726	0.1	5.61084E-05	6.707726
6.39999	5.2E-11	6.732237	0.1	5.69369E-05	6.732237
6.49999	5.2E-11	6.756798	0.1	5.77658E-05	6.756798
6.59999	5.28E-11	6.781303	0.1000002	5.85963E-05	6.781303
6.69999	5.3E-11	6.805862	0.1	5.94277E-05	6.805862
6.79999	5.33E-11	6.830511	0.0999997	6.026E-05	6.830511
6.89999	5.25E-11	6.855024	0.1	6.10941E-05	6.855024
6.99999	5.33E-11	6.879563	0.1000002	6.19289E-05	6.879563
7.09999	5.31E-11	6.904072	0.0999999	6.27645E-05	6.904072
7.19999	5.3E-11	6.928591	0.1000002	6.36018E-05	6.928591
7.29999	5.37E-11	6.953092	0.0999999	6.4439E-05	6.953092
7.39999	5.37E-11	6.977623	0.1000001	6.52774E-05	6.977623
7.49999	5.36E-11	7.002173	0.0999998	6.61175E-05	7.002173
7.59999	5.39E-11	7.0267	0.1000001	6.69584E-05	7.0267
7.69999	5.47E-11	7.051238	0.0999998	6.78005E-05	7.051238
7.79999	4.68E-11	7.113214	0.1000001	6.86305E-05	7.113214
7.89999	5.19E-11	7.137821	0.1000002	6.94791E-05	7.137821
7.99999	5.24E-11	7.162359	0.0999998	7.03262E-05	7.162359
8.09999	5.38E-11	7.186896	0.1000001	7.11736E-05	7.186896
8.19999	5.41E-11	7.211502	0.0999998	7.20213E-05	7.211502
8.29999	5.46E-11	7.236034	0.1	7.28707E-05	7.236034
8.39999	5.47E-11	7.260529	0.1000002	7.37215E-05	7.260529
8.49999	5.49E-11	7.285053	0.1	7.45719E-05	7.285053
8.59999	5.47E-11	7.309575	0.0999997	7.54235E-05	7.309575
8.69999	5.46E-11	7.334204	0.1000001	7.62777E-05	7.334204
8.79999	5.52E-11	7.358703	0.1000003	7.71315E-05	7.358703
8.89999	5.52E-11	7.383261	0.1000001	7.79873E-05	7.383261
8.99999	5.48E-11	7.407769	0.0999999	7.88446E-05	7.407769
9.09999	5.57E-11	7.432283	0.1	7.97031E-05	7.432283
9.19999	5.55E-11	7.456826	0.1000001	8.05607E-05	7.456826
9.29999	5.6E-11	7.481312	0.1000002	8.14165E-05	7.481312
9.39999	5.56E-11	7.505884	0.0999999	8.22802E-05	7.505884
9.49999	5.6E-11	7.530431	0.0999999	8.3145E-05	7.530431
9.59999	5.64E-11	7.554938	0.1000001	8.4009E-05	7.554938
9.69999	4.91E-11	7.616758	0.1000002	8.48667E-05	7.616758
9.79999	5.43E-11	7.641283	0.1000003	8.57365E-05	7.641283
9.89999	5.5E-11	7.665803	0.1000002	8.66053E-05	7.665803
9.99999	5.44E-11	7.690424	0.0999999	8.74748E-05	7.690424
9.9	4.2E-11	7.715021	0.1	8.65906E-05	7.715021
9.8	3.94E-11	7.73958	0.0999997	8.57133E-05	7.73958
9.7	3.72E-11	7.764086	0.0999998	8.48383E-05	7.764086
9.6	3.63E-11	7.788848	0.0999998	8.39652E-05	7.788848
9.5	3.36E-11	7.813447	0.0999998	8.30934E-05	7.813447
9.4	3.21E-11	7.837958	0.0999998	8.22243E-05	7.837958
9.3	3.14E-11	7.862503	0.0999999	8.13551E-05	7.862503
9.2	3.09E-11	7.887046	0.0999999	8.04882E-05	7.887046
9.1	2.97E-11	7.911581	0.1	7.96231E-05	7.911581
9	2.89E-11	7.936083	0.1	7.87587E-05	7.936083
8.9	2.86E-11	7.960618	0.0999998	7.78972E-05	7.960618
8.8	2.76E-11	7.985122	0.1000001	7.70337E-05	7.985122
8.7	2.67E-11	8.009665	0.0999998	7.61714E-05	8.009665
8.6	2.6E-11	8.03415	0.1	7.53097E-05	8.03415
8.5	2.55E-11	8.058683	0.1000001	7.44493E-05	8.058683
8.4	3.11E-11	8.114029	0.0999998	7.35936E-05	8.114029
8.3	2.56E-11	8.138624	0.0999997	7.27352E-05	8.138624
8.2	2.47E-11	8.163138	0.1	7.18787E-05	8.163138
8.1	2.48E-11	8.187674	0.1000001	7.10222E-05	8.187674
8	2.36E-11	8.212232	0.1000001	7.0168E-05	8.212232
7.9	2.33E-11	8.236784	0.0999999	6.93152E-05	8.236784
7.8	2.3E-11	8.261324	0.1	6.84633E-05	8.261324
7.7	2.21E-11	8.285856	0.0999999	6.76116E-05	8.285856
7.6	2.2E-11	8.31036	0.0999999	6.67625E-05	8.31036
7.5	2.11E-11	8.334978	0.1000001	6.59143E-05	8.334978
7.4	2.14E-11	8.359493	0.1	6.50666E-05	8.359493
7.3	2.11E-11	8.384062	0.1000001	6.42199E-05	8.384062
7.2	2.01E-11	8.408578	0.1000001	6.3375E-05	8.408578
7.1	1.98E-11	8.433136	0.1000001	6.25305E-05	8.433136
7	1.92E-11	8.457654	0.1	6.16867E-05	8.457654
6.9	1.82E-11	8.482176	0.1	6.08435E-05	8.482176
6.8	1.94E-11	8.506826	0.0999998	6.00038E-05	8.506826
6.7	1.79E-11	8.531336	0.1	5.91628E-05	8.531336
6.6	1.74E-11	8.555858	0.0999998	5.83239E-05	8.555858
6.5	2.48E-11	8.617832	0.1	5.74918E-05	8.617832
6.4	1.91E-11	8.642393	0.1000001	5.66541E-05	8.642393
6.3	1.84E-11	8.666915	0.0999999	5.58164E-05	8.666915
6.2	1.76E-11	8.691483	0.0999998	5.49808E-05	8.691483
6.1	1.73E-11	8.71607	0.1	5.41472E-05	8.71607
6	1.6E-11	8.740611	0.1	5.33144E-05	8.740611
5.9	1.57E-11	8.76514	0.1000002	5.24813E-05	8.76514
5.8	1.53E-11	8.789614	0.1000001	5.16493E-05	8.789614
5.7	1.47E-11	8.814199	0.0999998	5.08197E-05	8.814199
5.6	1.39E-11	8.838791	0.0999999	4.99905E-05	8.838791
5.5	1.36E-11	8.863366	0.1000002	4.91621E-05	8.863366
5.4	1.34E-11	8.887909	0.0999999	4.83352E-05	8.887909
5.3	1.27E-11	8.912424	0.1	4.75088E-05	8.912424
5.2	1.23E-11	8.936921	0.1000002	4.66834E-05	8.936921
5.1	1.23E-11	8.96144	0.1000002	4.58587E-05	8.96144
5	1.17E-11	8.985943	0.1000001	4.50356E-05	8.985943
4.9	1.17E-11	9.010497	0.1000001	4.42132E-05	9.010497
4.8	1.06E-11	9.034996	0.0999997	4.33911E-05	9.034996
4.7	1.05E-11	9.059538	0.0999999	4.25707E-05	9.059538
4.6	1.66E-11	9.121224	0.0999999	4.1757E-05	9.121224
4.5	1.14E-11	9.145827	0.0999999	4.0938E-05	9.145827
4.4	1.03E-11	9.170355	0.0999998	4.01198E-05	9.170355
4.3	9.1E-12	9.194861	0.1	3.93017E-05	9.194861
4.2	8.8E-12	9.219441	0.1000001	3.84864E-05	9.219441
4.1	8.2E-12	9.243981	0.0999997	3.76715E-05	9.243981
4	7.3E-12	9.268511	0.0999998	3.68573E-05	9.268511
3.9	6.7E-12	9.293051	0.1	3.60447E-05	9.293051
3.8	6E-12	9.317609	0.0999997	3.52325E-05	9.317609
3.7	5.8E-12	9.342118	0.1000002	3.44222E-05	9.342118
3.6	5E-12	9.366684	0.0999999	3.36121E-05	9.366684
3.5	4.2E-12	9.391183	0.1000002	3.28028E-05	9.391183
3.4	3.2E-12	9.415723	0.0999998	3.1995E-05	9.415723
3.3	2.9E-12	9.440225	0.1	3.11877E-05	9.440225
3.2	2.9E-12	9.464828	0.0999999	3.03813E-05	9.464828
3.1	2E-12	9.48938	0.1000003	2.95766E-05	9.48938
3	9E-13	9.514	0.0999999	2.87728E-05	9.514
2.9	8E-13	9.538552	0.0999999	2.79697E-05	9.538552
2.8	-6E-13	9.563087	0.1	2.71681E-05	9.563087
2.7	5.4E-12	9.622744	0.0999999	2.63732E-05	9.622744
2.6	-1E-13	9.647287	0.1000001	2.55723E-05	9.647287
2.5	-1.3E-12	9.671845	0.1000001	2.47742E-05	9.671845
2.4	-3E-12	9.696366	0.0999999	2.39767E-05	9.696366
2.3	-3.8E-12	9.720979	0.1000002	2.31807E-05	9.720979
2.2	-4.7E-12	9.745498	0.1000001	2.23873E-05	9.745498
2.099999	-2.6E-12	9.771912	0.1000001	2.16013E-05	9.771912
2	-6.3E-12	9.796473	0.1	2.08102E-05	9.796473
1.9	-7.4E-12	9.821053	0.0999999	2.00213E-05	9.821053
1.8	-9.2E-12	9.845569	0.1	1.92339E-05	9.845569
1.7	-9.7E-12	9.87013	0.1	1.84486E-05	9.87013
1.6	-1.14E-11	9.894653	0.0999999	1.76658E-05	9.894653
1.5	-1.27E-11	9.919172	0.0999998	1.6885E-05	9.919172
1.4	-1.4E-11	9.943684	0.1000001	1.61079E-05	9.943684
1.3	-1.53E-11	9.968195	0.1	1.53338E-05	9.968195
1.2	-1.69E-11	9.992706	0.0999999	1.45633E-05	9.992706
1.1	-1.8E-11	10.017253	0.0999999	1.3797E-05	10.017253
1	-2.01E-11	10.041763	0.0999998	1.30366E-05	10.041763
0.9	-2.14E-11	10.066277	0.0999999	1.22817E-05	10.066277
0.8	-1.65E-11	10.123883	0.1000002	1.15392E-05	10.123883
0.7	-2.34E-11	10.148484	0.0999999	1.07969E-05	10.148484
0.6	-2.58E-11	10.172996	0.0999998	1.00637E-05	10.172996
0.5	-2.79E-11	10.197503	0.0999998	9.3398E-06	10.197503
0.4	-2.72E-11	10.224687	0.1000002	8.63199E-06	10.224687
0.3	-3.28E-11	10.249202	0.1	7.92603E-06	10.249202
0.1999999	-3.18E-11	10.275626	0.1	7.23277E-06	10.275626
0.0999995	-3.75E-11	10.300112	0.0999997	6.54939E-06	10.300112
-6E-07	-4E-11	10.324698	0.0999997	5.88075E-06	10.324698
#scan	iMeasureCycle=2	iMux=0	time=279.647	N=401	LocalTime=19/04/2023 19:00:18
#VGate(V)	IGate(A)	time(s)	VDrain(V)	IDrain(A)	time(s)
-2E-07	-1.74E-11	279.654576	0.0999999	6.04087E-06	279.654576
-0.1000002	-2.53E-11	279.679566	0.0999997	5.36929E-06	279.679566
-0.2000003	-2.75E-11	279.705134	0.1	4.71839E-06	279.705134
-0.3	-3.36E-11	279.729847	0.0999997	4.09061E-06	279.729847
-0.4	-3.62E-11	279.754369	0.0999997	3.49096E-06	279.754369
-0.5	-3.88E-11	279.778879	0.1	2.92439E-06	279.778879
-0.6	-4.11E-11	279.8034	0.1000001	2.39608E-06	279.8034
-0.7	-4.32E-11	279.827927	0.1	1.91189E-06	279.827927
-0.8	-4.46E-11	279.852493	0.0999998	1.47799E-06	279.852493
-0.9	-4.61E-11	279.877009	0.0999999	1.09958E-06	279.877009
-0.999999	-4.39E-11	279.904338	0.0999996	7.82579E-07	279.904338
-1.1	-4.84E-11	279.928836	0.0999995	5.24893E-07	279.928836
-1.2	-4.99E-11	279.953345	0.0999995	3.28511E-07	279.953345
-1.3	-5.12E-11	279.977845	0.0999995	1.88395E-07	279.977845
-1.4	-5.17E-11	280.002428	0.0999999	9.7232E-08	280.002428
-1.5	-4.65E-11	280.040083	0.0999952	4.5108E-08	280.040083
-1.600001	-6.54E-11	280.063366	0.1000041	1.76597E-08	280.063366
-1.700001	-6.81E-11	280.086583	0.1000018	5.9582E-09	280.086583
-1.800001	-6.95E-11	280.109798	0.1000007	1.6978E-09	280.109798
-1.900001	-6.86E-11	280.133091	0.1000004	4.039E-10	280.133091
-2.000001	-6.9E-11	280.156365	0.1000001	6.99E-11	280.156365
-2.099999	-4.91E-11	280.204123	0.1	1.2E-12	280.204123
-2.2	-6.79E-11	280.227672	0.1000001	-9.3E-12	280.227672
-2.3	-7.03E-11	280.250899	0.1	-1.05E-11	280.250899
-2.4	-7.17E-11	280.274122	0.1	-1.1E-11	280.274122
-2.5	-7.09E-11	280.297422	0.1000002	-1.06E-11	280.297422
-2.6	-7.1E-11	280.320773	0.0999999	-1.06E-11	280.320773
-2.7	-7.32E-11	280.344054	0.0999999	-1.04E-11	280.344054
-2.8	-7.24E-11	280.367368	0.1000002	-1.05E-11	280.367368
-2.9	-7.28E-11	280.390643	0.1000001	-1.01E-11	280.390643
-3	-7.43E-11	280.413862	0.1000002	-1E-11	280.413862
-3.1	-7.34E-11	280.437161	0.1000002	-1E-11	280.437161
-3.2	-7.44E-11	280.460451	0.1	-9.9E-12	280.460451
-3.3	-7.49E-11	280.483741	0.1000001	-1.01E-11	280.483741
-3.4	-7.7E-11	280.507028	0.1000001	-1.03E-11	280.507028
-3.5	-7.7E-11	280.530244	0.1000002	-9.7E-12	280.530244
-3.6	-7.69E-11	280.553462	0.1	-1.01E-11	280.553462
-3.7	-7.54E-11	280.57676	0.1	-1.02E-11	280.57676
-3.8	-7.78E-11	280.599969	0.1000002	-1.02E-11	280.599969
-3.9	-7.81E-11	280.623175	0.1	-9.9E-12	280.623175
-4	-7.68E-11	280.646467	0.1000002	-9.7E-12	280.646467
-4.1	-7.83E-11	280.669774	0.1000001	-9.6E-12	280.669774
-4.2	-5.83E-11	280.713434	0.0999998	-1.14E-11	280.713434
-4.3	-7.65E-11	280.736735	0.1	-1.02E-11	280.736735
-4.4	-7.91E-11	280.75995	0.1000003	-9.8E-12	280.75995
-4.5	-7.89E-11	280.783261	0.1000002	-9.7E-12	280.783261
-4.6	-7.97E-11	280.806522	0.1000002	-9.5E-12	280.806522
-4.7	-7.98E-11	280.829759	0.1000002	-9.9E-12	280.829759
-4.8	-7.94E-11	280.853022	0.1000002	-9.3E-12	280.853022
-4.9	-8.05E-11	280.876247	0.1000002	-9.5E-12	280.876247
-5	-7.87E-11	280.899552	0.1000001	-9.8E-12	280.899552
-5.1	-7.94E-11	280.922829	0.1	-1.02E-11	280.922829
-5.2	-8.16E-11	280.946023	0.1000001	-9.7E-12	280.946023
-5.3	-8.16E-11	280.969228	0.1000002	-9.2E-12	280.969228
-5.4	-7.97E-11	280.992583	0.1	-9.9E-12	280.992583
-5.5	-8.07E-11	281.015876	0.0999999	-9.5E-12	281.015876
-5.6	-8.04E-11	281.039156	0.1000001	-9.6E-12	281.039156
-5.7	-8.27E-11	281.062367	0.1000002	-9.7E-12	281.062367
-5.8	-8.09E-11	281.085657	0.0999999	-9.4E-12	281.085657
-5.9	-8.1E-11	281.10895	0.1000001	-9.5E-12	281.10895
-6	-8.11E-11	281.132245	0.1000002	-9.5E-12	281.132245
-6.1	-8.33E-11	281.155458	0.1	-9.5E-12	281.155458
-6.2	-8.22E-11	281.178833	0.1	-9.3E-12	281.178833
-6.3	-6.31E-11	281.218967	0.1000001	-1.07E-11	281.218967
-6.4	-8.08E-11	281.242288	0.1000002	-9.4E-12	281.242288
-6.5	-8.35E-11	281.265516	0.1000001	-9.1E-12	281.265516
-6.6	-8.36E-11	281.288812	0.1000001	-9E-12	281.288812
-6.7	-8.2E-11	281.312154	0.1000001	-9.2E-12	281.312154
-6.8	-8.4E-11	281.335432	0.1	-9E-12	281.335432
-6.9	-8.26E-11	281.358742	0.1000002	-9.4E-12	281.358742
-7	-6.24E-11	281.426651	0.1	-1.11E-11	281.426651
-7.1	-8.24E-11	281.449905	0.1000001	-9E-12	281.449905
-7.2	-8.2E-11	281.473205	0.0999999	-9.1E-12	281.473205
-7.3	-8.27E-11	281.496505	0.1000002	-9.2E-12	281.496505
-7.4	-6.74E-11	281.521667	0.0999998	-1.04E-11	281.521667
-7.5	-8.48E-11	281.544903	0.1000002	-8.8E-12	281.544903
-7.6	-8.55E-11	281.568115	0.1000001	-8.9E-12	281.568115
-7.7	-8.39E-11	281.591409	0.1000001	-9.2E-12	281.591409
-7.8	-8.5E-11	281.61465	0.1000002	-9.2E-12	281.61465
-7.9	-8.6E-11	281.637876	0.1000002	-9.6E-12	281.637876
-8	-8.66E-11	281.661173	0.1000001	-8.9E-12	281.661173
-8.1	-6.48E-11	281.72074	0.0999999	-1.13E-11	281.72074
-8.2	-8.49E-11	281.743986	0.1000001	-9.3E-12	281.743986
-8.3	-8.55E-11	281.767216	0.1000002	-9.2E-12	281.767216
-8.4	-8.38E-11	281.7905	0.1	-9.5E-12	281.7905
-8.5	-8.53E-11	281.813968	0.1000004	-9.5E-12	281.813968
-8.6	-8.68E-11	281.83718	0.1000002	-9E-12	281.83718
-8.7	-8.66E-11	281.860412	0.1000002	-9.5E-12	281.860412
-8.8	-8.53E-11	281.883701	0.1000003	-9.6E-12	281.883701
-8.9	-8.57E-11	281.907014	0.1000004	-9.5E-12	281.907014
-9	-8.77E-11	281.930216	0.1000003	-9E-12	281.930216
-9.1	-8.76E-11	281.953429	0.1000002	-9.1E-12	281.953429
-9.2	-8.63E-11	281.976723	0.0999999	-9.4E-12	281.976723
-9.3	-8.78E-11	281.999997	0.1000001	-8.7E-12	281.999997
-9.4	-8.84E-11	282.023227	0.1000002	-9E-12	282.023227
-9.5	-8.68E-11	282.046522	0.1000002	-9.2E-12	282.046522
-9.6	-8.69E-11	282.069811	0.1000001	-8.9E-12	282.069811
-9.7	-8.86E-11	282.093015	0.1000001	-8.7E-12	282.093015
-9.8	-8.86E-11	282.116233	0.1000001	-9.1E-12	282.116233
-9.9	-8.91E-11	282.139452	0.1	-9.2E-12	282.139452
-10	-8.78E-11	282.16274	0.1000001	-9E-12	282.16274
-9.90001	-6.32E-11	282.217901	0.1000001	-1.05E-11	282.217901
-9.80001	-4.1E-11	282.241127	0.0999998	-1.25E-11	282.241127
-9.70001	-3.93E-11	282.264375	0.0999998	-1.29E-11	282.264375
-9.60001	-3.96E-11	282.287671	0.0999997	-1.25E-11	282.287671
-9.50001	-3.81E-11	282.311012	0.0999996	-1.26E-11	282.311012
-9.40001	-3.61E-11	282.334327	0.0999999	-1.27E-11	282.334327
-9.30001	-3.4E-11	282.357548	0.0999998	-1.29E-11	282.357548
-9.20001	-3.48E-11	282.380836	0.0999998	-1.25E-11	282.380836
-9.10001	-3.42E-11	282.404127	0.0999998	-1.26E-11	282.404127
-9.00001	-3.13E-11	282.427336	0.0999997	-1.28E-11	282.427336
-8.90001	-3.11E-11	282.450551	0.0999998	-1.29E-11	282.450551
-8.80001	-3.13E-11	282.473844	0.0999997	-1.3E-11	282.473844
-8.70001	-2.91E-11	282.497151	0.0999996	-1.31E-11	282.497151
-8.60001	-2.82E-11	282.520375	0.0999998	-1.35E-11	282.520375
-8.50001	-2.98E-11	282.543666	0.0999996	-1.31E-11	282.543666
-8.40001	-2.91E-11	282.566945	0.0999998	-1.32E-11	282.566945
-8.30001	-2.69E-11	282.590156	0.0999997	-1.35E-11	282.590156
-8.20001	-2.62E-11	282.61338	0.0999998	-1.33E-11	282.61338
-8.10001	-2.59E-11	282.636591	0.0999997	-1.36E-11	282.636591
-8.00001	-2.76E-11	282.659874	0.0999997	-1.3E-11	282.659874
-7.90001	-2.55E-11	282.683211	0.0999999	-1.31E-11	282.683211
-7.80001	-4.46E-11	282.723949	0.0999999	-1.17E-11	282.723949
-7.70001	-2.65E-11	282.747257	0.0999997	-1.37E-11	282.747257
-7.6	-2.51E-11	282.770482	0.0999996	-1.37E-11	282.770482
-7.50001	-2.37E-11	282.793698	0.0999996	-1.36E-11	282.793698
-7.40001	-2.36E-11	282.816977	0.0999997	-1.35E-11	282.816977
-7.30001	-2.46E-11	282.840266	0.0999997	-1.3E-11	282.840266
-7.2	-2.24E-11	282.863488	0.0999997	-1.32E-11	282.863488
-7.10001	-2.17E-11	282.886703	0.0999997	-1.32E-11	282.886703
-7.00001	-2.15E-11	282.909928	0.0999997	-1.34E-11	282.909928
-6.90001	-2.29E-11	282.933295	0.0999998	-1.33E-11	282.933295
-6.80001	-2.06E-11	282.956497	0.0999997	-1.38E-11	282.956497
-6.70001	-2.03E-11	282.979711	0.0999996	-1.36E-11	282.979711
-6.60001	-1.99E-11	283.002977	0.0999998	-1.36E-11	283.002977
-6.50001	-2.09E-11	283.026273	0.0999997	-1.36E-11	283.026273
-6.40001	-1.89E-11	283.049477	0.0999996	-1.35E-11	283.049477
-6.30001	-2.04E-11	283.072785	0.0999998	-1.39E-11	283.072785
-6.20001	-2E-11	283.096079	0.0999998	-1.33E-11	283.096079
-6.10001	-1.99E-11	283.119363	0.0999998	-1.38E-11	283.119363
-6.00001	-1.81E-11	283.142576	0.0999998	-1.4E-11	283.142576
-5.90001	-1.75E-11	283.165782	0.0999996	-1.4E-11	283.165782
-5.80001	-3.84E-11	283.225106	0.0999999	-1.21E-11	283.225106
-5.70001	-2.02E-11	283.248416	0.0999998	-1.36E-11	283.248416
-5.60001	-1.91E-11	283.271722	0.0999998	-1.39E-11	283.271722
-5.50001	-1.86E-11	283.295012	0.0999998	-1.38E-11	283.295012
-5.40001	-1.64E-11	283.318275	0.0999997	-1.38E-11	283.318275
-5.30001	-1.82E-11	283.341659	0.0999995	-1.38E-11	283.341659
-5.20001	-1.61E-11	283.364928	0.0999997	-1.43E-11	283.364928
-5.1	-1.48E-11	283.388137	0.0999998	-1.43E-11	283.388137
-5.00001	-1.62E-11	283.411507	0.0999996	-1.37E-11	283.411507
-4.90001	-1.57E-11	283.434791	0.0999998	-1.37E-11	283.434791
-4.80001	-1.29E-11	283.457987	0.0999999	-1.42E-11	283.457987
-4.7	-1.3E-11	283.481201	0.0999997	-1.41E-11	283.481201
-4.60001	-1.4E-11	283.504491	0.0999998	-1.42E-11	283.504491
-4.50001	-1.33E-11	283.527785	0.0999998	-1.44E-11	283.527785
-4.40001	-1.32E-11	283.551071	0.0999996	-1.42E-11	283.551071
-4.3	-1.32E-11	283.574357	0.0999999	-1.43E-11	283.574357
-4.20001	-1.18E-11	283.597633	0.0999996	-1.42E-11	283.597633
-4.10001	-1.07E-11	283.620851	0.0999998	-1.46E-11	283.620851
-4.00001	-1.03E-11	283.644076	0.0999997	-1.42E-11	283.644076
-3.90001	-1.21E-11	283.667463	0.0999997	-1.36E-11	283.667463
-3.80001	-3.06E-11	283.726451	0.1	-1.25E-11	283.726451
-3.70001	-1.23E-11	283.74976	0.0999998	-1.44E-11	283.74976
-3.60001	-9.5E-12	283.772969	0.0999997	-1.44E-11	283.772969
-3.50001	-8.2E-12	283.796178	0.0999996	-1.44E-11	283.796178
-3.40001	-7.5E-12	283.819434	0.0999996	-1.42E-11	283.819434
-3.30001	-8.3E-12	283.842724	0.0999999	-1.44E-11	283.842724
-3.20001	-8.2E-12	283.866043	0.0999998	-1.44E-11	283.866043
-3.10001	-5.4E-12	283.889254	0.0999996	-1.43E-11	283.889254
-3.00001	-5.5E-12	283.912488	0.0999997	-1.47E-11	283.912488
-2.90001	-5.8E-12	283.935783	0.0999996	-1.43E-11	283.935783
-2.80001	-5.1E-12	283.959067	0.0999999	-1.45E-11	283.959067
-2.70001	-2.8E-12	283.982271	0.0999997	-1.46E-11	283.982271
-2.60001	-2.2E-12	284.005533	0.0999997	-1.47E-11	284.005533
-2.50001	-3E-12	284.028817	0.0999998	-1.44E-11	284.028817
-2.40001	-5E-13	284.052028	0.0999998	-1.51E-11	284.052028
-2.30001	1E-13	284.075261	0.0999997	-1.45E-11	284.075261
-2.20001	6E-13	284.098469	0.0999998	-1.01E-11	284.098469
-2.099999	-1.56E-11	284.123657	0.1	2.1E-11	284.123657
-2	4E-13	284.146943	0.0999997	1.804E-10	284.146943
-1.9	2.7E-12	284.17015	0.1	8.478E-10	284.17015
-1.800001	-1.81E-11	284.227688	0.1000004	2.9922E-09	284.227688
-1.699999	1.2E-12	284.251002	0.1000015	9.8107E-09	284.251002
-1.599999	2.6E-12	284.274297	0.1000038	2.65111E-08	284.274297
-1.5	5.5E-12	284.297504	0.1000028	6.19616E-08	284.297504
-1.400001	-1.4E-11	284.337181	0.1000001	1.23804E-07	284.337181
-1.3	-8.7E-12	284.361721	0.1000004	2.30463E-07	284.361721
-1.200001	-7E-12	284.386242	0.1000008	3.86264E-07	284.386242
-1.100001	-5.4E-12	284.410742	0.1000005	5.98344E-07	284.410742
-1	-4.3E-12	284.435281	0.1000009	8.69817E-07	284.435281
-0.900001	-8.3E-12	284.469861	0.1000001	1.19526E-06	284.469861
-0.800001	-2.5E-12	284.494417	0.1000001	1.5863E-06	284.494417
-0.700001	-1E-12	284.518926	0.1000001	2.02911E-06	284.518926
-0.6	6E-13	284.543474	0.0999999	2.51893E-06	284.543474
-0.500001	2.5E-12	284.567973	0.0999998	3.05037E-06	284.567973
-0.400001	3.6E-12	284.592528	0.1	3.61806E-06	284.592528
-0.3	6.1E-12	284.61704	0.1000003	4.21652E-06	284.61704
-0.2000001	3.8E-12	284.643497	0.1000001	4.8413E-06	284.643497
-0.0999995	8.8E-12	284.668004	0.1000001	5.48887E-06	284.668004
-1E-07	2.6E-12	284.734829	0.0999999	6.14026E-06	284.734829
0.1000005	1.02E-11	284.759359	0.1000001	6.82633E-06	284.759359
0.2000002	1.27E-11	284.783892	0.1000001	7.52308E-06	284.783892
0.299999	1.49E-11	284.808618	0.1000001	8.22904E-06	284.808618
0.4	1.72E-11	284.833172	0.1	8.94545E-06	284.833172
0.499999	1.92E-11	284.857676	0.1	9.67107E-06	284.857676
0.6	2.07E-11	284.88225	0.1000001	1.040506E-05	284.88225
0.699999	1.77E-11	284.916798	0.1000001	1.11373E-05	284.916798
0.799999	2.43E-11	284.941311	0.1000001	1.18888E-05	284.941311
0.899999	2.61E-11	284.965829	0.0999999	1.26457E-05	284.965829
0.999999	2.8E-11	284.990362	0.0999999	1.34088E-05	284.990362
1.1	3.01E-11	285.014929	0.1000001	1.41765E-05	285.014929
1.2	3.19E-11	285.039443	0.1	1.49487E-05	285.039443
1.3	3.36E-11	285.063969	0.1000001	1.57249E-05	285.063969
1.399999	3.5E-11	285.088464	0.1000001	1.65043E-05	285.088464
1.5	3.66E-11	285.112981	0.0999998	1.72867E-05	285.112981
1.599999	3.75E-11	285.137475	0.1000001	1.80711E-05	285.137475
1.699999	3.83E-11	285.161988	0.1000001	1.88576E-05	285.161988
1.8	3.91E-11	285.186612	0.0999999	1.9646E-05	285.186612
1.899999	3.29E-11	285.235944	0.1000002	2.04297E-05	285.235944
2	3.86E-11	285.260492	0.1	2.12231E-05	285.260492
2.099999	4.02E-11	285.285003	0.1	2.20168E-05	285.285003
2.19999	4.09E-11	285.309724	0.1	2.28045E-05	285.309724
2.29999	4.17E-11	285.33433	0.1	2.35999E-05	285.33433
2.39999	4.26E-11	285.358883	0.1	2.43963E-05	285.358883
2.49999	4.34E-11	285.383426	0.1000001	2.51941E-05	285.383426
2.59999	4.4E-11	285.407945	0.0999999	2.59917E-05	285.407945
2.69999	4.39E-11	285.432499	0.1000001	2.67905E-05	285.432499
2.79999	4.5E-11	285.45701	0.1000001	2.75893E-05	285.45701
2.89999	4.51E-11	285.481537	0.1	2.83896E-05	285.481537
2.99999	4.53E-11	285.506046	0.1000001	2.91895E-05	285.506046
3.09999	4.6E-11	285.530577	0.0999999	2.99907E-05	285.530577
3.19999	4.64E-11	285.555075	0.1000001	3.07919E-05	285.555075
3.29999	4.66E-11	285.579605	0.0999999	3.15938E-05	285.579605
3.39999	4.64E-11	285.604137	0.1000001	3.23962E-05	285.604137
3.49999	4.71E-11	285.628648	0.1000002	3.3199E-05	285.628648
3.59999	4.76E-11	285.653163	0.0999999	3.40022E-05	285.653163
3.69999	4.82E-11	285.677732	0.1000002	3.48071E-05	285.677732
3.79999	4.11E-11	285.734474	0.1000002	3.56016E-05	285.734474
3.89999	4.64E-11	285.759003	0.0999999	3.64101E-05	285.759003
3.99999	4.73E-11	285.783511	0.1000001	3.72176E-05	285.783511
4.09999	4.74E-11	285.807978	0.1000001	3.80259E-05	285.807978
4.19999	4.78E-11	285.83258	0.1000002	3.88341E-05	285.83258
4.29999	4.84E-11	285.857148	0.1000002	3.96437E-05	285.857148
4.39999	4.9E-11	285.881686	0.0999999	4.04532E-05	285.881686
4.49999	4.89E-11	285.906219	0.1000001	4.12633E-05	285.906219
4.59999	4.92E-11	285.930746	0.1	4.20739E-05	285.930746
4.69999	4.98E-11	285.955257	0.1	4.28862E-05	285.955257
4.79999	4.98E-11	285.979779	0.1	4.36985E-05	285.979779
4.89999	4.91E-11	286.004524	0.1000003	4.45119E-05	286.004524
4.99999	5.02E-11	286.029043	0.1000001	4.53267E-05	286.029043
5.09999	5.04E-11	286.053584	0.1000001	4.61422E-05	286.053584
5.19999	5.03E-11	286.078096	0.1	4.69583E-05	286.078096
5.29999	5.09E-11	286.102611	0.0999999	4.77744E-05	286.102611
5.39999	5.11E-11	286.127126	0.0999999	4.85936E-05	286.127126
5.49999	5.09E-11	286.151636	0.0999999	4.94127E-05	286.151636
5.59999	5.14E-11	286.17617	0.1	5.0232E-05	286.17617
5.69999	4.51E-11	286.236008	0.1000001	5.10422E-05	286.236008
5.79999	4.99E-11	286.260522	0.1000002	5.18678E-05	286.260522
5.89999	5.08E-11	286.285074	0.1	5.2693E-05	286.285074
5.99999	5.09E-11	286.309571	0.1	5.35177E-05	286.309571
6.09999	5.11E-11	286.334148	0.1000001	5.43438E-05	286.334148
6.19999	5.18E-11	286.358717	0.1000002	5.51695E-05	286.358717
6.29999	5.16E-11	286.38327	0.1000001	5.59981E-05	286.38327
6.39999	5.19E-11	286.407771	0.1	5.68267E-05	286.407771
6.49999	5.22E-11	286.432304	0.1000001	5.7656E-05	286.432304
6.59999	5.25E-11	286.45678	0.1000002	5.84869E-05	286.45678
6.69999	5.26E-11	286.481311	0.0999999	5.93189E-05	286.481311
6.79999	5.32E-11	286.505908	0.0999998	6.01513E-05	286.505908
6.89999	5.38E-11	286.530452	0.1000002	6.09848E-05	286.530452
6.99999	5.42E-11	286.55496	0.1000001	6.18185E-05	286.55496
7.09999	5.43E-11	286.579477	0.1000002	6.26561E-05	286.579477
7.19999	5.44E-11	286.603981	0.1000001	6.34928E-05	286.603981
7.29999	5.42E-11	286.628492	0.1000001	6.43303E-05	286.628492
7.39999	5.35E-11	286.653041	0.1000001	6.51702E-05	286.653041
7.49999	5.45E-11	286.677612	0.0999999	6.60107E-05	286.677612
7.59999	4.72E-11	286.738018	0.1000003	6.68411E-05	286.738018
7.69999	5.28E-11	286.762658	0.1000003	6.76859E-05	286.762658
7.79999	5.31E-11	286.787171	0.1	6.8531E-05	286.787171
7.89999	5.42E-11	286.811697	0.1000001	6.93763E-05	286.811697
7.99999	5.37E-11	286.83628	0.0999999	7.02227E-05	286.83628
8.09999	5.41E-11	286.860817	0.0999999	7.10698E-05	286.860817
8.19999	5.5E-11	286.885359	0.1000001	7.19175E-05	286.885359
8.29999	5.52E-11	286.90987	0.1000001	7.27677E-05	286.90987
8.39999	5.53E-11	286.934402	0.1000002	7.36169E-05	286.934402
8.49999	5.57E-11	286.958918	0.1000001	7.44671E-05	286.958918
8.59999	5.53E-11	286.98347	0.1000003	7.53203E-05	286.98347
8.69999	5.58E-11	287.007976	0.1	7.6174E-05	287.007976
8.79999	5.58E-11	287.032502	0.1000003	7.70278E-05	287.032502
8.89999	5.57E-11	287.057047	0.1	7.78839E-05	287.057047
8.99999	5.56E-11	287.081597	0.0999998	7.87418E-05	287.081597
9.09999	5.58E-11	287.106142	0.1000002	7.95995E-05	287.106142
9.19999	5.57E-11	287.130649	0.1000002	8.04589E-05	287.130649
9.29999	5.65E-11	287.155145	0.1	8.13155E-05	287.155145
9.39999	5.68E-11	287.179667	0.0999998	8.21799E-05	287.179667
9.49999	5.05E-11	287.239011	0.0999997	8.30353E-05	287.239011
9.59999	5.48E-11	287.263558	0.1000001	8.39043E-05	287.263558
9.69999	5.55E-11	287.288089	0.0999999	8.47699E-05	287.288089
9.79999	5.53E-11	287.312631	0.1000002	8.56378E-05	287.312631
9.89999	5.63E-11	287.337205	0.0999998	8.6507E-05	287.337205
9.99999	5.64E-11	287.361799	0.0999999	8.73755E-05	287.361799
9.9	4.33E-11	287.386346	0.1000001	8.64914E-05	287.386346
9.8	3.97E-11	287.410854	0.1000001	8.56136E-05	287.410854
9.7	3.78E-11	287.435387	0.0999998	8.47394E-05	287.435387
9.6	3.58E-11	287.459919	0.1000002	8.3866E-05	287.459919
9.5	3.42E-11	287.484418	0.0999998	8.29938E-05	287.484418
9.4	3.29E-11	287.508943	0.0999998	8.21244E-05	287.508943
9.3	3.17E-11	287.533446	0.0999999	8.12571E-05	287.533446
9.2	3.06E-11	287.557988	0.1	8.03892E-05	287.557988
9.1	3E-11	287.582498	0.0999999	7.95235E-05	287.582498
9	2.94E-11	287.607024	0.1	7.86594E-05	287.607024
8.9	2.79E-11	287.631551	0.1	7.77998E-05	287.631551
8.8	2.74E-11	287.656086	0.0999999	7.69361E-05	287.656086
8.7	2.71E-11	287.68065	0.0999999	7.60714E-05	287.68065
8.6	3.25E-11	287.740493	0.1	7.5213E-05	287.740493
8.5	2.71E-11	287.765004	0.1	7.4352E-05	287.765004
8.4	2.6E-11	287.789533	0.0999998	7.34918E-05	287.789533
8.3	2.53E-11	287.814048	0.0999998	7.26341E-05	287.814048
8.2	2.54E-11	287.838656	0.0999998	7.17777E-05	287.838656
8.1	2.46E-11	287.863199	0.0999999	7.09228E-05	287.863199
8	2.4E-11	287.887749	0.1000001	7.00686E-05	287.887749
7.9	2.34E-11	287.912272	0.1	6.92149E-05	287.912272
7.8	2.29E-11	287.936773	0.0999999	6.8363E-05	287.936773
7.7	2.23E-11	287.961399	0.0999998	6.75128E-05	287.961399
7.6	2.22E-11	287.985938	0.1000002	6.66637E-05	287.985938
7.5	2.17E-11	288.010456	0.1000001	6.5815E-05	288.010456
7.4	2.08E-11	288.034968	0.1000001	6.4967E-05	288.034968
7.3	2.1E-11	288.059495	0.1	6.41213E-05	288.059495
7.2	2.05E-11	288.084053	0.1	6.32754E-05	288.084053
7.1	2.01E-11	288.108621	0.0999999	6.24306E-05	288.108621
7	1.93E-11	288.13313	0.0999999	6.15873E-05	288.13313
6.9	1.98E-11	288.157653	0.0999999	6.07449E-05	288.157653
6.8	1.9E-11	288.182201	0.0999998	5.99036E-05	288.182201
6.7	2.51E-11	288.242218	0.1000001	5.90688E-05	288.242218
6.6	2E-11	288.266751	0.0999999	5.82278E-05	288.266751
6.5	1.86E-11	288.291267	0.0999999	5.73899E-05	288.291267
6.4	1.79E-11	288.315787	0.0999999	5.65528E-05	288.315787
6.3	1.77E-11	288.340362	0.0999999	5.57156E-05	288.340362
6.2	1.7E-11	288.364948	0.0999997	5.48798E-05	288.364948
6.1	1.61E-11	288.389493	0.1	5.40462E-05	288.389493
6	1.58E-11	288.414017	0.1000001	5.32128E-05	288.414017
5.9	1.57E-11	288.438525	0.0999999	5.23804E-05	288.438525
5.8	1.54E-11	288.463093	0.0999996	5.15492E-05	288.463093
5.7	1.49E-11	288.487604	0.0999998	5.07188E-05	288.487604
5.6	1.43E-11	288.512198	0.0999999	4.98893E-05	288.512198
5.5	1.41E-11	288.536729	0.1	4.906E-05	288.536729
5.4	1.33E-11	288.561225	0.1	4.82336E-05	288.561225
5.3	1.34E-11	288.58578	0.0999999	4.74078E-05	288.58578
5.2	1.26E-11	288.610282	0.0999999	4.65823E-05	288.610282
5.1	1.2E-11	288.634795	0.0999999	4.57572E-05	288.634795
5	1.16E-11	288.65934	0.0999999	4.49342E-05	288.65934
4.9	1.15E-11	288.683948	0.0999998	4.41116E-05	288.683948
4.8	1.67E-11	288.739223	0.1000001	4.32943E-05	288.739223
4.7	1.21E-11	288.763727	0.1	4.24731E-05	288.763727
4.6	1.14E-11	288.788273	0.1	4.16537E-05	288.788273
4.5	1.02E-11	288.812806	0.1	4.08346E-05	288.812806
4.4	9.9E-12	288.837394	0.0999999	4.00164E-05	288.837394
4.3	9.4E-12	288.86194	0.0999997	3.91995E-05	288.86194
4.2	9E-12	288.886516	0.1000001	3.83844E-05	288.886516
4.1	8.2E-12	288.911022	0.0999996	3.75684E-05	288.911022
4	7.9E-12	288.935525	0.0999999	3.67553E-05	288.935525
3.9	7.2E-12	288.960029	0.1	3.5943E-05	288.960029
3.8	6.8E-12	288.984535	0.1	3.5131E-05	288.984535
3.7	6E-12	289.009093	0.1	3.43204E-05	289.009093
3.6	4.9E-12	289.03366	0.1000001	3.35104E-05	289.03366
3.5	5.2E-12	289.058214	0.1	3.27018E-05	289.058214
3.4	4.3E-12	289.082742	0.1000001	3.18936E-05	289.082742
3.3	3.5E-12	289.107282	0.1	3.10861E-05	289.107282
3.2	2.8E-12	289.131805	0.1	3.02807E-05	289.131805
3.1	2.3E-12	289.156348	0.1	2.94763E-05	289.156348
3	1.6E-12	289.180854	0.0999999	2.86723E-05	289.180854
2.9	9.1E-12	289.243372	0.0999999	2.78755E-05	289.243372
2.8	2.5E-12	289.26791	0.1	2.7073E-05	289.26791
2.7	9E-13	289.292437	0.0999999	2.62725E-05	289.292437
2.6	-3E-13	289.316979	0.0999997	2.54726E-05	289.316979
2.5	-1.2E-12	289.341572	0.0999998	2.46745E-05	289.341572
2.4	-2.2E-12	289.36616	0.0999999	2.38775E-05	289.36616
2.3	-3E-12	289.39081	0.0999999	2.3082E-05	289.39081
2.2	-4.2E-12	289.415324	0.0999999	2.22882E-05	289.415324
2.099999	-2E-12	289.441744	0.1	2.1503E-05	289.441744
2	-6E-12	289.466244	0.0999997	2.07124E-05	289.466244
1.9	-6.9E-12	289.490774	0.1000001	1.99231E-05	289.490774
1.8	-8.6E-12	289.515317	0.0999999	1.91359E-05	289.515317
1.7	-9.9E-12	289.539831	0.0999998	1.83511E-05	289.539831
1.6	-1.12E-11	289.564324	0.1	1.75686E-05	289.564324
1.5	-1.24E-11	289.588907	0.0999999	1.67884E-05	289.588907
1.4	-1.39E-11	289.613419	0.1	1.60116E-05	289.613419
1.3	-1.49E-11	289.63796	0.0999999	1.52382E-05	289.63796
1.2	-1.62E-11	289.662462	0.0999999	1.44689E-05	289.662462
1.1	-1.82E-11	289.687041	0.0999999	1.37036E-05	289.687041
1	-1.32E-11	289.742381	0.1	1.29486E-05	289.742381
0.9	-1.97E-11	289.766916	0.1	1.21929E-05	289.766916
0.8	-2.19E-11	289.791441	0.1000001	1.1445E-05	289.791441
0.7	-2.41E-11	289.815951	0.0999999	1.07054E-05	289.815951
0.6	-2.59E-11	289.840516	0.1000001	9.9742E-06	289.840516
0.5	-2.81E-11	289.865074	0.0999999	9.2516E-06	289.865074
0.4	-2.65E-11	289.892135	0.1000001	8.54516E-06	289.892135
0.3	-3.27E-11	289.916641	0.0999997	7.84079E-06	289.916641
0.1999998	-3.18E-11	289.943079	0.0999998	7.14891E-06	289.943079
0.0999998	-3.77E-11	289.967569	0.0999997	6.46809E-06	289.967569
-4E-07	-3.97E-11	289.992065	0.0999997	5.80136E-06	289.992065
#scan	iMeasureCycle=3	iMux=0	time=319.732	N=401	LocalTime=19/04/2023 19:00:58
#VGate(V)	IGate(A)	time(s)	VDrain(V)	IDrain(A)	time(s)
-2E-07	-1.75E-11	319.739897	0.1000001	5.96024E-06	319.739897
-0.1000001	-2.55E-11	319.764788	0.1	5.29295E-06	319.764788
-0.1999999	-2.7E-11	319.79038	0.1	4.64619E-06	319.79038
-0.3	-3.28E-11	319.815131	0.1000001	4.02254E-06	319.815131
-0.4	-3.55E-11	319.839759	0.0999998	3.42796E-06	319.839759
-0.5	-3.86E-11	319.864261	0.0999999	2.86646E-06	319.864261
-0.6	-4.07E-11	319.888759	0.1	2.34361E-06	319.888759
-0.7	-4.25E-11	319.913299	0.0999998	1.86529E-06	319.913299
-0.8	-4.43E-11	319.937842	0.0999999	1.43764E-06	319.937842
-0.9	-4.56E-11	319.962395	0.1	1.06593E-06	319.962395
-1	-4.34E-11	319.989718	0.0999995	7.55253E-07	319.989718
-1.1	-4.84E-11	320.014249	0.0999996	5.03615E-07	320.014249
-1.2	-4.95E-11	320.038763	0.0999996	3.12813E-07	320.038763
-1.3	-5.03E-11	320.063323	0.0999999	1.77717E-07	320.063323
-1.4	-4.51E-11	320.101033	0.0999939	9.20221E-08	320.101033
-1.500001	-6.58E-11	320.124241	0.1000103	4.10389E-08	320.124241
-1.600001	-6.7E-11	320.147454	0.1000047	1.5892E-08	320.147454
-1.700001	-6.67E-11	320.170733	0.1000015	5.2713E-09	320.170733
-1.800001	-6.72E-11	320.194022	0.1000004	1.4801E-09	320.194022
-1.900001	-7.01E-11	320.217214	0.1000004	3.411E-10	320.217214
-2.000001	-7.01E-11	320.240528	0.1000004	5.64E-11	320.240528
-2.1	-4.91E-11	320.287713	0.1000002	-2.2E-12	320.287713
-2.2	-6.97E-11	320.311197	0.1000004	-9.4E-12	320.311197
-2.3	-6.97E-11	320.334452	0.1000001	-1.11E-11	320.334452
-2.4	-7.17E-11	320.357755	0.1000004	-1.08E-11	320.357755
-2.5	-7.06E-11	320.38105	0.1000004	-1.08E-11	320.38105
-2.6	-7.07E-11	320.404401	0.1000002	-1.07E-11	320.404401
-2.7	-7.33E-11	320.427604	0.1000002	-1.03E-11	320.427604
-2.8	-7.24E-11	320.450896	0.1000003	-1.08E-11	320.450896
-2.9	-7.25E-11	320.474187	0.1000001	-1.07E-11	320.474187
-3	-7.46E-11	320.497508	0.1000001	-1.05E-11	320.497508
-3.1	-7.54E-11	320.520722	0.1000002	-1.06E-11	320.520722
-3.2	-7.6E-11	320.543926	0.1000004	-1.08E-11	320.543926
-3.3	-7.6E-11	320.567167	0.1	-1.06E-11	320.567167
-3.4	-7.62E-11	320.590387	0.1000001	-1E-11	320.590387
-3.5	-7.66E-11	320.6136	0.1000004	-1.03E-11	320.6136
-3.6	-7.68E-11	320.6368	0.1000002	-1.04E-11	320.6368
-3.7	-7.77E-11	320.660013	0.1000001	-1.04E-11	320.660013
-3.8	-7.65E-11	320.683305	0.1000003	-1.01E-11	320.683305
-3.9	-7.74E-11	320.706511	0.1000003	-9.6E-12	320.706511
-4	-7.84E-11	320.729716	0.1000003	-9.5E-12	320.729716
-4.1	-7.69E-11	320.753051	0.1000001	-9.7E-12	320.753051
-4.2	-5.78E-11	320.803	0.1000002	-1.21E-11	320.803
-4.3	-7.54E-11	320.826302	0.1000003	-1.03E-11	320.826302
-4.4	-7.75E-11	320.849633	0.1000003	-1E-11	320.849633
-4.5	-7.9E-11	320.872863	0.1000003	-1.02E-11	320.872863
-4.6	-7.56E-11	320.8963	0.1000004	-1.05E-11	320.8963
-4.7	-7.75E-11	320.919604	0.1000002	-1.03E-11	320.919604
-4.8	-7.98E-11	320.942812	0.1000001	-9.9E-12	320.942812
-4.9	-8.01E-11	320.966033	0.1000003	-9.9E-12	320.966033
-5	-7.87E-11	320.989319	0.1000002	-1.01E-11	320.989319
-5.1	-7.83E-11	321.012609	0.1000003	-1.04E-11	321.012609
-5.2	-8.04E-11	321.03582	0.1000002	-1.01E-11	321.03582
-5.3	-8.09E-11	321.059046	0.1000003	-9.9E-12	321.059046
-5.4	-7.96E-11	321.082388	0.1000003	-1.01E-11	321.082388
-5.5	-7.96E-11	321.105681	0.1000001	-9.8E-12	321.105681
-5.6	-8.21E-11	321.128892	0.1000002	-9.6E-12	321.128892
-5.7	-8.04E-11	321.152256	0.1000002	-1.03E-11	321.152256
-5.8	-8.04E-11	321.175537	0.1000002	-1.03E-11	321.175537
-5.9	-8.21E-11	321.198764	0.1000003	-1.01E-11	321.198764
-6	-8.14E-11	321.222049	0.1000003	-1.04E-11	321.222049
-6.1	-8.19E-11	321.245421	0.1000002	-1E-11	321.245421
-6.2	-6.19E-11	321.304471	0.0999999	-1.09E-11	321.304471
-6.3	-8.01E-11	321.327779	0.1000002	-1.01E-11	321.327779
-6.4	-8.2E-11	321.351	0.1000003	-1.01E-11	321.351
-6.5	-8.29E-11	321.374228	0.1000003	-9.8E-12	321.374228
-6.6	-8.04E-11	321.397644	0.1000001	-1E-11	321.397644
-6.7	-8.34E-11	321.420914	0.1000001	-9.7E-12	321.420914
-6.8	-8.31E-11	321.444124	0.1000002	-9.9E-12	321.444124
-6.9	-8.35E-11	321.467375	0.1000002	-9.8E-12	321.467375
-7	-8.3E-11	321.490672	0.1000003	-9.8E-12	321.490672
-7.1	-8.3E-11	321.513957	0.1000003	-9.8E-12	321.513957
-7.2	-8.29E-11	321.537244	0.1000002	-9.8E-12	321.537244
-7.3	-8.51E-11	321.560462	0.1000003	-9.7E-12	321.560462
-7.4	-8.37E-11	321.583758	0.1000004	-9.8E-12	321.583758
-7.5	-8.39E-11	321.607029	0.1000003	-1.02E-11	321.607029
-7.6	-8.57E-11	321.630247	0.1000003	-9.5E-12	321.630247
-7.7	-8.65E-11	321.653451	0.1000004	-9.3E-12	321.653451
-7.8	-8.42E-11	321.676758	0.1000002	-9.2E-12	321.676758
-7.9	-8.64E-11	321.699962	0.1000005	-9.4E-12	321.699962
-8	-8.64E-11	321.723182	0.1000003	-9.9E-12	321.723182
-8.1	-8.67E-11	321.746449	0.1000002	-9.6E-12	321.746449
-8.2	-6.53E-11	321.802263	0.1000001	-1.15E-11	321.802263
-8.3	-8.56E-11	321.825499	0.1000004	-9E-12	321.825499
-8.4	-8.43E-11	321.848789	0.1000001	-9.3E-12	321.848789
-8.5	-8.43E-11	321.872092	0.1000002	-9.3E-12	321.872092
-8.6	-8.69E-11	321.895369	0.1000002	-9.2E-12	321.895369
-8.7	-8.69E-11	321.918607	0.1000004	-9.3E-12	321.918607
-8.8	-8.55E-11	321.941899	0.1000003	-9.4E-12	321.941899
-8.9	-8.58E-11	321.965192	0.1000003	-9.8E-12	321.965192
-9	-8.72E-11	321.98841	0.1000003	-9.4E-12	321.98841
-9.1	-8.72E-11	322.011631	0.1000003	-9.7E-12	322.011631
-9.2	-8.57E-11	322.034922	0.1000002	-9.6E-12	322.034922
-9.3	-8.56E-11	322.058208	0.1000003	-9.6E-12	322.058208
-9.4	-8.82E-11	322.08147	0.1000004	-9.7E-12	322.08147
-9.5	-8.85E-11	322.10468	0.1000002	-9.3E-12	322.10468
-9.6	-8.66E-11	322.127968	0.1000001	-9.5E-12	322.127968
-9.7	-8.69E-11	322.151253	0.1000003	-9.5E-12	322.151253
-9.8	-8.83E-11	322.174495	0.1000002	-9.2E-12	322.174495
-9.9	-8.68E-11	322.197783	0.1000003	-9.5E-12	322.197783
-10	-8.77E-11	322.221065	0.1000002	-9.1E-12	322.221065
-9.90001	-4.6E-11	322.244413	0.0999999	-1.24E-11	322.244413
-9.80001	-4.34E-11	322.267655	0.0999999	-1.32E-11	322.267655
-9.70001	-5.97E-11	322.308247	0.1	-1.14E-11	322.308247
-9.60001	-3.88E-11	322.331476	0.0999999	-1.34E-11	322.331476
-9.50001	-3.73E-11	322.354696	0.0999999	-1.3E-11	322.354696
-9.40001	-3.58E-11	322.377915	0.0999998	-1.29E-11	322.377915
-9.30001	-3.42E-11	322.401189	0.0999998	-1.31E-11	322.401189
-9.20001	-3.3E-11	322.42447	0.0999998	-1.3E-11	322.42447
-9.10001	-3.21E-11	322.447682	0.0999995	-1.25E-11	322.447682
-9.00001	-3.15E-11	322.470926	0.0999997	-1.3E-11	322.470926
-8.90001	-3.1E-11	322.494223	0.0999999	-1.32E-11	322.494223
-8.80001	-3.23E-11	322.517521	0.0999998	-1.31E-11	322.517521
-8.70001	-2.95E-11	322.54072	0.1	-1.34E-11	322.54072
-8.60001	-3.14E-11	322.564053	0.0999998	-1.3E-11	322.564053
-8.50001	-3E-11	322.58735	0.0999999	-1.3E-11	322.58735
-8.40001	-2.8E-11	322.610554	0.0999998	-1.3E-11	322.610554
-8.30001	-2.75E-11	322.633767	0.1	-1.3E-11	322.633767
-8.20001	-2.66E-11	322.656985	0.0999998	-1.32E-11	322.656985
-8.10001	-2.81E-11	322.680294	0.0999998	-1.33E-11	322.680294
-8	-2.62E-11	322.703502	0.0999998	-1.35E-11	322.703502
-7.90001	-2.52E-11	322.726717	0.0999997	-1.32E-11	322.726717
-7.80001	-2.46E-11	322.749985	0.0999999	-1.31E-11	322.749985
-7.70001	-4.46E-11	322.804573	0.1000001	-1.14E-11	322.804573
-7.6	-2.57E-11	322.827807	0.0999998	-1.34E-11	322.827807
-7.50001	-2.44E-11	322.851031	0.0999999	-1.33E-11	322.851031
-7.40001	-2.39E-11	322.874253	0.0999998	-1.34E-11	322.874253
-7.30001	-2.6E-11	322.897638	0.0999997	-1.35E-11	322.897638
-7.2	-2.32E-11	322.92089	0.0999999	-1.38E-11	322.92089
-7.10001	-2.29E-11	322.944104	0.0999998	-1.37E-11	322.944104
-7.00001	-2.37E-11	322.967403	0.0999998	-1.34E-11	322.967403
-6.90001	-2.29E-11	322.990692	0.0999999	-1.35E-11	322.990692
-6.80001	-2.09E-11	323.013895	0.0999997	-1.38E-11	323.013895
-6.70001	-2.06E-11	323.037102	0.0999998	-1.35E-11	323.037102
-6.60001	-2.17E-11	323.060396	0.0999996	-1.36E-11	323.060396
-6.50001	-2.28E-11	323.083806	0.0999997	-1.38E-11	323.083806
-6.40001	-1.94E-11	323.107032	0.0999998	-1.39E-11	323.107032
-6.30001	-1.93E-11	323.13024	0.0999998	-1.42E-11	323.13024
-6.20001	-2.01E-11	323.153527	0.0999997	-1.41E-11	323.153527
-6.10001	-1.98E-11	323.176824	0.0999999	-1.36E-11	323.176824
-6.00001	-1.75E-11	323.200039	0.0999997	-1.38E-11	323.200039
-5.90001	-2.02E-11	323.223364	0.0999998	-1.33E-11	323.223364
-5.80001	-1.84E-11	323.246733	0.0999997	-1.38E-11	323.246733
-5.70001	-1.69E-11	323.270036	0.0999998	-1.4E-11	323.270036
-5.60001	-3.66E-11	323.31091	0.1	-1.25E-11	323.31091
-5.50001	-1.76E-11	323.33415	0.0999998	-1.41E-11	323.33415
-5.40001	-1.64E-11	323.35737	0.0999998	-1.41E-11	323.35737
-5.30001	-1.79E-11	323.380666	0.0999998	-1.4E-11	323.380666
-5.20001	-1.56E-11	323.403943	0.0999999	-1.41E-11	323.403943
-5.1	-1.46E-11	323.42722	0.0999999	-1.41E-11	323.42722
-5.00001	-1.4E-11	323.450428	0.0999999	-1.37E-11	323.450428
-4.90001	-1.52E-11	323.473711	0.0999997	-1.38E-11	323.473711
-4.80001	-1.35E-11	323.496944	0.0999999	-1.45E-11	323.496944
-4.7	-1.36E-11	323.520166	0.0999999	-1.42E-11	323.520166
-4.60001	-1.24E-11	323.543385	0.0999998	-1.42E-11	323.543385
-4.50001	-1.31E-11	323.566665	0.0999998	-1.39E-11	323.566665
-4.40001	-1.37E-11	323.589999	0.0999999	-1.42E-11	323.589999
-4.3	-1.13E-11	323.613219	0.0999999	-1.42E-11	323.613219
-4.20001	-1.01E-11	323.636433	0.0999998	-1.4E-11	323.636433
-4.10001	-1.16E-11	323.659727	0.0999999	-1.39E-11	323.659727
-4.00001	-1.14E-11	323.683011	0.0999999	-1.39E-11	323.683011
-3.90001	-9E-12	323.706236	0.0999998	-1.41E-11	323.706236
-3.80001	-8.3E-12	323.729444	0.0999997	-1.44E-11	323.729444
-3.70001	-9.7E-12	323.752779	0.0999998	-1.43E-11	323.752779
-3.60001	-2.84E-11	323.807592	0.1000001	-1.28E-11	323.807592
-3.50001	-1.02E-11	323.830916	0.1	-1.39E-11	323.830916
-3.40001	-9.6E-12	323.854198	0.0999997	-1.43E-11	323.854198
-3.30001	-7.4E-12	323.877402	0.0999998	-1.43E-11	323.877402
-3.20001	-6.4E-12	323.900693	0.1000001	-1.46E-11	323.900693
-3.10001	-7.7E-12	323.923994	0.1	-1.46E-11	323.923994
-3.00001	-6.5E-12	323.947277	0.1	-1.45E-11	323.947277
-2.90001	-4.5E-12	323.970481	0.0999999	-1.52E-11	323.970481
-2.80001	-3.8E-12	323.993711	0.0999998	-1.5E-11	323.993711
-2.70001	-4.5E-12	324.017002	0.0999998	-1.53E-11	324.017002
-2.60001	-3.9E-12	324.040296	0.0999996	-1.51E-11	324.040296
-2.50001	-1.4E-12	324.063502	0.0999997	-1.56E-11	324.063502
-2.40001	-1E-12	324.086761	0.0999996	-1.55E-11	324.086761
-2.30001	-1.6E-12	324.110064	0.0999999	-1.48E-11	324.110064
-2.20001	-9E-13	324.133358	0.0999998	-1.13E-11	324.133358
-2.099999	-1.54E-11	324.158545	0.1000002	1.46E-11	324.158545
-2	1E-13	324.181817	0.1	1.489E-10	324.181817
-1.9	1.2E-12	324.205102	0.1000001	7.294E-10	324.205102
-1.8	3.6E-12	324.228325	0.1000008	2.777E-09	324.228325
-1.699999	5.2E-12	324.251623	0.1000016	8.8836E-09	324.251623
-1.600001	-1.61E-11	324.299015	0.1000021	2.3128E-08	324.299015
-1.5	2.3E-12	324.322416	0.1000035	5.66701E-08	324.322416
-1.400001	-1.44E-11	324.361878	0.1	1.15823E-07	324.361878
-1.3	-8.4E-12	324.386396	0.1000004	2.18189E-07	324.386396
-1.200001	-6.7E-12	324.410979	0.1000008	3.68746E-07	324.410979
-1.100001	-5.7E-12	324.435546	0.1000008	5.75031E-07	324.435546
-1	-4.3E-12	324.460048	0.1000011	8.40613E-07	324.460048
-0.900001	-8.4E-12	324.49466	0.1000001	1.15976E-06	324.49466
-0.8	-2.4E-12	324.519205	0.1000001	1.54463E-06	324.519205
-0.7	-7E-13	324.5437	0.1000001	1.98113E-06	324.5437
-0.6	5E-13	324.56819	0.1000002	2.46543E-06	324.56819
-0.500001	2.4E-12	324.59269	0.1000003	2.99159E-06	324.59269
-0.4	4E-12	324.617226	0.1000002	3.55461E-06	324.617226
-0.3	5.7E-12	324.641729	0.1	4.14871E-06	324.641729
-0.1999999	3.8E-12	324.668166	0.1000001	4.7691E-06	324.668166
-0.0999997	9E-12	324.692669	0.1000001	5.41271E-06	324.692669
3E-07	1.07E-11	324.717179	0.1	6.07507E-06	324.717179
0.1000003	1.29E-11	324.741653	0.1000002	6.75278E-06	324.741653
0.2000001	1.43E-11	324.766239	0.1000001	7.44429E-06	324.766239
0.299999	9.3E-12	324.821777	0.1000001	8.13697E-06	324.821777
0.4	1.66E-11	324.846316	0.1000002	8.85345E-06	324.846316
0.5	1.92E-11	324.870852	0.1000001	9.57741E-06	324.870852
0.599999	2.09E-11	324.895378	0.0999999	1.030945E-05	324.895378
0.699999	1.8E-11	324.929985	0.1000001	1.104E-05	324.929985
0.799999	2.44E-11	324.954521	0.1000001	1.17899E-05	324.954521
0.9	2.67E-11	324.97902	0.1000002	1.25452E-05	324.97902
1	2.8E-11	325.003569	0.0999998	1.33071E-05	325.003569
1.1	3.03E-11	325.028107	0.1000001	1.40738E-05	325.028107
1.199999	3.17E-11	325.052623	0.1	1.48453E-05	325.052623
1.3	3.39E-11	325.077121	0.1000002	1.56199E-05	325.077121
1.4	3.5E-11	325.101692	0.1000001	1.63987E-05	325.101692
1.5	3.59E-11	325.126242	0.1000001	1.71799E-05	325.126242
1.599999	3.74E-11	325.150775	0.1	1.79639E-05	325.150775
1.699999	3.8E-11	325.175302	0.0999999	1.875E-05	325.175302
1.8	3.96E-11	325.199802	0.1000001	1.95386E-05	325.199802
1.899999	4.04E-11	325.22432	0.1	2.03278E-05	325.22432
2	4.12E-11	325.248821	0.1000001	2.11194E-05	325.248821
2.099999	4.18E-11	325.273341	0.1	2.19119E-05	325.273341
2.19999	3.54E-11	325.32088	0.1	2.26938E-05	325.32088
2.29999	4.13E-11	325.34539	0.1	2.34907E-05	325.34539
2.39999	4.26E-11	325.369912	0.0999998	2.42884E-05	325.369912
2.49999	4.3E-11	325.394449	0.1000001	2.50866E-05	325.394449
2.59999	4.34E-11	325.419026	0.1000001	2.58851E-05	325.419026
2.69999	4.45E-11	325.443527	0.1000001	2.66849E-05	325.443527
2.79999	4.48E-11	325.468043	0.1	2.74854E-05	325.468043
2.89999	4.54E-11	325.49254	0.1	2.82863E-05	325.49254
2.99999	4.54E-11	325.517041	0.1000002	2.90885E-05	325.517041
3.09999	4.6E-11	325.541556	0.1	2.98912E-05	325.541556
3.19999	4.64E-11	325.56609	0.1	3.06942E-05	325.56609
3.29999	4.7E-11	325.590588	0.1000001	3.14985E-05	325.590588
3.39999	4.76E-11	325.61513	0.1	3.23022E-05	325.61513
3.49999	4.73E-11	325.639653	0.1000002	3.31066E-05	325.639653
3.59999	4.78E-11	325.664149	0.1	3.3912E-05	325.664149
3.69999	4.79E-11	325.688656	0.1000001	3.47171E-05	325.688656
3.79999	4.77E-11	325.713201	0.1	3.55236E-05	325.713201
3.89999	4.82E-11	325.737732	0.0999999	3.63308E-05	325.737732
3.99999	4.82E-11	325.762319	0.1000002	3.71382E-05	325.762319
4.09999	4.16E-11	325.819524	0.1000001	3.79356E-05	325.819524
4.19999	4.68E-11	325.844056	0.1000001	3.87481E-05	325.844056
4.29999	4.79E-11	325.868564	0.0999999	3.95592E-05	325.868564
4.39999	4.84E-11	325.893105	0.1	4.03703E-05	325.893105
4.49999	4.91E-11	325.917749	0.0999998	4.11819E-05	325.917749
4.59999	4.93E-11	325.942272	0.1	4.19945E-05	325.942272
4.69999	4.92E-11	325.966776	0.1000001	4.28066E-05	325.966776
4.79999	4.98E-11	325.991321	0.1000002	4.36198E-05	325.991321
4.89999	5.07E-11	326.015841	0.1000002	4.44339E-05	326.015841
4.99999	5.06E-11	326.040361	0.1000002	4.52495E-05	326.040361
5.09999	5.11E-11	326.06487	0.1000002	4.60646E-05	326.06487
5.19999	5.14E-11	326.089437	0.1000001	4.6881E-05	326.089437
5.29999	5.11E-11	326.113958	0.1	4.76993E-05	326.113958
5.39999	5.14E-11	326.138475	0.1000001	4.85173E-05	326.138475
5.49999	5.18E-11	326.162969	0.1000001	4.93369E-05	326.162969
5.59999	5.16E-11	326.187506	0.1	5.01569E-05	326.187506
5.69999	5.17E-11	326.212068	0.0999998	5.09779E-05	326.212068
5.79999	5.21E-11	326.236587	0.1	5.18006E-05	326.236587
5.89999	5.2E-11	326.261234	0.0999999	5.26244E-05	326.261234
5.99999	4.57E-11	326.32077	0.0999998	5.34381E-05	326.32077
6.09999	5.06E-11	326.34527	0.1000002	5.42667E-05	326.34527
6.19999	5.15E-11	326.369779	0.1	5.50951E-05	326.369779
6.29999	5.2E-11	326.394284	0.0999999	5.59229E-05	326.394284
6.39999	5.18E-11	326.418884	0.0999998	5.67522E-05	326.418884
6.49999	5.24E-11	326.443421	0.1000001	5.75824E-05	326.443421
6.59999	5.26E-11	326.46792	0.1	5.84137E-05	326.46792
6.69999	5.26E-11	326.492549	0.0999999	5.92455E-05	326.492549
6.79999	5.3E-11	326.517069	0.1	6.00773E-05	326.517069
6.89999	5.32E-11	326.541605	0.1000002	6.09114E-05	326.541605
6.99999	5.32E-11	326.566111	0.0999999	6.17475E-05	326.566111
7.09999	5.34E-11	326.590646	0.1000002	6.25833E-05	326.590646
7.19999	5.38E-11	326.615164	0.1000003	6.34209E-05	326.615164
7.29999	5.39E-11	326.639699	0.1	6.42585E-05	326.639699
7.39999	5.45E-11	326.664185	0.1000001	6.50979E-05	326.664185
7.49999	5.45E-11	326.688716	0.1000001	6.59386E-05	326.688716
7.59999	5.4E-11	326.713261	0.1000002	6.67788E-05	326.713261
7.69999	5.51E-11	326.737781	0.1000002	6.76213E-05	326.737781
7.79999	5.53E-11	326.762351	0.1	6.84658E-05	326.762351
7.89999	4.78E-11	326.82311	0.0999998	6.93015E-05	326.82311
7.99999	5.33E-11	326.847618	0.1000001	7.01486E-05	326.847618
8.09999	5.3E-11	326.872168	0.1000002	7.09968E-05	326.872168
8.19999	5.41E-11	326.89668	0.1000001	7.18464E-05	326.89668
8.29999	5.47E-11	326.921275	0.1000002	7.26956E-05	326.921275
8.39999	5.47E-11	326.945819	0.0999999	7.35456E-05	326.945819
8.49999	5.46E-11	326.970325	0.1000001	7.4397E-05	326.970325
8.59999	5.53E-11	326.994852	0.0999999	7.52496E-05	326.994852
8.69999	5.5E-11	327.019394	0.1000001	7.61031E-05	327.019394
8.79999	5.59E-11	327.043926	0.0999998	7.69578E-05	327.043926
8.89999	5.6E-11	327.068436	0.0999998	7.78134E-05	327.068436
8.99999	5.55E-11	327.093046	0.1	7.86711E-05	327.093046
9.09999	5.63E-11	327.117559	0.0999999	7.95285E-05	327.117559
9.19999	5.61E-11	327.142102	0.1	8.03879E-05	327.142102
9.29999	5.58E-11	327.166604	0.1	8.12453E-05	327.166604
9.39999	5.6E-11	327.19114	0.1000002	8.21092E-05	327.19114
9.49999	5.64E-11	327.215648	0.1000001	8.29729E-05	327.215648
9.59999	5.71E-11	327.240169	0.1	8.38377E-05	327.240169
9.69999	5.73E-11	327.264762	0.1	8.47043E-05	327.264762
9.79999	5.02E-11	327.31956	0.0999999	8.55651E-05	327.31956
9.89999	5.54E-11	327.344116	0.1000002	8.6435E-05	327.344116
9.99999	5.62E-11	327.368655	0.1	8.73051E-05	327.368655
9.9	4.29E-11	327.393185	0.0999999	8.6422E-05	327.393185
9.8	3.93E-11	327.417839	0.1000003	8.5544E-05	327.417839
9.7	3.69E-11	327.442425	0.1	8.46685E-05	327.442425
9.6	3.54E-11	327.466934	0.0999997	8.37948E-05	327.466934
9.5	3.37E-11	327.491452	0.0999998	8.29246E-05	327.491452
9.4	3.23E-11	327.515958	0.1	8.20542E-05	327.515958
9.3	3.13E-11	327.540506	0.1000001	8.11862E-05	327.540506
9.2	3.05E-11	327.56502	0.1000001	8.03198E-05	327.56502
9.1	2.94E-11	327.589519	0.0999998	7.94545E-05	327.589519
9	2.88E-11	327.614016	0.1000001	7.8589E-05	327.614016
8.9	2.81E-11	327.638522	0.1	7.77297E-05	327.638522
8.8	2.78E-11	327.663056	0.0999998	7.68668E-05	327.663056
8.7	2.78E-11	327.687558	0.1000001	7.60033E-05	327.687558
8.6	2.63E-11	327.712058	0.0999998	7.51423E-05	327.712058
8.5	2.6E-11	327.736567	0.1	7.42814E-05	327.736567
8.4	2.56E-11	327.761142	0.0999997	7.3423E-05	327.761142
8.3	3.22E-11	327.8232	0.1	7.25694E-05	327.8232
8.2	2.6E-11	327.847772	0.0999998	7.17107E-05	327.847772
8.1	2.48E-11	327.872288	0.0999997	7.0855E-05	327.872288
8	2.38E-11	327.896805	0.0999999	7.00001E-05	327.896805
7.9	2.36E-11	327.92137	0.0999998	6.91466E-05	327.92137
7.8	2.34E-11	327.945899	0.1000002	6.82944E-05	327.945899
7.7	2.27E-11	327.970409	0.1000001	6.74434E-05	327.970409
7.6	2.25E-11	327.994924	0.0999999	6.65946E-05	327.994924
7.5	2.2E-11	328.019457	0.1	6.57454E-05	328.019457
7.4	2.16E-11	328.043996	0.1000001	6.48981E-05	328.043996
7.3	2.12E-11	328.068541	0.0999998	6.40513E-05	328.068541
7.2	2.08E-11	328.093136	0.0999998	6.32058E-05	328.093136
7.1	2.05E-11	328.117664	0.1	6.23607E-05	328.117664
7	2E-11	328.142191	0.1000001	6.15167E-05	328.142191
6.9	1.98E-11	328.166767	0.0999996	6.06743E-05	328.166767
6.8	1.87E-11	328.191274	0.1	5.98332E-05	328.191274
6.7	1.88E-11	328.215789	0.1000001	5.89929E-05	328.215789
6.6	1.83E-11	328.240241	0.0999998	5.81537E-05	328.240241
6.5	1.84E-11	328.264855	0.0999998	5.73161E-05	328.264855
6.4	2.43E-11	328.326626	0.0999999	5.6484E-05	328.326626
6.3	1.89E-11	328.351164	0.1	5.56464E-05	328.351164
6.2	1.79E-11	328.375666	0.0999997	5.4811E-05	328.375666
6.1	1.76E-11	328.400192	0.0999999	5.39768E-05	328.400192
6	1.73E-11	328.424758	0.1	5.31427E-05	328.424758
5.9	1.59E-11	328.449286	0.0999999	5.23102E-05	328.449286
5.8	1.58E-11	328.473788	0.0999999	5.14784E-05	328.473788
5.7	1.56E-11	328.498417	0.0999999	5.0649E-05	328.498417
5.6	1.49E-11	328.522921	0.0999998	4.98194E-05	328.522921
5.5	1.49E-11	328.547457	0.1000001	4.89911E-05	328.547457
5.4	1.41E-11	328.571983	0.1000001	4.8164E-05	328.571983
5.3	1.34E-11	328.596491	0.1	4.73381E-05	328.596491
5.2	1.3E-11	328.621009	0.0999999	4.65124E-05	328.621009
5.1	1.21E-11	328.645529	0.0999999	4.56877E-05	328.645529
5	1.2E-11	328.670088	0.1000001	4.48647E-05	328.670088
4.9	1.16E-11	328.694602	0.0999998	4.4042E-05	328.694602
4.8	1.11E-11	328.719122	0.0999999	4.32201E-05	328.719122
4.7	1.12E-11	328.743641	0.1	4.23994E-05	328.743641
4.6	1.08E-11	328.768259	0.0999999	4.15806E-05	328.768259
4.5	1.7E-11	328.828004	0.0999998	4.07674E-05	328.828004
4.4	1.15E-11	328.852551	0.1000001	3.99488E-05	328.852551
4.3	1.01E-11	328.877047	0.0999997	3.91309E-05	328.877047
4.2	9.8E-12	328.901576	0.1000001	3.83151E-05	328.901576
4.1	8.8E-12	328.92616	0.0999998	3.75E-05	328.92616
4	8.2E-12	328.950754	0.0999999	3.66863E-05	328.950754
3.9	7.4E-12	328.975263	0.1	3.5874E-05	328.975263
3.8	6.8E-12	328.999774	0.1	3.50618E-05	328.999774
3.7	6.2E-12	329.024285	0.1000001	3.42505E-05	329.024285
3.6	4.9E-12	329.048771	0.1	3.34412E-05	329.048771
3.5	5.3E-12	329.073271	0.0999999	3.26322E-05	329.073271
3.4	4E-12	329.097872	0.0999998	3.18242E-05	329.097872
3.3	3.5E-12	329.122393	0.1000001	3.10173E-05	329.122393
3.2	2.7E-12	329.146913	0.1000002	3.02118E-05	329.146913
3.1	2.5E-12	329.171456	0.0999999	2.94068E-05	329.171456
3	1.3E-12	329.195958	0.0999998	2.86022E-05	329.195958
2.9	1E-12	329.220518	0.0999999	2.78005E-05	329.220518
2.8	3E-13	329.245059	0.1000001	2.69993E-05	329.245059
2.7	-3E-13	329.269693	0.1	2.61985E-05	329.269693
2.6	5.6E-12	329.329367	0.1000001	2.54051E-05	329.329367
2.5	-3E-13	329.353924	0.1000002	2.46061E-05	329.353924
2.4	-1.9E-12	329.378439	0.1	2.38096E-05	329.378439
2.3	-2.7E-12	329.402969	0.0999999	2.30136E-05	329.402969
2.2	-3.7E-12	329.427569	0.1	2.22199E-05	329.427569
2.099999	-1.4E-12	329.454037	0.1000002	2.14346E-05	329.454037
2	-5.7E-12	329.478563	0.1000001	2.06437E-05	329.478563
1.9	-6.8E-12	329.503068	0.1000001	1.98549E-05	329.503068
1.8	-8.3E-12	329.527569	0.0999999	1.90687E-05	329.527569
1.7	-9E-12	329.552086	0.0999999	1.82837E-05	329.552086
1.6	-1.05E-11	329.576617	0.1	1.75014E-05	329.576617
1.5	-1.13E-11	329.601139	0.0999999	1.67218E-05	329.601139
1.4	-1.33E-11	329.62564	0.1	1.5945E-05	329.62564
1.3	-1.49E-11	329.650154	0.0999999	1.51721E-05	329.650154
1.2	-1.59E-11	329.674675	0.0999999	1.44023E-05	329.674675
1.1	-1.76E-11	329.699178	0.0999999	1.36379E-05	329.699178
1	-1.94E-11	329.723685	0.1000001	1.28778E-05	329.723685
0.9	-2.06E-11	329.748244	0.0999999	1.21242E-05	329.748244
0.8	-2.26E-11	329.772846	0.1	1.13775E-05	329.772846
0.7	-1.85E-11	329.82647	0.1	1.06447E-05	329.82647
0.6	-2.5E-11	329.85099	0.0999998	9.9131E-06	329.85099
0.5	-2.79E-11	329.8755	0.0999998	9.1915E-06	329.8755
0.4	-2.64E-11	329.902691	0.1	8.48537E-06	329.902691
0.3	-3.22E-11	329.927267	0.0999999	7.78203E-06	329.927267
0.2	-3.18E-11	329.953696	0.1000001	7.09104E-06	329.953696
0.0999997	-3.72E-11	329.978205	0.1	6.41104E-06	329.978205
-4E-07	-3.92E-11	330.002689	0.1	5.74538E-06	330.002689
