#scan	iMeasureCycle=1	iMux=0	time=0.031	N=401	LocalTime=19/04/2023 16:31:37
#VGate(V)	IGate(A)	time(s)	VDrain(V)	IDrain(A)	time(s)
-2E-07	-1.632E-10	0.033879	0.0999999	3.47859E-06	0.033879
-0.1000003	-2.222E-10	0.058752	0.1000002	2.90399E-06	0.058752
-0.2000004	-2.709E-10	0.0833	0.0999998	2.36714E-06	0.0833
-0.300001	-2.023E-10	0.107995	0.0999998	1.87309E-06	0.107995
-0.4	-1.172E-10	0.132491	0.1	1.42995E-06	0.132491
-0.5	-9.18E-11	0.156985	0.1	1.04465E-06	0.156985
-0.6	-7.33E-11	0.184347	0.0999996	7.24119E-07	0.184347
-0.7	-7.08E-11	0.208851	0.0999995	4.67355E-07	0.208851
-0.8	-6.64E-11	0.233357	0.0999996	2.77651E-07	0.233357
-0.9	-6.35E-11	0.257863	0.0999998	1.48441E-07	0.257863
-1	-5.35E-11	0.29553	0.099994	7.124E-08	0.29553
-1.100001	-7.18E-11	0.318772	0.1000063	2.87929E-08	0.318772
-1.200001	-7.14E-11	0.342065	0.1000019	1.00133E-08	0.342065
-1.300001	-7.24E-11	0.365378	0.1000011	2.9973E-09	0.365378
-1.400001	-7.3E-11	0.388586	0.1000004	7.696E-10	0.388586
-1.5	-7.31E-11	0.411796	0.1000004	1.58E-10	0.411796
-1.600001	-7.13E-11	0.435079	0.0999999	1.86E-11	0.435079
-1.700001	-7.32E-11	0.45829	0.1000002	-6.6E-12	0.45829
-1.800001	-7.31E-11	0.48152	0.1000002	-1.01E-11	0.48152
-1.900001	-7.33E-11	0.504727	0.1000002	-1.02E-11	0.504727
-2.000001	-7.08E-11	0.528135	0.1000003	-1.08E-11	0.528135
-2.100001	-7.35E-11	0.551343	0.1000001	-9.9E-12	0.551343
-2.2	-5.16E-11	0.601525	0.0999999	-1.15E-11	0.601525
-2.3	-7.17E-11	0.624763	0.1	-1.01E-11	0.624763
-2.4	-7.22E-11	0.647988	0.1000002	-9.6E-12	0.647988
-2.5	-7.14E-11	0.671286	0.0999999	-1.03E-11	0.671286
-2.6	-7.13E-11	0.694642	0.1000001	-1.03E-11	0.694642
-2.7	-7.35E-11	0.717841	0.1	-9.9E-12	0.717841
-2.8	-7.37E-11	0.741087	0.1000002	-1.02E-11	0.741087
-2.9	-7.3E-11	0.76438	0.1	-1.03E-11	0.76438
-3	-7.34E-11	0.787658	0.1000002	-1E-11	0.787658
-3.1	-7.57E-11	0.810875	0.1000001	-9.9E-12	0.810875
-3.2	-7.59E-11	0.834171	0.1000001	-9.2E-12	0.834171
-3.3	-7.46E-11	0.857538	0.1000001	-9.4E-12	0.857538
-3.4	-7.66E-11	0.880763	0.1000001	-9.2E-12	0.880763
-3.5	-7.5E-11	0.904035	0.1000002	-9.6E-12	0.904035
-3.6	-7.54E-11	0.927308	0.1000001	-9.7E-12	0.927308
-3.7	-7.53E-11	0.950608	0.1000001	-9.6E-12	0.950608
-3.8	-7.74E-11	0.973853	0.1000001	-9.2E-12	0.973853
-3.9	-7.78E-11	0.997062	0.1000001	-9.4E-12	0.997062
-4	-7.62E-11	1.020355	0.1000002	-9.6E-12	1.020355
-4.1	-7.61E-11	1.043649	0.1000002	-9.1E-12	1.043649
-4.2	-5.71E-11	1.097347	0.0999999	-1.1E-11	1.097347
-4.3	-7.49E-11	1.120653	0.1000001	-9.5E-12	1.120653
-4.4	-7.74E-11	1.143865	0.1000001	-9.5E-12	1.143865
-4.5	-7.84E-11	1.167088	0.1000001	-8.9E-12	1.167088
-4.6	-7.85E-11	1.190393	0.1000003	-9.4E-12	1.190393
-4.7	-7.76E-11	1.213691	0.1000001	-9.5E-12	1.213691
-4.8	-7.91E-11	1.237016	0.1000001	-9.2E-12	1.237016
-4.9	-7.98E-11	1.260321	0.1000002	-9E-12	1.260321
-5	-7.85E-11	1.283617	0.1000001	-9.2E-12	1.283617
-5.1	-7.86E-11	1.306904	0.1000001	-9.5E-12	1.306904
-5.2	-8.02E-11	1.330208	0.1000001	-9.4E-12	1.330208
-5.3	-8.08E-11	1.353423	0.1000001	-9.1E-12	1.353423
-5.4	-7.99E-11	1.376708	0.1	-9.4E-12	1.376708
-5.5	-8.14E-11	1.399915	0.1	-9.2E-12	1.399915
-5.6	-8.12E-11	1.423126	0.1000002	-8.9E-12	1.423126
-5.7	-7.99E-11	1.44642	0.1000005	-8.8E-12	1.44642
-5.8	-8.05E-11	1.469699	0.1000002	-8.9E-12	1.469699
-5.9	-8.26E-11	1.492938	0.1000001	-9E-12	1.492938
-6	-8.15E-11	1.516183	0.1000001	-9E-12	1.516183
-6.1	-8.29E-11	1.539404	0.1000001	-9E-12	1.539404
-6.2	-6.15E-11	1.598919	0.0999999	-1.05E-11	1.598919
-6.3	-8.13E-11	1.622154	0.1	-9E-12	1.622154
-6.4	-8.15E-11	1.64538	0.1000002	-9E-12	1.64538
-6.5	-8.26E-11	1.668601	0.1	-8.7E-12	1.668601
-6.6	-8.12E-11	1.691943	0.1000003	-9.2E-12	1.691943
-6.7	-8.31E-11	1.715148	0.1000003	-8.5E-12	1.715148
-6.8	-8.33E-11	1.738366	0.1000001	-8.8E-12	1.738366
-6.9	-8.35E-11	1.761584	0.1000001	-8.8E-12	1.761584
-7	-8.24E-11	1.784885	0.1000002	-9.1E-12	1.784885
-7.1	-8.24E-11	1.80817	0.1	-9.1E-12	1.80817
-7.2	-8.44E-11	1.83155	0.1000001	-8.8E-12	1.83155
-7.3	-8.34E-11	1.85493	0.1000002	-8.6E-12	1.85493
-7.4	-8.18E-11	1.878283	0.1	-8.9E-12	1.878283
-7.5	-8.53E-11	1.901485	0.1000003	-8.6E-12	1.901485
-7.6	-8.36E-11	1.924775	0.1	-8.7E-12	1.924775
-7.7	-8.4E-11	1.948078	0.1000001	-8.6E-12	1.948078
-7.8	-8.55E-11	1.971295	0.1000001	-8.9E-12	1.971295
-7.9	-8.6E-11	1.994534	0.1	-8.9E-12	1.994534
-8	-8.32E-11	2.017875	0.1000002	-8.9E-12	2.017875
-8.1	-8.43E-11	2.041155	0.1	-9.1E-12	2.041155
-8.2	-6.46E-11	2.100444	0.1	-1.08E-11	2.100444
-8.3	-8.44E-11	2.123687	0.1000002	-9.5E-12	2.123687
-8.4	-8.49E-11	2.146902	0.1000002	-9E-12	2.146902
-8.5	-8.42E-11	2.17028	0.1	-9E-12	2.17028
-8.6	-8.6E-11	2.193603	0.1	-8.6E-12	2.193603
-8.7	-8.65E-11	2.216832	0.1	-8.9E-12	2.216832
-8.8	-8.51E-11	2.240125	0.1	-9E-12	2.240125
-8.9	-8.52E-11	2.263423	0.1000001	-8.7E-12	2.263423
-9	-8.72E-11	2.286645	0.1000003	-8.6E-12	2.286645
-9.1	-8.77E-11	2.309858	0.1000001	-8.8E-12	2.309858
-9.2	-8.56E-11	2.333231	0.1000002	-8.7E-12	2.333231
-9.3	-8.58E-11	2.356516	0.1	-8.3E-12	2.356516
-9.4	-8.78E-11	2.379732	0.1000002	-8.4E-12	2.379732
-9.5	-8.78E-11	2.402977	0.1	-8.3E-12	2.402977
-9.6	-8.65E-11	2.426272	0.1000001	-8.1E-12	2.426272
-9.7	-8.85E-11	2.449476	0.1000001	-8.7E-12	2.449476
-9.8	-8.8E-11	2.472795	0.1000001	-8.4E-12	2.472795
-9.9	-8.66E-11	2.496116	0.1000001	-9E-12	2.496116
-10	-8.81E-11	2.519344	0.1000002	-8.5E-12	2.519344
-9.90001	-4.61E-11	2.542593	0.0999998	-1.17E-11	2.542593
-9.80001	-5.99E-11	2.602018	0.1000001	-1.07E-11	2.602018
-9.70001	-4.11E-11	2.625343	0.0999999	-1.2E-11	2.625343
-9.60001	-3.88E-11	2.648625	0.0999998	-1.23E-11	2.648625
-9.50001	-3.61E-11	2.67183	0.0999998	-1.23E-11	2.67183
-9.40001	-3.64E-11	2.695171	0.0999995	-1.18E-11	2.695171
-9.30001	-3.5E-11	2.718443	0.0999998	-1.23E-11	2.718443
-9.20001	-3.44E-11	2.741728	0.0999997	-1.21E-11	2.741728
-9.10001	-3.15E-11	2.764944	0.0999998	-1.21E-11	2.764944
-9.00001	-3.07E-11	2.788198	0.0999996	-1.17E-11	2.788198
-8.90001	-3.13E-11	2.811484	0.0999997	-1.22E-11	2.811484
-8.80001	-2.94E-11	2.834804	0.0999997	-1.22E-11	2.834804
-8.70001	-2.85E-11	2.858182	0.0999998	-1.24E-11	2.858182
-8.60001	-2.98E-11	2.881461	0.0999996	-1.2E-11	2.881461
-8.50001	-2.88E-11	2.904761	0.1	-1.22E-11	2.904761
-8.40001	-2.71E-11	2.927991	0.0999996	-1.27E-11	2.927991
-8.30001	-2.61E-11	2.951206	0.0999997	-1.26E-11	2.951206
-8.20001	-2.76E-11	2.974494	0.0999999	-1.22E-11	2.974494
-8.10001	-2.7E-11	2.997815	0.0999998	-1.23E-11	2.997815
-8	-2.49E-11	3.021032	0.0999997	-1.25E-11	3.021032
-7.90001	-2.47E-11	3.044253	0.0999997	-1.23E-11	3.044253
-7.80001	-4.46E-11	3.103273	0.1	-1.05E-11	3.103273
-7.70001	-2.46E-11	3.126497	0.0999998	-1.25E-11	3.126497
-7.6	-2.56E-11	3.149789	0.0999996	-1.29E-11	3.149789
-7.50001	-2.45E-11	3.173067	0.0999995	-1.23E-11	3.173067
-7.40001	-2.29E-11	3.196355	0.0999998	-1.23E-11	3.196355
-7.30001	-2.51E-11	3.21971	0.0999998	-1.24E-11	3.21971
-7.2	-2.35E-11	3.243091	0.0999999	-1.2E-11	3.243091
-7.10001	-2.17E-11	3.266311	0.0999998	-1.25E-11	3.266311
-7.00001	-2.11E-11	3.289548	0.0999998	-1.29E-11	3.289548
-6.90001	-2.2E-11	3.312839	0.0999996	-1.25E-11	3.312839
-6.80001	-2.04E-11	3.336154	0.0999996	-1.29E-11	3.336154
-6.70001	-1.98E-11	3.359372	0.0999997	-1.26E-11	3.359372
-6.60001	-2.1E-11	3.382742	0.0999997	-1.25E-11	3.382742
-6.50001	-1.96E-11	3.405966	0.0999999	-1.25E-11	3.405966
-6.40001	-1.88E-11	3.429197	0.0999999	-1.22E-11	3.429197
-6.30001	-1.81E-11	3.4524	0.0999998	-1.27E-11	3.4524
-6.20001	-1.93E-11	3.475696	0.0999998	-1.2E-11	3.475696
-6.10001	-1.93E-11	3.499006	0.0999996	-1.23E-11	3.499006
-6.00001	-1.77E-11	3.522268	0.0999998	-1.27E-11	3.522268
-5.90001	-1.63E-11	3.545509	0.0999996	-1.34E-11	3.545509
-5.80001	-3.78E-11	3.604615	0.1	-1.14E-11	3.604615
-5.70001	-2.01E-11	3.627976	0.0999997	-1.28E-11	3.627976
-5.60001	-1.9E-11	3.651274	0.0999998	-1.25E-11	3.651274
-5.50001	-1.63E-11	3.674474	0.0999996	-1.29E-11	3.674474
-5.40001	-1.62E-11	3.697789	0.0999996	-1.27E-11	3.697789
-5.30001	-1.64E-11	3.721079	0.0999997	-1.31E-11	3.721079
-5.20001	-1.53E-11	3.744313	0.0999997	-1.29E-11	3.744313
-5.1	-1.42E-11	3.767526	0.0999999	-1.28E-11	3.767526
-5.00001	-1.34E-11	3.790754	0.0999996	-1.32E-11	3.790754
-4.90001	-1.45E-11	3.814044	0.0999997	-1.3E-11	3.814044
-4.80001	-1.28E-11	3.837355	0.1	-1.38E-11	3.837355
-4.7	-1.22E-11	3.860669	0.0999997	-1.34E-11	3.860669
-4.60001	-1.13E-11	3.883881	0.0999997	-1.34E-11	3.883881
-4.50001	-1.27E-11	3.907178	0.0999996	-1.33E-11	3.907178
-4.40001	-1.07E-11	3.930385	0.0999998	-1.36E-11	3.930385
-4.3	-1.3E-11	3.953714	0.0999998	-1.31E-11	3.953714
-4.20001	-1.15E-11	3.977001	0.0999997	-1.35E-11	3.977001
-4.10001	-1.08E-11	4.000309	0.0999997	-1.31E-11	4.000309
-4.00001	-9.6E-12	4.023537	0.0999997	-1.31E-11	4.023537
-3.90001	-8.2E-12	4.046748	0.0999998	-1.35E-11	4.046748
-3.80001	-2.93E-11	4.106058	0.0999997	-1.19E-11	4.106058
-3.70001	-1.08E-11	4.129365	0.0999998	-1.34E-11	4.129365
-3.60001	-1E-11	4.152656	0.0999998	-1.35E-11	4.152656
-3.50001	-7.5E-12	4.175861	0.0999997	-1.36E-11	4.175861
-3.40001	-6.4E-12	4.199153	0.0999998	-1.39E-11	4.199153
-3.30001	-7.7E-12	4.222449	0.0999998	-1.39E-11	4.222449
-3.20001	-5.4E-12	4.245666	0.0999999	-1.41E-11	4.245666
-3.10001	-4.4E-12	4.26888	0.0999995	-1.42E-11	4.26888
-3.00001	-3.9E-12	4.292175	0.0999997	-1.46E-11	4.292175
-2.90001	-5.5E-12	4.315474	0.0999996	-1.42E-11	4.315474
-2.80001	-3E-12	4.338786	0.0999998	-1.42E-11	4.338786
-2.70001	-1.7E-12	4.362001	0.0999998	-1.5E-11	4.362001
-2.60001	-2.8E-12	4.385286	0.0999998	-1.45E-11	4.385286
-2.50001	-2.6E-12	4.408577	0.0999998	-1.44E-11	4.408577
-2.40001	1E-13	4.431796	0.0999998	-1.48E-11	4.431796
-2.30001	9E-13	4.455002	0.0999997	-1.49E-11	4.455002
-2.20001	-2E-13	4.478293	0.0999997	-1.47E-11	4.478293
-2.099999	-1.45E-11	4.503501	0.1	-1.33E-11	4.503501
-2	3.2E-12	4.526823	0.0999997	-1.5E-11	4.526823
-1.9	3.5E-12	4.550041	0.0999997	-1.5E-11	4.550041
-1.800001	-1.73E-11	4.607462	0.0999999	-1.23E-11	4.607462
-1.699999	1.7E-12	4.630777	0.0999997	-2.7E-12	4.630777
-1.599999	5E-12	4.653985	0.0999998	6.13E-11	4.653985
-1.5	6E-12	4.677203	0.0999999	3.62E-10	4.677203
-1.4	7.6E-12	4.700456	0.1000001	1.5239E-09	4.700456
-1.3	7E-12	4.723751	0.1000017	5.3468E-09	4.723751
-1.2	1.02E-11	4.746951	0.1000038	1.62322E-08	4.746951
-1.1	1.15E-11	4.77017	0.1000056	4.23016E-08	4.77017
-1	1.28E-11	4.793376	0.0999979	9.53513E-08	4.793376
-0.900001	-7E-12	4.832954	0.1000003	1.84235E-07	4.832954
-0.800001	-1.4E-12	4.857601	0.1000006	3.31412E-07	4.857601
-0.7	1E-12	4.882131	0.1000007	5.37978E-07	4.882131
-0.600001	2.2E-12	4.906632	0.100001	8.08606E-07	4.906632
-0.500001	-1.8E-12	4.941211	0.1000001	1.13664E-06	4.941211
-0.4	4.3E-12	4.965713	0.1	1.53363E-06	4.965713
-0.3	5.5E-12	4.990246	0.1000001	1.98289E-06	4.990246
-0.1999999	4.1E-12	5.016767	0.1000001	2.47767E-06	5.016767
-0.0999997	9.2E-12	5.041312	0.0999999	3.01462E-06	5.041312
3E-07	1.11E-11	5.065817	0.0999999	3.58475E-06	5.065817
0.1000002	6.4E-12	5.115934	0.1000001	4.17147E-06	5.115934
0.2000002	1.33E-11	5.140471	0.1	4.7968E-06	5.140471
0.299999	1.58E-11	5.165163	0.1000001	5.43694E-06	5.165163
0.399999	1.78E-11	5.189685	0.1000001	6.09262E-06	5.189685
0.5	2.02E-11	5.214237	0.1000002	6.76119E-06	5.214237
0.599999	2.18E-11	5.238835	0.1000002	7.44076E-06	5.238835
0.7	2.43E-11	5.263336	0.1000001	8.13028E-06	5.263336
0.799999	2.6E-11	5.287857	0.1000001	8.82986E-06	5.287857
0.9	2.77E-11	5.312392	0.1000001	9.53724E-06	5.312392
0.999999	2.97E-11	5.336989	0.1000002	1.025244E-05	5.336989
1.099999	2.64E-11	5.371574	0.1000001	1.09631E-05	5.371574
1.199999	3.24E-11	5.396082	0.1000002	1.16936E-05	5.396082
1.3	3.4E-11	5.420613	0.1000001	1.24261E-05	5.420613
1.4	3.57E-11	5.44512	0.1000003	1.31623E-05	5.44512
1.5	3.69E-11	5.469646	0.1000002	1.39021E-05	5.469646
1.599999	3.78E-11	5.494201	0.1000001	1.46447E-05	5.494201
1.699999	3.89E-11	5.518738	0.0999999	1.53889E-05	5.518738
1.8	4.02E-11	5.543328	0.0999999	1.61349E-05	5.543328
1.899999	4.09E-11	5.567876	0.1000001	1.68836E-05	5.567876
1.999999	3.47E-11	5.614528	0.1	1.76232E-05	5.614528
2.099999	4.06E-11	5.639062	0.1000001	1.83776E-05	5.639062
2.19999	4.2E-11	5.663778	0.1000001	1.91263E-05	5.663778
2.29999	4.23E-11	5.688277	0.1000002	1.98817E-05	5.688277
2.39999	4.33E-11	5.712836	0.1	2.0637E-05	5.712836
2.49999	4.32E-11	5.737387	0.0999998	2.13936E-05	5.737387
2.59999	4.5E-11	5.761886	0.1000001	2.2151E-05	5.761886
2.69999	4.51E-11	5.786401	0.1000002	2.29106E-05	5.786401
2.79999	4.53E-11	5.810929	0.1	2.36701E-05	5.810929
2.89999	4.58E-11	5.835463	0.1	2.44309E-05	5.835463
2.99999	4.62E-11	5.860003	0.1	2.5193E-05	5.860003
3.09999	4.66E-11	5.884593	0.1000002	2.59563E-05	5.884593
3.19999	4.68E-11	5.909121	0.1000001	2.67197E-05	5.909121
3.29999	4.75E-11	5.933622	0.1000001	2.74848E-05	5.933622
3.39999	4.76E-11	5.958155	0.1000001	2.82512E-05	5.958155
3.49999	4.8E-11	5.982664	0.1000003	2.90182E-05	5.982664
3.59999	4.81E-11	6.007211	0.1000002	2.9786E-05	6.007211
3.69999	4.86E-11	6.031723	0.1000002	3.05549E-05	6.031723
3.79999	4.86E-11	6.056264	0.1	3.13253E-05	6.056264
3.89999	4.25E-11	6.113463	0.1000001	3.20855E-05	6.113463
3.99999	4.74E-11	6.138011	0.0999999	3.28614E-05	6.138011
4.09999	4.81E-11	6.162569	0.1	3.36369E-05	6.162569
4.19999	4.9E-11	6.187072	0.1000003	3.44125E-05	6.187072
4.29999	4.95E-11	6.211695	0.1	3.51891E-05	6.211695
4.39999	4.96E-11	6.236212	0.0999998	3.59665E-05	6.236212
4.49999	5E-11	6.260725	0.0999999	3.67453E-05	6.260725
4.59999	5.04E-11	6.285226	0.1	3.7524E-05	6.285226
4.69999	5.04E-11	6.309745	0.1000001	3.83049E-05	6.309745
4.79999	5.05E-11	6.334353	0.0999998	3.90857E-05	6.334353
4.89999	5.09E-11	6.358878	0.1000001	3.98686E-05	6.358878
4.99999	5.15E-11	6.383402	0.0999999	4.06524E-05	6.383402
5.09999	5.13E-11	6.407908	0.0999998	4.14374E-05	6.407908
5.19999	5.17E-11	6.432441	0.1000001	4.22241E-05	6.432441
5.29999	5.21E-11	6.456957	0.1000001	4.30115E-05	6.456957
5.39999	5.22E-11	6.481465	0.0999999	4.37996E-05	6.481465
5.49999	5.23E-11	6.505981	0.0999998	4.45893E-05	6.505981
5.59999	5.22E-11	6.530611	0.1	4.53804E-05	6.530611
5.69999	5.27E-11	6.555151	0.1000003	4.61713E-05	6.555151
5.79999	4.58E-11	6.614986	0.1000003	4.69534E-05	6.614986
5.89999	5.09E-11	6.639549	0.1000002	4.77507E-05	6.639549
5.99999	5.15E-11	6.664067	0.1	4.85481E-05	6.664067
6.09999	5.25E-11	6.688619	0.1000001	4.93456E-05	6.688619
6.19999	5.28E-11	6.713185	0.1000002	5.0144E-05	6.713185
6.29999	5.26E-11	6.737759	0.1	5.09434E-05	6.737759
6.39999	5.33E-11	6.762278	0.1	5.17442E-05	6.762278
6.49999	5.38E-11	6.786797	0.1	5.25456E-05	6.786797
6.59999	5.39E-11	6.811297	0.1000001	5.33477E-05	6.811297
6.69999	5.34E-11	6.83592	0.1000003	5.4152E-05	6.83592
6.79999	5.45E-11	6.860434	0.1	5.49574E-05	6.860434
6.89999	5.45E-11	6.885079	0.1000002	5.57639E-05	6.885079
6.99999	5.46E-11	6.909595	0.1000002	5.65716E-05	6.909595
7.09999	5.48E-11	6.934275	0.1000001	5.73798E-05	6.934275
7.19999	5.47E-11	6.958816	0.1	5.81905E-05	6.958816
7.29999	5.5E-11	6.983312	0.1000003	5.90022E-05	6.983312
7.39999	5.46E-11	7.007854	0.0999998	5.98145E-05	7.007854
7.49999	5.51E-11	7.032369	0.0999998	6.06282E-05	7.032369
7.59999	5.52E-11	7.056893	0.1000002	6.1444E-05	7.056893
7.69999	4.86E-11	7.115981	0.1000001	6.22502E-05	7.115981
7.79999	5.37E-11	7.140513	0.1	6.30707E-05	7.140513
7.89999	5.41E-11	7.16504	0.1000001	6.38905E-05	7.16504
7.99999	5.45E-11	7.189555	0.1	6.47104E-05	7.189555
8.09999	5.5E-11	7.214149	0.1	6.55332E-05	7.214149
8.19999	5.51E-11	7.238714	0.1000001	6.63561E-05	7.238714
8.29999	5.49E-11	7.263239	0.1000002	6.71794E-05	7.263239
8.39999	5.56E-11	7.287783	0.0999999	6.80046E-05	7.287783
8.49999	5.54E-11	7.312341	0.1000001	6.88322E-05	7.312341
8.59999	5.55E-11	7.336947	0.1000001	6.96584E-05	7.336947
8.69999	5.61E-11	7.361482	0.1000001	7.04876E-05	7.361482
8.79999	5.65E-11	7.386	0.0999999	7.13178E-05	7.386
8.89999	5.67E-11	7.410544	0.1000002	7.21496E-05	7.410544
8.99999	5.66E-11	7.435054	0.1000002	7.29818E-05	7.435054
9.09999	5.69E-11	7.459575	0.1000001	7.38151E-05	7.459575
9.19999	5.68E-11	7.484066	0.1000001	7.46506E-05	7.484066
9.29999	5.71E-11	7.508619	0.1000002	7.5484E-05	7.508619
9.39999	5.66E-11	7.533237	0.0999999	7.63224E-05	7.533237
9.49999	5.69E-11	7.557768	0.1000002	7.71627E-05	7.557768
9.59999	5.09E-11	7.613282	0.0999999	7.79985E-05	7.613282
9.69999	5.6E-11	7.637903	0.1000001	7.88421E-05	7.637903
9.79999	5.65E-11	7.662486	0.0999999	7.96869E-05	7.662486
9.89999	5.67E-11	7.686988	0.1	8.05316E-05	7.686988
9.99999	5.68E-11	7.711566	0.0999999	8.13778E-05	7.711566
9.9	4.35E-11	7.736076	0.0999998	8.0517E-05	7.736076
9.8	4.05E-11	7.760606	0.1000001	7.96612E-05	7.760606
9.7	3.8E-11	7.78512	0.0999999	7.88093E-05	7.78512
9.6	3.59E-11	7.809686	0.1	7.79598E-05	7.809686
9.5	3.45E-11	7.834192	0.0999998	7.71103E-05	7.834192
9.4	3.33E-11	7.858797	0.0999999	7.62639E-05	7.858797
9.3	3.2E-11	7.883402	0.1	7.54188E-05	7.883402
9.2	3.13E-11	7.907939	0.0999997	7.45745E-05	7.907939
9.1	3.03E-11	7.932535	0.0999998	7.37327E-05	7.932535
9	2.94E-11	7.957044	0.0999999	7.28914E-05	7.957044
8.9	2.91E-11	7.981575	0.0999996	7.20554E-05	7.981575
8.8	2.85E-11	8.006099	0.0999999	7.12151E-05	8.006099
8.7	2.8E-11	8.030623	0.1000001	7.03763E-05	8.030623
8.6	2.71E-11	8.055142	0.1	6.95388E-05	8.055142
8.5	3.44E-11	8.121282	0.0999998	6.87068E-05	8.121282
8.4	2.82E-11	8.145888	0.0999997	6.78712E-05	8.145888
8.3	2.73E-11	8.170437	0.1	6.70378E-05	8.170437
8.2	2.62E-11	8.194995	0.1	6.62048E-05	8.194995
8.1	2.88E-11	8.221142	0.0999999	6.53745E-05	8.221142
8	2.55E-11	8.245662	0.1	6.45453E-05	8.245662
7.9	2.47E-11	8.270216	0.0999999	6.37169E-05	8.270216
7.8	2.39E-11	8.294771	0.0999999	6.28905E-05	8.294771
7.7	2.37E-11	8.319267	0.1	6.20662E-05	8.319267
7.6	2.28E-11	8.343902	0.1000001	6.12417E-05	8.343902
7.5	2.25E-11	8.368446	0.0999998	6.04189E-05	8.368446
7.4	2.22E-11	8.39297	0.0999999	5.9597E-05	8.39297
7.3	2.14E-11	8.41751	0.0999998	5.87766E-05	8.41751
7.2	2.07E-11	8.442037	0.0999999	5.79569E-05	8.442037
7.1	2.05E-11	8.466579	0.1	5.7139E-05	8.466579
7	2.02E-11	8.491102	0.1	5.63222E-05	8.491102
6.9	1.97E-11	8.515635	0.1	5.55072E-05	8.515635
6.8	1.92E-11	8.540264	0.0999998	5.46919E-05	8.540264
6.7	1.82E-11	8.564776	0.1	5.38785E-05	8.564776
6.6	2.45E-11	8.616888	0.1000001	5.30712E-05	8.616888
6.5	1.98E-11	8.641442	0.1000001	5.22592E-05	8.641442
6.4	1.91E-11	8.665978	0.0999999	5.14495E-05	8.665978
6.3	1.83E-11	8.690503	0.0999999	5.06399E-05	8.690503
6.2	1.73E-11	8.715065	0.0999999	4.98321E-05	8.715065
6.1	1.73E-11	8.739578	0.0999997	4.90261E-05	8.739578
6	1.69E-11	8.764089	0.0999998	4.82205E-05	8.764089
5.9	1.64E-11	8.7886	0.0999999	4.74162E-05	8.7886
5.8	1.58E-11	8.813132	0.0999998	4.66135E-05	8.813132
5.7	1.58E-11	8.837679	0.0999998	4.58116E-05	8.837679
5.6	1.53E-11	8.862255	0.1	4.50109E-05	8.862255
5.5	1.52E-11	8.886881	0.0999998	4.42117E-05	8.886881
5.4	1.44E-11	8.91144	0.0999997	4.3413E-05	8.91144
5.3	1.39E-11	8.935959	0.1	4.26162E-05	8.935959
5.2	1.32E-11	8.960518	0.1	4.182E-05	8.960518
5.1	1.28E-11	8.985026	0.1	4.10248E-05	8.985026
5	1.28E-11	9.009594	0.0999998	4.02313E-05	9.009594
4.9	1.23E-11	9.034096	0.1000001	3.9439E-05	9.034096
4.8	1.18E-11	9.058709	0.0999998	3.86475E-05	9.058709
4.7	1.95E-11	9.12101	0.0999999	3.78635E-05	9.12101
4.6	1.35E-11	9.145653	0.0999999	3.70733E-05	9.145653
4.5	1.23E-11	9.170199	0.1000002	3.62849E-05	9.170199
4.4	1.19E-11	9.194763	0.1	3.54981E-05	9.194763
4.3	1.06E-11	9.219355	0.1000002	3.4712E-05	9.219355
4.2	1.01E-11	9.244018	0.0999999	3.39275E-05	9.244018
4.1	9.2E-12	9.268547	0.1	3.31437E-05	9.268547
4	8.8E-12	9.293107	0.1000001	3.23616E-05	9.293107
3.9	8.1E-12	9.317652	0.0999999	3.15807E-05	9.317652
3.8	7.6E-12	9.342254	0.1	3.08011E-05	9.342254
3.7	7.1E-12	9.366814	0.1000001	3.0022E-05	9.366814
3.6	6.2E-12	9.391324	0.0999998	2.92447E-05	9.391324
3.5	5.7E-12	9.415846	0.1000001	2.84692E-05	9.415846
3.4	5.2E-12	9.440354	0.0999998	2.76943E-05	9.440354
3.3	4.7E-12	9.464912	0.0999999	2.69208E-05	9.464912
3.2	3.6E-12	9.489422	0.0999999	2.61482E-05	9.489422
3.1	2.9E-12	9.513984	0.0999998	2.53777E-05	9.513984
3	2.6E-12	9.538528	0.1	2.46076E-05	9.538528
2.9	2.3E-12	9.563223	0.0999998	2.38397E-05	9.563223
2.8	7.4E-12	9.619508	0.0999999	2.30772E-05	9.619508
2.7	2.3E-12	9.644081	0.1	2.23111E-05	9.644081
2.6	9E-13	9.668602	0.1	2.15472E-05	9.668602
2.5	-6E-13	9.693132	0.1	2.07845E-05	9.693132
2.4	-1.9E-12	9.717715	0.0999997	2.0024E-05	9.717715
2.3	-2.7E-12	9.742242	0.0999999	1.92649E-05	9.742242
2.2	-3.9E-12	9.766756	0.0999999	1.85073E-05	9.766756
2.099999	-1.2E-12	9.793178	0.0999999	1.77574E-05	9.793178
2	-5.6E-12	9.81771	0.0999999	1.70043E-05	9.81771
1.9	-6.6E-12	9.842292	0.1	1.62539E-05	9.842292
1.8	-8E-12	9.866928	0.1	1.55056E-05	9.866928
1.7	-9.3E-12	9.891528	0.1	1.47596E-05	9.891528
1.6	-1E-11	9.916046	0.0999999	1.40173E-05	9.916046
1.5	-1.15E-11	9.940546	0.0999998	1.32782E-05	9.940546
1.4	-1.27E-11	9.965084	0.0999999	1.25435E-05	9.965084
1.3	-1.42E-11	9.989619	0.0999999	1.18131E-05	9.989619
1.2	-1.55E-11	10.014161	0.0999998	1.10885E-05	10.014161
1.1	-1.72E-11	10.038665	0.1	1.03696E-05	10.038665
1	-1.88E-11	10.063201	0.0999998	9.6585E-06	10.063201
0.9	-1.4E-11	10.12401	0.1	8.96675E-06	10.12401
0.8	-1.99E-11	10.148543	0.0999999	8.27034E-06	10.148543
0.7	-2.28E-11	10.173042	0.0999999	7.58599E-06	10.173042
0.6	-2.47E-11	10.197597	0.1	6.91314E-06	10.197597
0.5	-2.74E-11	10.222186	0.0999999	6.25213E-06	10.222186
0.4	-2.95E-11	10.246696	0.1000001	5.60439E-06	10.246696
0.3	-3.2E-11	10.271329	0.0999999	4.97237E-06	10.271329
0.1999997	-3.09E-11	10.297737	0.1	4.35966E-06	10.297737
0.0999995	-3.66E-11	10.322219	0.0999998	3.76659E-06	10.322219
-3E-07	-3.9E-11	10.34668	0.0999997	3.1992E-06	10.34668
#scan	iMeasureCycle=2	iMux=0	time=279.871	N=401	LocalTime=19/04/2023 16:36:17
#VGate(V)	IGate(A)	time(s)	VDrain(V)	IDrain(A)	time(s)
-2E-07	-1.71E-11	279.878577	0.0999999	3.33287E-06	279.878577
-0.1000001	-2.54E-11	279.903439	0.0999999	2.7727E-06	279.903439
-0.2000002	-2.69E-11	279.929196	0.1000002	2.25191E-06	279.929196
-0.3	-3.22E-11	279.953972	0.0999998	1.77329E-06	279.953972
-0.4	-3.52E-11	279.978576	0.0999999	1.34643E-06	279.978576
-0.5	-3.8E-11	280.003077	0.0999999	9.763E-07	280.003077
-0.6	-3.63E-11	280.030388	0.0999995	6.70502E-07	280.030388
-0.7	-4.15E-11	280.054978	0.0999996	4.27721E-07	280.054978
-0.8	-4.37E-11	280.079491	0.0999994	2.5017E-07	280.079491
-0.9	-4.51E-11	280.103991	0.0999998	1.3134E-07	280.103991
-1	-4.05E-11	280.141649	0.0999949	6.15983E-08	280.141649
-1.100001	-6.17E-11	280.164856	0.100007	2.42027E-08	280.164856
-1.200001	-6.34E-11	280.188063	0.1000024	8.2258E-09	280.188063
-1.300001	-6.32E-11	280.211347	0.1000008	2.3953E-09	280.211347
-1.400001	-6.45E-11	280.234609	0.1000005	5.95E-10	280.234609
-1.500001	-6.6E-11	280.257853	0.1000003	1.187E-10	280.257853
-1.600001	-6.76E-11	280.281086	0.1000003	1.18E-11	280.281086
-1.7	-6.65E-11	280.304371	0.1000003	-7.5E-12	280.304371
-1.800001	-6.92E-11	280.327679	0.1000003	-1E-11	280.327679
-1.900001	-6.98E-11	280.350888	0.1000002	-1.01E-11	280.350888
-2.000001	-7E-11	280.374197	0.1000004	-1.01E-11	280.374197
-2.100001	-6.91E-11	280.397484	0.1000004	-1.01E-11	280.397484
-2.2	-4.9E-11	280.445969	0.1000001	-1.2E-11	280.445969
-2.3	-6.91E-11	280.469206	0.1000002	-1E-11	280.469206
-2.4	-7.02E-11	280.492435	0.1000002	-1E-11	280.492435
-2.5	-6.98E-11	280.515729	0.1000001	-9.8E-12	280.515729
-2.6	-7.2E-11	280.539005	0.1000003	-9.8E-12	280.539005
-2.7	-7.29E-11	280.562311	0.1000003	-1E-11	280.562311
-2.8	-7.11E-11	280.585627	0.1000003	-1E-11	280.585627
-2.9	-7.09E-11	280.608967	0.1000003	-1.03E-11	280.608967
-3	-7.46E-11	280.632167	0.1000001	-1E-11	280.632167
-3.1	-7.43E-11	280.655464	0.1000004	-1.01E-11	280.655464
-3.2	-7.31E-11	280.678769	0.1000002	-1E-11	280.678769
-3.3	-7.31E-11	280.702053	0.1000001	-1.02E-11	280.702053
-3.4	-7.58E-11	280.725264	0.1000003	-9.7E-12	280.725264
-3.5	-7.66E-11	280.748471	0.1000003	-9.9E-12	280.748471
-3.6	-7.48E-11	280.771766	0.1000002	-1E-11	280.771766
-3.7	-7.48E-11	280.795066	0.1000004	-9.8E-12	280.795066
-3.8	-7.66E-11	280.818267	0.1000003	-9.6E-12	280.818267
-3.9	-7.7E-11	280.841474	0.1000003	-9.6E-12	280.841474
-4	-7.59E-11	280.864753	0.1000002	-9.5E-12	280.864753
-4.1	-7.58E-11	280.888064	0.1000003	-9.5E-12	280.888064
-4.2	-5.66E-11	280.941799	0.1	-1.12E-11	280.941799
-4.3	-7.47E-11	280.96512	0.1000003	-9.9E-12	280.96512
-4.4	-7.71E-11	280.988429	0.1000004	-9.6E-12	280.988429
-4.5	-7.78E-11	281.011643	0.1000003	-9.4E-12	281.011643
-4.6	-7.64E-11	281.034975	0.1000002	-9.3E-12	281.034975
-4.7	-7.68E-11	281.058263	0.1000002	-9.4E-12	281.058263
-4.8	-7.9E-11	281.081792	0.1000002	-8.9E-12	281.081792
-4.9	-7.79E-11	281.105091	0.1000002	-9.1E-12	281.105091
-5	-7.92E-11	281.128408	0.1000001	-9.2E-12	281.128408
-5.1	-8.02E-11	281.151624	0.1000004	-9.5E-12	281.151624
-5.2	-7.88E-11	281.174924	0.1000003	-9E-12	281.174924
-5.3	-7.92E-11	281.198205	0.1000004	-9.3E-12	281.198205
-5.4	-8.1E-11	281.221407	0.1000001	-9E-12	281.221407
-5.5	-8.09E-11	281.244624	0.1000001	-8.9E-12	281.244624
-5.6	-8.1E-11	281.26793	0.1000002	-9E-12	281.26793
-5.7	-7.99E-11	281.291228	0.1000003	-9.2E-12	281.291228
-5.8	-8.12E-11	281.314548	0.1000003	-8.9E-12	281.314548
-5.9	-8.19E-11	281.337756	0.1000002	-9.1E-12	281.337756
-6	-8.06E-11	281.361038	0.1000001	-9.1E-12	281.361038
-6.1	-8.01E-11	281.384346	0.1000004	-9.2E-12	281.384346
-6.2	-6.08E-11	281.443177	0.1	-1.08E-11	281.443177
-6.3	-7.92E-11	281.466551	0.1000003	-8.7E-12	281.466551
-6.4	-8.1E-11	281.489784	0.1000001	-8.6E-12	281.489784
-6.5	-8.22E-11	281.513006	0.1000002	-8.7E-12	281.513006
-6.6	-8.12E-11	281.536351	0.1000004	-9.1E-12	281.536351
-6.7	-8.03E-11	281.559689	0.1000002	-9.2E-12	281.559689
-6.8	-8.15E-11	281.583259	0.1000003	-8.6E-12	281.583259
-6.9	-8.16E-11	281.606556	0.1000002	-8.7E-12	281.606556
-7	-8.35E-11	281.629775	0.1000002	-8.7E-12	281.629775
-7.1	-8.4E-11	281.653071	0.1000003	-8.8E-12	281.653071
-7.2	-8.21E-11	281.676377	0.1000002	-9.2E-12	281.676377
-7.3	-8.43E-11	281.699591	0.1000003	-9.1E-12	281.699591
-7.4	-8.41E-11	281.722823	0.1000002	-9.2E-12	281.722823
-7.5	-8.46E-11	281.746037	0.1000004	-9E-12	281.746037
-7.6	-8.3E-11	281.769327	0.1000002	-9.5E-12	281.769327
-7.7	-8.33E-11	281.792637	0.1000002	-9.1E-12	281.792637
-7.8	-8.51E-11	281.815844	0.1000003	-8.5E-12	281.815844
-7.9	-8.52E-11	281.839055	0.1000004	-8.7E-12	281.839055
-8	-8.4E-11	281.862344	0.1000003	-8.5E-12	281.862344
-8.1	-8.42E-11	281.885654	0.1000004	-8.7E-12	281.885654
-8.2	-6.51E-11	281.940389	0.1	-1.01E-11	281.940389
-8.3	-8.26E-11	281.963778	0.1000002	-9.2E-12	281.963778
-8.4	-8.51E-11	281.98708	0.1000003	-9E-12	281.98708
-8.5	-8.52E-11	282.010308	0.1000003	-8.7E-12	282.010308
-8.6	-8.4E-11	282.033645	0.1000001	-8.8E-12	282.033645
-8.7	-8.56E-11	282.05687	0.1000003	-8.1E-12	282.05687
-8.8	-8.63E-11	282.08009	0.1000004	-8.4E-12	282.08009
-8.9	-8.61E-11	282.103331	0.1000003	-8.1E-12	282.103331
-9	-8.52E-11	282.126625	0.1000003	-8.7E-12	282.126625
-9.1	-8.64E-11	282.149859	0.1000003	-8.8E-12	282.149859
-9.2	-8.71E-11	282.173072	0.1000002	-8.8E-12	282.173072
-9.3	-8.66E-11	282.19633	0.1	-9E-12	282.19633
-9.4	-8.59E-11	282.219618	0.1000001	-8.5E-12	282.219618
-9.5	-8.59E-11	282.24291	0.1000003	-9E-12	282.24291
-9.6	-8.81E-11	282.266211	0.1000002	-8.5E-12	282.266211
-9.7	-8.85E-11	282.28943	0.1000003	-8.7E-12	282.28943
-9.8	-8.83E-11	282.312691	0.1000002	-8.6E-12	282.312691
-9.9	-8.84E-11	282.335928	0.1000004	-8.7E-12	282.335928
-10	-8.87E-11	282.359151	0.1000002	-8.7E-12	282.359151
-9.90001	-4.58E-11	282.382372	0.0999999	-1.21E-11	282.382372
-9.80001	-4.35E-11	282.405671	0.0999998	-1.2E-11	282.405671
-9.70001	-5.86E-11	282.446045	0.1000001	-1.06E-11	282.446045
-9.60001	-3.76E-11	282.469357	0.1	-1.23E-11	282.469357
-9.50001	-3.58E-11	282.492594	0.0999997	-1.23E-11	282.492594
-9.40001	-3.64E-11	282.515893	0.0999999	-1.23E-11	282.515893
-9.30001	-3.29E-11	282.539167	0.1	-1.23E-11	282.539167
-9.20001	-3.27E-11	282.562378	0.0999999	-1.27E-11	282.562378
-9.10001	-3.32E-11	282.585929	0.0999999	-1.24E-11	282.585929
-9.00001	-3.26E-11	282.609228	0.1	-1.25E-11	282.609228
-8.90001	-2.99E-11	282.632426	0.0999998	-1.25E-11	282.632426
-8.80001	-2.91E-11	282.65572	0.0999998	-1.28E-11	282.65572
-8.70001	-3.01E-11	282.679021	0.0999998	-1.25E-11	282.679021
-8.60001	-2.86E-11	282.702236	0.0999997	-1.29E-11	282.702236
-8.50001	-2.76E-11	282.725465	0.0999998	-1.25E-11	282.725465
-8.40001	-2.66E-11	282.748678	0.0999998	-1.26E-11	282.748678
-8.30001	-2.76E-11	282.771967	0.0999999	-1.25E-11	282.771967
-8.20001	-2.75E-11	282.795256	0.0999998	-1.22E-11	282.795256
-8.10001	-2.52E-11	282.818474	0.1	-1.24E-11	282.818474
-8	-2.54E-11	282.841708	0.0999998	-1.25E-11	282.841708
-7.90001	-2.58E-11	282.864994	0.1	-1.23E-11	282.864994
-7.80001	-2.41E-11	282.888222	0.1	-1.25E-11	282.888222
-7.70001	-4.5E-11	282.94728	0.1000001	-1.08E-11	282.94728
-7.6	-2.45E-11	282.970592	0.0999998	-1.28E-11	282.970592
-7.50001	-2.34E-11	282.993885	0.0999997	-1.29E-11	282.993885
-7.40001	-2.5E-11	283.017194	0.0999999	-1.26E-11	283.017194
-7.30001	-2.44E-11	283.040544	0.0999998	-1.25E-11	283.040544
-7.2	-2.2E-11	283.063755	0.0999997	-1.27E-11	283.063755
-7.10001	-2.13E-11	283.087217	0.0999999	-1.28E-11	283.087217
-7.00001	-2.31E-11	283.110524	0.0999997	-1.23E-11	283.110524
-6.90001	-2.03E-11	283.133725	0.0999996	-1.25E-11	283.133725
-6.80001	-2E-11	283.156939	0.0999999	-1.26E-11	283.156939
-6.70001	-2.14E-11	283.180236	0.0999998	-1.28E-11	283.180236
-6.60001	-2.08E-11	283.203536	0.0999998	-1.23E-11	283.203536
-6.50001	-1.85E-11	283.226744	0.0999997	-1.28E-11	283.226744
-6.40001	-1.8E-11	283.249948	0.0999998	-1.26E-11	283.249948
-6.30001	-1.96E-11	283.273228	0.0999999	-1.29E-11	283.273228
-6.20001	-2E-11	283.296531	0.0999998	-1.31E-11	283.296531
-6.10001	-1.78E-11	283.319846	0.0999998	-1.29E-11	283.319846
-6.00001	-1.87E-11	283.343137	0.0999999	-1.25E-11	283.343137
-5.90001	-1.78E-11	283.366412	0.0999999	-1.29E-11	283.366412
-5.80001	-1.78E-11	283.389676	0.0999999	-1.27E-11	283.389676
-5.70001	-3.7E-11	283.448792	0.1000002	-1.15E-11	283.448792
-5.60001	-1.7E-11	283.472089	0.0999998	-1.33E-11	283.472089
-5.50001	-1.6E-11	283.495315	0.1	-1.37E-11	283.495315
-5.40001	-1.69E-11	283.518614	0.0999998	-1.36E-11	283.518614
-5.30001	-1.57E-11	283.541902	0.0999997	-1.35E-11	283.541902
-5.20001	-1.41E-11	283.565111	0.0999997	-1.38E-11	283.565111
-5.1	-1.52E-11	283.58867	0.0999998	-1.34E-11	283.58867
-5.00001	-1.32E-11	283.611904	0.0999997	-1.37E-11	283.611904
-4.90001	-1.24E-11	283.63512	0.0999999	-1.34E-11	283.63512
-4.80001	-1.41E-11	283.658494	0.0999999	-1.34E-11	283.658494
-4.7	-1.45E-11	283.681829	0.0999998	-1.35E-11	283.681829
-4.60001	-1.15E-11	283.705057	0.0999999	-1.4E-11	283.705057
-4.50001	-1.09E-11	283.728284	0.0999998	-1.33E-11	283.728284
-4.40001	-1.22E-11	283.751579	0.0999999	-1.32E-11	283.751579
-4.3	-1.18E-11	283.774863	0.0999999	-1.38E-11	283.774863
-4.20001	-9.4E-12	283.798069	0.1	-1.36E-11	283.798069
-4.10001	-9E-12	283.821294	0.0999997	-1.4E-11	283.821294
-4.00001	-1.01E-11	283.844581	0.0999999	-1.37E-11	283.844581
-3.90001	-9.6E-12	283.867871	0.0999999	-1.38E-11	283.867871
-3.80001	-7.5E-12	283.891083	0.0999998	-1.36E-11	283.891083
-3.70001	-2.84E-11	283.950279	0.1	-1.23E-11	283.950279
-3.60001	-8.5E-12	283.973573	0.1	-1.46E-11	283.973573
-3.50001	-6.7E-12	283.996878	0.0999997	-1.39E-11	283.996878
-3.40001	-6.2E-12	284.020105	0.0999999	-1.38E-11	284.020105
-3.30001	-6.2E-12	284.04337	0.1000001	-1.38E-11	284.04337
-3.20001	-5E-12	284.066587	0.0999998	-1.44E-11	284.066587
-3.10001	-5.9E-12	284.090149	0.0999997	-1.45E-11	284.090149
-3.00001	-3.9E-12	284.113461	0.0999998	-1.44E-11	284.113461
-2.90001	-2.8E-12	284.13668	0.0999999	-1.44E-11	284.13668
-2.80001	-4.3E-12	284.15996	0.0999998	-1.42E-11	284.15996
-2.70001	-1.8E-12	284.183155	0.1000001	-1.48E-11	284.183155
-2.60001	-1.1E-12	284.206389	0.0999997	-1.46E-11	284.206389
-2.50001	-2.1E-12	284.229675	0.0999998	-1.44E-11	284.229675
-2.40001	-1.4E-12	284.252954	0.0999998	-1.46E-11	284.252954
-2.30001	9E-13	284.276264	0.0999999	-1.46E-11	284.276264
-2.20001	8E-13	284.299518	0.0999999	-1.47E-11	284.299518
-2.099999	-1.45E-11	284.324783	0.1	-1.37E-11	284.324783
-2	3.2E-12	284.348067	0.0999999	-1.5E-11	284.348067
-1.9	4.1E-12	284.371283	0.1	-1.46E-11	284.371283
-1.8	4.7E-12	284.394497	0.0999999	-1.4E-11	284.394497
-1.700001	-1.6E-11	284.452003	0.1	-4.5E-12	284.452003
-1.6	2.5E-12	284.475379	0.0999998	4.37E-11	284.475379
-1.5	5.9E-12	284.498621	0.1	2.809E-10	284.498621
-1.4	7.2E-12	284.521834	0.1000005	1.2052E-09	284.521834
-1.3	6.8E-12	284.54518	0.1000015	4.3605E-09	284.54518
-1.2	8.3E-12	284.568456	0.1000036	1.35164E-08	284.568456
-1.1	1.09E-11	284.5918	0.1000053	3.60966E-08	284.5918
-0.999999	1.06E-11	284.615071	0.1000078	8.34378E-08	284.615071
-0.900001	-7.5E-12	284.654668	0.1000003	1.64464E-07	284.654668
-0.8	-1.4E-12	284.679203	0.1000006	3.00928E-07	284.679203
-0.700001	1E-13	284.703834	0.1000007	4.95023E-07	284.703834
-0.600001	1.6E-12	284.728372	0.100001	7.51815E-07	284.728372
-0.500001	-2.1E-12	284.762934	0.0999999	1.06512E-06	284.762934
-0.4	4.1E-12	284.787457	0.1	1.44685E-06	284.787457
-0.300001	6E-12	284.811965	0.1	1.88012E-06	284.811965
-0.2	4E-12	284.838368	0.1000002	2.35993E-06	284.838368
-0.0999997	8.8E-12	284.862977	0.1000002	2.88147E-06	284.862977
5E-07	1.13E-11	284.887493	0.1000002	3.4374E-06	284.887493
0.1000003	1.28E-11	284.912	0.1	4.02185E-06	284.912
0.2	8.5E-12	284.96021	0.0999999	4.62075E-06	284.96021
0.299999	1.47E-11	284.985024	0.1000002	5.25304E-06	284.985024
0.4	1.79E-11	285.00954	0.1000003	5.89947E-06	285.00954
0.5	2E-11	285.034062	0.1	6.56026E-06	285.034062
0.599999	2.18E-11	285.058611	0.1000001	7.23242E-06	285.058611
0.7	2.42E-11	285.083124	0.1000002	7.91687E-06	285.083124
0.799999	2.6E-11	285.107655	0.1000002	8.61102E-06	285.107655
0.9	2.79E-11	285.132192	0.1000001	9.31458E-06	285.132192
0.999999	2.99E-11	285.156702	0.1	1.002679E-05	285.156702
1.099999	2.63E-11	285.191286	0.1000002	1.07364E-05	285.191286
1.2	3.26E-11	285.215798	0.1000001	1.14638E-05	285.215798
1.3	3.42E-11	285.240318	0.0999998	1.21958E-05	285.240318
1.399999	3.59E-11	285.264808	0.1	1.29327E-05	285.264808
1.499999	3.71E-11	285.289316	0.1	1.36729E-05	285.289316
1.6	3.83E-11	285.313897	0.1000002	1.44161E-05	285.313897
1.699999	3.95E-11	285.338498	0.1000001	1.51628E-05	285.338498
1.8	4.03E-11	285.362997	0.0999997	1.59122E-05	285.362997
1.9	4.13E-11	285.387536	0.1000001	1.66635E-05	285.387536
1.999999	4.18E-11	285.412089	0.1	1.74173E-05	285.412089
2.099999	3.66E-11	285.454792	0.1	1.81671E-05	285.454792
2.19999	4.16E-11	285.479611	0.1	1.89213E-05	285.479611
2.29999	4.3E-11	285.504119	0.0999999	1.96806E-05	285.504119
2.39999	4.37E-11	285.52864	0.0999999	2.04415E-05	285.52864
2.49999	4.43E-11	285.553216	0.1000001	2.12026E-05	285.553216
2.59999	4.55E-11	285.577732	0.1000001	2.19659E-05	285.577732
2.69999	4.53E-11	285.602269	0.1000001	2.273E-05	285.602269
2.79999	4.57E-11	285.626789	0.1000001	2.34947E-05	285.626789
2.89999	4.68E-11	285.651302	0.1	2.42598E-05	285.651302
2.99999	4.74E-11	285.675913	0.0999999	2.50265E-05	285.675913
3.09999	4.76E-11	285.700422	0.1000001	2.57944E-05	285.700422
3.19999	4.8E-11	285.724927	0.1000002	2.65622E-05	285.724927
3.29999	4.82E-11	285.749467	0.1000001	2.73313E-05	285.749467
3.39999	4.84E-11	285.773967	0.1	2.81009E-05	285.773967
3.49999	4.87E-11	285.798472	0.1000005	2.88711E-05	285.798472
3.59999	4.9E-11	285.822989	0.1000002	2.9643E-05	285.822989
3.69999	4.97E-11	285.847511	0.1000001	3.04144E-05	285.847511
3.79999	4.94E-11	285.87201	0.1000001	3.11878E-05	285.87201
3.89999	5E-11	285.896545	0.1000001	3.19617E-05	285.896545
3.99999	4.34E-11	285.958002	0.1000002	3.27249E-05	285.958002
4.09999	4.84E-11	285.982608	0.1000001	3.35032E-05	285.982608
4.19999	4.87E-11	286.007214	0.1000001	3.42816E-05	286.007214
4.29999	4.87E-11	286.03187	0.1	3.50597E-05	286.03187
4.39999	4.98E-11	286.056432	0.1	3.58385E-05	286.056432
4.49999	5.04E-11	286.080959	0.1000001	3.66187E-05	286.080959
4.59999	5.12E-11	286.105493	0.1	3.73997E-05	286.105493
4.69999	5.1E-11	286.130036	0.1000002	3.81814E-05	286.130036
4.79999	5.12E-11	286.15455	0.1000003	3.89638E-05	286.15455
4.89999	5.14E-11	286.179081	0.1000001	3.9747E-05	286.179081
4.99999	5.15E-11	286.203612	0.0999998	4.05322E-05	286.203612
5.09999	5.17E-11	286.228163	0.0999999	4.13176E-05	286.228163
5.19999	5.2E-11	286.252701	0.1	4.21035E-05	286.252701
5.29999	5.21E-11	286.277304	0.1	4.28924E-05	286.277304
5.39999	5.23E-11	286.301829	0.1000002	4.3682E-05	286.301829
5.49999	5.26E-11	286.326454	0.1	4.44714E-05	286.326454
5.59999	5.31E-11	286.350989	0.1000002	4.52631E-05	286.350989
5.69999	5.33E-11	286.375502	0.1	4.60554E-05	286.375502
5.79999	5.33E-11	286.400042	0.1000002	4.68487E-05	286.400042
5.89999	4.69E-11	286.459878	0.1000003	4.76334E-05	286.459878
5.99999	5.11E-11	286.484511	0.1000001	4.84329E-05	286.484511
6.09999	5.16E-11	286.509034	0.1000002	4.92308E-05	286.509034
6.19999	5.21E-11	286.533598	0.1000001	5.00305E-05	286.533598
6.29999	5.28E-11	286.558187	0.1000001	5.08301E-05	286.558187
6.39999	5.32E-11	286.582745	0.1000001	5.16313E-05	286.582745
6.49999	5.31E-11	286.607292	0.1	5.2434E-05	286.607292
6.59999	5.38E-11	286.631809	0.1	5.32387E-05	286.631809
6.69999	5.36E-11	286.65643	0.1000003	5.4042E-05	286.65643
6.79999	5.42E-11	286.68096	0.0999999	5.48478E-05	286.68096
6.89999	5.41E-11	286.705499	0.1000002	5.56547E-05	286.705499
6.99999	5.47E-11	286.730008	0.1	5.64638E-05	286.730008
7.09999	5.45E-11	286.754592	0.1	5.72734E-05	286.754592
7.19999	5.49E-11	286.779097	0.1000001	5.80834E-05	286.779097
7.29999	5.55E-11	286.803598	0.1	5.88948E-05	286.803598
7.39999	5.52E-11	286.828099	0.1	5.97083E-05	286.828099
7.49999	5.52E-11	286.852601	0.1000002	6.05214E-05	286.852601
7.59999	5.57E-11	286.877114	0.1	6.13369E-05	286.877114
7.69999	5.58E-11	286.901662	0.0999999	6.2154E-05	286.901662
7.79999	4.86E-11	286.960864	0.1000001	6.29619E-05	286.960864
7.89999	5.41E-11	286.985487	0.0999999	6.37844E-05	286.985487
7.99999	5.44E-11	287.010092	0.1000001	6.4606E-05	287.010092
8.09999	5.46E-11	287.034636	0.0999999	6.54275E-05	287.034636
8.19999	5.54E-11	287.059188	0.0999999	6.62515E-05	287.059188
8.29999	5.54E-11	287.083743	0.1000002	6.70755E-05	287.083743
8.39999	5.58E-11	287.108288	0.1000001	6.79001E-05	287.108288
8.49999	5.61E-11	287.132833	0.0999999	6.87276E-05	287.132833
8.59999	5.64E-11	287.157351	0.0999999	6.95558E-05	287.157351
8.69999	5.62E-11	287.18191	0.1	7.03846E-05	287.18191
8.79999	5.64E-11	287.206414	0.1000001	7.12154E-05	287.206414
8.89999	5.64E-11	287.230987	0.0999999	7.20462E-05	287.230987
8.99999	5.66E-11	287.255506	0.0999997	7.28796E-05	287.255506
9.09999	5.67E-11	287.280058	0.0999998	7.37138E-05	287.280058
9.19999	5.75E-11	287.304562	0.1000002	7.45484E-05	287.304562
9.29999	5.75E-11	287.329203	0.1000001	7.53821E-05	287.329203
9.39999	5.8E-11	287.353733	0.0999999	7.62236E-05	287.353733
9.49999	5.77E-11	287.378236	0.1000002	7.70631E-05	287.378236
9.59999	5.78E-11	287.402761	0.1000001	7.79046E-05	287.402761
9.69999	5.13E-11	287.462505	0.1	7.87403E-05	287.462505
9.79999	5.56E-11	287.487107	0.1	7.9586E-05	287.487107
9.89999	5.63E-11	287.511661	0.0999999	8.04318E-05	287.511661
9.99999	5.68E-11	287.53621	0.1000003	8.12774E-05	287.53621
9.9	4.39E-11	287.560767	0.1000001	8.04166E-05	287.560767
9.8	4.03E-11	287.585285	0.1	7.95624E-05	287.585285
9.7	3.75E-11	287.609818	0.0999999	7.87112E-05	287.609818
9.6	3.64E-11	287.634317	0.1000001	7.78596E-05	287.634317
9.5	3.49E-11	287.658925	0.1	7.70111E-05	287.658925
9.4	3.4E-11	287.683458	0.0999998	7.61643E-05	287.683458
9.3	3.3E-11	287.707966	0.1	7.53203E-05	287.707966
9.2	3.18E-11	287.732474	0.1000003	7.44764E-05	287.732474
9.1	3.12E-11	287.757039	0.0999998	7.36334E-05	287.757039
9	3.03E-11	287.781552	0.0999998	7.27934E-05	287.781552
8.9	3E-11	287.806073	0.1	7.19561E-05	287.806073
8.8	3.57E-11	287.863456	0.0999999	7.11193E-05	287.863456
8.7	2.96E-11	287.887972	0.0999999	7.02799E-05	287.887972
8.6	2.85E-11	287.912507	0.1000001	6.94411E-05	287.912507
8.5	3.33E-11	287.95984	0.1000001	6.86073E-05	287.95984
8.4	2.78E-11	287.984443	0.0999997	6.77713E-05	287.984443
8.3	2.71E-11	288.009153	0.1	6.69375E-05	288.009153
8.2	2.62E-11	288.03371	0.1000001	6.61055E-05	288.03371
8.1	2.88E-11	288.059905	0.1000001	6.52752E-05	288.059905
8	2.49E-11	288.084438	0.0999997	6.44456E-05	288.084438
7.9	2.48E-11	288.108979	0.1000001	6.36174E-05	288.108979
7.8	2.4E-11	288.133503	0.1000001	6.27902E-05	288.133503
7.7	2.37E-11	288.158006	0.0999999	6.19657E-05	288.158006
7.6	2.28E-11	288.182516	0.0999999	6.11415E-05	288.182516
7.5	2.29E-11	288.207019	0.1	6.0318E-05	288.207019
7.4	2.26E-11	288.231528	0.0999999	5.94962E-05	288.231528
7.3	2.19E-11	288.256117	0.1	5.8676E-05	288.256117
7.2	2.14E-11	288.280767	0.1000001	5.78563E-05	288.280767
7.1	2.11E-11	288.305413	0.0999999	5.7038E-05	288.305413
7	2.08E-11	288.329993	0.1000001	5.62213E-05	288.329993
6.9	2.03E-11	288.354501	0.0999998	5.54054E-05	288.354501
6.8	1.98E-11	288.379071	0.1000002	5.4591E-05	288.379071
6.7	1.86E-11	288.403574	0.0999998	5.37772E-05	288.403574
6.6	2.53E-11	288.465877	0.0999999	5.29716E-05	288.465877
6.5	2.01E-11	288.490487	0.0999997	5.21596E-05	288.490487
6.4	1.94E-11	288.515048	0.0999999	5.13495E-05	288.515048
6.3	1.85E-11	288.539564	0.0999997	5.05405E-05	288.539564
6.2	1.8E-11	288.56414	0.1000002	4.97331E-05	288.56414
6.1	1.71E-11	288.588643	0.1	4.89267E-05	288.588643
6	1.76E-11	288.613189	0.0999999	4.81211E-05	288.613189
5.9	1.69E-11	288.6377	0.0999999	4.73167E-05	288.6377
5.8	1.63E-11	288.662317	0.0999999	4.6514E-05	288.662317
5.7	1.6E-11	288.686869	0.0999998	4.57118E-05	288.686869
5.6	1.53E-11	288.711382	0.0999998	4.49107E-05	288.711382
5.5	1.52E-11	288.735891	0.1000001	4.41115E-05	288.735891
5.4	1.49E-11	288.760446	0.1000001	4.33131E-05	288.760446
5.3	1.43E-11	288.78496	0.1	4.25159E-05	288.78496
5.2	1.42E-11	288.809516	0.1000002	4.17195E-05	288.809516
5.1	1.34E-11	288.834096	0.0999998	4.09251E-05	288.834096
5	1.28E-11	288.858603	0.0999999	4.01313E-05	288.858603
4.9	1.2E-11	288.883135	0.1	3.93378E-05	288.883135
4.8	1.2E-11	288.907654	0.0999999	3.85469E-05	288.907654
4.7	1.8E-11	288.96701	0.1000003	3.77616E-05	288.96701
4.6	1.22E-11	288.991635	0.0999998	3.69727E-05	288.991635
4.5	1.18E-11	289.01623	0.0999998	3.61839E-05	289.01623
4.4	1.1E-11	289.040747	0.0999999	3.53967E-05	289.040747
4.3	1.08E-11	289.065323	0.1000001	3.46108E-05	289.065323
4.2	9.8E-12	289.089847	0.1000001	3.38262E-05	289.089847
4.1	9.4E-12	289.114427	0.1000001	3.30431E-05	289.114427
4	8.4E-12	289.138941	0.0999999	3.22613E-05	289.138941
3.9	8.1E-12	289.163497	0.0999998	3.14805E-05	289.163497
3.8	6.9E-12	289.188005	0.0999999	3.07003E-05	289.188005
3.7	6.9E-12	289.212532	0.0999998	2.99213E-05	289.212532
3.6	6.3E-12	289.237042	0.0999999	2.91439E-05	289.237042
3.5	5.4E-12	289.26157	0.1	2.83683E-05	289.26157
3.4	4.8E-12	289.286068	0.1	2.7594E-05	289.286068
3.3	4.1E-12	289.310594	0.0999998	2.68205E-05	289.310594
3.2	3.5E-12	289.33519	0.1	2.6048E-05	289.33519
3.1	2.8E-12	289.359725	0.0999998	2.52777E-05	289.359725
3	1.9E-12	289.384239	0.1000001	2.45086E-05	289.384239
2.9	1.9E-12	289.408803	0.1	2.37399E-05	289.408803
2.8	7.9E-12	289.468528	0.0999999	2.29787E-05	289.468528
2.7	2.3E-12	289.493153	0.1	2.22123E-05	289.493153
2.6	8E-13	289.517673	0.1000001	2.1448E-05	289.517673
2.5	0	289.542199	0.1000001	2.06856E-05	289.542199
2.4	-1.5E-12	289.566766	0.0999999	1.99245E-05	289.566766
2.3	-2.5E-12	289.591283	0.1	1.91658E-05	289.591283
2.2	-3.5E-12	289.615859	0.0999999	1.84091E-05	289.615859
2.099999	-1.1E-12	289.642264	0.1	1.76595E-05	289.642264
2	-5.5E-12	289.66681	0.0999999	1.69069E-05	289.66681
1.9	-6.5E-12	289.691315	0.0999999	1.61567E-05	289.691315
1.8	-7.8E-12	289.715826	0.1000001	1.54088E-05	289.715826
1.7	-8.5E-12	289.740329	0.0999998	1.46638E-05	289.740329
1.6	-9.8E-12	289.764845	0.1	1.3922E-05	289.764845
1.5	-1.1E-11	289.789397	0.0999999	1.31834E-05	289.789397
1.4	-1.28E-11	289.81391	0.0999999	1.24489E-05	289.81391
1.3	-1.42E-11	289.838518	0.1	1.17189E-05	289.838518
1.2	-1.55E-11	289.863149	0.0999999	1.09946E-05	289.863149
1.1	-1.71E-11	289.887692	0.1	1.0277E-05	289.887692
1	-1.87E-11	289.912226	0.0999997	9.5665E-06	289.912226
0.9	-1.31E-11	289.972708	0.0999998	8.87634E-06	289.972708
0.8	-1.99E-11	289.997435	0.0999999	8.18119E-06	289.997435
0.7	-2.27E-11	290.022021	0.0999999	7.49813E-06	290.022021
0.6	-2.49E-11	290.046527	0.0999999	6.8263E-06	290.046527
0.5	-2.72E-11	290.071079	0.1	6.16768E-06	290.071079
0.4	-2.97E-11	290.095595	0.0999998	5.52214E-06	290.095595
0.3	-3.18E-11	290.120123	0.0999998	4.89243E-06	290.120123
0.1999999	-3.09E-11	290.146534	0.0999999	4.2824E-06	290.146534
0.0999996	-3.66E-11	290.17105	0.1000001	3.69196E-06	290.17105
-3E-07	-3.87E-11	290.195608	0.0999999	3.12848E-06	290.195608
#scan	iMeasureCycle=3	iMux=0	time=319.923	N=401	LocalTime=19/04/2023 16:36:57
#VGate(V)	IGate(A)	time(s)	VDrain(V)	IDrain(A)	time(s)
-2E-07	-1.72E-11	319.93053	0.0999999	3.26333E-06	319.93053
-0.1000003	-2.53E-11	319.955412	0.0999998	2.70865E-06	319.955412
-0.2000001	-2.68E-11	319.98107	0.0999998	2.19345E-06	319.98107
-0.3	-3.29E-11	320.005791	0.0999998	1.72175E-06	320.005791
-0.4	-3.57E-11	320.030365	0.0999999	1.30206E-06	320.030365
-0.5	-3.79E-11	320.054981	0.0999997	9.3951E-07	320.054981
-0.6	-3.65E-11	320.08231	0.0999996	6.41317E-07	320.08231
-0.7	-4.2E-11	320.106823	0.0999994	4.06277E-07	320.106823
-0.8	-4.38E-11	320.131331	0.0999994	2.35302E-07	320.131331
-0.9	-4.52E-11	320.15592	0.0999998	1.2203E-07	320.15592
-1	-4.07E-11	320.193597	0.0999943	5.6647E-08	320.193597
-1.100001	-6.19E-11	320.216792	0.1000066	2.19538E-08	320.216792
-1.200001	-6.16E-11	320.240079	0.1000015	7.3182E-09	320.240079
-1.300001	-6.28E-11	320.263371	0.1000008	2.1063E-09	320.263371
-1.400001	-6.49E-11	320.286592	0.1000004	5.129E-10	320.286592
-1.500001	-6.64E-11	320.309881	0.1000002	9.74E-11	320.309881
-1.600001	-6.54E-11	320.33318	0.1000002	6.7E-12	320.33318
-1.700001	-6.69E-11	320.356463	0.1000002	-8.4E-12	320.356463
-1.800001	-6.79E-11	320.379712	0.1000003	-9.9E-12	320.379712
-1.900001	-6.93E-11	320.402939	0.1000002	-1.02E-11	320.402939
-2.000001	-6.86E-11	320.426221	0.1000002	-1.04E-11	320.426221
-2.100001	-7.06E-11	320.44946	0.1000002	-1.01E-11	320.44946
-2.2	-4.93E-11	320.497946	0.0999999	-1.21E-11	320.497946
-2.3	-6.92E-11	320.521224	0.1000003	-1.03E-11	320.521224
-2.4	-6.93E-11	320.54453	0.1	-1.03E-11	320.54453
-2.5	-6.99E-11	320.567835	0.1000002	-1.02E-11	320.567835
-2.6	-7.21E-11	320.591108	0.1000001	-9.9E-12	320.591108
-2.7	-7.13E-11	320.614405	0.1000001	-1.01E-11	320.614405
-2.8	-7.38E-11	320.637626	0.1000001	-1E-11	320.637626
-2.9	-7.18E-11	320.660967	0.1	-9.9E-12	320.660967
-3	-7.45E-11	320.684192	0.1000002	-1.01E-11	320.684192
-3.1	-7.29E-11	320.707483	0.0999999	-9.9E-12	320.707483
-3.2	-7.38E-11	320.73082	0.1000002	-9.7E-12	320.73082
-3.3	-7.59E-11	320.754038	0.1	-9.5E-12	320.754038
-3.4	-7.51E-11	320.777292	0.1000001	-9.8E-12	320.777292
-3.5	-7.46E-11	320.800578	0.1000001	-1.02E-11	320.800578
-3.6	-7.44E-11	320.823878	0.1000001	-9.9E-12	320.823878
-3.7	-7.71E-11	320.847083	0.1000003	-9.6E-12	320.847083
-3.8	-7.74E-11	320.870304	0.1000003	-1.02E-11	320.870304
-3.9	-7.59E-11	320.893598	0.1	-1E-11	320.893598
-4	-7.6E-11	320.91689	0.1000002	-9.6E-12	320.91689
-4.1	-7.83E-11	320.940107	0.1000001	-9.2E-12	320.940107
-4.2	-5.69E-11	320.993834	0.1	-1.09E-11	320.993834
-4.3	-7.47E-11	321.017152	0.1	-9.6E-12	321.017152
-4.4	-7.74E-11	321.040446	0.1000001	-9.1E-12	321.040446
-4.5	-7.65E-11	321.063809	0.1	-9.4E-12	321.063809
-4.6	-7.7E-11	321.087165	0.1000002	-9.2E-12	321.087165
-4.7	-7.91E-11	321.110369	0.1	-9.4E-12	321.110369
-4.8	-7.99E-11	321.133576	0.1000001	-9.5E-12	321.133576
-4.9	-7.81E-11	321.156886	0.1000001	-9.9E-12	321.156886
-5	-7.85E-11	321.180191	0.1	-9.2E-12	321.180191
-5.1	-8.03E-11	321.203394	0.1000002	-9E-12	321.203394
-5.2	-8.11E-11	321.226593	0.1000002	-9.6E-12	321.226593
-5.3	-7.91E-11	321.249881	0.1000002	-9.7E-12	321.249881
-5.4	-7.92E-11	321.273191	0.1000002	-9.7E-12	321.273191
-5.5	-8.15E-11	321.296402	0.1000003	-9.5E-12	321.296402
-5.6	-8E-11	321.319699	0.1000001	-9.3E-12	321.319699
-5.7	-8.02E-11	321.342987	0.1000001	-9.3E-12	321.342987
-5.8	-8.25E-11	321.366202	0.1000002	-9.3E-12	321.366202
-5.9	-8.22E-11	321.389505	0.1000003	-8.8E-12	321.389505
-6	-8.27E-11	321.412732	0.1000001	-8.9E-12	321.412732
-6.1	-8.09E-11	321.436025	0.1000002	-9E-12	321.436025
-6.2	-6.16E-11	321.495224	0.0999999	-1.05E-11	321.495224
-6.3	-8.12E-11	321.51845	0.1	-9E-12	321.51845
-6.4	-8.17E-11	321.541726	0.1000001	-8.8E-12	321.541726
-6.5	-8.05E-11	321.565027	0.1000002	-9.4E-12	321.565027
-6.6	-8.09E-11	321.588364	0.1000001	-9.5E-12	321.588364
-6.7	-8.29E-11	321.611578	0.1000001	-9.3E-12	321.611578
-6.8	-8.33E-11	321.634791	0.1000001	-9.4E-12	321.634791
-6.9	-8.39E-11	321.658026	0.1000001	-8.9E-12	321.658026
-7	-8.21E-11	321.681326	0.1000001	-9.1E-12	321.681326
-7.1	-8.37E-11	321.704553	0.1000001	-9E-12	321.704553
-7.2	-8.44E-11	321.727854	0.1000003	-8.8E-12	321.727854
-7.3	-8.42E-11	321.751097	0.1000002	-9.1E-12	321.751097
-7.4	-8.26E-11	321.774391	0.1	-8.8E-12	321.774391
-7.5	-8.44E-11	321.797606	0.1	-9.3E-12	321.797606
-7.6	-8.35E-11	321.820912	0.1000002	-9E-12	321.820912
-7.7	-8.41E-11	321.844194	0.1000002	-9.2E-12	321.844194
-7.8	-8.37E-11	321.867489	0.1	-9.2E-12	321.867489
-7.9	-8.56E-11	321.890715	0.1	-8.8E-12	321.890715
-8	-8.57E-11	321.913922	0.1000003	-8.6E-12	321.913922
-8.1	-8.41E-11	321.937219	0.1000001	-8.5E-12	321.937219
-8.2	-6.43E-11	321.996523	0.0999998	-1.01E-11	321.996523
-8.3	-8.36E-11	322.019753	0.1000002	-8.7E-12	322.019753
-8.4	-8.43E-11	322.043049	0.1000003	-9.2E-12	322.043049
-8.5	-8.33E-11	322.066413	0.1	-8.6E-12	322.066413
-8.6	-8.38E-11	322.089774	0.1000001	-8.6E-12	322.089774
-8.7	-8.6E-11	322.112985	0.1000004	-8.7E-12	322.112985
-8.8	-8.62E-11	322.136199	0.1000003	-8.6E-12	322.136199
-8.9	-8.52E-11	322.159516	0.0999999	-9.2E-12	322.159516
-9	-8.64E-11	322.182781	0.1000001	-8.5E-12	322.182781
-9.1	-8.56E-11	322.206077	0.1000001	-8.6E-12	322.206077
-9.2	-8.73E-11	322.229304	0.1000002	-8.3E-12	322.229304
-9.3	-8.55E-11	322.252591	0.1000001	-9E-12	322.252591
-9.4	-8.78E-11	322.275806	0.1000002	-8.6E-12	322.275806
-9.5	-8.75E-11	322.299052	0.1000002	-8.3E-12	322.299052
-9.6	-8.8E-11	322.322284	0.1	-8E-12	322.322284
-9.7	-8.68E-11	322.345576	0.1	-8.9E-12	322.345576
-9.8	-8.85E-11	322.368783	0.1000001	-8.6E-12	322.368783
-9.9	-8.83E-11	322.392089	0.1000003	-8.6E-12	322.392089
-10	-8.7E-11	322.415374	0.1000002	-8.6E-12	322.415374
-9.90001	-4.73E-11	322.438662	0.0999998	-1.18E-11	322.438662
-9.80001	-6.04E-11	322.49379	0.0999999	-1.01E-11	322.49379
-9.70001	-3.98E-11	322.517026	0.0999997	-1.2E-11	322.517026
-9.60001	-3.75E-11	322.540318	0.0999997	-1.2E-11	322.540318
-9.50001	-3.61E-11	322.563534	0.0999997	-1.21E-11	322.563534
-9.40001	-3.64E-11	322.586879	0.0999997	-1.18E-11	322.586879
-9.30001	-3.4E-11	322.61007	0.0999997	-1.22E-11	322.61007
-9.20001	-3.23E-11	322.633278	0.0999997	-1.22E-11	322.633278
-9.10001	-3.14E-11	322.656505	0.0999996	-1.23E-11	322.656505
-9.00001	-3.28E-11	322.679796	0.0999997	-1.23E-11	322.679796
-8.90001	-3.24E-11	322.703086	0.0999999	-1.2E-11	322.703086
-8.80001	-2.95E-11	322.726388	0.0999996	-1.21E-11	322.726388
-8.70001	-3.06E-11	322.749694	0.0999998	-1.23E-11	322.749694
-8.60001	-2.97E-11	322.772978	0.0999997	-1.23E-11	322.772978
-8.50001	-2.76E-11	322.796205	0.0999998	-1.24E-11	322.796205
-8.40001	-2.72E-11	322.819413	0.0999997	-1.24E-11	322.819413
-8.30001	-2.81E-11	322.842706	0.0999997	-1.19E-11	322.842706
-8.20001	-2.66E-11	322.865921	0.0999996	-1.22E-11	322.865921
-8.10001	-2.53E-11	322.88915	0.0999997	-1.24E-11	322.88915
-8.00001	-2.5E-11	322.912365	0.0999998	-1.26E-11	322.912365
-7.90001	-2.4E-11	322.935574	0.0999997	-1.28E-11	322.935574
-7.80001	-2.62E-11	322.958865	0.0999997	-1.27E-11	322.958865
-7.70001	-4.39E-11	322.999454	0.0999999	-1.1E-11	322.999454
-7.6	-2.4E-11	323.022674	0.0999998	-1.28E-11	323.022674
-7.50001	-2.48E-11	323.046032	0.0999998	-1.31E-11	323.046032
-7.40001	-2.32E-11	323.069335	0.0999998	-1.3E-11	323.069335
-7.30001	-2.26E-11	323.092602	0.0999997	-1.31E-11	323.092602
-7.2	-2.19E-11	323.115806	0.0999999	-1.32E-11	323.115806
-7.10001	-2.35E-11	323.139082	0.0999996	-1.3E-11	323.139082
-7.00001	-2.29E-11	323.162398	0.0999996	-1.29E-11	323.162398
-6.90001	-2.27E-11	323.185702	0.0999997	-1.25E-11	323.185702
-6.80001	-2.22E-11	323.20899	0.0999997	-1.24E-11	323.20899
-6.70001	-2.14E-11	323.232269	0.0999997	-1.25E-11	323.232269
-6.60001	-1.99E-11	323.255481	0.0999998	-1.3E-11	323.255481
-6.50001	-1.89E-11	323.278693	0.0999997	-1.28E-11	323.278693
-6.40001	-2.16E-11	323.302033	0.0999997	-1.26E-11	323.302033
-6.30001	-2.03E-11	323.325397	0.0999996	-1.29E-11	323.325397
-6.20001	-1.8E-11	323.348609	0.0999997	-1.3E-11	323.348609
-6.10001	-1.74E-11	323.371826	0.0999996	-1.32E-11	323.371826
-6.00001	-1.92E-11	323.395194	0.0999996	-1.29E-11	323.395194
-5.90001	-1.68E-11	323.418414	0.0999996	-1.29E-11	323.418414
-5.80001	-1.61E-11	323.441626	0.0999998	-1.3E-11	323.441626
-5.70001	-3.73E-11	323.500934	0.1	-1.13E-11	323.500934
-5.60001	-1.92E-11	323.524249	0.0999996	-1.29E-11	323.524249
-5.50001	-1.82E-11	323.547605	0.0999998	-1.29E-11	323.547605
-5.40001	-1.56E-11	323.570812	0.0999999	-1.28E-11	323.570812
-5.30001	-1.49E-11	323.59417	0.0999998	-1.34E-11	323.59417
-5.20001	-1.62E-11	323.617462	0.0999999	-1.32E-11	323.617462
-5.1	-1.4E-11	323.640663	0.0999996	-1.32E-11	323.640663
-5.00001	-1.37E-11	323.663898	0.0999998	-1.36E-11	323.663898
-4.90001	-1.35E-11	323.687118	0.0999998	-1.35E-11	323.687118
-4.80001	-1.44E-11	323.710414	0.0999997	-1.31E-11	323.710414
-4.7	-1.24E-11	323.733728	0.0999999	-1.31E-11	323.733728
-4.60001	-1.15E-11	323.756951	0.0999996	-1.35E-11	323.756951
-4.50001	-1.19E-11	323.780186	0.0999997	-1.34E-11	323.780186
-4.40001	-1.24E-11	323.803476	0.0999998	-1.33E-11	323.803476
-4.3	-1.18E-11	323.826752	0.0999998	-1.33E-11	323.826752
-4.20001	-1E-11	323.849972	0.0999997	-1.37E-11	323.849972
-4.10001	-9.8E-12	323.873183	0.0999997	-1.4E-11	323.873183
-4.00001	-1.1E-11	323.896491	0.0999997	-1.34E-11	323.896491
-3.90001	-1.08E-11	323.919775	0.0999998	-1.37E-11	323.919775
-3.80001	-8.4E-12	323.942981	0.0999997	-1.37E-11	323.942981
-3.70001	-2.95E-11	324.002565	0.1	-1.25E-11	324.002565
-3.60001	-1.07E-11	324.025859	0.0999997	-1.36E-11	324.025859
-3.50001	-8E-12	324.049166	0.0999998	-1.4E-11	324.049166
-3.40001	-7.4E-12	324.072458	0.0999997	-1.41E-11	324.072458
-3.30001	-7.8E-12	324.095796	0.0999997	-1.4E-11	324.095796
-3.20001	-5.6E-12	324.119013	0.0999997	-1.42E-11	324.119013
-3.10001	-5E-12	324.142223	0.0999998	-1.44E-11	324.142223
-3.00001	-4.3E-12	324.165468	0.0999999	-1.42E-11	324.165468
-2.90001	-5.5E-12	324.188766	0.1	-1.48E-11	324.188766
-2.80001	-4.9E-12	324.212065	0.0999998	-1.44E-11	324.212065
-2.70001	-2.2E-12	324.23527	0.0999999	-1.44E-11	324.23527
-2.60001	-3.4E-12	324.258557	0.0999998	-1.43E-11	324.258557
-2.50001	-2.5E-12	324.281827	0.0999997	-1.4E-11	324.281827
-2.40001	-9E-13	324.305151	0.0999998	-1.46E-11	324.305151
-2.30001	0	324.328372	0.0999998	-1.46E-11	324.328372
-2.20001	-5E-13	324.351748	0.0999997	-1.43E-11	324.351748
-2.1	-1.48E-11	324.37693	0.0999998	-1.35E-11	324.37693
-2	1.4E-12	324.400282	0.0999997	-1.49E-11	324.400282
-1.9	3.1E-12	324.423502	0.0999997	-1.5E-11	324.423502
-1.8	2.4E-12	324.446793	0.0999997	-1.41E-11	324.446793
-1.700001	-1.58E-11	324.499402	0.0999999	-6.1E-12	324.499402
-1.6	3.9E-12	324.52265	0.0999996	3.39E-11	324.52265
-1.5	3.9E-12	324.546015	0.0999997	2.383E-10	324.546015
-1.4	5.6E-12	324.56931	0.1000002	1.0538E-09	324.56931
-1.3	8.5E-12	324.592559	0.100001	3.8457E-09	324.592559
-1.2	7.9E-12	324.615849	0.100003	1.21099E-08	324.615849
-1.1	9.5E-12	324.639127	0.1000059	3.28691E-08	324.639127
-0.999999	1.21E-11	324.662355	0.1000054	7.70052E-08	324.662355
-0.900001	-7.9E-12	324.701885	0.1000001	1.53543E-07	324.701885
-0.8	-2E-12	324.726435	0.1000007	2.84255E-07	324.726435
-0.7	-5E-13	324.750983	0.1000008	4.71576E-07	324.750983
-0.6	8E-13	324.775533	0.1000009	7.21125E-07	324.775533
-0.500001	2.7E-12	324.800064	0.1000009	1.03276E-06	324.800064
-0.400001	-1.2E-12	324.834589	0.1000001	1.39798E-06	324.834589
-0.3	5.4E-12	324.859099	0.1000001	1.82646E-06	324.859099
-0.2000001	3.5E-12	324.885508	0.1000003	2.30008E-06	324.885508
-0.0999997	8.6E-12	324.910012	0.0999997	2.81649E-06	324.910012
4E-07	1.07E-11	324.934507	0.0999999	3.36738E-06	324.934507
0.1000004	1.26E-11	324.959022	0.0999999	3.9473E-06	324.959022
0.1999999	7.7E-12	325.012089	0.1	4.54102E-06	325.012089
0.299999	1.43E-11	325.036916	0.1000002	5.16976E-06	325.036916
0.4	1.74E-11	325.061393	0.1000002	5.81327E-06	325.061393
0.5	1.92E-11	325.085913	0.1000001	6.4705E-06	325.085913
0.599999	2.13E-11	325.110462	0.1000001	7.14045E-06	325.110462
0.7	2.32E-11	325.135004	0.1000001	7.8222E-06	325.135004
0.8	2.5E-11	325.159522	0.1000002	8.51408E-06	325.159522
0.9	2.72E-11	325.184069	0.1000001	9.2156E-06	325.184069
0.999999	2.9E-11	325.20858	0.1000001	9.92662E-06	325.20858
1.099999	2.56E-11	325.24318	0.0999999	1.0634E-05	325.24318
1.2	3.16E-11	325.26769	0.1000004	1.13603E-05	325.26769
1.3	3.3E-11	325.292198	0.0999999	1.20911E-05	325.292198
1.399999	3.47E-11	325.316705	0.1000001	1.28263E-05	325.316705
1.5	3.6E-11	325.341236	0.1000001	1.35663E-05	325.341236
1.6	3.75E-11	325.36577	0.1000001	1.43087E-05	325.36577
1.699999	3.88E-11	325.390277	0.1000001	1.50546E-05	325.390277
1.8	3.98E-11	325.414969	0.1000001	1.58034E-05	325.414969
1.9	4.06E-11	325.439473	0.1000001	1.65544E-05	325.439473
2	4.12E-11	325.464008	0.1000002	1.73071E-05	325.464008
2.099999	3.55E-11	325.510754	0.1	1.80559E-05	325.510754
2.19999	3.99E-11	325.53554	0.0999999	1.88098E-05	325.53554
2.29999	4.18E-11	325.560081	0.1000001	1.95696E-05	325.560081
2.39999	4.23E-11	325.584592	0.0999999	2.0331E-05	325.584592
2.49999	4.32E-11	325.609165	0.1000004	2.10925E-05	325.609165
2.59999	4.38E-11	325.633703	0.1	2.18555E-05	325.633703
2.69999	4.42E-11	325.658252	0.1000001	2.26204E-05	325.658252
2.79999	4.47E-11	325.682819	0.1000001	2.33863E-05	325.682819
2.89999	4.57E-11	325.707331	0.1	2.41528E-05	325.707331
2.99999	4.55E-11	325.731977	0.1000001	2.49201E-05	325.731977
3.09999	4.63E-11	325.756499	0.0999999	2.56893E-05	325.756499
3.19999	4.65E-11	325.781008	0.1	2.64588E-05	325.781008
3.29999	4.67E-11	325.805611	0.1000001	2.72293E-05	325.805611
3.39999	4.78E-11	325.830139	0.1000001	2.80001E-05	325.830139
3.49999	4.77E-11	325.854657	0.1	2.8773E-05	325.854657
3.59999	4.82E-11	325.879164	0.1	2.95451E-05	325.879164
3.69999	4.8E-11	325.903742	0.1000001	3.0319E-05	325.903742
3.79999	4.91E-11	325.928251	0.1000002	3.10935E-05	325.928251
3.89999	4.91E-11	325.952775	0.1	3.1869E-05	325.952775
3.99999	4.2E-11	326.009781	0.1000002	3.26352E-05	326.009781
4.09999	4.72E-11	326.034384	0.1000003	3.34154E-05	326.034384
4.19999	4.8E-11	326.058909	0.1000001	3.41944E-05	326.058909
4.29999	4.87E-11	326.083504	0.1000002	3.49741E-05	326.083504
4.39999	4.9E-11	326.108198	0.0999999	3.57542E-05	326.108198
4.49999	4.95E-11	326.132757	0.1	3.65344E-05	326.132757
4.59999	4.98E-11	326.157265	0.0999999	3.73161E-05	326.157265
4.69999	5.01E-11	326.18183	0.1	3.80978E-05	326.18183
4.79999	5.02E-11	326.206341	0.1000001	3.88813E-05	326.206341
4.89999	5.06E-11	326.230874	0.1	3.96661E-05	326.230874
4.99999	5.11E-11	326.255414	0.1000001	4.04512E-05	326.255414
5.09999	5.12E-11	326.279948	0.1	4.12383E-05	326.279948
5.19999	5.08E-11	326.304621	0.1	4.20258E-05	326.304621
5.29999	5.16E-11	326.329149	0.1000001	4.2814E-05	326.329149
5.39999	5.22E-11	326.353655	0.0999999	4.36027E-05	326.353655
5.49999	5.21E-11	326.378196	0.1000001	4.43935E-05	326.378196
5.59999	5.26E-11	326.402883	0.1000001	4.51859E-05	326.402883
5.69999	5.27E-11	326.427401	0.1	4.59778E-05	326.427401
5.79999	5.28E-11	326.451899	0.1000001	4.67723E-05	326.451899
5.89999	4.55E-11	326.511053	0.1000001	4.75566E-05	326.511053
5.99999	5.03E-11	326.535668	0.0999999	4.83563E-05	326.535668
6.09999	5.13E-11	326.560229	0.1000001	4.91555E-05	326.560229
6.19999	5.2E-11	326.58476	0.1000001	4.99541E-05	326.58476
6.29999	5.23E-11	326.609362	0.1000002	5.07554E-05	326.609362
6.39999	5.3E-11	326.633884	0.1000001	5.15567E-05	326.633884
6.49999	5.37E-11	326.658402	0.1000001	5.23587E-05	326.658402
6.59999	5.36E-11	326.682925	0.1000001	5.31633E-05	326.682925
6.69999	5.35E-11	326.707436	0.1000001	5.39679E-05	326.707436
6.79999	5.35E-11	326.731972	0.1000001	5.47742E-05	326.731972
6.89999	5.37E-11	326.756509	0.1000003	5.55811E-05	326.756509
6.99999	5.36E-11	326.781027	0.1000003	5.63885E-05	326.781027
7.09999	5.43E-11	326.805519	0.0999998	5.71984E-05	326.805519
7.19999	5.46E-11	326.830118	0.1	5.80093E-05	326.830118
7.29999	5.47E-11	326.854618	0.1000001	5.88204E-05	326.854618
7.39999	5.48E-11	326.879137	0.1000003	5.9634E-05	326.879137
7.49999	5.48E-11	326.903665	0.0999999	6.04488E-05	326.903665
7.59999	5.51E-11	326.928227	0.1	6.12632E-05	326.928227
7.69999	5.53E-11	326.952744	0.0999999	6.20807E-05	326.952744
7.79999	4.88E-11	327.012547	0.1000002	6.28887E-05	327.012547
7.89999	5.32E-11	327.037162	0.1	6.37111E-05	327.037162
7.99999	5.45E-11	327.061712	0.1000002	6.45338E-05	327.061712
8.09999	5.53E-11	327.086306	0.1000001	6.53557E-05	327.086306
8.19999	5.54E-11	327.110886	0.1	6.6179E-05	327.110886
8.29999	5.5E-11	327.135459	0.1000001	6.70037E-05	327.135459
8.39999	5.57E-11	327.159973	0.1000002	6.78297E-05	327.159973
8.49999	5.56E-11	327.184535	0.1000002	6.86564E-05	327.184535
8.59999	5.64E-11	327.209037	0.1	6.9485E-05	327.209037
8.69999	5.59E-11	327.233566	0.1000001	7.03147E-05	327.233566
8.79999	5.63E-11	327.258099	0.1000002	7.11441E-05	327.258099
8.89999	5.62E-11	327.282619	0.1	7.19763E-05	327.282619
8.99999	5.67E-11	327.307151	0.1	7.28086E-05	327.307151
9.09999	5.64E-11	327.331766	0.1	7.36429E-05	327.331766
9.19999	5.64E-11	327.356301	0.1	7.4479E-05	327.356301
9.29999	5.69E-11	327.380808	0.1	7.53119E-05	327.380808
9.39999	5.7E-11	327.405402	0.1000001	7.61523E-05	327.405402
9.49999	5.75E-11	327.429943	0.1	7.69937E-05	327.429943
9.59999	5.73E-11	327.4545	0.1	7.78356E-05	327.4545
9.69999	5.05E-11	327.513985	0.1000002	7.86712E-05	327.513985
9.79999	5.55E-11	327.538604	0.1	7.95173E-05	327.538604
9.89999	5.64E-11	327.563169	0.1	8.03628E-05	327.563169
9.99999	5.65E-11	327.587679	0.1	8.12102E-05	327.587679
9.9	4.34E-11	327.612293	0.1000002	8.03499E-05	327.612293
9.8	4.02E-11	327.636819	0.0999999	7.94945E-05	327.636819
9.7	3.78E-11	327.661325	0.1000001	7.86417E-05	327.661325
9.6	3.6E-11	327.685888	0.1	7.77922E-05	327.685888
9.5	3.46E-11	327.710396	0.1	7.69424E-05	327.710396
9.4	3.31E-11	327.734957	0.1000001	7.6096E-05	327.734957
9.3	3.23E-11	327.759511	0.1	7.52514E-05	327.759511
9.2	3.12E-11	327.784043	0.0999999	7.44077E-05	327.784043
9.1	3.1E-11	327.80854	0.1000001	7.35653E-05	327.80854
9	2.99E-11	327.833073	0.1	7.27241E-05	327.833073
8.9	2.87E-11	327.857585	0.1	7.18887E-05	327.857585
8.8	2.84E-11	327.882116	0.0999998	7.10489E-05	327.882116
8.7	2.78E-11	327.906645	0.0999998	7.02091E-05	327.906645
8.6	2.74E-11	327.931172	0.1	6.93718E-05	327.931172
8.5	2.67E-11	327.955667	0.0999998	6.85368E-05	327.955667
8.4	3.32E-11	328.015546	0.0999998	6.77044E-05	328.015546
8.3	2.71E-11	328.040179	0.0999999	6.68701E-05	328.040179
8.2	2.57E-11	328.064701	0.0999998	6.6038E-05	328.064701
8.1	2.54E-11	328.089354	0.0999999	6.52065E-05	328.089354
8	2.43E-11	328.113953	0.1	6.43779E-05	328.113953
7.9	2.4E-11	328.138505	0.1	6.35494E-05	328.138505
7.8	2.35E-11	328.163017	0.1	6.27228E-05	328.163017
7.7	2.34E-11	328.187573	0.0999998	6.18975E-05	328.187573
7.6	2.29E-11	328.21208	0.0999999	6.10732E-05	328.21208
7.5	2.23E-11	328.236601	0.0999998	6.02496E-05	328.236601
7.4	2.15E-11	328.261117	0.0999999	5.94278E-05	328.261117
7.3	2.15E-11	328.285622	0.1000001	5.86079E-05	328.285622
7.2	2.14E-11	328.310239	0.0999998	5.77882E-05	328.310239
7.1	2.07E-11	328.334751	0.0999998	5.697E-05	328.334751
7	2.09E-11	328.359319	0.0999998	5.6153E-05	328.359319
6.9	2.05E-11	328.383837	0.1	5.53375E-05	328.383837
6.8	1.98E-11	328.40845	0.1000002	5.45226E-05	328.40845
6.7	1.98E-11	328.433041	0.1000001	5.37091E-05	328.433041
6.6	1.94E-11	328.45764	0.0999999	5.28969E-05	328.45764
6.5	2.57E-11	328.517332	0.0999999	5.20916E-05	328.517332
6.4	2.06E-11	328.542032	0.0999999	5.12806E-05	328.542032
6.3	1.92E-11	328.566579	0.0999999	5.04714E-05	328.566579
6.2	1.76E-11	328.591096	0.1000001	4.96629E-05	328.591096
6.1	1.76E-11	328.615678	0.0999999	4.88563E-05	328.615678
6	1.73E-11	328.640227	0.1000001	4.80512E-05	328.640227
5.9	1.66E-11	328.664753	0.0999998	4.72464E-05	328.664753
5.8	1.6E-11	328.689307	0.0999999	4.64438E-05	328.689307
5.7	1.57E-11	328.713841	0.1	4.56419E-05	328.713841
5.6	1.5E-11	328.738374	0.1000001	4.48416E-05	328.738374
5.5	1.48E-11	328.762931	0.1	4.40413E-05	328.762931
5.4	1.43E-11	328.787438	0.1000001	4.32429E-05	328.787438
5.3	1.43E-11	328.812013	0.0999998	4.24459E-05	328.812013
5.2	1.34E-11	328.836529	0.0999999	4.16502E-05	328.836529
5.1	1.28E-11	328.861052	0.0999999	4.08543E-05	328.861052
5	1.22E-11	328.885578	0.0999998	4.00603E-05	328.885578
4.9	1.17E-11	328.910084	0.0999999	3.92679E-05	328.910084
4.8	1.22E-11	328.934617	0.1	3.84761E-05	328.934617
4.7	1.13E-11	328.959134	0.0999999	3.76854E-05	328.959134
4.6	1.73E-11	329.014194	0.0999998	3.69012E-05	329.014194
4.5	1.19E-11	329.038745	0.0999999	3.61123E-05	329.038745
4.4	1.14E-11	329.063339	0.0999998	3.53255E-05	329.063339
4.3	1.03E-11	329.087954	0.1000001	3.45398E-05	329.087954
4.2	9.9E-12	329.112565	0.0999998	3.37555E-05	329.112565
4.1	9.7E-12	329.137176	0.1	3.29721E-05	329.137176
4	8.5E-12	329.161695	0.1	3.21899E-05	329.161695
3.9	8E-12	329.186258	0.1	3.14094E-05	329.186258
3.8	7.3E-12	329.210781	0.1	3.06293E-05	329.210781
3.7	6.9E-12	329.235307	0.1000001	2.9851E-05	329.235307
3.6	5.9E-12	329.259887	0.0999999	2.90736E-05	329.259887
3.5	5.5E-12	329.284435	0.0999998	2.82973E-05	329.284435
3.4	4.8E-12	329.308967	0.1	2.75234E-05	329.308967
3.3	3.7E-12	329.333469	0.1000001	2.67496E-05	329.333469
3.2	3.3E-12	329.357992	0.0999999	2.59772E-05	329.357992
3.1	2.5E-12	329.382499	0.0999999	2.52064E-05	329.382499
3	2E-12	329.407046	0.1000001	2.44373E-05	329.407046
2.9	1.2E-12	329.431544	0.0999997	2.36692E-05	329.431544
2.8	9E-13	329.456107	0.0999998	2.29029E-05	329.456107
2.7	7.6E-12	329.518317	0.1	2.21436E-05	329.518317
2.6	1.2E-12	329.542826	0.1	2.13786E-05	329.542826
2.5	-3E-13	329.567425	0.1	2.06159E-05	329.567425
2.4	-1.3E-12	329.591949	0.1000002	1.98551E-05	329.591949
2.3	-2.4E-12	329.616543	0.1000002	1.90966E-05	329.616543
2.2	-3.6E-12	329.64109	0.0999999	1.83394E-05	329.64109
2.099999	-1.5E-12	329.667517	0.1	1.75892E-05	329.667517
2	-5.4E-12	329.692052	0.1000001	1.68365E-05	329.692052
1.9	-6.3E-12	329.716588	0.1	1.60864E-05	329.716588
1.8	-8.2E-12	329.741078	0.0999999	1.53383E-05	329.741078
1.7	-9E-12	329.765611	0.1	1.45937E-05	329.765611
1.6	-1.03E-11	329.790164	0.1	1.38523E-05	329.790164
1.5	-1.15E-11	329.814727	0.1	1.31136E-05	329.814727
1.4	-1.29E-11	329.839236	0.1	1.23795E-05	329.839236
1.3	-1.47E-11	329.863771	0.1	1.16506E-05	329.863771
1.2	-1.61E-11	329.88829	0.0999999	1.09265E-05	329.88829
1.1	-1.75E-11	329.912792	0.0999999	1.02094E-05	329.912792
1	-1.89E-11	329.937325	0.0999998	9.4993E-06	329.937325
0.9	-1.67E-11	329.964442	0.0999999	8.80432E-06	329.964442
0.8	-1.58E-11	330.021778	0.0999999	8.1183E-06	330.021778
0.7	-2.19E-11	330.046463	0.1	7.43506E-06	330.046463
0.6	-2.53E-11	330.071007	0.1000001	6.76434E-06	330.071007
0.5	-2.76E-11	330.095597	0.0999998	6.10661E-06	330.095597
0.4	-3.02E-11	330.120159	0.0999999	5.46254E-06	330.120159
0.3	-3.27E-11	330.144662	0.1	4.83415E-06	330.144662
0.1999998	-3.14E-11	330.171085	0.1	4.22586E-06	330.171085
0.0999995	-3.72E-11	330.195595	0.0999998	3.63784E-06	330.195595
-6E-07	-3.89E-11	330.220103	0.1	3.07667E-06	330.220103
