#scan	iMeasureCycle=1	iMux=0	time=0.031	N=401	LocalTime=19/04/2023 13:37:36
#VGate(V)	IGate(A)	time(s)	VDrain(V)	IDrain(A)	time(s)
-2E-07	-1.624E-10	0.03386	0.0999997	5.63401E-07	0.03386
-0.1000004	-2.214E-10	0.058724	0.0999994	3.37181E-07	0.058724
-0.2000005	-2.702E-10	0.083249	0.0999998	1.80159E-07	0.083249
-0.3	-1.235E-10	0.12112	0.0999936	8.47791E-08	0.12112
-0.400001	-1.089E-10	0.144383	0.1000067	3.27486E-08	0.144383
-0.500001	-9.3E-11	0.167666	0.1000018	1.0613E-08	0.167666
-0.600001	-8.45E-11	0.190925	0.1000007	2.8857E-09	0.190925
-0.700001	-8.03E-11	0.214137	0.1000004	6.611E-10	0.214137
-0.800001	-7.76E-11	0.237353	0.1000002	1.234E-10	0.237353
-0.900001	-7.33E-11	0.26064	0.1000001	1.2E-11	0.26064
-1.000001	-7.17E-11	0.284026	0.1000001	-5.2E-12	0.284026
-1.100001	-7.26E-11	0.307236	0.1000003	-7E-12	0.307236
-1.200001	-7.08E-11	0.330479	0.1000003	-7.5E-12	0.330479
-1.300001	-6.95E-11	0.353771	0.1000001	-7.4E-12	0.353771
-1.400001	-6.91E-11	0.377036	0.1000001	-6.6E-12	0.377036
-1.5	-6.91E-11	0.400309	0.1000001	-6.8E-12	0.400309
-1.600001	-7.04E-11	0.423516	0.1000001	-6.6E-12	0.423516
-1.700001	-6.89E-11	0.446875	0.1000001	-6.5E-12	0.446875
-1.800001	-7.03E-11	0.470078	0.1000004	-5.9E-12	0.470078
-1.900001	-6.96E-11	0.493369	0.1000002	-6E-12	0.493369
-2.000001	-6.89E-11	0.516662	0.0999999	-6E-12	0.516662
-2.100001	-6.92E-11	0.539978	0.1	-6E-12	0.539978
-2.2	-4.81E-11	0.601321	0.1	-7.7E-12	0.601321
-2.3	-6.77E-11	0.624555	0.1000001	-5.6E-12	0.624555
-2.4	-6.89E-11	0.647785	0.1000001	-5.7E-12	0.647785
-2.5	-6.82E-11	0.671082	0.1	-6E-12	0.671082
-2.6	-6.85E-11	0.694428	0.1000002	-6.1E-12	0.694428
-2.7	-7.08E-11	0.717645	0.0999999	-5.3E-12	0.717645
-2.8	-7.1E-11	0.740862	0.1000003	-5.3E-12	0.740862
-2.9	-6.95E-11	0.764149	0.1	-6E-12	0.764149
-3	-7.17E-11	0.787464	0.1000002	-5.3E-12	0.787464
-3.1	-7.2E-11	0.810844	0.1	-5.2E-12	0.810844
-3.2	-7.11E-11	0.834133	0.1000001	-5.7E-12	0.834133
-3.3	-7.11E-11	0.857415	0.1000001	-5.6E-12	0.857415
-3.4	-7.38E-11	0.880609	0.1000002	-5.3E-12	0.880609
-3.5	-7.33E-11	0.903817	0.1000002	-5.4E-12	0.903817
-3.6	-7.27E-11	0.927106	0.1000002	-5.5E-12	0.927106
-3.7	-7.25E-11	0.9504	0.1000002	-5.4E-12	0.9504
-3.8	-7.4E-11	0.973633	0.1	-5.4E-12	0.973633
-3.9	-7.53E-11	0.996836	0.1000003	-4.9E-12	0.996836
-4	-7.33E-11	1.020122	0.0999999	-5.3E-12	1.020122
-4.1	-7.31E-11	1.043445	0.1000001	-4.9E-12	1.043445
-4.2	-5.45E-11	1.097131	0.1	-6.9E-12	1.097131
-4.3	-7.3E-11	1.120442	0.1000001	-5.3E-12	1.120442
-4.4	-7.46E-11	1.14367	0.1000001	-5.4E-12	1.14367
-4.5	-7.54E-11	1.166904	0.1000001	-5.2E-12	1.166904
-4.6	-7.57E-11	1.190171	0.1000003	-4.9E-12	1.190171
-4.7	-7.49E-11	1.213452	0.1000001	-5.2E-12	1.213452
-4.8	-7.5E-11	1.236751	0.1	-5.3E-12	1.236751
-4.9	-7.67E-11	1.25997	0.0999999	-4.6E-12	1.25997
-5	-7.74E-11	1.283283	0.0999999	-5.2E-12	1.283283
-5.1	-7.64E-11	1.306579	0.1000004	-5.1E-12	1.306579
-5.2	-7.82E-11	1.329859	0.1000002	-5.3E-12	1.329859
-5.3	-7.83E-11	1.353073	0.1	-5.5E-12	1.353073
-5.4	-7.67E-11	1.376363	0.0999999	-5.4E-12	1.376363
-5.5	-7.7E-11	1.399638	0.1000002	-4.9E-12	1.399638
-5.6	-7.79E-11	1.42288	0.1000001	-5E-12	1.42288
-5.7	-7.83E-11	1.446127	0.1000001	-5.1E-12	1.446127
-5.8	-7.78E-11	1.469496	0.1000002	-5.1E-12	1.469496
-5.9	-7.94E-11	1.492773	0.1000001	-4.8E-12	1.492773
-6	-7.98E-11	1.516004	0.1000001	-4.7E-12	1.516004
-6.1	-7.8E-11	1.539322	0.1000002	-4.7E-12	1.539322
-6.2	-5.91E-11	1.598519	0.0999999	-6.6E-12	1.598519
-6.3	-7.7E-11	1.621833	0.1000002	-5E-12	1.621833
-6.4	-7.93E-11	1.645057	0.1000001	-5E-12	1.645057
-6.5	-7.96E-11	1.668279	0.1000002	-4.7E-12	1.668279
-6.6	-7.87E-11	1.691616	0.1000002	-5.2E-12	1.691616
-6.7	-7.85E-11	1.714904	0.1000002	-4.5E-12	1.714904
-6.8	-8.07E-11	1.738121	0.1000002	-4.6E-12	1.738121
-6.9	-8.1E-11	1.761335	0.1000001	-4.9E-12	1.761335
-7	-7.9E-11	1.784723	0.1000001	-4.3E-12	1.784723
-7.1	-7.95E-11	1.808026	0.1000001	-4E-12	1.808026
-7.2	-8.18E-11	1.8313	0.1000002	-4.4E-12	1.8313
-7.3	-8.26E-11	1.854525	0.1	-4.2E-12	1.854525
-7.4	-8.14E-11	1.877821	0.1	-4.5E-12	1.877821
-7.5	-8.08E-11	1.901115	0.1000001	-4.8E-12	1.901115
-7.6	-8.25E-11	1.924332	0.1000002	-4.2E-12	1.924332
-7.7	-8.25E-11	1.947565	0.0999999	-4.3E-12	1.947565
-7.8	-8.16E-11	1.970855	0.1000002	-4.7E-12	1.970855
-7.9	-8.06E-11	1.994184	0.1000001	-4.7E-12	1.994184
-8	-8.33E-11	2.017387	0.1000002	-4.5E-12	2.017387
-8.1	-8.39E-11	2.040631	0.1000003	-4.4E-12	2.040631
-8.2	-6.24E-11	2.100392	0.1	-5.8E-12	2.100392
-8.3	-8.24E-11	2.123627	0.1000002	-4.2E-12	2.123627
-8.4	-8.29E-11	2.14686	0.1	-4.5E-12	2.14686
-8.5	-8.2E-11	2.170166	0.1000001	-4.9E-12	2.170166
-8.6	-8.34E-11	2.193442	0.1	-4.4E-12	2.193442
-8.7	-8.34E-11	2.216683	0.1000002	-4.2E-12	2.216683
-8.8	-8.21E-11	2.239976	0.1000002	-4.5E-12	2.239976
-8.9	-8.3E-11	2.263263	0.1000002	-4.3E-12	2.263263
-9	-8.51E-11	2.286584	0.1000001	-4E-12	2.286584
-9.1	-8.5E-11	2.309801	0.1000002	-4.5E-12	2.309801
-9.2	-8.33E-11	2.333087	0.1000001	-4.5E-12	2.333087
-9.3	-8.35E-11	2.356383	0.1000001	-4.5E-12	2.356383
-9.4	-8.57E-11	2.379588	0.1	-4.1E-12	2.379588
-9.5	-8.56E-11	2.402802	0.1000001	-4.1E-12	2.402802
-9.6	-8.35E-11	2.426092	0.1000001	-4.4E-12	2.426092
-9.7	-8.37E-11	2.44939	0.0999999	-4.7E-12	2.44939
-9.8	-8.5E-11	2.47262	0.1000001	-4.3E-12	2.47262
-9.9	-8.55E-11	2.495886	0.1	-4.2E-12	2.495886
-10	-8.42E-11	2.519189	0.1000002	-4.3E-12	2.519189
-9.90001	-4.4E-11	2.542534	0.0999997	-7.6E-12	2.542534
-9.80001	-5.81E-11	2.601721	0.1	-5.9E-12	2.601721
-9.70001	-3.73E-11	2.624956	0.0999996	-7.6E-12	2.624956
-9.60001	-3.54E-11	2.648175	0.0999998	-7.9E-12	2.648175
-9.50001	-3.54E-11	2.671472	0.0999997	-7.6E-12	2.671472
-9.40001	-3.23E-11	2.694741	0.0999998	-7.5E-12	2.694741
-9.30001	-3.11E-11	2.717949	0.0999998	-7.5E-12	2.717949
-9.20001	-3.03E-11	2.741168	0.0999996	-7.7E-12	2.741168
-9.10001	-3.08E-11	2.764458	0.0999997	-7.2E-12	2.764458
-9.00001	-2.89E-11	2.78777	0.0999997	-7.6E-12	2.78777
-8.90001	-2.82E-11	2.810987	0.0999996	-8.3E-12	2.810987
-8.80001	-2.75E-11	2.834246	0.0999998	-7.5E-12	2.834246
-8.70001	-2.83E-11	2.857548	0.0999997	-7.7E-12	2.857548
-8.60001	-2.75E-11	2.880825	0.0999997	-7.7E-12	2.880825
-8.50001	-2.55E-11	2.904034	0.0999997	-7.8E-12	2.904034
-8.40001	-2.46E-11	2.927247	0.0999997	-8.3E-12	2.927247
-8.30001	-2.64E-11	2.950537	0.0999995	-7.8E-12	2.950537
-8.20001	-2.63E-11	2.973827	0.0999995	-7.7E-12	2.973827
-8.10001	-2.33E-11	2.997032	0.0999995	-7.9E-12	2.997032
-8	-2.31E-11	3.02025	0.0999997	-7.9E-12	3.02025
-7.90001	-2.42E-11	3.043563	0.0999997	-7.6E-12	3.043563
-7.80001	-4.24E-11	3.098852	0.0999999	-6.3E-12	3.098852
-7.70001	-2.32E-11	3.122113	0.0999997	-8.1E-12	3.122113
-7.6	-2.25E-11	3.145365	0.0999998	-8E-12	3.145365
-7.50001	-2.31E-11	3.168703	0.0999998	-8E-12	3.168703
-7.40001	-2.29E-11	3.192064	0.0999997	-8E-12	3.192064
-7.30001	-2.03E-11	3.215279	0.0999997	-8.3E-12	3.215279
-7.2	-2.03E-11	3.238501	0.0999998	-8.2E-12	3.238501
-7.10001	-1.95E-11	3.261711	0.0999995	-8.5E-12	3.261711
-7.00001	-2.13E-11	3.285002	0.0999998	-8.1E-12	3.285002
-6.90001	-1.92E-11	3.308317	0.0999995	-8.4E-12	3.308317
-6.80001	-1.83E-11	3.33153	0.0999996	-8.5E-12	3.33153
-6.70001	-1.97E-11	3.354821	0.0999997	-8.3E-12	3.354821
-6.60001	-1.95E-11	3.378114	0.0999998	-8.2E-12	3.378114
-6.50001	-1.73E-11	3.401352	0.0999997	-8.5E-12	3.401352
-6.40001	-1.8E-11	3.424638	0.0999998	-8E-12	3.424638
-6.30001	-1.79E-11	3.44792	0.0999998	-8.4E-12	3.44792
-6.20001	-1.65E-11	3.471187	0.0999996	-8.6E-12	3.471187
-6.10001	-1.58E-11	3.494449	0.0999996	-8.6E-12	3.494449
-6.00001	-1.77E-11	3.517784	0.0999996	-8.8E-12	3.517784
-5.90001	-1.5E-11	3.541273	0.0999997	-8.8E-12	3.541273
-5.80001	-1.48E-11	3.564524	0.0999998	-8.6E-12	3.564524
-5.70001	-3.43E-11	3.604998	0.0999999	-7E-12	3.604998
-5.60001	-1.7E-11	3.628292	0.0999997	-8.4E-12	3.628292
-5.50001	-1.48E-11	3.651543	0.0999997	-8.8E-12	3.651543
-5.40001	-1.35E-11	3.674765	0.0999996	-9.1E-12	3.674765
-5.30001	-1.46E-11	3.698109	0.0999998	-9.5E-12	3.698109
-5.20001	-1.52E-11	3.721448	0.0999998	-9.1E-12	3.721448
-5.1	-1.37E-11	3.744734	0.0999997	-9E-12	3.744734
-5.00001	-1.15E-11	3.76795	0.0999996	-9.1E-12	3.76795
-4.90001	-1.26E-11	3.791323	0.0999997	-9.3E-12	3.791323
-4.80001	-1.12E-11	3.814539	0.0999997	-8.8E-12	3.814539
-4.7	-1.32E-11	3.837922	0.0999997	-9.1E-12	3.837922
-4.60001	-1.16E-11	3.861208	0.0999997	-9.1E-12	3.861208
-4.50001	-1.11E-11	3.884501	0.0999997	-9.2E-12	3.884501
-4.40001	-9E-12	3.907697	0.0999998	-9.1E-12	3.907697
-4.3	-8.3E-12	3.930915	0.0999996	-9.2E-12	3.930915
-4.20001	-9.9E-12	3.9542	0.0999995	-9.3E-12	3.9542
-4.10001	-1E-11	3.977497	0.0999999	-9.6E-12	3.977497
-4.00001	-9.6E-12	4.000785	0.0999998	-9.3E-12	4.000785
-3.90001	-9.1E-12	4.02406	0.0999997	-9.2E-12	4.02406
-3.80001	-8.1E-12	4.047371	0.0999996	-9.2E-12	4.047371
-3.70001	-2.72E-11	4.106253	0.1	-8E-12	4.106253
-3.60001	-9.3E-12	4.129564	0.0999996	-9.7E-12	4.129564
-3.50001	-6.1E-12	4.15278	0.0999997	-9.7E-12	4.15278
-3.40001	-5.8E-12	4.176015	0.0999997	-1.03E-11	4.176015
-3.30001	-6.5E-12	4.199345	0.0999998	-9.6E-12	4.199345
-3.20001	-5.5E-12	4.222623	0.0999997	-9.9E-12	4.222623
-3.10001	-3.3E-12	4.245842	0.0999997	-9.8E-12	4.245842
-3.00001	-2.3E-12	4.269062	0.0999997	-9.6E-12	4.269062
-2.90001	-3.7E-12	4.292438	0.0999998	-9.6E-12	4.292438
-2.80001	-3E-12	4.315714	0.0999997	-9.6E-12	4.315714
-2.70001	0	4.338921	0.0999998	-1E-11	4.338921
-2.60001	2E-13	4.36214	0.0999998	-1.01E-11	4.36214
-2.50001	-2.1E-12	4.385467	0.0999998	-1.02E-11	4.385467
-2.40001	-3E-13	4.408744	0.0999998	-1.02E-11	4.408744
-2.30001	2.5E-12	4.431942	0.0999998	-1.05E-11	4.431942
-2.20001	3.1E-12	4.455154	0.0999997	-1.02E-11	4.455154
-2.099999	-1.29E-11	4.480282	0.1000001	-8.7E-12	4.480282
-2	2.8E-12	4.503606	0.0999999	-9.9E-12	4.503606
-1.9	5.3E-12	4.526816	0.0999997	-1.08E-11	4.526816
-1.8	6.4E-12	4.550042	0.0999997	-1.08E-11	4.550042
-1.700001	-1.42E-11	4.607442	0.1	-9.3E-12	4.607442
-1.599999	4.5E-12	4.630739	0.0999998	-1.08E-11	4.630739
-1.5	5.7E-12	4.654037	0.0999996	-1.09E-11	4.654037
-1.4	8.9E-12	4.677256	0.0999998	-1.08E-11	4.677256
-1.3	1.02E-11	4.700525	0.0999997	-1.14E-11	4.700525
-1.2	9.4E-12	4.723812	0.0999998	-1.08E-11	4.723812
-1.1	1.1E-11	4.747095	0.0999998	-1.03E-11	4.747095
-1	1.4E-11	4.77031	0.0999998	-2.5E-12	4.77031
-0.9	1.48E-11	4.793625	0.0999997	4.67E-11	4.793625
-0.799999	1.48E-11	4.816909	0.1000001	2.998E-10	4.816909
-0.7	1.85E-11	4.840174	0.1000005	1.3809E-09	4.840174
-0.599999	1.98E-11	4.863374	0.1000024	5.3018E-09	4.863374
-0.5	2.15E-11	4.886584	0.1000059	1.72062E-08	4.886584
-0.4	2.07E-11	4.909858	0.1000107	4.71701E-08	4.909858
-0.300001	2.1E-12	4.957936	0.1000002	1.05002E-07	4.957936
-0.1999998	5.3E-12	4.984356	0.1000004	2.15333E-07	4.984356
-0.0999997	1.1E-11	5.008838	0.1000007	3.84524E-07	5.008838
4E-07	1.28E-11	5.033356	0.1000009	6.16822E-07	5.033356
0.1000004	1.51E-11	5.057866	0.100001	9.12325E-07	5.057866
0.1999998	8.8E-12	5.126063	0.1000001	1.25084E-06	5.126063
0.299999	1.58E-11	5.150826	0.1000003	1.66209E-06	5.150826
0.4	1.92E-11	5.175377	0.1000001	2.11318E-06	5.175377
0.5	2.13E-11	5.199941	0.1000003	2.59843E-06	5.199941
0.599999	2.32E-11	5.224477	0.1000003	3.11225E-06	5.224477
0.7	2.56E-11	5.248987	0.1000001	3.64977E-06	5.248987
0.799999	2.73E-11	5.273493	0.0999999	4.20804E-06	5.273493
0.899999	2.9E-11	5.298125	0.1000002	4.78349E-06	5.298125
0.999999	3.08E-11	5.322636	0.1000001	5.37524E-06	5.322636
1.1	3.3E-11	5.347135	0.1000002	5.97994E-06	5.347135
1.2	3.42E-11	5.371655	0.1000002	6.5962E-06	5.371655
1.3	3.56E-11	5.396158	0.1000002	7.22272E-06	5.396158
1.4	3.75E-11	5.42069	0.1000001	7.85663E-06	5.42069
1.5	3.85E-11	5.445216	0.0999999	8.49755E-06	5.445216
1.6	3.97E-11	5.469761	0.1	9.14518E-06	5.469761
1.699999	4.06E-11	5.494327	0.1000002	9.79765E-06	5.494327
1.8	4.15E-11	5.51885	0.1000003	1.045497E-05	5.51885
1.899999	3.66E-11	5.553648	0.0999999	1.11062E-05	5.553648
1.999999	3.48E-11	5.614796	0.1	1.176E-05	5.614796
2.099999	4.1E-11	5.639336	0.1000003	1.24326E-05	5.639336
2.19999	4.19E-11	5.664041	0.1000001	1.31046E-05	5.664041
2.29999	4.34E-11	5.688543	0.1000001	1.37802E-05	5.688543
2.39999	4.4E-11	5.713125	0.1000001	1.4457E-05	5.713125
2.49999	4.44E-11	5.737626	0.1000001	1.51364E-05	5.737626
2.59999	4.51E-11	5.762136	0.0999997	1.5817E-05	5.762136
2.69999	4.53E-11	5.786674	0.0999999	1.65005E-05	5.786674
2.79999	4.62E-11	5.811275	0.0999998	1.7185E-05	5.811275
2.89999	4.68E-11	5.835838	0.1000003	1.78725E-05	5.835838
2.99999	4.72E-11	5.860363	0.1000001	1.85615E-05	5.860363
3.09999	4.81E-11	5.884884	0.1000001	1.92521E-05	5.884884
3.19999	4.79E-11	5.909444	0.1	1.99446E-05	5.909444
3.29999	4.87E-11	5.933954	0.1000002	2.06389E-05	5.933954
3.39999	4.86E-11	5.958453	0.1000001	2.1335E-05	5.958453
3.49999	4.93E-11	5.982963	0.1000002	2.20329E-05	5.982963
3.59999	4.93E-11	6.007503	0.1	2.27331E-05	6.007503
3.69999	5E-11	6.032014	0.1000001	2.34351E-05	6.032014
3.79999	4.99E-11	6.056541	0.1000001	2.4138E-05	6.056541
3.89999	4.36E-11	6.113526	0.1000001	2.48305E-05	6.113526
3.99999	4.85E-11	6.138041	0.1000001	2.55408E-05	6.138041
4.09999	4.96E-11	6.162644	0.1000001	2.6251E-05	6.162644
4.19999	5E-11	6.187151	0.1000001	2.69618E-05	6.187151
4.29999	5.01E-11	6.211723	0.1000001	2.7674E-05	6.211723
4.39999	5.09E-11	6.23623	0.1	2.83885E-05	6.23623
4.49999	5.09E-11	6.260795	0.1000002	2.9104E-05	6.260795
4.59999	5.13E-11	6.285308	0.0999999	2.98211E-05	6.285308
4.69999	5.17E-11	6.309913	0.1000001	3.05401E-05	6.309913
4.79999	5.2E-11	6.334433	0.1000002	3.12605E-05	6.334433
4.89999	5.17E-11	6.358971	0.1000001	3.1982E-05	6.358971
4.99999	5.26E-11	6.383503	0.1000001	3.27056E-05	6.383503
5.09999	5.28E-11	6.408043	0.1000001	3.34309E-05	6.408043
5.19999	5.31E-11	6.432546	0.0999997	3.41578E-05	6.432546
5.29999	5.32E-11	6.457043	0.1000001	3.48861E-05	6.457043
5.39999	5.27E-11	6.48166	0.1000001	3.56163E-05	6.48166
5.49999	5.39E-11	6.50622	0.1	3.6348E-05	6.50622
5.59999	5.38E-11	6.530773	0.1000001	3.70814E-05	6.530773
5.69999	5.38E-11	6.555321	0.1	3.78159E-05	6.555321
5.79999	4.75E-11	6.615483	0.1000002	3.8541E-05	6.615483
5.89999	5.25E-11	6.640015	0.1	3.92822E-05	6.640015
5.99999	5.32E-11	6.664528	0.0999999	4.00238E-05	6.664528
6.09999	5.37E-11	6.689084	0.1	4.07665E-05	6.689084
6.19999	5.38E-11	6.713673	0.1	4.15094E-05	6.713673
6.29999	5.42E-11	6.738196	0.0999999	4.22542E-05	6.738196
6.39999	5.47E-11	6.762698	0.0999999	4.30003E-05	6.762698
6.49999	5.49E-11	6.787246	0.1000002	4.37479E-05	6.787246
6.59999	5.53E-11	6.811844	0.1000001	4.44976E-05	6.811844
6.69999	5.55E-11	6.836422	0.1000002	4.52487E-05	6.836422
6.79999	5.58E-11	6.860925	0.1	4.60012E-05	6.860925
6.89999	5.53E-11	6.885476	0.1000002	4.6755E-05	6.885476
6.99999	5.59E-11	6.910039	0.1000002	4.75102E-05	6.910039
7.09999	5.63E-11	6.934564	0.1000002	4.82679E-05	6.934564
7.19999	5.61E-11	6.959087	0.1000001	4.90261E-05	6.959087
7.29999	5.64E-11	6.98358	0.1000001	4.97861E-05	6.98358
7.39999	5.63E-11	7.008107	0.1000003	5.05475E-05	7.008107
7.49999	5.65E-11	7.032636	0.0999999	5.13114E-05	7.032636
7.59999	5.64E-11	7.057183	0.1000002	5.20766E-05	7.057183
7.69999	4.97E-11	7.116669	0.1000001	5.28322E-05	7.116669
7.79999	5.51E-11	7.141223	0.1000002	5.36028E-05	7.141223
7.89999	5.57E-11	7.165799	0.0999998	5.43728E-05	7.165799
7.99999	5.58E-11	7.190366	0.1000001	5.51443E-05	7.190366
8.09999	5.63E-11	7.214931	0.1000001	5.5917E-05	7.214931
8.19999	5.62E-11	7.239493	0.1	5.66916E-05	7.239493
8.29999	5.6E-11	7.264022	0.0999999	5.74674E-05	7.264022
8.39999	5.71E-11	7.288542	0.1000002	5.82452E-05	7.288542
8.49999	5.73E-11	7.313131	0.1000001	5.90244E-05	7.313131
8.59999	5.71E-11	7.337717	0.1	5.98042E-05	7.337717
8.69999	5.78E-11	7.362227	0.1	6.05859E-05	7.362227
8.79999	5.79E-11	7.386758	0.1000001	6.13687E-05	7.386758
8.89999	5.82E-11	7.411304	0.1	6.21543E-05	7.411304
8.99999	5.83E-11	7.435814	0.1000001	6.29396E-05	7.435814
9.09999	5.84E-11	7.460316	0.1000001	6.37278E-05	7.460316
9.19999	5.83E-11	7.484914	0.0999998	6.45168E-05	7.484914
9.29999	5.79E-11	7.509538	0.1000002	6.53049E-05	7.509538
9.39999	5.88E-11	7.534047	0.1000003	6.60991E-05	7.534047
9.49999	5.88E-11	7.558597	0.1000001	6.6894E-05	7.558597
9.59999	5.22E-11	7.618222	0.1000002	6.76816E-05	7.618222
9.69999	5.72E-11	7.642729	0.1000001	6.84824E-05	7.642729
9.79999	5.82E-11	7.66724	0.1000002	6.92833E-05	7.66724
9.89999	5.83E-11	7.691747	0.0999999	7.00836E-05	7.691747
9.99999	5.85E-11	7.716312	0.1000001	7.08856E-05	7.716312
9.9	4.53E-11	7.740862	0.1	7.00678E-05	7.740862
9.8	4.19E-11	7.765381	0.1000001	6.92552E-05	7.765381
9.7	3.99E-11	7.789975	0.1000001	6.84468E-05	7.789975
9.6	3.82E-11	7.814567	0.1000002	6.76389E-05	7.814567
9.5	3.66E-11	7.839158	0.1000002	6.68347E-05	7.839158
9.4	3.56E-11	7.863675	0.1	6.60332E-05	7.863675
9.3	3.48E-11	7.888237	0.1	6.5231E-05	7.888237
9.2	3.37E-11	7.912747	0.1000001	6.4433E-05	7.912747
9.1	3.27E-11	7.937269	0.1	6.36358E-05	7.937269
9	3.19E-11	7.961776	0.1000002	6.28401E-05	7.961776
8.9	3.11E-11	7.986304	0.0999999	6.20481E-05	7.986304
8.8	3.06E-11	8.010814	0.0999999	6.12536E-05	8.010814
8.7	2.99E-11	8.03536	0.0999999	6.04611E-05	8.03536
8.6	2.92E-11	8.059893	0.0999999	5.96705E-05	8.059893
8.5	3.66E-11	8.136632	0.1	5.88854E-05	8.136632
8.4	3.09E-11	8.161189	0.1000001	5.80957E-05	8.161189
8.3	2.93E-11	8.185781	0.1000001	5.73096E-05	8.185781
8.2	2.84E-11	8.210301	0.1000001	5.65257E-05	8.210301
8.1	2.75E-11	8.234893	0.0999999	5.5742E-05	8.234893
8	2.74E-11	8.259415	0.0999999	5.4961E-05	8.259415
7.9	2.68E-11	8.283949	0.1000001	5.4182E-05	8.283949
7.8	2.64E-11	8.308558	0.0999999	5.34042E-05	8.308558
7.7	2.56E-11	8.333081	0.0999998	5.26275E-05	8.333081
7.6	2.47E-11	8.357613	0.1	5.18524E-05	8.357613
7.5	2.38E-11	8.382138	0.0999999	5.10799E-05	8.382138
7.4	2.4E-11	8.406753	0.1	5.0308E-05	8.406753
7.3	2.38E-11	8.431251	0.0999998	4.95375E-05	8.431251
7.2	2.31E-11	8.455753	0.1000001	4.87689E-05	8.455753
7.1	2.34E-11	8.480256	0.0999999	4.80019E-05	8.480256
7	2.28E-11	8.504845	0.0999998	4.72361E-05	8.504845
6.9	2.21E-11	8.52938	0.1	4.6472E-05	8.52938
6.8	2.24E-11	8.554029	0.0999997	4.57097E-05	8.554029
6.7	2.18E-11	8.578581	0.0999997	4.49492E-05	8.578581
6.6	2.67E-11	8.622185	0.0999998	4.4193E-05	8.622185
6.5	2.18E-11	8.646705	0.0999998	4.34341E-05	8.646705
6.4	2.1E-11	8.671247	0.1	4.26772E-05	8.671247
6.3	2.07E-11	8.695775	0.0999999	4.19218E-05	8.695775
6.2	1.97E-11	8.720342	0.1	4.11687E-05	8.720342
6.1	1.97E-11	8.744868	0.0999999	4.04171E-05	8.744868
6	1.92E-11	8.769405	0.1	3.96665E-05	8.769405
5.9	1.87E-11	8.793932	0.1000001	3.89182E-05	8.793932
5.8	1.82E-11	8.818593	0.0999999	3.81714E-05	8.818593
5.7	1.73E-11	8.843163	0.1000001	3.7426E-05	8.843163
5.6	1.73E-11	8.867692	0.0999998	3.66816E-05	8.867692
5.5	1.72E-11	8.892206	0.0999999	3.59395E-05	8.892206
5.4	1.65E-11	8.916717	0.0999999	3.51988E-05	8.916717
5.3	1.64E-11	8.941238	0.0999998	3.44603E-05	8.941238
5.2	1.52E-11	8.965751	0.0999998	3.37234E-05	8.965751
5.1	1.53E-11	8.990245	0.1000001	3.29878E-05	8.990245
5	1.45E-11	9.014788	0.1	3.22543E-05	9.014788
4.9	1.43E-11	9.039352	0.1	3.15227E-05	9.039352
4.8	1.36E-11	9.063889	0.1	3.0792E-05	9.063889
4.7	2.02E-11	9.12293	0.1	3.00682E-05	9.12293
4.6	1.54E-11	9.147509	0.0999998	2.93399E-05	9.147509
4.5	1.46E-11	9.172113	0.1000001	2.8614E-05	9.172113
4.4	1.34E-11	9.196627	0.1	2.78902E-05	9.196627
4.3	1.25E-11	9.221235	0.1	2.71681E-05	9.221235
4.2	1.22E-11	9.245758	0.1	2.64484E-05	9.245758
4.1	1.14E-11	9.270281	0.0999998	2.57303E-05	9.270281
4	1.07E-11	9.294798	0.1	2.50146E-05	9.294798
3.9	1.01E-11	9.319396	0.1	2.42997E-05	9.319396
3.8	9.6E-12	9.343899	0.1	2.35874E-05	9.343899
3.7	9.1E-12	9.368456	0.1000001	2.28764E-05	9.368456
3.6	8.1E-12	9.392945	0.0999999	2.21679E-05	9.392945
3.5	8.1E-12	9.417559	0.0999999	2.14613E-05	9.417559
3.4	7.3E-12	9.442098	0.1000001	2.07566E-05	9.442098
3.3	6.4E-12	9.466633	0.0999999	2.00544E-05	9.466633
3.2	5.8E-12	9.491265	0.0999998	1.93543E-05	9.491265
3.1	4.2E-12	9.515795	0.1	1.86565E-05	9.515795
3	3.8E-12	9.540297	0.1	1.79607E-05	9.540297
2.9	3.7E-12	9.564868	0.0999999	1.72677E-05	9.564868
2.8	9.6E-12	9.624595	0.1000001	1.65816E-05	9.624595
2.7	3.8E-12	9.649153	0.1	1.58918E-05	9.649153
2.6	2.4E-12	9.673668	0.1	1.52049E-05	9.673668
2.5	1.4E-12	9.698172	0.0999998	1.4522E-05	9.698172
2.4	5E-13	9.72274	0.1	1.38416E-05	9.72274
2.3	-8E-13	9.747242	0.1000001	1.31642E-05	9.747242
2.2	-2.2E-12	9.771763	0.1	1.24901E-05	9.771763
2.099999	6E-13	9.798187	0.0999998	1.18203E-05	9.798187
2	-3.3E-12	9.822776	0.0999998	1.11535E-05	9.822776
1.9	-4.9E-12	9.847431	0.0999999	1.04909E-05	9.847431
1.8	-6.2E-12	9.871963	0.0999999	9.8328E-06	9.871963
1.7	-7.2E-12	9.896468	0.0999999	9.1804E-06	9.896468
1.6	-4.1E-12	9.923579	0.1000001	8.53701E-06	9.923579
1.5	-9.8E-12	9.948116	0.0999997	7.89607E-06	9.948116
1.4	-1.07E-11	9.972632	0.1	7.2628E-06	9.972632
1.3	-1.2E-11	9.997155	0.0999998	6.63838E-06	9.997155
1.2	-1.32E-11	10.021688	0.0999999	6.02505E-06	10.021688
1.1	-1.51E-11	10.046228	0.0999999	5.42312E-06	10.046228
1	-1.69E-11	10.070757	0.0999999	4.83561E-06	10.070757
0.9	-1.25E-11	10.121956	0.0999998	4.26967E-06	10.121956
0.8	-1.88E-11	10.146493	0.0999999	3.71475E-06	10.146493
0.7	-2.1E-11	10.171037	0.0999999	3.18124E-06	10.171037
0.6	-2.36E-11	10.195586	0.0999999	2.6725E-06	10.195586
0.5	-2.58E-11	10.220155	0.1000002	2.19177E-06	10.220155
0.4	-2.82E-11	10.24466	0.0999999	1.74522E-06	10.24466
0.3	-3.05E-11	10.269254	0.1	1.33876E-06	10.269254
0.1999999	-2.93E-11	10.295597	0.0999998	9.8053E-07	10.295597
0.1	-3.11E-11	10.322995	0.0999994	6.76867E-07	10.322995
-4E-07	-3.7E-11	10.347526	0.0999995	4.31746E-07	10.347526
#scan	iMeasureCycle=2	iMux=0	time=279.884	N=401	LocalTime=19/04/2023 13:42:16
#VGate(V)	IGate(A)	time(s)	VDrain(V)	IDrain(A)	time(s)
-3E-07	-1.53E-11	279.891485	0.0999997	5.00244E-07	279.891485
-0.1000003	-2.34E-11	279.916348	0.0999997	2.93019E-07	279.916348
-0.2	-2.44E-11	279.942078	0.0999997	1.5277E-07	279.942078
-0.3	-2.54E-11	279.979982	0.0999938	6.95151E-08	279.979982
-0.400001	-4.79E-11	280.003196	0.1000055	2.58561E-08	280.003196
-0.500001	-4.93E-11	280.026473	0.1000016	8.0591E-09	280.026473
-0.600001	-5.09E-11	280.049749	0.1000005	2.1173E-09	280.049749
-0.700001	-5.52E-11	280.072968	0.1000005	4.67E-10	280.072968
-0.800001	-5.66E-11	280.096184	0.1000004	8.33E-11	280.096184
-0.900001	-5.65E-11	280.11947	0.1000002	7.5E-12	280.11947
-1.000001	-5.78E-11	280.142747	0.1000002	-4.3E-12	280.142747
-1.100001	-5.87E-11	280.166028	0.1000001	-5.9E-12	280.166028
-1.200001	-6.17E-11	280.189254	0.1	-6E-12	280.189254
-1.300001	-6.09E-11	280.21254	0.1000001	-5.9E-12	280.21254
-1.400001	-6.18E-11	280.235823	0.1000001	-5.8E-12	280.235823
-1.500001	-6.46E-11	280.259031	0.1000001	-5.7E-12	280.259031
-1.600001	-6.52E-11	280.282252	0.1000001	-5.4E-12	280.282252
-1.700001	-6.42E-11	280.305592	0.1000001	-5.7E-12	280.305592
-1.800001	-6.49E-11	280.328874	0.1	-6E-12	280.328874
-1.900001	-6.73E-11	280.352073	0.1000002	-6E-12	280.352073
-2.000001	-6.84E-11	280.375351	0.1000001	-5.5E-12	280.375351
-2.100001	-6.63E-11	280.398696	0.1	-5.4E-12	280.398696
-2.2	-4.66E-11	280.459366	0.1	-7.1E-12	280.459366
-2.3	-6.7E-11	280.482611	0.1000003	-5.2E-12	280.482611
-2.4	-6.64E-11	280.505913	0.0999999	-5.8E-12	280.505913
-2.5	-6.89E-11	280.52912	0.1000002	-5.3E-12	280.52912
-2.6	-6.92E-11	280.552418	0.1000002	-5E-12	280.552418
-2.7	-6.95E-11	280.575654	0.1000001	-5.4E-12	280.575654
-2.8	-6.9E-11	280.598946	0.1	-5.6E-12	280.598946
-2.9	-7.19E-11	280.622154	0.1000001	-5.1E-12	280.622154
-3	-7.19E-11	280.645419	0.1000001	-5.2E-12	280.645419
-3.1	-7.26E-11	280.668628	0.1000001	-5.7E-12	280.668628
-3.2	-7.11E-11	280.69194	0.1000002	-5.8E-12	280.69194
-3.3	-7.11E-11	280.715234	0.1	-4.9E-12	280.715234
-3.4	-7.35E-11	280.738441	0.1000002	-4.8E-12	280.738441
-3.5	-7.39E-11	280.761653	0.1000001	-5E-12	280.761653
-3.6	-7.21E-11	280.784937	0.1000001	-5.2E-12	280.784937
-3.7	-7.23E-11	280.808227	0.1000002	-5.2E-12	280.808227
-3.8	-7.47E-11	280.831441	0.1000002	-5E-12	280.831441
-3.9	-7.45E-11	280.854664	0.1000002	-4.8E-12	280.854664
-4	-7.37E-11	280.877945	0.1000001	-5.5E-12	280.877945
-4.1	-7.36E-11	280.901237	0.1000001	-5.1E-12	280.901237
-4.2	-5.57E-11	280.95073	0.0999998	-6.4E-12	280.95073
-4.3	-7.26E-11	280.974082	0.1000001	-4.9E-12	280.974082
-4.4	-7.38E-11	280.997374	0.1000002	-4.8E-12	280.997374
-4.5	-7.62E-11	281.020589	0.1000002	-5E-12	281.020589
-4.6	-7.71E-11	281.043847	0.1000002	-4.8E-12	281.043847
-4.7	-7.52E-11	281.067145	0.1000001	-4.8E-12	281.067145
-4.8	-7.52E-11	281.090431	0.1	-4.9E-12	281.090431
-4.9	-7.78E-11	281.113655	0.1000002	-4.2E-12	281.113655
-5	-7.8E-11	281.136872	0.1	-4.9E-12	281.136872
-5.1	-7.64E-11	281.160157	0.1000001	-5.2E-12	281.160157
-5.2	-7.68E-11	281.183429	0.1	-5E-12	281.183429
-5.3	-7.84E-11	281.206678	0.1000002	-4.7E-12	281.206678
-5.4	-7.87E-11	281.2299	0.1	-4.4E-12	281.2299
-5.5	-7.72E-11	281.253183	0.1000003	-4.9E-12	281.253183
-5.6	-7.75E-11	281.276454	0.1000001	-4.7E-12	281.276454
-5.7	-7.92E-11	281.299725	0.1000002	-4.9E-12	281.299725
-5.8	-7.95E-11	281.322985	0.1	-4.4E-12	281.322985
-5.9	-7.84E-11	281.346279	0.1000002	-4.6E-12	281.346279
-6	-7.8E-11	281.369569	0.1000001	-4.7E-12	281.369569
-6.1	-8.06E-11	281.392783	0.1000002	-4.4E-12	281.392783
-6.2	-8.1E-11	281.416012	0.1000001	-4.4E-12	281.416012
-6.3	-6.13E-11	281.452152	0.1	-6.2E-12	281.452152
-6.4	-7.83E-11	281.475523	0.1000001	-4.2E-12	281.475523
-6.5	-7.78E-11	281.498877	0.1000002	-4.7E-12	281.498877
-6.6	-8.11E-11	281.522092	0.1000002	-4E-12	281.522092
-6.7	-7.92E-11	281.545434	0.1000003	-4.1E-12	281.545434
-6.8	-7.97E-11	281.568713	0.1	-4.7E-12	281.568713
-6.9	-8.15E-11	281.591936	0.1000002	-4.5E-12	281.591936
-7	-8.17E-11	281.615162	0.1000001	-4.7E-12	281.615162
-7.1	-8.04E-11	281.638516	0.1000002	-4.6E-12	281.638516
-7.2	-8.05E-11	281.661803	0.1000001	-4.5E-12	281.661803
-7.3	-8.2E-11	281.685034	0.1000002	-4.3E-12	281.685034
-7.4	-8.31E-11	281.708272	0.1000001	-4.3E-12	281.708272
-7.5	-8.12E-11	281.731564	0.1000002	-4.4E-12	281.731564
-7.6	-8.08E-11	281.754859	0.0999999	-4.2E-12	281.754859
-7.7	-8.3E-11	281.778059	0.1000002	-4.3E-12	281.778059
-7.8	-8.32E-11	281.801279	0.1000001	-4.1E-12	281.801279
-7.9	-8.16E-11	281.824585	0.1000001	-4.8E-12	281.824585
-8	-8.19E-11	281.847872	0.1000001	-4.6E-12	281.847872
-8.1	-8.39E-11	281.871075	0.1000002	-4.3E-12	281.871075
-8.2	-8.41E-11	281.894293	0.1000003	-4.8E-12	281.894293
-8.3	-8.24E-11	281.91758	0.1	-4.3E-12	281.91758
-8.4	-6.42E-11	281.957861	0.0999999	-6.2E-12	281.957861
-8.5	-8.1E-11	281.981215	0.1000001	-4.4E-12	281.981215
-8.6	-8.27E-11	282.004481	0.1000003	-4.2E-12	282.004481
-8.7	-8.25E-11	282.027777	0.1	-4.3E-12	282.027777
-8.8	-8.28E-11	282.05112	0.1000001	-4.4E-12	282.05112
-8.9	-8.49E-11	282.074335	0.1	-3.9E-12	282.074335
-9	-8.51E-11	282.09756	0.1000001	-3.7E-12	282.09756
-9.1	-8.36E-11	282.120858	0.1000001	-4.1E-12	282.120858
-9.2	-8.37E-11	282.144126	0.1000001	-4E-12	282.144126
-9.3	-8.55E-11	282.167352	0.1000001	-3.7E-12	282.167352
-9.4	-8.39E-11	282.190886	0.1000001	-4.2E-12	282.190886
-9.5	-8.36E-11	282.214188	0.1000001	-4.2E-12	282.214188
-9.6	-8.59E-11	282.237396	0.1000001	-3.9E-12	282.237396
-9.7	-8.6E-11	282.260609	0.1000002	-3.9E-12	282.260609
-9.8	-8.48E-11	282.283905	0.0999999	-4.1E-12	282.283905
-9.9	-8.31E-11	282.307316	0.1000002	-4.5E-12	282.307316
-10	-8.6E-11	282.330528	0.1000001	-4.1E-12	282.330528
-9.90001	-4.53E-11	282.353816	0.0999997	-7.9E-12	282.353816
-9.80001	-4.21E-11	282.377095	0.0999996	-7.6E-12	282.377095
-9.70001	-3.81E-11	282.400309	0.0999998	-7.9E-12	282.400309
-9.60001	-5.59E-11	282.459653	0.0999998	-6E-12	282.459653
-9.50001	-3.53E-11	282.48295	0.0999999	-8.2E-12	282.48295
-9.40001	-3.53E-11	282.506254	0.0999996	-7.4E-12	282.506254
-9.30001	-3.41E-11	282.529552	0.0999996	-7.3E-12	282.529552
-9.20001	-3.16E-11	282.552862	0.0999997	-7.4E-12	282.552862
-9.10001	-3.25E-11	282.576155	0.0999996	-7.5E-12	282.576155
-9.00001	-3.17E-11	282.599534	0.0999999	-7.4E-12	282.599534
-8.90001	-2.93E-11	282.622771	0.0999997	-7.8E-12	282.622771
-8.80001	-2.82E-11	282.646036	0.0999997	-7.7E-12	282.646036
-8.70001	-2.9E-11	282.669332	0.0999996	-7.6E-12	282.669332
-8.60001	-2.63E-11	282.69282	0.0999998	-8E-12	282.69282
-8.50001	-2.85E-11	282.716125	0.0999996	-7.7E-12	282.716125
-8.40001	-2.73E-11	282.739401	0.0999997	-7.7E-12	282.739401
-8.30001	-2.66E-11	282.762683	0.0999996	-7.7E-12	282.762683
-8.20001	-2.51E-11	282.785916	0.0999997	-7.8E-12	282.785916
-8.10001	-2.6E-11	282.809215	0.0999998	-7.8E-12	282.809215
-8.00001	-2.55E-11	282.832508	0.0999996	-8.2E-12	282.832508
-7.90001	-2.36E-11	282.855729	0.0999997	-8.5E-12	282.855729
-7.80001	-2.45E-11	282.879016	0.0999998	-8.1E-12	282.879016
-7.70001	-2.37E-11	282.902375	0.0999997	-8.2E-12	282.902375
-7.60001	-4.33E-11	282.960685	0.0999999	-6.3E-12	282.960685
-7.50001	-2.38E-11	282.983975	0.0999995	-7.8E-12	282.983975
-7.40001	-2.22E-11	283.007201	0.0999998	-8E-12	283.007201
-7.30001	-2.28E-11	283.030504	0.0999997	-7.8E-12	283.030504
-7.2	-2.28E-11	283.053861	0.0999996	-7.8E-12	283.053861
-7.10001	-2.17E-11	283.077097	0.0999997	-8E-12	283.077097
-7.00001	-2.02E-11	283.100317	0.0999997	-8.2E-12	283.100317
-6.90001	-2.11E-11	283.123615	0.0999998	-8.1E-12	283.123615
-6.80001	-2.09E-11	283.1469	0.0999999	-8.3E-12	283.1469
-6.70001	-1.85E-11	283.1701	0.0999996	-8.7E-12	283.1701
-6.60001	-1.96E-11	283.193652	0.0999997	-8.3E-12	283.193652
-6.50001	-2.09E-11	283.21701	0.0999997	-8.2E-12	283.21701
-6.40001	-1.74E-11	283.240229	0.0999997	-8.6E-12	283.240229
-6.30001	-1.75E-11	283.263437	0.0999998	-8.3E-12	283.263437
-6.20001	-1.9E-11	283.286729	0.0999996	-8E-12	283.286729
-6.10001	-1.66E-11	283.310005	0.0999997	-8.3E-12	283.310005
-6.00001	-1.56E-11	283.333222	0.0999998	-8.9E-12	283.333222
-5.90001	-1.54E-11	283.356434	0.0999997	-8.8E-12	283.356434
-5.80001	-1.71E-11	283.379708	0.0999998	-8.3E-12	283.379708
-5.70001	-1.65E-11	283.40299	0.0999997	-8.3E-12	283.40299
-5.60001	-3.47E-11	283.45804	0.1000001	-6.6E-12	283.45804
-5.50001	-1.52E-11	283.481347	0.0999998	-8.7E-12	283.481347
-5.40001	-1.42E-11	283.504565	0.0999995	-8.8E-12	283.504565
-5.30001	-1.52E-11	283.527869	0.0999998	-8.4E-12	283.527869
-5.20001	-1.62E-11	283.55127	0.0999998	-8.4E-12	283.55127
-5.1	-1.29E-11	283.57448	0.0999997	-9E-12	283.57448
-5.00001	-1.23E-11	283.597694	0.0999998	-8.6E-12	283.597694
-4.90001	-1.38E-11	283.620988	0.0999996	-9.3E-12	283.620988
-4.80001	-1.11E-11	283.644262	0.0999997	-8.9E-12	283.644262
-4.7	-1.1E-11	283.667477	0.0999997	-8.7E-12	283.667477
-4.60001	-1.08E-11	283.690725	0.0999998	-9.4E-12	283.690725
-4.50001	-1.17E-11	283.714033	0.0999998	-9.1E-12	283.714033
-4.40001	-1.13E-11	283.73732	0.0999998	-9.4E-12	283.73732
-4.3	-9.3E-12	283.760525	0.0999997	-9.3E-12	283.760525
-4.20001	-9.7E-12	283.783766	0.0999997	-9E-12	283.783766
-4.10001	-1.02E-11	283.807055	0.0999997	-8.9E-12	283.807055
-4.00001	-7.5E-12	283.830267	0.0999999	-9.2E-12	283.830267
-3.90001	-7.5E-12	283.853519	0.0999998	-9.3E-12	283.853519
-3.80001	-7.5E-12	283.876748	0.0999996	-9.1E-12	283.876748
-3.70001	-7.7E-12	283.900034	0.0999997	-9.2E-12	283.900034
-3.60001	-8.1E-12	283.92334	0.0999996	-9.4E-12	283.92334
-3.50001	-2.56E-11	283.96395	0.1000001	-8.2E-12	283.96395
-3.40001	-8.1E-12	283.987299	0.0999996	-9.6E-12	283.987299
-3.30001	-6.9E-12	284.010586	0.0999998	-9.4E-12	284.010586
-3.20001	-4.2E-12	284.033806	0.0999999	-1.04E-11	284.033806
-3.10001	-3.3E-12	284.057059	0.0999996	-9.6E-12	284.057059
-3.00001	-4.4E-12	284.08035	0.0999997	-9.4E-12	284.08035
-2.90001	-3.8E-12	284.103638	0.0999997	-9.6E-12	284.103638
-2.80001	-2.1E-12	284.126883	0.0999997	-9.6E-12	284.126883
-2.70001	-1E-13	284.150091	0.0999999	-1.01E-11	284.150091
-2.60001	-1.8E-12	284.173374	0.0999996	-9.9E-12	284.173374
-2.50001	8E-13	284.196867	0.0999997	-1E-11	284.196867
-2.40001	1.1E-12	284.220086	0.0999997	-1.01E-11	284.220086
-2.30001	2.4E-12	284.243303	0.0999996	-1E-11	284.243303
-2.20001	8E-13	284.266606	0.0999997	-9.7E-12	284.266606
-2.099999	-1.34E-11	284.291714	0.1	-9E-12	284.291714
-2	3.3E-12	284.315003	0.0999997	-1.06E-11	284.315003
-1.9	3.1E-12	284.338296	0.0999997	-1.07E-11	284.338296
-1.8	3.8E-12	284.361573	0.0999996	-1.07E-11	284.361573
-1.699999	6.4E-12	284.384778	0.0999997	-1.07E-11	284.384778
-1.6	8E-12	284.40798	0.0999997	-1.09E-11	284.40798
-1.500001	-1.28E-11	284.465404	0.0999998	-9.4E-12	284.465404
-1.4	5.8E-12	284.488774	0.0999997	-1.09E-11	284.488774
-1.3	9.3E-12	284.51197	0.0999996	-1.15E-11	284.51197
-1.2	1.07E-11	284.535193	0.0999997	-1.15E-11	284.535193
-1.1	1.19E-11	284.558489	0.0999997	-1.07E-11	284.558489
-1	1.17E-11	284.581779	0.0999997	-5.3E-12	284.581779
-0.9	1.48E-11	284.604978	0.0999998	2.9E-11	284.604978
-0.8	1.66E-11	284.628189	0.0999999	2.08E-10	284.628189
-0.7	1.73E-11	284.651451	0.1000003	9.974E-10	284.651451
-0.599999	1.78E-11	284.674741	0.1000018	3.9663E-09	284.674741
-0.5	2.06E-11	284.698232	0.1000049	1.3343E-08	284.698232
-0.4	2.26E-11	284.72152	0.1000097	3.78506E-08	284.72152
-0.3	2.19E-11	284.744816	0.1000121	9.08243E-08	284.744816
-0.2	3.8E-12	284.785931	0.1000001	1.82247E-07	284.785931
-0.0999998	1.05E-11	284.810421	0.1000009	3.3567E-07	284.810421
4E-07	1.23E-11	284.834919	0.1000008	5.49514E-07	284.834919
0.1000005	1.45E-11	284.859388	0.100001	8.24761E-07	284.859388
0.1999999	1.12E-11	284.893911	0.1	1.15212E-06	284.893911
0.299999	1.77E-11	284.918622	0.1	1.54059E-06	284.918622
0.399999	1.3E-11	284.973821	0.1000001	1.96027E-06	284.973821
0.5	2.01E-11	284.998377	0.1	2.43325E-06	284.998377
0.6	2.21E-11	285.022938	0.1000002	2.93421E-06	285.022938
0.7	2.49E-11	285.047437	0.1000004	3.46128E-06	285.047437
0.799999	2.69E-11	285.07201	0.1000002	4.00932E-06	285.07201
0.9	2.85E-11	285.096581	0.1000001	4.57707E-06	285.096581
0.999999	3.04E-11	285.121127	0.0999999	5.1609E-06	285.121127
1.1	3.17E-11	285.145662	0.1000002	5.75999E-06	285.145662
1.2	3.38E-11	285.170182	0.1	6.37169E-06	285.170182
1.3	3.56E-11	285.194691	0.1000002	6.99374E-06	285.194691
1.4	3.67E-11	285.219196	0.0999999	7.62542E-06	285.219196
1.5	3.75E-11	285.243752	0.1000002	8.26482E-06	285.243752
1.599999	3.87E-11	285.268287	0.0999999	8.91063E-06	285.268287
1.699999	4E-11	285.292803	0.1000001	9.56274E-06	285.292803
1.8	4.11E-11	285.31737	0.1	1.021973E-05	285.31737
1.899999	3.68E-11	285.351954	0.1000001	1.08727E-05	285.351954
2	4.21E-11	285.376451	0.0999999	1.154E-05	285.376451
2.099999	4.25E-11	285.401026	0.1000003	1.221E-05	285.401026
2.19999	4.32E-11	285.425772	0.1000001	1.2882E-05	285.425772
2.29999	3.82E-11	285.472621	0.0999997	1.35511E-05	285.472621
2.39999	4.37E-11	285.497254	0.1000001	1.42322E-05	285.497254
2.49999	4.44E-11	285.521792	0.1000002	1.49156E-05	285.521792
2.59999	4.47E-11	285.546402	0.0999999	1.56003E-05	285.546402
2.69999	4.57E-11	285.570974	0.1	1.62873E-05	285.570974
2.79999	4.62E-11	285.595507	0.0999999	1.69768E-05	285.595507
2.89999	4.72E-11	285.620008	0.1000001	1.76676E-05	285.620008
2.99999	4.76E-11	285.644499	0.1	1.83612E-05	285.644499
3.09999	4.77E-11	285.669103	0.0999998	1.90572E-05	285.669103
3.19999	4.87E-11	285.693612	0.0999999	1.97539E-05	285.693612
3.29999	4.92E-11	285.71816	0.1	2.04536E-05	285.71816
3.39999	4.9E-11	285.742667	0.1000002	2.11546E-05	285.742667
3.49999	4.95E-11	285.767185	0.1	2.1857E-05	285.767185
3.59999	4.98E-11	285.791682	0.1000001	2.25611E-05	285.791682
3.69999	5.01E-11	285.816194	0.1	2.3267E-05	285.816194
3.79999	5.06E-11	285.8407	0.0999999	2.39746E-05	285.8407
3.89999	5.06E-11	285.865217	0.1000001	2.46832E-05	285.865217
3.99999	5.06E-11	285.889756	0.1	2.53938E-05	285.889756
4.09999	5.14E-11	285.914261	0.1000002	2.61054E-05	285.914261
4.19999	4.42E-11	285.971827	0.1000001	2.6809E-05	285.971827
4.29999	4.99E-11	285.996401	0.1	2.75261E-05	285.996401
4.39999	5.05E-11	286.020915	0.1	2.82442E-05	286.020915
4.49999	5.09E-11	286.045426	0.1	2.89627E-05	286.045426
4.59999	5.13E-11	286.070003	0.1000002	2.96822E-05	286.070003
4.69999	5.16E-11	286.094556	0.1000001	3.04034E-05	286.094556
4.79999	5.2E-11	286.119053	0.1000001	3.11253E-05	286.119053
4.89999	5.22E-11	286.143581	0.1000001	3.18491E-05	286.143581
4.99999	5.25E-11	286.168113	0.1000001	3.2575E-05	286.168113
5.09999	5.19E-11	286.192644	0.1000002	3.33016E-05	286.192644
5.19999	5.23E-11	286.217209	0.1000002	3.40297E-05	286.217209
5.29999	5.31E-11	286.241768	0.1	3.47593E-05	286.241768
5.39999	5.29E-11	286.266275	0.1000001	3.54911E-05	286.266275
5.49999	5.31E-11	286.290797	0.1000001	3.62237E-05	286.290797
5.59999	5.28E-11	286.315469	0.1000002	3.69584E-05	286.315469
5.69999	5.39E-11	286.340023	0.1000001	3.76942E-05	286.340023
5.79999	5.43E-11	286.364533	0.1000001	3.84322E-05	286.364533
5.89999	5.44E-11	286.389047	0.1000001	3.91707E-05	286.389047
5.99999	5.46E-11	286.413545	0.1	3.9912E-05	286.413545
6.09999	4.81E-11	286.473363	0.1	4.06427E-05	286.473363
6.19999	5.29E-11	286.497956	0.1	4.13899E-05	286.497956
6.29999	5.39E-11	286.522477	0.1	4.21373E-05	286.522477
6.39999	5.36E-11	286.547002	0.1000001	4.28853E-05	286.547002
6.49999	5.42E-11	286.571566	0.1000001	4.36336E-05	286.571566
6.59999	5.49E-11	286.596089	0.1	4.4384E-05	286.596089
6.69999	5.49E-11	286.6206	0.1	4.51368E-05	286.6206
6.79999	5.5E-11	286.645127	0.1000001	4.58893E-05	286.645127
6.89999	5.52E-11	286.669716	0.1000001	4.6644E-05	286.669716
6.99999	5.57E-11	286.694248	0.1	4.74E-05	286.694248
7.09999	5.6E-11	286.718774	0.1000002	4.81583E-05	286.718774
7.19999	5.58E-11	286.743317	0.1000002	4.89171E-05	286.743317
7.29999	5.63E-11	286.76783	0.1000001	4.96785E-05	286.76783
7.39999	5.63E-11	286.792357	0.1000001	5.044E-05	286.792357
7.49999	5.65E-11	286.816876	0.1	5.12043E-05	286.816876
7.59999	5.63E-11	286.841384	0.1	5.19688E-05	286.841384
7.69999	5.65E-11	286.865896	0.1000001	5.27361E-05	286.865896
7.79999	5.67E-11	286.890422	0.0999999	5.35045E-05	286.890422
7.89999	5.71E-11	286.914927	0.0999999	5.42747E-05	286.914927
7.99999	4.99E-11	286.974805	0.1	5.50362E-05	286.974805
8.09999	5.45E-11	286.999431	0.1000001	5.58121E-05	286.999431
8.19999	5.59E-11	287.023929	0.1000002	5.65873E-05	287.023929
8.29999	5.58E-11	287.048575	0.0999998	5.73645E-05	287.048575
8.39999	5.62E-11	287.073138	0.1000001	5.81434E-05	287.073138
8.49999	5.59E-11	287.097824	0.1000001	5.89219E-05	287.097824
8.59999	5.68E-11	287.122334	0.1000002	5.97029E-05	287.122334
8.69999	5.71E-11	287.146839	0.0999999	6.0485E-05	287.146839
8.79999	5.77E-11	287.171348	0.0999999	6.12688E-05	287.171348
8.89999	5.69E-11	287.195863	0.1	6.2055E-05	287.195863
8.99999	5.75E-11	287.220388	0.1000001	6.2841E-05	287.220388
9.09999	5.8E-11	287.244899	0.1	6.36296E-05	287.244899
9.19999	5.75E-11	287.269438	0.1	6.44202E-05	287.269438
9.29999	5.84E-11	287.293988	0.1000001	6.52081E-05	287.293988
9.39999	5.77E-11	287.318553	0.1	6.60018E-05	287.318553
9.49999	5.79E-11	287.343062	0.1	6.67983E-05	287.343062
9.59999	5.85E-11	287.367591	0.1000001	6.75955E-05	287.367591
9.69999	5.84E-11	287.392106	0.1000003	6.83937E-05	287.392106
9.79999	5.9E-11	287.416628	0.1000002	6.91916E-05	287.416628
9.89999	5.2E-11	287.476859	0.1000001	6.99838E-05	287.476859
9.99999	5.75E-11	287.501432	0.0999999	7.07878E-05	287.501432
9.9	4.41E-11	287.525957	0.1000002	6.99718E-05	287.525957
9.8	4.15E-11	287.550473	0.1000003	6.91596E-05	287.550473
9.7	3.95E-11	287.575056	0.1	6.83514E-05	287.575056
9.6	3.77E-11	287.599567	0.1	6.75452E-05	287.599567
9.5	3.63E-11	287.624176	0.1000001	6.67411E-05	287.624176
9.4	3.52E-11	287.648678	0.0999999	6.59384E-05	287.648678
9.3	3.48E-11	287.673268	0.0999999	6.51377E-05	287.673268
9.2	3.26E-11	287.697788	0.1	6.43393E-05	287.697788
9.1	3.22E-11	287.722337	0.1	6.35425E-05	287.722337
9	3.19E-11	287.746878	0.0999997	6.2746E-05	287.746878
8.9	3.12E-11	287.771412	0.1000003	6.19545E-05	287.771412
8.8	3.08E-11	287.795924	0.0999999	6.11615E-05	287.795924
8.7	3.03E-11	287.820435	0.1	6.03687E-05	287.820435
8.6	2.94E-11	287.844938	0.0999999	5.95769E-05	287.844938
8.5	2.87E-11	287.869455	0.0999997	5.87876E-05	287.869455
8.4	2.82E-11	287.893976	0.0999998	5.80008E-05	287.893976
8.3	2.81E-11	287.918477	0.0999999	5.7215E-05	287.918477
8.2	3.43E-11	287.977896	0.0999998	5.64345E-05	287.977896
8.1	2.85E-11	288.002488	0.1	5.56505E-05	288.002488
8	2.75E-11	288.027	0.1000001	5.48686E-05	288.027
7.9	2.72E-11	288.051568	0.0999998	5.40886E-05	288.051568
7.8	2.62E-11	288.076137	0.1000001	5.33116E-05	288.076137
7.7	2.56E-11	288.100698	0.1000001	5.2535E-05	288.100698
7.6	2.52E-11	288.125215	0.0999998	5.17595E-05	288.125215
7.5	2.44E-11	288.149726	0.0999999	5.09861E-05	288.149726
7.4	2.42E-11	288.174339	0.0999998	5.02147E-05	288.174339
7.3	2.42E-11	288.198883	0.0999997	4.94439E-05	288.198883
7.2	2.3E-11	288.223431	0.1000001	4.86753E-05	288.223431
7.1	2.31E-11	288.247935	0.1	4.79081E-05	288.247935
7	2.22E-11	288.272476	0.0999999	4.71429E-05	288.272476
6.9	2.2E-11	288.296997	0.1000001	4.63785E-05	288.296997
6.8	2.16E-11	288.321588	0.1000001	4.56156E-05	288.321588
6.7	2.11E-11	288.346099	0.1	4.48551E-05	288.346099
6.6	2.07E-11	288.370639	0.0999999	4.40959E-05	288.370639
6.5	2.07E-11	288.395158	0.0999996	4.33369E-05	288.395158
6.4	2.05E-11	288.419694	0.1000001	4.25808E-05	288.419694
6.3	2.61E-11	288.47942	0.0999999	4.18312E-05	288.47942
6.2	2.12E-11	288.503996	0.1	4.10764E-05	288.503996
6.1	2E-11	288.528506	0.1000001	4.03256E-05	288.528506
6	1.96E-11	288.553036	0.0999999	3.95745E-05	288.553036
5.9	1.9E-11	288.577611	0.1000002	3.88258E-05	288.577611
5.8	1.85E-11	288.602122	0.0999999	3.80788E-05	288.602122
5.7	1.8E-11	288.626674	0.1000001	3.73333E-05	288.626674
5.6	1.77E-11	288.651199	0.1	3.65892E-05	288.651199
5.5	1.69E-11	288.675752	0.1000001	3.58474E-05	288.675752
5.4	1.67E-11	288.700281	0.0999999	3.51069E-05	288.700281
5.3	1.59E-11	288.72483	0.0999998	3.4368E-05	288.72483
5.2	1.54E-11	288.749328	0.1	3.36304E-05	288.749328
5.1	1.54E-11	288.773857	0.1000001	3.2895E-05	288.773857
5	1.49E-11	288.798367	0.0999999	3.21613E-05	288.798367
4.9	1.44E-11	288.822905	0.1000001	3.14293E-05	288.822905
4.8	1.39E-11	288.847452	0.1	3.06987E-05	288.847452
4.7	1.37E-11	288.871982	0.1000001	2.99694E-05	288.871982
4.6	1.33E-11	288.896495	0.1000001	2.9243E-05	288.896495
4.5	1.29E-11	288.92101	0.1	2.85179E-05	288.92101
4.4	1.94E-11	288.980849	0.1000001	2.77989E-05	288.980849
4.3	1.42E-11	289.005481	0.0999999	2.70764E-05	289.005481
4.2	1.28E-11	289.029994	0.0999999	2.63556E-05	289.029994
4.1	1.19E-11	289.054516	0.0999999	2.56376E-05	289.054516
4	1.11E-11	289.079108	0.0999999	2.49215E-05	289.079108
3.9	1.04E-11	289.103665	0.0999999	2.42065E-05	289.103665
3.8	9.7E-12	289.128173	0.1	2.34941E-05	289.128173
3.7	9.3E-12	289.152716	0.0999999	2.27839E-05	289.152716
3.6	8.8E-12	289.177239	0.0999999	2.20756E-05	289.177239
3.5	7.9E-12	289.201754	0.0999999	2.13687E-05	289.201754
3.4	7.2E-12	289.226299	0.0999998	2.06646E-05	289.226299
3.3	6.6E-12	289.250792	0.1	1.99626E-05	289.250792
3.2	5.9E-12	289.275322	0.1	1.9262E-05	289.275322
3.1	5.8E-12	289.299868	0.1	1.85644E-05	289.299868
3	4.8E-12	289.32443	0.0999999	1.78691E-05	289.32443
2.9	4.2E-12	289.348947	0.0999998	1.71757E-05	289.348947
2.8	3.2E-12	289.373575	0.0999997	1.64845E-05	289.373575
2.7	2.4E-12	289.398071	0.0999999	1.57966E-05	289.398071
2.6	1.9E-12	289.42259	0.0999999	1.5111E-05	289.42259
2.5	7.7E-12	289.482645	0.1	1.44332E-05	289.482645
2.4	1.9E-12	289.507244	0.0999999	1.3752E-05	289.507244
2.3	5E-13	289.531778	0.0999999	1.30743E-05	289.531778
2.2	-8E-13	289.556287	0.0999999	1.24006E-05	289.556287
2.099999	2.1E-12	289.582796	0.1000001	1.17313E-05	289.582796
2	-2.3E-12	289.607307	0.0999998	1.10646E-05	289.607307
1.9	-3.6E-12	289.631843	0.1	1.04025E-05	289.631843
1.8	-4.8E-12	289.656346	0.1000001	9.7455E-06	289.656346
1.7	-6.2E-12	289.680946	0.0999998	9.0929E-06	289.680946
1.6	-3.4E-12	289.708062	0.1000003	8.45039E-06	289.708062
1.5	-8.1E-12	289.732601	0.0999999	7.81025E-06	289.732601
1.4	-9.9E-12	289.757118	0.0999999	7.17805E-06	289.757118
1.3	-1.14E-11	289.781623	0.0999999	6.55461E-06	289.781623
1.2	-1.25E-11	289.806175	0.0999997	5.94157E-06	289.806175
1.1	-1.48E-11	289.830683	0.0999999	5.34149E-06	289.830683
1	-1.59E-11	289.855213	0.1000001	4.75532E-06	289.855213
0.9	-1.74E-11	289.879722	0.0999999	4.18604E-06	289.879722
0.8	-1.93E-11	289.90424	0.1000001	3.63607E-06	289.90424
0.7	-2.17E-11	289.928732	0.0999998	3.1068E-06	289.928732
0.6	-1.73E-11	289.984063	0.0999999	2.60838E-06	289.984063
0.5	-2.45E-11	290.00862	0.1	2.12984E-06	290.00862
0.4	-2.73E-11	290.033138	0.1	1.68716E-06	290.033138
0.3	-2.96E-11	290.057637	0.1	1.28676E-06	290.057637
0.1999997	-2.85E-11	290.084092	0.0999999	9.3546E-07	290.084092
0.0999998	-3.06E-11	290.111412	0.0999994	6.39708E-07	290.111412
-4E-07	-3.64E-11	290.135889	0.0999994	4.02961E-07	290.135889
#scan	iMeasureCycle=3	iMux=0	time=319.899	N=401	LocalTime=19/04/2023 13:42:56
#VGate(V)	IGate(A)	time(s)	VDrain(V)	IDrain(A)	time(s)
0	-1.52E-11	319.906452	0.0999998	4.69748E-07	319.906452
-0.1000005	-2.31E-11	319.931301	0.0999996	2.71453E-07	319.931301
-0.2	-2.42E-11	319.957379	0.0999999	1.39234E-07	319.957379
-0.3	-2.53E-11	319.99525	0.0999939	6.21484E-08	319.99525
-0.400001	-4.76E-11	320.018454	0.1000066	2.25743E-08	320.018454
-0.500001	-4.86E-11	320.04182	0.1000014	6.9114E-09	320.04182
-0.600001	-5.24E-11	320.065091	0.1000008	1.7855E-09	320.065091
-0.700001	-5.51E-11	320.088305	0.1000004	3.889E-10	320.088305
-0.800001	-5.64E-11	320.111512	0.1000002	6.7E-11	320.111512
-0.900001	-5.65E-11	320.134788	0.1000003	4.5E-12	320.134788
-1.000001	-5.76E-11	320.15807	0.1000003	-5.4E-12	320.15807
-1.100001	-6.09E-11	320.181284	0.1000002	-6.3E-12	320.181284
-1.200001	-6E-11	320.20458	0.1000003	-6.4E-12	320.20458
-1.300001	-6.3E-11	320.227794	0.1000003	-6.7E-12	320.227794
-1.400001	-6.17E-11	320.25107	0.1000003	-6.3E-12	320.25107
-1.5	-6.35E-11	320.274342	0.1000002	-6.6E-12	320.274342
-1.600001	-6.49E-11	320.297554	0.1000001	-6E-12	320.297554
-1.700001	-6.46E-11	320.320837	0.1000003	-6.6E-12	320.320837
-1.800001	-6.47E-11	320.344124	0.1000002	-6.2E-12	320.344124
-1.900001	-6.75E-11	320.367334	0.1000002	-6E-12	320.367334
-2.000001	-6.58E-11	320.390681	0.1000002	-6.3E-12	320.390681
-2.100001	-6.67E-11	320.413951	0.1000002	-6.1E-12	320.413951
-2.2	-4.67E-11	320.474633	0.1000001	-7.8E-12	320.474633
-2.3	-6.67E-11	320.497862	0.1000002	-6.2E-12	320.497862
-2.4	-6.63E-11	320.521161	0.1000002	-5.9E-12	320.521161
-2.5	-6.84E-11	320.544483	0.1000001	-5.6E-12	320.544483
-2.6	-6.9E-11	320.567789	0.1000004	-6.1E-12	320.567789
-2.7	-6.85E-11	320.591098	0.1000004	-5.7E-12	320.591098
-2.8	-6.91E-11	320.614381	0.1000002	-5.5E-12	320.614381
-2.9	-7.13E-11	320.637585	0.1000002	-5.6E-12	320.637585
-3	-7.17E-11	320.660796	0.1000002	-5.5E-12	320.660796
-3.1	-7.03E-11	320.684098	0.1000002	-5.3E-12	320.684098
-3.2	-7.05E-11	320.707377	0.1000003	-5.5E-12	320.707377
-3.3	-7.31E-11	320.730657	0.1000003	-5.1E-12	320.730657
-3.4	-7.34E-11	320.753878	0.1000003	-5.2E-12	320.753878
-3.5	-7.23E-11	320.777182	0.1000003	-5.2E-12	320.777182
-3.6	-7.21E-11	320.80049	0.1000003	-5.5E-12	320.80049
-3.7	-7.47E-11	320.823687	0.1000004	-5.1E-12	320.823687
-3.8	-7.47E-11	320.8469	0.1000002	-5.4E-12	320.8469
-3.9	-7.32E-11	320.87019	0.1000002	-5.4E-12	320.87019
-4	-7.38E-11	320.893498	0.1000001	-4.8E-12	320.893498
-4.1	-7.52E-11	320.91671	0.1000004	-4.7E-12	320.91671
-4.2	-5.48E-11	320.970412	0.1000001	-6.9E-12	320.970412
-4.3	-7.2E-11	320.993731	0.1000003	-4.9E-12	320.993731
-4.4	-7.51E-11	321.016949	0.1000004	-5.1E-12	321.016949
-4.5	-7.6E-11	321.040246	0.1000002	-5E-12	321.040246
-4.6	-7.48E-11	321.063592	0.1000004	-5.2E-12	321.063592
-4.7	-7.68E-11	321.086818	0.1000002	-5.3E-12	321.086818
-4.8	-7.64E-11	321.110029	0.1000002	-5.2E-12	321.110029
-4.9	-7.55E-11	321.13333	0.1000001	-5.3E-12	321.13333
-5	-7.61E-11	321.156616	0.1000003	-5.2E-12	321.156616
-5.1	-7.83E-11	321.179829	0.1000003	-5.1E-12	321.179829
-5.2	-7.83E-11	321.203055	0.1000002	-4.9E-12	321.203055
-5.3	-7.64E-11	321.226338	0.1000002	-4.8E-12	321.226338
-5.4	-7.68E-11	321.249624	0.1000002	-5.2E-12	321.249624
-5.5	-7.88E-11	321.272857	0.1000003	-4.8E-12	321.272857
-5.6	-7.75E-11	321.296165	0.1000002	-4.8E-12	321.296165
-5.7	-7.76E-11	321.319454	0.1000003	-5.2E-12	321.319454
-5.8	-7.76E-11	321.342736	0.1000003	-5.3E-12	321.342736
-5.9	-7.88E-11	321.365947	0.1000004	-5.1E-12	321.365947
-6	-7.99E-11	321.389175	0.1000002	-5E-12	321.389175
-6.1	-7.85E-11	321.412526	0.1000003	-5.6E-12	321.412526
-6.2	-5.9E-11	321.471617	0.1000001	-6.7E-12	321.471617
-6.3	-7.69E-11	321.494932	0.1000004	-5.3E-12	321.494932
-6.4	-7.93E-11	321.518156	0.1000003	-5.1E-12	321.518156
-6.5	-7.96E-11	321.541469	0.1000002	-4.1E-12	321.541469
-6.6	-7.85E-11	321.564809	0.1000003	-4.9E-12	321.564809
-6.7	-7.77E-11	321.58816	0.1000002	-5.2E-12	321.58816
-6.8	-8.06E-11	321.611365	0.1000002	-4.8E-12	321.611365
-6.9	-8.17E-11	321.634574	0.1000004	-4.1E-12	321.634574
-7	-8.13E-11	321.6578	0.1000004	-4.7E-12	321.6578
-7.1	-7.95E-11	321.681115	0.1000001	-5.1E-12	321.681115
-7.2	-8.18E-11	321.704335	0.1000003	-4.6E-12	321.704335
-7.3	-8.22E-11	321.727612	0.1000003	-4.9E-12	321.727612
-7.4	-8.06E-11	321.750903	0.1000003	-5.2E-12	321.750903
-7.5	-8.04E-11	321.774206	0.1000002	-5.1E-12	321.774206
-7.6	-8.26E-11	321.797432	0.1000003	-4.8E-12	321.797432
-7.7	-8.11E-11	321.820734	0.1000002	-4.9E-12	321.820734
-7.8	-8.17E-11	321.844022	0.1000003	-5E-12	321.844022
-7.9	-8.15E-11	321.867321	0.1000003	-5.2E-12	321.867321
-8	-8.36E-11	321.890554	0.1000002	-4.5E-12	321.890554
-8.1	-8.19E-11	321.913847	0.1000003	-4.9E-12	321.913847
-8.2	-6.29E-11	321.968858	0.0999998	-6.4E-12	321.968858
-8.3	-8.06E-11	321.992175	0.1000002	-4.4E-12	321.992175
-8.4	-8.3E-11	322.015389	0.1000001	-4.8E-12	322.015389
-8.5	-8.3E-11	322.038649	0.1000002	-4.8E-12	322.038649
-8.6	-8.21E-11	322.062003	0.1000001	-4.7E-12	322.062003
-8.7	-8.25E-11	322.085301	0.1000004	-5.1E-12	322.085301
-8.8	-8.39E-11	322.108523	0.1000002	-4.3E-12	322.108523
-8.9	-8.47E-11	322.13174	0.1000002	-4.4E-12	322.13174
-9	-8.27E-11	322.155031	0.1000003	-4.6E-12	322.155031
-9.1	-8.49E-11	322.17826	0.1000002	-4.8E-12	322.17826
-9.2	-8.46E-11	322.201484	0.1000002	-4.6E-12	322.201484
-9.3	-8.49E-11	322.224694	0.1000001	-4.4E-12	322.224694
-9.4	-8.39E-11	322.247991	0.1000002	-4.5E-12	322.247991
-9.5	-8.43E-11	322.271304	0.1000002	-4.8E-12	322.271304
-9.6	-8.57E-11	322.294538	0.1000001	-4.2E-12	322.294538
-9.7	-8.59E-11	322.317757	0.1000003	-3.7E-12	322.317757
-9.8	-8.47E-11	322.341052	0.1000003	-4.2E-12	322.341052
-9.9	-8.4E-11	322.364337	0.1000003	-4.5E-12	322.364337
-10	-8.6E-11	322.387566	0.1000004	-4.5E-12	322.387566
-9.90001	-4.45E-11	322.410825	0.0999998	-7.7E-12	322.410825
-9.80001	-4.3E-11	322.434157	0.0999998	-7.8E-12	322.434157
-9.70001	-5.7E-11	322.474803	0.1	-6.6E-12	322.474803
-9.60001	-3.71E-11	322.498079	0.0999998	-7.9E-12	322.498079
-9.50001	-3.65E-11	322.521378	0.0999998	-8.6E-12	322.521378
-9.40001	-3.54E-11	322.544771	0.0999999	-8.1E-12	322.544771
-9.30001	-3.28E-11	322.568068	0.0999999	-7.8E-12	322.568068
-9.20001	-3.28E-11	322.591432	0.0999996	-7.8E-12	322.591432
-9.10001	-3.19E-11	322.614719	0.0999999	-7.9E-12	322.614719
-9.00001	-2.92E-11	322.637918	0.1	-8.2E-12	322.637918
-8.90001	-3.04E-11	322.661214	0.0999999	-8.1E-12	322.661214
-8.80001	-2.99E-11	322.684491	0.0999996	-8.1E-12	322.684491
-8.70001	-2.91E-11	322.707798	0.0999998	-8.2E-12	322.707798
-8.60001	-2.61E-11	322.731064	0.0999998	-8.4E-12	322.731064
-8.50001	-2.54E-11	322.754281	0.1	-8.5E-12	322.754281
-8.40001	-2.65E-11	322.777599	0.0999999	-8.5E-12	322.777599
-8.30001	-2.6E-11	322.800892	0.0999998	-8.5E-12	322.800892
-8.20001	-2.43E-11	322.82411	0.0999998	-8.4E-12	322.82411
-8.10001	-2.36E-11	322.847314	0.0999999	-8.2E-12	322.847314
-8.00001	-2.49E-11	322.870603	0.0999996	-8.5E-12	322.870603
-7.90001	-2.26E-11	322.89383	0.0999999	-8.9E-12	322.89383
-7.80001	-2.22E-11	322.917052	0.0999998	-9.1E-12	322.917052
-7.70001	-4.26E-11	322.971606	0.1	-6.7E-12	322.971606
-7.6	-2.52E-11	322.994913	0.0999997	-8.6E-12	322.994913
-7.50001	-2.24E-11	323.018153	0.0999997	-8.3E-12	323.018153
-7.40001	-2.23E-11	323.041412	0.0999998	-8.5E-12	323.041412
-7.30001	-2.27E-11	323.064764	0.0999999	-8.5E-12	323.064764
-7.2	-2.25E-11	323.088057	0.0999999	-8.5E-12	323.088057
-7.10001	-2E-11	323.111276	0.0999997	-8.7E-12	323.111276
-7.00001	-2.19E-11	323.134572	0.0999999	-8.5E-12	323.134572
-6.90001	-2.12E-11	323.157857	0.0999999	-8.6E-12	323.157857
-6.80001	-2.12E-11	323.181142	0.0999997	-8.4E-12	323.181142
-6.70001	-1.89E-11	323.204376	0.0999998	-9.1E-12	323.204376
-6.60001	-1.99E-11	323.227677	0.0999997	-8.8E-12	323.227677
-6.50001	-1.97E-11	323.250964	0.0999999	-8.8E-12	323.250964
-6.40001	-1.74E-11	323.274204	0.0999998	-8.4E-12	323.274204
-6.30001	-1.75E-11	323.297426	0.0999999	-9E-12	323.297426
-6.20001	-1.83E-11	323.320729	0.0999998	-8.7E-12	323.320729
-6.10001	-1.78E-11	323.344013	0.0999999	-8.6E-12	323.344013
-6.00001	-1.59E-11	323.367235	0.0999998	-8.7E-12	323.367235
-5.90001	-1.5E-11	323.39045	0.0999997	-9.3E-12	323.39045
-5.80001	-1.67E-11	323.413798	0.0999997	-9E-12	323.413798
-5.70001	-1.56E-11	323.437077	0.0999998	-9.2E-12	323.437077
-5.60001	-3.36E-11	323.473356	0.1000001	-7.7E-12	323.473356
-5.50001	-1.49E-11	323.496691	0.1000001	-9.2E-12	323.496691
-5.40001	-1.57E-11	323.519994	0.0999999	-9E-12	323.519994
-5.30001	-1.36E-11	323.543239	0.1	-9.4E-12	323.543239
-5.20001	-1.37E-11	323.566522	0.0999998	-9.5E-12	323.566522
-5.1	-1.23E-11	323.589737	0.0999997	-9.3E-12	323.589737
-5.00001	-1.42E-11	323.613035	0.0999997	-9.5E-12	323.613035
-4.90001	-1.29E-11	323.636311	0.1	-9.3E-12	323.636311
-4.80001	-1.14E-11	323.65952	0.0999998	-9.3E-12	323.65952
-4.7	-1.1E-11	323.682742	0.0999998	-9.7E-12	323.682742
-4.60001	-1E-11	323.705971	0.1	-9.1E-12	323.705971
-4.50001	-1.16E-11	323.729261	0.0999998	-9E-12	323.729261
-4.40001	-1.01E-11	323.752555	0.1	-9.2E-12	323.752555
-4.3	-8.8E-12	323.775797	0.0999998	-9.2E-12	323.775797
-4.20001	-8.1E-12	323.799002	0.0999998	-9.8E-12	323.799002
-4.10001	-9.7E-12	323.822297	0.0999998	-9.6E-12	323.822297
-4.00001	-7.9E-12	323.845492	0.0999997	-9.9E-12	323.845492
-3.90001	-7.1E-12	323.868704	0.0999998	-9.1E-12	323.868704
-3.80001	-6.9E-12	323.891916	0.0999998	-9.6E-12	323.891916
-3.70001	-8.1E-12	323.915284	0.0999999	-9.3E-12	323.915284
-3.60001	-6.3E-12	323.938508	0.0999999	-9.5E-12	323.938508
-3.50001	-2.53E-11	323.979126	0.1000001	-8.3E-12	323.979126
-3.40001	-7.2E-12	324.002515	0.0999999	-9.6E-12	324.002515
-3.30001	-5E-12	324.025736	0.0999999	-9.6E-12	324.025736
-3.20001	-4.5E-12	324.049037	0.0999998	-1.02E-11	324.049037
-3.10001	-3.8E-12	324.072291	0.0999998	-9.9E-12	324.072291
-3.00001	-4.8E-12	324.095587	0.0999999	-9.8E-12	324.095587
-2.90001	-3E-12	324.118833	0.0999999	-9.9E-12	324.118833
-2.80001	-1.3E-12	324.142049	0.0999998	-1.01E-11	324.142049
-2.70001	-6E-13	324.165246	0.0999998	-1.02E-11	324.165246
-2.60001	-1.9E-12	324.188536	0.0999997	-9.4E-12	324.188536
-2.50001	-1.6E-12	324.21183	0.1	-9.6E-12	324.21183
-2.40001	9E-13	324.235048	0.0999998	-1E-11	324.235048
-2.30001	1.6E-12	324.258259	0.0999999	-1.06E-11	324.258259
-2.20001	9E-13	324.281564	0.0999999	-1.03E-11	324.281564
-2.099999	-1.44E-11	324.306748	0.1000001	-8.8E-12	324.306748
-2	3.8E-12	324.33006	0.0999999	-1.04E-11	324.33006
-1.9	4.8E-12	324.353271	0.0999999	-1.07E-11	324.353271
-1.8	4.3E-12	324.37656	0.0999999	-1.04E-11	324.37656
-1.7	5.1E-12	324.399816	0.0999997	-1.07E-11	324.399816
-1.6	7.1E-12	324.423041	0.0999998	-1.12E-11	324.423041
-1.500001	-1.39E-11	324.480323	0.1000002	-9.4E-12	324.480323
-1.4	6.7E-12	324.503557	0.1	-1.12E-11	324.503557
-1.3	7.2E-12	324.526842	0.0999996	-1.07E-11	324.526842
-1.2	1.01E-11	324.550146	0.0999998	-1.08E-11	324.550146
-1.1	1.13E-11	324.573483	0.0999997	-1.06E-11	324.573483
-1	1.13E-11	324.596771	0.0999998	-6.3E-12	324.596771
-0.9	1.3E-11	324.620048	0.0999998	2.22E-11	324.620048
-0.8	1.54E-11	324.643262	0.1	1.72E-10	324.643262
-0.7	1.55E-11	324.666545	0.1000001	8.397E-10	324.666545
-0.599999	1.69E-11	324.689814	0.1000017	3.4028E-09	324.689814
-0.5	1.8E-11	324.713103	0.1000049	1.15827E-08	324.713103
-0.4	2.19E-11	324.736362	0.1000079	3.353E-08	324.736362
-0.3	2.29E-11	324.759565	0.1000087	8.21149E-08	324.759565
-0.2	3.1E-12	324.800693	0.1000001	1.67326E-07	324.800693
-0.0999998	9.8E-12	324.825185	0.1000007	3.13031E-07	324.825185
5E-07	1.21E-11	324.84969	0.1000009	5.17838E-07	324.84969
0.1000004	1.44E-11	324.874155	0.100001	7.8486E-07	324.874155
0.1999999	1.09E-11	324.908664	0.1000001	1.10393E-06	324.908664
0.3	1.75E-11	324.933383	0.1000001	1.48444E-06	324.933383
0.399999	1.29E-11	324.988683	0.1000001	1.8975E-06	324.988683
0.5	1.98E-11	325.01321	0.1000001	2.36396E-06	325.01321
0.6	2.21E-11	325.037738	0.1000001	2.8604E-06	325.037738
0.7	2.45E-11	325.06236	0.1000002	3.38236E-06	325.06236
0.799999	2.62E-11	325.086944	0.1000001	3.92681E-06	325.086944
0.899999	2.84E-11	325.111447	0.1	4.49093E-06	325.111447
0.999999	3.02E-11	325.135981	0.1000001	5.07178E-06	325.135981
1.1	3.2E-11	325.160473	0.1	5.6678E-06	325.160473
1.2	3.36E-11	325.184985	0.1	6.27717E-06	325.184985
1.3	3.52E-11	325.209482	0.0999999	6.89744E-06	325.209482
1.399999	3.65E-11	325.234009	0.1000001	7.5276E-06	325.234009
1.5	3.76E-11	325.258496	0.0999999	8.16536E-06	325.258496
1.599999	3.9E-11	325.283066	0.1000002	8.81035E-06	325.283066
1.699999	4.01E-11	325.307608	0.0999998	9.46093E-06	325.307608
1.799999	4.13E-11	325.332206	0.1000001	1.011707E-05	325.332206
1.899999	3.69E-11	325.366749	0.1	1.07701E-05	325.366749
2	4.12E-11	325.391286	0.0999999	1.14364E-05	325.391286
2.099999	4.25E-11	325.415865	0.1000001	1.2106E-05	325.415865
2.19999	4.32E-11	325.440576	0.1000002	1.27773E-05	325.440576
2.29999	3.74E-11	325.487703	0.1	1.34464E-05	325.487703
2.39999	4.33E-11	325.51223	0.1000001	1.41269E-05	325.51223
2.49999	4.39E-11	325.536756	0.1000001	1.48094E-05	325.536756
2.59999	4.46E-11	325.561367	0.1000001	1.54945E-05	325.561367
2.69999	4.61E-11	325.58593	0.1000001	1.61814E-05	325.58593
2.79999	4.61E-11	325.610466	0.1000001	1.68705E-05	325.610466
2.89999	4.68E-11	325.635052	0.1000002	1.75625E-05	325.635052
2.99999	4.75E-11	325.659562	0.1	1.82561E-05	325.659562
3.09999	4.72E-11	325.684067	0.1000002	1.89523E-05	325.684067
3.19999	4.77E-11	325.708586	0.1000002	1.96496E-05	325.708586
3.29999	4.83E-11	325.733108	0.1	2.03497E-05	325.733108
3.39999	4.85E-11	325.757673	0.0999998	2.1051E-05	325.757673
3.49999	4.89E-11	325.782208	0.1000001	2.17542E-05	325.782208
3.59999	4.96E-11	325.806703	0.0999999	2.24595E-05	325.806703
3.69999	4.98E-11	325.831215	0.0999999	2.3167E-05	325.831215
3.79999	4.98E-11	325.855729	0.0999999	2.38755E-05	325.855729
3.89999	5.05E-11	325.880229	0.1000001	2.45851E-05	325.880229
3.99999	5.04E-11	325.904739	0.1000002	2.52976E-05	325.904739
4.09999	5.09E-11	325.929254	0.1000001	2.60108E-05	325.929254
4.19999	4.44E-11	325.986362	0.1	2.67163E-05	325.986362
4.29999	4.95E-11	326.010881	0.0999999	2.74354E-05	326.010881
4.39999	5.02E-11	326.035423	0.1	2.81537E-05	326.035423
4.49999	5.04E-11	326.060024	0.0999998	2.88734E-05	326.060024
4.59999	5.09E-11	326.084634	0.1000002	2.95944E-05	326.084634
4.69999	5.17E-11	326.109158	0.1000001	3.03165E-05	326.109158
4.79999	5.16E-11	326.133717	0.1	3.10396E-05	326.133717
4.89999	5.21E-11	326.158225	0.1000002	3.17654E-05	326.158225
4.99999	5.18E-11	326.182748	0.0999998	3.2492E-05	326.182748
5.09999	5.3E-11	326.207257	0.1000001	3.32197E-05	326.207257
5.19999	5.24E-11	326.231782	0.0999999	3.39485E-05	326.231782
5.29999	5.28E-11	326.256295	0.1	3.46786E-05	326.256295
5.39999	5.34E-11	326.280847	0.0999998	3.54109E-05	326.280847
5.49999	5.31E-11	326.305344	0.0999999	3.61447E-05	326.305344
5.59999	5.33E-11	326.329873	0.0999999	3.68795E-05	326.329873
5.69999	5.37E-11	326.354386	0.1	3.76155E-05	326.354386
5.79999	5.37E-11	326.378905	0.0999999	3.83541E-05	326.378905
5.89999	5.46E-11	326.403426	0.1	3.90942E-05	326.403426
5.99999	5.44E-11	326.42802	0.0999999	3.98354E-05	326.42802
6.09999	4.75E-11	326.488042	0.1	4.05668E-05	326.488042
6.19999	5.28E-11	326.512555	0.0999999	4.1314E-05	326.512555
6.29999	5.31E-11	326.537194	0.1	4.20612E-05	326.537194
6.39999	5.41E-11	326.561791	0.1	4.28095E-05	326.561791
6.49999	5.4E-11	326.586394	0.1000002	4.35587E-05	326.586394
6.59999	5.42E-11	326.610896	0.1000002	4.43091E-05	326.610896
6.69999	5.42E-11	326.635421	0.1000003	4.50615E-05	326.635421
6.79999	5.49E-11	326.659926	0.1	4.58152E-05	326.659926
6.89999	5.47E-11	326.684464	0.1	4.65702E-05	326.684464
6.99999	5.55E-11	326.708965	0.1000002	4.73265E-05	326.708965
7.09999	5.56E-11	326.733557	0.1000002	4.80843E-05	326.733557
7.19999	5.54E-11	326.758109	0.1000002	4.88437E-05	326.758109
7.29999	5.61E-11	326.782643	0.0999999	4.96047E-05	326.782643
7.39999	5.57E-11	326.807152	0.1	5.03677E-05	326.807152
7.49999	5.67E-11	326.831666	0.1	5.11316E-05	326.831666
7.59999	5.64E-11	326.85619	0.0999999	5.18974E-05	326.85619
7.69999	5.61E-11	326.88071	0.1	5.26642E-05	326.88071
7.79999	5.64E-11	326.905237	0.1000001	5.3433E-05	326.905237
7.89999	5.64E-11	326.92976	0.0999999	5.42027E-05	326.92976
7.99999	5E-11	326.985711	0.1000001	5.49662E-05	326.985711
8.09999	5.49E-11	327.010231	0.1000001	5.57413E-05	327.010231
8.19999	5.55E-11	327.034768	0.1	5.6517E-05	327.034768
8.29999	5.62E-11	327.059384	0.1000002	5.72948E-05	327.059384
8.39999	5.67E-11	327.084005	0.1000001	5.80732E-05	327.084005
8.49999	5.67E-11	327.108525	0.1000001	5.88524E-05	327.108525
8.59999	5.74E-11	327.133042	0.1	5.96334E-05	327.133042
8.69999	5.67E-11	327.157584	0.1000003	6.04165E-05	327.157584
8.79999	5.7E-11	327.182102	0.1000001	6.11997E-05	327.182102
8.89999	5.75E-11	327.206631	0.1	6.19855E-05	327.206631
8.99999	5.71E-11	327.231136	0.1000002	6.27726E-05	327.231136
9.09999	5.78E-11	327.255657	0.1000001	6.35619E-05	327.255657
9.19999	5.78E-11	327.280193	0.1000001	6.43516E-05	327.280193
9.29999	5.82E-11	327.30472	0.1000002	6.51402E-05	327.30472
9.39999	5.86E-11	327.329227	0.1	6.59348E-05	327.329227
9.49999	5.85E-11	327.353853	0.1000001	6.67312E-05	327.353853
9.59999	5.87E-11	327.378367	0.1000001	6.75273E-05	327.378367
9.69999	5.85E-11	327.402907	0.1	6.83252E-05	327.402907
9.79999	5.89E-11	327.427471	0.0999998	6.91252E-05	327.427471
9.89999	5.14E-11	327.489781	0.1000001	6.99152E-05	327.489781
9.99999	5.68E-11	327.514335	0.1	7.07206E-05	327.514335
9.9	4.38E-11	327.538861	0.1000001	6.99037E-05	327.538861
9.8	4.11E-11	327.563462	0.1	6.9093E-05	327.563462
9.7	3.89E-11	327.588043	0.1	6.82854E-05	327.588043
9.6	3.75E-11	327.612558	0.0999999	6.74785E-05	327.612558
9.5	3.61E-11	327.637074	0.0999999	6.66741E-05	327.637074
9.4	3.53E-11	327.661587	0.0999999	6.58716E-05	327.661587
9.3	3.44E-11	327.686103	0.0999999	6.50705E-05	327.686103
9.2	3.33E-11	327.710648	0.0999997	6.4272E-05	327.710648
9.1	3.24E-11	327.735201	0.0999999	6.34741E-05	327.735201
9	3.17E-11	327.759786	0.1	6.2678E-05	327.759786
8.9	3.12E-11	327.784375	0.0999999	6.18871E-05	327.784375
8.8	3.02E-11	327.808886	0.1000001	6.10923E-05	327.808886
8.7	2.96E-11	327.833417	0.0999998	6.02995E-05	327.833417
8.6	2.95E-11	327.85793	0.0999998	5.95095E-05	327.85793
8.5	2.86E-11	327.882429	0.1000001	5.87201E-05	327.882429
8.4	2.83E-11	327.906943	0.1000001	5.79333E-05	327.906943
8.3	2.76E-11	327.931457	0.1000001	5.7147E-05	327.931457
8.2	3.27E-11	327.993069	0.1	5.63663E-05	327.993069
8.1	2.78E-11	328.017606	0.0999998	5.55824E-05	328.017606
8	2.64E-11	328.042195	0.1	5.48005E-05	328.042195
7.9	2.59E-11	328.066795	0.0999998	5.40212E-05	328.066795
7.8	2.56E-11	328.091372	0.1000001	5.32428E-05	328.091372
7.7	2.52E-11	328.115885	0.1	5.24665E-05	328.115885
7.6	2.5E-11	328.140395	0.0999999	5.16915E-05	328.140395
7.5	2.41E-11	328.164912	0.1000002	5.0918E-05	328.164912
7.4	2.37E-11	328.189422	0.1	5.01463E-05	328.189422
7.3	2.31E-11	328.213936	0.1	4.93764E-05	328.213936
7.2	2.29E-11	328.238489	0.1	4.86074E-05	328.238489
7.1	2.29E-11	328.263105	0.0999998	4.78401E-05	328.263105
7	2.24E-11	328.287648	0.0999999	4.70745E-05	328.287648
6.9	2.18E-11	328.312149	0.0999999	4.63104E-05	328.312149
6.8	2.18E-11	328.336681	0.0999999	4.55479E-05	328.336681
6.7	2.08E-11	328.361207	0.0999998	4.47875E-05	328.361207
6.6	2.04E-11	328.385721	0.0999999	4.40282E-05	328.385721
6.5	2.04E-11	328.410236	0.1	4.32697E-05	328.410236
6.4	2.01E-11	328.434799	0.0999999	4.25135E-05	328.434799
6.3	2.6E-11	328.494747	0.1	4.17639E-05	328.494747
6.2	2.05E-11	328.519284	0.0999999	4.10094E-05	328.519284
6.1	1.98E-11	328.543813	0.1	4.02577E-05	328.543813
6	1.91E-11	328.568432	0.0999999	3.95068E-05	328.568432
5.9	1.86E-11	328.593029	0.1	3.87578E-05	328.593029
5.8	1.79E-11	328.617526	0.1	3.80108E-05	328.617526
5.7	1.75E-11	328.642068	0.0999999	3.72651E-05	328.642068
5.6	1.67E-11	328.666603	0.1	3.65213E-05	328.666603
5.5	1.7E-11	328.691151	0.0999998	3.57791E-05	328.691151
5.4	1.64E-11	328.715656	0.0999999	3.50382E-05	328.715656
5.3	1.57E-11	328.740189	0.0999996	3.42995E-05	328.740189
5.2	1.53E-11	328.764753	0.1	3.35622E-05	328.764753
5.1	1.49E-11	328.789292	0.0999999	3.28264E-05	328.789292
5	1.41E-11	328.813788	0.0999999	3.20923E-05	328.813788
4.9	1.38E-11	328.83829	0.0999999	3.13603E-05	328.83829
4.8	1.36E-11	328.862804	0.1	3.06294E-05	328.862804
4.7	1.3E-11	328.887319	0.0999999	2.99003E-05	328.887319
4.6	1.24E-11	328.911855	0.1000001	2.91736E-05	328.911855
4.5	1.19E-11	328.936373	0.0999996	2.84489E-05	328.936373
4.4	1.83E-11	328.995928	0.0999999	2.77301E-05	328.995928
4.3	1.33E-11	329.020458	0.1	2.70078E-05	329.020458
4.2	1.22E-11	329.044971	0.1	2.62874E-05	329.044971
4.1	1.25E-11	329.069803	0.0999999	2.5569E-05	329.069803
4	1.12E-11	329.094394	0.1000001	2.48525E-05	329.094394
3.9	1.02E-11	329.1189	0.0999999	2.41385E-05	329.1189
3.8	9.5E-12	329.143422	0.0999999	2.34258E-05	329.143422
3.7	8.1E-12	329.167931	0.1	2.27148E-05	329.167931
3.6	7.8E-12	329.192467	0.1	2.20064E-05	329.192467
3.5	7.3E-12	329.216993	0.0999999	2.12999E-05	329.216993
3.4	6.7E-12	329.24154	0.1000001	2.05956E-05	329.24154
3.3	5.6E-12	329.266044	0.0999999	1.98936E-05	329.266044
3.2	5.3E-12	329.290591	0.1	1.91941E-05	329.290591
3.1	4.7E-12	329.315123	0.0999998	1.84961E-05	329.315123
3	4E-12	329.339665	0.0999999	1.78003E-05	329.339665
2.9	3.2E-12	329.364203	0.1	1.71074E-05	329.364203
2.8	2.6E-12	329.388741	0.0999999	1.64167E-05	329.388741
2.7	1.6E-12	329.41324	0.1	1.57286E-05	329.41324
2.6	1E-12	329.437813	0.0999998	1.50424E-05	329.437813
2.5	6.8E-12	329.497782	0.0999999	1.43651E-05	329.497782
2.4	1.2E-12	329.522335	0.0999999	1.36842E-05	329.522335
2.3	-3E-13	329.546872	0.1	1.30069E-05	329.546872
2.2	-1.6E-12	329.571464	0.0999999	1.23328E-05	329.571464
2.099999	7E-13	329.597971	0.0999999	1.16639E-05	329.597971
2	-3.1E-12	329.622513	0.1000001	1.09972E-05	329.622513
1.9	-4.4E-12	329.64707	0.0999999	1.03355E-05	329.64707
1.8	-6.3E-12	329.671576	0.0999999	9.6785E-06	329.671576
1.7	-7E-12	329.696155	0.0999999	9.0261E-06	329.696155
1.6	-4.6E-12	329.723307	0.1	8.38425E-06	329.723307
1.5	-9.2E-12	329.747902	0.0999997	7.74453E-06	329.747902
1.4	-1.09E-11	329.772474	0.0999999	7.11308E-06	329.772474
1.3	-1.22E-11	329.797035	0.0999998	6.49059E-06	329.797035
1.2	-1.41E-11	329.821529	0.0999999	5.87859E-06	329.821529
1.1	-1.54E-11	329.846069	0.0999999	5.27981E-06	329.846069
1	-1.71E-11	329.870586	0.0999999	4.69519E-06	329.870586
0.9	-1.81E-11	329.89511	0.0999997	4.12766E-06	329.89511
0.8	-2.06E-11	329.919609	0.0999999	3.57887E-06	329.919609
0.7	-2.25E-11	329.944119	0.0999998	3.05219E-06	329.944119
0.6	-1.82E-11	329.994655	0.0999999	2.55586E-06	329.994655
0.5	-2.52E-11	330.019169	0.1	2.08063E-06	330.019169
0.4	-2.81E-11	330.043676	0.1	1.64251E-06	330.043676
0.3	-3.04E-11	330.068287	0.0999999	1.24664E-06	330.068287
0.1999998	-2.91E-11	330.09474	0.1	9.011E-07	330.09474
0.1	-3.1E-11	330.122048	0.0999997	6.11812E-07	330.122048
-2E-07	-3.68E-11	330.146593	0.0999996	3.81897E-07	330.146593
