#scan	iMeasureCycle=1	iMux=0	time=0.034	N=401	LocalTime=20/04/2023 10:37:44
#VGate(V)	IGate(A)	time(s)	VDrain(V)	IDrain(A)	time(s)
-1E-07	-1.523E-10	0.03694	0.1	2.64988E-05	0.03694
-0.1000003	-2.109E-10	0.061864	0.1000001	2.56429E-05	0.061864
-0.2000005	-2.598E-10	0.086418	0.0999999	2.47911E-05	0.086418
-0.300001	-1.989E-10	0.111148	0.0999999	2.39441E-05	0.111148
-0.4	-1.118E-10	0.135698	0.0999998	2.31012E-05	0.135698
-0.5	-8.59E-11	0.160232	0.1000001	2.22604E-05	0.160232
-0.6	-7.32E-11	0.184992	0.0999999	2.14227E-05	0.184992
-0.7	-6.59E-11	0.209513	0.1	2.05871E-05	0.209513
-0.8	-6.06E-11	0.234016	0.1	1.9756E-05	0.234016
-0.9	-5.78E-11	0.258558	0.0999998	1.89277E-05	0.258558
-1	-5.6E-11	0.283082	0.1	1.81021E-05	0.283082
-1.1	-5.43E-11	0.307613	0.0999999	1.72823E-05	0.307613
-1.2	-5.33E-11	0.332125	0.1	1.64661E-05	0.332125
-1.3	-5.31E-11	0.356646	0.1	1.56547E-05	0.356646
-1.4	-5.24E-11	0.381329	0.1	1.48489E-05	0.381329
-1.5	-5.23E-11	0.405846	0.0999999	1.40498E-05	0.405846
-1.6	-5.2E-11	0.430394	0.1	1.32564E-05	0.430394
-1.7	-5.27E-11	0.454893	0.1	1.24712E-05	0.454893
-1.8	-5.19E-11	0.479469	0.0999998	1.16955E-05	0.479469
-1.9	-5.19E-11	0.504026	0.0999999	1.09295E-05	0.504026
-2	-5.26E-11	0.528633	0.1000001	1.01761E-05	0.528633
-2.1	-5.28E-11	0.553152	0.1000001	9.4341E-06	0.553152
-2.2	-4.58E-11	0.605814	0.0999998	8.71093E-06	0.605814
-2.3	-5.08E-11	0.630328	0.0999999	7.99821E-06	0.630328
-2.4	-5.18E-11	0.654895	0.1	7.30533E-06	0.654895
-2.5	-5.23E-11	0.679396	0.0999999	6.63343E-06	0.679396
-2.6	-5.26E-11	0.703976	0.0999999	5.98492E-06	0.703976
-2.7	-5.27E-11	0.728549	0.1	5.36202E-06	0.728549
-2.8	-5.38E-11	0.75306	0.1	4.76682E-06	0.75306
-2.9	-5.41E-11	0.7776	0.0999999	4.20263E-06	0.7776
-3	-5.44E-11	0.802128	0.1000001	3.67051E-06	0.802128
-3.1	-5.48E-11	0.826639	0.0999999	3.17259E-06	0.826639
-3.2	-5.5E-11	0.851161	0.0999998	2.71009E-06	0.851161
-3.3	-5.51E-11	0.875682	0.1000001	2.28484E-06	0.875682
-3.4	-5.55E-11	0.90031	0.1	1.89746E-06	0.90031
-3.5	-5.58E-11	0.924859	0.0999999	1.54867E-06	0.924859
-3.6	-5.59E-11	0.949404	0.0999998	1.23885E-06	0.949404
-3.7	-5.65E-11	0.973928	0.1	9.6723E-07	0.973928
-3.8	-5.3E-11	1.001241	0.0999997	7.34936E-07	1.001241
-3.9	-5.63E-11	1.025849	0.0999996	5.38916E-07	1.025849
-4	-5.69E-11	1.050417	0.0999997	3.79796E-07	1.050417
-4.1	-5.08E-11	1.102021	0.0999999	2.57404E-07	1.102021
-4.2	-5.6E-11	1.126542	0.0999999	1.62861E-07	1.126542
-4.3	-5.66E-11	1.151049	0.0999999	9.6454E-08	1.151049
-4.4	-5.19E-11	1.188742	0.0999969	5.34568E-08	1.188742
-4.5	-7E-11	1.212045	0.100004	2.66844E-08	1.212045
-4.6	-7.22E-11	1.235266	0.100003	1.21637E-08	1.235266
-4.7	-7.35E-11	1.258477	0.1000016	5.0315E-09	1.258477
-4.8	-7.4E-11	1.281675	0.1000007	1.8983E-09	1.281675
-4.9	-7.28E-11	1.304975	0.1000003	6.458E-10	1.304975
-5	-7.5E-11	1.328179	0.1000001	1.978E-10	1.328179
-5.1	-7.34E-11	1.351468	0.1000001	4.97E-11	1.351468
-5.2	-7.52E-11	1.374658	0.1000001	8.8E-12	1.374658
-5.3	-7.38E-11	1.397989	0.1000001	-2.2E-12	1.397989
-5.4	-7.54E-11	1.421213	0.1	-4.1E-12	1.421213
-5.5	-7.54E-11	1.444442	0.1000001	-5E-12	1.444442
-5.6	-7.64E-11	1.467653	0.1	-4.7E-12	1.467653
-5.7	-7.48E-11	1.490944	0.1000002	-5.1E-12	1.490944
-5.8	-7.44E-11	1.514258	0.1000002	-4.8E-12	1.514258
-5.9	-7.65E-11	1.537555	0.1000001	-4.8E-12	1.537555
-6	-7.63E-11	1.560794	0.1000001	-5E-12	1.560794
-6.1	-5.68E-11	1.604918	0.1	-6.3E-12	1.604918
-6.2	-7.36E-11	1.628326	0.1	-4.9E-12	1.628326
-6.3	-7.7E-11	1.651535	0.1000001	-4.5E-12	1.651535
-6.4	-7.74E-11	1.674757	0.1000001	-4.4E-12	1.674757
-6.5	-7.82E-11	1.698007	0.1000003	-4.3E-12	1.698007
-6.6	-7.6E-11	1.72135	0.1000002	-4.5E-12	1.72135
-6.7	-7.82E-11	1.744555	0.1000001	-4.6E-12	1.744555
-6.8	-7.84E-11	1.767771	0.1000001	-4.4E-12	1.767771
-6.9	-7.72E-11	1.791063	0.1000001	-4.3E-12	1.791063
-7	-7.76E-11	1.814358	0.1000003	-4.2E-12	1.814358
-7.1	-7.88E-11	1.837603	0.1000001	-4.2E-12	1.837603
-7.2	-7.97E-11	1.86081	0.1000001	-4.1E-12	1.86081
-7.3	-7.96E-11	1.884027	0.1000002	-4.1E-12	1.884027
-7.4	-7.77E-11	1.907322	0.1000003	-4.5E-12	1.907322
-7.5	-7.75E-11	1.930615	0.1000002	-4.5E-12	1.930615
-7.6	-8.05E-11	1.953825	0.1000002	-4.5E-12	1.953825
-7.7	-8.02E-11	1.977038	0.0999999	-3.9E-12	1.977038
-7.8	-7.88E-11	2.000332	0.1000002	-4.1E-12	2.000332
-7.9	-8.02E-11	2.023644	0.1	-4.4E-12	2.023644
-8	-8.07E-11	2.046854	0.1000001	-4.5E-12	2.046854
-8.1	-6E-11	2.099392	0.0999999	-6.4E-12	2.099392
-8.2	-7.79E-11	2.122706	0.1000002	-4.7E-12	2.122706
-8.3	-7.87E-11	2.145999	0.1000002	-4.6E-12	2.145999
-8.4	-8.02E-11	2.169204	0.1000001	-4.5E-12	2.169204
-8.5	-7.88E-11	2.192549	0.1000001	-5.1E-12	2.192549
-8.6	-7.93E-11	2.215842	0.1000003	-4.9E-12	2.215842
-8.7	-7.95E-11	2.239128	0.1000002	-4.8E-12	2.239128
-8.8	-8.18E-11	2.262333	0.1000002	-4.8E-12	2.262333
-8.9	-8.02E-11	2.285622	0.1000001	-4.8E-12	2.285622
-9	-8.17E-11	2.308854	0.1000002	-4.6E-12	2.308854
-9.1	-8.22E-11	2.332076	0.1000001	-4.1E-12	2.332076
-9.2	-8.08E-11	2.355362	0.1000001	-4.3E-12	2.355362
-9.3	-8.01E-11	2.378642	0.1000001	-4.3E-12	2.378642
-9.4	-8.24E-11	2.402011	0.1	-4.5E-12	2.402011
-9.5	-8.26E-11	2.425233	0.1000002	-4.7E-12	2.425233
-9.6	-8.1E-11	2.448515	0.1000002	-4.7E-12	2.448515
-9.7	-8.09E-11	2.471796	0.1000001	-4.3E-12	2.471796
-9.8	-8.3E-11	2.494996	0.1	-4.1E-12	2.494996
-9.9	-8.25E-11	2.518257	0.1000002	-4.3E-12	2.518257
-10	-8.33E-11	2.541478	0.1000002	-4.5E-12	2.541478
-9.90001	-4.22E-11	2.564773	0.0999997	-7.8E-12	2.564773
-9.80001	-5.6E-11	2.605429	0.1	-6.2E-12	2.605429
-9.70001	-3.46E-11	2.628656	0.0999998	-7.4E-12	2.628656
-9.60001	-3.45E-11	2.651948	0.0999997	-7.3E-12	2.651948
-9.50001	-3.37E-11	2.675237	0.0999997	-7.3E-12	2.675237
-9.40001	-3.04E-11	2.698509	0.0999997	-7.7E-12	2.698509
-9.30001	-2.93E-11	2.721779	0.0999998	-7.5E-12	2.721779
-9.20001	-3.03E-11	2.745064	0.0999997	-7.9E-12	2.745064
-9.10001	-2.82E-11	2.768285	0.0999997	-8E-12	2.768285
-9.00001	-2.68E-11	2.791496	0.0999998	-7.5E-12	2.791496
-8.90001	-2.59E-11	2.81471	0.0999998	-7.9E-12	2.81471
-8.80001	-2.7E-11	2.837999	0.0999997	-7.2E-12	2.837999
-8.70001	-2.65E-11	2.861356	0.0999998	-8E-12	2.861356
-8.60001	-2.35E-11	2.884754	0.0999997	-8.1E-12	2.884754
-8.50001	-2.5E-11	2.908044	0.0999999	-7.5E-12	2.908044
-8.40001	-2.44E-11	2.931339	0.0999997	-8.1E-12	2.931339
-8.30001	-2.22E-11	2.954539	0.0999996	-8.2E-12	2.954539
-8.20001	-2.19E-11	2.977754	0.0999998	-8E-12	2.977754
-8.10001	-2.28E-11	3.001034	0.0999997	-7.9E-12	3.001034
-8.00001	-2.26E-11	3.024414	0.0999997	-7.9E-12	3.024414
-7.90001	-2.03E-11	3.047621	0.0999998	-7.9E-12	3.047621
-7.80001	-4.11E-11	3.106795	0.1	-6.1E-12	3.106795
-7.70001	-2.13E-11	3.130033	0.0999996	-8.6E-12	3.130033
-7.6	-2.17E-11	3.153329	0.0999999	-8E-12	3.153329
-7.50001	-1.94E-11	3.176541	0.0999999	-8E-12	3.176541
-7.40001	-1.86E-11	3.199824	0.0999996	-8.1E-12	3.199824
-7.30001	-1.82E-11	3.223047	0.0999997	-8.4E-12	3.223047
-7.2	-1.94E-11	3.246339	0.0999995	-8.5E-12	3.246339
-7.10001	-1.87E-11	3.269613	0.0999996	-8.2E-12	3.269613
-7.00001	-1.71E-11	3.292825	0.0999996	-8.5E-12	3.292825
-6.90001	-1.61E-11	3.316048	0.0999998	-8.2E-12	3.316048
-6.80001	-1.78E-11	3.339336	0.0999997	-8.3E-12	3.339336
-6.70001	-1.72E-11	3.362604	0.0999997	-8.5E-12	3.362604
-6.60001	-1.56E-11	3.385818	0.0999996	-8.2E-12	3.385818
-6.50001	-1.48E-11	3.409045	0.0999997	-8.7E-12	3.409045
-6.40001	-1.59E-11	3.432348	0.0999997	-8.5E-12	3.432348
-6.30001	-1.63E-11	3.455627	0.0999998	-8.2E-12	3.455627
-6.20001	-1.41E-11	3.478842	0.0999997	-8.5E-12	3.478842
-6.10001	-1.36E-11	3.502046	0.0999996	-8.4E-12	3.502046
-6.00001	-1.35E-11	3.525369	0.0999999	-8.3E-12	3.525369
-5.90001	-1.42E-11	3.548659	0.0999997	-8.5E-12	3.548659
-5.80001	-3.34E-11	3.608135	0.0999998	-7E-12	3.608135
-5.70001	-1.34E-11	3.63141	0.0999995	-8.6E-12	3.63141
-5.60001	-1.43E-11	3.654696	0.0999996	-8.3E-12	3.654696
-5.50001	-1.35E-11	3.677991	0.0999999	-8.3E-12	3.677991
-5.40001	-1.11E-11	3.701261	0.0999996	-7.7E-12	3.701261
-5.30001	-1.06E-11	3.724531	0.0999997	-2.8E-12	3.724531
-5.20001	-1.17E-11	3.747838	0.0999998	1.67E-11	3.747838
-5.1	-9.4E-12	3.77104	0.0999998	9.18E-11	3.77104
-5.00001	-9E-12	3.794247	0.0999997	3.273E-10	3.794247
-4.90001	-8.6E-12	3.817462	0.0999998	1.0087E-09	3.817462
-4.80001	-9.8E-12	3.840742	0.0999999	2.8444E-09	3.840742
-4.7	-9.8E-12	3.864028	0.1000005	7.2032E-09	3.864028
-4.60001	-7.1E-12	3.887319	0.1000003	1.65489E-08	3.887319
-4.50001	-8.5E-12	3.910605	0.1000008	3.45513E-08	3.910605
-4.40001	-8.2E-12	3.933907	0.099999	6.59592E-08	3.933907
-4.30001	-2.69E-11	3.973339	0.0999999	1.1403E-07	3.973339
-4.20001	-2.16E-11	3.99787	0.1000002	1.88233E-07	3.99787
-4.10001	-2.17E-11	4.022568	0.1000003	2.89923E-07	4.022568
-4.00001	-2E-11	4.047089	0.1000004	4.23236E-07	4.047089
-3.90001	-2.75E-11	4.111627	0.1	5.84528E-07	4.111627
-3.80001	-2.14E-11	4.136209	0.1000004	7.91077E-07	4.136209
-3.70001	-2.02E-11	4.16073	0.1000006	1.033363E-06	4.16073
-3.60001	-2.48E-11	4.197417	0.1000001	1.30939E-06	4.197417
-3.50001	-1.94E-11	4.222019	0.1000001	1.6291E-06	4.222019
-3.40001	-1.84E-11	4.246555	0.1	1.98618E-06	4.246555
-3.30001	-1.75E-11	4.271061	0.1	2.38077E-06	4.271061
-3.20001	-1.67E-11	4.295583	0.1000003	2.81283E-06	4.295583
-3.10001	-1.63E-11	4.32011	0.1000001	3.28106E-06	4.32011
-3.00001	-1.53E-11	4.344646	0.1000003	3.78431E-06	4.344646
-2.90001	-1.47E-11	4.369158	0.1000002	4.32155E-06	4.369158
-2.80001	-1.36E-11	4.393745	0.1000001	4.89041E-06	4.393745
-2.70001	-1.39E-11	4.418286	0.1000001	5.48875E-06	4.418286
-2.60001	-1.27E-11	4.44281	0.0999999	6.11384E-06	4.44281
-2.50001	-1.22E-11	4.467313	0.1	6.76414E-06	4.467313
-2.40001	-1.17E-11	4.491835	0.1000002	7.4373E-06	4.491835
-2.30001	-1.12E-11	4.516419	0.0999998	8.13019E-06	4.516419
-2.20001	-1.03E-11	4.541021	0.0999999	8.84095E-06	4.541021
-2.099999	-1.27E-11	4.567465	0.1000001	9.56995E-06	4.567465
-2.000001	-1.47E-11	4.612783	0.1000001	1.030614E-05	4.612783
-1.900001	-1.43E-11	4.647382	0.1	1.10557E-05	4.647382
-1.800001	-8.6E-12	4.671898	0.1000002	1.18233E-05	4.671898
-1.7	-1.02E-11	4.697784	0.1000001	1.25987E-05	4.697784
-1.600001	-6.4E-12	4.722378	0.1	1.33832E-05	4.722378
-1.5	-4.7E-12	4.746966	0.1000001	1.41751E-05	4.746966
-1.4	-4.3E-12	4.771485	0.0999998	1.49734E-05	4.771485
-1.3	-3E-12	4.795994	0.1	1.57784E-05	4.795994
-1.200001	-1.7E-12	4.820516	0.1	1.65877E-05	4.820516
-1.100001	-5E-13	4.845022	0.1000001	1.74021E-05	4.845022
-1	4E-13	4.869529	0.1000001	1.82208E-05	4.869529
-0.900001	2.3E-12	4.89404	0.1000001	1.90437E-05	4.89404
-0.8	3.1E-12	4.91856	0.1000001	1.98702E-05	4.91856
-0.700001	4.3E-12	4.943121	0.0999999	2.06998E-05	4.943121
-0.6	5.9E-12	4.967628	0.0999999	2.15326E-05	4.967628
-0.500001	7.3E-12	4.992142	0.0999998	2.23684E-05	4.992142
-0.4	8.6E-12	5.016651	0.1	2.32057E-05	5.016651
-0.3	9.5E-12	5.041347	0.1000002	2.40471E-05	5.041347
-0.1999998	8.7E-12	5.06781	0.1	2.48918E-05	5.06781
-0.1000001	7.4E-12	5.114141	0.0999999	2.57363E-05	5.114141
2E-07	1.39E-11	5.138678	0.1000003	2.65907E-05	5.138678
0.1000005	1.63E-11	5.1632	0.1000001	2.74487E-05	5.1632
0.2000003	1.83E-11	5.187742	0.1000002	2.83107E-05	5.187742
0.299999	2.01E-11	5.212545	0.1000002	2.91765E-05	5.212545
0.4	2.22E-11	5.237048	0.1000001	3.00455E-05	5.237048
0.5	2.43E-11	5.261571	0.1000001	3.09171E-05	5.261571
0.6	2.65E-11	5.286082	0.1000001	3.17913E-05	5.286082
0.7	2.8E-11	5.310601	0.1	3.26672E-05	5.310601
0.799999	3.02E-11	5.335121	0.1	3.35433E-05	5.335121
0.899999	3.21E-11	5.359647	0.1000001	3.44208E-05	5.359647
0.999999	3.39E-11	5.384154	0.0999999	3.53001E-05	5.384154
1.1	3.58E-11	5.408726	0.1	3.61792E-05	5.408726
1.2	3.69E-11	5.433218	0.1000001	3.70596E-05	5.433218
1.3	3.82E-11	5.457742	0.1	3.79409E-05	5.457742
1.4	3.95E-11	5.48224	0.1000001	3.88227E-05	5.48224
1.5	4.05E-11	5.50676	0.1000002	3.9705E-05	5.50676
1.599999	4.19E-11	5.531386	0.1000001	4.05878E-05	5.531386
1.699999	4.27E-11	5.555956	0.1000001	4.14705E-05	5.555956
1.799999	3.65E-11	5.615746	0.0999999	4.23425E-05	5.615746
1.899999	4.22E-11	5.640271	0.1000001	4.32311E-05	5.640271
1.999999	4.38E-11	5.66478	0.0999999	4.41184E-05	5.66478
2.099999	4.42E-11	5.689312	0.1	4.50041E-05	5.689312
2.19999	4.5E-11	5.714111	0.1	4.5888E-05	5.714111
2.29999	4.59E-11	5.738777	0.1	4.67756E-05	5.738777
2.39999	4.7E-11	5.763301	0.0999999	4.76633E-05	5.763301
2.49999	4.78E-11	5.787799	0.1000003	4.85511E-05	5.787799
2.59999	4.77E-11	5.812343	0.1000002	4.9439E-05	5.812343
2.69999	4.85E-11	5.836864	0.1000003	5.03288E-05	5.836864
2.79999	4.87E-11	5.861384	0.1	5.1218E-05	5.861384
2.89999	4.99E-11	5.885893	0.1	5.21081E-05	5.885893
2.99999	5E-11	5.910431	0.1000001	5.29985E-05	5.910431
3.09999	5.02E-11	5.934934	0.0999999	5.38905E-05	5.934934
3.19999	4.98E-11	5.959463	0.1000002	5.47811E-05	5.959463
3.29999	5.06E-11	5.983974	0.1000003	5.56737E-05	5.983974
3.39999	5.11E-11	6.008476	0.1000001	5.65665E-05	6.008476
3.49999	5.14E-11	6.033089	0.0999999	5.74616E-05	6.033089
3.59999	5.21E-11	6.057609	0.0999999	5.83551E-05	6.057609
3.69999	4.49E-11	6.117354	0.1	5.92391E-05	6.117354
3.79999	5.02E-11	6.141875	0.1000002	6.01389E-05	6.141875
3.89999	5.06E-11	6.166419	0.0999999	6.10362E-05	6.166419
3.99999	5.21E-11	6.190936	0.1	6.19342E-05	6.190936
4.09999	5.22E-11	6.215519	0.1000001	6.28329E-05	6.215519
4.19999	5.24E-11	6.240026	0.0999999	6.37311E-05	6.240026
4.29999	5.26E-11	6.264545	0.1	6.46306E-05	6.264545
4.39999	5.27E-11	6.28904	0.1	6.55303E-05	6.28904
4.49999	5.32E-11	6.313565	0.1	6.64313E-05	6.313565
4.59999	5.34E-11	6.338077	0.0999999	6.73319E-05	6.338077
4.69999	5.43E-11	6.362633	0.1	6.82341E-05	6.362633
4.79999	5.42E-11	6.387138	0.0999998	6.91372E-05	6.387138
4.89999	5.41E-11	6.411719	0.1000002	7.00403E-05	6.411719
4.99999	5.49E-11	6.436233	0.1000002	7.0943E-05	6.436233
5.09999	5.46E-11	6.460869	0.1000001	7.18474E-05	6.460869
5.19999	5.47E-11	6.485379	0.1	7.27543E-05	6.485379
5.29999	5.53E-11	6.509891	0.1000002	7.36598E-05	6.509891
5.39999	5.54E-11	6.534517	0.1000002	7.45667E-05	6.534517
5.49999	5.6E-11	6.558982	0.1000001	7.54736E-05	6.558982
5.59999	4.86E-11	6.619005	0.1	7.63711E-05	6.619005
5.69999	5.43E-11	6.643544	0.0999999	7.72845E-05	6.643544
5.79999	5.47E-11	6.668095	0.1	7.81968E-05	6.668095
5.89999	5.52E-11	6.692614	0.1000002	7.91076E-05	6.692614
5.99999	5.52E-11	6.717229	0.1	8.00195E-05	6.717229
6.09999	5.54E-11	6.741796	0.1	8.09331E-05	6.741796
6.19999	5.6E-11	6.76632	0.1000003	8.18454E-05	6.76632
6.29999	5.64E-11	6.790852	0.0999999	8.27593E-05	6.790852
6.39999	5.67E-11	6.815389	0.1000002	8.36743E-05	6.815389
6.49999	5.64E-11	6.839937	0.1000001	8.45904E-05	6.839937
6.59999	5.64E-11	6.864579	0.1000002	8.55068E-05	6.864579
6.69999	5.7E-11	6.889124	0.1000004	8.64237E-05	6.889124
6.79999	5.74E-11	6.913618	0.0999999	8.73415E-05	6.913618
6.89999	5.75E-11	6.938143	0.1000002	8.8262E-05	6.938143
6.99999	5.75E-11	6.962697	0.1000003	8.91799E-05	6.962697
7.09999	5.81E-11	6.98725	0.1000003	9.01004E-05	6.98725
7.19999	5.78E-11	7.01176	0.1	9.10212E-05	7.01176
7.29999	5.77E-11	7.036368	0.1	9.19429E-05	7.036368
7.39999	5.77E-11	7.060888	0.0999999	9.28644E-05	7.060888
7.49999	5.18E-11	7.120465	0.0999998	9.37802E-05	7.120465
7.59999	5.71E-11	7.144991	0.1000003	9.47068E-05	7.144991
7.69999	5.75E-11	7.169541	0.1	9.56332E-05	7.169541
7.79999	5.82E-11	7.194061	0.1000002	9.65612E-05	7.194061
7.89999	5.79E-11	7.218644	0.0999999	9.74882E-05	7.218644
7.99999	5.82E-11	7.24315	0.1	9.8416E-05	7.24315
8.09999	5.83E-11	7.267672	0.0999999	9.93452E-05	7.267672
8.19999	5.85E-11	7.29218	0.0999999	0.0001002755	7.29218
8.29999	5.83E-11	7.316696	0.1000002	0.0001012064	7.316696
8.39999	5.85E-11	7.341236	0.1	0.0001021361	7.341236
8.49999	5.88E-11	7.365752	0.0999998	0.0001030682	7.365752
8.59999	5.89E-11	7.390304	0.0999999	0.0001040014	7.390304
8.69999	5.94E-11	7.414882	0.1000001	0.0001049336	7.414882
8.79999	5.54E-11	7.444483	0.1000001	0.000105832	7.444483
8.89999	5.97E-11	7.468965	0.1	0.000106768	7.468965
8.99999	5.97E-11	7.493485	0.1	0.000107704	7.493485
9.09999	5.95E-11	7.518029	0.1000001	0.000108642	7.518029
9.19999	5.98E-11	7.542643	0.1	0.00010958	7.542643
9.29999	6E-11	7.567165	0.0999999	0.000110513	7.567165
9.39999	5.45E-11	7.620574	0.1	0.000111452	7.620574
9.49999	5.91E-11	7.645153	0.0999999	0.000112397	7.645153
9.59999	5.89E-11	7.669706	0.1000001	0.000113341	7.669706
9.69999	5.95E-11	7.694224	0.1	0.000114286	7.694224
9.79999	6.03E-11	7.718797	0.0999999	0.000115228	7.718797
9.89999	6.03E-11	7.743374	0.0999998	0.000116173	7.743374
9.99999	6.03E-11	7.767908	0.1	0.000117119	7.767908
9.9	4.77E-11	7.792424	0.0999999	0.000116159	7.792424
9.8	4.42E-11	7.816944	0.1000001	0.000115206	7.816944
9.7	4.24E-11	7.841454	0.0999999	0.000114255	7.841454
9.6	4.09E-11	7.86599	0.1	0.000113305	7.86599
9.5	3.87E-11	7.890483	0.1	0.000112357	7.890483
9.4	3.69E-11	7.915009	0.1	0.000111407	7.915009
9.3	3.67E-11	7.939526	0.1	0.000110463	7.939526
9.2	3.57E-11	7.964089	0.1000001	0.000109518	7.964089
9.1	3.5E-11	7.988605	0.1	0.000108572	7.988605
9	3.41E-11	8.01316	0.1000001	0.00010763	8.01316
8.9	3.31E-11	8.037767	0.1	0.000106695	8.037767
8.8	3.27E-11	8.062298	0.1	0.000105752	8.062298
8.7	3.78E-11	8.123782	0.0999999	0.000104811	8.123782
8.6	3.24E-11	8.14832	0.0999999	0.000103867	8.14832
8.5	3.11E-11	8.172829	0.1	0.000102928	8.172829
8.4	3.05E-11	8.197371	0.0999999	0.000101989	8.197371
8.3	3.03E-11	8.221971	0.1	0.000101052	8.221971
8.2	3.03E-11	8.246505	0.1	0.000100113	8.246505
8.1	2.98E-11	8.271031	0.0999999	9.9178E-05	8.271031
8	2.89E-11	8.295589	0.1000001	9.8243E-05	8.295589
7.9	2.83E-11	8.320106	0.1	9.7307E-05	8.320106
7.8	2.8E-11	8.344648	0.1000001	9.6373E-05	8.344648
7.7	2.76E-11	8.369164	0.1000001	9.5442E-05	8.369164
7.6	2.7E-11	8.393693	0.1	9.4509E-05	8.393693
7.5	2.7E-11	8.418274	0.1000001	9.3579E-05	8.418274
7.4	2.63E-11	8.442797	0.1	9.2648E-05	8.442797
7.3	2.57E-11	8.467314	0.0999999	9.1719E-05	8.467314
7.2	2.52E-11	8.491834	0.1	9.0791E-05	8.491834
7.1	2.52E-11	8.516347	0.0999999	8.9861E-05	8.516347
7	2.89E-11	8.5443	0.0999998	8.89689E-05	8.5443
6.9	2.5E-11	8.568831	0.1000001	8.8043E-05	8.568831
6.8	3.06E-11	8.627865	0.1	8.71242E-05	8.627865
6.7	2.52E-11	8.652385	0.0999998	8.61967E-05	8.652385
6.6	2.44E-11	8.676952	0.1000001	8.52709E-05	8.676952
6.5	2.39E-11	8.701488	0.0999998	8.43477E-05	8.701488
6.4	2.35E-11	8.726081	0.0999997	8.34246E-05	8.726081
6.3	2.27E-11	8.750644	0.0999999	8.25015E-05	8.750644
6.2	2.24E-11	8.775156	0.0999998	8.15797E-05	8.775156
6.1	2.15E-11	8.79968	0.1	8.06589E-05	8.79968
6	2.17E-11	8.824227	0.1000001	7.97392E-05	8.824227
5.9	2.1E-11	8.848737	0.1	7.88197E-05	8.848737
5.8	2.09E-11	8.873338	0.1000001	7.79001E-05	8.873338
5.7	2.03E-11	8.897878	0.0999999	7.69828E-05	8.897878
5.6	2E-11	8.922414	0.1	7.6065E-05	8.922414
5.5	1.89E-11	8.946967	0.0999999	7.5148E-05	8.946967
5.4	1.87E-11	8.971434	0.0999999	7.42321E-05	8.971434
5.3	1.81E-11	8.995964	0.0999998	7.33168E-05	8.995964
5.2	1.72E-11	9.020468	0.0999999	7.24025E-05	9.020468
5.1	1.74E-11	9.045083	0.1000001	7.14884E-05	9.045083
5	1.77E-11	9.06983	0.0999999	7.05754E-05	9.06983
4.9	2.3E-11	9.127096	0.0999999	6.96687E-05	9.127096
4.8	1.8E-11	9.151627	0.1	6.8756E-05	9.151627
4.7	1.71E-11	9.176269	0.1	6.7845E-05	9.176269
4.6	1.58E-11	9.200784	0.1	6.69348E-05	9.200784
4.5	1.52E-11	9.225365	0.1000001	6.6025E-05	9.225365
4.4	1.51E-11	9.249879	0.0999998	6.51158E-05	9.249879
4.3	1.48E-11	9.274418	0.0999997	6.42091E-05	9.274418
4.2	1.43E-11	9.298968	0.0999999	6.33005E-05	9.298968
4.1	1.34E-11	9.323483	0.0999998	6.2394E-05	9.323483
4	1.31E-11	9.348003	0.0999998	6.14874E-05	9.348003
3.9	1.23E-11	9.372504	0.0999998	6.0583E-05	9.372504
3.8	1.12E-11	9.397016	0.0999997	5.96781E-05	9.397016
3.7	1.07E-11	9.421594	0.1000001	5.87735E-05	9.421594
3.6	1.09E-11	9.446126	0.0999998	5.78708E-05	9.446126
3.5	9.6E-12	9.470639	0.0999998	5.69682E-05	9.470639
3.4	9.1E-12	9.495187	0.0999999	5.60667E-05	9.495187
3.3	8.5E-12	9.519701	0.1	5.51656E-05	9.519701
3.2	7.7E-12	9.544299	0.0999997	5.42651E-05	9.544299
3.1	7.3E-12	9.568826	0.1000001	5.33669E-05	9.568826
3	1.33E-11	9.628479	0.0999999	5.24725E-05	9.628479
2.9	7.4E-12	9.653007	0.1000001	5.1574E-05	9.653007
2.8	6.5E-12	9.677527	0.0999998	5.06762E-05	9.677527
2.7	5.6E-12	9.702053	0.1000001	4.97787E-05	9.702053
2.6	4.2E-12	9.726618	0.0999999	4.88836E-05	9.726618
2.5	3.7E-12	9.751183	0.0999998	4.7989E-05	9.751183
2.4	2.6E-12	9.77568	0.0999999	4.70939E-05	9.77568
2.3	1.8E-12	9.800212	0.0999998	4.61999E-05	9.800212
2.2	1E-12	9.824711	0.1000001	4.5308E-05	9.824711
2.099999	3.3E-12	9.851128	0.1	4.44202E-05	9.851128
2	-1.2E-12	9.875626	0.1	4.35289E-05	9.875626
1.9	-2E-12	9.900174	0.1	4.26402E-05	9.900174
1.8	-2.9E-12	9.92471	0.1	4.17515E-05	9.92471
1.7	-3.9E-12	9.949218	0.0999998	4.08636E-05	9.949218
1.6	-5E-12	9.973731	0.0999997	3.99754E-05	9.973731
1.5	-5.9E-12	9.998331	0.0999997	3.90899E-05	9.998331
1.4	-7.9E-12	10.022926	0.1000002	3.82051E-05	10.022926
1.3	-9.4E-12	10.047526	0.1000001	3.73217E-05	10.047526
1.2	-1.06E-11	10.072114	0.1	3.64399E-05	10.072114
1.100001	-5.8E-12	10.130131	0.1000001	3.55641E-05	10.130131
1	-1.23E-11	10.154647	0.1	3.46839E-05	10.154647
0.9	-1.48E-11	10.179172	0.0999999	3.38068E-05	10.179172
0.8	-1.62E-11	10.203718	0.0999998	3.29316E-05	10.203718
0.7	-1.83E-11	10.228295	0.1000001	3.20587E-05	10.228295
0.6	-2.05E-11	10.252808	0.1000001	3.11889E-05	10.252808
0.5	-2.22E-11	10.277335	0.0999999	3.03211E-05	10.277335
0.4	-2.49E-11	10.301925	0.0999997	2.9457E-05	10.301925
0.3	-2.69E-11	10.326448	0.0999998	2.85963E-05	10.326448
0.2	-2.6E-11	10.352885	0.0999999	2.77412E-05	10.352885
0.0999997	-3.17E-11	10.377402	0.0999999	2.68891E-05	10.377402
-4E-07	-3.36E-11	10.401928	0.1000001	2.60414E-05	10.401928
#scan	iMeasureCycle=2	iMux=0	time=279.707	N=401	LocalTime=20/04/2023 10:42:23
#VGate(V)	IGate(A)	time(s)	VDrain(V)	IDrain(A)	time(s)
-2E-07	-1.3E-11	279.714478	0.0999999	2.62733E-05	279.714478
-0.1000003	-2.09E-11	279.739406	0.1000001	2.54208E-05	279.739406
-0.2	-2.17E-11	279.765199	0.1000001	2.45731E-05	279.765199
-0.3	-2.83E-11	279.789929	0.0999999	2.37293E-05	279.789929
-0.4	-3.11E-11	279.814466	0.1	2.28883E-05	279.814466
-0.5	-3.33E-11	279.839083	0.1	2.20516E-05	279.839083
-0.6	-3.55E-11	279.863608	0.1	2.12176E-05	279.863608
-0.7	-3.74E-11	279.888238	0.1	2.03865E-05	279.888238
-0.8	-3.93E-11	279.912779	0.0999999	1.95587E-05	279.912779
-0.9	-4.04E-11	279.937354	0.1000001	1.87343E-05	279.937354
-1	-4.21E-11	279.961877	0.0999999	1.79138E-05	279.961877
-1.1	-4.29E-11	279.986417	0.1000001	1.7098E-05	279.986417
-1.2	-4.39E-11	280.01096	0.0999999	1.62863E-05	280.01096
-1.3	-4.5E-11	280.03549	0.0999999	1.54798E-05	280.03549
-1.4	-4.59E-11	280.060078	0.1000001	1.46786E-05	280.060078
-1.5	-4.67E-11	280.084627	0.1	1.38846E-05	280.084627
-1.6	-4.76E-11	280.109161	0.1	1.30965E-05	280.109161
-1.7	-4.82E-11	280.133713	0.0999998	1.23173E-05	280.133713
-1.8	-4.87E-11	280.158231	0.0999998	1.15468E-05	280.158231
-1.9	-4.95E-11	280.182741	0.0999999	1.07871E-05	280.182741
-2	-5.01E-11	280.207294	0.0999999	1.00389E-05	280.207294
-2.1	-5.04E-11	280.231812	0.1	9.3035E-06	280.231812
-2.2	-4.4E-11	280.2839	0.0999999	8.58807E-06	280.2839
-2.3	-4.96E-11	280.308428	0.1	7.88225E-06	280.308428
-2.4	-5.04E-11	280.33293	0.0999998	7.19582E-06	280.33293
-2.5	-5.08E-11	280.357468	0.0999999	6.5307E-06	280.357468
-2.6	-5.15E-11	280.38206	0.1000002	5.8896E-06	280.38206
-2.7	-5.25E-11	280.406714	0.1	5.27382E-06	280.406714
-2.8	-5.32E-11	280.431236	0.0999998	4.68541E-06	280.431236
-2.9	-5.31E-11	280.455779	0.0999999	4.12745E-06	280.455779
-3	-5.39E-11	280.480291	0.1000003	3.60145E-06	280.480291
-3.1	-5.46E-11	280.504817	0.1	3.10949E-06	280.504817
-3.2	-5.44E-11	280.529334	0.0999999	2.65299E-06	280.529334
-3.3	-5.48E-11	280.553992	0.0999999	2.23389E-06	280.553992
-3.4	-5.51E-11	280.57854	0.0999999	1.85195E-06	280.57854
-3.5	-5.6E-11	280.603115	0.0999997	1.50836E-06	280.603115
-3.6	-5.6E-11	280.627633	0.0999998	1.20297E-06	280.627633
-3.7	-5.66E-11	280.65212	0.1	9.3654E-07	280.65212
-3.8	-5.33E-11	280.679462	0.0999996	7.09226E-07	280.679462
-3.9	-5.72E-11	280.703972	0.0999996	5.17882E-07	280.703972
-4	-5.75E-11	280.728474	0.0999996	3.62985E-07	280.728474
-4.1	-5.15E-11	280.77983	0.1	2.44324E-07	280.77983
-4.2	-5.63E-11	280.80434	0.0999999	1.53362E-07	280.80434
-4.3	-5.19E-11	280.842024	0.0999959	9.08578E-08	280.842024
-4.4	-6.97E-11	280.865759	0.1000105	4.90821E-08	280.865759
-4.5	-7.18E-11	280.889083	0.1000059	2.42374E-08	280.889083
-4.6	-7.31E-11	280.912298	0.100003	1.09196E-08	280.912298
-4.7	-7.36E-11	280.93557	0.1000015	4.4648E-09	280.93557
-4.8	-7.23E-11	280.958875	0.1000005	1.6557E-09	280.958875
-4.9	-7.42E-11	280.982083	0.1000006	5.524E-10	280.982083
-5	-7.28E-11	281.005373	0.1000003	1.636E-10	281.005373
-5.1	-7.53E-11	281.028582	0.1000003	4.03E-11	281.028582
-5.2	-7.46E-11	281.052099	0.1000003	5.1E-12	281.052099
-5.3	-7.55E-11	281.075318	0.1000003	-2.8E-12	281.075318
-5.4	-7.58E-11	281.098518	0.1000003	-4.8E-12	281.098518
-5.5	-7.49E-11	281.121803	0.1000003	-4.9E-12	281.121803
-5.6	-7.45E-11	281.145093	0.1000001	-4.8E-12	281.145093
-5.7	-7.74E-11	281.168306	0.1000001	-4.7E-12	281.168306
-5.8	-7.62E-11	281.191537	0.1000004	-5E-12	281.191537
-5.9	-7.51E-11	281.214827	0.1000002	-4.7E-12	281.214827
-6	-7.56E-11	281.238113	0.1000002	-5.1E-12	281.238113
-6.1	-5.68E-11	281.283044	0.1	-6.5E-12	281.283044
-6.2	-7.49E-11	281.306358	0.1000003	-4.9E-12	281.306358
-6.3	-7.76E-11	281.329577	0.1000003	-5.1E-12	281.329577
-6.4	-7.76E-11	281.352803	0.1000002	-4.8E-12	281.352803
-6.5	-7.6E-11	281.376139	0.1000004	-5.2E-12	281.376139
-6.6	-7.77E-11	281.399452	0.1000002	-5.2E-12	281.399452
-6.7	-7.77E-11	281.422703	0.1000003	-4.9E-12	281.422703
-6.8	-7.86E-11	281.44591	0.1000001	-5.1E-12	281.44591
-6.9	-7.68E-11	281.469206	0.1000002	-5.3E-12	281.469206
-7	-7.91E-11	281.492415	0.1000003	-4.9E-12	281.492415
-7.1	-7.72E-11	281.515719	0.1	-4.9E-12	281.515719
-7.2	-7.96E-11	281.538919	0.1000003	-5.1E-12	281.538919
-7.3	-7.83E-11	281.562228	0.1000001	-4.7E-12	281.562228
-7.4	-7.8E-11	281.585552	0.1000003	-4.5E-12	281.585552
-7.5	-7.94E-11	281.608854	0.1000002	-4.8E-12	281.608854
-7.6	-7.84E-11	281.632145	0.1000004	-5E-12	281.632145
-7.7	-8.01E-11	281.655341	0.1000002	-5.1E-12	281.655341
-7.8	-8E-11	281.678634	0.1000003	-4.6E-12	281.678634
-7.9	-7.87E-11	281.701919	0.1000004	-4.9E-12	281.701919
-8	-7.84E-11	281.7252	0.1000002	-4.9E-12	281.7252
-8.1	-6E-11	281.777194	0.1	-6.1E-12	281.777194
-8.2	-7.79E-11	281.800505	0.1000002	-4.7E-12	281.800505
-8.3	-8.04E-11	281.823716	0.1000002	-4.5E-12	281.823716
-8.4	-8.05E-11	281.846929	0.1000004	-4.4E-12	281.846929
-8.5	-8.08E-11	281.870202	0.1000001	-4.5E-12	281.870202
-8.6	-7.89E-11	281.89362	0.1000001	-4.7E-12	281.89362
-8.7	-8.14E-11	281.916852	0.1000003	-5E-12	281.916852
-8.8	-8.14E-11	281.940141	0.1000003	-4.5E-12	281.940141
-8.9	-8.2E-11	281.963367	0.1	-4.6E-12	281.963367
-9	-7.98E-11	281.986668	0.1000002	-4.8E-12	281.986668
-9.1	-8.17E-11	282.009886	0.1000001	-4.8E-12	282.009886
-9.2	-8.23E-11	282.033096	0.1000002	-4.4E-12	282.033096
-9.3	-8.15E-11	282.056353	0.1000002	-4.1E-12	282.056353
-9.4	-8.1E-11	282.079647	0.1000004	-4.4E-12	282.079647
-9.5	-8.33E-11	282.102844	0.1000002	-4.4E-12	282.102844
-9.6	-8.09E-11	282.12613	0.1000001	-4.2E-12	282.12613
-9.7	-8.15E-11	282.149416	0.1000003	-4.4E-12	282.149416
-9.8	-8.14E-11	282.172704	0.1000003	-4.3E-12	282.172704
-9.9	-8.29E-11	282.195929	0.1000003	-4E-12	282.195929
-10	-8.29E-11	282.21915	0.1	-4.6E-12	282.21915
-9.90001	-4.24E-11	282.24245	0.0999999	-8.1E-12	282.24245
-9.80001	-5.57E-11	282.299773	0.1	-6E-12	282.299773
-9.70001	-3.63E-11	282.323113	0.0999997	-8.3E-12	282.323113
-9.60001	-3.22E-11	282.346335	0.0999998	-8.1E-12	282.346335
-9.50001	-3.17E-11	282.369587	0.0999998	-8.2E-12	282.369587
-9.40001	-3E-11	282.392882	0.0999998	-8.2E-12	282.392882
-9.30001	-3.08E-11	282.416271	0.0999998	-8.5E-12	282.416271
-9.20001	-2.77E-11	282.439481	0.0999998	-8.5E-12	282.439481
-9.10001	-2.68E-11	282.462692	0.0999999	-8.2E-12	282.462692
-9.00001	-2.79E-11	282.48599	0.0999998	-7.7E-12	282.48599
-8.90001	-2.76E-11	282.50927	0.0999998	-7.8E-12	282.50927
-8.80001	-2.51E-11	282.532477	0.0999998	-8.4E-12	282.532477
-8.70001	-2.61E-11	282.556018	0.0999999	-7.6E-12	282.556018
-8.60001	-2.41E-11	282.579232	0.0999998	-7.9E-12	282.579232
-8.50001	-2.33E-11	282.60245	0.0999998	-8.6E-12	282.60245
-8.40001	-2.26E-11	282.625724	0.0999997	-8.4E-12	282.625724
-8.30001	-2.39E-11	282.649016	0.0999997	-8.3E-12	282.649016
-8.20001	-2.47E-11	282.672362	0.0999998	-8.1E-12	282.672362
-8.10001	-2.15E-11	282.695578	0.0999998	-8.4E-12	282.695578
-8.00001	-2.25E-11	282.718869	0.0999998	-8.1E-12	282.718869
-7.90001	-2.19E-11	282.74214	0.0999998	-7.9E-12	282.74214
-7.80001	-3.95E-11	282.78063	0.1	-6.6E-12	282.78063
-7.70001	-2.02E-11	282.803868	0.0999997	-8E-12	282.803868
-7.6	-2.07E-11	282.82717	0.0999998	-7.9E-12	282.82717
-7.50001	-2.02E-11	282.850445	0.0999999	-7.9E-12	282.850445
-7.40001	-1.79E-11	282.873723	0.0999998	-8.6E-12	282.873723
-7.30001	-1.75E-11	282.897028	0.0999997	-8.8E-12	282.897028
-7.2	-1.88E-11	282.920319	0.0999998	-8.3E-12	282.920319
-7.10001	-1.68E-11	282.943559	0.0999999	-8.5E-12	282.943559
-7.00001	-1.62E-11	282.966784	0.0999999	-9.1E-12	282.966784
-6.90001	-1.72E-11	282.990049	0.0999999	-8.7E-12	282.990049
-6.80001	-1.7E-11	283.013342	0.0999999	-8.7E-12	283.013342
-6.70001	-1.75E-11	283.036634	0.0999997	-8.5E-12	283.036634
-6.60001	-1.48E-11	283.059866	0.0999999	-9.3E-12	283.059866
-6.50001	-1.61E-11	283.083167	0.0999997	-8.9E-12	283.083167
-6.40001	-1.61E-11	283.10646	0.0999997	-9.1E-12	283.10646
-6.30001	-1.37E-11	283.129661	0.0999998	-8.9E-12	283.129661
-6.20001	-1.33E-11	283.152878	0.0999998	-9.4E-12	283.152878
-6.10001	-1.26E-11	283.17609	0.0999999	-9E-12	283.17609
-6.00001	-1.4E-11	283.199389	0.0999999	-9.1E-12	283.199389
-5.90001	-1.39E-11	283.222679	0.1	-9E-12	283.222679
-5.80001	-1.17E-11	283.2459	0.0999998	-8.9E-12	283.2459
-5.70001	-3.12E-11	283.282427	0.0999999	-7.8E-12	283.282427
-5.60001	-1.36E-11	283.305771	0.0999997	-9.2E-12	283.305771
-5.50001	-1.15E-11	283.328997	0.0999999	-9.2E-12	283.328997
-5.40001	-1.04E-11	283.35221	0.0999997	-8.5E-12	283.35221
-5.30001	-1.15E-11	283.37556	0.0999998	-4.4E-12	283.37556
-5.20001	-1.15E-11	283.398932	0.0999999	1.23E-11	283.398932
-5.1	-9.4E-12	283.422143	0.0999999	7.79E-11	283.422143
-5.00001	-1.04E-11	283.445433	0.1000001	2.869E-10	283.445433
-4.90001	-1.02E-11	283.468719	0.1000002	8.923E-10	283.468719
-4.80001	-9.7E-12	283.492002	0.1000003	2.5188E-09	283.492002
-4.7	-7.7E-12	283.51521	0.1000002	6.4046E-09	283.51521
-4.60001	-6.7E-12	283.538415	0.1000007	1.49105E-08	283.538415
-4.50001	-8.1E-12	283.561726	0.1000009	3.15286E-08	283.561726
-4.40001	-6.3E-12	283.585031	0.0999981	6.08268E-08	283.585031
-4.30001	-2.75E-11	283.633113	0.1000001	1.06005E-07	283.633113
-4.20001	-2.26E-11	283.657645	0.1000002	1.76982E-07	283.657645
-4.10001	-2.18E-11	283.682164	0.1000004	2.75092E-07	283.682164
-4.00001	-2.08E-11	283.706673	0.1000006	4.04164E-07	283.706673
-3.90001	-1.99E-11	283.731179	0.1000005	5.67009E-07	283.731179
-3.80001	-2.66E-11	283.791944	0.1000003	7.61178E-07	283.791944
-3.70001	-2.08E-11	283.816486	0.1000006	9.99721E-07	283.816486
-3.60001	-2.43E-11	283.851056	0.0999999	1.27136E-06	283.851056
-3.50001	-1.96E-11	283.876491	0.0999999	1.58588E-06	283.876491
-3.40001	-1.83E-11	283.901067	0.1000001	1.93744E-06	283.901067
-3.30001	-1.74E-11	283.925589	0.1000003	2.32632E-06	283.925589
-3.20001	-1.69E-11	283.950135	0.1000001	2.7524E-06	283.950135
-3.10001	-1.66E-11	283.974726	0.1	3.21459E-06	283.974726
-3.00001	-1.53E-11	283.999251	0.1000001	3.7122E-06	283.999251
-2.90001	-1.48E-11	284.023775	0.1000004	4.2426E-06	284.023775
-2.80001	-1.4E-11	284.048305	0.1000002	4.80396E-06	284.048305
-2.70001	-1.33E-11	284.072846	0.1	5.39513E-06	284.072846
-2.60001	-1.26E-11	284.09736	0.1	6.01419E-06	284.09736
-2.50001	-1.22E-11	284.12189	0.1000001	6.65691E-06	284.12189
-2.40001	-1.15E-11	284.146404	0.1	7.3231E-06	284.146404
-2.30001	-1.07E-11	284.170916	0.1	8.00908E-06	284.170916
-2.20001	-1.01E-11	284.195434	0.1000001	8.71399E-06	284.195434
-2.1	-1.26E-11	284.221883	0.1	9.43713E-06	284.221883
-2.000001	-8.8E-12	284.246386	0.1	1.017295E-05	284.246386
-1.900001	-1.49E-11	284.300726	0.1000001	1.09089E-05	284.300726
-1.800001	-9.1E-12	284.325283	0.1000001	1.16713E-05	284.325283
-1.7	-7.4E-12	284.349787	0.0999998	1.24415E-05	284.349787
-1.600001	-8.4E-12	284.375384	0.1000001	1.32206E-05	284.375384
-1.5	-5.4E-12	284.400036	0.0999999	1.40071E-05	284.400036
-1.4	-3.9E-12	284.424634	0.0999998	1.48013E-05	284.424634
-1.3	-2.9E-12	284.449155	0.0999998	1.5601E-05	284.449155
-1.200001	-1.9E-12	284.47367	0.1	1.64063E-05	284.47367
-1.100001	-5E-13	284.498212	0.1	1.72167E-05	284.498212
-1	7E-13	284.522709	0.1000001	1.80314E-05	284.522709
-0.9	1.6E-12	284.547245	0.1	1.88494E-05	284.547245
-0.8	3.1E-12	284.571772	0.1000001	1.96722E-05	284.571772
-0.700001	4.4E-12	284.596295	0.1000002	2.0498E-05	284.596295
-0.6	5.9E-12	284.620803	0.1	2.13266E-05	284.620803
-0.5	7.3E-12	284.645381	0.1	2.21583E-05	284.645381
-0.4	8.3E-12	284.669886	0.0999998	2.29938E-05	284.669886
-0.3	1.02E-11	284.694456	0.1	2.38308E-05	284.694456
-0.1999999	8.6E-12	284.720882	0.0999999	2.46718E-05	284.720882
-0.0999997	1.32E-11	284.745414	0.0999999	2.5517E-05	284.745414
-1E-07	9.2E-12	284.794755	0.1000001	2.63629E-05	284.794755
0.1000003	1.55E-11	284.819286	0.1	2.72179E-05	284.819286
0.2000004	1.79E-11	284.843775	0.1000001	2.80773E-05	284.843775
0.299999	1.99E-11	284.868484	0.1000002	2.89406E-05	284.868484
0.4	2.21E-11	284.893046	0.0999999	2.9807E-05	284.893046
0.5	2.38E-11	284.917684	0.1000001	3.06766E-05	284.917684
0.6	2.61E-11	284.942189	0.1000001	3.15498E-05	284.942189
0.7	2.78E-11	284.966748	0.1	3.24255E-05	284.966748
0.799999	2.99E-11	284.991259	0.0999999	3.33041E-05	284.991259
0.899999	3.19E-11	285.015858	0.1	3.4184E-05	285.015858
0.999999	3.34E-11	285.04036	0.1000002	3.50656E-05	285.04036
1.1	3.51E-11	285.065105	0.1000003	3.59489E-05	285.065105
1.2	3.64E-11	285.08965	0.1	3.68323E-05	285.08965
1.3	3.85E-11	285.114106	0.1	3.77182E-05	285.114106
1.4	3.95E-11	285.138636	0.1	3.86049E-05	285.138636
1.5	4.08E-11	285.163139	0.1	3.94923E-05	285.163139
1.599999	4.19E-11	285.187662	0.1000002	4.03805E-05	285.187662
1.699999	4.29E-11	285.212198	0.1	4.12697E-05	285.212198
1.8	4.37E-11	285.236722	0.1000002	4.21589E-05	285.236722
1.899999	3.69E-11	285.29656	0.1	4.30423E-05	285.29656
2	4.26E-11	285.321109	0.1	4.39345E-05	285.321109
2.099999	4.37E-11	285.345653	0.0999999	4.48265E-05	285.345653
2.19999	4.49E-11	285.370369	0.1000002	4.57152E-05	285.370369
2.29999	4.59E-11	285.394952	0.1000001	4.66075E-05	285.394952
2.39999	4.65E-11	285.419599	0.1000001	4.74991E-05	285.419599
2.49999	4.65E-11	285.44413	0.1000001	4.83914E-05	285.44413
2.59999	4.74E-11	285.46863	0.0999999	4.92853E-05	285.46863
2.69999	4.79E-11	285.493215	0.1000002	5.01784E-05	285.493215
2.79999	4.85E-11	285.517735	0.0999999	5.10719E-05	285.517735
2.89999	4.89E-11	285.542253	0.1	5.19658E-05	285.542253
2.99999	4.98E-11	285.566815	0.1000001	5.28595E-05	285.566815
3.09999	5.04E-11	285.591333	0.1000001	5.37539E-05	285.591333
3.19999	5.05E-11	285.615872	0.1	5.46482E-05	285.615872
3.29999	5.04E-11	285.640444	0.1000002	5.55439E-05	285.640444
3.39999	5.09E-11	285.664947	0.1000001	5.64391E-05	285.664947
3.49999	5.15E-11	285.689485	0.0999999	5.73342E-05	285.689485
3.59999	5.15E-11	285.714	0.0999999	5.82309E-05	285.714
3.69999	5.2E-11	285.73851	0.0999999	5.91266E-05	285.73851
3.79999	4.52E-11	285.795325	0.1000001	6.00149E-05	285.795325
3.89999	5.01E-11	285.819874	0.0999999	6.09161E-05	285.819874
3.99999	5.04E-11	285.844481	0.1000001	6.18162E-05	285.844481
4.09999	5.15E-11	285.868995	0.1000001	6.27166E-05	285.868995
4.19999	5.23E-11	285.893564	0.1	6.36171E-05	285.893564
4.29999	5.28E-11	285.918148	0.1	6.45167E-05	285.918148
4.39999	5.31E-11	285.942678	0.1	6.54177E-05	285.942678
4.49999	5.38E-11	285.967201	0.1000001	6.63198E-05	285.967201
4.59999	5.36E-11	285.99173	0.1000001	6.72217E-05	285.99173
4.69999	5.35E-11	286.016248	0.0999998	6.81242E-05	286.016248
4.79999	5.4E-11	286.040777	0.1000003	6.90278E-05	286.040777
4.89999	5.35E-11	286.065325	0.1000001	6.99316E-05	286.065325
4.99999	5.39E-11	286.08984	0.1000002	7.08367E-05	286.08984
5.09999	5.45E-11	286.114348	0.1000001	7.1741E-05	286.114348
5.19999	5.48E-11	286.138859	0.1000002	7.26468E-05	286.138859
5.29999	5.51E-11	286.163372	0.1000001	7.35545E-05	286.163372
5.39999	5.53E-11	286.187898	0.1000002	7.44614E-05	286.187898
5.49999	5.55E-11	286.212399	0.1000001	7.53692E-05	286.212399
5.59999	5.55E-11	286.236918	0.1000001	7.62777E-05	286.236918
5.69999	4.89E-11	286.29725	0.0999998	7.71772E-05	286.29725
5.79999	5.38E-11	286.321833	0.1	7.80914E-05	286.321833
5.89999	5.46E-11	286.346349	0.1	7.90052E-05	286.346349
5.99999	5.53E-11	286.370876	0.1000002	7.99177E-05	286.370876
6.09999	5.53E-11	286.395446	0.0999999	8.083E-05	286.395446
6.19999	5.56E-11	286.420087	0.0999999	8.17454E-05	286.420087
6.29999	5.69E-11	286.444602	0.1	8.26593E-05	286.444602
6.39999	5.63E-11	286.469135	0.1000002	8.35747E-05	286.469135
6.49999	5.66E-11	286.493637	0.1000004	8.44906E-05	286.493637
6.59999	5.72E-11	286.518238	0.1000001	8.54072E-05	286.518238
6.69999	5.7E-11	286.542752	0.1000001	8.63243E-05	286.542752
6.79999	5.7E-11	286.567257	0.1000003	8.72432E-05	286.567257
6.89999	5.72E-11	286.59176	0.1000002	8.81625E-05	286.59176
6.99999	5.77E-11	286.616321	0.1000001	8.90826E-05	286.616321
7.09999	5.74E-11	286.640922	0.1000001	9.00029E-05	286.640922
7.19999	5.81E-11	286.665445	0.1	9.09229E-05	286.665445
7.29999	5.79E-11	286.689988	0.1	9.18455E-05	286.689988
7.39999	5.79E-11	286.714504	0.1	9.27692E-05	286.714504
7.49999	5.8E-11	286.739039	0.1000004	9.36923E-05	286.739039
7.59999	5.2E-11	286.798669	0.1000001	9.46073E-05	286.798669
7.69999	5.62E-11	286.823234	0.1	9.55351E-05	286.823234
7.79999	5.67E-11	286.847752	0.1000001	9.64628E-05	286.847752
7.89999	5.75E-11	286.872278	0.1000002	9.73916E-05	286.872278
7.99999	5.81E-11	286.89684	0.1	9.83197E-05	286.89684
8.09999	5.81E-11	286.921455	0.1000003	9.92484E-05	286.921455
8.19999	5.83E-11	286.945977	0.1000002	0.0001001787	286.945977
8.29999	5.89E-11	286.970517	0.1000001	0.0001011108	286.970517
8.39999	5.96E-11	286.995024	0.1000001	0.0001020418	286.995024
8.49999	5.87E-11	287.019633	0.1000002	0.0001029724	287.019633
8.59999	5.94E-11	287.044151	0.0999999	0.0001039059	287.044151
8.69999	5.96E-11	287.068689	0.1000002	0.0001048395	287.068689
8.79999	5.49E-11	287.098274	0.0999998	0.000105737	287.098274
8.89999	5.89E-11	287.122822	0.0999999	0.000106671	287.122822
8.99999	5.93E-11	287.147347	0.1	0.00010761	287.147347
9.09999	5.92E-11	287.171867	0.1000001	0.000108546	287.171867
9.19999	6E-11	287.196383	0.0999999	0.000109485	287.196383
9.29999	5.97E-11	287.22091	0.1	0.000110419	287.22091
9.39999	6.02E-11	287.245425	0.1000001	0.000111359	287.245425
9.49999	5.33E-11	287.303524	0.0999999	0.000112296	287.303524
9.59999	5.81E-11	287.328062	0.0999999	0.000113242	287.328062
9.69999	5.95E-11	287.352587	0.1	0.000114188	287.352587
9.79999	5.92E-11	287.3771	0.1	0.000115134	287.3771
9.89999	5.96E-11	287.401667	0.1	0.000116079	287.401667
9.99999	5.98E-11	287.426254	0.0999999	0.000117023	287.426254
9.9	4.7E-11	287.450771	0.1000002	0.000116065	287.450771
9.8	4.38E-11	287.4753	0.1000001	0.000115111	287.4753
9.7	4.16E-11	287.49982	0.0999998	0.00011416	287.49982
9.6	4.02E-11	287.524359	0.1000001	0.00011321	287.524359
9.5	3.92E-11	287.548906	0.1000002	0.000112264	287.548906
9.4	3.76E-11	287.573439	0.0999998	0.000111316	287.573439
9.3	3.69E-11	287.597978	0.0999999	0.000110369	287.597978
9.2	3.57E-11	287.622495	0.1	0.000109424	287.622495
9.1	3.44E-11	287.647066	0.1	0.000108482	287.647066
9	3.42E-11	287.67159	0.0999999	0.000107539	287.67159
8.9	3.38E-11	287.696122	0.1	0.000106602	287.696122
8.8	3.22E-11	287.720628	0.1	0.000105657	287.720628
8.7	3.15E-11	287.745256	0.1000001	0.000104717	287.745256
8.6	3.66E-11	287.797896	0.0999999	0.000103779	287.797896
8.5	3.2E-11	287.822432	0.1	0.000102838	287.822432
8.4	3.12E-11	287.846988	0.1000001	0.000101895	287.846988
8.3	3.06E-11	287.87152	0.0999999	0.000100957	287.87152
8.2	3.02E-11	287.896093	0.1	0.000100019	287.896093
8.1	2.89E-11	287.920709	0.1	9.9083E-05	287.920709
8	2.82E-11	287.945282	0.1	9.8148E-05	287.945282
7.9	2.75E-11	287.969835	0.0999999	9.7215E-05	287.969835
7.8	2.75E-11	287.99443	0.1	9.6281E-05	287.99443
7.7	2.74E-11	288.018952	0.0999999	9.5347E-05	288.018952
7.6	2.7E-11	288.043481	0.1	9.4416E-05	288.043481
7.5	2.65E-11	288.068005	0.0999998	9.3484E-05	288.068005
7.4	2.61E-11	288.092587	0.1000001	9.2554E-05	288.092587
7.3	2.56E-11	288.117094	0.1000001	9.1624E-05	288.117094
7.2	2.55E-11	288.141741	0.1000001	9.0694E-05	288.141741
7.1	2.47E-11	288.166287	0.1	8.9767E-05	288.166287
7	2.8E-11	288.194165	0.1000001	8.8875E-05	288.194165
6.9	2.43E-11	288.218705	0.0999996	8.79478E-05	288.218705
6.8	2.34E-11	288.243208	0.0999998	8.70227E-05	288.243208
6.7	3.01E-11	288.306012	0.1	8.61045E-05	288.306012
6.6	2.45E-11	288.330529	0.1000002	8.51786E-05	288.330529
6.5	2.36E-11	288.35507	0.0999999	8.42543E-05	288.35507
6.4	2.29E-11	288.379585	0.0999998	8.33307E-05	288.379585
6.3	2.28E-11	288.404162	0.0999999	8.24077E-05	288.404162
6.2	2.25E-11	288.428756	0.1	8.14857E-05	288.428756
6.1	2.18E-11	288.453339	0.1000002	8.05645E-05	288.453339
6	2.17E-11	288.477881	0.1000001	7.96452E-05	288.477881
5.9	2.07E-11	288.502387	0.0999999	7.87255E-05	288.502387
5.8	2.04E-11	288.526906	0.1	7.78055E-05	288.526906
5.7	1.99E-11	288.551373	0.0999998	7.68876E-05	288.551373
5.6	1.99E-11	288.575933	0.1000001	7.59703E-05	288.575933
5.5	1.95E-11	288.60043	0.0999998	7.50526E-05	288.60043
5.4	1.89E-11	288.624955	0.1000001	7.41371E-05	288.624955
5.3	1.87E-11	288.649519	0.0999999	7.32217E-05	288.649519
5.2	1.85E-11	288.674101	0.1000001	7.23075E-05	288.674101
5.1	1.75E-11	288.698615	0.1000001	7.13936E-05	288.698615
5	1.72E-11	288.72317	0.1000001	7.04796E-05	288.72317
4.9	1.66E-11	288.747687	0.1000001	6.95675E-05	288.747687
4.8	2.26E-11	288.804895	0.1000001	6.86619E-05	288.804895
4.7	1.75E-11	288.829435	0.1	6.77503E-05	288.829435
4.6	1.66E-11	288.853958	0.1000001	6.68388E-05	288.853958
4.5	1.62E-11	288.878493	0.0999998	6.59291E-05	288.878493
4.4	1.51E-11	288.903056	0.0999999	6.50196E-05	288.903056
4.3	1.46E-11	288.927668	0.1	6.4112E-05	288.927668
4.2	1.39E-11	288.952186	0.0999998	6.32042E-05	288.952186
4.1	1.37E-11	288.976847	0.1000001	6.2297E-05	288.976847
4	1.26E-11	289.001373	0.0999997	6.13914E-05	289.001373
3.9	1.24E-11	289.025905	0.1000001	6.04862E-05	289.025905
3.8	1.15E-11	289.05043	0.1	5.95816E-05	289.05043
3.7	1.09E-11	289.074941	0.1	5.86776E-05	289.074941
3.6	1.05E-11	289.099463	0.0999998	5.77738E-05	289.099463
3.5	9.3E-12	289.124003	0.0999999	5.68711E-05	289.124003
3.4	9.2E-12	289.148529	0.0999999	5.59702E-05	289.148529
3.3	8.7E-12	289.173046	0.0999999	5.50685E-05	289.173046
3.2	8E-12	289.197568	0.1000001	5.41684E-05	289.197568
3.1	7.7E-12	289.22207	0.0999999	5.32693E-05	289.22207
3	6.7E-12	289.246604	0.1	5.23707E-05	289.246604
2.9	1.26E-11	289.306365	0.0999999	5.14784E-05	289.306365
2.8	6.9E-12	289.330954	0.0999999	5.05805E-05	289.330954
2.7	5.8E-12	289.355498	0.0999998	4.96835E-05	289.355498
2.6	4.6E-12	289.380061	0.1000001	4.8788E-05	289.380061
2.5	4E-12	289.404657	0.1000001	4.78934E-05	289.404657
2.4	2.4E-12	289.429233	0.0999999	4.69988E-05	289.429233
2.3	1.9E-12	289.453792	0.0999999	4.61058E-05	289.453792
2.2	1.2E-12	289.478303	0.0999999	4.52129E-05	289.478303
2.099999	3.3E-12	289.504713	0.1000001	4.4324E-05	289.504713
2	-7E-13	289.529261	0.1	4.34331E-05	289.529261
1.9	-2E-12	289.553764	0.0999997	4.25439E-05	289.553764
1.8	-3.1E-12	289.578511	0.0999999	4.16556E-05	289.578511
1.7	-4.3E-12	289.60303	0.0999999	4.0768E-05	289.60303
1.6	-5.8E-12	289.627548	0.0999998	3.988E-05	289.627548
1.5	-6.7E-12	289.6522	0.0999999	3.89949E-05	289.6522
1.4	-8E-12	289.676742	0.1000001	3.81107E-05	289.676742
1.3	-9.6E-12	289.701246	0.1	3.72273E-05	289.701246
1.2	-1.07E-11	289.725781	0.0999999	3.63456E-05	289.725781
1.1	-1.22E-11	289.7503	0.0999998	3.54655E-05	289.7503
1	-7.4E-12	289.808073	0.0999999	3.45903E-05	289.808073
0.9	-1.4E-11	289.832605	0.1000001	3.37119E-05	289.832605
0.8	-1.59E-11	289.857128	0.1	3.28375E-05	289.857128
0.7	-1.84E-11	289.881632	0.1000002	3.19648E-05	289.881632
0.6	-2.03E-11	289.906184	0.1000001	3.10951E-05	289.906184
0.5	-2.3E-11	289.930815	0.1000001	3.02276E-05	289.930815
0.4	-2.48E-11	289.955438	0.0999999	2.93644E-05	289.955438
0.3	-2.71E-11	289.980004	0.1	2.85038E-05	289.980004
0.2	-2.65E-11	290.006417	0.0999999	2.76482E-05	290.006417
0.0999995	-3.2E-11	290.030916	0.0999999	2.67975E-05	290.030916
-4E-07	-3.41E-11	290.055463	0.1	2.59508E-05	290.055463
#scan	iMeasureCycle=3	iMux=0	time=319.725	N=401	LocalTime=20/04/2023 10:43:03
#VGate(V)	IGate(A)	time(s)	VDrain(V)	IDrain(A)	time(s)
-2E-07	-1.28E-11	319.732694	0.1	2.61727E-05	319.732694
-0.1000003	-2.05E-11	319.757588	0.0999998	2.53209E-05	319.757588
-0.2000001	-2.19E-11	319.783349	0.0999999	2.4475E-05	319.783349
-0.3	-2.78E-11	319.808108	0.1	2.36318E-05	319.808108
-0.4	-3.09E-11	319.832616	0.1	2.27928E-05	319.832616
-0.5	-3.26E-11	319.857168	0.1	2.19566E-05	319.857168
-0.6	-3.53E-11	319.881678	0.1	2.1124E-05	319.881678
-0.7	-3.73E-11	319.906181	0.0999998	2.02943E-05	319.906181
-0.8	-3.88E-11	319.93073	0.0999999	1.94673E-05	319.93073
-0.9	-3.99E-11	319.955398	0.0999998	1.86448E-05	319.955398
-1	-4.17E-11	319.979943	0.1	1.78258E-05	319.979943
-1.1	-4.33E-11	320.004449	0.0999997	1.70111E-05	320.004449
-1.2	-4.37E-11	320.028968	0.0999998	1.62012E-05	320.028968
-1.3	-4.48E-11	320.053499	0.0999999	1.53959E-05	320.053499
-1.4	-4.55E-11	320.078132	0.0999999	1.45964E-05	320.078132
-1.5	-4.69E-11	320.102636	0.0999999	1.38041E-05	320.102636
-1.6	-4.71E-11	320.127179	0.1	1.30184E-05	320.127179
-1.7	-4.82E-11	320.151696	0.0999999	1.22408E-05	320.151696
-1.8	-4.86E-11	320.176253	0.0999996	1.14728E-05	320.176253
-1.9	-4.95E-11	320.200785	0.1	1.07145E-05	320.200785
-2	-4.96E-11	320.225331	0.0999998	9.9686E-06	320.225331
-2.1	-5.02E-11	320.249826	0.0999999	9.2359E-06	320.249826
-2.2	-4.38E-11	320.30118	0.0999997	8.52271E-06	320.30118
-2.3	-4.98E-11	320.325692	0.1	7.81936E-06	320.325692
-2.4	-5.11E-11	320.350234	0.1000001	7.13574E-06	320.350234
-2.5	-5.17E-11	320.37476	0.0999999	6.47361E-06	320.37476
-2.6	-5.2E-11	320.399355	0.1	5.83544E-06	320.399355
-2.7	-5.22E-11	320.423983	0.0999998	5.22248E-06	320.423983
-2.8	-5.31E-11	320.448524	0.1	4.63755E-06	320.448524
-2.9	-5.33E-11	320.473145	0.0999997	4.08295E-06	320.473145
-3	-5.36E-11	320.497695	0.1000001	3.55994E-06	320.497695
-3.1	-5.4E-11	320.522205	0.1000001	3.07121E-06	320.522205
-3.2	-5.45E-11	320.546753	0.1	2.61792E-06	320.546753
-3.3	-5.49E-11	320.571322	0.1	2.20156E-06	320.571322
-3.4	-5.56E-11	320.595831	0.0999998	1.82277E-06	320.595831
-3.5	-5.53E-11	320.620359	0.1	1.48217E-06	320.620359
-3.6	-5.59E-11	320.644899	0.1000001	1.18018E-06	320.644899
-3.7	-5.61E-11	320.669421	0.1	9.1686E-07	320.669421
-3.8	-5.3E-11	320.696736	0.0999998	6.92645E-07	320.696736
-3.9	-5.67E-11	320.721413	0.0999997	5.04046E-07	320.721413
-4	-5.76E-11	320.745966	0.0999997	3.52081E-07	320.745966
-4.1	-5.12E-11	320.797364	0.0999999	2.35815E-07	320.797364
-4.2	-5.61E-11	320.8219	0.0999997	1.47356E-07	320.8219
-4.3	-5.17E-11	320.85965	0.0999963	8.6848E-08	320.85965
-4.4	-6.96E-11	320.88346	0.1000082	4.66E-08	320.88346
-4.5	-7.22E-11	320.906669	0.1000056	2.2905E-08	320.906669
-4.6	-7.26E-11	320.929885	0.1000029	1.02317E-08	320.929885
-4.7	-7.36E-11	320.953098	0.1000016	4.1407E-09	320.953098
-4.8	-7.35E-11	320.976383	0.1000005	1.5254E-09	320.976383
-4.9	-7.22E-11	320.999684	0.1000003	4.994E-10	320.999684
-5	-7.53E-11	321.022877	0.1000004	1.428E-10	321.022877
-5.1	-7.47E-11	321.046092	0.1000004	3.54E-11	321.046092
-5.2	-7.35E-11	321.069446	0.1000002	4E-12	321.069446
-5.3	-7.33E-11	321.092747	0.1000002	-3.7E-12	321.092747
-5.4	-7.38E-11	321.116033	0.1000002	-5E-12	321.116033
-5.5	-7.59E-11	321.139262	0.1000002	-4.8E-12	321.139262
-5.6	-7.49E-11	321.162642	0.1000002	-5.4E-12	321.162642
-5.7	-7.57E-11	321.18586	0.1000001	-4.6E-12	321.18586
-5.8	-7.65E-11	321.209069	0.1000001	-4.7E-12	321.209069
-5.9	-7.73E-11	321.232281	0.1000001	-5E-12	321.232281
-6	-7.57E-11	321.255579	0.1000001	-4.7E-12	321.255579
-6.1	-5.65E-11	321.300383	0.1000001	-7.2E-12	321.300383
-6.2	-7.62E-11	321.323635	0.1000002	-5.1E-12	321.323635
-6.3	-7.53E-11	321.346927	0.1000001	-5.1E-12	321.346927
-6.4	-7.76E-11	321.370148	0.1000001	-5E-12	321.370148
-6.5	-7.79E-11	321.393397	0.1000002	-4.8E-12	321.393397
-6.6	-7.64E-11	321.416744	0.1000001	-5E-12	321.416744
-6.7	-7.65E-11	321.440037	0.1000002	-5E-12	321.440037
-6.8	-7.77E-11	321.463376	0.1000001	-5.1E-12	321.463376
-6.9	-7.73E-11	321.486667	0.1	-4.7E-12	321.486667
-7	-7.72E-11	321.509952	0.1000001	-5E-12	321.509952
-7.1	-7.87E-11	321.533164	0.1	-5.1E-12	321.533164
-7.2	-7.76E-11	321.55646	0.1000001	-4.8E-12	321.55646
-7.3	-7.79E-11	321.579753	0.1000001	-5E-12	321.579753
-7.4	-7.83E-11	321.603051	0.1000002	-4.7E-12	321.603051
-7.5	-7.98E-11	321.626523	0.1000002	-4.6E-12	321.626523
-7.6	-7.83E-11	321.649825	0.1	-5.2E-12	321.649825
-7.7	-7.83E-11	321.673131	0.1000001	-5E-12	321.673131
-7.8	-8.02E-11	321.696335	0.1000002	-5E-12	321.696335
-7.9	-8.05E-11	321.71955	0.1000002	-4.5E-12	321.71955
-8	-7.91E-11	321.742888	0.1000001	-4.7E-12	321.742888
-8.1	-5.99E-11	321.794995	0.0999999	-6.8E-12	321.794995
-8.2	-7.79E-11	321.818301	0.1000002	-4.8E-12	321.818301
-8.3	-7.79E-11	321.841587	0.1000002	-4.8E-12	321.841587
-8.4	-7.99E-11	321.864801	0.1000001	-4.6E-12	321.864801
-8.5	-7.86E-11	321.888144	0.1000002	-4.7E-12	321.888144
-8.6	-7.86E-11	321.911442	0.1000003	-5E-12	321.911442
-8.7	-7.93E-11	321.934725	0.1000001	-4.9E-12	321.934725
-8.8	-7.94E-11	321.958024	0.1000001	-5.1E-12	321.958024
-8.9	-8.13E-11	321.981309	0.1000002	-4.6E-12	321.981309
-9	-8.1E-11	322.004533	0.1	-4.5E-12	322.004533
-9.1	-8.14E-11	322.027748	0.1000002	-4.5E-12	322.027748
-9.2	-8E-11	322.051038	0.1000001	-4.5E-12	322.051038
-9.3	-8.02E-11	322.074364	0.1000001	-4.6E-12	322.074364
-9.4	-8.11E-11	322.097583	0.1000001	-4.5E-12	322.097583
-9.5	-8.22E-11	322.120798	0.1000001	-4.3E-12	322.120798
-9.6	-8.23E-11	322.144023	0.1000002	-4.6E-12	322.144023
-9.7	-8.05E-11	322.167318	0.1000001	-5E-12	322.167318
-9.8	-8.29E-11	322.190523	0.1	-4.5E-12	322.190523
-9.9	-8.24E-11	322.21374	0.1000001	-4.4E-12	322.21374
-10	-8.29E-11	322.236948	0.1000002	-4.3E-12	322.236948
-9.90001	-4.19E-11	322.260362	0.0999996	-7.7E-12	322.260362
-9.80001	-5.55E-11	322.30071	0.1	-6.1E-12	322.30071
-9.70001	-3.46E-11	322.323944	0.0999998	-8.2E-12	322.323944
-9.60001	-3.28E-11	322.347154	0.0999998	-8.3E-12	322.347154
-9.50001	-3.43E-11	322.370485	0.0999997	-7.8E-12	322.370485
-9.40001	-3.02E-11	322.393764	0.0999998	-8.3E-12	322.393764
-9.30001	-2.91E-11	322.41704	0.0999997	-8.3E-12	322.41704
-9.20001	-2.93E-11	322.440413	0.0999998	-7.8E-12	322.440413
-9.10001	-2.72E-11	322.463644	0.0999997	-8.1E-12	322.463644
-9.00001	-2.62E-11	322.486867	0.0999997	-8.3E-12	322.486867
-8.90001	-2.51E-11	322.510081	0.0999998	-8.6E-12	322.510081
-8.80001	-2.47E-11	322.533291	0.0999998	-8.4E-12	322.533291
-8.70001	-2.54E-11	322.556582	0.0999997	-8.1E-12	322.556582
-8.60001	-2.59E-11	322.579878	0.0999998	-8.3E-12	322.579878
-8.50001	-2.3E-11	322.603089	0.0999998	-8.6E-12	322.603089
-8.40001	-2.24E-11	322.626302	0.0999999	-8.4E-12	322.626302
-8.30001	-2.34E-11	322.649612	0.1	-8.1E-12	322.649612
-8.20001	-2.35E-11	322.672908	0.0999999	-8.6E-12	322.672908
-8.10001	-2.08E-11	322.696123	0.0999997	-8.8E-12	322.696123
-8	-2.06E-11	322.719329	0.0999997	-8.6E-12	322.719329
-7.90001	-2.18E-11	322.74268	0.0999997	-8.5E-12	322.74268
-7.80001	-4.02E-11	322.802489	0.0999998	-7.1E-12	322.802489
-7.70001	-2.26E-11	322.825804	0.0999997	-8.4E-12	322.825804
-7.6	-2.26E-11	322.849095	0.0999998	-8.4E-12	322.849095
-7.50001	-1.93E-11	322.872307	0.0999997	-8.3E-12	322.872307
-7.40001	-1.88E-11	322.895577	0.0999996	-8.5E-12	322.895577
-7.30001	-1.97E-11	322.918868	0.0999998	-8.1E-12	322.918868
-7.2	-1.81E-11	322.9423	0.0999996	-8.5E-12	322.9423
-7.10001	-2.03E-11	322.965649	0.0999997	-8.6E-12	322.965649
-7.00001	-1.86E-11	322.988954	0.0999998	-8.8E-12	322.988954
-6.90001	-1.64E-11	323.012173	0.0999997	-8.9E-12	323.012173
-6.80001	-1.64E-11	323.035387	0.0999999	-9.2E-12	323.035387
-6.70001	-1.58E-11	323.058594	0.0999996	-9E-12	323.058594
-6.60001	-1.72E-11	323.081946	0.0999996	-8.5E-12	323.081946
-6.50001	-1.66E-11	323.105238	0.0999997	-8.6E-12	323.105238
-6.40001	-1.88E-11	323.128654	0.0999997	-8.2E-12	323.128654
-6.30001	-1.57E-11	323.151953	0.0999998	-8.8E-12	323.151953
-6.20001	-1.58E-11	323.175252	0.0999999	-8.5E-12	323.175252
-6.10001	-1.38E-11	323.198468	0.0999998	-9E-12	323.198468
-6.00001	-1.29E-11	323.221685	0.0999998	-9.1E-12	323.221685
-5.90001	-1.29E-11	323.244914	0.0999996	-9E-12	323.244914
-5.80001	-3.42E-11	323.303919	0.0999999	-7.3E-12	323.303919
-5.70001	-1.55E-11	323.32722	0.0999997	-9E-12	323.32722
-5.60001	-1.3E-11	323.35043	0.0999998	-9.2E-12	323.35043
-5.50001	-1.2E-11	323.373664	0.0999997	-9.1E-12	323.373664
-5.40001	-1.2E-11	323.396942	0.0999998	-8.8E-12	323.396942
-5.30001	-1.25E-11	323.420281	0.0999997	-5.8E-12	323.420281
-5.20001	-1.07E-11	323.443495	0.0999997	8.6E-12	323.443495
-5.1	-1.06E-11	323.466761	0.0999997	6.47E-11	323.466761
-5.00001	-9E-12	323.489975	0.0999998	2.517E-10	323.489975
-4.90001	-1.06E-11	323.513262	0.0999998	8.096E-10	323.513262
-4.80001	-9.6E-12	323.536547	0.1	2.3069E-09	323.536547
-4.7	-9.5E-12	323.559829	0.1000001	5.9592E-09	323.559829
-4.60001	-9.1E-12	323.583108	0.1000005	1.39819E-08	323.583108
-4.50001	-9.6E-12	323.606445	0.1000005	2.98566E-08	323.606445
-4.40001	-1.17E-11	323.629874	0.1000013	5.79424E-08	323.629874
-4.30001	-2.79E-11	323.677976	0.1000001	1.01476E-07	323.677976
-4.20001	-2.23E-11	323.702483	0.1000004	1.70545E-07	323.702483
-4.10001	-2.12E-11	323.726982	0.1000004	2.66246E-07	323.726982
-4.00001	-2.14E-11	323.751541	0.1000005	3.92647E-07	323.751541
-3.90001	-2.68E-11	323.809307	0.1000001	5.48958E-07	323.809307
-3.80001	-2.11E-11	323.833824	0.1000005	7.47234E-07	323.833824
-3.70001	-2.03E-11	323.858324	0.1000005	9.81387E-07	323.858324
-3.60001	-2.5E-11	323.895275	0.1	1.24889E-06	323.895275
-3.50001	-1.93E-11	323.919776	0.1000003	1.5603E-06	323.919776
-3.40001	-1.9E-11	323.944312	0.1	1.90818E-06	323.944312
-3.30001	-1.8E-11	323.968886	0.1000001	2.29425E-06	323.968886
-3.20001	-1.7E-11	323.993498	0.1	2.71701E-06	323.993498
-3.10001	-1.64E-11	324.018027	0.1	3.17555E-06	324.018027
-3.00001	-1.55E-11	324.04253	0.1	3.66995E-06	324.04253
-2.90001	-1.51E-11	324.067055	0.1000001	4.19731E-06	324.067055
-2.80001	-1.41E-11	324.091626	0.1	4.75608E-06	324.091626
-2.70001	-1.36E-11	324.11616	0.1000001	5.34427E-06	324.11616
-2.60001	-1.3E-11	324.140699	0.1000001	5.95945E-06	324.140699
-2.50001	-1.24E-11	324.165242	0.1	6.60006E-06	324.165242
-2.40001	-1.18E-11	324.189781	0.0999999	7.26298E-06	324.189781
-2.30001	-1.12E-11	324.214373	0.1000001	7.94647E-06	324.214373
-2.20001	-1.04E-11	324.238882	0.1000001	8.64897E-06	324.238882
-2.1	-1.3E-11	324.265309	0.1	9.36996E-06	324.265309
-2.000001	-1.49E-11	324.308354	0.0999999	1.009782E-05	324.308354
-1.900001	-1.38E-11	324.343002	0.1	1.0839E-05	324.343002
-1.800001	-8.4E-12	324.367532	0.1000001	1.15981E-05	324.367532
-1.7	-9.5E-12	324.393125	0.1	1.23667E-05	324.393125
-1.6	-6.3E-12	324.417709	0.1	1.31435E-05	324.417709
-1.5	-5E-12	324.442313	0.1000001	1.39278E-05	324.442313
-1.400001	-4E-12	324.46683	0.1000001	1.47201E-05	324.46683
-1.3	-2.8E-12	324.491468	0.1000001	1.5518E-05	324.491468
-1.200001	-1.3E-12	324.515997	0.0999999	1.63211E-05	324.515997
-1.100001	-4E-13	324.540527	0.1000002	1.71294E-05	324.540527
-1	8E-13	324.565037	0.1	1.79425E-05	324.565037
-0.9	2E-12	324.589566	0.1000001	1.87605E-05	324.589566
-0.8	3.1E-12	324.614119	0.1	1.9582E-05	324.614119
-0.700001	4.6E-12	324.638669	0.1000001	2.04062E-05	324.638669
-0.6	6.3E-12	324.663183	0.1	2.12344E-05	324.663183
-0.500001	7.8E-12	324.687785	0.0999999	2.20656E-05	324.687785
-0.400001	8.9E-12	324.712318	0.1000001	2.28988E-05	324.712318
-0.3	1E-11	324.736885	0.1	2.37354E-05	324.736885
-0.2	8.8E-12	324.763336	0.0999999	2.45755E-05	324.763336
-0.1000001	7.6E-12	324.809702	0.0999999	2.54159E-05	324.809702
4E-07	1.43E-11	324.834212	0.1	2.62657E-05	324.834212
0.1000004	1.64E-11	324.858695	0.1	2.71194E-05	324.858695
0.2000004	1.84E-11	324.883217	0.1000001	2.79772E-05	324.883217
0.299999	2.03E-11	324.907992	0.0999999	2.88387E-05	324.907992
0.4	2.24E-11	324.932494	0.1000001	2.9704E-05	324.932494
0.5	2.44E-11	324.95701	0.1	3.05735E-05	324.95701
0.6	2.65E-11	324.981583	0.1	3.14461E-05	324.981583
0.7	2.8E-11	325.006112	0.1	3.23207E-05	325.006112
0.799999	2.99E-11	325.030643	0.0999999	3.31977E-05	325.030643
0.899999	3.19E-11	325.055192	0.1000001	3.4077E-05	325.055192
0.999999	3.38E-11	325.079758	0.1	3.49582E-05	325.079758
1.1	3.51E-11	325.10429	0.0999999	3.58409E-05	325.10429
1.199999	3.69E-11	325.128793	0.1000002	3.67249E-05	325.128793
1.3	3.79E-11	325.153344	0.1	3.76097E-05	325.153344
1.399999	3.94E-11	325.177847	0.1000002	3.84964E-05	325.177847
1.5	4.09E-11	325.202376	0.0999999	3.93837E-05	325.202376
1.599999	4.15E-11	325.226916	0.1000001	4.02711E-05	325.226916
1.699999	4.28E-11	325.251425	0.1000002	4.11603E-05	325.251425
1.799999	3.66E-11	325.311247	0.1	4.20444E-05	325.311247
1.9	4.21E-11	325.335753	0.1000001	4.2938E-05	325.335753
1.999999	4.36E-11	325.360279	0.1	4.38293E-05	325.360279
2.1	4.49E-11	325.384773	0.1	4.47224E-05	325.384773
2.19999	4.5E-11	325.40967	0.0999999	4.56116E-05	325.40967
2.29999	4.58E-11	325.434217	0.0999998	4.65049E-05	325.434217
2.39999	4.72E-11	325.458724	0.1000002	4.7399E-05	325.458724
2.49999	4.75E-11	325.483332	0.0999999	4.82929E-05	325.483332
2.59999	4.83E-11	325.507851	0.0999999	4.91869E-05	325.507851
2.69999	4.83E-11	325.532388	0.1	5.00819E-05	325.532388
2.79999	4.91E-11	325.55692	0.1000003	5.09763E-05	325.55692
2.89999	4.94E-11	325.581425	0.0999999	5.18717E-05	325.581425
2.99999	4.97E-11	325.605937	0.0999999	5.2768E-05	325.605937
3.09999	5.03E-11	325.630453	0.1000001	5.36644E-05	325.630453
3.19999	5.06E-11	325.654987	0.0999999	5.45608E-05	325.654987
3.29999	5.13E-11	325.679501	0.1000001	5.54571E-05	325.679501
3.39999	5.12E-11	325.704009	0.1	5.63537E-05	325.704009
3.49999	5.18E-11	325.728535	0.1	5.72511E-05	325.728535
3.59999	5.21E-11	325.75309	0.1	5.81474E-05	325.75309
3.69999	4.5E-11	325.812888	0.1000002	5.90365E-05	325.812888
3.79999	5.01E-11	325.837435	0.1000002	5.9938E-05	325.837435
3.89999	5.09E-11	325.861963	0.0999999	6.08385E-05	325.861963
3.99999	5.22E-11	325.886471	0.1	6.1739E-05	325.886471
4.09999	5.21E-11	325.911109	0.0999999	6.26401E-05	325.911109
4.19999	5.27E-11	325.935624	0.1	6.35413E-05	325.935624
4.29999	5.3E-11	325.960149	0.1	6.44425E-05	325.960149
4.39999	5.36E-11	325.984746	0.1000001	6.53446E-05	325.984746
4.49999	5.32E-11	326.009261	0.1000002	6.62457E-05	326.009261
4.59999	5.39E-11	326.033781	0.1000001	6.71477E-05	326.033781
4.69999	5.43E-11	326.058293	0.1000001	6.80507E-05	326.058293
4.79999	5.43E-11	326.082862	0.0999999	6.89565E-05	326.082862
4.89999	5.46E-11	326.107411	0.1	6.98593E-05	326.107411
4.99999	5.53E-11	326.131931	0.1000001	7.07637E-05	326.131931
5.09999	5.52E-11	326.156483	0.1	7.16702E-05	326.156483
5.19999	5.55E-11	326.181043	0.1000003	7.25769E-05	326.181043
5.29999	5.56E-11	326.205556	0.1000002	7.34829E-05	326.205556
5.39999	5.58E-11	326.230092	0.1	7.43908E-05	326.230092
5.49999	5.53E-11	326.25463	0.1000001	7.53001E-05	326.25463
5.59999	4.91E-11	326.314501	0.0999998	7.61987E-05	326.314501
5.69999	5.38E-11	326.339015	0.1	7.71127E-05	326.339015
5.79999	5.42E-11	326.363565	0.1	7.8025E-05	326.363565
5.89999	5.5E-11	326.388092	0.1000003	7.89369E-05	326.388092
5.99999	5.51E-11	326.412657	0.1000001	7.98498E-05	326.412657
6.09999	5.54E-11	326.437287	0.1000002	8.07639E-05	326.437287
6.19999	5.58E-11	326.461833	0.1	8.16769E-05	326.461833
6.29999	5.6E-11	326.486453	0.1000001	8.25913E-05	326.486453
6.39999	5.62E-11	326.510954	0.0999999	8.35071E-05	326.510954
6.49999	5.64E-11	326.535482	0.1	8.44232E-05	326.535482
6.59999	5.7E-11	326.559993	0.1000001	8.53392E-05	326.559993
6.69999	5.72E-11	326.584514	0.1000001	8.62566E-05	326.584514
6.79999	5.73E-11	326.609019	0.1000001	8.71752E-05	326.609019
6.89999	5.72E-11	326.633548	0.1	8.80956E-05	326.633548
6.99999	5.77E-11	326.658072	0.0999999	8.90149E-05	326.658072
7.09999	5.79E-11	326.68259	0.1000001	8.99354E-05	326.68259
7.19999	5.82E-11	326.707059	0.0999999	9.08564E-05	326.707059
7.29999	5.83E-11	326.731593	0.1000002	9.17785E-05	326.731593
7.39999	5.86E-11	326.756184	0.1000001	9.27011E-05	326.756184
7.49999	5.22E-11	326.811646	0.0999998	9.36171E-05	326.811646
7.59999	5.68E-11	326.836213	0.1	9.45448E-05	326.836213
7.69999	5.7E-11	326.860778	0.1000001	9.54724E-05	326.860778
7.79999	5.75E-11	326.885321	0.1000003	9.63978E-05	326.885321
7.89999	5.74E-11	326.909935	0.0999999	9.73264E-05	326.909935
7.99999	5.76E-11	326.93448	0.0999999	9.82555E-05	326.93448
8.09999	5.85E-11	326.959044	0.1	9.91836E-05	326.959044
8.19999	5.92E-11	326.983648	0.1	0.0001001144	326.983648
8.29999	5.87E-11	327.008164	0.1000001	0.0001010443	327.008164
8.39999	5.94E-11	327.032682	0.1000001	0.0001019773	327.032682
8.49999	5.9E-11	327.057242	0.0999999	0.0001029087	327.057242
8.59999	5.89E-11	327.081756	0.0999998	0.0001038404	327.081756
8.69999	5.95E-11	327.106277	0.0999998	0.0001047734	327.106277
8.79999	5.57E-11	327.135867	0.1	0.000105668	327.135867
8.89999	5.9E-11	327.160445	0.1	0.000106606	327.160445
8.99999	5.95E-11	327.184997	0.1	0.000107541	327.184997
9.09999	5.97E-11	327.209508	0.1	0.000108478	327.209508
9.19999	5.97E-11	327.234047	0.0999999	0.000109416	327.234047
9.29999	6.03E-11	327.25855	0.1	0.000110351	327.25855
9.39999	5.34E-11	327.320273	0.0999999	0.00011129	327.320273
9.49999	5.85E-11	327.344796	0.1	0.000112235	327.344796
9.59999	5.9E-11	327.369328	0.0999999	0.000113178	327.369328
9.69999	5.92E-11	327.393843	0.1	0.000114125	327.393843
9.79999	5.94E-11	327.418464	0.1	0.00011507	327.418464
9.89999	6.06E-11	327.442986	0.1	0.000116015	327.442986
9.99999	6E-11	327.467513	0.1000001	0.000116959	327.467513
9.9	4.74E-11	327.492116	0.0999999	0.000116	327.492116
9.8	4.41E-11	327.516644	0.0999999	0.000115047	327.516644
9.7	4.19E-11	327.541186	0.1	0.000114096	327.541186
9.6	3.99E-11	327.565711	0.1	0.000113145	327.565711
9.5	3.84E-11	327.590212	0.1	0.000112199	327.590212
9.4	3.69E-11	327.614774	0.0999999	0.00011125	327.614774
9.3	3.62E-11	327.639337	0.0999999	0.000110304	327.639337
9.2	3.51E-11	327.663872	0.1000001	0.000109359	327.663872
9.1	3.48E-11	327.688377	0.1000001	0.000108414	327.688377
9	3.34E-11	327.712885	0.1	0.000107472	327.712885
8.9	3.25E-11	327.737399	0.0999998	0.000106536	327.737399
8.8	3.25E-11	327.762014	0.1	0.000105591	327.762014
8.7	3.72E-11	327.814819	0.1000001	0.00010465	327.814819
8.6	3.25E-11	327.839364	0.1000001	0.000103707	327.839364
8.5	3.2E-11	327.863885	0.1000001	0.000102765	327.863885
8.4	3.1E-11	327.888403	0.0999999	0.000101826	327.888403
8.3	3.03E-11	327.912994	0.1	0.000100888	327.912994
8.2	2.98E-11	327.937539	0.1	9.9952E-05	327.937539
8.1	2.93E-11	327.962111	0.1000001	9.9015E-05	327.962111
8	2.88E-11	327.986723	0.1000002	9.808E-05	327.986723
7.9	2.84E-11	328.011234	0.1000002	9.7147E-05	328.011234
7.8	2.76E-11	328.035752	0.1	9.6213E-05	328.035752
7.7	2.72E-11	328.060263	0.0999999	9.528E-05	328.060263
7.6	2.68E-11	328.08482	0.0999999	9.4347E-05	328.08482
7.5	2.67E-11	328.109359	0.1	9.3416E-05	328.109359
7.4	2.63E-11	328.133899	0.0999999	9.2486E-05	328.133899
7.3	2.57E-11	328.158484	0.0999999	9.1556E-05	328.158484
7.2	2.57E-11	328.183053	0.1000001	9.0628E-05	328.183053
7.1	2.49E-11	328.207562	0.0999999	8.9697E-05	328.207562
7	2.78E-11	328.235468	0.0999999	8.88081E-05	328.235468
6.9	2.45E-11	328.260003	0.0999999	8.7882E-05	328.260003
6.8	3.09E-11	328.323562	0.1000001	8.6963E-05	328.323562
6.7	2.56E-11	328.348105	0.1000002	8.60352E-05	328.348105
6.6	2.45E-11	328.372614	0.1000001	8.51099E-05	328.372614
6.5	2.4E-11	328.397123	0.0999998	8.41872E-05	328.397123
6.4	2.28E-11	328.421694	0.1	8.32623E-05	328.421694
6.3	2.28E-11	328.446271	0.1000001	8.23403E-05	328.446271
6.2	2.25E-11	328.470822	0.0999999	8.14186E-05	328.470822
6.1	2.17E-11	328.495434	0.1	8.04983E-05	328.495434
6	2.16E-11	328.519927	0.1	7.95775E-05	328.519927
5.9	2.16E-11	328.544463	0.0999997	7.8657E-05	328.544463
5.8	2.04E-11	328.568962	0.1000001	7.77386E-05	328.568962
5.7	2.07E-11	328.59349	0.0999998	7.68214E-05	328.59349
5.6	2E-11	328.617994	0.0999999	7.59026E-05	328.617994
5.5	1.93E-11	328.642564	0.0999998	7.49866E-05	328.642564
5.4	1.93E-11	328.667102	0.0999998	7.40702E-05	328.667102
5.3	1.94E-11	328.691647	0.1	7.31554E-05	328.691647
5.2	1.86E-11	328.716177	0.0999998	7.22401E-05	328.716177
5.1	1.78E-11	328.740708	0.1	7.13266E-05	328.740708
5	1.76E-11	328.765305	0.0999998	7.0413E-05	328.765305
4.9	2.31E-11	328.822365	0.0999998	6.95053E-05	328.822365
4.8	1.8E-11	328.846981	0.1	6.85924E-05	328.846981
4.7	1.7E-11	328.871489	0.1	6.76817E-05	328.871489
4.6	1.67E-11	328.896014	0.0999998	6.6772E-05	328.896014
4.5	1.58E-11	328.920564	0.0999998	6.58613E-05	328.920564
4.4	1.53E-11	328.945103	0.1000001	6.49512E-05	328.945103
4.3	1.47E-11	328.969653	0.0999998	6.40442E-05	328.969653
4.2	1.37E-11	328.994264	0.0999999	6.31363E-05	328.994264
4.1	1.34E-11	329.01878	0.0999998	6.22295E-05	329.01878
4	1.27E-11	329.04331	0.0999999	6.13226E-05	329.04331
3.9	1.24E-11	329.067901	0.0999999	6.04171E-05	329.067901
3.8	1.13E-11	329.092408	0.1	5.95125E-05	329.092408
3.7	1.13E-11	329.116962	0.1000001	5.86086E-05	329.116962
3.6	1E-11	329.14146	0.0999999	5.77057E-05	329.14146
3.5	1.02E-11	329.16604	0.1	5.6804E-05	329.16604
3.4	9.8E-12	329.19059	0.1000002	5.5902E-05	329.19059
3.3	8.7E-12	329.215155	0.0999999	5.50009E-05	329.215155
3.2	8.1E-12	329.23966	0.0999999	5.41009E-05	329.23966
3.1	7.4E-12	329.264191	0.0999998	5.3202E-05	329.264191
3	1.24E-11	329.319329	0.1000001	5.23076E-05	329.319329
2.9	7.2E-12	329.343849	0.1	5.14084E-05	329.343849
2.8	6.4E-12	329.36841	0.0999996	5.05108E-05	329.36841
2.7	5.1E-12	329.392949	0.1	4.96147E-05	329.392949
2.6	4.4E-12	329.417511	0.0999998	4.87183E-05	329.417511
2.5	3.5E-12	329.442074	0.0999998	4.78228E-05	329.442074
2.4	2.7E-12	329.466613	0.1	4.69293E-05	329.466613
2.3	1.6E-12	329.491225	0.0999997	4.60364E-05	329.491225
2.2	5E-13	329.515728	0.0999999	4.51441E-05	329.515728
2.099999	3.4E-12	329.542218	0.1000001	4.42564E-05	329.542218
2	-1.2E-12	329.566731	0.1	4.33654E-05	329.566731
1.9	-2E-12	329.591236	0.0999998	4.24765E-05	329.591236
1.8	-2.9E-12	329.615776	0.0999999	4.15881E-05	329.615776
1.7	-4.3E-12	329.640329	0.1	4.07006E-05	329.640329
1.6	-5.5E-12	329.664869	0.1000001	3.98143E-05	329.664869
1.5	-6.4E-12	329.689388	0.1	3.89283E-05	329.689388
1.4	-7.9E-12	329.713898	0.0999999	3.80438E-05	329.713898
1.3	-9.2E-12	329.738501	0.1	3.71612E-05	329.738501
1.2	-1.05E-11	329.763102	0.0999999	3.62792E-05	329.763102
1.100001	-5.1E-12	329.825555	0.0999999	3.5404E-05	329.825555
1	-1.19E-11	329.850079	0.0999998	3.45241E-05	329.850079
0.9	-1.39E-11	329.874615	0.1	3.36471E-05	329.874615
0.8	-1.62E-11	329.899123	0.1000001	3.27727E-05	329.899123
0.7	-1.87E-11	329.923699	0.0999999	3.18995E-05	329.923699
0.6	-2.09E-11	329.948216	0.1000001	3.10293E-05	329.948216
0.5	-2.28E-11	329.972737	0.1	3.01627E-05	329.972737
0.4	-2.49E-11	329.997339	0.0999999	2.92992E-05	329.997339
0.3	-2.7E-11	330.021872	0.0999999	2.84393E-05	330.021872
0.1999998	-2.59E-11	330.048279	0.1	2.75847E-05	330.048279
0.0999995	-3.17E-11	330.072803	0.0999999	2.67329E-05	330.072803
-5E-07	-3.39E-11	330.097346	0.1000001	2.58864E-05	330.097346
