#scan	iMeasureCycle=1	iMux=0	time=0.022	N=401	LocalTime=19/04/2023 13:13:36
#VGate(V)	IGate(A)	time(s)	VDrain(V)	IDrain(A)	time(s)
-3E-07	-1.621E-10	0.024931	0.0999997	2.92556E-07	0.024931
-0.1000004	-2.202E-10	0.049841	0.0999996	1.48903E-07	0.049841
-0.2000006	-2.358E-10	0.087482	0.0999949	6.62455E-08	0.087482
-0.300001	-1.459E-10	0.110892	0.1000057	2.39577E-08	0.110892
-0.400001	-1.097E-10	0.134123	0.1000018	7.3199E-09	0.134123
-0.500001	-9.19E-11	0.157401	0.1000006	1.931E-09	0.157401
-0.600001	-8.53E-11	0.180592	0.1000005	4.364E-10	0.180592
-0.700001	-7.96E-11	0.2038	0.1000002	7.81E-11	0.2038
-0.800001	-7.46E-11	0.227171	0.1000002	4.3E-12	0.227171
-0.900001	-7.34E-11	0.250408	0.1000001	-6.5E-12	0.250408
-1.000001	-7.21E-11	0.273631	0.1000004	-7.4E-12	0.273631
-1.100001	-7.11E-11	0.296847	0.1000002	-6.8E-12	0.296847
-1.200001	-6.88E-11	0.320128	0.1000003	-6.7E-12	0.320128
-1.300001	-6.83E-11	0.343467	0.1000002	-6.3E-12	0.343467
-1.400001	-6.98E-11	0.366665	0.1000003	-6.1E-12	0.366665
-1.500001	-6.94E-11	0.389875	0.1000002	-5.9E-12	0.389875
-1.600001	-6.74E-11	0.413165	0.1	-5.4E-12	0.413165
-1.700001	-6.76E-11	0.436457	0.1000003	-5.7E-12	0.436457
-1.800001	-6.96E-11	0.45966	0.1000001	-5.4E-12	0.45966
-1.900001	-6.95E-11	0.48287	0.1000003	-5.2E-12	0.48287
-2.000001	-6.98E-11	0.50608	0.1000003	-4.9E-12	0.50608
-2.100001	-6.86E-11	0.529368	0.1000001	-5.2E-12	0.529368
-2.2	-4.72E-11	0.592969	0.1	-6.7E-12	0.592969
-2.3	-6.74E-11	0.616202	0.1000003	-5E-12	0.616202
-2.4	-6.86E-11	0.639435	0.1000004	-5.2E-12	0.639435
-2.5	-6.91E-11	0.66267	0.1000003	-5.5E-12	0.66267
-2.6	-6.92E-11	0.685941	0.1000003	-5.6E-12	0.685941
-2.7	-6.99E-11	0.709159	0.1000003	-5E-12	0.709159
-2.8	-6.83E-11	0.732546	0.1000001	-4.9E-12	0.732546
-2.9	-6.84E-11	0.755939	0.1000004	-5.1E-12	0.755939
-3	-6.89E-11	0.779234	0.1000005	-5.2E-12	0.779234
-3.1	-6.97E-11	0.802512	0.1000002	-4.9E-12	0.802512
-3.2	-7.02E-11	0.82578	0.1	-4.7E-12	0.82578
-3.3	-7.19E-11	0.848983	0.1000001	-4.7E-12	0.848983
-3.4	-7.23E-11	0.872191	0.1000004	-4.6E-12	0.872191
-3.5	-7.12E-11	0.895483	0.1000004	-4.8E-12	0.895483
-3.6	-7.2E-11	0.918765	0.1000003	-4.8E-12	0.918765
-3.7	-7.36E-11	0.941987	0.1000003	-5.1E-12	0.941987
-3.8	-7.4E-11	0.965202	0.1000001	-4.6E-12	0.965202
-3.9	-7.41E-11	0.988414	0.1000002	-4.6E-12	0.988414
-4	-7.29E-11	1.011753	0.1000004	-4.7E-12	1.011753
-4.1	-7.47E-11	1.03497	0.1000002	-4.8E-12	1.03497
-4.2	-5.37E-11	1.088807	0.1000001	-6.5E-12	1.088807
-4.3	-7.17E-11	1.112117	0.1000001	-4.4E-12	1.112117
-4.4	-7.39E-11	1.135563	0.1000003	-4.3E-12	1.135563
-4.5	-7.33E-11	1.158855	0.1000001	-4.6E-12	1.158855
-4.6	-7.32E-11	1.182207	0.1000003	-4.6E-12	1.182207
-4.7	-7.51E-11	1.20543	0.1000002	-4.3E-12	1.20543
-4.8	-7.56E-11	1.228634	0.1000003	-4.1E-12	1.228634
-4.9	-7.6E-11	1.251957	0.1000002	-4.3E-12	1.251957
-5	-7.46E-11	1.275271	0.1000002	-4.3E-12	1.275271
-5.1	-7.68E-11	1.298477	0.1000003	-4.3E-12	1.298477
-5.2	-7.72E-11	1.32169	0.1000004	-4.3E-12	1.32169
-5.3	-7.55E-11	1.345023	0.1000003	-4.4E-12	1.345023
-5.4	-7.8E-11	1.368249	0.1000002	-4.3E-12	1.368249
-5.5	-7.81E-11	1.391465	0.1000002	-4.3E-12	1.391465
-5.6	-7.84E-11	1.414683	0.1000004	-4.1E-12	1.414683
-5.7	-7.56E-11	1.438016	0.1000003	-4.4E-12	1.438016
-5.8	-7.72E-11	1.461311	0.1000003	-4.2E-12	1.461311
-5.9	-7.86E-11	1.484513	0.1	-4.1E-12	1.484513
-6	-7.89E-11	1.507726	0.1000002	-4.2E-12	1.507726
-6.1	-7.95E-11	1.530937	0.1000004	-4.1E-12	1.530937
-6.2	-5.79E-11	1.590397	0.0999999	-5.8E-12	1.590397
-6.3	-7.74E-11	1.613637	0.1000002	-4.1E-12	1.613637
-6.4	-7.88E-11	1.636885	0.1000004	-4.3E-12	1.636885
-6.5	-7.69E-11	1.660186	0.1000003	-4.2E-12	1.660186
-6.6	-7.73E-11	1.683541	0.1	-4.1E-12	1.683541
-6.7	-7.97E-11	1.70675	0.1000003	-4.1E-12	1.70675
-6.8	-7.97E-11	1.730043	0.1000002	-3.8E-12	1.730043
-6.9	-7.99E-11	1.753287	0.1000001	-3.6E-12	1.753287
-7	-7.94E-11	1.776603	0.1000003	-3.7E-12	1.776603
-7.1	-8.11E-11	1.799812	0.1000002	-3.6E-12	1.799812
-7.2	-7.96E-11	1.823101	0.1000003	-3.9E-12	1.823101
-7.3	-7.97E-11	1.846398	0.1000004	-4.2E-12	1.846398
-7.4	-8.1E-11	1.869606	0.1000003	-3.8E-12	1.869606
-7.5	-8.2E-11	1.892819	0.1000002	-3.6E-12	1.892819
-7.6	-8.16E-11	1.916032	0.1000001	-3.6E-12	1.916032
-7.7	-8E-11	1.939321	0.1000001	-3.8E-12	1.939321
-7.8	-8.02E-11	1.962625	0.1000002	-4E-12	1.962625
-7.9	-8.2E-11	1.985844	0.1000004	-4E-12	1.985844
-8	-8.2E-11	2.009116	0.1000003	-4E-12	2.009116
-8.1	-8.11E-11	2.032414	0.1000003	-3.6E-12	2.032414
-8.2	-6.18E-11	2.091729	0.1	-5.4E-12	2.091729
-8.3	-8.13E-11	2.114972	0.1000002	-3.9E-12	2.114972
-8.4	-8.18E-11	2.138216	0.1000003	-3.7E-12	2.138216
-8.5	-8.07E-11	2.161607	0.1	-3.7E-12	2.161607
-8.6	-8.28E-11	2.18488	0.1000002	-3.8E-12	2.18488
-8.7	-8.34E-11	2.208095	0.1000003	-3.6E-12	2.208095
-8.8	-8.28E-11	2.231311	0.1000003	-3.9E-12	2.231311
-8.9	-8.24E-11	2.254571	0.1000001	-3.7E-12	2.254571
-9	-8.17E-11	2.277891	0.1000001	-3.5E-12	2.277891
-9.1	-8.38E-11	2.301105	0.1000002	-3.2E-12	2.301105
-9.2	-8.36E-11	2.324307	0.1000002	-2.9E-12	2.324307
-9.3	-8.23E-11	2.347649	0.1000003	-3.4E-12	2.347649
-9.4	-8.25E-11	2.370943	0.1	-3.5E-12	2.370943
-9.5	-8.46E-11	2.394154	0.1000003	-3.4E-12	2.394154
-9.6	-8.31E-11	2.417451	0.1000003	-3.7E-12	2.417451
-9.7	-8.29E-11	2.440739	0.1000004	-3.6E-12	2.440739
-9.8	-8.47E-11	2.463966	0.1000003	-3.7E-12	2.463966
-9.9	-8.51E-11	2.487177	0.1000003	-3.5E-12	2.487177
-10	-8.33E-11	2.51047	0.1000003	-3.2E-12	2.51047
-9.90001	-4.43E-11	2.533745	0.0999997	-6.6E-12	2.533745
-9.80001	-5.71E-11	2.593016	0.0999998	-4.8E-12	2.593016
-9.70001	-3.63E-11	2.616252	0.1	-6.6E-12	2.616252
-9.60001	-3.47E-11	2.63955	0.0999998	-6.7E-12	2.63955
-9.50001	-3.46E-11	2.662832	0.1000001	-6.2E-12	2.662832
-9.40001	-3.42E-11	2.686192	0.0999999	-6.9E-12	2.686192
-9.30001	-3.02E-11	2.709395	0.0999999	-6.8E-12	2.709395
-9.20001	-3.02E-11	2.73262	0.0999998	-7E-12	2.73262
-9.10001	-2.99E-11	2.755905	0.1	-6.9E-12	2.755905
-9.00001	-2.98E-11	2.779213	0.0999999	-6.6E-12	2.779213
-8.90001	-2.68E-11	2.802424	0.0999999	-7.1E-12	2.802424
-8.80001	-2.65E-11	2.825642	0.1	-7.5E-12	2.825642
-8.70001	-2.76E-11	2.848927	0.0999998	-7.6E-12	2.848927
-8.60001	-2.75E-11	2.872227	0.0999999	-7.1E-12	2.872227
-8.50001	-2.49E-11	2.895427	0.1	-7.1E-12	2.895427
-8.40001	-2.47E-11	2.918641	0.0999997	-7.4E-12	2.918641
-8.30001	-2.59E-11	2.941925	0.0999995	-7E-12	2.941925
-8.20001	-2.63E-11	2.96522	0.0999998	-6.6E-12	2.96522
-8.10001	-2.34E-11	2.988442	0.1	-7.2E-12	2.988442
-8.00001	-2.27E-11	3.011708	0.0999999	-7.1E-12	3.011708
-7.90001	-2.41E-11	3.034996	0.0999999	-6.9E-12	3.034996
-7.80001	-4.27E-11	3.094622	0.1	-5.7E-12	3.094622
-7.70001	-2.31E-11	3.117847	0.0999999	-7.7E-12	3.117847
-7.6	-2.38E-11	3.141159	0.0999998	-7.1E-12	3.141159
-7.50001	-2.35E-11	3.164456	0.0999998	-7.7E-12	3.164456
-7.40001	-2.12E-11	3.187723	0.1000001	-7.7E-12	3.187723
-7.30001	-2.05E-11	3.210943	0.0999999	-7.6E-12	3.210943
-7.2	-2.14E-11	3.234223	0.1	-7.7E-12	3.234223
-7.10001	-1.96E-11	3.257443	0.1000001	-7.4E-12	3.257443
-7.00001	-1.9E-11	3.280663	0.0999998	-7.2E-12	3.280663
-6.90001	-1.85E-11	3.303878	0.0999998	-7.3E-12	3.303878
-6.80001	-2.03E-11	3.327169	0.0999999	-7.1E-12	3.327169
-6.70001	-2.03E-11	3.350524	0.0999999	-7.4E-12	3.350524
-6.60001	-1.73E-11	3.373835	0.0999999	-7.6E-12	3.373835
-6.50001	-1.89E-11	3.397134	0.0999998	-7.7E-12	3.397134
-6.40001	-1.81E-11	3.420424	0.0999998	-7.6E-12	3.420424
-6.30001	-1.62E-11	3.443632	0.1000001	-7.5E-12	3.443632
-6.20001	-1.64E-11	3.466868	0.0999999	-7.4E-12	3.466868
-6.10001	-1.71E-11	3.490163	0.0999999	-7.9E-12	3.490163
-6.00001	-1.66E-11	3.513445	0.1	-7.8E-12	3.513445
-5.90001	-1.51E-11	3.53666	0.0999997	-7.7E-12	3.53666
-5.80001	-3.59E-11	3.596117	0.1000001	-6.3E-12	3.596117
-5.70001	-1.74E-11	3.619438	0.0999999	-7.7E-12	3.619438
-5.60001	-1.69E-11	3.642766	0.0999998	-7.8E-12	3.642766
-5.50001	-1.38E-11	3.665987	0.0999998	-8E-12	3.665987
-5.40001	-1.37E-11	3.689257	0.0999997	-8E-12	3.689257
-5.30001	-1.5E-11	3.712523	0.0999998	-7.6E-12	3.712523
-5.20001	-1.46E-11	3.735836	0.0999998	-7.9E-12	3.735836
-5.1	-1.31E-11	3.759107	0.0999998	-7.7E-12	3.759107
-5.00001	-1.19E-11	3.782342	0.0999998	-7.9E-12	3.782342
-4.90001	-1.3E-11	3.805643	0.1	-7.9E-12	3.805643
-4.80001	-1.02E-11	3.828848	0.0999998	-8.4E-12	3.828848
-4.7	-9.8E-12	3.852061	0.0999999	-8.4E-12	3.852061
-4.60001	-9.5E-12	3.87528	0.0999997	-8.6E-12	3.87528
-4.50001	-1.08E-11	3.89857	0.1	-8.2E-12	3.89857
-4.40001	-1.06E-11	3.921859	0.1	-8.4E-12	3.921859
-4.3	-8.5E-12	3.945099	0.0999998	-8.6E-12	3.945099
-4.20001	-7.8E-12	3.96832	0.0999997	-8.6E-12	3.96832
-4.10001	-9.1E-12	3.991615	0.0999999	-7.9E-12	3.991615
-4.00001	-6.8E-12	4.014887	0.0999999	-8.3E-12	4.014887
-3.90001	-6.3E-12	4.038107	0.0999999	-8.4E-12	4.038107
-3.80001	-2.7E-11	4.09773	0.1000001	-6.6E-12	4.09773
-3.70001	-9E-12	4.121032	0.0999996	-8.1E-12	4.121032
-3.60001	-6.3E-12	4.144274	0.0999997	-8.5E-12	4.144274
-3.50001	-5.5E-12	4.167495	0.1	-8.9E-12	4.167495
-3.40001	-6.6E-12	4.190839	0.0999999	-8.7E-12	4.190839
-3.30001	-5.8E-12	4.214129	0.1000001	-8.8E-12	4.214129
-3.20001	-5.1E-12	4.237408	0.0999997	-9E-12	4.237408
-3.10001	-2.9E-12	4.260652	0.0999999	-9E-12	4.260652
-3.00001	-3.7E-12	4.284043	0.1	-8.9E-12	4.284043
-2.90001	-2.2E-12	4.307269	0.0999999	-9.4E-12	4.307269
-2.80001	-2.9E-12	4.330607	0.0999998	-9E-12	4.330607
-2.70001	-1.8E-12	4.353945	0.1	-9.1E-12	4.353945
-2.60001	1.1E-12	4.377163	0.0999998	-9.4E-12	4.377163
-2.50001	1.3E-12	4.400383	0.0999997	-9.3E-12	4.400383
-2.40001	2.1E-12	4.423598	0.1	-9.1E-12	4.423598
-2.30001	9E-13	4.446889	0.0999996	-9.7E-12	4.446889
-2.20001	1.4E-12	4.470182	0.1	-9.6E-12	4.470182
-2.099999	-1.24E-11	4.495377	0.1000001	-8.4E-12	4.495377
-2	5.1E-12	4.51859	0.0999999	-9.7E-12	4.51859
-1.9	4.2E-12	4.54188	0.1	-9.8E-12	4.54188
-1.800001	-1.46E-11	4.599155	0.1000001	-8.5E-12	4.599155
-1.7	3.9E-12	4.622464	0.0999996	-1.02E-11	4.622464
-1.6	7.3E-12	4.645697	0.0999999	-1.03E-11	4.645697
-1.5	8.3E-12	4.668912	0.0999997	-1.01E-11	4.668912
-1.4	8E-12	4.692257	0.0999998	-1.03E-11	4.692257
-1.3	1.08E-11	4.715466	0.0999997	-1.04E-11	4.715466
-1.2	1.21E-11	4.738675	0.0999998	-1.08E-11	4.738675
-1.1	1.24E-11	4.761941	0.0999997	-1.04E-11	4.761941
-1	1.29E-11	4.785244	0.0999999	-1E-11	4.785244
-0.9	1.38E-11	4.808537	0.0999998	-4.2E-12	4.808537
-0.8	1.74E-11	4.831735	0.0999997	2.85E-11	4.831735
-0.7	1.69E-11	4.855016	0.1	1.937E-10	4.855016
-0.599999	1.84E-11	4.878291	0.1000006	9.022E-10	4.878291
-0.5	2.14E-11	4.901486	0.1000016	3.545E-09	4.901486
-0.4	2.34E-11	4.924693	0.100005	1.20485E-08	4.924693
-0.3	2.47E-11	4.9479	0.1000091	3.49847E-08	4.9479
-0.1999998	9E-12	4.973083	0.10003	8.54589E-08	4.973083
-0.1000001	7.1E-12	5.01266	0.1000002	1.75662E-07	5.01266
2E-07	1.35E-11	5.037139	0.1000007	3.28677E-07	5.037139
0.0999999	8.1E-12	5.105128	0.1	5.31267E-07	5.105128
0.2000004	1.53E-11	5.129647	0.1000009	8.14257E-07	5.129647
0.299999	1.27E-11	5.164501	0.0999999	1.14703E-06	5.164501
0.4	1.94E-11	5.190996	0.1000002	1.53813E-06	5.190996
0.5	2.22E-11	5.215518	0.1000001	1.9704E-06	5.215518
0.599999	2.4E-11	5.240024	0.0999998	2.43717E-06	5.240024
0.7	2.62E-11	5.264526	0.1000001	2.9336E-06	5.264526
0.799999	2.81E-11	5.289053	0.1000001	3.45496E-06	5.289053
0.899999	2.95E-11	5.313584	0.1	3.99754E-06	5.313584
0.999999	3.16E-11	5.338104	0.1	4.55813E-06	5.338104
1.1	3.32E-11	5.362654	0.1000002	5.13526E-06	5.362654
1.199999	3.48E-11	5.387172	0.1	5.72511E-06	5.387172
1.3	3.66E-11	5.411666	0.1000001	6.3264E-06	5.411666
1.399999	3.78E-11	5.436207	0.1	6.93741E-06	5.436207
1.5	3.93E-11	5.460701	0.1	7.55724E-06	5.460701
1.599999	4.02E-11	5.485246	0.1000003	8.18326E-06	5.485246
1.699999	4.14E-11	5.509755	0.1000002	8.81586E-06	5.509755
1.8	4.26E-11	5.534277	0.1000001	9.45338E-06	5.534277
1.899999	4.33E-11	5.558786	0.1000001	1.009601E-05	5.558786
1.999999	3.59E-11	5.61634	0.1	1.07239E-05	5.61634
2.099999	4.2E-11	5.640831	0.1	1.13785E-05	5.640831
2.19999	4.33E-11	5.665563	0.1000001	1.20344E-05	5.665563
2.29999	4.42E-11	5.692367	0.1	1.26921E-05	5.692367
2.39999	4.54E-11	5.716844	0.1000002	1.33534E-05	5.716844
2.49999	4.59E-11	5.741352	0.0999999	1.40173E-05	5.741352
2.59999	4.58E-11	5.765896	0.1000002	1.46829E-05	5.765896
2.69999	4.65E-11	5.790469	0.1	1.53503E-05	5.790469
2.79999	4.76E-11	5.814974	0.1	1.60206E-05	5.814974
2.89999	4.79E-11	5.839493	0.1	1.66932E-05	5.839493
2.99999	4.8E-11	5.863998	0.0999998	1.73677E-05	5.863998
3.09999	4.85E-11	5.888588	0.1	1.8044E-05	5.888588
3.19999	4.9E-11	5.913099	0.1	1.87226E-05	5.913099
3.29999	4.91E-11	5.93762	0.0999999	1.9403E-05	5.93762
3.39999	4.97E-11	5.962122	0.1	2.00859E-05	5.962122
3.49999	4.99E-11	5.986651	0.1	2.07698E-05	5.986651
3.59999	5E-11	6.011214	0.1000003	2.14562E-05	6.011214
3.69999	5.02E-11	6.035751	0.0999999	2.21445E-05	6.035751
3.79999	5.04E-11	6.060285	0.1000001	2.28345E-05	6.060285
3.89999	4.57E-11	6.10058	0.1	2.35198E-05	6.10058
3.99999	5.04E-11	6.125119	0.1	2.42163E-05	6.125119
4.09999	5.11E-11	6.1499	0.1000001	2.49136E-05	6.1499
4.19999	5.15E-11	6.174413	0.1000001	2.56118E-05	6.174413
4.29999	5.17E-11	6.198989	0.1000001	2.63112E-05	6.198989
4.39999	5.15E-11	6.223544	0.0999999	2.7013E-05	6.223544
4.49999	5.19E-11	6.248065	0.1	2.77163E-05	6.248065
4.59999	5.29E-11	6.272652	0.0999999	2.84218E-05	6.272652
4.69999	5.21E-11	6.297213	0.1	2.91285E-05	6.297213
4.79999	5.29E-11	6.321722	0.1000001	2.98372E-05	6.321722
4.89999	5.19E-11	6.346483	0.1000003	3.05473E-05	6.346483
4.99999	5.28E-11	6.37102	0.0999999	3.12598E-05	6.37102
5.09999	5.4E-11	6.395532	0.1000001	3.19739E-05	6.395532
5.19999	5.39E-11	6.42005	0.1	3.26898E-05	6.42005
5.29999	5.35E-11	6.44458	0.1000002	3.34077E-05	6.44458
5.39999	5.41E-11	6.469117	0.1	3.41262E-05	6.469117
5.49999	5.47E-11	6.493609	0.1000002	3.48472E-05	6.493609
5.59999	5.43E-11	6.518138	0.0999998	3.55698E-05	6.518138
5.69999	5.47E-11	6.542718	0.1000001	3.62937E-05	6.542718
5.79999	4.73E-11	6.600302	0.0999999	3.70059E-05	6.600302
5.89999	5.31E-11	6.624865	0.1000002	3.77386E-05	6.624865
5.99999	5.37E-11	6.649408	0.0999997	3.84696E-05	6.649408
6.09999	5.38E-11	6.67395	0.1	3.92019E-05	6.67395
6.19999	5.36E-11	6.69853	0.1	3.99354E-05	6.69853
6.29999	5.47E-11	6.72307	0.1000001	4.06703E-05	6.72307
6.39999	5.5E-11	6.747613	0.1000001	4.14066E-05	6.747613
6.49999	5.57E-11	6.772232	0.1000003	4.21442E-05	6.772232
6.59999	5.58E-11	6.79675	0.1000001	4.28838E-05	6.79675
6.69999	5.61E-11	6.821294	0.1000002	4.36257E-05	6.821294
6.79999	5.62E-11	6.8458	0.1000002	4.43686E-05	6.8458
6.89999	5.63E-11	6.87031	0.1000001	4.51121E-05	6.87031
6.99999	5.63E-11	6.894823	0.1	4.58583E-05	6.894823
7.09999	5.67E-11	6.919344	0.1000002	4.66063E-05	6.919344
7.19999	5.67E-11	6.943849	0.0999999	4.73549E-05	6.943849
7.29999	5.69E-11	6.968381	0.1000001	4.8106E-05	6.968381
7.39999	5.74E-11	6.99288	0.1000001	4.88583E-05	6.99288
7.49999	5.73E-11	7.017445	0.1000001	4.96123E-05	7.017445
7.59999	5.79E-11	7.041951	0.1000001	5.03673E-05	7.041951
7.69999	5.15E-11	7.090913	0.0999998	5.11148E-05	7.090913
7.79999	5.68E-11	7.115615	0.1	5.18773E-05	7.115615
7.89999	5.71E-11	7.140209	0.1000001	5.26381E-05	7.140209
7.99999	5.76E-11	7.164752	0.1000003	5.34007E-05	7.164752
8.09999	5.48E-11	7.190932	0.0999999	5.41646E-05	7.190932
8.19999	5.77E-11	7.215463	0.1000002	5.49304E-05	7.215463
8.29999	5.81E-11	7.240052	0.1	5.56971E-05	7.240052
8.39999	5.85E-11	7.264581	0.1	5.64658E-05	7.264581
8.49999	5.86E-11	7.289235	0.1000001	5.72362E-05	7.289235
8.59999	5.86E-11	7.31386	0.0999999	5.80069E-05	7.31386
8.69999	5.85E-11	7.338375	0.1	5.87802E-05	7.338375
8.79999	5.83E-11	7.363007	0.0999999	5.95549E-05	7.363007
8.89999	5.9E-11	7.387527	0.1000002	6.03319E-05	7.387527
8.99999	5.89E-11	7.412052	0.1000001	6.1109E-05	7.412052
9.09999	5.92E-11	7.436559	0.1000001	6.18886E-05	7.436559
9.19999	5.87E-11	7.46108	0.1	6.26699E-05	7.46108
9.29999	5.86E-11	7.485619	0.1	6.345E-05	7.485619
9.39999	5.94E-11	7.51017	0.1000001	6.42356E-05	7.51017
9.49999	5.99E-11	7.534682	0.1	6.50226E-05	7.534682
9.59999	5.95E-11	7.559186	0.0999998	6.58107E-05	7.559186
9.69999	5.33E-11	7.609392	0.1000001	6.65934E-05	7.609392
9.79999	5.84E-11	7.633913	0.1000002	6.73861E-05	7.633913
9.89999	5.9E-11	7.658448	0.1000002	6.81798E-05	7.658448
9.99999	5.85E-11	7.683081	0.0999999	6.89732E-05	7.683081
9.9	4.59E-11	7.707738	0.1	6.81627E-05	7.707738
9.8	4.29E-11	7.732346	0.1	6.73591E-05	7.732346
9.7	4.09E-11	7.756861	0.1	6.65573E-05	7.756861
9.6	3.95E-11	7.781468	0.1000001	6.57586E-05	7.781468
9.5	3.75E-11	7.805987	0.0999999	6.49621E-05	7.805987
9.4	3.61E-11	7.830501	0.1	6.41679E-05	7.830501
9.3	3.55E-11	7.85501	0.1000002	6.33752E-05	7.85501
9.2	3.49E-11	7.879516	0.1000001	6.2584E-05	7.879516
9.1	3.41E-11	7.904022	0.1	6.17939E-05	7.904022
9	3.31E-11	7.92856	0.0999997	6.10063E-05	7.92856
8.9	3.25E-11	7.953068	0.0999997	6.02236E-05	7.953068
8.8	3.12E-11	7.977599	0.1	5.94376E-05	7.977599
8.7	3.04E-11	8.002105	0.0999998	5.86538E-05	8.002105
8.6	2.98E-11	8.026674	0.1000001	5.78719E-05	8.026674
8.5	2.98E-11	8.051189	0.1000001	5.70908E-05	8.051189
8.4	3.49E-11	8.110991	0.0999999	5.63142E-05	8.110991
8.3	3E-11	8.135532	0.0999998	5.55362E-05	8.135532
8.2	2.93E-11	8.160078	0.0999999	5.47594E-05	8.160078
8.1	2.84E-11	8.184607	0.0999999	5.39858E-05	8.184607
8	2.74E-11	8.209173	0.1000001	5.32139E-05	8.209173
7.9	2.75E-11	8.23372	0.0999999	5.24424E-05	8.23372
7.8	2.67E-11	8.258231	0.1	5.16735E-05	8.258231
7.7	2.6E-11	8.282845	0.0999998	5.09067E-05	8.282845
7.6	2.6E-11	8.307362	0.0999997	5.01409E-05	8.307362
7.5	2.51E-11	8.331868	0.0999999	4.93773E-05	8.331868
7.4	2.47E-11	8.356448	0.1000001	4.86144E-05	8.356448
7.3	2.43E-11	8.381004	0.0999999	4.78533E-05	8.381004
7.2	2.4E-11	8.405512	0.0999999	4.70939E-05	8.405512
7.1	2.41E-11	8.430067	0.1000001	4.63361E-05	8.430067
7	2.38E-11	8.454623	0.1000001	4.55796E-05	8.454623
6.9	2.33E-11	8.479132	0.1000001	4.4825E-05	8.479132
6.8	2.29E-11	8.503651	0.1000002	4.40726E-05	8.503651
6.7	2.16E-11	8.528127	0.1000002	4.33205E-05	8.528127
6.6	2.18E-11	8.552657	0.0999999	4.25706E-05	8.552657
6.5	2.86E-11	8.612623	0.1	4.18271E-05	8.612623
6.4	2.32E-11	8.637155	0.1	4.10797E-05	8.637155
6.3	2.24E-11	8.661697	0.0999999	4.03348E-05	8.661697
6.2	2.21E-11	8.686381	0.0999999	3.95914E-05	8.686381
6.1	2.13E-11	8.710961	0.0999999	3.8849E-05	8.710961
6	2.06E-11	8.735471	0.0999998	3.81084E-05	8.735471
5.9	2.01E-11	8.759993	0.0999999	3.73706E-05	8.759993
5.8	1.95E-11	8.784586	0.0999999	3.66339E-05	8.784586
5.7	1.91E-11	8.809158	0.1	3.58984E-05	8.809158
5.6	1.83E-11	8.833793	0.1	3.51651E-05	8.833793
5.5	1.8E-11	8.858312	0.0999997	3.44334E-05	8.858312
5.4	1.73E-11	8.882849	0.1000001	3.37036E-05	8.882849
5.3	1.71E-11	8.907389	0.0999998	3.29758E-05	8.907389
5.2	1.68E-11	8.93191	0.1	3.22493E-05	8.93191
5.1	1.65E-11	8.956452	0.0999999	3.15249E-05	8.956452
5	1.62E-11	8.980998	0.0999998	3.08021E-05	8.980998
4.9	1.54E-11	9.005508	0.1	3.00813E-05	9.005508
4.8	1.47E-11	9.030094	0.0999999	2.9362E-05	9.030094
4.7	1.47E-11	9.054616	0.0999999	2.86449E-05	9.054616
4.6	2.09E-11	9.109862	0.0999999	2.79337E-05	9.109862
4.5	1.57E-11	9.134405	0.0999999	2.72197E-05	9.134405
4.4	1.46E-11	9.158982	0.0999999	2.65079E-05	9.158982
4.3	1.36E-11	9.183501	0.1000002	2.57981E-05	9.183501
4.2	1.28E-11	9.208051	0.1000001	2.50904E-05	9.208051
4.1	1.25E-11	9.232623	0.1	2.43841E-05	9.232623
4	1.19E-11	9.257129	0.1	2.36804E-05	9.257129
3.9	1.13E-11	9.281734	0.0999999	2.2979E-05	9.281734
3.8	1.05E-11	9.306269	0.1	2.22791E-05	9.306269
3.7	9.9E-12	9.330785	0.0999999	2.15816E-05	9.330785
3.6	8.8E-12	9.35527	0.0999999	2.0886E-05	9.35527
3.5	8.9E-12	9.379788	0.1000002	2.01932E-05	9.379788
3.4	8E-12	9.404294	0.0999999	1.95024E-05	9.404294
3.3	7.8E-12	9.428815	0.0999999	1.88135E-05	9.428815
3.2	6.7E-12	9.453356	0.0999998	1.8128E-05	9.453356
3.1	6.4E-12	9.477859	0.0999999	1.74446E-05	9.477859
3	5.2E-12	9.502368	0.1	1.67634E-05	9.502368
2.9	4.7E-12	9.526985	0.1	1.60847E-05	9.526985
2.8	4.1E-12	9.551523	0.0999998	1.54087E-05	9.551523
2.7	1.08E-11	9.613909	0.1	1.47425E-05	9.613909
2.6	5E-12	9.63847	0.1	1.40702E-05	9.63847
2.5	3.7E-12	9.663015	0.1	1.34024E-05	9.663015
2.4	1.9E-12	9.687522	0.1	1.27379E-05	9.687522
2.3	8E-13	9.71209	0.0999999	1.20771E-05	9.71209
2.2	-5E-13	9.736669	0.0999999	1.14194E-05	9.736669
2.099999	2E-12	9.763137	0.1	1.07674E-05	9.763137
2	-1.8E-12	9.787723	0.1	1.01187E-05	9.787723
1.9	-3E-12	9.812229	0.0999999	9.4747E-06	9.812229
1.8	-7E-13	9.839431	0.0999998	8.83948E-06	9.839431
1.7	-5.7E-12	9.863936	0.0999998	8.20558E-06	9.863936
1.6	-6.7E-12	9.888459	0.0999999	7.5792E-06	9.888459
1.5	-8.1E-12	9.912979	0.1	6.96017E-06	9.912979
1.4	-9.5E-12	9.937512	0.0999999	6.3501E-06	9.937512
1.3	-1.09E-11	9.962036	0.1000001	5.75003E-06	9.962036
1.2	-1.23E-11	9.986541	0.0999998	5.16154E-06	9.986541
1.1	-1.37E-11	10.011057	0.0999997	4.58751E-06	10.011057
1	-1.55E-11	10.035622	0.0999998	4.02971E-06	10.035622
0.9	-1.73E-11	10.06018	0.0999999	3.49126E-06	10.06018
0.8	-1.3E-11	10.116778	0.0999998	2.9816E-06	10.116778
0.7	-1.95E-11	10.14129	0.0999999	2.48716E-06	10.14129
0.6	-2.2E-11	10.165827	0.0999998	2.02307E-06	10.165827
0.5	-2.41E-11	10.19034	0.0999999	1.59466E-06	10.19034
0.4	-2.7E-11	10.214903	0.0999998	1.2066E-06	10.214903
0.3	-2.55E-11	10.242251	0.0999995	8.68772E-07	10.242251
0.1999999	-2.78E-11	10.268647	0.0999997	5.84956E-07	10.268647
0.0999995	-3.35E-11	10.293271	0.0999993	3.61197E-07	10.293271
-4E-07	-3.6E-11	10.317729	0.0999995	2.0014E-07	10.317729
#scan	iMeasureCycle=2	iMux=0	time=279.728	N=401	LocalTime=19/04/2023 13:18:16
#VGate(V)	IGate(A)	time(s)	VDrain(V)	IDrain(A)	time(s)
-2E-07	-1.47E-11	279.735509	0.0999997	2.48673E-07	279.735509
-0.1000004	-2.27E-11	279.760462	0.0999997	1.22554E-07	279.760462
-0.2	-2.12E-11	279.799183	0.0999959	5.26579E-08	279.799183
-0.300001	-4.25E-11	279.822655	0.1000036	1.83089E-08	279.822655
-0.400001	-4.76E-11	279.845861	0.1000021	5.4263E-09	279.845861
-0.500001	-5.04E-11	279.869062	0.1000008	1.4031E-09	279.869062
-0.600001	-5.06E-11	279.892345	0.1000005	3.135E-10	279.892345
-0.700001	-5.25E-11	279.915618	0.1000003	5.54E-11	279.915618
-0.800001	-5.6E-11	279.938827	0.1000003	3.8E-12	279.938827
-0.900001	-5.72E-11	279.962033	0.1000002	-4E-12	279.962033
-1.000001	-5.89E-11	279.985248	0.1000003	-5.5E-12	279.985248
-1.100001	-5.77E-11	280.00859	0.1000001	-5.5E-12	280.00859
-1.200001	-6.09E-11	280.03188	0.1000003	-5.1E-12	280.03188
-1.300001	-6.21E-11	280.055104	0.1000002	-4.9E-12	280.055104
-1.400001	-6.3E-11	280.078314	0.1000002	-5.2E-12	280.078314
-1.5	-6.18E-11	280.101594	0.1000003	-5.5E-12	280.101594
-1.600001	-6.27E-11	280.124906	0.1000004	-5.3E-12	280.124906
-1.7	-6.51E-11	280.148132	0.1000004	-4.8E-12	280.148132
-1.800001	-6.59E-11	280.171342	0.1000002	-4.8E-12	280.171342
-1.900001	-6.42E-11	280.194629	0.1000003	-5E-12	280.194629
-2.000001	-6.38E-11	280.217974	0.1000004	-5.2E-12	280.217974
-2.100001	-6.74E-11	280.241272	0.1000001	-5.1E-12	280.241272
-2.2	-4.57E-11	280.302993	0.1000001	-6.8E-12	280.302993
-2.3	-6.6E-11	280.326228	0.1000002	-5.1E-12	280.326228
-2.4	-6.72E-11	280.349484	0.1000005	-4.6E-12	280.349484
-2.5	-6.66E-11	280.372784	0.1000002	-4.8E-12	280.372784
-2.6	-6.74E-11	280.396127	0.1000002	-4.8E-12	280.396127
-2.7	-6.9E-11	280.419373	0.1000002	-4.5E-12	280.419373
-2.8	-7.02E-11	280.442594	0.1000001	-4.5E-12	280.442594
-2.9	-6.93E-11	280.465876	0.1000003	-4.8E-12	280.465876
-3	-6.92E-11	280.489163	0.1000001	-4.6E-12	280.489163
-3.1	-7.12E-11	280.512371	0.1000002	-4.2E-12	280.512371
-3.2	-7.16E-11	280.535596	0.1000004	-4.3E-12	280.535596
-3.3	-7.08E-11	280.558884	0.1000002	-4.7E-12	280.558884
-3.4	-7.12E-11	280.58215	0.1000002	-5.1E-12	280.58215
-3.5	-7.32E-11	280.605363	0.1000005	-4.3E-12	280.605363
-3.6	-7.13E-11	280.628915	0.1000002	-4.2E-12	280.628915
-3.7	-7.19E-11	280.652222	0.1000004	-4.7E-12	280.652222
-3.8	-7.47E-11	280.675493	0.1000002	-4.4E-12	280.675493
-3.9	-7.49E-11	280.6987	0.1000002	-4.5E-12	280.6987
-4	-7.32E-11	280.721988	0.1000003	-4.7E-12	280.721988
-4.1	-7.49E-11	280.745296	0.1000002	-4.2E-12	280.745296
-4.2	-5.38E-11	280.79888	0.1	-6.1E-12	280.79888
-4.3	-7.21E-11	280.822181	0.1000003	-4.8E-12	280.822181
-4.4	-7.24E-11	280.845497	0.1000002	-4.5E-12	280.845497
-4.5	-7.53E-11	280.868709	0.1000001	-4E-12	280.868709
-4.6	-7.55E-11	280.891976	0.1000002	-4E-12	280.891976
-4.7	-7.41E-11	280.915266	0.1000001	-4.4E-12	280.915266
-4.8	-7.32E-11	280.938627	0.1000003	-4.8E-12	280.938627
-4.9	-7.69E-11	280.961838	0.1000002	-3.8E-12	280.961838
-5	-7.73E-11	280.985048	0.1000004	-3.8E-12	280.985048
-5.1	-7.52E-11	281.008386	0.1000002	-4E-12	281.008386
-5.2	-7.74E-11	281.031594	0.1000003	-4.3E-12	281.031594
-5.3	-7.78E-11	281.054814	0.1000004	-4E-12	281.054814
-5.4	-7.79E-11	281.078025	0.1000002	-4E-12	281.078025
-5.5	-7.62E-11	281.101311	0.1000002	-4.1E-12	281.101311
-5.6	-7.83E-11	281.124546	0.1000001	-3.9E-12	281.124546
-5.7	-7.91E-11	281.147767	0.1000003	-3.8E-12	281.147767
-5.8	-7.91E-11	281.170983	0.1000004	-4.3E-12	281.170983
-5.9	-7.73E-11	281.194272	0.1000002	-4.2E-12	281.194272
-6	-7.8E-11	281.217576	0.0999999	-4.2E-12	281.217576
-6.1	-7.91E-11	281.240841	0.1000002	-4.1E-12	281.240841
-6.2	-5.91E-11	281.296045	0.1000001	-5.4E-12	281.296045
-6.3	-7.82E-11	281.319263	0.1000003	-3.7E-12	281.319263
-6.4	-7.72E-11	281.342608	0.1	-3.8E-12	281.342608
-6.5	-7.92E-11	281.365835	0.1000004	-3.4E-12	281.365835
-6.6	-7.91E-11	281.38911	0.1000003	-3.9E-12	281.38911
-6.7	-7.97E-11	281.412331	0.1000003	-4E-12	281.412331
-6.8	-7.83E-11	281.435613	0.1000002	-3.7E-12	281.435613
-6.9	-7.86E-11	281.458907	0.1000002	-4.1E-12	281.458907
-7	-8.09E-11	281.48211	0.1000002	-3.9E-12	281.48211
-7.1	-7.96E-11	281.5054	0.1000001	-3.9E-12	281.5054
-7.2	-7.97E-11	281.528684	0.1000003	-3.8E-12	281.528684
-7.3	-7.96E-11	281.551985	0.1000004	-3.4E-12	281.551985
-7.4	-8.19E-11	281.57519	0.1000002	-3.7E-12	281.57519
-7.5	-7.94E-11	281.598528	0.1000003	-3.6E-12	281.598528
-7.6	-7.62E-11	281.622038	0.1000002	-3.8E-12	281.622038
-7.7	-8.25E-11	281.645272	0.1000004	-3.3E-12	281.645272
-7.8	-7.97E-11	281.668657	0.1000002	-3.9E-12	281.668657
-7.9	-8.27E-11	281.691876	0.1000002	-3.5E-12	281.691876
-8	-8.26E-11	281.7151	0.1000003	-3.3E-12	281.7151
-8.1	-8.28E-11	281.738312	0.1000003	-3.9E-12	281.738312
-8.2	-8.14E-11	281.761682	0.1000002	-3.9E-12	281.761682
-8.3	-6.37E-11	281.797665	0.1000001	-4.9E-12	281.797665
-8.4	-8.09E-11	281.820977	0.1000002	-3.7E-12	281.820977
-8.5	-8.32E-11	281.844213	0.1000002	-3.6E-12	281.844213
-8.6	-8.31E-11	281.867432	0.1000002	-3.6E-12	281.867432
-8.7	-8.19E-11	281.890781	0.1000004	-3.8E-12	281.890781
-8.8	-8.2E-11	281.91406	0.1000001	-3.2E-12	281.91406
-8.9	-8.41E-11	281.937362	0.1	-3.5E-12	281.937362
-9	-8.44E-11	281.960588	0.1000004	-3.3E-12	281.960588
-9.1	-8.3E-11	281.983863	0.1000002	-3E-12	281.983863
-9.2	-8.45E-11	282.007133	0.1000001	-3E-12	282.007133
-9.3	-8.52E-11	282.030356	0.1000003	-3.3E-12	282.030356
-9.4	-8.49E-11	282.053576	0.1000004	-2.9E-12	282.053576
-9.5	-8.35E-11	282.076862	0.1000001	-3.4E-12	282.076862
-9.6	-8.32E-11	282.100147	0.1000003	-3.6E-12	282.100147
-9.7	-8.12E-11	282.123565	0.1000002	-3.6E-12	282.123565
-9.8	-8.41E-11	282.14688	0.1000003	-3.3E-12	282.14688
-9.9	-8.33E-11	282.17018	0.1000002	-3.1E-12	282.17018
-10	-8.54E-11	282.193386	0.1000001	-3.3E-12	282.193386
-9.90001	-4.34E-11	282.216602	0.0999998	-6.9E-12	282.216602
-9.80001	-4.22E-11	282.239889	0.0999998	-6.1E-12	282.239889
-9.70001	-3.85E-11	282.263208	0.0999998	-6.6E-12	282.263208
-9.60001	-5.47E-11	282.303612	0.1000001	-5.4E-12	282.303612
-9.50001	-3.45E-11	282.326839	0.0999999	-6.7E-12	282.326839
-9.40001	-3.29E-11	282.350098	0.0999999	-6.7E-12	282.350098
-9.30001	-3.38E-11	282.373406	0.0999999	-6.3E-12	282.373406
-9.20001	-3.08E-11	282.396675	0.0999999	-7.1E-12	282.396675
-9.10001	-3.02E-11	282.419909	0.0999999	-6.8E-12	282.419909
-9.00001	-3.05E-11	282.443264	0.0999999	-7.2E-12	282.443264
-8.90001	-2.83E-11	282.466481	0.0999999	-7.1E-12	282.466481
-8.80001	-2.71E-11	282.489693	0.0999998	-6.9E-12	282.489693
-8.70001	-2.67E-11	282.512908	0.0999997	-7.5E-12	282.512908
-8.60001	-2.76E-11	282.53619	0.0999999	-7.3E-12	282.53619
-8.50001	-2.8E-11	282.559493	0.0999998	-7.1E-12	282.559493
-8.40001	-2.56E-11	282.582723	0.0999997	-7.1E-12	282.582723
-8.30001	-2.49E-11	282.605937	0.0999999	-7.2E-12	282.605937
-8.20001	-2.42E-11	282.629407	0.0999999	-7.2E-12	282.629407
-8.10001	-2.4E-11	282.652633	0.1	-7.2E-12	282.652633
-8.00001	-2.33E-11	282.675907	0.0999999	-7.3E-12	282.675907
-7.90001	-2.45E-11	282.69921	0.0999999	-7E-12	282.69921
-7.80001	-2.34E-11	282.722501	0.0999998	-6.8E-12	282.722501
-7.70001	-2.14E-11	282.745853	0.1	-7.1E-12	282.745853
-7.60001	-4.22E-11	282.804796	0.1000001	-5.8E-12	282.804796
-7.50001	-2.28E-11	282.828016	0.0999997	-7.3E-12	282.828016
-7.40001	-2.28E-11	282.851266	0.0999999	-7E-12	282.851266
-7.30001	-2.37E-11	282.874601	0.0999999	-6.9E-12	282.874601
-7.2	-2.05E-11	282.897885	0.0999998	-7.1E-12	282.897885
-7.10001	-2E-11	282.921106	0.0999998	-7.1E-12	282.921106
-7.00001	-1.96E-11	282.944316	0.0999997	-7.2E-12	282.944316
-6.90001	-1.9E-11	282.967545	0.0999999	-7.1E-12	282.967545
-6.80001	-2E-11	282.99084	0.1	-7.4E-12	282.99084
-6.70001	-1.8E-11	283.014119	0.0999998	-7.7E-12	283.014119
-6.60001	-1.76E-11	283.037336	0.0999999	-7.7E-12	283.037336
-6.50001	-1.94E-11	283.060674	0.0999996	-7.4E-12	283.060674
-6.40001	-1.68E-11	283.083888	0.0999998	-7.7E-12	283.083888
-6.30001	-1.62E-11	283.107106	0.0999999	-7.8E-12	283.107106
-6.20001	-1.58E-11	283.130342	0.0999999	-7.6E-12	283.130342
-6.10001	-1.54E-11	283.153579	0.0999998	-7.7E-12	283.153579
-6.00001	-1.67E-11	283.176882	0.0999999	-7.1E-12	283.176882
-5.90001	-1.44E-11	283.200093	0.0999999	-7.3E-12	283.200093
-5.80001	-1.38E-11	283.223303	0.0999999	-8E-12	283.223303
-5.70001	-1.4E-11	283.24654	0.0999999	-7.9E-12	283.24654
-5.60001	-3.44E-11	283.306178	0.1000002	-5.6E-12	283.306178
-5.50001	-1.46E-11	283.329412	0.0999998	-8.1E-12	283.329412
-5.40001	-1.66E-11	283.352876	0.0999999	-7.7E-12	283.352876
-5.30001	-1.29E-11	283.376101	0.1	-7.7E-12	283.376101
-5.20001	-1.22E-11	283.399364	0.0999997	-7.8E-12	283.399364
-5.1	-1.18E-11	283.422572	0.0999997	-8.1E-12	283.422572
-5.00001	-1.33E-11	283.445853	0.0999998	-7.8E-12	283.445853
-4.90001	-1.15E-11	283.469093	0.0999998	-8E-12	283.469093
-4.80001	-1.06E-11	283.492309	0.0999999	-8.1E-12	283.492309
-4.7	-1E-11	283.515525	0.1	-8.3E-12	283.515525
-4.60001	-1.15E-11	283.538814	0.1	-8.1E-12	283.538814
-4.50001	-1.12E-11	283.562122	0.0999999	-7.8E-12	283.562122
-4.40001	-1.03E-11	283.585412	0.0999998	-7.9E-12	283.585412
-4.3	-8.2E-12	283.60861	0.0999998	-8.3E-12	283.60861
-4.20001	-9.8E-12	283.631924	0.0999999	-8.5E-12	283.631924
-4.10001	-7.1E-12	283.65513	0.0999998	-8.5E-12	283.65513
-4.00001	-7.1E-12	283.678413	0.0999997	-8.8E-12	283.678413
-3.90001	-6.6E-12	283.701624	0.0999999	-8.8E-12	283.701624
-3.80001	-7.3E-12	283.724911	0.0999996	-8.8E-12	283.724911
-3.70001	-6E-12	283.748167	0.1	-9.1E-12	283.748167
-3.60001	-2.67E-11	283.807705	0.0999999	-6.6E-12	283.807705
-3.50001	-8.1E-12	283.831087	0.1	-9E-12	283.831087
-3.40001	-7.3E-12	283.854369	0.1	-8.7E-12	283.854369
-3.30001	-4.6E-12	283.877585	0.0999998	-8.9E-12	283.877585
-3.20001	-4.1E-12	283.900863	0.0999997	-8.7E-12	283.900863
-3.10001	-4.4E-12	283.924151	0.0999999	-8.9E-12	283.924151
-3.00001	-4.2E-12	283.947437	0.0999999	-8.9E-12	283.947437
-2.90001	-2.6E-12	283.970696	0.0999998	-9.1E-12	283.970696
-2.80001	-2.8E-12	283.993993	0.0999999	-9E-12	283.993993
-2.70001	-2.2E-12	284.017332	0.1	-8.9E-12	284.017332
-2.60001	0	284.040543	0.0999997	-9E-12	284.040543
-2.50001	1.2E-12	284.063759	0.1	-9.2E-12	284.063759
-2.40001	2.1E-12	284.086979	0.0999997	-9.2E-12	284.086979
-2.30001	2.9E-12	284.110199	0.0999998	-9.7E-12	284.110199
-2.20001	1.7E-12	284.133513	0.0999997	-9.1E-12	284.133513
-2.099999	-1.3E-11	284.158663	0.0999999	-7.7E-12	284.158663
-2	4.9E-12	284.181888	0.0999999	-9.5E-12	284.181888
-1.9	4E-12	284.205173	0.1	-9.9E-12	284.205173
-1.8	4.9E-12	284.228443	0.0999998	-1E-11	284.228443
-1.699999	7.5E-12	284.251749	0.0999998	-1E-11	284.251749
-1.600001	-1.31E-11	284.309401	0.1	-8.1E-12	284.309401
-1.5	5.2E-12	284.332718	0.0999998	-9.8E-12	284.332718
-1.4	8.5E-12	284.355999	0.0999998	-1.04E-11	284.355999
-1.3	1.02E-11	284.379211	0.0999999	-1.05E-11	284.379211
-1.2	9.7E-12	284.402551	0.0999998	-1.02E-11	284.402551
-1.1	1.26E-11	284.425764	0.0999997	-1.05E-11	284.425764
-1	1.42E-11	284.448975	0.0999997	-1.03E-11	284.448975
-0.9	1.51E-11	284.472194	0.0999999	-6.6E-12	284.472194
-0.799999	1.52E-11	284.495479	0.1	1.74E-11	284.495479
-0.7	1.67E-11	284.518765	0.1000001	1.371E-10	284.518765
-0.599999	2.02E-11	284.541966	0.1000003	6.541E-10	284.541966
-0.5	2.14E-11	284.565266	0.1000012	2.6228E-09	284.565266
-0.4	2.13E-11	284.588558	0.1000037	9.0689E-09	284.588558
-0.3	2.41E-11	284.611777	0.1000075	2.71948E-08	284.611777
-0.1999998	9.2E-12	284.636975	0.1000239	6.88493E-08	284.636975
-0.1000001	6.6E-12	284.676534	0.1000001	1.46182E-07	284.676534
3E-07	1.3E-11	284.701138	0.1000008	2.81662E-07	284.701138
0.1000002	1.56E-11	284.725611	0.1000007	4.76057E-07	284.725611
0.2000002	1.72E-11	284.75021	0.100001	7.3203E-07	284.75021
0.299999	1.21E-11	284.817432	0.1000004	1.034197E-06	284.817432
0.399999	1.42E-11	284.851974	0.1	1.40053E-06	284.851974
0.5	2.05E-11	284.876516	0.1	1.81705E-06	284.876516
0.6	2.33E-11	284.901222	0.1000001	2.26876E-06	284.901222
0.7	2.5E-11	284.925721	0.1000001	2.75168E-06	284.925721
0.8	2.71E-11	284.950261	0.1000001	3.2615E-06	284.950261
0.9	2.95E-11	284.974772	0.0999999	3.79434E-06	284.974772
0.999999	3.1E-11	284.99931	0.1000001	4.34663E-06	284.99931
1.1	3.31E-11	285.023864	0.1000001	4.91646E-06	285.023864
1.2	3.5E-11	285.048383	0.1000001	5.50118E-06	285.048383
1.3	3.64E-11	285.072887	0.1000001	6.09836E-06	285.072887
1.399999	3.76E-11	285.097402	0.0999999	6.70611E-06	285.097402
1.5	3.91E-11	285.121906	0.1000001	7.32311E-06	285.121906
1.599999	4E-11	285.146464	0.0999999	7.9475E-06	285.146464
1.699999	4.15E-11	285.170927	0.1	8.57928E-06	285.170927
1.8	4.19E-11	285.195455	0.1	9.21622E-06	285.195455
1.9	4.28E-11	285.219959	0.1000001	9.85854E-06	285.219959
1.999999	3.82E-11	285.254617	0.1	1.04979E-05	285.254617
2.099999	3.64E-11	285.31629	0.0999999	1.11412E-05	285.31629
2.19999	4.11E-11	285.341044	0.1000001	1.17989E-05	285.341044
2.29999	4.32E-11	285.365596	0.1000001	1.24593E-05	285.365596
2.39999	4.36E-11	285.390147	0.1	1.31231E-05	285.390147
2.49999	4.45E-11	285.414757	0.1000001	1.37897E-05	285.414757
2.59999	4.5E-11	285.439287	0.1	1.44589E-05	285.439287
2.69999	4.61E-11	285.463793	0.1000001	1.51302E-05	285.463793
2.79999	4.71E-11	285.488284	0.1	1.58043E-05	285.488284
2.89999	4.72E-11	285.512827	0.1	1.64812E-05	285.512827
2.99999	4.81E-11	285.537353	0.1	1.71597E-05	285.537353
3.09999	4.82E-11	285.561906	0.1000001	1.78408E-05	285.561906
3.19999	4.87E-11	285.586449	0.0999999	1.85236E-05	285.586449
3.29999	4.91E-11	285.610963	0.0999999	1.92091E-05	285.610963
3.39999	4.95E-11	285.63545	0.1000001	1.98965E-05	285.63545
3.49999	4.99E-11	285.659974	0.1000001	2.05858E-05	285.659974
3.59999	5.08E-11	285.684534	0.1	2.12768E-05	285.684534
3.69999	5.03E-11	285.709084	0.1	2.19705E-05	285.709084
3.79999	5.09E-11	285.733624	0.1	2.26648E-05	285.733624
3.89999	5.08E-11	285.758218	0.1000002	2.33615E-05	285.758218
3.99999	4.44E-11	285.815301	0.1000001	2.40498E-05	285.815301
4.09999	4.96E-11	285.839822	0.1000001	2.47521E-05	285.839822
4.19999	5.05E-11	285.864389	0.1000002	2.54548E-05	285.864389
4.29999	5.06E-11	285.88891	0.0999999	2.61584E-05	285.88891
4.39999	5.14E-11	285.913484	0.1000002	2.68639E-05	285.913484
4.49999	5.13E-11	285.937992	0.1000001	2.75704E-05	285.937992
4.59999	5.2E-11	285.962525	0.0999999	2.82785E-05	285.962525
4.69999	5.21E-11	285.987054	0.1000002	2.89877E-05	285.987054
4.79999	5.15E-11	286.011787	0.1000001	2.96984E-05	286.011787
4.89999	5.3E-11	286.036316	0.1000002	3.04114E-05	286.036316
4.99999	5.3E-11	286.060812	0.1	3.11255E-05	286.060812
5.09999	5.38E-11	286.085342	0.1000002	3.18413E-05	286.085342
5.19999	5.42E-11	286.109848	0.1	3.25588E-05	286.109848
5.29999	5.31E-11	286.134595	0.1	3.32776E-05	286.134595
5.39999	5.43E-11	286.159116	0.0999999	3.39981E-05	286.159116
5.49999	5.42E-11	286.183622	0.1	3.47202E-05	286.183622
5.59999	5.43E-11	286.208125	0.1000001	3.54445E-05	286.208125
5.69999	5.45E-11	286.232638	0.1000002	3.61698E-05	286.232638
5.79999	5.46E-11	286.257229	0.1	3.68968E-05	286.257229
5.89999	4.8E-11	286.319999	0.0999999	3.76128E-05	286.319999
5.99999	5.32E-11	286.344591	0.1000001	3.83481E-05	286.344591
6.09999	5.38E-11	286.369247	0.1	3.90819E-05	286.369247
6.19999	5.45E-11	286.393776	0.1	3.98169E-05	286.393776
6.29999	5.14E-11	286.419939	0.1000001	4.05524E-05	286.419939
6.39999	5.49E-11	286.444457	0.1000002	4.12901E-05	286.444457
6.49999	5.51E-11	286.468974	0.1000002	4.20293E-05	286.468974
6.59999	5.59E-11	286.493487	0.1000002	4.27697E-05	286.493487
6.69999	5.6E-11	286.517995	0.1000003	4.35124E-05	286.517995
6.79999	5.57E-11	286.542508	0.1000001	4.42559E-05	286.542508
6.89999	5.59E-11	286.567053	0.1000001	4.5E-05	286.567053
6.99999	5.58E-11	286.591577	0.1000001	4.57471E-05	286.591577
7.09999	5.64E-11	286.616087	0.1000002	4.64958E-05	286.616087
7.19999	5.64E-11	286.640679	0.1000002	4.72453E-05	286.640679
7.29999	5.71E-11	286.665188	0.1000003	4.79968E-05	286.665188
7.39999	5.75E-11	286.68985	0.1000001	4.87501E-05	286.68985
7.49999	5.71E-11	286.71435	0.1000001	4.95046E-05	286.71435
7.59999	5.74E-11	286.738906	0.1	5.02611E-05	286.738906
7.69999	5.81E-11	286.763508	0.1000002	5.10185E-05	286.763508
7.79999	5.13E-11	286.818797	0.0999999	5.17688E-05	286.818797
7.89999	5.59E-11	286.843318	0.1000002	5.25334E-05	286.843318
7.99999	5.65E-11	286.867849	0.1	5.32967E-05	286.867849
8.09999	5.69E-11	286.892433	0.1000002	5.40617E-05	286.892433
8.19999	5.76E-11	286.91699	0.1000001	5.48283E-05	286.91699
8.29999	5.74E-11	286.941481	0.1000001	5.55964E-05	286.941481
8.39999	5.82E-11	286.965969	0.1000002	5.63645E-05	286.965969
8.49999	5.85E-11	286.990444	0.1	5.71353E-05	286.990444
8.59999	5.76E-11	287.01502	0.1	5.79072E-05	287.01502
8.69999	5.79E-11	287.03954	0.1000002	5.86816E-05	287.03954
8.79999	5.81E-11	287.064057	0.1000005	5.9456E-05	287.064057
8.89999	5.88E-11	287.088564	0.1000002	6.02318E-05	287.088564
8.99999	5.85E-11	287.113118	0.1000001	6.10113E-05	287.113118
9.09999	5.87E-11	287.137719	0.1000002	6.17912E-05	287.137719
9.19999	5.9E-11	287.162242	0.1	6.25728E-05	287.162242
9.29999	5.9E-11	287.186736	0.1000002	6.3353E-05	287.186736
9.39999	5.93E-11	287.211267	0.1	6.41402E-05	287.211267
9.49999	5.97E-11	287.235768	0.1000002	6.49277E-05	287.235768
9.59999	6E-11	287.260333	0.0999999	6.57158E-05	287.260333
9.69999	5.33E-11	287.319801	0.0999999	6.64982E-05	287.319801
9.79999	5.81E-11	287.344364	0.1000003	6.72915E-05	287.344364
9.89999	5.85E-11	287.368937	0.0999999	6.80849E-05	287.368937
9.99999	5.86E-11	287.393558	0.1000002	6.88806E-05	287.393558
9.9	4.58E-11	287.418151	0.1000002	6.807E-05	287.418151
9.8	4.28E-11	287.442713	0.0999998	6.72659E-05	287.442713
9.7	4E-11	287.467219	0.1000001	6.64652E-05	287.467219
9.6	3.94E-11	287.49175	0.1	6.56668E-05	287.49175
9.5	3.76E-11	287.516258	0.0999998	6.48702E-05	287.516258
9.4	3.63E-11	287.540783	0.1000001	6.40759E-05	287.540783
9.3	3.53E-11	287.565281	0.0999997	6.32826E-05	287.565281
9.2	3.42E-11	287.589827	0.0999999	6.24925E-05	287.589827
9.1	3.31E-11	287.614343	0.1	6.17031E-05	287.614343
9	3.37E-11	287.639071	0.0999998	6.09145E-05	287.639071
8.9	3.19E-11	287.663604	0.1000001	6.01322E-05	287.663604
8.8	3.14E-11	287.688159	0.0999999	5.93462E-05	287.688159
8.7	3.09E-11	287.712686	0.0999999	5.85627E-05	287.712686
8.6	3.06E-11	287.737193	0.0999999	5.77804E-05	287.737193
8.5	3.05E-11	287.761799	0.0999998	5.69996E-05	287.761799
8.4	3.58E-11	287.821569	0.0999999	5.62225E-05	287.821569
8.3	3.02E-11	287.846097	0.1000002	5.54443E-05	287.846097
8.2	2.91E-11	287.870598	0.0999999	5.46686E-05	287.870598
8.1	2.86E-11	287.895154	0.0999999	5.3894E-05	287.895154
8	2.8E-11	287.919701	0.0999999	5.31221E-05	287.919701
7.9	2.76E-11	287.944212	0.0999999	5.23519E-05	287.944212
7.8	2.64E-11	287.968725	0.0999998	5.15826E-05	287.968725
7.7	2.61E-11	287.993269	0.0999999	5.08151E-05	287.993269
7.6	2.54E-11	288.017878	0.1000001	5.00489E-05	288.017878
7.5	2.52E-11	288.042389	0.0999998	4.92853E-05	288.042389
7.4	2.51E-11	288.066918	0.1	4.85228E-05	288.066918
7.3	2.43E-11	288.091423	0.1000002	4.77615E-05	288.091423
7.2	2.42E-11	288.115948	0.0999999	4.70022E-05	288.115948
7.1	2.46E-11	288.140562	0.0999998	4.62447E-05	288.140562
7	2.52E-11	288.165603	0.1000001	4.5488E-05	288.165603
6.9	2.35E-11	288.190172	0.0999998	4.47336E-05	288.190172
6.8	2.29E-11	288.214678	0.1	4.39801E-05	288.214678
6.7	2.23E-11	288.239217	0.1	4.32293E-05	288.239217
6.6	2.22E-11	288.263806	0.0999999	4.24793E-05	288.263806
6.5	2.79E-11	288.322918	0.1	4.17357E-05	288.322918
6.4	2.32E-11	288.347469	0.1000002	4.09879E-05	288.347469
6.3	2.18E-11	288.372047	0.0999999	4.02428E-05	288.372047
6.2	2.13E-11	288.396567	0.1	3.9499E-05	288.396567
6.1	2.07E-11	288.421143	0.0999999	3.87568E-05	288.421143
6	2.05E-11	288.445672	0.1000002	3.80168E-05	288.445672
5.9	1.96E-11	288.470168	0.0999998	3.72778E-05	288.470168
5.8	1.96E-11	288.49468	0.0999999	3.65414E-05	288.49468
5.7	1.85E-11	288.519191	0.0999999	3.58067E-05	288.519191
5.6	1.84E-11	288.543713	0.0999997	3.50731E-05	288.543713
5.5	1.81E-11	288.56822	0.0999998	3.43411E-05	288.56822
5.4	1.74E-11	288.592738	0.1	3.36123E-05	288.592738
5.3	1.72E-11	288.617259	0.1	3.28841E-05	288.617259
5.2	1.71E-11	288.642003	0.0999999	3.21577E-05	288.642003
5.1	1.64E-11	288.666528	0.1000001	3.1433E-05	288.666528
5	1.58E-11	288.691102	0.0999998	3.07108E-05	288.691102
4.9	1.54E-11	288.715639	0.0999999	2.99903E-05	288.715639
4.8	1.52E-11	288.740187	0.1	2.92704E-05	288.740187
4.7	1.43E-11	288.764689	0.0999998	2.8553E-05	288.764689
4.6	2.1E-11	288.825409	0.1000002	2.78424E-05	288.825409
4.5	1.57E-11	288.849952	0.1	2.71286E-05	288.849952
4.4	1.44E-11	288.874458	0.0999999	2.64163E-05	288.874458
4.3	1.39E-11	288.899018	0.1	2.57065E-05	288.899018
4.2	1.34E-11	288.923617	0.1	2.49992E-05	288.923617
4.1	1.23E-11	288.948138	0.0999998	2.42934E-05	288.948138
4	1.16E-11	288.97264	0.1000001	2.35897E-05	288.97264
3.9	1.11E-11	288.997194	0.1000001	2.28878E-05	288.997194
3.8	1.05E-11	289.021728	0.1	2.21882E-05	289.021728
3.7	9.6E-12	289.046276	0.0999998	2.14911E-05	289.046276
3.6	9.2E-12	289.070798	0.0999999	2.07958E-05	289.070798
3.5	8E-12	289.095321	0.0999999	2.01027E-05	289.095321
3.4	7.6E-12	289.119858	0.0999999	1.9412E-05	289.119858
3.3	7.6E-12	289.144464	0.1	1.87241E-05	289.144464
3.2	6.4E-12	289.16901	0.0999999	1.80378E-05	289.16901
3.1	6E-12	289.193511	0.0999999	1.73543E-05	289.193511
3	4.9E-12	289.218053	0.1000002	1.66734E-05	289.218053
2.9	4.3E-12	289.24256	0.0999999	1.59946E-05	289.24256
2.8	4E-12	289.267117	0.1000001	1.53191E-05	289.267117
2.7	9.9E-12	289.326558	0.1	1.4652E-05	289.326558
2.6	4.1E-12	289.351096	0.0999999	1.39808E-05	289.351096
2.5	2.6E-12	289.375645	0.1000001	1.33127E-05	289.375645
2.4	1.8E-12	289.400212	0.0999999	1.2649E-05	289.400212
2.3	4E-13	289.42477	0.0999998	1.19886E-05	289.42477
2.2	-7E-13	289.449289	0.1	1.13313E-05	289.449289
2.099999	1.8E-12	289.475702	0.1	1.06792E-05	289.475702
2	-2.4E-12	289.500225	0.0999999	1.00308E-05	289.500225
1.9	-3.8E-12	289.524736	0.1000001	9.3874E-06	289.524736
1.8	-1.1E-12	289.551917	0.0999999	8.75253E-06	289.551917
1.7	-5.8E-12	289.576449	0.0999999	8.11992E-06	289.576449
1.6	-6.8E-12	289.600959	0.1	7.49411E-06	289.600959
1.5	-8.1E-12	289.6255	0.1000002	6.87611E-06	289.6255
1.4	-9E-12	289.650043	0.0999999	6.26696E-06	289.650043
1.3	-1.07E-11	289.674556	0.0999999	5.66832E-06	289.674556
1.2	-1.23E-11	289.69913	0.0999998	5.08169E-06	289.69913
1.1	-1.38E-11	289.723666	0.0999999	4.50977E-06	289.723666
1	-1.57E-11	289.748177	0.1	3.95457E-06	289.748177
0.9	-1.75E-11	289.772767	0.0999996	3.41874E-06	289.772767
0.8	-1.25E-11	289.827951	0.1	2.91199E-06	289.827951
0.7	-1.92E-11	289.852463	0.0999998	2.42096E-06	289.852463
0.6	-2.18E-11	289.876986	0.0999999	1.96146E-06	289.876986
0.5	-2.41E-11	289.901496	0.0999999	1.53823E-06	289.901496
0.4	-2.7E-11	289.926063	0.0999999	1.15691E-06	289.926063
0.3	-2.52E-11	289.953385	0.0999995	8.26157E-07	289.953385
0.1999999	-2.75E-11	289.979821	0.0999995	5.50651E-07	289.979821
0.0999995	-3.36E-11	290.004331	0.0999994	3.35317E-07	290.004331
-5E-07	-3.63E-11	290.028886	0.0999998	1.82646E-07	290.028886
#scan	iMeasureCycle=3	iMux=0	time=319.83	N=401	LocalTime=19/04/2023 13:18:56
#VGate(V)	IGate(A)	time(s)	VDrain(V)	IDrain(A)	time(s)
-2E-07	-1.41E-11	319.837659	0.0999997	2.2875E-07	319.837659
-0.1000003	-2.22E-11	319.862516	0.0999997	1.10597E-07	319.862516
-0.1999999	-2.15E-11	319.90123	0.0999956	4.64824E-08	319.90123
-0.300001	-4.44E-11	319.924652	0.1000043	1.58585E-08	319.924652
-0.400001	-4.72E-11	319.947862	0.1000015	4.6342E-09	319.947862
-0.500001	-4.95E-11	319.971061	0.1000006	1.1776E-09	319.971061
-0.600001	-5.02E-11	319.994345	0.1000003	2.561E-10	319.994345
-0.700001	-5.22E-11	320.017639	0.1000001	4.34E-11	320.017639
-0.800001	-5.54E-11	320.040858	0.1	1.4E-12	320.040858
-0.900001	-5.54E-11	320.064138	0.1	-5.2E-12	320.064138
-1.000001	-5.82E-11	320.087402	0.1	-5.2E-12	320.087402
-1.100001	-5.8E-11	320.110712	0.1	-5.5E-12	320.110712
-1.200001	-6.08E-11	320.133918	0.1000002	-5.3E-12	320.133918
-1.300001	-6.19E-11	320.157124	0.1000002	-5.2E-12	320.157124
-1.400001	-6.12E-11	320.180412	0.1000002	-5.4E-12	320.180412
-1.500001	-6.17E-11	320.203724	0.1	-5.3E-12	320.203724
-1.600001	-6.25E-11	320.227012	0.1000003	-5.2E-12	320.227012
-1.700001	-6.36E-11	320.250305	0.1000001	-5.6E-12	320.250305
-1.800001	-6.44E-11	320.273573	0.1	-5E-12	320.273573
-1.900001	-6.57E-11	320.296778	0.1000001	-5.1E-12	320.296778
-2.000001	-6.71E-11	320.320002	0.1000001	-4.9E-12	320.320002
-2.100001	-6.63E-11	320.343375	0.1000002	-4.8E-12	320.343375
-2.2	-4.62E-11	320.405008	0.1	-6.9E-12	320.405008
-2.3	-6.59E-11	320.428288	0.1000001	-5.2E-12	320.428288
-2.4	-6.53E-11	320.451587	0.1000001	-5.5E-12	320.451587
-2.5	-6.64E-11	320.474867	0.1000001	-5.5E-12	320.474867
-2.6	-6.85E-11	320.498144	0.1	-5E-12	320.498144
-2.7	-6.93E-11	320.52146	0.1000003	-4.7E-12	320.52146
-2.8	-6.82E-11	320.544749	0.1000001	-4.8E-12	320.544749
-2.9	-6.84E-11	320.568032	0.1000002	-4.7E-12	320.568032
-3	-7.05E-11	320.591249	0.1000002	-4.8E-12	320.591249
-3.1	-7.13E-11	320.614475	0.1000003	-4.6E-12	320.614475
-3.2	-6.97E-11	320.637842	0.1000002	-4.6E-12	320.637842
-3.3	-7.17E-11	320.661051	0.1	-4.2E-12	320.661051
-3.4	-7.2E-11	320.684264	0.1	-4.5E-12	320.684264
-3.5	-7.24E-11	320.707498	0.1000001	-4.4E-12	320.707498
-3.6	-7.14E-11	320.730794	0.1000001	-4.5E-12	320.730794
-3.7	-7.34E-11	320.754078	0.1000002	-4.8E-12	320.754078
-3.8	-7.36E-11	320.7773	0.1	-4.1E-12	320.7773
-3.9	-7.43E-11	320.800512	0.1000001	-4.2E-12	320.800512
-4	-7.49E-11	320.823722	0.1000004	-4E-12	320.823722
-4.1	-7.27E-11	320.847104	0.1000001	-4.3E-12	320.847104
-4.2	-5.33E-11	320.900783	0.0999999	-6.2E-12	320.900783
-4.3	-7.1E-11	320.924102	0.1000002	-3.9E-12	320.924102
-4.4	-7.43E-11	320.947315	0.1000002	-4.4E-12	320.947315
-4.5	-7.48E-11	320.970518	0.1000003	-3.8E-12	320.970518
-4.6	-7.54E-11	320.993781	0.1	-4.1E-12	320.993781
-4.7	-7.4E-11	321.017083	0.1000001	-4.1E-12	321.017083
-4.8	-7.59E-11	321.04029	0.0999999	-4.1E-12	321.04029
-4.9	-7.58E-11	321.063507	0.1000002	-3.9E-12	321.063507
-5	-7.63E-11	321.086715	0.1000001	-4E-12	321.086715
-5.1	-7.52E-11	321.110058	0.1000002	-3.9E-12	321.110058
-5.2	-7.53E-11	321.133358	0.1000002	-4E-12	321.133358
-5.3	-7.75E-11	321.156562	0.0999999	-3.9E-12	321.156562
-5.4	-7.74E-11	321.179769	0.1000002	-3.6E-12	321.179769
-5.5	-7.62E-11	321.203078	0.1000001	-4.2E-12	321.203078
-5.6	-7.5E-11	321.226425	0.1000002	-4E-12	321.226425
-5.7	-7.84E-11	321.249646	0.1000002	-3.9E-12	321.249646
-5.8	-7.84E-11	321.272857	0.1000002	-3.9E-12	321.272857
-5.9	-7.89E-11	321.296074	0.1000001	-3.6E-12	321.296074
-6	-7.7E-11	321.319376	0.0999999	-4.1E-12	321.319376
-6.1	-7.9E-11	321.342677	0.1000002	-3.8E-12	321.342677
-6.2	-5.83E-11	321.40209	0.0999999	-5.3E-12	321.40209
-6.3	-7.61E-11	321.425437	0.1000002	-4.1E-12	321.425437
-6.4	-7.84E-11	321.448659	0.1000001	-4.1E-12	321.448659
-6.5	-7.9E-11	321.471869	0.1000002	-3.9E-12	321.471869
-6.6	-7.97E-11	321.495132	0.1	-3.7E-12	321.495132
-6.7	-7.77E-11	321.518557	0.1	-4.3E-12	321.518557
-6.8	-7.99E-11	321.541782	0.1000002	-3.6E-12	321.541782
-6.9	-8.09E-11	321.565004	0.1000001	-4E-12	321.565004
-7	-7.95E-11	321.588291	0.1000002	-4E-12	321.588291
-7.1	-7.93E-11	321.611572	0.1000001	-4.1E-12	321.611572
-7.2	-8.13E-11	321.63478	0.1000001	-3.7E-12	321.63478
-7.3	-8.15E-11	321.657994	0.1000003	-3.6E-12	321.657994
-7.4	-8.01E-11	321.681282	0.1000001	-3.7E-12	321.681282
-7.5	-8.03E-11	321.704585	0.1000002	-3.4E-12	321.704585
-7.6	-8.19E-11	321.727807	0.1000003	-3.6E-12	321.727807
-7.7	-8.24E-11	321.75102	0.1000001	-3.6E-12	321.75102
-7.8	-8.09E-11	321.774355	0.1000001	-3.6E-12	321.774355
-7.9	-8.11E-11	321.797657	0.1000001	-4.1E-12	321.797657
-8	-8.3E-11	321.820963	0.1000002	-3.5E-12	321.820963
-8.1	-8.14E-11	321.844345	0.1000002	-4E-12	321.844345
-8.2	-6.23E-11	321.899248	0.1	-5.3E-12	321.899248
-8.3	-7.88E-11	321.922675	0.1000001	-3.6E-12	321.922675
-8.4	-8.23E-11	321.945888	0.1000001	-3.5E-12	321.945888
-8.5	-8.24E-11	321.969114	0.1000002	-3.8E-12	321.969114
-8.6	-8.25E-11	321.99237	0.1000003	-3.9E-12	321.99237
-8.7	-8.06E-11	322.015671	0.1000002	-3.9E-12	322.015671
-8.8	-8.24E-11	322.038922	0.1000001	-4E-12	322.038922
-8.9	-8.18E-11	322.062229	0.1000001	-3.9E-12	322.062229
-9	-8.19E-11	322.085518	0.1000002	-3.8E-12	322.085518
-9.1	-8.16E-11	322.108878	0.0999999	-4E-12	322.108878
-9.2	-8.35E-11	322.132101	0.1000001	-3.9E-12	322.132101
-9.3	-8.41E-11	322.155321	0.1000002	-3.3E-12	322.155321
-9.4	-8.31E-11	322.178603	0.1000001	-3.9E-12	322.178603
-9.5	-8.27E-11	322.201919	0.1000001	-3.8E-12	322.201919
-9.6	-8.49E-11	322.225228	0.1000001	-3.2E-12	322.225228
-9.7	-8.3E-11	322.248523	0.1000002	-3.5E-12	322.248523
-9.8	-8.36E-11	322.2718	0.1000001	-3.7E-12	322.2718
-9.9	-8.51E-11	322.295021	0.1000001	-3.6E-12	322.295021
-10	-8.58E-11	322.318242	0.0999999	-3.4E-12	322.318242
-9.90001	-4.49E-11	322.34162	0.0999997	-6.9E-12	322.34162
-9.80001	-4.2E-11	322.364924	0.1	-6.6E-12	322.364924
-9.70001	-5.67E-11	322.405219	0.0999998	-5.5E-12	322.405219
-9.60001	-3.59E-11	322.428502	0.0999995	-7.2E-12	322.428502
-9.50001	-3.36E-11	322.451727	0.0999997	-7.4E-12	322.451727
-9.40001	-3.46E-11	322.475017	0.0999997	-6.4E-12	322.475017
-9.30001	-3.27E-11	322.498304	0.0999997	-7E-12	322.498304
-9.20001	-3.2E-11	322.521556	0.0999996	-7.3E-12	322.521556
-9.10001	-3.13E-11	322.544857	0.0999999	-7E-12	322.544857
-9.00001	-3.05E-11	322.568144	0.0999998	-6.9E-12	322.568144
-8.90001	-2.83E-11	322.591363	0.0999997	-7.2E-12	322.591363
-8.80001	-2.75E-11	322.61459	0.0999996	-7.1E-12	322.61459
-8.70001	-2.85E-11	322.637963	0.0999998	-7.2E-12	322.637963
-8.60001	-2.79E-11	322.661263	0.0999996	-7.2E-12	322.661263
-8.50001	-2.76E-11	322.684555	0.0999998	-6.8E-12	322.684555
-8.40001	-2.67E-11	322.707861	0.0999996	-6.6E-12	322.707861
-8.30001	-2.59E-11	322.731237	0.0999998	-7E-12	322.731237
-8.20001	-2.33E-11	322.754459	0.0999995	-7.2E-12	322.754459
-8.10001	-2.33E-11	322.777721	0.0999996	-7.5E-12	322.777721
-8	-2.44E-11	322.801008	0.0999997	-7.5E-12	322.801008
-7.90001	-2.45E-11	322.824315	0.0999996	-7.5E-12	322.824315
-7.80001	-2.28E-11	322.847609	0.0999994	-7.3E-12	322.847609
-7.70001	-4.32E-11	322.906384	0.0999998	-5.7E-12	322.906384
-7.6	-2.37E-11	322.92962	0.0999997	-7.3E-12	322.92962
-7.50001	-2.22E-11	322.952845	0.0999997	-7.2E-12	322.952845
-7.40001	-2.35E-11	322.97615	0.0999996	-6.8E-12	322.97615
-7.30001	-2.29E-11	322.999508	0.0999998	-7.7E-12	322.999508
-7.2	-2.04E-11	323.022718	0.0999996	-7.4E-12	323.022718
-7.10001	-2.03E-11	323.045961	0.0999997	-7.5E-12	323.045961
-7.00001	-2.09E-11	323.069247	0.0999997	-7E-12	323.069247
-6.90001	-2.05E-11	323.092544	0.0999998	-7.2E-12	323.092544
-6.80001	-1.85E-11	323.115819	0.0999996	-7.6E-12	323.115819
-6.70001	-1.76E-11	323.139039	0.0999997	-7.8E-12	323.139039
-6.60001	-1.9E-11	323.162391	0.0999996	-7.8E-12	323.162391
-6.50001	-1.71E-11	323.18558	0.0999996	-7.7E-12	323.18558
-6.40001	-1.65E-11	323.208822	0.0999997	-7.4E-12	323.208822
-6.30001	-1.62E-11	323.23204	0.0999997	-8.4E-12	323.23204
-6.20001	-1.8E-11	323.25533	0.0999997	-7.8E-12	323.25533
-6.10001	-1.76E-11	323.27862	0.0999998	-7.8E-12	323.27862
-6.00001	-1.49E-11	323.301816	0.0999996	-7.9E-12	323.301816
-5.90001	-1.48E-11	323.32502	0.0999996	-8E-12	323.32502
-5.80001	-1.62E-11	323.3484	0.0999997	-7.7E-12	323.3484
-5.70001	-3.54E-11	323.408008	0.0999998	-6E-12	323.408008
-5.60001	-1.51E-11	323.431278	0.0999997	-8.3E-12	323.431278
-5.50001	-1.65E-11	323.454585	0.0999999	-7.7E-12	323.454585
-5.40001	-1.58E-11	323.47788	0.0999998	-8.1E-12	323.47788
-5.30001	-1.32E-11	323.50115	0.0999999	-7.7E-12	323.50115
-5.20001	-1.28E-11	323.524365	0.0999997	-8.3E-12	323.524365
-5.1	-1.39E-11	323.547652	0.0999997	-8.1E-12	323.547652
-5.00001	-1.18E-11	323.570865	0.0999997	-8.2E-12	323.570865
-4.90001	-1.16E-11	323.594076	0.0999997	-8.5E-12	323.594076
-4.80001	-1.07E-11	323.617295	0.0999997	-8.2E-12	323.617295
-4.7	-1.2E-11	323.640663	0.0999998	-8.4E-12	323.640663
-4.60001	-9.7E-12	323.663875	0.0999998	-8.4E-12	323.663875
-4.50001	-9.3E-12	323.687091	0.0999997	-8.5E-12	323.687091
-4.40001	-9.1E-12	323.710327	0.0999999	-8.2E-12	323.710327
-4.3	-1.03E-11	323.733616	0.0999998	-8.2E-12	323.733616
-4.20001	-1E-11	323.756918	0.0999998	-8.3E-12	323.756918
-4.10001	-7.7E-12	323.780183	0.0999997	-8.3E-12	323.780183
-4.00001	-6.6E-12	323.803387	0.0999998	-8.2E-12	323.803387
-3.90001	-8.5E-12	323.826683	0.0999998	-8E-12	323.826683
-3.80001	-6.6E-12	323.850004	0.0999998	-8.2E-12	323.850004
-3.70001	-2.62E-11	323.905194	0.0999999	-7.4E-12	323.905194
-3.60001	-6.5E-12	323.928424	0.0999998	-8.8E-12	323.928424
-3.50001	-5.7E-12	323.951647	0.0999998	-8.4E-12	323.951647
-3.40001	-6.4E-12	323.974933	0.0999996	-8.6E-12	323.974933
-3.30001	-4.2E-12	323.998197	0.0999998	-9.1E-12	323.998197
-3.20001	-3.6E-12	324.021405	0.0999997	-9E-12	324.021405
-3.10001	-4.5E-12	324.04477	0.0999997	-8.8E-12	324.04477
-3.00001	-4.1E-12	324.068061	0.0999997	-9E-12	324.068061
-2.90001	-1.9E-12	324.091277	0.0999997	-9.3E-12	324.091277
-2.80001	-9E-13	324.114539	0.0999996	-9E-12	324.114539
-2.70001	-3E-13	324.137757	0.0999996	-9.1E-12	324.137757
-2.60001	-1.5E-12	324.161057	0.0999998	-9E-12	324.161057
-2.50001	4E-13	324.18426	0.0999996	-9.6E-12	324.18426
-2.40001	1.4E-12	324.207492	0.0999997	-9.4E-12	324.207492
-2.30001	8E-13	324.230791	0.0999997	-9.6E-12	324.230791
-2.20001	1.5E-12	324.254072	0.0999997	-9.1E-12	324.254072
-2.099999	-1.28E-11	324.279271	0.0999999	-7.6E-12	324.279271
-2	4.8E-12	324.302476	0.0999996	-9.2E-12	324.302476
-1.9	3E-12	324.325807	0.0999996	-9E-12	324.325807
-1.8	4.4E-12	324.349172	0.0999997	-9E-12	324.349172
-1.700001	-1.39E-11	324.395903	0.1	-8.2E-12	324.395903
-1.6	4.9E-12	324.419259	0.0999998	-9.7E-12	324.419259
-1.5	8.3E-12	324.442531	0.0999998	-9.7E-12	324.442531
-1.4	9.7E-12	324.465752	0.0999997	-9.8E-12	324.465752
-1.3	1.08E-11	324.488974	0.0999997	-1.04E-11	324.488974
-1.2	1.03E-11	324.512312	0.1	-1.05E-11	324.512312
-1.1	1.26E-11	324.53561	0.0999996	-9.9E-12	324.53561
-0.999999	1.27E-11	324.558899	0.0999998	-9.7E-12	324.558899
-0.9	1.38E-11	324.582178	0.0999996	-7E-12	324.582178
-0.8	1.54E-11	324.605463	0.0999997	1.2E-11	324.605463
-0.7	1.84E-11	324.628673	0.0999998	1.117E-10	324.628673
-0.599999	1.98E-11	324.651967	0.1	5.487E-10	324.651967
-0.5	1.99E-11	324.675249	0.1000008	2.2302E-09	324.675249
-0.4	1.76E-11	324.698731	0.1000034	7.8335E-09	324.698731
-0.299999	2.29E-11	324.722022	0.1000084	2.3788E-08	324.722022
-0.1999997	9.2E-12	324.74711	0.1000209	6.14165E-08	324.74711
-0.0999999	6.8E-12	324.786666	0.1000002	1.3286E-07	324.786666
3E-07	1.33E-11	324.811177	0.1000008	2.60273E-07	324.811177
0.1000003	1.53E-11	324.8357	0.1000008	4.45871E-07	324.8357
0.2000003	1.75E-11	324.860268	0.1000012	6.92958E-07	324.860268
0.299999	1.24E-11	324.919384	0.1000003	9.87468E-07	324.919384
0.399999	1.43E-11	324.953897	0.1000001	1.34631E-06	324.953897
0.5	2.1E-11	324.978433	0.1	1.75552E-06	324.978433
0.599999	2.31E-11	325.00301	0.1000002	2.20152E-06	325.00301
0.7	2.54E-11	325.027545	0.1000002	2.67914E-06	325.027545
0.8	2.74E-11	325.052084	0.1000001	3.18408E-06	325.052084
0.899999	2.98E-11	325.076627	0.1000002	3.71218E-06	325.076627
0.999999	3.17E-11	325.101145	0.1000002	4.26126E-06	325.101145
1.1	3.37E-11	325.125654	0.1000002	4.82815E-06	325.125654
1.2	3.48E-11	325.150163	0.1000002	5.41011E-06	325.150163
1.3	3.64E-11	325.174658	0.1	6.00494E-06	325.174658
1.4	3.77E-11	325.199176	0.1000002	6.61087E-06	325.199176
1.5	3.87E-11	325.223703	0.1000001	7.22609E-06	325.223703
1.599999	4E-11	325.24823	0.1000003	7.84975E-06	325.24823
1.699999	4.14E-11	325.27285	0.1000001	8.47994E-06	325.27285
1.8	4.18E-11	325.297367	0.1000002	9.11641E-06	325.297367
1.9	4.31E-11	325.321866	0.1	9.75756E-06	325.321866
2	4.35E-11	325.346424	0.1	1.040423E-05	325.346424
2.099999	3.48E-11	325.421478	0.1	1.10364E-05	325.421478
2.19999	4.13E-11	325.446291	0.0999998	1.16953E-05	325.446291
2.29999	4.27E-11	325.470841	0.1000001	1.2356E-05	325.470841
2.39999	4.41E-11	325.495357	0.1000003	1.30186E-05	325.495357
2.49999	4.44E-11	325.519935	0.1000002	1.36849E-05	325.519935
2.59999	4.54E-11	325.544434	0.1	1.43536E-05	325.544434
2.69999	4.61E-11	325.568951	0.0999999	1.50252E-05	325.568951
2.79999	4.69E-11	325.593447	0.1	1.56995E-05	325.593447
2.89999	4.74E-11	325.617985	0.1	1.63757E-05	325.617985
2.99999	4.76E-11	325.642481	0.1	1.7055E-05	325.642481
3.09999	4.81E-11	325.666979	0.1000001	1.77362E-05	325.666979
3.19999	4.87E-11	325.691523	0.1	1.84198E-05	325.691523
3.29999	4.93E-11	325.716078	0.1000002	1.91057E-05	325.716078
3.39999	4.91E-11	325.740591	0.1000001	1.97939E-05	325.740591
3.49999	4.96E-11	325.765109	0.1000003	2.04833E-05	325.765109
3.59999	5.01E-11	325.789683	0.0999999	2.11752E-05	325.789683
3.69999	5.04E-11	325.814204	0.1	2.18695E-05	325.814204
3.79999	5.04E-11	325.83872	0.1000001	2.25655E-05	325.83872
3.89999	5.1E-11	325.863291	0.1000003	2.32625E-05	325.863291
3.99999	4.49E-11	325.916799	0.1000003	2.39548E-05	325.916799
4.09999	4.99E-11	325.941317	0.1	2.46577E-05	325.941317
4.19999	5.06E-11	325.965831	0.1	2.53619E-05	325.965831
4.29999	5.12E-11	325.990346	0.1	2.6067E-05	325.990346
4.39999	5.18E-11	326.014928	0.1000001	2.67733E-05	326.014928
4.49999	5.13E-11	326.039428	0.1000001	2.7481E-05	326.039428
4.59999	5.15E-11	326.064061	0.1000002	2.81903E-05	326.064061
4.69999	5.26E-11	326.088575	0.1000001	2.89016E-05	326.088575
4.79999	5.25E-11	326.113184	0.1000001	2.96141E-05	326.113184
4.89999	5.26E-11	326.1377	0.1000001	3.03273E-05	326.1377
4.99999	5.3E-11	326.162236	0.1000002	3.10432E-05	326.162236
5.09999	5.36E-11	326.186768	0.0999999	3.17602E-05	326.186768
5.19999	5.33E-11	326.211306	0.1000002	3.24785E-05	326.211306
5.29999	5.34E-11	326.235847	0.0999999	3.31981E-05	326.235847
5.39999	5.41E-11	326.260359	0.1000001	3.39195E-05	326.260359
5.49999	5.45E-11	326.28487	0.1000001	3.46419E-05	326.28487
5.59999	5.44E-11	326.309404	0.1000001	3.53674E-05	326.309404
5.69999	5.42E-11	326.333926	0.1	3.60935E-05	326.333926
5.79999	5.44E-11	326.35856	0.0999998	3.68213E-05	326.35856
5.89999	4.77E-11	326.418383	0.0999999	3.75396E-05	326.418383
5.99999	5.32E-11	326.442954	0.1000001	3.82739E-05	326.442954
6.09999	5.38E-11	326.467485	0.0999998	3.90073E-05	326.467485
6.19999	5.43E-11	326.492003	0.1	3.97425E-05	326.492003
6.29999	5.42E-11	326.516589	0.0999999	4.04789E-05	326.516589
6.39999	5.54E-11	326.541115	0.1000001	4.12168E-05	326.541115
6.49999	5.55E-11	326.565666	0.1000001	4.19557E-05	326.565666
6.59999	5.61E-11	326.590183	0.1000003	4.2697E-05	326.590183
6.69999	5.55E-11	326.614739	0.1000001	4.34394E-05	326.614739
6.79999	5.57E-11	326.639307	0.1000002	4.41835E-05	326.639307
6.89999	5.62E-11	326.663813	0.1000002	4.49283E-05	326.663813
6.99999	5.61E-11	326.688413	0.0999999	4.56753E-05	326.688413
7.09999	5.63E-11	326.712952	0.1000001	4.64252E-05	326.712952
7.19999	5.71E-11	326.737464	0.1000002	4.71752E-05	326.737464
7.29999	5.72E-11	326.762006	0.1	4.79271E-05	326.762006
7.39999	5.71E-11	326.786601	0.1000001	4.86799E-05	326.786601
7.49999	5.71E-11	326.811104	0.1	4.9435E-05	326.811104
7.59999	5.72E-11	326.835621	0.1	5.01911E-05	326.835621
7.69999	5.74E-11	326.860253	0.1	5.09485E-05	326.860253
7.79999	5.06E-11	326.920446	0.1	5.16983E-05	326.920446
7.89999	5.55E-11	326.944979	0.1000001	5.24623E-05	326.944979
7.99999	5.62E-11	326.969518	0.1	5.32264E-05	326.969518
8.09999	5.69E-11	326.994069	0.1000002	5.39916E-05	326.994069
8.19999	5.7E-11	327.018667	0.1000001	5.47588E-05	327.018667
8.29999	5.73E-11	327.04319	0.0999999	5.55261E-05	327.04319
8.39999	5.75E-11	327.067695	0.0999998	5.62958E-05	327.067695
8.49999	5.73E-11	327.092305	0.1000001	5.70671E-05	327.092305
8.59999	5.76E-11	327.116926	0.0999999	5.78382E-05	327.116926
8.69999	5.79E-11	327.141459	0.1000001	5.86127E-05	327.141459
8.79999	5.82E-11	327.165983	0.1000001	5.93884E-05	327.165983
8.89999	5.79E-11	327.19051	0.0999999	6.01657E-05	327.19051
8.99999	5.83E-11	327.215071	0.1000001	6.09446E-05	327.215071
9.09999	5.85E-11	327.239607	0.0999998	6.17249E-05	327.239607
9.19999	5.86E-11	327.264117	0.1	6.25071E-05	327.264117
9.29999	5.9E-11	327.288637	0.0999998	6.32876E-05	327.288637
9.39999	5.91E-11	327.313167	0.1000001	6.40731E-05	327.313167
9.49999	5.91E-11	327.337669	0.1	6.48608E-05	327.337669
9.59999	5.94E-11	327.362308	0.1	6.56504E-05	327.362308
9.69999	5.33E-11	327.41703	0.1000001	6.6433E-05	327.41703
9.79999	5.83E-11	327.441586	0.1000001	6.72264E-05	327.441586
9.89999	5.89E-11	327.466112	0.0999999	6.80202E-05	327.466112
9.99999	5.95E-11	327.49063	0.0999999	6.88148E-05	327.49063
9.9	4.61E-11	327.515211	0.1000002	6.80052E-05	327.515211
9.8	4.29E-11	327.539749	0.1000001	6.72011E-05	327.539749
9.7	4.04E-11	327.564277	0.0999999	6.64E-05	327.564277
9.6	3.88E-11	327.588781	0.1000001	6.56021E-05	327.588781
9.5	3.75E-11	327.613322	0.0999998	6.48054E-05	327.613322
9.4	3.59E-11	327.637833	0.0999997	6.40112E-05	327.637833
9.3	3.54E-11	327.662373	0.0999999	6.3218E-05	327.662373
9.2	3.52E-11	327.686923	0.0999999	6.24269E-05	327.686923
9.1	3.36E-11	327.71172	0.1	6.16377E-05	327.71172
9	3.27E-11	327.736247	0.0999998	6.08499E-05	327.736247
8.9	3.13E-11	327.760768	0.1	6.00669E-05	327.760768
8.8	3.13E-11	327.785384	0.0999999	5.92819E-05	327.785384
8.7	3.13E-11	327.809902	0.0999999	5.84968E-05	327.809902
8.6	2.99E-11	327.834448	0.0999998	5.77151E-05	327.834448
8.5	2.93E-11	327.859048	0.0999998	5.69349E-05	327.859048
8.4	3.58E-11	327.921171	0.1	5.61598E-05	327.921171
8.3	3.02E-11	327.94575	0.1000001	5.53798E-05	327.94575
8.2	2.95E-11	327.970287	0.0999997	5.46042E-05	327.970287
8.1	2.84E-11	327.994826	0.1000001	5.38301E-05	327.994826
8	2.78E-11	328.019428	0.1	5.30579E-05	328.019428
7.9	2.7E-11	328.043954	0.0999999	5.22864E-05	328.043954
7.8	2.68E-11	328.068458	0.0999998	5.1517E-05	328.068458
7.7	2.58E-11	328.092965	0.1	5.07504E-05	328.092965
7.6	2.58E-11	328.117528	0.0999998	4.99847E-05	328.117528
7.5	2.48E-11	328.142043	0.0999999	4.92197E-05	328.142043
7.4	2.45E-11	328.166535	0.1000001	4.84571E-05	328.166535
7.3	2.4E-11	328.191117	0.0999998	4.76967E-05	328.191117
7.2	2.43E-11	328.215667	0.1	4.69375E-05	328.215667
7.1	2.36E-11	328.24021	0.0999998	4.6179E-05	328.24021
7	2.34E-11	328.264736	0.0999999	4.54224E-05	328.264736
6.9	2.23E-11	328.289259	0.1	4.46687E-05	328.289259
6.8	2.21E-11	328.313819	0.1	4.39155E-05	328.313819
6.7	2.19E-11	328.338336	0.0999999	4.31639E-05	328.338336
6.6	2.18E-11	328.362964	0.0999999	4.24138E-05	328.362964
6.5	2.77E-11	328.424757	0.0999998	4.16713E-05	328.424757
6.4	2.29E-11	328.449335	0.1000001	4.09235E-05	328.449335
6.3	2.2E-11	328.473859	0.1	4.01777E-05	328.473859
6.2	2.16E-11	328.498392	0.1000001	3.94333E-05	328.498392
6.1	2.06E-11	328.522972	0.0999996	3.86921E-05	328.522972
6	2.05E-11	328.547514	0.0999998	3.79518E-05	328.547514
5.9	1.95E-11	328.57206	0.0999999	3.72132E-05	328.57206
5.8	1.91E-11	328.596598	0.1000002	3.64757E-05	328.596598
5.7	1.77E-11	328.621147	0.0999999	3.57406E-05	328.621147
5.6	1.78E-11	328.645779	0.1	3.5008E-05	328.645779
5.5	1.77E-11	328.670337	0.1000001	3.42758E-05	328.670337
5.4	1.7E-11	328.694876	0.0999998	3.35463E-05	328.694876
5.3	1.66E-11	328.719418	0.1000001	3.2819E-05	328.719418
5.2	1.67E-11	328.743942	0.0999999	3.20923E-05	328.743942
5.1	1.59E-11	328.768478	0.0999999	3.13672E-05	328.768478
5	1.55E-11	328.79305	0.1	3.06448E-05	328.79305
4.9	1.51E-11	328.817647	0.1	2.99235E-05	328.817647
4.8	1.47E-11	328.842172	0.0999999	2.92049E-05	328.842172
4.7	1.41E-11	328.866781	0.0999998	2.84878E-05	328.866781
4.6	2.04E-11	328.926168	0.0999998	2.77774E-05	328.926168
4.5	1.5E-11	328.950693	0.1000001	2.70626E-05	328.950693
4.4	1.4E-11	328.975194	0.0999999	2.63507E-05	328.975194
4.3	1.35E-11	328.999796	0.1000002	2.56408E-05	328.999796
4.2	1.27E-11	329.024378	0.0999998	2.49335E-05	329.024378
4.1	1.18E-11	329.048895	0.0999999	2.42273E-05	329.048895
4	1.13E-11	329.073428	0.0999999	2.35239E-05	329.073428
3.9	1.08E-11	329.097896	0.1	2.28224E-05	329.097896
3.8	1.02E-11	329.122476	0.1000001	2.21226E-05	329.122476
3.7	9E-12	329.146991	0.1000001	2.14249E-05	329.146991
3.6	8.8E-12	329.171504	0.1	2.07293E-05	329.171504
3.5	8.5E-12	329.196032	0.1	2.00362E-05	329.196032
3.4	7.8E-12	329.220582	0.1	1.93455E-05	329.220582
3.3	7.1E-12	329.245076	0.0999999	1.86574E-05	329.245076
3.2	6.2E-12	329.269598	0.1	1.79715E-05	329.269598
3.1	5.8E-12	329.294121	0.1	1.72883E-05	329.294121
3	4.9E-12	329.318656	0.1	1.6607E-05	329.318656
2.9	4.2E-12	329.34318	0.1	1.59289E-05	329.34318
2.8	4.3E-12	329.367841	0.0999999	1.5253E-05	329.367841
2.7	1E-11	329.427821	0.1	1.45853E-05	329.427821
2.6	4.1E-12	329.452413	0.0999999	1.39139E-05	329.452413
2.5	2.9E-12	329.476933	0.1000002	1.32468E-05	329.476933
2.4	1.6E-12	329.501452	0.0999999	1.25826E-05	329.501452
2.3	8E-13	329.526051	0.0999999	1.19225E-05	329.526051
2.2	-6E-13	329.550588	0.0999999	1.12657E-05	329.550588
2.099999	1.5E-12	329.577001	0.1	1.06142E-05	329.577001
2	-2.2E-12	329.601507	0.1	9.9659E-06	329.601507
1.9	-3.8E-12	329.626041	0.0999997	9.3233E-06	329.626041
1.8	-1.1E-12	329.653193	0.0999999	8.68899E-06	329.653193
1.7	-5.8E-12	329.677698	0.0999999	8.05643E-06	329.677698
1.6	-6.9E-12	329.702241	0.0999998	7.43137E-06	329.702241
1.5	-8.6E-12	329.726777	0.0999999	6.81361E-06	329.726777
1.4	-9.6E-12	329.751287	0.0999998	6.20511E-06	329.751287
1.3	-1.12E-11	329.775788	0.0999999	5.60741E-06	329.775788
1.2	-1.27E-11	329.800365	0.1	5.02208E-06	329.800365
1.1	-1.45E-11	329.824872	0.0999999	4.45134E-06	329.824872
1	-1.6E-11	329.849375	0.0999999	3.89764E-06	329.849375
0.9	-1.76E-11	329.873977	0.0999999	3.36362E-06	329.873977
0.8	-1.37E-11	329.924837	0.1	2.85771E-06	329.924837
0.7	-1.97E-11	329.949385	0.0999998	2.37024E-06	329.949385
0.6	-2.24E-11	329.973889	0.1	1.91408E-06	329.973889
0.5	-2.48E-11	329.998403	0.0999999	1.49468E-06	329.998403
0.4	-2.72E-11	330.02299	0.1	1.11815E-06	330.02299
0.3	-2.58E-11	330.050334	0.0999995	7.93581E-07	330.050334
0.1999997	-2.81E-11	330.076736	0.0999995	5.2431E-07	330.076736
0.0999995	-3.36E-11	330.101253	0.0999995	3.15999E-07	330.101253
-4E-07	-3.59E-11	330.125843	0.0999997	1.69553E-07	330.125843
