#scan	iMeasureCycle=1	iMux=0	time=0.021	N=401	LocalTime=19/04/2023 15:07:37
#VGate(V)	IGate(A)	time(s)	VDrain(V)	IDrain(A)	time(s)
-3E-07	-1.625E-10	0.023956	0.0999999	1.97758E-06	0.023956
-0.1000003	-2.211E-10	0.048868	0.0999998	1.5203E-06	0.048868
-0.2000005	-2.696E-10	0.073366	0.0999999	1.11896E-06	0.073366
-0.3	-1.515E-10	0.100887	0.0999996	7.80404E-07	0.100887
-0.4	-1.035E-10	0.125383	0.0999995	5.06322E-07	0.125383
-0.5	-8.4E-11	0.149905	0.0999994	3.01315E-07	0.149905
-0.6	-7.39E-11	0.174426	0.0999997	1.60582E-07	0.174426
-0.7	-5.76E-11	0.212097	0.0999933	7.6207E-08	0.212097
-0.800001	-7.5E-11	0.235336	0.1000074	3.00997E-08	0.235336
-0.900001	-7.2E-11	0.25868	0.1000019	1.01364E-08	0.25868
-1.000001	-7.14E-11	0.281955	0.1000008	2.9068E-09	0.281955
-1.100001	-7.27E-11	0.305171	0.1000004	7.137E-10	0.305171
-1.200001	-7.23E-11	0.328374	0.1000003	1.456E-10	0.328374
-1.300001	-7.03E-11	0.351668	0.1000003	1.84E-11	0.351668
-1.400001	-7.2E-11	0.37496	0.1000002	-5.8E-12	0.37496
-1.500001	-7.19E-11	0.398184	0.1000002	-9.3E-12	0.398184
-1.600001	-7.2E-11	0.421392	0.1000001	-9.5E-12	0.421392
-1.700001	-7.01E-11	0.44468	0.1000002	-9.5E-12	0.44468
-1.800001	-7.17E-11	0.467929	0.1000002	-9E-12	0.467929
-1.900001	-7.17E-11	0.491185	0.1000001	-8.8E-12	0.491185
-2.000001	-7.23E-11	0.5144	0.1000002	-8.2E-12	0.5144
-2.100001	-7.15E-11	0.537687	0.1	-9.1E-12	0.537687
-2.2	-5.01E-11	0.591336	0.1000001	-1.04E-11	0.591336
-2.3	-7.03E-11	0.614604	0.1	-8.3E-12	0.614604
-2.4	-6.96E-11	0.637905	0.1000002	-8.9E-12	0.637905
-2.5	-6.99E-11	0.661198	0.1000001	-9.1E-12	0.661198
-2.6	-7.27E-11	0.684476	0.1000003	-8.6E-12	0.684476
-2.7	-7.31E-11	0.707702	0.1000002	-8.5E-12	0.707702
-2.8	-7.14E-11	0.731002	0.1	-8.5E-12	0.731002
-2.9	-7.18E-11	0.754292	0.1000002	-8.4E-12	0.754292
-3	-7.39E-11	0.777504	0.1	-8E-12	0.777504
-3.1	-7.28E-11	0.800789	0.1000001	-8.5E-12	0.800789
-3.2	-7.31E-11	0.824073	0.0999999	-8.8E-12	0.824073
-3.3	-7.51E-11	0.847284	0.1	-8.1E-12	0.847284
-3.4	-7.57E-11	0.870503	0.1000001	-8.4E-12	0.870503
-3.5	-7.6E-11	0.893737	0.1000001	-8.8E-12	0.893737
-3.6	-7.42E-11	0.917036	0.1000001	-8.8E-12	0.917036
-3.7	-7.63E-11	0.940304	0.1000002	-8.5E-12	0.940304
-3.8	-7.69E-11	0.963526	0.1000001	-8.1E-12	0.963526
-3.9	-7.72E-11	0.98682	0.1000002	-8.1E-12	0.98682
-4	-7.62E-11	1.010109	0.1000001	-8.3E-12	1.010109
-4.1	-7.78E-11	1.033301	0.1000001	-8.1E-12	1.033301
-4.2	-5.64E-11	1.08702	0.0999999	-9.4E-12	1.08702
-4.3	-7.44E-11	1.110334	0.1000002	-8.1E-12	1.110334
-4.4	-7.7E-11	1.133544	0.1000002	-7.5E-12	1.133544
-4.5	-7.75E-11	1.156757	0.1	-7.8E-12	1.156757
-4.6	-7.81E-11	1.180031	0.1000001	-7.7E-12	1.180031
-4.7	-7.65E-11	1.203326	0.1000003	-8.3E-12	1.203326
-4.8	-7.34E-11	1.226782	0.1	-8.5E-12	1.226782
-4.9	-7.88E-11	1.250012	0.1000001	-8.2E-12	1.250012
-5	-7.94E-11	1.273277	0.1000001	-7.8E-12	1.273277
-5.1	-7.95E-11	1.296514	0.1000001	-7.5E-12	1.296514
-5.2	-8.02E-11	1.319739	0.1000001	-7.6E-12	1.319739
-5.3	-7.83E-11	1.343109	0.1	-7.9E-12	1.343109
-5.4	-7.86E-11	1.3664	0.1000001	-7.7E-12	1.3664
-5.5	-8E-11	1.389619	0.1000001	-7.6E-12	1.389619
-5.6	-7.92E-11	1.412917	0.1	-7.5E-12	1.412917
-5.7	-7.93E-11	1.436198	0.1	-7.8E-12	1.436198
-5.8	-7.94E-11	1.45949	0.1	-7.9E-12	1.45949
-5.9	-8.16E-11	1.482783	0.1000001	-7.3E-12	1.482783
-6	-8.19E-11	1.505994	0.1000002	-7.6E-12	1.505994
-6.1	-8.04E-11	1.529287	0.1000001	-7.5E-12	1.529287
-6.2	-6.09E-11	1.584115	0.0999999	-9.4E-12	1.584115
-6.3	-7.79E-11	1.607506	0.1000002	-8.1E-12	1.607506
-6.4	-8.13E-11	1.630721	0.1000002	-7.3E-12	1.630721
-6.5	-8.17E-11	1.653943	0.1000003	-7.5E-12	1.653943
-6.6	-8.17E-11	1.677214	0.1000002	-7.8E-12	1.677214
-6.7	-8.05E-11	1.700512	0.1000002	-7.8E-12	1.700512
-6.8	-8.17E-11	1.723745	0.1000003	-7.6E-12	1.723745
-6.9	-8.3E-11	1.747076	0.0999999	-7.4E-12	1.747076
-7	-8.11E-11	1.770422	0.1000003	-7.7E-12	1.770422
-7.1	-8.2E-11	1.793713	0.1000001	-7.9E-12	1.793713
-7.2	-8.38E-11	1.816906	0.1000001	-7.5E-12	1.816906
-7.3	-8.34E-11	1.84012	0.1000001	-7.6E-12	1.84012
-7.4	-8.26E-11	1.863419	0.1000002	-7.6E-12	1.863419
-7.5	-8.2E-11	1.886707	0.1	-7.7E-12	1.886707
-7.6	-8.39E-11	1.909933	0.1000001	-7.7E-12	1.909933
-7.7	-8.46E-11	1.933198	0.1000003	-7.6E-12	1.933198
-7.8	-8.27E-11	1.956503	0.1000001	-7.2E-12	1.956503
-7.9	-8.45E-11	1.979809	0.1000003	-7.5E-12	1.979809
-8	-8.54E-11	2.003022	0.1000002	-7.3E-12	2.003022
-8.1	-8.51E-11	2.02623	0.0999999	-7.2E-12	2.02623
-8.2	-8.36E-11	2.049515	0.1000003	-7.8E-12	2.049515
-8.3	-6.48E-11	2.0899	0.0999999	-8.8E-12	2.0899
-8.4	-8.45E-11	2.113146	0.1000002	-7.6E-12	2.113146
-8.5	-8.52E-11	2.136379	0.1	-7.7E-12	2.136379
-8.6	-8.32E-11	2.159668	0.1000003	-7.7E-12	2.159668
-8.7	-8.33E-11	2.183013	0.0999999	-7.6E-12	2.183013
-8.8	-8.51E-11	2.206231	0.1000001	-7.4E-12	2.206231
-8.9	-8.16E-11	2.229657	0.1	-7.7E-12	2.229657
-9	-8.4E-11	2.253053	0.1000002	-7.5E-12	2.253053
-9.1	-8.6E-11	2.276308	0.1000001	-7.6E-12	2.276308
-9.2	-8.44E-11	2.2996	0.1	-7.5E-12	2.2996
-9.3	-8.47E-11	2.322886	0.1000001	-7.6E-12	2.322886
-9.4	-8.66E-11	2.346086	0.1000001	-7.4E-12	2.346086
-9.5	-8.7E-11	2.369383	0.1	-7.4E-12	2.369383
-9.6	-8.51E-11	2.392675	0.1000002	-7.1E-12	2.392675
-9.7	-8.6E-11	2.415949	0.1	-7.2E-12	2.415949
-9.8	-8.72E-11	2.439172	0.1000002	-7.1E-12	2.439172
-9.9	-8.73E-11	2.462396	0.1	-7.1E-12	2.462396
-10	-8.64E-11	2.485767	0.1	-7.2E-12	2.485767
-9.90001	-4.68E-11	2.509086	0.0999998	-1.02E-11	2.509086
-9.80001	-4.15E-11	2.532307	0.0999997	-1.08E-11	2.532307
-9.70001	-5.78E-11	2.591433	0.0999998	-9E-12	2.591433
-9.60001	-3.66E-11	2.614708	0.0999998	-1.07E-11	2.614708
-9.50001	-3.69E-11	2.637995	0.0999996	-1.03E-11	2.637995
-9.40001	-3.61E-11	2.66131	0.0999998	-1.05E-11	2.66131
-9.30001	-3.29E-11	2.68458	0.0999996	-1.06E-11	2.68458
-9.20001	-3.44E-11	2.707912	0.0999996	-1.06E-11	2.707912
-9.10001	-3.11E-11	2.731117	0.0999997	-1.1E-11	2.731117
-9.00001	-2.98E-11	2.754332	0.0999997	-1.08E-11	2.754332
-8.90001	-2.89E-11	2.777549	0.0999998	-1.09E-11	2.777549
-8.80001	-2.93E-11	2.800756	0.0999998	-1.11E-11	2.800756
-8.70001	-2.99E-11	2.824042	0.0999997	-1.1E-11	2.824042
-8.60001	-2.94E-11	2.847327	0.0999997	-1.09E-11	2.847327
-8.50001	-2.75E-11	2.870579	0.0999996	-1.07E-11	2.870579
-8.40001	-2.89E-11	2.893905	0.0999997	-1.15E-11	2.893905
-8.30001	-2.77E-11	2.917191	0.0999999	-1.12E-11	2.917191
-8.20001	-2.52E-11	2.940465	0.0999997	-1.09E-11	2.940465
-8.10001	-2.47E-11	2.963688	0.0999997	-1.11E-11	2.963688
-8.00001	-2.6E-11	2.987066	0.0999996	-1.13E-11	2.987066
-7.90001	-2.59E-11	3.010352	0.1	-1.08E-11	3.010352
-7.80001	-2.37E-11	3.033561	0.0999997	-1.14E-11	3.033561
-7.70001	-4.36E-11	3.088311	0.0999999	-9.3E-12	3.088311
-7.6	-2.43E-11	3.11155	0.0999997	-1.09E-11	3.11155
-7.50001	-2.35E-11	3.134771	0.0999997	-1.14E-11	3.134771
-7.40001	-2.29E-11	3.157974	0.0999998	-1.1E-11	3.157974
-7.30001	-2.49E-11	3.181357	0.0999997	-1.09E-11	3.181357
-7.2	-2.17E-11	3.204565	0.0999998	-1.09E-11	3.204565
-7.10001	-2.15E-11	3.227768	0.0999996	-1.1E-11	3.227768
-7.00001	-2.26E-11	3.251074	0.0999996	-1.09E-11	3.251074
-6.90001	-2.04E-11	3.274344	0.0999997	-1.11E-11	3.274344
-6.80001	-2.01E-11	3.297567	0.0999997	-1.11E-11	3.297567
-6.70001	-1.99E-11	3.320813	0.0999999	-1.08E-11	3.320813
-6.60001	-2.08E-11	3.344105	0.0999997	-1.11E-11	3.344105
-6.50001	-2.02E-11	3.367386	0.0999996	-1.11E-11	3.367386
-6.40001	-1.84E-11	3.390623	0.0999997	-1.14E-11	3.390623
-6.30001	-1.74E-11	3.413836	0.0999996	-1.14E-11	3.413836
-6.20001	-1.72E-11	3.43705	0.0999998	-1.15E-11	3.43705
-6.10001	-1.75E-11	3.460286	0.0999996	-1.15E-11	3.460286
-6.00001	-1.66E-11	3.483588	0.0999997	-1.12E-11	3.483588
-5.90001	-1.66E-11	3.506819	0.0999997	-1.14E-11	3.506819
-5.80001	-1.72E-11	3.530114	0.0999997	-1.11E-11	3.530114
-5.70001	-1.68E-11	3.553394	0.0999998	-1.14E-11	3.553394
-5.60001	-3.54E-11	3.594081	0.1	-9.7E-12	3.594081
-5.50001	-1.77E-11	3.617427	0.0999999	-1.1E-11	3.617427
-5.40001	-1.67E-11	3.640709	0.0999997	-1.18E-11	3.640709
-5.30001	-1.68E-11	3.663986	0.0999996	-1.09E-11	3.663986
-5.20001	-1.45E-11	3.687255	0.0999997	-1.17E-11	3.687255
-5.1	-1.64E-11	3.710613	0.0999998	-1.17E-11	3.710613
-5.00001	-1.3E-11	3.733837	0.0999998	-1.16E-11	3.733837
-4.90001	-1.19E-11	3.757052	0.0999996	-1.18E-11	3.757052
-4.80001	-1.24E-11	3.780273	0.0999997	-1.14E-11	3.780273
-4.7	-1.26E-11	3.803561	0.0999996	-1.15E-11	3.803561
-4.60001	-1.14E-11	3.82677	0.0999996	-1.18E-11	3.82677
-4.50001	-1.05E-11	3.849981	0.0999997	-1.19E-11	3.849981
-4.40001	-1.01E-11	3.873194	0.0999997	-1.22E-11	3.873194
-4.3	-1.13E-11	3.896482	0.0999997	-1.16E-11	3.896482
-4.20001	-1.11E-11	3.919781	0.0999998	-1.2E-11	3.919781
-4.10001	-8.2E-12	3.94306	0.0999996	-1.19E-11	3.94306
-4.00001	-9.5E-12	3.966359	0.0999999	-1.21E-11	3.966359
-3.90001	-9.1E-12	3.98973	0.0999996	-1.22E-11	3.98973
-3.80001	-7.3E-12	4.012947	0.0999997	-1.21E-11	4.012947
-3.70001	-6.5E-12	4.036147	0.0999997	-1.23E-11	4.036147
-3.60001	-2.79E-11	4.095839	0.0999998	-1.04E-11	4.095839
-3.50001	-8E-12	4.11907	0.0999997	-1.24E-11	4.11907
-3.40001	-7E-12	4.142278	0.0999997	-1.24E-11	4.142278
-3.30001	-7.8E-12	4.165573	0.0999996	-1.24E-11	4.165573
-3.2	-7.2E-12	4.188916	0.0999997	-1.28E-11	4.188916
-3.10001	-4.4E-12	4.212108	0.0999995	-1.27E-11	4.212108
-3.00001	-4.1E-12	4.235343	0.0999996	-1.29E-11	4.235343
-2.90001	-3.4E-12	4.258573	0.0999998	-1.27E-11	4.258573
-2.80001	-3.7E-12	4.281913	0.0999996	-1.28E-11	4.281913
-2.70001	-1.9E-12	4.305129	0.0999997	-1.31E-11	4.305129
-2.60001	-2.6E-12	4.328424	0.0999998	-1.31E-11	4.328424
-2.50001	-1.9E-12	4.351709	0.0999997	-1.3E-11	4.351709
-2.40001	1E-13	4.375103	0.0999998	-1.29E-11	4.375103
-2.30001	-6E-13	4.398488	0.0999997	-1.3E-11	4.398488
-2.20001	4E-13	4.421774	0.0999996	-1.32E-11	4.421774
-2.099999	-1.41E-11	4.44694	0.0999998	-1.18E-11	4.44694
-2	3.3E-12	4.470136	0.0999998	-1.31E-11	4.470136
-1.9	4.6E-12	4.493416	0.0999997	-1.39E-11	4.493416
-1.8	3.5E-12	4.51672	0.0999996	-1.4E-11	4.51672
-1.699999	4.3E-12	4.539992	0.0999998	-1.38E-11	4.539992
-1.600001	-1.43E-11	4.597402	0.1	-1.19E-11	4.597402
-1.5	5.9E-12	4.620675	0.0999998	-1.24E-11	4.620675
-1.4	5.9E-12	4.643974	0.0999996	-7E-13	4.643974
-1.3	8.9E-12	4.667186	0.0999997	6.1E-11	4.667186
-1.2	1.04E-11	4.690473	0.0999998	3.403E-10	4.690473
-1.1	1.12E-11	4.713699	0.1000003	1.4635E-09	4.713699
-1	1.29E-11	4.736915	0.1000021	5.3389E-09	4.736915
-0.9	1.3E-11	4.760207	0.1000053	1.66552E-08	4.760207
-0.8	1.53E-11	4.78342	0.1000087	4.44658E-08	4.78342
-0.700001	-4.7E-12	4.831426	0.1000001	9.7676E-08	4.831426
-0.6	1.8E-12	4.855913	0.1000003	1.99934E-07	4.855913
-0.500001	3.3E-12	4.880453	0.1000007	3.56924E-07	4.880453
-0.4	5.7E-12	4.904948	0.100001	5.76895E-07	4.904948
-0.3	6.9E-12	4.929502	0.1000011	8.6157E-07	4.929502
-0.2	3E-12	4.965794	0.0999999	1.20247E-06	4.965794
-0.0999998	9.2E-12	4.990415	0.1000001	1.61072E-06	4.990415
3E-07	1.13E-11	5.01494	0.1000004	2.06701E-06	5.01494
0.1000002	1.36E-11	5.03944	0.1000003	2.56561E-06	5.03944
0.1999998	8E-12	5.105237	0.1000003	3.0852E-06	5.105237
0.299999	1.54E-11	5.129966	0.1000003	3.65267E-06	5.129966
0.4	1.83E-11	5.15446	0.0999999	4.24081E-06	5.15446
0.5	2.02E-11	5.178968	0.1000001	4.84733E-06	5.178968
0.6	2.24E-11	5.203519	0.1	5.46858E-06	5.203519
0.7	2.43E-11	5.228066	0.1000002	6.10483E-06	5.228066
0.799999	2.64E-11	5.2526	0.1000001	6.75313E-06	5.2526
0.899999	2.81E-11	5.277346	0.1000001	7.41275E-06	5.277346
0.999999	2.99E-11	5.3019	0.1000001	8.0826E-06	5.3019
1.1	3.17E-11	5.326422	0.1	8.76113E-06	5.326422
1.199999	3.35E-11	5.350962	0.1	9.44673E-06	5.350962
1.3	3.49E-11	5.375682	0.1000001	1.013895E-05	5.375682
1.399999	3.11E-11	5.410421	0.1000001	1.08252E-05	5.410421
1.5	3.65E-11	5.434949	0.1000002	1.15295E-05	5.434949
1.6	3.82E-11	5.459444	0.1	1.2236E-05	5.459444
1.699999	3.86E-11	5.484143	0.1	1.29452E-05	5.484143
1.8	4.04E-11	5.508654	0.1	1.3657E-05	5.508654
1.9	4.11E-11	5.533197	0.1	1.43714E-05	5.533197
2	4.22E-11	5.55771	0.1000001	1.50878E-05	5.55771
2.099999	3.61E-11	5.60422	0.1	1.57959E-05	5.60422
2.19999	4.17E-11	5.628983	0.1	1.65162E-05	5.628983
2.29999	4.23E-11	5.653506	0.1000002	1.72402E-05	5.653506
2.39999	4.34E-11	5.678014	0.0999999	1.79644E-05	5.678014
2.49999	4.4E-11	5.702586	0.1000001	1.86907E-05	5.702586
2.59999	4.48E-11	5.72714	0.1000002	1.94174E-05	5.72714
2.69999	4.57E-11	5.751688	0.1000001	2.01456E-05	5.751688
2.79999	4.57E-11	5.776221	0.1000003	2.08751E-05	5.776221
2.89999	4.62E-11	5.800765	0.1000001	2.16057E-05	5.800765
2.99999	4.71E-11	5.825276	0.1000001	2.23381E-05	5.825276
3.09999	4.75E-11	5.84978	0.1000001	2.30718E-05	5.84978
3.19999	4.83E-11	5.874291	0.1000003	2.38071E-05	5.874291
3.29999	4.81E-11	5.898802	0.1000002	2.4543E-05	5.898802
3.39999	4.85E-11	5.923363	0.1000002	2.52807E-05	5.923363
3.49999	4.87E-11	5.947918	0.1000003	2.60193E-05	5.947918
3.59999	4.88E-11	5.972483	0.1	2.67591E-05	5.972483
3.69999	4.92E-11	5.997074	0.1000002	2.75011E-05	5.997074
3.79999	4.93E-11	6.021582	0.1000002	2.82438E-05	6.021582
3.89999	5E-11	6.046092	0.1	2.89879E-05	6.046092
3.99999	4.3E-11	6.102894	0.1000002	2.97219E-05	6.102894
4.09999	4.83E-11	6.127458	0.0999999	3.04721E-05	6.127458
4.19999	4.92E-11	6.151962	0.1000001	3.12215E-05	6.151962
4.29999	4.94E-11	6.176487	0.0999999	3.19722E-05	6.176487
4.39999	4.96E-11	6.201035	0.1000001	3.27237E-05	6.201035
4.49999	5.01E-11	6.22556	0.1	3.34757E-05	6.22556
4.59999	5.09E-11	6.250088	0.1	3.42296E-05	6.250088
4.69999	5.14E-11	6.27462	0.1000002	3.4984E-05	6.27462
4.79999	5.18E-11	6.299131	0.1000001	3.57401E-05	6.299131
4.89999	5.22E-11	6.323658	0.1000001	3.64981E-05	6.323658
4.99999	5.18E-11	6.348157	0.1	3.7257E-05	6.348157
5.09999	5.16E-11	6.372792	0.1	3.80173E-05	6.372792
5.19999	5.22E-11	6.397383	0.1000001	3.87787E-05	6.397383
5.29999	5.21E-11	6.421901	0.1	3.95411E-05	6.421901
5.39999	5.23E-11	6.44641	0.1	4.03054E-05	6.44641
5.49999	5.31E-11	6.470921	0.1000001	4.10709E-05	6.470921
5.59999	5.26E-11	6.495542	0.1000002	4.18368E-05	6.495542
5.69999	5.31E-11	6.520054	0.1000001	4.26052E-05	6.520054
5.79999	5.29E-11	6.544581	0.1000002	4.33745E-05	6.544581
5.89999	4.64E-11	6.604266	0.0999999	4.41345E-05	6.604266
5.99999	5.18E-11	6.628832	0.1	4.49099E-05	6.628832
6.09999	5.28E-11	6.653345	0.1000001	4.56847E-05	6.653345
6.19999	5.28E-11	6.677871	0.1	4.64601E-05	6.677871
6.29999	5.3E-11	6.702459	0.1	4.72369E-05	6.702459
6.39999	5.31E-11	6.727013	0.1	4.80149E-05	6.727013
6.49999	5.32E-11	6.751555	0.1000001	4.8794E-05	6.751555
6.59999	5.36E-11	6.776083	0.1	4.95735E-05	6.776083
6.69999	5.41E-11	6.800624	0.1000001	5.03554E-05	6.800624
6.79999	5.47E-11	6.825186	0.1000001	5.11389E-05	6.825186
6.89999	5.42E-11	6.849721	0.0999999	5.19235E-05	6.849721
6.99999	5.47E-11	6.874238	0.1000001	5.27093E-05	6.874238
7.09999	5.49E-11	6.898782	0.0999999	5.34969E-05	6.898782
7.19999	5.51E-11	6.923341	0.1	5.42852E-05	6.923341
7.29999	5.52E-11	6.947957	0.1000001	5.50747E-05	6.947957
7.39999	5.55E-11	6.972502	0.0999999	5.58662E-05	6.972502
7.49999	5.56E-11	6.997145	0.1	5.66591E-05	6.997145
7.59999	5.6E-11	7.021672	0.1000001	5.74521E-05	7.021672
7.69999	5.57E-11	7.046204	0.0999998	5.82476E-05	7.046204
7.79999	4.97E-11	7.105526	0.1000001	5.90334E-05	7.105526
7.89999	5.44E-11	7.130062	0.1000001	5.9834E-05	7.130062
7.99999	5.5E-11	7.154577	0.0999998	6.06359E-05	7.154577
8.09999	5.55E-11	7.179086	0.1000003	6.14374E-05	7.179086
8.19999	5.65E-11	7.203622	0.0999999	6.22397E-05	7.203622
8.29999	5.63E-11	7.228144	0.0999998	6.30439E-05	7.228144
8.39999	5.64E-11	7.252706	0.0999999	6.38498E-05	7.252706
8.49999	5.68E-11	7.277426	0.1000001	6.46553E-05	7.277426
8.59999	5.65E-11	7.301972	0.0999999	6.54625E-05	7.301972
8.69999	5.67E-11	7.326549	0.1000001	6.62712E-05	7.326549
8.79999	5.73E-11	7.351088	0.1	6.70817E-05	7.351088
8.89999	5.7E-11	7.375632	0.1000001	6.78934E-05	7.375632
8.99999	5.74E-11	7.400142	0.1000001	6.87061E-05	7.400142
9.09999	5.72E-11	7.424693	0.1000003	6.95208E-05	7.424693
9.19999	5.76E-11	7.449239	0.1000001	7.03372E-05	7.449239
9.29999	5.83E-11	7.473729	0.1000002	7.11507E-05	7.473729
9.39999	5.77E-11	7.498385	0.1	7.1971E-05	7.498385
9.49999	5.78E-11	7.522982	0.1	7.27932E-05	7.522982
9.59999	5.76E-11	7.547557	0.1000002	7.36153E-05	7.547557
9.69999	5.16E-11	7.60697	0.1000001	7.44307E-05	7.60697
9.79999	5.65E-11	7.631541	0.1000003	7.5258E-05	7.631541
9.89999	5.69E-11	7.656062	0.1	7.60835E-05	7.656062
9.99999	5.65E-11	7.680589	0.0999998	7.69117E-05	7.680589
9.9	4.36E-11	7.705153	0.0999999	7.60697E-05	7.705153
9.8	4.04E-11	7.729685	0.1	7.52311E-05	7.729685
9.7	3.82E-11	7.754219	0.0999998	7.43976E-05	7.754219
9.6	3.67E-11	7.778736	0.0999998	7.35659E-05	7.778736
9.5	3.57E-11	7.803274	0.1	7.27364E-05	7.803274
9.4	3.45E-11	7.827853	0.0999997	7.19081E-05	7.827853
9.3	3.27E-11	7.852351	0.1	7.10815E-05	7.852351
9.2	3.23E-11	7.876909	0.0999999	7.02573E-05	7.876909
9.1	3.1E-11	7.901405	0.1	6.94339E-05	7.901405
9	3.14E-11	7.925915	0.0999998	6.8612E-05	7.925915
8.9	2.96E-11	7.950474	0.0999999	6.77952E-05	7.950474
8.8	2.96E-11	7.975013	0.0999999	6.69745E-05	7.975013
8.7	2.86E-11	7.999613	0.1000002	6.61555E-05	7.999613
8.6	2.78E-11	8.024125	0.1	6.53378E-05	8.024125
8.5	2.8E-11	8.048643	0.1	6.45215E-05	8.048643
8.4	3.34E-11	8.10824	0.0999998	6.37102E-05	8.10824
8.3	2.8E-11	8.132777	0.1	6.28962E-05	8.132777
8.2	2.66E-11	8.157312	0.0999999	6.20838E-05	8.157312
8.1	2.64E-11	8.181834	0.0999997	6.12723E-05	8.181834
8	2.58E-11	8.206436	0.0999999	6.04635E-05	8.206436
7.9	2.52E-11	8.231092	0.1	5.96571E-05	8.231092
7.8	2.5E-11	8.255629	0.0999999	5.88506E-05	8.255629
7.7	2.41E-11	8.280183	0.0999999	5.8046E-05	8.280183
7.6	2.4E-11	8.304712	0.1	5.72415E-05	8.304712
7.5	2.39E-11	8.3293	0.0999997	5.64403E-05	8.3293
7.4	2.3E-11	8.353811	0.0999999	5.56389E-05	8.353811
7.3	2.22E-11	8.378416	0.0999998	5.48395E-05	8.378416
7.2	2.16E-11	8.402946	0.1	5.40412E-05	8.402946
7.1	2.13E-11	8.42745	0.0999998	5.32454E-05	8.42745
7	2.16E-11	8.452013	0.0999999	5.24501E-05	8.452013
6.9	2.07E-11	8.476519	0.0999998	5.16554E-05	8.476519
6.8	2.02E-11	8.501111	0.0999999	5.08633E-05	8.501111
6.7	2E-11	8.525637	0.1	5.00723E-05	8.525637
6.6	1.98E-11	8.550176	0.1	4.92825E-05	8.550176
6.5	2.57E-11	8.605561	0.0999998	4.84984E-05	8.605561
6.4	2.02E-11	8.630112	0.0999999	4.77102E-05	8.630112
6.3	1.94E-11	8.654637	0.0999998	4.69238E-05	8.654637
6.2	1.89E-11	8.679152	0.0999998	4.61385E-05	8.679152
6.1	1.77E-11	8.703726	0.0999999	4.53546E-05	8.703726
6	1.75E-11	8.728221	0.0999996	4.45729E-05	8.728221
5.9	1.7E-11	8.752752	0.0999998	4.37915E-05	8.752752
5.8	1.72E-11	8.777312	0.1	4.30117E-05	8.777312
5.7	1.63E-11	8.801823	0.1	4.22332E-05	8.801823
5.6	1.63E-11	8.826357	0.1000002	4.14568E-05	8.826357
5.5	1.57E-11	8.850862	0.1000001	4.0681E-05	8.850862
5.4	1.6E-11	8.87541	0.0999998	3.99066E-05	8.87541
5.3	1.49E-11	8.899909	0.1	3.91339E-05	8.899909
5.2	1.51E-11	8.924557	0.0999998	3.83622E-05	8.924557
5.1	1.45E-11	8.949086	0.1000002	3.75918E-05	8.949086
5	1.36E-11	8.973604	0.1	3.68231E-05	8.973604
4.9	1.34E-11	8.998203	0.1000001	3.60552E-05	8.998203
4.8	1.26E-11	9.022689	0.1	3.52895E-05	9.022689
4.7	1.22E-11	9.047237	0.1000001	3.45245E-05	9.047237
4.6	1.97E-11	9.109382	0.0999998	3.37671E-05	9.109382
4.5	1.38E-11	9.133972	0.0999999	3.30044E-05	9.133972
4.4	1.23E-11	9.158502	0.0999999	3.22436E-05	9.158502
4.3	1.13E-11	9.183063	0.1	3.14839E-05	9.183063
4.2	1.09E-11	9.207649	0.0999999	3.07255E-05	9.207649
4.1	1.01E-11	9.232169	0.0999999	2.9969E-05	9.232169
4	9.5E-12	9.256724	0.0999998	2.92138E-05	9.256724
3.9	9E-12	9.281299	0.1	2.84598E-05	9.281299
3.8	8.4E-12	9.305837	0.0999999	2.77077E-05	9.305837
3.7	7.9E-12	9.330379	0.0999999	2.69576E-05	9.330379
3.6	6.8E-12	9.354917	0.1000001	2.62083E-05	9.354917
3.5	6.1E-12	9.379446	0.0999999	2.54603E-05	9.379446
3.4	5.7E-12	9.403959	0.0999998	2.47139E-05	9.403959
3.3	5.3E-12	9.428491	0.0999999	2.39695E-05	9.428491
3.2	4E-12	9.453011	0.0999999	2.3227E-05	9.453011
3.1	3.7E-12	9.477503	0.1000001	2.24854E-05	9.477503
3	2.5E-12	9.502102	0.1	2.17458E-05	9.502102
2.9	1.8E-12	9.52661	0.0999999	2.10079E-05	9.52661
2.8	1.2E-12	9.551155	0.0999999	2.02714E-05	9.551155
2.7	8E-12	9.612793	0.0999998	1.95428E-05	9.612793
2.6	2E-12	9.637367	0.1000001	1.88088E-05	9.637367
2.5	9E-13	9.661904	0.1000001	1.80775E-05	9.661904
2.4	-6E-13	9.68641	0.1	1.73489E-05	9.68641
2.3	-1.8E-12	9.710991	0.0999999	1.66227E-05	9.710991
2.2	-2.9E-12	9.735511	0.1	1.58987E-05	9.735511
2.099999	-6E-13	9.76197	0.1	1.5181E-05	9.76197
2	-4.8E-12	9.786461	0.1	1.44616E-05	9.786461
1.9	-6.2E-12	9.810995	0.1000001	1.37457E-05	9.810995
1.8	-7.2E-12	9.835542	0.1000001	1.30323E-05	9.835542
1.7	-8.4E-12	9.860077	0.0999998	1.23228E-05	9.860077
1.6	-9.1E-12	9.88461	0.1000001	1.16173E-05	9.88461
1.5	-1.01E-11	9.90912	0.0999998	1.09165E-05	9.90912
1.4	-1.2E-11	9.933626	0.0999998	1.02202E-05	9.933626
1.3	-1.33E-11	9.958215	0.1000001	9.5308E-06	9.958215
1.2	-1.1E-11	9.985303	0.0999999	8.85304E-06	9.985303
1.1	-1.66E-11	10.009886	0.0999999	8.1775E-06	10.009886
1	-1.81E-11	10.034389	0.0999998	7.51194E-06	10.034389
0.9	-1.96E-11	10.05889	0.1000002	6.85749E-06	10.05889
0.8	-1.5E-11	10.114045	0.0999999	6.22109E-06	10.114045
0.7	-2.1E-11	10.1386	0.1	5.58925E-06	10.1386
0.6	-2.41E-11	10.163144	0.1	4.97355E-06	10.163144
0.5	-2.62E-11	10.187642	0.0999999	4.37449E-06	10.187642
0.4	-2.89E-11	10.212196	0.0999999	3.79456E-06	10.212196
0.3	-3.17E-11	10.23671	0.0999999	3.23667E-06	10.23671
0.1999998	-3.01E-11	10.263167	0.0999998	2.70705E-06	10.263167
0.0999997	-3.58E-11	10.28768	0.0999999	2.20832E-06	10.28768
-3E-07	-3.81E-11	10.312165	0.0999999	1.74834E-06	10.312165
#scan	iMeasureCycle=2	iMux=0	time=279.857	N=401	LocalTime=19/04/2023 15:12:17
#VGate(V)	IGate(A)	time(s)	VDrain(V)	IDrain(A)	time(s)
-2E-07	-1.62E-11	279.864473	0.0999998	1.86079E-06	279.864473
-0.1000004	-2.38E-11	279.889381	0.0999999	1.42166E-06	279.889381
-0.2	-2.53E-11	279.915296	0.0999999	1.03801E-06	279.915296
-0.3	-2.82E-11	279.942809	0.0999995	7.16533E-07	279.942809
-0.4	-3.43E-11	279.967344	0.0999993	4.58983E-07	279.967344
-0.5	-3.68E-11	279.991841	0.0999994	2.68529E-07	279.991841
-0.6	-3.92E-11	280.016349	0.0999997	1.40209E-07	280.016349
-0.7	-3.57E-11	280.053992	0.0999942	6.49688E-08	280.053992
-0.800001	-5.67E-11	280.077475	0.1000063	2.49518E-08	280.077475
-0.900001	-5.71E-11	280.10076	0.1000015	8.1646E-09	280.10076
-1.000001	-6.02E-11	280.124158	0.1000008	2.2915E-09	280.124158
-1.100001	-6.21E-11	280.147368	0.1000003	5.563E-10	280.147368
-1.200001	-6.35E-11	280.170565	0.1000001	1.133E-10	280.170565
-1.300001	-6.29E-11	280.193848	0.1	1.33E-11	280.193848
-1.400001	-6.53E-11	280.217055	0.1	-5.2E-12	280.217055
-1.500001	-6.6E-11	280.240277	0.1000001	-8.3E-12	280.240277
-1.600001	-6.7E-11	280.263482	0.1000002	-8.5E-12	280.263482
-1.700001	-6.57E-11	280.286778	0.1	-9E-12	280.286778
-1.800001	-6.64E-11	280.310086	0.1000002	-9E-12	280.310086
-1.900001	-6.89E-11	280.333287	0.1000002	-8.6E-12	280.333287
-2.000001	-6.96E-11	280.356497	0.1000001	-8.4E-12	280.356497
-2.100001	-6.85E-11	280.37981	0.1000001	-8.6E-12	280.37981
-2.2	-4.86E-11	280.432731	0.1	-1E-11	280.432731
-2.3	-6.71E-11	280.45603	0.1000002	-8.6E-12	280.45603
-2.4	-6.98E-11	280.479326	0.1	-8.4E-12	280.479326
-2.5	-7.09E-11	280.502558	0.1	-8.4E-12	280.502558
-2.6	-7.16E-11	280.525814	0.0999999	-8.2E-12	280.525814
-2.7	-7.01E-11	280.549099	0.1000001	-8.2E-12	280.549099
-2.8	-7.09E-11	280.57239	0.1	-8.5E-12	280.57239
-2.9	-7.29E-11	280.595608	0.1000003	-8.3E-12	280.595608
-3	-7.25E-11	280.618876	0.1000001	-8.4E-12	280.618876
-3.1	-7.2E-11	280.642182	0.1000001	-8.1E-12	280.642182
-3.2	-7.43E-11	280.665384	0.1000001	-8.4E-12	280.665384
-3.3	-7.43E-11	280.688605	0.1000002	-8.3E-12	280.688605
-3.4	-7.52E-11	280.711814	0.1	-8.5E-12	280.711814
-3.5	-7.51E-11	280.73503	0.1000001	-8.3E-12	280.73503
-3.6	-7.38E-11	280.758381	0.1	-8.4E-12	280.758381
-3.7	-7.62E-11	280.781685	0.1	-8E-12	280.781685
-3.8	-7.5E-11	280.804993	0.1000001	-8.1E-12	280.804993
-3.9	-7.51E-11	280.828285	0.1000002	-8.2E-12	280.828285
-4	-7.74E-11	280.851503	0.1	-8.2E-12	280.851503
-4.1	-7.71E-11	280.87474	0.1000001	-7.9E-12	280.87474
-4.2	-5.68E-11	280.923816	0.1	-1E-11	280.923816
-4.3	-7.59E-11	280.947029	0.1000002	-7.8E-12	280.947029
-4.4	-7.47E-11	280.97033	0.1000001	-8.2E-12	280.97033
-4.5	-7.51E-11	280.993631	0.1000001	-8E-12	280.993631
-4.6	-7.66E-11	281.016918	0.1000002	-7.8E-12	281.016918
-4.7	-7.79E-11	281.040136	0.1	-7.5E-12	281.040136
-4.8	-7.78E-11	281.063359	0.1000001	-7.5E-12	281.063359
-4.9	-7.83E-11	281.086627	0.1000003	-7.6E-12	281.086627
-5	-7.88E-11	281.109845	0.1000002	-7.7E-12	281.109845
-5.1	-7.92E-11	281.133128	0.1000001	-7.5E-12	281.133128
-5.2	-7.8E-11	281.156407	0.1000001	-7.5E-12	281.156407
-5.3	-7.96E-11	281.179618	0.1000002	-7.3E-12	281.179618
-5.4	-7.96E-11	281.202846	0.1000002	-7.2E-12	281.202846
-5.5	-8.02E-11	281.22607	0.1000002	-7.3E-12	281.22607
-5.6	-7.88E-11	281.249363	0.1	-7.7E-12	281.249363
-5.7	-7.9E-11	281.272647	0.1	-7.2E-12	281.272647
-5.8	-8.07E-11	281.295869	0.1000003	-7.3E-12	281.295869
-5.9	-8.14E-11	281.319085	0.1000003	-7.4E-12	281.319085
-6	-8E-11	281.34237	0.1000003	-7.6E-12	281.34237
-6.1	-7.96E-11	281.365659	0.1	-7.7E-12	281.365659
-6.2	-8.21E-11	281.3889	0.1000001	-7.7E-12	281.3889
-6.3	-6.24E-11	281.425378	0.0999999	-8.9E-12	281.425378
-6.4	-7.97E-11	281.44875	0.1000002	-7.2E-12	281.44875
-6.5	-8.23E-11	281.471963	0.1000002	-7.2E-12	281.471963
-6.6	-8.25E-11	281.495173	0.1	-7.3E-12	281.495173
-6.7	-8.13E-11	281.518523	0.1000002	-7.7E-12	281.518523
-6.8	-8.11E-11	281.5418	0.1000001	-7.2E-12	281.5418
-6.9	-8.33E-11	281.565007	0.1000001	-7.1E-12	281.565007
-7	-8.24E-11	281.58824	0.1	-7E-12	281.58824
-7.1	-8.21E-11	281.611532	0.1000001	-7.3E-12	281.611532
-7.2	-8.22E-11	281.634889	0.1000002	-7.2E-12	281.634889
-7.3	-8.45E-11	281.6581	0.1000002	-7.4E-12	281.6581
-7.4	-8.48E-11	281.681315	0.1000002	-7.4E-12	281.681315
-7.5	-8.31E-11	281.704619	0.1000002	-7.6E-12	281.704619
-7.6	-8.25E-11	281.727912	0.1000001	-7.6E-12	281.727912
-7.7	-8.48E-11	281.751113	0.1000002	-7E-12	281.751113
-7.8	-8.54E-11	281.774379	0.1	-7.3E-12	281.774379
-7.9	-8.39E-11	281.797669	0.0999999	-7.3E-12	281.797669
-8	-8.52E-11	281.820878	0.1000002	-6.9E-12	281.820878
-8.1	-8.51E-11	281.844092	0.1000002	-6.9E-12	281.844092
-8.2	-8.53E-11	281.867316	0.1000001	-7.2E-12	281.867316
-8.3	-8.4E-11	281.890613	0.1000002	-7.5E-12	281.890613
-8.4	-6.57E-11	281.930969	0.0999999	-9.1E-12	281.930969
-8.5	-8.48E-11	281.954214	0.1000002	-7.2E-12	281.954214
-8.6	-8.52E-11	281.977429	0.1000003	-6.9E-12	281.977429
-8.7	-8.58E-11	282.000635	0.1	-7.1E-12	282.000635
-8.8	-8.41E-11	282.023985	0.1000001	-7E-12	282.023985
-8.9	-8.67E-11	282.04719	0.1000001	-7.3E-12	282.04719
-9	-8.64E-11	282.070408	0.1000002	-7.2E-12	282.070408
-9.1	-8.48E-11	282.093737	0.1000002	-7.4E-12	282.093737
-9.2	-8.52E-11	282.117039	0.1000004	-7.4E-12	282.117039
-9.3	-8.71E-11	282.140354	0.1000003	-6.8E-12	282.140354
-9.4	-8.7E-11	282.163575	0.1000002	-6.9E-12	282.163575
-9.5	-8.59E-11	282.186861	0.1000003	-7.2E-12	282.186861
-9.6	-8.53E-11	282.210169	0.1000002	-7E-12	282.210169
-9.7	-8.77E-11	282.233386	0.1000004	-6.8E-12	282.233386
-9.8	-8.74E-11	282.256599	0.1000001	-7.1E-12	282.256599
-9.9	-8.62E-11	282.279888	0.1	-7.4E-12	282.279888
-10	-8.56E-11	282.303198	0.1	-7.1E-12	282.303198
-9.90001	-4.49E-11	282.326413	0.0999997	-1.09E-11	282.326413
-9.80001	-4.15E-11	282.349616	0.0999996	-1.04E-11	282.349616
-9.70001	-3.96E-11	282.372831	0.0999997	-1.03E-11	282.372831
-9.60001	-5.64E-11	282.43247	0.1	-8.4E-12	282.43247
-9.50001	-3.59E-11	282.455732	0.0999997	-1.04E-11	282.455732
-9.40001	-3.66E-11	282.479066	0.0999997	-1E-11	282.479066
-9.30001	-3.51E-11	282.502368	0.0999997	-1.04E-11	282.502368
-9.20001	-3.25E-11	282.525635	0.0999996	-1.04E-11	282.525635
-9.10001	-3.12E-11	282.548848	0.0999998	-1.07E-11	282.548848
-9.00001	-3.18E-11	282.57213	0.0999998	-1.07E-11	282.57213
-8.90001	-3.13E-11	282.595408	0.0999996	-1.03E-11	282.595408
-8.80001	-2.9E-11	282.618631	0.0999996	-1.06E-11	282.618631
-8.70001	-2.82E-11	282.641893	0.0999999	-1.06E-11	282.641893
-8.60001	-2.94E-11	282.665176	0.0999999	-1.1E-11	282.665176
-8.50001	-2.71E-11	282.688384	0.0999999	-1.09E-11	282.688384
-8.40001	-2.6E-11	282.711605	0.0999996	-1.08E-11	282.711605
-8.30001	-2.77E-11	282.734904	0.0999997	-1.03E-11	282.734904
-8.20001	-2.73E-11	282.758184	0.0999999	-1.03E-11	282.758184
-8.10001	-2.49E-11	282.781452	0.0999998	-1.08E-11	282.781452
-8.00001	-2.44E-11	282.804672	0.0999996	-1.11E-11	282.804672
-7.90001	-2.4E-11	282.827888	0.0999997	-1.1E-11	282.827888
-7.80001	-2.53E-11	282.851188	0.0999998	-1.06E-11	282.851188
-7.70001	-2.48E-11	282.87448	0.0999998	-1.07E-11	282.87448
-7.60001	-4.37E-11	282.933969	0.0999999	-9E-12	282.933969
-7.50001	-2.57E-11	282.957288	0.0999997	-1.1E-11	282.957288
-7.40001	-2.47E-11	282.980582	0.0999998	-1.1E-11	282.980582
-7.30001	-2.27E-11	283.003785	0.0999997	-1.13E-11	283.003785
-7.2	-2.17E-11	283.027055	0.0999998	-1.12E-11	283.027055
-7.10001	-2.27E-11	283.050358	0.0999998	-1.09E-11	283.050358
-7.00001	-2.29E-11	283.073654	0.0999997	-1.11E-11	283.073654
-6.90001	-2.07E-11	283.096888	0.0999998	-1.09E-11	283.096888
-6.80001	-2.13E-11	283.120299	0.0999997	-1.1E-11	283.120299
-6.70001	-2.15E-11	283.143689	0.0999997	-1.07E-11	283.143689
-6.60001	-1.87E-11	283.166899	0.0999998	-1.08E-11	283.166899
-6.50001	-1.84E-11	283.190108	0.0999997	-1.11E-11	283.190108
-6.40001	-1.97E-11	283.213398	0.0999998	-1.13E-11	283.213398
-6.30001	-1.98E-11	283.236695	0.0999998	-1.14E-11	283.236695
-6.20001	-1.77E-11	283.259902	0.0999997	-1.15E-11	283.259902
-6.10001	-1.7E-11	283.28312	0.0999997	-1.12E-11	283.28312
-6.00001	-1.82E-11	283.306405	0.0999996	-1.09E-11	283.306405
-5.90001	-1.8E-11	283.329706	0.0999998	-1.09E-11	283.329706
-5.80001	-1.59E-11	283.352909	0.0999996	-1.14E-11	283.352909
-5.70001	-1.77E-11	283.376444	0.0999997	-1.17E-11	283.376444
-5.60001	-3.66E-11	283.435196	0.0999999	-9.6E-12	283.435196
-5.50001	-1.84E-11	283.458575	0.0999998	-1.14E-11	283.458575
-5.40001	-1.73E-11	283.48186	0.0999998	-1.13E-11	283.48186
-5.30001	-1.5E-11	283.505081	0.0999997	-1.15E-11	283.505081
-5.20001	-1.44E-11	283.528344	0.0999996	-1.17E-11	283.528344
-5.1	-1.55E-11	283.551635	0.0999997	-1.11E-11	283.551635
-5.00001	-1.47E-11	283.574918	0.0999999	-1.11E-11	283.574918
-4.90001	-1.21E-11	283.59812	0.0999997	-1.16E-11	283.59812
-4.80001	-1.18E-11	283.621343	0.0999996	-1.17E-11	283.621343
-4.7	-1.42E-11	283.644717	0.0999999	-1.1E-11	283.644717
-4.60001	-1.09E-11	283.667928	0.0999997	-1.13E-11	283.667928
-4.50001	-1.09E-11	283.691183	0.0999997	-1.11E-11	283.691183
-4.40001	-9.8E-12	283.714405	0.0999997	-1.16E-11	283.714405
-4.3	-1.15E-11	283.737702	0.0999997	-1.11E-11	283.737702
-4.20001	-1.08E-11	283.760985	0.0999996	-1.17E-11	283.760985
-4.10001	-8.8E-12	283.784251	0.0999997	-1.19E-11	283.784251
-4.00001	-8.7E-12	283.807468	0.0999996	-1.19E-11	283.807468
-3.90001	-9.6E-12	283.830761	0.0999996	-1.16E-11	283.830761
-3.80001	-7.5E-12	283.853968	0.0999995	-1.23E-11	283.853968
-3.70001	-7.1E-12	283.877452	0.0999998	-1.17E-11	283.877452
-3.60001	-2.8E-11	283.936672	0.1	-1E-11	283.936672
-3.50001	-1.03E-11	283.96002	0.0999998	-1.18E-11	283.96002
-3.40001	-6.9E-12	283.983223	0.0999997	-1.2E-11	283.983223
-3.30001	-6E-12	284.006443	0.0999997	-1.21E-11	284.006443
-3.20001	-6.6E-12	284.029874	0.0999998	-1.19E-11	284.029874
-3.10001	-6.4E-12	284.053182	0.0999998	-1.22E-11	284.053182
-3.00001	-5.7E-12	284.076469	0.0999998	-1.27E-11	284.076469
-2.90001	-3E-12	284.099671	0.0999997	-1.28E-11	284.099671
-2.80001	-4.4E-12	284.123007	0.0999999	-1.22E-11	284.123007
-2.70001	-2.2E-12	284.146278	0.0999997	-1.31E-11	284.146278
-2.60001	-1E-12	284.169499	0.0999996	-1.31E-11	284.169499
-2.50001	-2.2E-12	284.192779	0.0999997	-1.29E-11	284.192779
-2.40001	-1.1E-12	284.216065	0.0999997	-1.34E-11	284.216065
-2.30001	8E-13	284.23928	0.0999997	-1.36E-11	284.23928
-2.20001	1.9E-12	284.262497	0.0999999	-1.31E-11	284.262497
-2.099999	-1.45E-11	284.287737	0.0999998	-1.16E-11	284.287737
-2	1.4E-12	284.31103	0.0999998	-1.31E-11	284.31103
-1.9	4.3E-12	284.334249	0.0999997	-1.32E-11	284.334249
-1.8	5.1E-12	284.357472	0.0999998	-1.36E-11	284.357472
-1.699999	4.3E-12	284.380782	0.0999998	-1.31E-11	284.380782
-1.600001	-1.41E-11	284.43395	0.1000001	-1.16E-11	284.43395
-1.5	4.1E-12	284.457284	0.0999996	-1.16E-11	284.457284
-1.4	7.6E-12	284.480485	0.0999997	-4.3E-12	284.480485
-1.3	8.9E-12	284.503694	0.0999998	4.01E-11	284.503694
-1.2	9.9E-12	284.526961	0.0999999	2.528E-10	284.526961
-1.1	9.9E-12	284.550252	0.1000003	1.1232E-09	284.550252
-0.999999	1.3E-11	284.573459	0.1000018	4.2181E-09	284.573459
-0.9	1.45E-11	284.596668	0.1000035	1.3549E-08	284.596668
-0.8	1.48E-11	284.619912	0.1000075	3.72429E-08	284.619912
-0.7	1.47E-11	284.643263	0.1000085	8.74561E-08	284.643263
-0.600001	-2.8E-12	284.68274	0.1000002	1.73903E-07	284.68274
-0.500001	3E-12	284.707236	0.1000008	3.19449E-07	284.707236
-0.400001	5E-12	284.731777	0.1000008	5.24852E-07	284.731777
-0.3	6.4E-12	284.756283	0.1000011	7.93581E-07	284.756283
-0.2	3E-12	284.792515	0.1	1.11775E-06	284.792515
-0.0999997	9.1E-12	284.81702	0.1000001	1.50877E-06	284.81702
3E-07	1.15E-11	284.841518	0.1000001	1.94775E-06	284.841518
0.1000006	1.34E-11	284.86603	0.1000001	2.42987E-06	284.86603
0.2000003	1.55E-11	284.890535	0.1000002	2.94869E-06	284.890535
0.299999	1.05E-11	284.946603	0.1000002	3.48469E-06	284.946603
0.4	1.71E-11	284.971145	0.1000001	4.06347E-06	284.971145
0.5	1.95E-11	284.995684	0.1000001	4.65957E-06	284.995684
0.599999	2.18E-11	285.02023	0.1000001	5.27269E-06	285.02023
0.7	2.43E-11	285.044777	0.1000001	5.90116E-06	285.044777
0.799999	2.62E-11	285.069324	0.1	6.54298E-06	285.069324
0.899999	2.82E-11	285.093824	0.1000001	7.19717E-06	285.093824
0.999999	3.01E-11	285.118387	0.1000001	7.86218E-06	285.118387
1.1	3.15E-11	285.143119	0.1000001	8.53647E-06	285.143119
1.199999	3.34E-11	285.167624	0.0999999	9.21946E-06	285.167624
1.3	3.55E-11	285.192137	0.1	9.90957E-06	285.192137
1.399999	3.08E-11	285.226743	0.1	1.05962E-05	285.226743
1.5	3.68E-11	285.25128	0.1	1.12995E-05	285.25128
1.6	3.86E-11	285.275797	0.1000003	1.20061E-05	285.275797
1.699999	3.97E-11	285.300325	0.1000001	1.27159E-05	285.300325
1.8	4.06E-11	285.324826	0.1	1.34294E-05	285.324826
1.9	4.11E-11	285.349357	0.1	1.41453E-05	285.349357
2	4.2E-11	285.373892	0.1000002	1.48646E-05	285.373892
2.099999	4.27E-11	285.398418	0.0999999	1.55862E-05	285.398418
2.19999	3.67E-11	285.44534	0.1	1.62988E-05	285.44534
2.29999	4.26E-11	285.469914	0.1000001	1.70271E-05	285.469914
2.39999	4.39E-11	285.494446	0.0999999	1.7756E-05	285.494446
2.49999	4.46E-11	285.518954	0.1000001	1.8486E-05	285.518954
2.59999	4.43E-11	285.543596	0.0999999	1.92171E-05	285.543596
2.69999	4.5E-11	285.568137	0.1000003	1.99504E-05	285.568137
2.79999	4.57E-11	285.592699	0.1000002	2.06846E-05	285.592699
2.89999	4.68E-11	285.617205	0.1	2.14206E-05	285.617205
2.99999	4.69E-11	285.641808	0.1000001	2.21579E-05	285.641808
3.09999	4.72E-11	285.666314	0.1	2.28968E-05	285.666314
3.19999	4.75E-11	285.690852	0.1	2.36364E-05	285.690852
3.29999	4.77E-11	285.715404	0.1000001	2.43771E-05	285.715404
3.39999	4.83E-11	285.739913	0.1000002	2.5119E-05	285.739913
3.49999	4.87E-11	285.764442	0.1	2.58612E-05	285.764442
3.59999	4.84E-11	285.78904	0.0999999	2.66054E-05	285.78904
3.69999	4.93E-11	285.813565	0.1000001	2.73506E-05	285.813565
3.79999	4.96E-11	285.838093	0.1	2.8097E-05	285.838093
3.89999	4.99E-11	285.86262	0.1	2.88436E-05	285.86262
3.99999	5.03E-11	285.887148	0.1	2.95919E-05	285.887148
4.09999	4.32E-11	285.943845	0.1	3.03304E-05	285.943845
4.19999	4.83E-11	285.968364	0.1	3.10837E-05	285.968364
4.29999	4.92E-11	285.992881	0.0999999	3.18368E-05	285.992881
4.39999	4.99E-11	286.017402	0.1000001	3.25896E-05	286.017402
4.49999	4.99E-11	286.041982	0.1000002	3.33448E-05	286.041982
4.59999	5.04E-11	286.066499	0.1000001	3.40994E-05	286.066499
4.69999	5.07E-11	286.091046	0.1000001	3.48551E-05	286.091046
4.79999	5.1E-11	286.115589	0.1	3.56133E-05	286.115589
4.89999	5.13E-11	286.140281	0.1000002	3.6372E-05	286.140281
4.99999	5.17E-11	286.164808	0.1	3.71322E-05	286.164808
5.09999	5.22E-11	286.189322	0.0999999	3.78928E-05	286.189322
5.19999	5.21E-11	286.213838	0.1000003	3.86556E-05	286.213838
5.29999	5.28E-11	286.238294	0.1	3.94194E-05	286.238294
5.39999	5.26E-11	286.262831	0.1000001	4.01843E-05	286.262831
5.49999	5.3E-11	286.287335	0.1	4.09508E-05	286.287335
5.59999	5.33E-11	286.311857	0.1	4.17183E-05	286.311857
5.69999	5.36E-11	286.336391	0.1	4.24863E-05	286.336391
5.79999	5.36E-11	286.360925	0.1000001	4.32566E-05	286.360925
5.89999	5.37E-11	286.385726	0.1000001	4.40282E-05	286.385726
5.99999	4.73E-11	286.445229	0.0999999	4.47906E-05	286.445229
6.09999	5.24E-11	286.469794	0.1000001	4.55682E-05	286.469794
6.19999	5.22E-11	286.49434	0.1000002	4.63451E-05	286.49434
6.29999	5.3E-11	286.518852	0.1	4.71228E-05	286.518852
6.39999	5.32E-11	286.543455	0.1000001	4.79007E-05	286.543455
6.49999	5.38E-11	286.568009	0.1000002	4.86812E-05	286.568009
6.59999	5.45E-11	286.592549	0.1	4.94618E-05	286.592549
6.69999	5.47E-11	286.617056	0.1000002	5.02442E-05	286.617056
6.79999	5.42E-11	286.641705	0.0999999	5.10283E-05	286.641705
6.89999	5.49E-11	286.666247	0.1000003	5.18129E-05	286.666247
6.99999	5.5E-11	286.690745	0.0999999	5.25991E-05	286.690745
7.09999	5.52E-11	286.715276	0.1000003	5.33867E-05	286.715276
7.19999	5.54E-11	286.739793	0.1000002	5.41753E-05	286.739793
7.29999	5.49E-11	286.764325	0.1	5.49659E-05	286.764325
7.39999	5.56E-11	286.788924	0.0999999	5.57572E-05	286.788924
7.49999	5.58E-11	286.813466	0.1000002	5.65504E-05	286.813466
7.59999	5.6E-11	286.83799	0.1	5.73454E-05	286.83799
7.69999	5.59E-11	286.862525	0.1	5.8141E-05	286.862525
7.79999	5.61E-11	286.887302	0.1000001	5.8937E-05	286.887302
7.89999	4.98E-11	286.942288	0.0999999	5.97272E-05	286.942288
7.99999	5.47E-11	286.96681	0.1000001	6.05298E-05	286.96681
8.09999	5.51E-11	286.99132	0.1	6.13322E-05	286.99132
8.19999	5.61E-11	287.01583	0.0999999	6.21358E-05	287.01583
8.29999	5.61E-11	287.040398	0.0999999	6.294E-05	287.040398
8.39999	5.65E-11	287.064935	0.1	6.37463E-05	287.064935
8.49999	5.62E-11	287.089474	0.1	6.45527E-05	287.089474
8.59999	5.7E-11	287.11399	0.1000001	6.53601E-05	287.11399
8.69999	5.7E-11	287.138598	0.1000002	6.61694E-05	287.138598
8.79999	5.71E-11	287.163106	0.1000001	6.69799E-05	287.163106
8.89999	5.71E-11	287.18761	0.0999998	6.7792E-05	287.18761
8.99999	5.74E-11	287.212118	0.1000002	6.86058E-05	287.212118
9.09999	5.77E-11	287.236639	0.0999998	6.94206E-05	287.236639
9.19999	5.77E-11	287.261175	0.1000003	7.02366E-05	287.261175
9.29999	5.83E-11	287.285693	0.1000001	7.10505E-05	287.285693
9.39999	5.83E-11	287.310202	0.1	7.18717E-05	287.310202
9.49999	5.82E-11	287.334749	0.0999999	7.26938E-05	287.334749
9.59999	5.77E-11	287.359257	0.1000001	7.35171E-05	287.359257
9.69999	5.82E-11	287.38378	0.0999998	7.43396E-05	287.38378
9.79999	5.04E-11	287.446061	0.0999999	7.51536E-05	287.446061
9.89999	5.64E-11	287.470647	0.0999999	7.59839E-05	287.470647
9.99999	5.67E-11	287.495161	0.1	7.68123E-05	287.495161
9.9	4.39E-11	287.519667	0.1000002	7.59693E-05	287.519667
9.8	4.09E-11	287.544248	0.0999998	7.51331E-05	287.544248
9.7	3.85E-11	287.56884	0.0999998	7.43009E-05	287.56884
9.6	3.7E-11	287.593336	0.1000002	7.34686E-05	287.593336
9.5	3.56E-11	287.617845	0.0999999	7.26385E-05	287.617845
9.4	3.41E-11	287.642442	0.0999999	7.18111E-05	287.642442
9.3	3.37E-11	287.667018	0.0999999	7.09855E-05	287.667018
9.2	3.19E-11	287.691557	0.1	7.01601E-05	287.691557
9.1	3.12E-11	287.716086	0.1000001	6.93354E-05	287.716086
9	3.03E-11	287.740598	0.1000001	6.85146E-05	287.740598
8.9	3.04E-11	287.76516	0.1	6.76972E-05	287.76516
8.8	2.94E-11	287.789733	0.0999997	6.68765E-05	287.789733
8.7	2.9E-11	287.814246	0.0999999	6.60574E-05	287.814246
8.6	2.83E-11	287.838748	0.1000001	6.52397E-05	287.838748
8.5	2.77E-11	287.86331	0.1000001	6.44242E-05	287.86331
8.4	2.71E-11	287.887816	0.1	6.36088E-05	287.887816
8.30001	3.3E-11	287.949659	0.1	6.28009E-05	287.949659
8.2	2.78E-11	287.974204	0.1	6.19874E-05	287.974204
8.1	2.7E-11	287.998712	0.0999999	6.11765E-05	287.998712
8	2.62E-11	288.023234	0.1	6.0367E-05	288.023234
7.9	2.56E-11	288.047796	0.1000001	5.95589E-05	288.047796
7.8	2.47E-11	288.072336	0.0999998	5.87532E-05	288.072336
7.7	2.47E-11	288.096829	0.1000002	5.79486E-05	288.096829
7.6	2.39E-11	288.121381	0.1000001	5.71445E-05	288.121381
7.5	2.33E-11	288.145981	0.1000002	5.63422E-05	288.145981
7.4	2.31E-11	288.170507	0.0999999	5.5542E-05	288.170507
7.3	2.22E-11	288.195023	0.1000001	5.47429E-05	288.195023
7.2	2.23E-11	288.219538	0.1	5.39447E-05	288.219538
7.1	2.23E-11	288.244042	0.1	5.31477E-05	288.244042
7	2.12E-11	288.268567	0.1000002	5.23527E-05	288.268567
6.9	2.07E-11	288.293112	0.1000001	5.15588E-05	288.293112
6.8	2.03E-11	288.317626	0.0999999	5.07663E-05	288.317626
6.7	1.96E-11	288.342131	0.0999999	4.99751E-05	288.342131
6.6	1.96E-11	288.366651	0.1000001	4.91857E-05	288.366651
6.5	1.9E-11	288.391433	0.1000001	4.83967E-05	288.391433
6.4	2.63E-11	288.45096	0.0999998	4.76139E-05	288.45096
6.3	2.06E-11	288.475552	0.0999998	4.68264E-05	288.475552
6.2	1.91E-11	288.500066	0.0999999	4.60414E-05	288.500066
6.1	1.87E-11	288.524593	0.0999999	4.52578E-05	288.524593
6	1.81E-11	288.549162	0.1000002	4.44757E-05	288.549162
5.9	1.83E-11	288.573708	0.0999997	4.3694E-05	288.573708
5.8	1.73E-11	288.598246	0.1000001	4.29147E-05	288.598246
5.7	1.66E-11	288.622791	0.1000001	4.21363E-05	288.622791
5.6	1.6E-11	288.647385	0.1000001	4.13588E-05	288.647385
5.5	1.6E-11	288.671914	0.1	4.05834E-05	288.671914
5.4	1.51E-11	288.69646	0.1000001	3.98091E-05	288.69646
5.3	1.47E-11	288.720972	0.0999999	3.90361E-05	288.720972
5.2	1.42E-11	288.745485	0.1000001	3.82642E-05	288.745485
5.1	1.43E-11	288.770003	0.1000001	3.74941E-05	288.770003
5	1.37E-11	288.794589	0.0999998	3.67253E-05	288.794589
4.9	1.28E-11	288.819118	0.1	3.59582E-05	288.819118
4.8	1.24E-11	288.843629	0.1	3.5192E-05	288.843629
4.7	1.21E-11	288.868238	0.1000001	3.44279E-05	288.868238
4.6	1.2E-11	288.893052	0.0999998	3.36646E-05	288.893052
4.5	1.84E-11	288.952512	0.0999998	3.29072E-05	288.952512
4.4	1.29E-11	288.97705	0.1	3.21457E-05	288.97705
4.3	1.19E-11	289.001608	0.1	3.13864E-05	289.001608
4.2	1.12E-11	289.026179	0.1	3.06282E-05	289.026179
4.1	1.05E-11	289.050751	0.0999998	2.98712E-05	289.050751
4	9.8E-12	289.075285	0.1000002	2.9116E-05	289.075285
3.9	8.9E-12	289.099792	0.0999999	2.83626E-05	289.099792
3.8	8.4E-12	289.124306	0.0999999	2.76102E-05	289.124306
3.7	8.1E-12	289.148903	0.0999998	2.68595E-05	289.148903
3.6	7.4E-12	289.173448	0.0999998	2.61106E-05	289.173448
3.5	6.3E-12	289.197985	0.1000001	2.53626E-05	289.197985
3.4	5.8E-12	289.22249	0.0999998	2.46168E-05	289.22249
3.3	5.4E-12	289.247013	0.1	2.38721E-05	289.247013
3.2	4.9E-12	289.271522	0.1	2.31293E-05	289.271522
3.1	3.9E-12	289.296057	0.0999999	2.23882E-05	289.296057
3	3.1E-12	289.320561	0.1000001	2.16486E-05	289.320561
2.9	2.5E-12	289.345078	0.1000001	2.09111E-05	289.345078
2.8	1.4E-12	289.369601	0.1000001	2.01743E-05	289.369601
2.7	1.1E-12	289.394376	0.0999999	1.94408E-05	289.394376
2.6	7.4E-12	289.45465	0.1	1.87138E-05	289.45465
2.5	1.4E-12	289.479233	0.1	1.79823E-05	289.479233
2.4	-3E-13	289.503741	0.1	1.72531E-05	289.503741
2.3	-1E-12	289.528262	0.1	1.65268E-05	289.528262
2.2	-2E-12	289.552862	0.1000001	1.58034E-05	289.552862
2.099999	2E-13	289.579302	0.1000001	1.5086E-05	289.579302
2	-3.9E-12	289.603821	0.1	1.43666E-05	289.603821
1.9	-5.6E-12	289.628418	0.1000001	1.36511E-05	289.628418
1.8	-6.7E-12	289.653014	0.1	1.29386E-05	289.653014
1.7	-7.5E-12	289.677614	0.0999998	1.22299E-05	289.677614
1.6	-8.6E-12	289.702153	0.1	1.15249E-05	289.702153
1.5	-1.03E-11	289.726672	0.1	1.08239E-05	289.726672
1.4	-1.14E-11	289.751179	0.0999999	1.01286E-05	289.751179
1.3	-1.3E-11	289.775684	0.1	9.4391E-06	289.775684
1.2	-1.1E-11	289.802867	0.1	8.76322E-06	289.802867
1.1	-1.57E-11	289.827385	0.0999999	8.08883E-06	289.827385
1	-1.75E-11	289.851929	0.1	7.4243E-06	289.851929
0.9	-1.94E-11	289.876481	0.1	6.77066E-06	289.876481
0.8	-2.13E-11	289.901007	0.0999997	6.12935E-06	289.901007
0.7	-1.69E-11	289.955197	0.1	5.50742E-06	289.955197
0.6	-2.36E-11	289.979716	0.0999998	4.89302E-06	289.979716
0.5	-2.6E-11	290.004224	0.1	4.29583E-06	290.004224
0.4	-2.86E-11	290.028733	0.1	3.71822E-06	290.028733
0.3	-3.04E-11	290.053291	0.0999999	3.16443E-06	290.053291
0.1999997	-2.99E-11	290.079696	0.0999999	2.63888E-06	290.079696
0.0999996	-3.59E-11	290.104197	0.0999998	2.1447E-06	290.104197
-3E-07	-3.79E-11	290.128756	0.0999998	1.6906E-06	290.128756
#scan	iMeasureCycle=3	iMux=0	time=319.957	N=401	LocalTime=19/04/2023 15:12:57
#VGate(V)	IGate(A)	time(s)	VDrain(V)	IDrain(A)	time(s)
0	-1.59E-11	319.964481	0.1	1.80387E-06	319.964481
-0.1000005	-2.38E-11	319.989352	0.0999999	1.37186E-06	319.989352
-0.2	-2.51E-11	320.015318	0.1	9.9637E-07	320.015318
-0.3	-2.82E-11	320.04283	0.0999996	6.83154E-07	320.04283
-0.4	-3.4E-11	320.067407	0.0999994	4.33639E-07	320.067407
-0.5	-3.66E-11	320.091906	0.0999997	2.50844E-07	320.091906
-0.6	-3.86E-11	320.116422	0.0999997	1.29016E-07	320.116422
-0.7	-3.52E-11	320.154076	0.099995	5.88024E-08	320.154076
-0.800001	-5.67E-11	320.177333	0.1000063	2.21311E-08	320.177333
-0.900001	-5.89E-11	320.20062	0.1000021	7.1224E-09	320.20062
-1.000001	-5.86E-11	320.223902	0.1000008	1.9574E-09	320.223902
-1.100001	-5.98E-11	320.247172	0.1000003	4.664E-10	320.247172
-1.200001	-6.26E-11	320.270469	0.1000004	9.02E-11	320.270469
-1.300001	-6.22E-11	320.293755	0.1000002	8.3E-12	320.293755
-1.400001	-6.3E-11	320.31703	0.1000004	-6.4E-12	320.31703
-1.5	-6.57E-11	320.34024	0.1000003	-8E-12	320.34024
-1.600001	-6.64E-11	320.363456	0.1000004	-8.3E-12	320.363456
-1.7	-6.58E-11	320.386748	0.1000002	-8.8E-12	320.386748
-1.800001	-6.65E-11	320.41001	0.1000002	-8.8E-12	320.41001
-1.900001	-6.9E-11	320.433442	0.1000002	-8.6E-12	320.433442
-2.000001	-6.94E-11	320.456658	0.1000002	-8.3E-12	320.456658
-2.100001	-6.8E-11	320.479951	0.1000002	-8.3E-12	320.479951
-2.2	-4.82E-11	320.532635	0.1	-1.01E-11	320.532635
-2.3	-6.87E-11	320.555864	0.1000004	-8.3E-12	320.555864
-2.4	-6.96E-11	320.579106	0.1000003	-8E-12	320.579106
-2.5	-7.02E-11	320.602331	0.1000003	-8E-12	320.602331
-2.6	-7.1E-11	320.625595	0.1000004	-8.2E-12	320.625595
-2.7	-7.14E-11	320.648815	0.1000003	-7.7E-12	320.648815
-2.8	-7.07E-11	320.672102	0.1000001	-8.4E-12	320.672102
-2.9	-7.26E-11	320.695414	0.1000003	-8.1E-12	320.695414
-3	-7.33E-11	320.718625	0.1000003	-8E-12	320.718625
-3.1	-7.32E-11	320.741835	0.1000002	-7.4E-12	320.741835
-3.2	-7.21E-11	320.765127	0.1000002	-8.1E-12	320.765127
-3.3	-7.27E-11	320.78842	0.1000001	-8E-12	320.78842
-3.4	-7.48E-11	320.811624	0.1000005	-7.8E-12	320.811624
-3.5	-7.47E-11	320.83485	0.1000005	-7.6E-12	320.83485
-3.6	-7.35E-11	320.858188	0.1000002	-7.9E-12	320.858188
-3.7	-7.62E-11	320.881405	0.1000003	-7.9E-12	320.881405
-3.8	-7.62E-11	320.904627	0.1000004	-7.5E-12	320.904627
-3.9	-7.48E-11	320.927924	0.1000002	-7.6E-12	320.927924
-4	-7.56E-11	320.951236	0.1	-8E-12	320.951236
-4.1	-7.71E-11	320.974449	0.1000002	-8.1E-12	320.974449
-4.2	-5.66E-11	321.023728	0.1	-9.3E-12	321.023728
-4.3	-7.6E-11	321.046967	0.1000002	-7.6E-12	321.046967
-4.4	-7.49E-11	321.070275	0.1000003	-8.1E-12	321.070275
-4.5	-7.47E-11	321.09358	0.1000002	-7.7E-12	321.09358
-4.6	-7.71E-11	321.116847	0.1000004	-7.6E-12	321.116847
-4.7	-7.62E-11	321.14014	0.1000003	-7.9E-12	321.14014
-4.8	-7.64E-11	321.163419	0.1000003	-7.4E-12	321.163419
-4.9	-7.73E-11	321.186747	0.1000002	-7.5E-12	321.186747
-5	-7.9E-11	321.209984	0.1000002	-7.3E-12	321.209984
-5.1	-7.75E-11	321.233271	0.1000002	-7.1E-12	321.233271
-5.2	-7.82E-11	321.256552	0.1000002	-8E-12	321.256552
-5.3	-7.99E-11	321.279781	0.1000002	-7.6E-12	321.279781
-5.4	-8.05E-11	321.302996	0.1000002	-7.6E-12	321.302996
-5.5	-7.86E-11	321.326283	0.1000003	-7.5E-12	321.326283
-5.6	-7.9E-11	321.349565	0.1000002	-7.9E-12	321.349565
-5.7	-7.96E-11	321.372857	0.1000003	-7.4E-12	321.372857
-5.8	-7.97E-11	321.396145	0.1000001	-7.4E-12	321.396145
-5.9	-8.09E-11	321.419369	0.1000003	-7.4E-12	321.419369
-6	-7.99E-11	321.442679	0.1000002	-7.7E-12	321.442679
-6.1	-8.18E-11	321.465994	0.1000002	-7.1E-12	321.465994
-6.2	-8.07E-11	321.489292	0.1000003	-7.3E-12	321.489292
-6.3	-6.14E-11	321.529768	0.1000001	-8.9E-12	321.529768
-6.4	-8.12E-11	321.553008	0.1000001	-7E-12	321.553008
-6.5	-8.2E-11	321.576237	0.1000002	-6.5E-12	321.576237
-6.6	-7.92E-11	321.599573	0.1000002	-7E-12	321.599573
-6.7	-8.07E-11	321.622937	0.1000001	-7.4E-12	321.622937
-6.8	-8.06E-11	321.646229	0.1000002	-7.8E-12	321.646229
-6.9	-8.32E-11	321.669441	0.1000004	-7.3E-12	321.669441
-7	-8.09E-11	321.692818	0.1000002	-7.4E-12	321.692818
-7.1	-8.27E-11	321.716046	0.1000002	-7.3E-12	321.716046
-7.2	-8.36E-11	321.739263	0.1000002	-7.5E-12	321.739263
-7.3	-8.19E-11	321.762552	0.1000002	-7.5E-12	321.762552
-7.4	-8.22E-11	321.785836	0.1000003	-7E-12	321.785836
-7.5	-8.47E-11	321.809038	0.1000004	-7.2E-12	321.809038
-7.6	-8.46E-11	321.832254	0.1000004	-7E-12	321.832254
-7.7	-8.31E-11	321.855597	0.1000002	-7.1E-12	321.855597
-7.8	-8.28E-11	321.878902	0.1000002	-7.1E-12	321.878902
-7.9	-8.5E-11	321.902117	0.1	-7E-12	321.902117
-8	-8.51E-11	321.925331	0.1000002	-7E-12	321.925331
-8.1	-8.33E-11	321.948657	0.1000002	-7.3E-12	321.948657
-8.2	-8.18E-11	321.971994	0.1000003	-6.9E-12	321.971994
-8.3	-6.49E-11	322.026475	0.1000001	-9.1E-12	322.026475
-8.4	-8.2E-11	322.049787	0.1000003	-7.7E-12	322.049787
-8.5	-8.17E-11	322.073139	0.1000001	-7.5E-12	322.073139
-8.6	-8.46E-11	322.096356	0.1000002	-7.5E-12	322.096356
-8.7	-8.51E-11	322.119619	0.1000003	-7.2E-12	322.119619
-8.8	-8.37E-11	322.142916	0.1	-7.4E-12	322.142916
-8.9	-8.57E-11	322.166114	0.1000003	-7.2E-12	322.166114
-9	-8.57E-11	322.189425	0.1000001	-7.5E-12	322.189425
-9.1	-8.47E-11	322.212728	0.1000003	-7.7E-12	322.212728
-9.2	-8.52E-11	322.23601	0.1000003	-7.8E-12	322.23601
-9.3	-8.68E-11	322.259242	0.1000003	-7.3E-12	322.259242
-9.4	-8.7E-11	322.28246	0.1000002	-7.4E-12	322.28246
-9.5	-8.49E-11	322.305749	0.1000001	-7.8E-12	322.305749
-9.6	-8.58E-11	322.329029	0.1000001	-7.7E-12	322.329029
-9.7	-8.73E-11	322.352249	0.1000004	-7.9E-12	322.352249
-9.8	-8.72E-11	322.375457	0.1000003	-7.6E-12	322.375457
-9.9	-8.53E-11	322.398755	0.1000003	-7.5E-12	322.398755
-10	-8.5E-11	322.422034	0.1	-7.4E-12	322.422034
-9.90001	-4.51E-11	322.445301	0.0999999	-1.07E-11	322.445301
-9.80001	-4.12E-11	322.468516	0.0999998	-1.04E-11	322.468516
-9.70001	-3.94E-11	322.491735	0.1	-1.05E-11	322.491735
-9.60001	-5.68E-11	322.532338	0.0999999	-8.6E-12	322.532338
-9.50001	-3.63E-11	322.555566	0.0999997	-1.06E-11	322.555566
-9.40001	-3.48E-11	322.578805	0.0999999	-1.07E-11	322.578805
-9.30001	-3.46E-11	322.602104	0.0999998	-1.06E-11	322.602104
-9.20001	-3.24E-11	322.625373	0.0999998	-1.05E-11	322.625373
-9.10001	-3.09E-11	322.64859	0.0999998	-1.1E-11	322.64859
-9.00001	-3E-11	322.671801	0.0999999	-1.12E-11	322.671801
-8.90001	-3.13E-11	322.695172	0.0999998	-1.07E-11	322.695172
-8.80001	-2.95E-11	322.718379	0.0999999	-1.11E-11	322.718379
-8.70001	-2.86E-11	322.741594	0.0999997	-1.12E-11	322.741594
-8.60001	-2.79E-11	322.764807	0.0999997	-1.12E-11	322.764807
-8.50001	-2.89E-11	322.78809	0.0999998	-1.09E-11	322.78809
-8.40001	-2.82E-11	322.811379	0.0999997	-1.09E-11	322.811379
-8.30001	-2.58E-11	322.834583	0.0999999	-1.1E-11	322.834583
-8.20001	-2.47E-11	322.857809	0.0999997	-1.08E-11	322.857809
-8.10001	-2.61E-11	322.881156	0.0999998	-1.1E-11	322.881156
-8.00001	-2.38E-11	322.90437	0.0999997	-1.1E-11	322.90437
-7.90001	-2.4E-11	322.927589	0.0999996	-1.15E-11	322.927589
-7.80001	-2.31E-11	322.950827	0.0999997	-1.12E-11	322.950827
-7.70001	-2.45E-11	322.974123	0.0999999	-1.1E-11	322.974123
-7.60001	-4.3E-11	323.023558	0.1000001	-9.6E-12	323.023558
-7.50001	-4.11E-11	323.054001	0.0999999	-9.4E-12	323.054001
-7.40001	-2.29E-11	323.077222	0.1	-1.13E-11	323.077222
-7.30001	-2.41E-11	323.100616	0.0999999	-1.12E-11	323.100616
-7.2	-2.14E-11	323.123817	0.0999997	-1.11E-11	323.123817
-7.10001	-2.14E-11	323.147121	0.0999998	-1.07E-11	323.147121
-7.00001	-2.21E-11	323.170416	0.0999998	-1.13E-11	323.170416
-6.90001	-2.04E-11	323.193737	0.0999999	-1.11E-11	323.193737
-6.80001	-2.01E-11	323.217006	0.0999999	-1.16E-11	323.217006
-6.70001	-1.9E-11	323.240213	0.0999996	-1.18E-11	323.240213
-6.60001	-2.07E-11	323.263505	0.0999999	-1.14E-11	323.263505
-6.50001	-1.86E-11	323.28671	0.0999999	-1.16E-11	323.28671
-6.40001	-1.81E-11	323.309931	0.0999997	-1.14E-11	323.309931
-6.30001	-1.82E-11	323.333139	0.1	-1.11E-11	323.333139
-6.20001	-1.91E-11	323.356425	0.0999998	-1.13E-11	323.356425
-6.10001	-1.91E-11	323.37972	0.1	-1.14E-11	323.37972
-6.00001	-1.68E-11	323.403036	0.0999999	-1.16E-11	323.403036
-5.90001	-1.78E-11	323.426328	0.1000002	-1.14E-11	323.426328
-5.80001	-1.75E-11	323.449635	0.0999998	-1.17E-11	323.449635
-5.70001	-1.52E-11	323.472914	0.0999998	-1.16E-11	323.472914
-5.60001	-3.68E-11	323.520358	0.0999999	-1.01E-11	323.520358
-5.50001	-1.8E-11	323.543723	0.0999998	-1.18E-11	323.543723
-5.40001	-1.53E-11	323.56694	0.0999996	-1.17E-11	323.56694
-5.30001	-1.47E-11	323.590158	0.0999997	-1.19E-11	323.590158
-5.20001	-1.4E-11	323.613378	0.0999999	-1.16E-11	323.613378
-5.1	-1.51E-11	323.636724	0.0999998	-1.16E-11	323.636724
-5.00001	-1.29E-11	323.659948	0.0999998	-1.19E-11	323.659948
-4.90001	-1.26E-11	323.683165	0.0999997	-1.18E-11	323.683165
-4.80001	-1.39E-11	323.706613	0.0999999	-1.14E-11	323.706613
-4.7	-1.31E-11	323.729899	0.0999998	-1.19E-11	323.729899
-4.60001	-1.17E-11	323.753105	0.1	-1.18E-11	323.753105
-4.50001	-1.07E-11	323.776324	0.1	-1.2E-11	323.776324
-4.40001	-1.18E-11	323.799615	0.1	-1.17E-11	323.799615
-4.3	-1.15E-11	323.822891	0.0999997	-1.19E-11	323.822891
-4.20001	-1.11E-11	323.846178	0.0999997	-1.18E-11	323.846178
-4.10001	-9.1E-12	323.869384	0.0999999	-1.2E-11	323.869384
-4.00001	-8.5E-12	323.892608	0.0999999	-1.19E-11	323.892608
-3.90001	-9.4E-12	323.915901	0.0999998	-1.2E-11	323.915901
-3.80001	-1.17E-11	323.939298	0.0999998	-1.24E-11	323.939298
-3.70001	-8.6E-12	323.962602	0.0999998	-1.21E-11	323.962602
-3.60001	-8.1E-12	323.985878	0.1	-1.2E-11	323.985878
-3.50001	-2.73E-11	324.036871	0.1000002	-1.09E-11	324.036871
-3.40001	-7.5E-12	324.06017	0.1	-1.25E-11	324.06017
-3.30001	-6E-12	324.083383	0.0999996	-1.25E-11	324.083383
-3.20001	-5.3E-12	324.106594	0.0999999	-1.26E-11	324.106594
-3.10001	-6.5E-12	324.129926	0.0999998	-1.26E-11	324.129926
-3.00001	-5.7E-12	324.153218	0.0999999	-1.26E-11	324.153218
-2.90001	-3.5E-12	324.176419	0.0999999	-1.3E-11	324.176419
-2.80001	-3.3E-12	324.199704	0.0999997	-1.29E-11	324.199704
-2.70001	-4.3E-12	324.223049	0.0999999	-1.28E-11	324.223049
-2.60001	-1.3E-12	324.246273	0.0999997	-1.29E-11	324.246273
-2.50001	-8E-13	324.269493	0.0999996	-1.33E-11	324.269493
-2.40001	-1.7E-12	324.292791	0.0999997	-1.3E-11	324.292791
-2.30001	-8E-13	324.316083	0.0999996	-1.3E-11	324.316083
-2.20001	-3E-13	324.339367	0.0999998	-1.31E-11	324.339367
-2.099999	-1.44E-11	324.364483	0.1000001	-1.18E-11	324.364483
-2	3.4E-12	324.387692	0.0999997	-1.34E-11	324.387692
-1.9	2.6E-12	324.41098	0.0999998	-1.34E-11	324.41098
-1.8	3E-12	324.434285	0.0999998	-1.35E-11	324.434285
-1.699999	5.3E-12	324.457531	0.0999998	-1.38E-11	324.457531
-1.6	7.1E-12	324.480753	0.0999998	-1.39E-11	324.480753
-1.500001	-1.42E-11	324.538557	0.1000001	-1.14E-11	324.538557
-1.4	6.4E-12	324.561835	0.0999999	-6.7E-12	324.561835
-1.3	6.2E-12	324.585125	0.0999999	2.96E-11	324.585125
-1.2	7.8E-12	324.608422	0.1000001	2.102E-10	324.608422
-1.1	1.1E-11	324.631692	0.1000001	9.611E-10	324.631692
-1	1.18E-11	324.654937	0.1000014	3.6462E-09	324.654937
-0.9	1.2E-11	324.678231	0.1000043	1.19665E-08	324.678231
-0.8	1.49E-11	324.701539	0.1000068	3.34479E-08	324.701539
-0.7	1.49E-11	324.72483	0.1000076	7.98426E-08	324.72483
-0.600001	-2.7E-12	324.764273	0.1000001	1.61321E-07	324.764273
-0.500001	3E-12	324.788785	0.1000009	2.9987E-07	324.788785
-0.4	4.9E-12	324.813284	0.1000007	4.97653E-07	324.813284
-0.3	6.8E-12	324.8378	0.1000012	7.58311E-07	324.8378
-0.2	2.9E-12	324.874116	0.1	1.07462E-06	324.874116
-0.0999996	9.5E-12	324.898616	0.1000002	1.45845E-06	324.898616
3E-07	1.11E-11	324.923141	0.1	1.89071E-06	324.923141
0.1000004	1.35E-11	324.947646	0.1	2.36674E-06	324.947646
0.2000004	1.53E-11	324.972135	0.1000003	2.87919E-06	324.972135
0.299999	1.7E-11	324.996861	0.1	3.42249E-06	324.996861
0.399999	1.27E-11	325.046485	0.0999998	3.9814E-06	325.046485
0.5	1.95E-11	325.07102	0.1000001	4.57614E-06	325.07102
0.599999	2.14E-11	325.095532	0.1000001	5.18644E-06	325.095532
0.7	2.35E-11	325.120046	0.1000001	5.81206E-06	325.120046
0.8	2.56E-11	325.144608	0.1000001	6.45068E-06	325.144608
0.899999	2.79E-11	325.169119	0.1	7.10262E-06	325.169119
0.999999	2.99E-11	325.193611	0.0999999	7.76556E-06	325.193611
1.1	3.11E-11	325.218202	0.1000001	8.43815E-06	325.218202
1.2	3.37E-11	325.242712	0.1	9.11999E-06	325.242712
1.3	3.47E-11	325.267247	0.1	9.80856E-06	325.267247
1.399999	3.13E-11	325.301822	0.0999999	1.04942E-05	325.301822
1.5	3.69E-11	325.326344	0.1000001	1.11956E-05	325.326344
1.599999	3.85E-11	325.350843	0.1	1.19011E-05	325.350843
1.699999	3.91E-11	325.375343	0.1000001	1.26104E-05	325.375343
1.8	4.03E-11	325.399865	0.0999998	1.3323E-05	325.399865
1.899999	4.12E-11	325.424379	0.1	1.40388E-05	325.424379
2	4.21E-11	325.448899	0.1000001	1.47573E-05	325.448899
2.099999	4.32E-11	325.473448	0.1	1.54784E-05	325.473448
2.19999	4.32E-11	325.498209	0.1	1.61985E-05	325.498209
2.29999	3.77E-11	325.540815	0.0999999	1.69182E-05	325.540815
2.39999	4.28E-11	325.565401	0.1000001	1.76479E-05	325.565401
2.49999	4.39E-11	325.589905	0.1000001	1.83787E-05	325.589905
2.59999	4.48E-11	325.61452	0.1	1.91102E-05	325.61452
2.69999	4.52E-11	325.639121	0.1000002	1.9844E-05	325.639121
2.79999	4.55E-11	325.663654	0.0999999	2.05792E-05	325.663654
2.89999	4.61E-11	325.688168	0.0999999	2.1316E-05	325.688168
2.99999	4.68E-11	325.712749	0.0999999	2.20535E-05	325.712749
3.09999	4.74E-11	325.737263	0.0999999	2.27929E-05	325.737263
3.19999	4.77E-11	325.761786	0.1000001	2.35333E-05	325.761786
3.29999	4.8E-11	325.786288	0.1000002	2.42752E-05	325.786288
3.39999	4.82E-11	325.810829	0.1	2.50183E-05	325.810829
3.49999	4.81E-11	325.835343	0.0999998	2.5762E-05	325.835343
3.59999	4.9E-11	325.859836	0.1000003	2.6508E-05	325.859836
3.69999	4.85E-11	325.884411	0.1	2.7254E-05	325.884411
3.79999	4.92E-11	325.908914	0.1000003	2.80022E-05	325.908914
3.89999	4.96E-11	325.933442	0.1	2.87507E-05	325.933442
3.99999	4.95E-11	325.957998	0.1	2.95008E-05	325.957998
4.09999	4.98E-11	325.982529	0.1000001	3.02512E-05	325.982529
4.19999	4.29E-11	326.044192	0.0999999	3.09928E-05	326.044192
4.29999	4.84E-11	326.068721	0.1000001	3.1748E-05	326.068721
4.39999	4.87E-11	326.093233	0.0999999	3.25035E-05	326.093233
4.49999	4.9E-11	326.117791	0.0999997	3.32586E-05	326.117791
4.59999	4.98E-11	326.142345	0.0999997	3.40152E-05	326.142345
4.69999	5.01E-11	326.166863	0.1	3.47728E-05	326.166863
4.79999	5.04E-11	326.191368	0.1000001	3.55317E-05	326.191368
4.89999	5.09E-11	326.215953	0.1000001	3.62907E-05	326.215953
4.99999	5.09E-11	326.240494	0.0999999	3.70513E-05	326.240494
5.09999	5.15E-11	326.26507	0.1000001	3.78129E-05	326.26507
5.19999	5.17E-11	326.289589	0.1000002	3.85769E-05	326.289589
5.29999	5.2E-11	326.314093	0.1000002	3.9341E-05	326.314093
5.39999	5.23E-11	326.338608	0.1000001	4.01063E-05	326.338608
5.49999	5.3E-11	326.363122	0.1	4.08732E-05	326.363122
5.59999	5.27E-11	326.387624	0.0999999	4.16416E-05	326.387624
5.69999	5.29E-11	326.41213	0.1000002	4.24104E-05	326.41213
5.79999	5.24E-11	326.43682	0.0999999	4.3181E-05	326.43682
5.89999	5.35E-11	326.461349	0.1	4.3953E-05	326.461349
5.99999	5.38E-11	326.485875	0.1000001	4.47263E-05	326.485875
6.09999	4.68E-11	326.540966	0.1000002	4.54917E-05	326.540966
6.19999	5.21E-11	326.565544	0.0999998	4.62697E-05	326.565544
6.29999	5.29E-11	326.59007	0.1000001	4.70484E-05	326.59007
6.39999	5.38E-11	326.614576	0.1000001	4.78277E-05	326.614576
6.49999	5.4E-11	326.63926	0.1	4.8608E-05	326.63926
6.59999	5.42E-11	326.663772	0.0999999	4.93886E-05	326.663772
6.69999	5.4E-11	326.688311	0.1000001	5.01713E-05	326.688311
6.79999	5.45E-11	326.712918	0.1	5.0955E-05	326.712918
6.89999	5.43E-11	326.737444	0.1	5.17405E-05	326.737444
6.99999	5.52E-11	326.761949	0.1	5.25275E-05	326.761949
7.09999	5.54E-11	326.786456	0.1000001	5.33152E-05	326.786456
7.19999	5.52E-11	326.810962	0.1	5.41041E-05	326.810962
7.29999	5.53E-11	326.835477	0.1000001	5.48941E-05	326.835477
7.39999	5.55E-11	326.859987	0.0999999	5.5687E-05	326.859987
7.49999	5.59E-11	326.884558	0.1000001	5.64805E-05	326.884558
7.59999	5.62E-11	326.909065	0.1	5.72748E-05	326.909065
7.69999	5.62E-11	326.933581	0.1	5.80706E-05	326.933581
7.79999	5.62E-11	326.958131	0.0999999	5.88676E-05	326.958131
7.89999	5.6E-11	326.982622	0.1000002	5.96665E-05	326.982622
7.99999	4.87E-11	327.045238	0.0999999	6.04543E-05	327.045238
8.09999	5.46E-11	327.069793	0.0999999	6.12592E-05	327.069793
8.19999	5.47E-11	327.094351	0.1	6.20643E-05	327.094351
8.29999	5.54E-11	327.118843	0.1	6.28692E-05	327.118843
8.39999	5.54E-11	327.143433	0.0999999	6.36758E-05	327.143433
8.49999	5.59E-11	327.167971	0.1000001	6.4483E-05	327.167971
8.59999	5.7E-11	327.192525	0.1000003	6.52913E-05	327.192525
8.69999	5.64E-11	327.21712	0.1000002	6.61013E-05	327.21712
8.79999	5.65E-11	327.241734	0.1	6.69112E-05	327.241734
8.89999	5.66E-11	327.266271	0.1000002	6.77238E-05	327.266271
8.99999	5.74E-11	327.290816	0.1000001	6.85383E-05	327.290816
9.09999	5.74E-11	327.315315	0.1	6.93526E-05	327.315315
9.19999	5.73E-11	327.339832	0.1000001	7.01684E-05	327.339832
9.29999	5.72E-11	327.364346	0.1000002	7.09838E-05	327.364346
9.39999	5.77E-11	327.388879	0.0999999	7.18048E-05	327.388879
9.49999	5.78E-11	327.413397	0.1	7.26256E-05	327.413397
9.59999	5.79E-11	327.437933	0.1	7.34482E-05	327.437933
9.69999	5.83E-11	327.462548	0.0999999	7.42727E-05	327.462548
9.79999	5.82E-11	327.487052	0.1000002	7.50981E-05	327.487052
9.89999	5.2E-11	327.544093	0.1	7.59151E-05	327.544093
9.99999	5.65E-11	327.568711	0.0999999	7.67461E-05	327.568711
9.9	4.39E-11	327.593248	0.1	7.59044E-05	327.593248
9.8	4.05E-11	327.61777	0.1000002	7.50678E-05	327.61777
9.7	3.82E-11	327.642332	0.1000001	7.42341E-05	327.642332
9.6	3.71E-11	327.666852	0.1000001	7.34027E-05	327.666852
9.5	3.53E-11	327.691366	0.1000002	7.2573E-05	327.691366
9.4	3.47E-11	327.716009	0.1000002	7.1745E-05	327.716009
9.3	3.27E-11	327.740551	0.0999999	7.09185E-05	327.740551
9.2	3.23E-11	327.76507	0.1	7.00938E-05	327.76507
9.1	3.14E-11	327.789574	0.0999999	6.92697E-05	327.789574
9	3.12E-11	327.814082	0.1	6.84484E-05	327.814082
8.9	3.04E-11	327.838608	0.0999997	6.76313E-05	327.838608
8.8	2.97E-11	327.863128	0.0999998	6.68115E-05	327.863128
8.7	2.9E-11	327.887709	0.1	6.59923E-05	327.887709
8.6	2.84E-11	327.912231	0.0999999	6.51739E-05	327.912231
8.5	2.84E-11	327.936784	0.0999998	6.43587E-05	327.936784
8.4	2.71E-11	327.961331	0.1	6.35439E-05	327.961331
8.3	2.71E-11	327.985847	0.1000001	6.27307E-05	327.985847
8.2	3.29E-11	328.048451	0.1	6.19235E-05	328.048451
8.1	2.75E-11	328.073056	0.0999998	6.1112E-05	328.073056
8	2.65E-11	328.097612	0.0999998	6.03014E-05	328.097612
7.9	2.6E-11	328.122137	0.1	5.94926E-05	328.122137
7.8	2.53E-11	328.146686	0.0999998	5.86866E-05	328.146686
7.7	2.49E-11	328.171207	0.0999998	5.78821E-05	328.171207
7.6	2.44E-11	328.195749	0.1000001	5.70791E-05	328.195749
7.5	2.37E-11	328.220349	0.0999999	5.62761E-05	328.220349
7.4	2.32E-11	328.244876	0.0999999	5.54756E-05	328.244876
7.3	2.24E-11	328.269406	0.1	5.46759E-05	328.269406
7.2	2.25E-11	328.293926	0.1000001	5.38777E-05	328.293926
7.1	2.17E-11	328.318456	0.1	5.30807E-05	328.318456
7	2.13E-11	328.343073	0.1	5.22853E-05	328.343073
6.9	2.13E-11	328.36761	0.1000001	5.14915E-05	328.36761
6.8	2.09E-11	328.392156	0.1000001	5.06983E-05	328.392156
6.7	2.03E-11	328.41668	0.1	4.99061E-05	328.41668
6.6	1.97E-11	328.441245	0.0999998	4.91169E-05	328.441245
6.5	1.9E-11	328.465762	0.0999998	4.8328E-05	328.465762
6.4	1.95E-11	328.490352	0.1	4.75406E-05	328.490352
6.3	2.57E-11	328.551406	0.1000001	4.67599E-05	328.551406
6.2	1.98E-11	328.575934	0.1	4.59743E-05	328.575934
6.1	1.94E-11	328.600459	0.1	4.51907E-05	328.600459
6	1.92E-11	328.624991	0.1	4.44076E-05	328.624991
5.9	1.82E-11	328.649561	0.1000003	4.36264E-05	328.649561
5.8	1.81E-11	328.674065	0.1	4.28467E-05	328.674065
5.7	1.74E-11	328.698692	0.0999998	4.20685E-05	328.698692
5.6	1.64E-11	328.723294	0.0999998	4.12915E-05	328.723294
5.5	1.62E-11	328.747873	0.1	4.05164E-05	328.747873
5.4	1.54E-11	328.77237	0.0999999	3.97414E-05	328.77237
5.3	1.52E-11	328.796874	0.0999999	3.89684E-05	328.796874
5.2	1.46E-11	328.821382	0.1000002	3.81965E-05	328.821382
5.1	1.45E-11	328.845908	0.0999999	3.74258E-05	328.845908
5	1.4E-11	328.870433	0.1	3.66569E-05	328.870433
4.9	1.36E-11	328.895032	0.1	3.58895E-05	328.895032
4.8	1.3E-11	328.919587	0.0999999	3.51236E-05	328.919587
4.7	1.28E-11	328.944129	0.1	3.43589E-05	328.944129
4.6	1.22E-11	328.968673	0.1000001	3.35959E-05	328.968673
4.5	1.12E-11	328.993171	0.1	3.28337E-05	328.993171
4.4	1.75E-11	329.048164	0.1000001	3.20765E-05	329.048164
4.3	1.19E-11	329.072695	0.0999999	3.13165E-05	329.072695
4.2	1.09E-11	329.097212	0.0999998	3.05584E-05	329.097212
4.1	1.05E-11	329.121741	0.0999999	2.98012E-05	329.121741
4	9.8E-12	329.146332	0.0999998	2.90463E-05	329.146332
3.9	9.1E-12	329.17087	0.1000002	2.82924E-05	329.17087
3.8	8.4E-12	329.195378	0.1	2.75407E-05	329.195378
3.7	8.2E-12	329.22005	0.0999999	2.67899E-05	329.22005
3.6	7.3E-12	329.244554	0.0999999	2.60411E-05	329.244554
3.5	6.7E-12	329.269081	0.0999997	2.52936E-05	329.269081
3.4	6E-12	329.293585	0.0999998	2.45471E-05	329.293585
3.3	5.7E-12	329.318102	0.1000001	2.38027E-05	329.318102
3.2	4.8E-12	329.342608	0.1000001	2.306E-05	329.342608
3.1	4.3E-12	329.367162	0.1000001	2.23188E-05	329.367162
3	3E-12	329.391669	0.0999999	2.15798E-05	329.391669
2.9	2.5E-12	329.416201	0.0999999	2.08421E-05	329.416201
2.8	1.4E-12	329.440714	0.1000003	2.01062E-05	329.440714
2.7	1.2E-12	329.465331	0.0999998	1.93718E-05	329.465331
2.6	2E-13	329.489867	0.1000001	1.86393E-05	329.489867
2.5	7.1E-12	329.55241	0.1	1.79156E-05	329.55241
2.4	1.1E-12	329.576992	0.0999999	1.71862E-05	329.576992
2.3	0	329.601541	0.1	1.64597E-05	329.601541
2.2	-1.9E-12	329.626092	0.1	1.57352E-05	329.626092
2.099999	3E-13	329.652571	0.0999998	1.50171E-05	329.652571
2	-3.7E-12	329.677138	0.1	1.42981E-05	329.677138
1.9	-5.1E-12	329.70167	0.0999998	1.35828E-05	329.70167
1.8	-6.2E-12	329.72626	0.0999998	1.28702E-05	329.72626
1.7	-8.2E-12	329.750772	0.1000001	1.21615E-05	329.750772
1.6	-9.1E-12	329.775298	0.0999999	1.14567E-05	329.775298
1.5	-1.01E-11	329.799818	0.0999999	1.07567E-05	329.799818
1.4	-1.12E-11	329.824387	0.1000001	1.00623E-05	329.824387
1.3	-1.3E-11	329.848901	0.1	9.3732E-06	329.848901
1.2	-1.06E-11	329.87611	0.0999999	8.6976E-06	329.87611
1.1	-1.62E-11	329.900674	0.0999998	8.02417E-06	329.900674
1	-1.77E-11	329.9252	0.1000001	7.36036E-06	329.9252
0.9	-1.95E-11	329.94973	0.1	6.70771E-06	329.94973
0.8	-2.12E-11	329.974372	0.1	6.06768E-06	329.974372
0.7	-2.35E-11	329.998872	0.0999999	5.44114E-06	329.998872
0.6	-1.89E-11	330.055645	0.1	4.83648E-06	330.055645
0.5	-2.58E-11	330.080166	0.0999999	4.23984E-06	330.080166
0.4	-2.84E-11	330.104739	0.0999999	3.66441E-06	330.104739
0.3	-3.05E-11	330.129274	0.0999999	3.11225E-06	330.129274
0.1999997	-3E-11	330.155748	0.1000001	2.58982E-06	330.155748
0.0999995	-3.58E-11	330.180247	0.0999998	2.09933E-06	330.180247
-3E-07	-3.76E-11	330.204779	0.1000001	1.6493E-06	330.204779
