#scan	iMeasureCycle=1	iMux=0	time=0.031	N=401	LocalTime=20/04/2023 06:37:42
#VGate(V)	IGate(A)	time(s)	VDrain(V)	IDrain(A)	time(s)
-1E-07	-1.51E-10	0.033973	0.0999997	2.15528E-05	0.033973
-0.1000005	-2.092E-10	0.0589	0.1000001	2.07203E-05	0.0589
-0.2000005	-2.578E-10	0.083434	0.0999998	1.98933E-05	0.083434
-0.300001	-1.976E-10	0.10816	0.1000001	1.90701E-05	0.10816
-0.4	-1.1E-10	0.132839	0.1	1.82509E-05	0.132839
-0.5	-8.47E-11	0.157343	0.1000001	1.7435E-05	0.157343
-0.6	-7.13E-11	0.181894	0.0999998	1.6623E-05	0.181894
-0.7	-6.39E-11	0.206429	0.0999999	1.58151E-05	0.206429
-0.8	-5.91E-11	0.231031	0.0999999	1.50117E-05	0.231031
-0.9	-5.69E-11	0.255538	0.0999998	1.42137E-05	0.255538
-1	-5.46E-11	0.280072	0.1	1.3421E-05	0.280072
-1.1	-5.33E-11	0.304594	0.0999998	1.26348E-05	0.304594
-1.2	-5.25E-11	0.329101	0.0999999	1.18553E-05	0.329101
-1.3	-5.18E-11	0.353639	0.0999999	1.10847E-05	0.353639
-1.4	-5.14E-11	0.37816	0.0999999	1.03238E-05	0.37816
-1.5	-5.13E-11	0.402664	0.1	9.573E-06	0.402664
-1.6	-4.71E-11	0.429816	0.1	8.83819E-06	0.429816
-1.7	-5.07E-11	0.454326	0.0999999	8.11443E-06	0.454326
-1.8	-5.08E-11	0.478893	0.0999998	7.40659E-06	0.478893
-1.9	-5.08E-11	0.50342	0.0999997	6.71659E-06	0.50342
-2	-5.12E-11	0.52794	0.1	6.04806E-06	0.52794
-2.1	-5.13E-11	0.55245	0.0999999	5.40307E-06	0.55245
-2.2	-4.52E-11	0.600556	0.0999999	4.78705E-06	0.600556
-2.3	-4.97E-11	0.625121	0.1	4.19632E-06	0.625121
-2.4	-5.07E-11	0.649653	0.0999997	3.63969E-06	0.649653
-2.5	-5.12E-11	0.674177	0.1	3.11885E-06	0.674177
-2.6	-5.17E-11	0.698747	0.1000001	2.63645E-06	0.698747
-2.7	-5.23E-11	0.72328	0.0999998	2.19386E-06	0.72328
-2.8	-5.2E-11	0.7478	0.1	1.79388E-06	0.7478
-2.9	-5.29E-11	0.772322	0.0999998	1.43641E-06	0.772322
-3	-5.34E-11	0.796894	0.1	1.12325E-06	0.796894
-3.1	-4.96E-11	0.824299	0.0999995	8.54597E-07	0.824299
-3.2	-5.37E-11	0.848806	0.0999996	6.27661E-07	0.848806
-3.3	-5.42E-11	0.873323	0.0999997	4.42709E-07	0.873323
-3.4	-5.42E-11	0.897817	0.0999997	2.96834E-07	0.897817
-3.5	-5.43E-11	0.922374	0.0999997	1.87592E-07	0.922374
-3.6	-5.44E-11	0.946908	0.0999998	1.10365E-07	0.946908
-3.7	-4.92E-11	0.984651	0.0999967	6.03966E-08	0.984651
-3.8	-6.92E-11	1.007849	0.1000074	2.94463E-08	1.007849
-3.9	-6.9E-11	1.031131	0.1000026	1.29663E-08	1.031131
-4	-6.87E-11	1.054412	0.1000012	5.1063E-09	1.054412
-4.1	-5E-11	1.100854	0.0999998	1.8487E-09	1.100854
-4.2	-6.94E-11	1.124106	0.1000003	5.583E-10	1.124106
-4.3	-6.86E-11	1.147428	0.1000001	1.452E-10	1.147428
-4.4	-7.11E-11	1.170646	0.1000001	2.83E-11	1.170646
-4.5	-7.2E-11	1.193919	0.1000002	1.8E-12	1.193919
-4.6	-7.19E-11	1.217151	0.1000001	-2.8E-12	1.217151
-4.7	-7.11E-11	1.240503	0.1000001	-3.5E-12	1.240503
-4.8	-7.32E-11	1.263724	0.1000001	-3.4E-12	1.263724
-4.9	-7.24E-11	1.286979	0.1	-3.4E-12	1.286979
-5	-7.33E-11	1.310198	0.1000001	-3.6E-12	1.310198
-5.1	-7.2E-11	1.333487	0.1000001	-3.7E-12	1.333487
-5.2	-7.45E-11	1.356704	0.1000002	-3.5E-12	1.356704
-5.3	-7.44E-11	1.379925	0.1000001	-2.8E-12	1.379925
-5.4	-7.46E-11	1.403129	0.1000001	-3.2E-12	1.403129
-5.5	-7.3E-11	1.426413	0.1000002	-3.7E-12	1.426413
-5.6	-7.23E-11	1.449732	0.1000001	-3.8E-12	1.449732
-5.7	-7.49E-11	1.473004	0.1000001	-3.5E-12	1.473004
-5.8	-7.31E-11	1.496304	0.1000002	-3.5E-12	1.496304
-5.9	-7.38E-11	1.519595	0.1000001	-3E-12	1.519595
-6	-7.55E-11	1.542811	0.1	-3.4E-12	1.542811
-6.1	-5.46E-11	1.600051	0.0999998	-5.2E-12	1.600051
-6.2	-7.34E-11	1.623319	0.1000001	-3.2E-12	1.623319
-6.3	-7.53E-11	1.646545	0.1	-3E-12	1.646545
-6.4	-7.43E-11	1.669844	0.1	-3.2E-12	1.669844
-6.5	-7.52E-11	1.693127	0.1000001	-3.4E-12	1.693127
-6.6	-7.62E-11	1.716355	0.1000001	-3.3E-12	1.716355
-6.7	-7.36E-11	1.739687	0.0999999	-3.4E-12	1.739687
-6.8	-7.48E-11	1.762984	0.1000002	-3.5E-12	1.762984
-6.9	-7.71E-11	1.7862	0.1000003	-3.4E-12	1.7862
-7	-7.71E-11	1.809475	0.1000001	-3.3E-12	1.809475
-7.1	-7.59E-11	1.832766	0.1	-3.2E-12	1.832766
-7.2	-7.64E-11	1.856068	0.1000001	-3.2E-12	1.856068
-7.3	-7.81E-11	1.879277	0.1000001	-3.2E-12	1.879277
-7.4	-7.82E-11	1.902503	0.1000002	-3E-12	1.902503
-7.5	-7.7E-11	1.925792	0.1000001	-3.3E-12	1.925792
-7.6	-7.65E-11	1.949107	0.1000001	-3E-12	1.949107
-7.7	-7.85E-11	1.972422	0.1	-2.8E-12	1.972422
-7.8	-7.85E-11	1.995634	0.1000003	-2.7E-12	1.995634
-7.9	-7.91E-11	2.018858	0.1	-2.9E-12	2.018858
-8	-7.74E-11	2.042163	0.1000001	-3.1E-12	2.042163
-8.1	-5.78E-11	2.101145	0.0999999	-4.7E-12	2.101145
-8.2	-7.71E-11	2.124403	0.1000002	-3E-12	2.124403
-8.3	-7.87E-11	2.147669	0.1000003	-3.1E-12	2.147669
-8.4	-7.7E-11	2.170965	0.1000002	-3.3E-12	2.170965
-8.5	-7.71E-11	2.194323	0.1000001	-3.4E-12	2.194323
-8.6	-7.9E-11	2.217542	0.1000001	-3.2E-12	2.217542
-8.7	-7.92E-11	2.240757	0.1000001	-3E-12	2.240757
-8.8	-7.98E-11	2.263971	0.1000002	-2.8E-12	2.263971
-8.9	-8E-11	2.287182	0.1000002	-2.7E-12	2.287182
-9	-7.82E-11	2.310483	0.1000001	-3.2E-12	2.310483
-9.1	-8.06E-11	2.333693	0.1000002	-2.8E-12	2.333693
-9.2	-8.06E-11	2.356903	0.1000001	-2.7E-12	2.356903
-9.3	-7.92E-11	2.380191	0.1000001	-2.9E-12	2.380191
-9.4	-7.89E-11	2.403484	0.1000001	-3.1E-12	2.403484
-9.5	-8.09E-11	2.426692	0.1000003	-2.7E-12	2.426692
-9.6	-8.13E-11	2.449921	0.1000002	-2.8E-12	2.449921
-9.7	-7.96E-11	2.473265	0.1	-3.1E-12	2.473265
-9.8	-7.98E-11	2.496554	0.1000001	-3.1E-12	2.496554
-9.9	-8.15E-11	2.519777	0.1000002	-2.7E-12	2.519777
-10	-8.26E-11	2.543064	0.1	-2.8E-12	2.543064
-9.90001	-5.58E-11	2.602755	0.0999998	-5.1E-12	2.602755
-9.80001	-3.51E-11	2.62601	0.0999995	-6.4E-12	2.62601
-9.70001	-3.29E-11	2.649222	0.0999995	-6.7E-12	2.649222
-9.60001	-3.24E-11	2.672519	0.0999998	-6.5E-12	2.672519
-9.50001	-2.98E-11	2.695787	0.0999997	-6.9E-12	2.695787
-9.40001	-2.86E-11	2.719035	0.0999997	-6.9E-12	2.719035
-9.30001	-2.75E-11	2.742248	0.0999996	-6.8E-12	2.742248
-9.20001	-2.81E-11	2.765549	0.0999998	-6.2E-12	2.765549
-9.10001	-2.76E-11	2.788846	0.0999999	-6.6E-12	2.788846
-9.00001	-2.5E-11	2.81212	0.0999999	-6.5E-12	2.81212
-8.90001	-2.59E-11	2.835413	0.0999996	-6.8E-12	2.835413
-8.80001	-2.52E-11	2.858709	0.0999997	-7E-12	2.858709
-8.70001	-2.37E-11	2.881927	0.0999998	-6.7E-12	2.881927
-8.60001	-2.23E-11	2.905141	0.0999998	-6.7E-12	2.905141
-8.50001	-2.36E-11	2.928431	0.0999996	-6.7E-12	2.928431
-8.40001	-2.28E-11	2.951714	0.0999997	-7E-12	2.951714
-8.30001	-2.08E-11	2.975032	0.0999997	-6.9E-12	2.975032
-8.20001	-2.23E-11	2.998327	0.0999999	-7E-12	2.998327
-8.10001	-2.09E-11	3.021601	0.0999997	-7.1E-12	3.021601
-8	-1.94E-11	3.04482	0.0999996	-7.1E-12	3.04482
-7.90001	-4.01E-11	3.104275	0.0999997	-5E-12	3.104275
-7.80001	-2.04E-11	3.127532	0.0999997	-6.9E-12	3.127532
-7.70001	-2.07E-11	3.15086	0.0999998	-6.8E-12	3.15086
-7.6	-2.02E-11	3.174157	0.0999997	-6.8E-12	3.174157
-7.50001	-1.78E-11	3.197429	0.0999996	-6.9E-12	3.197429
-7.40001	-1.84E-11	3.220677	0.0999996	-6.8E-12	3.220677
-7.30001	-1.84E-11	3.243966	0.0999998	-6.6E-12	3.243966
-7.2	-1.73E-11	3.267241	0.0999998	-6.6E-12	3.267241
-7.10001	-1.57E-11	3.290445	0.0999996	-6.9E-12	3.290445
-7.00001	-1.7E-11	3.313735	0.0999997	-6.9E-12	3.313735
-6.90001	-1.68E-11	3.337028	0.0999997	-7E-12	3.337028
-6.80001	-1.47E-11	3.360238	0.0999999	-7.5E-12	3.360238
-6.70001	-1.42E-11	3.383464	0.0999998	-7.2E-12	3.383464
-6.60001	-1.4E-11	3.406672	0.0999995	-7.5E-12	3.406672
-6.50001	-1.54E-11	3.429949	0.0999997	-7.1E-12	3.429949
-6.40001	-1.37E-11	3.453256	0.0999997	-7.1E-12	3.453256
-6.30001	-1.35E-11	3.476527	0.0999997	-7.1E-12	3.476527
-6.20001	-1.27E-11	3.499743	0.0999995	-7.3E-12	3.499743
-6.10001	-1.4E-11	3.523036	0.0999997	-7E-12	3.523036
-6.00001	-1.37E-11	3.546313	0.0999998	-7.3E-12	3.546313
-5.90001	-3.28E-11	3.605999	0.0999997	-5.5E-12	3.605999
-5.80001	-1.32E-11	3.629231	0.0999996	-7.3E-12	3.629231
-5.70001	-1.51E-11	3.652587	0.0999997	-7.2E-12	3.652587
-5.60001	-1.18E-11	3.675804	0.0999998	-7.6E-12	3.675804
-5.50001	-1.03E-11	3.699059	0.0999998	-7.5E-12	3.699059
-5.40001	-1.17E-11	3.722355	0.0999998	-7.5E-12	3.722355
-5.30001	-9.4E-12	3.745567	0.0999997	-7.1E-12	3.745567
-5.20001	-9.4E-12	3.768792	0.0999995	-7.2E-12	3.768792
-5.1	-8.7E-12	3.792005	0.0999997	-7.4E-12	3.792005
-5.00001	-9.8E-12	3.815342	0.0999997	-7.5E-12	3.815342
-4.90001	-9.7E-12	3.83862	0.0999996	-7.3E-12	3.83862
-4.80001	-9.4E-12	3.861915	0.0999998	-7.6E-12	3.861915
-4.7	-6.9E-12	3.885134	0.0999999	-7.8E-12	3.885134
-4.60001	-8.2E-12	3.908419	0.0999998	-5.4E-12	3.908419
-4.50001	-6.1E-12	3.931621	0.0999997	6.7E-12	3.931621
-4.40001	-5.9E-12	3.954841	0.0999997	6.43E-11	3.954841
-4.3	-5.9E-12	3.978127	0.0999997	2.794E-10	3.978127
-4.20001	-6.6E-12	4.001427	0.0999999	9.743E-10	4.001427
-4.10001	-4.7E-12	4.024636	0.1000002	2.9075E-09	4.024636
-4.00001	-4.2E-12	4.04786	0.1000005	7.6881E-09	4.04786
-3.90001	-2.51E-11	4.107656	0.1000019	1.7783E-08	4.107656
-3.80001	-5.3E-12	4.130897	0.0999991	3.88488E-08	4.130897
-3.70001	-4.1E-12	4.154149	0.0999972	7.55906E-08	4.154149
-3.60001	-2.41E-11	4.196026	0.1000002	1.32004E-07	4.196026
-3.50001	-1.84E-11	4.220544	0.1000004	2.19091E-07	4.220544
-3.40001	-1.74E-11	4.245051	0.1000003	3.38642E-07	4.245051
-3.30001	-1.71E-11	4.269584	0.1000003	4.94302E-07	4.269584
-3.20001	-1.63E-11	4.294112	0.1000007	6.89296E-07	4.294112
-3.10001	-1.52E-11	4.31862	0.1000006	9.25742E-07	4.31862
-3.00001	-1.99E-11	4.353188	0.0999999	1.20064E-06	4.353188
-2.90001	-1.52E-11	4.377786	0.0999999	1.52498E-06	4.377786
-2.80001	-1.43E-11	4.402318	0.1000001	1.89098E-06	4.402318
-2.70001	-1.31E-11	4.42683	0.1	2.29932E-06	4.42683
-2.60001	-1.23E-11	4.451353	0.0999999	2.74849E-06	4.451353
-2.50001	-1.12E-11	4.475927	0.1000001	3.23676E-06	4.475927
-2.40001	-1.07E-11	4.500475	0.1000002	3.76242E-06	4.500475
-2.30001	-1.05E-11	4.524982	0.1	4.3227E-06	4.524982
-2.20001	-9.4E-12	4.549503	0.1000001	4.91445E-06	4.549503
-2.1	-1.54E-11	4.615098	0.1000002	5.52672E-06	4.615098
-2	-9.9E-12	4.639701	0.1	6.17725E-06	4.639701
-1.900001	-8.8E-12	4.664221	0.0999997	6.84982E-06	4.664221
-1.800001	-7.6E-12	4.688759	0.1000002	7.54086E-06	4.688759
-1.7	-6E-12	4.713329	0.1000001	8.24927E-06	4.713329
-1.6	-4.8E-12	4.737847	0.1000003	8.97365E-06	4.737847
-1.5	-3.8E-12	4.762365	0.0999999	9.71181E-06	4.762365
-1.4	-2.9E-12	4.786897	0.1000001	1.046071E-05	4.786897
-1.300001	-6.7E-12	4.821519	0.1	1.12139E-05	4.821519
-1.200001	-1.2E-12	4.846066	0.1	1.19838E-05	4.846066
-1.1	5E-13	4.870584	0.1000001	1.27619E-05	4.870584
-1	1.3E-12	4.895104	0.1000001	1.3547E-05	4.895104
-0.9	2.5E-12	4.919645	0.1000002	1.43373E-05	4.919645
-0.8	4.5E-12	4.944178	0.1	1.51338E-05	4.944178
-0.700001	4.9E-12	4.968787	0.1	1.59347E-05	4.968787
-0.6	6.7E-12	4.99339	0.1000001	1.67407E-05	4.99339
-0.500001	8E-12	5.017921	0.1	1.75503E-05	5.017921
-0.4	1.01E-11	5.042426	0.1	1.83637E-05	5.042426
-0.3	1.11E-11	5.066989	0.0999999	1.91802E-05	5.066989
-0.2000001	6.9E-12	5.113716	0.1	1.99958E-05	5.113716
-0.0999998	1.35E-11	5.138263	0.0999999	2.08215E-05	5.138263
3E-07	1.55E-11	5.162755	0.1	2.16499E-05	5.162755
0.1000004	1.75E-11	5.187336	0.0999999	2.2483E-05	5.187336
0.2000005	1.95E-11	5.211891	0.1	2.33206E-05	5.211891
0.3	2.15E-11	5.236608	0.1	2.41628E-05	5.236608
0.4	2.35E-11	5.261126	0.1000001	2.50091E-05	5.261126
0.5	2.62E-11	5.285578	0.1	2.58587E-05	5.285578
0.6	2.74E-11	5.310089	0.1000001	2.67112E-05	5.310089
0.7	2.9E-11	5.334598	0.1	2.75659E-05	5.334598
0.799999	3.11E-11	5.359115	0.1	2.8422E-05	5.359115
0.899999	3.28E-11	5.383645	0.1000004	2.92809E-05	5.383645
0.999999	3.46E-11	5.408171	0.1000001	3.014E-05	5.408171
1.1	3.65E-11	5.43267	0.1000002	3.10001E-05	5.43267
1.2	3.82E-11	5.457185	0.1000002	3.1861E-05	5.457185
1.3	3.95E-11	5.481737	0.1000002	3.27236E-05	5.481737
1.4	4.08E-11	5.506262	0.0999998	3.35864E-05	5.506262
1.499999	4.22E-11	5.530769	0.1	3.44507E-05	5.530769
1.6	4.29E-11	5.555312	0.1	3.53143E-05	5.555312
1.699999	3.7E-11	5.614013	0.1	3.61682E-05	5.614013
1.8	4.27E-11	5.638588	0.1000002	3.70377E-05	5.638588
1.899999	4.39E-11	5.663093	0.1000001	3.79051E-05	5.663093
2	4.47E-11	5.68766	0.1	3.8773E-05	5.68766
2.099999	4.57E-11	5.712248	0.1000002	3.9641E-05	5.712248
2.19999	4.68E-11	5.736976	0.1	4.05056E-05	5.736976
2.29999	4.7E-11	5.761522	0.0999998	4.13744E-05	5.761522
2.39999	4.8E-11	5.786031	0.0999997	4.22438E-05	5.786031
2.49999	4.86E-11	5.810616	0.1000002	4.31123E-05	5.810616
2.59999	4.85E-11	5.835149	0.1000001	4.39828E-05	5.835149
2.69999	4.91E-11	5.859664	0.1000001	4.48538E-05	5.859664
2.79999	4.96E-11	5.884185	0.1000002	4.5725E-05	5.884185
2.89999	5.03E-11	5.908713	0.0999999	4.65964E-05	5.908713
2.99999	5.05E-11	5.93322	0.1000001	4.74685E-05	5.93322
3.09999	5.06E-11	5.957739	0.1	4.8342E-05	5.957739
3.19999	5.15E-11	5.982327	0.0999998	4.92157E-05	5.982327
3.29999	5.14E-11	6.006897	0.1000001	5.00892E-05	6.006897
3.39999	5.19E-11	6.031412	0.1000002	5.09635E-05	6.031412
3.49999	5.18E-11	6.055948	0.1000001	5.18388E-05	6.055948
3.59999	4.53E-11	6.115021	0.1	5.27038E-05	6.115021
3.69999	4.98E-11	6.139857	0.1	5.35839E-05	6.139857
3.79999	5.13E-11	6.164376	0.1	5.44635E-05	6.164376
3.89999	5.2E-11	6.188883	0.1	5.5342E-05	6.188883
3.99999	5.26E-11	6.213464	0.1000003	5.62219E-05	6.213464
4.09999	5.29E-11	6.237994	0.1	5.71014E-05	6.237994
4.19999	5.32E-11	6.262528	0.1000001	5.79829E-05	6.262528
4.29999	5.26E-11	6.287233	0.1000003	5.88632E-05	6.287233
4.39999	5.39E-11	6.31174	0.1000001	5.97439E-05	6.31174
4.49999	5.39E-11	6.336258	0.1000001	6.06274E-05	6.336258
4.59999	5.42E-11	6.360761	0.1000001	6.15113E-05	6.360761
4.69999	5.47E-11	6.3853	0.1	6.23944E-05	6.3853
4.79999	5.48E-11	6.409819	0.1	6.32785E-05	6.409819
4.89999	5.52E-11	6.434339	0.1000001	6.41646E-05	6.434339
4.99999	5.54E-11	6.458841	0.1000002	6.50505E-05	6.458841
5.09999	5.5E-11	6.483479	0.1000002	6.59366E-05	6.483479
5.19999	5.54E-11	6.50802	0.0999999	6.68236E-05	6.50802
5.29999	5.55E-11	6.532536	0.0999999	6.77135E-05	6.532536
5.39999	5.58E-11	6.557057	0.1000004	6.86039E-05	6.557057
5.49999	4.93E-11	6.616798	0.1000002	6.9483E-05	6.616798
5.59999	5.5E-11	6.641351	0.1000002	7.03771E-05	6.641351
5.69999	5.52E-11	6.665863	0.1000002	7.12707E-05	6.665863
5.79999	5.59E-11	6.690384	0.0999999	7.21633E-05	6.690384
5.89999	5.62E-11	6.714942	0.1	7.30572E-05	6.714942
5.99999	5.59E-11	6.739464	0.1000001	7.39516E-05	6.739464
6.09999	5.65E-11	6.763983	0.1000003	7.48463E-05	6.763983
6.19999	5.66E-11	6.788516	0.0999999	7.57424E-05	6.788516
6.29999	5.7E-11	6.813086	0.1000002	7.664E-05	6.813086
6.39999	5.74E-11	6.837622	0.0999999	7.75367E-05	6.837622
6.49999	5.75E-11	6.862136	0.1000001	7.84347E-05	6.862136
6.59999	5.78E-11	6.886662	0.1000001	7.93345E-05	6.886662
6.69999	5.84E-11	6.91118	0.1000002	8.02341E-05	6.91118
6.79999	5.78E-11	6.935724	0.1000003	8.11343E-05	6.935724
6.89999	5.8E-11	6.960247	0.1	8.20349E-05	6.960247
6.99999	5.83E-11	6.984894	0.0999999	8.29382E-05	6.984894
7.09999	5.84E-11	7.009407	0.1000001	8.38421E-05	7.009407
7.19999	5.93E-11	7.033912	0.0999999	8.4745E-05	7.033912
7.29999	5.88E-11	7.058419	0.1	8.56501E-05	7.058419
7.39999	5.22E-11	7.118227	0.1000002	8.65467E-05	7.118227
7.49999	5.74E-11	7.14279	0.0999998	8.74565E-05	7.14279
7.59999	5.77E-11	7.167319	0.1000002	8.83667E-05	7.167319
7.69999	5.81E-11	7.19184	0.1000002	8.92755E-05	7.19184
7.79999	5.82E-11	7.216404	0.0999999	9.01851E-05	7.216404
7.89999	5.85E-11	7.240919	0.1	9.10948E-05	7.240919
7.99999	5.9E-11	7.265448	0.1000001	9.20063E-05	7.265448
8.09999	5.98E-11	7.289979	0.1	9.29173E-05	7.289979
8.19999	5.91E-11	7.314486	0.1	9.38308E-05	7.314486
8.29999	5.94E-11	7.339007	0.0999999	9.47448E-05	7.339007
8.39999	5.99E-11	7.363526	0.1000002	9.56595E-05	7.363526
8.49999	5.96E-11	7.388053	0.0999999	9.65757E-05	7.388053
8.59999	6.01E-11	7.41257	0.1	9.74911E-05	7.41257
8.69999	6E-11	7.437102	0.1000002	9.84085E-05	7.437102
8.79999	6.01E-11	7.461648	0.1000003	9.93271E-05	7.461648
8.89999	6.08E-11	7.486253	0.1000001	0.0001002449	7.486253
8.99999	6.05E-11	7.510798	0.1000003	0.0001011661	7.510798
9.09999	6.07E-11	7.535335	0.0999999	0.0001020872	7.535335
9.19999	6.11E-11	7.559843	0.0999998	0.0001030086	7.559843
9.29999	5.4E-11	7.620053	0.1	0.0001039218	7.620053
9.39999	5.93E-11	7.644605	0.0999999	0.0001048502	7.644605
9.49999	5.58E-11	7.674183	0.1	0.000105749	7.674183
9.59999	5.92E-11	7.69873	0.1	0.000106676	7.69873
9.69999	5.96E-11	7.72332	0.1000001	0.000107604	7.72332
9.79999	6E-11	7.747837	0.0999999	0.000108534	7.747837
9.89999	6.04E-11	7.772386	0.1000001	0.000109462	7.772386
9.99999	6.1E-11	7.796927	0.1	0.000110393	7.796927
9.9	4.83E-11	7.821502	0.1000001	0.000109447	7.821502
9.8	4.49E-11	7.846015	0.1	0.000108508	7.846015
9.7	4.3E-11	7.870535	0.1	0.000107574	7.870535
9.6	4.11E-11	7.895048	0.0999999	0.000106639	7.895048
9.5	3.98E-11	7.919577	0.1000002	0.000105708	7.919577
9.4	3.82E-11	7.944119	0.1	0.000104776	7.944119
9.3	3.74E-11	7.968644	0.1000001	0.000103845	7.968644
9.2	3.68E-11	7.993256	0.0999999	0.000102916	7.993256
9.1	3.54E-11	8.017903	0.1000001	0.000101989	8.017903
9	3.52E-11	8.042415	0.1	0.000101063	8.042415
8.9	3.44E-11	8.066957	0.1	0.00010014	8.066957
8.8	3.95E-11	8.124211	0.0999999	9.9215E-05	8.124211
8.7	3.39E-11	8.148812	0.1	9.8287E-05	8.148812
8.6	3.31E-11	8.173334	0.1	9.7361E-05	8.173334
8.5	3.15E-11	8.197866	0.1	9.6437E-05	8.197866
8.4	3.16E-11	8.222442	0.0999999	9.5515E-05	8.222442
8.3	3.14E-11	8.246973	0.1000001	9.4592E-05	8.246973
8.2	3.04E-11	8.271478	0.1	9.367E-05	8.271478
8.1	2.97E-11	8.296012	0.0999999	9.2751E-05	8.296012
8	3E-11	8.320655	0.0999997	9.1831E-05	8.320655
7.9	2.91E-11	8.345227	0.1000002	9.0913E-05	8.345227
7.8	2.89E-11	8.369748	0.0999999	8.9995E-05	8.369748
7.7	3.22E-11	8.397613	0.1	8.91104E-05	8.397613
7.6	2.87E-11	8.422242	0.1	8.81952E-05	8.422242
7.5	2.78E-11	8.446752	0.0999998	8.72809E-05	8.446752
7.4	2.76E-11	8.471315	0.1000002	8.63674E-05	8.471315
7.3	2.69E-11	8.49588	0.1	8.54531E-05	8.49588
7.2	2.59E-11	8.52037	0.1	8.45414E-05	8.52037
7.1	2.57E-11	8.544921	0.0999999	8.36306E-05	8.544921
7	2.6E-11	8.569439	0.0999999	8.27201E-05	8.569439
6.9	3.16E-11	8.625902	0.0999999	8.18165E-05	8.625902
6.8	2.62E-11	8.65045	0.0999997	8.09069E-05	8.65045
6.7	2.58E-11	8.674992	0.1	7.99987E-05	8.674992
6.6	2.54E-11	8.699523	0.0999998	7.90912E-05	8.699523
6.5	2.46E-11	8.724119	0.1	7.81841E-05	8.724119
6.4	2.4E-11	8.748689	0.1	7.72783E-05	8.748689
6.3	2.39E-11	8.773206	0.0999998	7.63732E-05	8.773206
6.2	2.32E-11	8.797715	0.0999999	7.54679E-05	8.797715
6.1	2.28E-11	8.82232	0.0999998	7.4564E-05	8.82232
6	2.23E-11	8.846866	0.0999996	7.36612E-05	8.846866
5.9	2.19E-11	8.871408	0.0999999	7.27602E-05	8.871408
5.8	2.14E-11	8.895914	0.1000002	7.18588E-05	8.895914
5.7	2.1E-11	8.920456	0.0999999	7.09569E-05	8.920456
5.6	2.05E-11	8.944964	0.0999999	7.00575E-05	8.944964
5.5	2.02E-11	8.969517	0.1	6.91594E-05	8.969517
5.4	1.94E-11	8.994115	0.1	6.82608E-05	8.994115
5.3	1.91E-11	9.018633	0.1	6.73624E-05	9.018633
5.2	1.89E-11	9.04315	0.0999999	6.64654E-05	9.04315
5.1	1.86E-11	9.067676	0.0999999	6.55694E-05	9.067676
5	2.39E-11	9.120372	0.0999999	6.46794E-05	9.120372
4.9	1.92E-11	9.144933	0.0999999	6.37833E-05	9.144933
4.8	1.81E-11	9.169476	0.1	6.28892E-05	9.169476
4.7	1.75E-11	9.193997	0.0999997	6.19951E-05	9.193997
4.6	1.67E-11	9.218568	0.1000002	6.11032E-05	9.218568
4.5	1.66E-11	9.243112	0.0999999	6.02109E-05	9.243112
4.4	1.62E-11	9.267645	0.1	5.93196E-05	9.267645
4.3	1.51E-11	9.29219	0.1	5.84293E-05	9.29219
4.2	1.47E-11	9.316705	0.1	5.75408E-05	9.316705
4.1	1.47E-11	9.341252	0.1	5.66513E-05	9.341252
4	1.41E-11	9.365797	0.1000001	5.57635E-05	9.365797
3.9	1.34E-11	9.390313	0.0999999	5.48765E-05	9.390313
3.8	1.23E-11	9.414814	0.0999999	5.39913E-05	9.414814
3.7	1.21E-11	9.439321	0.0999999	5.31056E-05	9.439321
3.6	1.15E-11	9.463819	0.0999998	5.22197E-05	9.463819
3.5	1.06E-11	9.488401	0.1	5.13355E-05	9.488401
3.4	1.06E-11	9.51295	0.1000002	5.04523E-05	9.51295
3.3	9.6E-12	9.537477	0.0999998	4.95692E-05	9.537477
3.2	8.9E-12	9.561999	0.0999999	4.86877E-05	9.561999
3.1	1.55E-11	9.620356	0.0999999	4.78124E-05	9.620356
3	1.01E-11	9.644936	0.0999999	4.69309E-05	9.644936
2.9	8.1E-12	9.669492	0.1	4.60514E-05	9.669492
2.8	7.1E-12	9.694	0.1000001	4.51728E-05	9.694
2.7	6.7E-12	9.718669	0.1000001	4.42938E-05	9.718669
2.6	5.2E-12	9.743207	0.1	4.34164E-05	9.743207
2.5	4.7E-12	9.76774	0.1	4.25405E-05	9.76774
2.4	3.8E-12	9.792257	0.0999998	4.16649E-05	9.792257
2.3	3.5E-12	9.817012	0.0999999	4.07899E-05	9.817012
2.2	2E-12	9.841586	0.1000001	3.99154E-05	9.841586
2.099999	3.8E-12	9.868009	0.1000001	3.90459E-05	9.868009
2	-1E-13	9.892543	0.0999999	3.81734E-05	9.892543
1.9	-1.2E-12	9.917042	0.1	3.73021E-05	9.917042
1.8	-2.1E-12	9.941611	0.0999998	3.64323E-05	9.941611
1.7	-3E-12	9.966172	0.0999999	3.55642E-05	9.966172
1.6	-4.1E-12	9.990801	0.0999998	3.4696E-05	9.990801
1.5	-5.6E-12	10.015319	0.0999999	3.38297E-05	10.015319
1.4	-7E-12	10.039894	0.0999998	3.2965E-05	10.039894
1.3	-7.9E-12	10.06442	0.0999999	3.21015E-05	10.06442
1.200001	-2.4E-12	10.12242	0.0999999	3.12444E-05	10.12242
1.1	-8.2E-12	10.147204	0.0999999	3.03829E-05	10.147204
1	-1.05E-11	10.171785	0.0999999	2.95239E-05	10.171785
0.9	-1.35E-11	10.196294	0.1000002	2.86669E-05	10.196294
0.8	-1.53E-11	10.220873	0.0999998	2.7813E-05	10.220873
0.7	-1.69E-11	10.245415	0.0999999	2.69619E-05	10.245415
0.6	-1.91E-11	10.26993	0.0999997	2.61139E-05	10.26993
0.5	-2.15E-11	10.294445	0.0999999	2.52691E-05	10.294445
0.4	-2.36E-11	10.31897	0.1	2.44281E-05	10.31897
0.3	-2.57E-11	10.343487	0.0999999	2.35921E-05	10.343487
0.1999999	-2.51E-11	10.369896	0.1	2.27611E-05	10.369896
0.0999996	-3.03E-11	10.39442	0.0999999	2.19353E-05	10.39442
-5E-07	-3.3E-11	10.418923	0.1	2.11142E-05	10.418923
#scan	iMeasureCycle=2	iMux=0	time=279.732	N=401	LocalTime=20/04/2023 06:42:22
#VGate(V)	IGate(A)	time(s)	VDrain(V)	IDrain(A)	time(s)
-1E-07	-1.14E-11	279.739757	0.1000002	2.13302E-05	279.739757
-0.1000005	-1.89E-11	279.764651	0.1000001	2.05025E-05	279.764651
-0.2000001	-2.03E-11	279.790323	0.1000001	1.96794E-05	279.790323
-0.3	-2.58E-11	279.815103	0.0999999	1.88601E-05	279.815103
-0.4	-2.9E-11	279.839707	0.0999999	1.80451E-05	279.839707
-0.5	-3.2E-11	279.864235	0.1	1.7233E-05	279.864235
-0.6	-3.38E-11	279.88883	0.0999999	1.64256E-05	279.88883
-0.7	-3.56E-11	279.913355	0.1000002	1.56229E-05	279.913355
-0.8	-3.76E-11	279.937872	0.1000001	1.48246E-05	279.937872
-0.9	-3.92E-11	279.962403	0.0999998	1.40314E-05	279.962403
-1	-4.05E-11	279.986941	0.1	1.32437E-05	279.986941
-1.1	-4.18E-11	280.011464	0.1	1.24629E-05	280.011464
-1.2	-4.28E-11	280.03598	0.1	1.16897E-05	280.03598
-1.3	-4.37E-11	280.060526	0.0999999	1.0926E-05	280.060526
-1.4	-4.43E-11	280.08513	0.1	1.01714E-05	280.08513
-1.5	-4.6E-11	280.109638	0.0999999	9.4273E-06	280.109638
-1.6	-4.26E-11	280.136763	0.1	8.6998E-06	280.136763
-1.7	-4.67E-11	280.161313	0.1000002	7.98249E-06	280.161313
-1.8	-4.76E-11	280.18584	0.1	7.28148E-06	280.18584
-1.9	-4.82E-11	280.210365	0.1	6.59969E-06	280.210365
-2	-4.86E-11	280.234904	0.1	5.93857E-06	280.234904
-2.1	-4.94E-11	280.259435	0.1	5.30122E-06	280.259435
-2.2	-4.43E-11	280.3016	0.1	4.69225E-06	280.3016
-2.3	-4.88E-11	280.32614	0.1000001	4.10984E-06	280.32614
-2.4	-4.97E-11	280.35067	0.0999996	3.56089E-06	280.35067
-2.5	-5.02E-11	280.375178	0.1	3.04759E-06	280.375178
-2.6	-5.11E-11	280.39976	0.0999997	2.57258E-06	280.39976
-2.7	-5.17E-11	280.424326	0.1	2.13761E-06	280.424326
-2.8	-5.15E-11	280.448926	0.1	1.74406E-06	280.448926
-2.9	-5.23E-11	280.473468	0.0999999	1.39328E-06	280.473468
-3	-5.28E-11	280.497979	0.0999999	1.08583E-06	280.497979
-3.1	-4.93E-11	280.525308	0.0999997	8.23331E-07	280.525308
-3.2	-5.37E-11	280.549848	0.0999995	6.01469E-07	280.549848
-3.3	-5.39E-11	280.574355	0.0999998	4.21591E-07	280.574355
-3.4	-5.44E-11	280.598906	0.0999997	2.80658E-07	280.598906
-3.5	-5.46E-11	280.623427	0.0999998	1.75978E-07	280.623427
-3.6	-5.5E-11	280.648002	0.0999999	1.02549E-07	280.648002
-3.7	-4.98E-11	280.685658	0.0999963	5.54338E-08	280.685658
-3.8	-6.94E-11	280.708869	0.1000059	2.66958E-08	280.708869
-3.9	-7.02E-11	280.732074	0.1000029	1.15963E-08	280.732074
-4	-6.91E-11	280.755419	0.1000015	4.5042E-09	280.755419
-4.1	-4.97E-11	280.806486	0.0999999	1.6215E-09	280.806486
-4.2	-6.79E-11	280.829787	0.1000003	4.907E-10	280.829787
-4.3	-6.86E-11	280.853087	0.1000005	1.269E-10	280.853087
-4.4	-7.13E-11	280.876296	0.1000003	2.4E-11	280.876296
-4.5	-7.14E-11	280.899562	0.1000004	9E-13	280.899562
-4.6	-7.03E-11	280.922843	0.1000002	-3.5E-12	280.922843
-4.7	-7.06E-11	280.946131	0.1000001	-3.9E-12	280.946131
-4.8	-7.28E-11	280.969355	0.1000004	-3.6E-12	280.969355
-4.9	-7.29E-11	280.992574	0.1000003	-3.4E-12	280.992574
-5	-7.18E-11	281.015853	0.1000002	-3.6E-12	281.015853
-5.1	-7.22E-11	281.039141	0.1000002	-3.7E-12	281.039141
-5.2	-7.36E-11	281.062414	0.1000004	-2.9E-12	281.062414
-5.3	-7.43E-11	281.085661	0.1000003	-2.8E-12	281.085661
-5.4	-7.27E-11	281.108958	0.1000002	-3.2E-12	281.108958
-5.5	-7.49E-11	281.132168	0.1000004	-3.3E-12	281.132168
-5.6	-7.45E-11	281.155411	0.1000003	-3.4E-12	281.155411
-5.7	-7.54E-11	281.178631	0.1000002	-3.6E-12	281.178631
-5.8	-7.38E-11	281.201917	0.1000004	-3.2E-12	281.201917
-5.9	-7.41E-11	281.22521	0.1000003	-3.6E-12	281.22521
-6	-7.63E-11	281.248414	0.1000003	-3.1E-12	281.248414
-6.1	-5.48E-11	281.304982	0.1000001	-5.1E-12	281.304982
-6.2	-7.3E-11	281.328301	0.1000003	-3.3E-12	281.328301
-6.3	-7.49E-11	281.351532	0.1000002	-3.4E-12	281.351532
-6.4	-7.59E-11	281.374758	0.1000003	-3.2E-12	281.374758
-6.5	-7.61E-11	281.398018	0.1000003	-3.1E-12	281.398018
-6.6	-7.49E-11	281.421368	0.1000002	-3.8E-12	281.421368
-6.7	-7.59E-11	281.444594	0.1000003	-3.5E-12	281.444594
-6.8	-7.62E-11	281.467842	0.1000002	-3.4E-12	281.467842
-6.9	-7.52E-11	281.491136	0.1000003	-3.7E-12	281.491136
-7	-7.57E-11	281.514422	0.1000003	-3.6E-12	281.514422
-7.1	-7.77E-11	281.537641	0.1000004	-3.6E-12	281.537641
-7.2	-7.79E-11	281.560887	0.1000004	-3.5E-12	281.560887
-7.3	-7.61E-11	281.584179	0.1000004	-3.6E-12	281.584179
-7.4	-7.62E-11	281.607477	0.1000003	-3.4E-12	281.607477
-7.5	-7.88E-11	281.630697	0.1000002	-3E-12	281.630697
-7.6	-7.68E-11	281.653998	0.1000002	-3.4E-12	281.653998
-7.7	-7.75E-11	281.677367	0.1000002	-3.7E-12	281.677367
-7.8	-7.92E-11	281.700585	0.1000002	-3.1E-12	281.700585
-7.9	-7.92E-11	281.723806	0.1000002	-3.5E-12	281.723806
-8	-7.99E-11	281.747077	0.1000002	-3E-12	281.747077
-8.1	-5.87E-11	281.806707	0.0999999	-4.9E-12	281.806707
-8.2	-7.81E-11	281.829969	0.1000006	-3.1E-12	281.829969
-8.3	-7.86E-11	281.853188	0.1000004	-3E-12	281.853188
-8.4	-7.64E-11	281.876524	0.1000002	-3.1E-12	281.876524
-8.5	-7.7E-11	281.899883	0.1000001	-3E-12	281.899883
-8.6	-7.75E-11	281.923162	0.1000001	-2.7E-12	281.923162
-8.7	-7.93E-11	281.946356	0.1000002	-3E-12	281.946356
-8.8	-7.75E-11	281.969647	0.1000003	-3.1E-12	281.969647
-8.9	-7.8E-11	281.992946	0.1000002	-3.2E-12	281.992946
-9	-8.02E-11	282.016164	0.1000001	-3.2E-12	282.016164
-9.1	-7.86E-11	282.039464	0.1000002	-2.9E-12	282.039464
-9.2	-7.9E-11	282.062877	0.1000002	-3E-12	282.062877
-9.3	-8.06E-11	282.086144	0.1000004	-2.9E-12	282.086144
-9.4	-8.06E-11	282.109361	0.1000003	-2.6E-12	282.109361
-9.5	-7.92E-11	282.132641	0.1000002	-2.7E-12	282.132641
-9.6	-7.89E-11	282.155916	0.1000003	-3.1E-12	282.155916
-9.7	-8.11E-11	282.179137	0.1000002	-2.8E-12	282.179137
-9.8	-7.98E-11	282.202432	0.1000001	-3.2E-12	282.202432
-9.9	-8.11E-11	282.225664	0.1000004	-2.4E-12	282.225664
-10	-7.97E-11	282.248969	0.1000003	-3E-12	282.248969
-9.90001	-5.59E-11	282.308046	0.1	-4.5E-12	282.308046
-9.80001	-3.46E-11	282.33127	0.0999999	-6.1E-12	282.33127
-9.70001	-3.21E-11	282.354481	0.1	-6.1E-12	282.354481
-9.60001	-3.16E-11	282.377722	0.0999998	-5.9E-12	282.377722
-9.50001	-3.11E-11	282.401064	0.0999999	-6.1E-12	282.401064
-9.40001	-2.86E-11	282.424333	0.0999999	-6.6E-12	282.424333
-9.30001	-2.75E-11	282.447628	0.0999999	-6.5E-12	282.447628
-9.20001	-2.68E-11	282.470846	0.1000001	-6.5E-12	282.470846
-9.10001	-2.76E-11	282.494138	0.0999999	-6.4E-12	282.494138
-9.00001	-2.53E-11	282.517329	0.0999997	-6.4E-12	282.517329
-8.90001	-2.56E-11	282.540586	0.1	-6.2E-12	282.540586
-8.80001	-2.4E-11	282.563817	0.0999999	-6.6E-12	282.563817
-8.70001	-2.5E-11	282.587107	0.0999998	-6.4E-12	282.587107
-8.60001	-2.44E-11	282.610386	0.0999998	-6.1E-12	282.610386
-8.50001	-2.16E-11	282.633597	0.0999999	-6.5E-12	282.633597
-8.40001	-2.12E-11	282.656806	0.0999999	-6.4E-12	282.656806
-8.30001	-2.28E-11	282.680099	0.0999999	-6.7E-12	282.680099
-8.20001	-2.27E-11	282.703394	0.0999998	-6.7E-12	282.703394
-8.10001	-2.07E-11	282.726603	0.1	-7E-12	282.726603
-8.00001	-2.04E-11	282.749889	0.0999997	-7.2E-12	282.749889
-7.90001	-3.98E-11	282.809651	0.1	-5.1E-12	282.809651
-7.80001	-1.97E-11	282.832881	0.0999998	-6.5E-12	282.832881
-7.70001	-1.91E-11	282.856091	0.0999998	-6.5E-12	282.856091
-7.6	-2.04E-11	282.87938	0.0999997	-6.8E-12	282.87938
-7.50001	-2.01E-11	282.902732	0.1	-6.9E-12	282.902732
-7.40001	-1.75E-11	282.925946	0.0999999	-6.8E-12	282.925946
-7.30001	-1.89E-11	282.949236	0.0999998	-6.9E-12	282.949236
-7.2	-1.88E-11	282.972612	0.1000001	-7E-12	282.972612
-7.10001	-1.61E-11	282.995826	0.0999999	-7.2E-12	282.995826
-7.00001	-1.54E-11	283.019039	0.0999998	-7.1E-12	283.019039
-6.90001	-1.7E-11	283.042339	0.0999998	-6.7E-12	283.042339
-6.80001	-1.68E-11	283.065638	0.0999998	-6.8E-12	283.065638
-6.70001	-1.49E-11	283.088916	0.1	-7.1E-12	283.088916
-6.60001	-1.42E-11	283.112143	0.0999999	-6.8E-12	283.112143
-6.50001	-1.56E-11	283.135432	0.0999999	-6.6E-12	283.135432
-6.40001	-1.54E-11	283.158721	0.0999998	-6.9E-12	283.158721
-6.30001	-1.29E-11	283.181927	0.0999999	-6.9E-12	283.181927
-6.20001	-1.22E-11	283.20514	0.0999996	-7.4E-12	283.20514
-6.10001	-1.37E-11	283.228429	0.0999998	-7.2E-12	283.228429
-6.00001	-1.33E-11	283.251713	0.0999998	-7.1E-12	283.251713
-5.90001	-3.25E-11	283.311482	0.1000001	-5.8E-12	283.311482
-5.80001	-1.46E-11	283.334785	0.1	-7.4E-12	283.334785
-5.70001	-1.46E-11	283.358119	0.0999998	-7.2E-12	283.358119
-5.60001	-1.13E-11	283.381335	0.0999996	-7E-12	283.381335
-5.50001	-1.19E-11	283.404679	0.1	-7.4E-12	283.404679
-5.40001	-1.16E-11	283.428019	0.1000001	-7.3E-12	283.428019
-5.30001	-1.02E-11	283.451231	0.0999998	-7.7E-12	283.451231
-5.20001	-9.1E-12	283.474439	0.0999999	-7.7E-12	283.474439
-5.1	-1.08E-11	283.497744	0.0999999	-7.4E-12	283.497744
-5.00001	-9.9E-12	283.521019	0.1	-7.5E-12	283.521019
-4.90001	-7.8E-12	283.544228	0.0999999	-7.7E-12	283.544228
-4.80001	-8.4E-12	283.567585	0.0999996	-7.7E-12	283.567585
-4.7	-8.8E-12	283.590878	0.0999998	-7.5E-12	283.590878
-4.60001	-8.1E-12	283.614165	0.0999998	-6E-12	283.614165
-4.50001	-6.1E-12	283.637376	0.1	4E-12	283.637376
-4.40001	-5.3E-12	283.660588	0.0999999	5.09E-11	283.660588
-4.3	-6.4E-12	283.683879	0.0999999	2.328E-10	283.683879
-4.20001	-6.4E-12	283.707179	0.0999999	8.223E-10	283.707179
-4.10001	-4.4E-12	283.73039	0.1000001	2.5177E-09	283.73039
-4.00001	-3.7E-12	283.753648	0.1000005	6.7763E-09	283.753648
-3.90001	-2.44E-11	283.812896	0.1000017	1.596E-08	283.812896
-3.80001	-6.2E-12	283.836282	0.1	3.53547E-08	283.836282
-3.70001	-3.1E-12	283.859488	0.0999975	6.97636E-08	283.859488
-3.60001	-2.37E-11	283.901429	0.1	1.2313E-07	283.901429
-3.50001	-1.87E-11	283.92603	0.1000003	2.06262E-07	283.92603
-3.40001	-1.71E-11	283.950553	0.1000004	3.21169E-07	283.950553
-3.30001	-1.65E-11	283.975055	0.1000004	4.71872E-07	283.975055
-3.20001	-1.59E-11	283.999568	0.1000006	6.61532E-07	283.999568
-3.10001	-1.52E-11	284.024082	0.1000006	8.92552E-07	284.024082
-3.00001	-1.99E-11	284.058646	0.1000002	1.1617E-06	284.058646
-2.90001	-1.43E-11	284.083208	0.1	1.47992E-06	284.083208
-2.80001	-1.33E-11	284.107731	0.0999999	1.83935E-06	284.107731
-2.70001	-1.23E-11	284.132235	0.1000004	2.24062E-06	284.132235
-2.60001	-1.18E-11	284.156768	0.1000002	2.68212E-06	284.156768
-2.50001	-1.1E-11	284.181253	0.1000002	3.16409E-06	284.181253
-2.40001	-1.05E-11	284.205792	0.1000002	3.68245E-06	284.205792
-2.30001	-1.04E-11	284.230334	0.1	4.23523E-06	284.230334
-2.20001	-9.2E-12	284.254866	0.1000001	4.81887E-06	284.254866
-2.099999	-1.49E-11	284.320436	0.1	5.42386E-06	284.320436
-2.000001	-9.1E-12	284.344996	0.1	6.06657E-06	284.344996
-1.9	-8E-12	284.369529	0.0999999	6.73004E-06	284.369529
-1.800001	-6.8E-12	284.394092	0.0999999	7.41397E-06	284.394092
-1.7	-5.8E-12	284.418659	0.1000001	8.11525E-06	284.418659
-1.6	-4.7E-12	284.443189	0.1000001	8.83261E-06	284.443189
-1.5	-3.8E-12	284.467793	0.1000001	9.56367E-06	284.467793
-1.400001	-3E-12	284.492377	0.1000001	1.030716E-05	284.492377
-1.300001	-6.8E-12	284.526951	0.1	1.10546E-05	284.526951
-1.200001	-1.8E-12	284.551677	0.1000001	1.18195E-05	284.551677
-1.100001	1E-13	284.576201	0.1000002	1.25911E-05	284.576201
-1.000001	1.4E-12	284.600748	0.1	1.337E-05	284.600748
-0.9	3.5E-12	284.625283	0.1000001	1.41553E-05	284.625283
-0.8	4.4E-12	284.649813	0.1000001	1.49463E-05	284.649813
-0.700001	5.4E-12	284.674329	0.1000002	1.57428E-05	284.674329
-0.6	7.4E-12	284.698838	0.1000001	1.65436E-05	284.698838
-0.500001	8.5E-12	284.723384	0.1000001	1.73486E-05	284.723384
-0.400001	8.9E-12	284.748169	0.0999999	1.81574E-05	284.748169
-0.3	1.18E-11	284.772687	0.1	1.897E-05	284.772687
-0.2000001	7.1E-12	284.819425	0.0999999	1.97817E-05	284.819425
-0.0999996	1.33E-11	284.843934	0.1000001	2.06033E-05	284.843934
3E-07	1.59E-11	284.868429	0.1000001	2.14287E-05	284.868429
0.1000003	1.76E-11	284.892924	0.1000001	2.22574E-05	284.892924
0.2000004	1.97E-11	284.917465	0.1	2.30914E-05	284.917465
0.299999	2.18E-11	284.942186	0.1	2.39298E-05	284.942186
0.4	2.33E-11	284.966701	0.1000001	2.47727E-05	284.966701
0.5	2.57E-11	284.991189	0.1000002	2.56192E-05	284.991189
0.6	2.7E-11	285.015717	0.1000001	2.64694E-05	285.015717
0.7	2.91E-11	285.040215	0.0999998	2.73237E-05	285.040215
0.8	3.09E-11	285.064751	0.1000001	2.8181E-05	285.064751
0.9	3.3E-11	285.089317	0.0999999	2.90399E-05	285.089317
0.999999	3.48E-11	285.113835	0.0999999	2.99011E-05	285.113835
1.1	3.67E-11	285.138367	0.1000001	3.07638E-05	285.138367
1.2	3.82E-11	285.162907	0.1000001	3.16293E-05	285.162907
1.3	3.94E-11	285.187413	0.1000001	3.2495E-05	285.187413
1.4	4.07E-11	285.212026	0.1000002	3.33615E-05	285.212026
1.5	4.19E-11	285.236567	0.1000002	3.42298E-05	285.236567
1.599999	4.32E-11	285.261094	0.1000001	3.50992E-05	285.261094
1.699999	3.69E-11	285.319022	0.1	3.59628E-05	285.319022
1.8	4.27E-11	285.343565	0.1000001	3.68355E-05	285.343565
1.9	4.43E-11	285.368083	0.1000002	3.77083E-05	285.368083
2	4.47E-11	285.392617	0.1	3.85807E-05	285.392617
2.099999	4.63E-11	285.417191	0.0999999	3.94536E-05	285.417191
2.19999	4.65E-11	285.441934	0.1	4.03257E-05	285.441934
2.29999	4.74E-11	285.466441	0.1000002	4.11992E-05	285.466441
2.39999	4.79E-11	285.490969	0.0999999	4.20728E-05	285.490969
2.49999	4.82E-11	285.515581	0.1000001	4.29477E-05	285.515581
2.59999	4.88E-11	285.540092	0.1000002	4.38227E-05	285.540092
2.69999	4.94E-11	285.56464	0.1	4.46981E-05	285.56464
2.79999	4.97E-11	285.589201	0.1000002	4.55733E-05	285.589201
2.89999	5.05E-11	285.613669	0.1000003	4.64492E-05	285.613669
2.99999	5.02E-11	285.638235	0.1000001	4.7325E-05	285.638235
3.09999	5.11E-11	285.662783	0.1	4.82014E-05	285.662783
3.19999	5.15E-11	285.687301	0.1	4.90779E-05	285.687301
3.29999	5.18E-11	285.711817	0.0999999	4.99554E-05	285.711817
3.39999	5.22E-11	285.736338	0.1	5.08331E-05	285.736338
3.49999	5.24E-11	285.760933	0.1000002	5.17102E-05	285.760933
3.59999	4.52E-11	285.82105	0.0999999	5.25788E-05	285.82105
3.69999	5.11E-11	285.845577	0.1	5.34602E-05	285.845577
3.79999	5.17E-11	285.870078	0.0999998	5.43416E-05	285.870078
3.89999	5.18E-11	285.894589	0.1	5.52226E-05	285.894589
3.99999	5.27E-11	285.919252	0.1	5.61031E-05	285.919252
4.09999	5.3E-11	285.943762	0.0999999	5.69845E-05	285.943762
4.19999	5.31E-11	285.968261	0.1000002	5.78664E-05	285.968261
4.29999	5.31E-11	285.992779	0.1000001	5.87488E-05	285.992779
4.39999	5.38E-11	286.017308	0.1	5.96319E-05	286.017308
4.49999	5.39E-11	286.041864	0.1	6.05157E-05	286.041864
4.59999	5.46E-11	286.066397	0.1	6.13998E-05	286.066397
4.69999	5.45E-11	286.091001	0.1	6.22851E-05	286.091001
4.79999	5.48E-11	286.115535	0.1000001	6.31701E-05	286.115535
4.89999	5.55E-11	286.140054	0.1000001	6.40563E-05	286.140054
4.99999	5.54E-11	286.164567	0.0999999	6.49431E-05	286.164567
5.09999	5.52E-11	286.189104	0.1000002	6.58303E-05	286.189104
5.19999	5.58E-11	286.213644	0.1	6.67185E-05	286.213644
5.29999	5.57E-11	286.238162	0.1000002	6.76073E-05	286.238162
5.39999	5.65E-11	286.262674	0.1000001	6.84979E-05	286.262674
5.49999	4.98E-11	286.322158	0.0999998	6.93783E-05	286.322158
5.59999	5.5E-11	286.346668	0.0999999	7.02733E-05	286.346668
5.69999	5.55E-11	286.371205	0.1000001	7.11664E-05	286.371205
5.79999	5.59E-11	286.395739	0.0999999	7.20602E-05	286.395739
5.89999	5.61E-11	286.420339	0.1000002	7.29545E-05	286.420339
5.99999	5.63E-11	286.444886	0.1	7.38503E-05	286.444886
6.09999	5.7E-11	286.469505	0.1	7.47452E-05	286.469505
6.19999	5.64E-11	286.4941	0.1	7.56411E-05	286.4941
6.29999	5.72E-11	286.51864	0.1	7.65382E-05	286.51864
6.39999	5.75E-11	286.543166	0.1	7.74349E-05	286.543166
6.49999	5.76E-11	286.567692	0.1000004	7.83337E-05	286.567692
6.59999	5.74E-11	286.592221	0.1	7.92345E-05	286.592221
6.69999	5.76E-11	286.616734	0.0999998	8.01339E-05	286.616734
6.79999	5.73E-11	286.641351	0.1000002	8.10349E-05	286.641351
6.89999	5.81E-11	286.665864	0.1000001	8.19366E-05	286.665864
6.99999	5.77E-11	286.690408	0.1000002	8.28387E-05	286.690408
7.09999	5.83E-11	286.714925	0.1000002	8.37429E-05	286.714925
7.19999	5.83E-11	286.739464	0.1000001	8.46468E-05	286.739464
7.29999	5.89E-11	286.764038	0.0999999	8.55518E-05	286.764038
7.39999	5.28E-11	286.82401	0.1	8.64477E-05	286.82401
7.49999	5.78E-11	286.848575	0.0999999	8.73591E-05	286.848575
7.59999	5.87E-11	286.873087	0.0999999	8.8268E-05	286.873087
7.69999	5.91E-11	286.89764	0.1000001	8.9178E-05	286.89764
7.79999	5.91E-11	286.922212	0.1000001	9.00881E-05	286.922212
7.89999	5.91E-11	286.946778	0.1000002	9.0997E-05	286.946778
7.99999	5.89E-11	286.971281	0.1	9.19092E-05	286.971281
8.09999	5.95E-11	286.995848	0.1000002	9.28224E-05	286.995848
8.19999	5.94E-11	287.02037	0.1000002	9.37346E-05	287.02037
8.29999	5.98E-11	287.044933	0.1000001	9.46478E-05	287.044933
8.39999	6.01E-11	287.069464	0.0999999	9.55633E-05	287.069464
8.49999	6.06E-11	287.094038	0.1000001	9.64794E-05	287.094038
8.59999	6.09E-11	287.118651	0.1	9.7395E-05	287.118651
8.69999	6.05E-11	287.143197	0.1	9.83125E-05	287.143197
8.79999	6.09E-11	287.167727	0.1000002	9.92316E-05	287.167727
8.89999	6.11E-11	287.192237	0.1000001	0.0001001517	287.192237
8.99999	6.1E-11	287.216771	0.1	0.00010107	287.216771
9.09999	6.15E-11	287.241287	0.1	0.0001019923	287.241287
9.19999	6.12E-11	287.265848	0.1000001	0.0001029131	287.265848
9.29999	5.54E-11	287.325719	0.0999998	0.0001038246	287.325719
9.39999	5.97E-11	287.350281	0.0999999	0.0001047536	287.350281
9.49999	5.59E-11	287.379861	0.0999999	0.000105654	287.379861
9.59999	5.95E-11	287.404568	0.1	0.000106582	287.404568
9.69999	6.08E-11	287.429158	0.1	0.000107511	287.429158
9.79999	6.11E-11	287.453678	0.1	0.00010844	287.453678
9.89999	6.11E-11	287.47821	0.1000001	0.00010937	287.47821
9.99999	6.11E-11	287.502713	0.1	0.000110299	287.502713
9.9	4.74E-11	287.527276	0.1000001	0.000109356	287.527276
9.8	4.5E-11	287.551801	0.0999998	0.000108417	287.551801
9.7	4.32E-11	287.576353	0.1000001	0.000107484	287.576353
9.6	4.15E-11	287.600893	0.0999998	0.000106548	287.600893
9.5	4.02E-11	287.625436	0.0999999	0.000105616	287.625436
9.4	3.85E-11	287.649984	0.0999999	0.000104682	287.649984
9.3	3.78E-11	287.674496	0.0999999	0.000103755	287.674496
9.2	3.69E-11	287.699015	0.1000001	0.000102824	287.699015
9.1	3.62E-11	287.723526	0.1	0.000101897	287.723526
9	3.55E-11	287.748075	0.1	0.000100971	287.748075
8.9	3.47E-11	287.772656	0.1	0.000100049	287.772656
8.8	4.02E-11	287.83014	0.0999999	9.9122E-05	287.83014
8.7	3.49E-11	287.854693	0.1	9.8194E-05	287.854693
8.6	3.37E-11	287.879207	0.1	9.727E-05	287.879207
8.5	3.31E-11	287.903738	0.0999999	9.6345E-05	287.903738
8.4	3.21E-11	287.928342	0.1	9.5423E-05	287.928342
8.3	3.1E-11	287.952877	0.1	9.4501E-05	287.952877
8.2	3.09E-11	287.977414	0.0999998	9.3579E-05	287.977414
8.1	3.05E-11	288.00193	0.1	9.266E-05	288.00193
8	3.04E-11	288.026448	0.0999999	9.174E-05	288.026448
7.9	2.97E-11	288.050979	0.0999999	9.0824E-05	288.050979
7.8	2.94E-11	288.07554	0.1	8.9905E-05	288.07554
7.7	3.23E-11	288.10346	0.0999998	8.90163E-05	288.10346
7.6	2.79E-11	288.127982	0.0999998	8.81008E-05	288.127982
7.5	2.78E-11	288.152479	0.1000001	8.71851E-05	288.152479
7.4	2.89E-11	288.177183	0.1	8.6271E-05	288.177183
7.3	2.73E-11	288.201718	0.0999997	8.53577E-05	288.201718
7.2	2.67E-11	288.226226	0.0999999	8.44453E-05	288.226226
7.1	2.6E-11	288.25075	0.1	8.35341E-05	288.25075
7	2.54E-11	288.275261	0.0999999	8.26234E-05	288.275261
6.9	3.16E-11	288.331807	0.1	8.17198E-05	288.331807
6.8	2.65E-11	288.356373	0.0999999	8.08106E-05	288.356373
6.7	2.59E-11	288.380884	0.0999999	7.99019E-05	288.380884
6.6	2.59E-11	288.405417	0.1	7.89942E-05	288.405417
6.5	2.5E-11	288.429998	0.1000001	7.80865E-05	288.429998
6.4	2.47E-11	288.454577	0.0999998	7.71813E-05	288.454577
6.3	2.34E-11	288.47909	0.0999999	7.62764E-05	288.47909
6.2	2.35E-11	288.503619	0.1	7.53715E-05	288.503619
6.1	2.32E-11	288.528141	0.0999999	7.44668E-05	288.528141
6	2.22E-11	288.552664	0.0999999	7.35635E-05	288.552664
5.9	2.22E-11	288.577233	0.1000001	7.26612E-05	288.577233
5.8	2.15E-11	288.601744	0.1000001	7.17601E-05	288.601744
5.7	2.15E-11	288.626271	0.0999999	7.08601E-05	288.626271
5.6	2.1E-11	288.650801	0.1	6.99594E-05	288.650801
5.5	2.03E-11	288.67533	0.1	6.90604E-05	288.67533
5.4	2.02E-11	288.699856	0.1	6.81626E-05	288.699856
5.3	1.96E-11	288.724369	0.1	6.72644E-05	288.724369
5.2	1.92E-11	288.748874	0.0999999	6.63668E-05	288.748874
5.1	1.92E-11	288.773477	0.1	6.54703E-05	288.773477
5	2.51E-11	288.829967	0.1000001	6.4581E-05	288.829967
4.9	1.97E-11	288.854512	0.0999999	6.36851E-05	288.854512
4.8	1.85E-11	288.87903	0.1000001	6.2791E-05	288.87903
4.7	1.86E-11	288.903551	0.1	6.18976E-05	288.903551
4.6	1.71E-11	288.928115	0.0999999	6.10044E-05	288.928115
4.5	1.69E-11	288.952769	0.1	6.01129E-05	288.952769
4.4	1.63E-11	288.977278	0.1000002	5.92221E-05	288.977278
4.3	1.55E-11	289.001841	0.1000001	5.83326E-05	289.001841
4.2	1.51E-11	289.026339	0.1	5.74424E-05	289.026339
4.1	1.47E-11	289.050946	0.1	5.65538E-05	289.050946
4	1.42E-11	289.075485	0.1000001	5.5666E-05	289.075485
3.9	1.37E-11	289.1001	0.0999999	5.47787E-05	289.1001
3.8	1.28E-11	289.124621	0.1	5.38924E-05	289.124621
3.7	1.2E-11	289.149131	0.0999998	5.3007E-05	289.149131
3.6	1.13E-11	289.173659	0.0999999	5.21224E-05	289.173659
3.5	1.07E-11	289.198161	0.1000001	5.12382E-05	289.198161
3.4	1.07E-11	289.222715	0.1	5.03546E-05	289.222715
3.3	9.7E-12	289.247221	0.1	4.94718E-05	289.247221
3.2	8.9E-12	289.27175	0.1	4.85907E-05	289.27175
3.1	1.46E-11	289.327086	0.0999997	4.77141E-05	289.327086
3	9.3E-12	289.351597	0.0999998	4.68327E-05	289.351597
2.9	8.3E-12	289.376146	0.0999999	4.59532E-05	289.376146
2.8	7.4E-12	289.400656	0.0999997	4.50741E-05	289.400656
2.7	6.4E-12	289.42525	0.0999998	4.41966E-05	289.42525
2.6	6E-12	289.449843	0.0999997	4.33193E-05	289.449843
2.5	4.8E-12	289.474388	0.0999997	4.24424E-05	289.474388
2.4	3.7E-12	289.498925	0.1	4.15676E-05	289.498925
2.3	3.3E-12	289.523469	0.0999999	4.06921E-05	289.523469
2.2	2.2E-12	289.548025	0.1000001	3.98187E-05	289.548025
2.099999	4.2E-12	289.574526	0.0999999	3.89493E-05	289.574526
2	2E-13	289.599069	0.0999999	3.80776E-05	289.599069
1.9	-8E-13	289.623574	0.1	3.72067E-05	289.623574
1.8	-2E-12	289.648126	0.1	3.63371E-05	289.648126
1.7	-3.2E-12	289.672635	0.1	3.54686E-05	289.672635
1.6	-4.1E-12	289.697161	0.1000001	3.46013E-05	289.697161
1.5	-5.8E-12	289.721658	0.0999999	3.37348E-05	289.721658
1.4	-6.4E-12	289.746179	0.0999997	3.28702E-05	289.746179
1.3	-8E-12	289.770746	0.0999999	3.20067E-05	289.770746
1.200001	-2.6E-12	289.833456	0.1000001	3.11501E-05	289.833456
1.1	-8.9E-12	289.857999	0.1	3.02887E-05	289.857999
1	-1.09E-11	289.882567	0.1000001	2.94302E-05	289.882567
0.9	-1.33E-11	289.907069	0.0999999	2.85736E-05	289.907069
0.8	-1.54E-11	289.931679	0.0999998	2.77203E-05	289.931679
0.7	-1.75E-11	289.956208	0.1000001	2.68692E-05	289.956208
0.6	-1.94E-11	289.980751	0.0999996	2.60213E-05	289.980751
0.5	-2.11E-11	290.005281	0.1	2.51769E-05	290.005281
0.4	-2.37E-11	290.02982	0.0999999	2.43371E-05	290.02982
0.3	-2.58E-11	290.054333	0.0999999	2.35018E-05	290.054333
0.2	-2.46E-11	290.080776	0.0999999	2.26715E-05	290.080776
0.0999997	-3.02E-11	290.105368	0.1000002	2.18456E-05	290.105368
-4E-07	-3.25E-11	290.129855	0.0999999	2.10242E-05	290.129855
#scan	iMeasureCycle=3	iMux=0	time=319.829	N=401	LocalTime=20/04/2023 06:43:02
#VGate(V)	IGate(A)	time(s)	VDrain(V)	IDrain(A)	time(s)
1E-07	-1.22E-11	319.836736	0.1	2.12318E-05	319.836736
-0.1000004	-2E-11	319.861614	0.0999998	2.04052E-05	319.861614
-0.2000001	-2.12E-11	319.887228	0.1000002	1.95836E-05	319.887228
-0.3	-2.67E-11	319.911951	0.1000002	1.87661E-05	319.911951
-0.4	-2.99E-11	319.936466	0.1000001	1.79526E-05	319.936466
-0.5	-3.19E-11	319.960991	0.0999999	1.71423E-05	319.960991
-0.6	-3.46E-11	319.985575	0.0999998	1.63363E-05	319.985575
-0.7	-3.6E-11	320.010113	0.0999997	1.5535E-05	320.010113
-0.8	-3.82E-11	320.034631	0.1	1.4738E-05	320.034631
-0.9	-3.96E-11	320.059144	0.1	1.39467E-05	320.059144
-1	-4.07E-11	320.083709	0.0999999	1.31615E-05	320.083709
-1.1	-4.19E-11	320.108244	0.0999999	1.23826E-05	320.108244
-1.2	-4.3E-11	320.1328	0.0999998	1.16115E-05	320.1328
-1.3	-4.4E-11	320.157345	0.1	1.08494E-05	320.157345
-1.4	-4.49E-11	320.181962	0.1	1.00966E-05	320.181962
-1.5	-4.55E-11	320.206506	0.1	9.3551E-06	320.206506
-1.6	-4.28E-11	320.233659	0.0999998	8.63017E-06	320.233659
-1.7	-4.68E-11	320.258186	0.1000002	7.91596E-06	320.258186
-1.8	-4.79E-11	320.282699	0.0999999	7.21771E-06	320.282699
-1.9	-4.85E-11	320.307211	0.0999999	6.53887E-06	320.307211
-2	-4.95E-11	320.331703	0.1	5.88085E-06	320.331703
-2.1	-4.99E-11	320.356233	0.1	5.24687E-06	320.356233
-2.2	-4.38E-11	320.402506	0.1000001	4.64219E-06	320.402506
-2.3	-4.95E-11	320.427021	0.1000001	4.06318E-06	320.427021
-2.4	-5.02E-11	320.451557	0.0999999	3.51763E-06	320.451557
-2.5	-5.02E-11	320.47618	0.1000002	3.00776E-06	320.47618
-2.6	-5.12E-11	320.500755	0.0999999	2.53604E-06	320.500755
-2.7	-5.11E-11	320.525284	0.1	2.10469E-06	320.525284
-2.8	-5.21E-11	320.549894	0.1	1.71454E-06	320.549894
-2.9	-5.21E-11	320.574452	0.0999998	1.3676E-06	320.574452
-3	-5.26E-11	320.598971	0.0999998	1.06401E-06	320.598971
-3.1	-4.96E-11	320.626325	0.0999996	8.04871E-07	320.626325
-3.2	-5.35E-11	320.650946	0.0999997	5.86282E-07	320.650946
-3.3	-5.41E-11	320.675462	0.0999996	4.09556E-07	320.675462
-3.4	-5.42E-11	320.699992	0.0999997	2.7175E-07	320.699992
-3.5	-5.46E-11	320.724559	0.0999998	1.69482E-07	320.724559
-3.6	-5.51E-11	320.749075	0.0999997	9.8147E-08	320.749075
-3.7	-5E-11	320.78674	0.0999962	5.27282E-08	320.78674
-3.8	-6.76E-11	320.810054	0.1000043	2.51868E-08	320.810054
-3.9	-6.95E-11	320.833323	0.1000027	1.08375E-08	320.833323
-4	-7.17E-11	320.856565	0.1000014	4.2016E-09	320.856565
-4.1	-5.11E-11	320.902805	0.0999997	1.4926E-09	320.902805
-4.2	-7.07E-11	320.926034	0.1000004	4.464E-10	320.926034
-4.3	-6.97E-11	320.949321	0.1000002	1.114E-10	320.949321
-4.4	-7.19E-11	320.972641	0.1000002	2.01E-11	320.972641
-4.5	-7.23E-11	320.995911	0.1000001	-2E-13	320.995911
-4.6	-7.23E-11	321.01914	0.1000001	-3.6E-12	321.01914
-4.7	-7.09E-11	321.042436	0.1000001	-4.4E-12	321.042436
-4.8	-7.16E-11	321.065737	0.1000001	-4E-12	321.065737
-4.9	-7.37E-11	321.088945	0.1000003	-3.8E-12	321.088945
-5	-7.37E-11	321.112155	0.1000002	-3.7E-12	321.112155
-5.1	-7.3E-11	321.135459	0.1000001	-3.8E-12	321.135459
-5.2	-7.26E-11	321.158758	0.1000001	-3.8E-12	321.158758
-5.3	-7.47E-11	321.182031	0.1000001	-3.6E-12	321.182031
-5.4	-7.49E-11	321.205236	0.1000001	-3.8E-12	321.205236
-5.5	-7.47E-11	321.228452	0.1000002	-4E-12	321.228452
-5.6	-7.3E-11	321.25179	0.1000001	-4.3E-12	321.25179
-5.7	-7.57E-11	321.274997	0.1000003	-4E-12	321.274997
-5.8	-7.61E-11	321.298205	0.1000002	-3.6E-12	321.298205
-5.9	-7.42E-11	321.321496	0.1	-3.6E-12	321.321496
-6	-7.38E-11	321.344782	0.1000001	-4.1E-12	321.344782
-6.1	-5.39E-11	321.400822	0.0999997	-5.8E-12	321.400822
-6.2	-7.43E-11	321.424081	0.1000003	-3.8E-12	321.424081
-6.3	-7.48E-11	321.447319	0.1000001	-3.9E-12	321.447319
-6.4	-7.41E-11	321.470706	0.1000001	-4E-12	321.470706
-6.5	-7.44E-11	321.493985	0.1	-4.1E-12	321.493985
-6.6	-7.62E-11	321.517255	0.1	-3.4E-12	321.517255
-6.7	-7.65E-11	321.540473	0.1	-3.3E-12	321.540473
-6.8	-7.54E-11	321.563777	0.1	-3.6E-12	321.563777
-6.9	-7.61E-11	321.587044	0.1000001	-3.5E-12	321.587044
-7	-7.72E-11	321.61025	0.1000003	-3.3E-12	321.61025
-7.1	-7.77E-11	321.633483	0.1000002	-3.3E-12	321.633483
-7.2	-7.66E-11	321.656783	0.1000003	-3.4E-12	321.656783
-7.3	-7.68E-11	321.68007	0.1000002	-3.9E-12	321.68007
-7.4	-7.85E-11	321.703283	0.1000002	-3.4E-12	321.703283
-7.5	-7.68E-11	321.726568	0.1000001	-3.4E-12	321.726568
-7.6	-7.75E-11	321.749858	0.1000001	-3.8E-12	321.749858
-7.7	-7.68E-11	321.773158	0.1000001	-3.7E-12	321.773158
-7.8	-7.9E-11	321.796359	0.1000002	-3E-12	321.796359
-7.9	-7.92E-11	321.819583	0.1000001	-3.4E-12	321.819583
-8	-7.77E-11	321.842954	0.1000001	-3.3E-12	321.842954
-8.1	-5.85E-11	321.889851	0.0999999	-4.9E-12	321.889851
-8.2	-7.63E-11	321.913212	0.1000001	-3.3E-12	321.913212
-8.3	-7.92E-11	321.936417	0.1000002	-3.4E-12	321.936417
-8.4	-7.89E-11	321.959639	0.1000003	-3.2E-12	321.959639
-8.5	-7.96E-11	321.982939	0.1000001	-3.4E-12	321.982939
-8.6	-7.85E-11	322.006284	0.1000002	-3.5E-12	322.006284
-8.7	-8.02E-11	322.029486	0.1000003	-3.3E-12	322.029486
-8.8	-8E-11	322.052715	0.1000001	-3.1E-12	322.052715
-8.9	-8.07E-11	322.075928	0.1	-3.5E-12	322.075928
-9	-7.94E-11	322.099213	0.1000001	-3.3E-12	322.099213
-9.1	-7.89E-11	322.122535	0.1000001	-3.1E-12	322.122535
-9.2	-8.14E-11	322.145749	0.1000002	-3.2E-12	322.145749
-9.3	-8.13E-11	322.168969	0.0999999	-3.2E-12	322.168969
-9.4	-7.95E-11	322.192317	0.1000001	-3.1E-12	322.192317
-9.5	-8.13E-11	322.21553	0.1000002	-3.5E-12	322.21553
-9.6	-8.13E-11	322.23873	0.1000001	-3.4E-12	322.23873
-9.7	-8.12E-11	322.261957	0.1000002	-3.3E-12	322.261957
-9.8	-8.01E-11	322.285256	0.1000001	-3.4E-12	322.285256
-9.9	-7.95E-11	322.308547	0.1000002	-3.5E-12	322.308547
-10	-8.19E-11	322.331751	0.1000002	-2.8E-12	322.331751
-9.90001	-4.12E-11	322.355051	0.0999998	-6.6E-12	322.355051
-9.80001	-5.46E-11	322.405771	0.0999998	-5E-12	322.405771
-9.70001	-3.38E-11	322.429002	0.0999998	-6.7E-12	322.429002
-9.60001	-3.19E-11	322.452218	0.0999997	-6.7E-12	322.452218
-9.50001	-3.2E-11	322.475609	0.0999997	-6.3E-12	322.475609
-9.40001	-2.88E-11	322.498896	0.0999997	-6.4E-12	322.498896
-9.30001	-2.79E-11	322.522173	0.0999998	-6.4E-12	322.522173
-9.20001	-2.95E-11	322.545509	0.0999997	-6.6E-12	322.545509
-9.10001	-2.83E-11	322.568813	0.0999998	-6.5E-12	322.568813
-9.00001	-2.5E-11	322.592022	0.0999997	-6.9E-12	322.592022
-8.90001	-2.47E-11	322.61524	0.0999997	-7.1E-12	322.61524
-8.80001	-2.65E-11	322.638585	0.0999999	-6.7E-12	322.638585
-8.70001	-2.48E-11	322.661885	0.0999997	-6.8E-12	322.661885
-8.60001	-2.28E-11	322.6851	0.0999998	-7.2E-12	322.6851
-8.50001	-2.4E-11	322.7084	0.0999997	-7.2E-12	322.7084
-8.40001	-2.32E-11	322.731689	0.0999998	-6.8E-12	322.731689
-8.30001	-2.04E-11	322.754892	0.0999996	-6.8E-12	322.754892
-8.20001	-2.02E-11	322.778122	0.0999997	-7.3E-12	322.778122
-8.10001	-2.19E-11	322.801416	0.0999996	-7.1E-12	322.801416
-8	-2.1E-11	322.824696	0.0999993	-7.3E-12	322.824696
-7.90001	-2E-11	322.848002	0.0999998	-6.9E-12	322.848002
-7.80001	-3.96E-11	322.903351	0.1000001	-5.6E-12	322.903351
-7.70001	-1.98E-11	322.92659	0.0999997	-7.8E-12	322.92659
-7.6	-2.05E-11	322.949887	0.0999997	-7.2E-12	322.949887
-7.50001	-1.84E-11	322.973135	0.0999998	-7E-12	322.973135
-7.40001	-1.72E-11	322.996414	0.0999995	-6.9E-12	322.996414
-7.30001	-1.72E-11	323.019631	0.0999998	-7.1E-12	323.019631
-7.2	-1.83E-11	323.042931	0.0999997	-6.9E-12	323.042931
-7.10001	-1.79E-11	323.066231	0.0999996	-7.1E-12	323.066231
-7.00001	-1.58E-11	323.089447	0.0999996	-7.1E-12	323.089447
-6.90001	-1.52E-11	323.112658	0.0999998	-7E-12	323.112658
-6.80001	-1.65E-11	323.135965	0.0999996	-6.5E-12	323.135965
-6.70001	-1.66E-11	323.159245	0.0999997	-7.7E-12	323.159245
-6.60001	-1.45E-11	323.182511	0.0999999	-7.8E-12	323.182511
-6.50001	-1.62E-11	323.205814	0.0999997	-7.7E-12	323.205814
-6.40001	-1.51E-11	323.229102	0.0999997	-7.2E-12	323.229102
-6.30001	-1.36E-11	323.252329	0.0999998	-7.9E-12	323.252329
-6.20001	-1.32E-11	323.275582	0.0999997	-7.8E-12	323.275582
-6.10001	-1.41E-11	323.29887	0.0999999	-7.7E-12	323.29887
-6.00001	-1.35E-11	323.322172	0.0999998	-7.8E-12	323.322172
-5.90001	-1.1E-11	323.34537	0.0999997	-7.5E-12	323.34537
-5.80001	-1.13E-11	323.368603	0.0999995	-7.6E-12	323.368603
-5.70001	-3.13E-11	323.409444	0.0999999	-6.1E-12	323.409444
-5.60001	-1.19E-11	323.432687	0.0999997	-7.8E-12	323.432687
-5.50001	-1.12E-11	323.45593	0.0999997	-7.9E-12	323.45593
-5.40001	-9.7E-12	323.479232	0.0999997	-7.6E-12	323.479232
-5.30001	-1.12E-11	323.502585	0.0999997	-7.5E-12	323.502585
-5.20001	-9.6E-12	323.525858	0.0999998	-7.4E-12	323.525858
-5.1	-9E-12	323.549061	0.0999996	-7.8E-12	323.549061
-5.00001	-1E-11	323.572344	0.0999997	-8E-12	323.572344
-4.90001	-7.6E-12	323.595566	0.0999997	-8.5E-12	323.595566
-4.80001	-6.7E-12	323.618775	0.0999997	-8.5E-12	323.618775
-4.7	-6.7E-12	323.642016	0.0999997	-8.1E-12	323.642016
-4.60001	-7.9E-12	323.665303	0.0999999	-6.7E-12	323.665303
-4.50001	-7.6E-12	323.688598	0.0999996	1.5E-12	323.688598
-4.40001	-7.2E-12	323.711883	0.0999997	4.43E-11	323.711883
-4.3	-6.9E-12	323.73515	0.0999998	2.104E-10	323.73515
-4.20001	-6.4E-12	323.75843	0.0999997	7.565E-10	323.75843
-4.10001	-3.8E-12	323.781631	0.1000002	2.3246E-09	323.781631
-4.00001	-5.4E-12	323.804931	0.1000005	6.2876E-09	323.804931
-3.90001	-4.5E-12	323.828201	0.1000011	1.53307E-08	323.828201
-3.80001	-4.5E-12	323.851536	0.1000013	3.35836E-08	323.851536
-3.70001	-2.36E-11	323.910263	0.1000047	6.51001E-08	323.910263
-3.60001	-2.43E-11	323.949753	0.1	1.17654E-07	323.949753
-3.50001	-1.96E-11	323.974505	0.1000003	1.98503E-07	323.974505
-3.40001	-1.78E-11	323.999112	0.1000004	3.1057E-07	323.999112
-3.30001	-1.69E-11	324.02362	0.1000005	4.5837E-07	324.02362
-3.20001	-1.64E-11	324.04817	0.1000005	6.45052E-07	324.04817
-3.10001	-1.54E-11	324.072678	0.1000007	8.72752E-07	324.072678
-3.00001	-1.98E-11	324.107229	0.1000002	1.13853E-06	324.107229
-2.90001	-1.49E-11	324.131776	0.1	1.4526E-06	324.131776
-2.80001	-1.39E-11	324.156305	0.1	1.80834E-06	324.156305
-2.70001	-1.25E-11	324.180866	0.1000002	2.20572E-06	324.180866
-2.60001	-1.22E-11	324.205399	0.1	2.64438E-06	324.205399
-2.50001	-1.1E-11	324.229911	0.1000003	3.12187E-06	324.229911
-2.40001	-1.04E-11	324.254429	0.1	3.63667E-06	324.254429
-2.30001	-9.8E-12	324.278983	0.1000001	4.18636E-06	324.278983
-2.20001	-9.3E-12	324.303493	0.1000002	4.76699E-06	324.303493
-2.1	-1.18E-11	324.329908	0.1	5.37795E-06	324.329908
-2	-7.4E-12	324.354423	0.1000003	6.01456E-06	324.354423
-1.900001	-1.35E-11	324.415906	0.0999999	6.6633E-06	324.415906
-1.800001	-7.9E-12	324.440432	0.1000001	7.34677E-06	324.440432
-1.7	-6.7E-12	324.465049	0.1000001	8.04684E-06	324.465049
-1.6	-6E-12	324.489729	0.1	8.7616E-06	324.489729
-1.5	-4.3E-12	324.5143	0.1000001	9.49024E-06	324.5143
-1.400001	-3E-12	324.53882	0.1	1.023182E-05	324.53882
-1.300001	-7.1E-12	324.573386	0.1	1.09764E-05	324.573386
-1.200001	-1.5E-12	324.597907	0.1000001	1.17395E-05	324.597907
-1.100001	-3E-13	324.622446	0.1000003	1.25097E-05	324.622446
-1	1E-12	324.647021	0.1000001	1.32873E-05	324.647021
-0.9	2.3E-12	324.671558	0.1000002	1.40714E-05	324.671558
-0.8	4E-12	324.696066	0.1000001	1.48609E-05	324.696066
-0.700001	5.6E-12	324.720615	0.1000002	1.56556E-05	324.720615
-0.6	6.9E-12	324.745122	0.0999999	1.64553E-05	324.745122
-0.500001	8.3E-12	324.769636	0.0999999	1.72592E-05	324.769636
-0.400001	9.9E-12	324.794177	0.1000001	1.80664E-05	324.794177
-0.3	1.15E-11	324.818707	0.1000001	1.88772E-05	324.818707
-0.1999999	9.7E-12	324.845126	0.1	1.96925E-05	324.845126
-0.0999996	1.5E-11	324.869619	0.1000002	2.05116E-05	324.869619
0	1.02E-11	324.917599	0.1000001	2.13295E-05	324.917599
0.1000005	1.65E-11	324.942134	0.1000001	2.21591E-05	324.942134
0.2000003	1.94E-11	324.966626	0.1000002	2.29915E-05	324.966626
0.299999	2.15E-11	324.991409	0.1	2.38289E-05	324.991409
0.4	2.28E-11	325.015986	0.1000001	2.46707E-05	325.015986
0.5	2.53E-11	325.040502	0.0999999	2.55167E-05	325.040502
0.599999	2.71E-11	325.065061	0.1000001	2.6366E-05	325.065061
0.7	2.88E-11	325.089563	0.1	2.72191E-05	325.089563
0.8	3.05E-11	325.114165	0.1	2.8075E-05	325.114165
0.9	3.27E-11	325.138681	0.1000001	2.89336E-05	325.138681
0.999999	3.46E-11	325.163203	0.1000001	2.97938E-05	325.163203
1.1	3.62E-11	325.18779	0.1000002	3.06563E-05	325.18779
1.2	3.79E-11	325.212315	0.1	3.15207E-05	325.212315
1.3	3.91E-11	325.236818	0.1000001	3.23863E-05	325.236818
1.4	4.05E-11	325.261369	0.1	3.32527E-05	325.261369
1.5	4.18E-11	325.285903	0.0999999	3.41208E-05	325.285903
1.599999	4.34E-11	325.310431	0.1000001	3.49903E-05	325.310431
1.699999	4.4E-11	325.334937	0.1000002	3.586E-05	325.334937
1.799999	4.48E-11	325.359489	0.1000001	3.67315E-05	325.359489
1.899999	3.82E-11	325.41932	0.0999999	3.75973E-05	325.41932
2	4.41E-11	325.443821	0.1000001	3.84713E-05	325.443821
2.099999	4.52E-11	325.468346	0.0999999	3.9346E-05	325.468346
2.19999	4.61E-11	325.493141	0.0999998	4.02178E-05	325.493141
2.29999	4.66E-11	325.517735	0.0999999	4.10922E-05	325.517735
2.39999	4.73E-11	325.542228	0.1000001	4.19675E-05	325.542228
2.49999	4.81E-11	325.566762	0.1	4.2844E-05	325.566762
2.59999	4.88E-11	325.591274	0.1	4.37204E-05	325.591274
2.69999	4.92E-11	325.615808	0.0999999	4.45971E-05	325.615808
2.79999	4.96E-11	325.640344	0.1000002	4.54739E-05	325.640344
2.89999	5.02E-11	325.664859	0.1000001	4.63516E-05	325.664859
2.99999	5.06E-11	325.689364	0.1	4.723E-05	325.689364
3.09999	5.14E-11	325.713881	0.1000001	4.81077E-05	325.713881
3.19999	5.1E-11	325.738408	0.1	4.89861E-05	325.738408
3.29999	5.11E-11	325.762939	0.1	4.98647E-05	325.762939
3.39999	5.2E-11	325.787478	0.0999999	5.0744E-05	325.787478
3.49999	5.22E-11	325.812002	0.1	5.16234E-05	325.812002
3.59999	5.27E-11	325.836511	0.1	5.2502E-05	325.836511
3.69999	5.26E-11	325.861079	0.1000001	5.33828E-05	325.861079
3.79999	4.68E-11	325.914204	0.0999999	5.42559E-05	325.914204
3.89999	5.17E-11	325.938711	0.1000001	5.51387E-05	325.938711
3.99999	5.21E-11	325.963223	0.1	5.60216E-05	325.963223
4.09999	5.27E-11	325.987809	0.1000001	5.69038E-05	325.987809
4.19999	5.31E-11	326.012374	0.1	5.77873E-05	326.012374
4.29999	5.38E-11	326.036864	0.1000001	5.86703E-05	326.036864
4.39999	5.42E-11	326.061394	0.1	5.95535E-05	326.061394
4.49999	5.43E-11	326.085903	0.1	6.04374E-05	326.085903
4.59999	5.46E-11	326.110462	0.0999998	6.13223E-05	326.110462
4.69999	5.47E-11	326.135016	0.0999998	6.22084E-05	326.135016
4.79999	5.51E-11	326.159527	0.0999997	6.30947E-05	326.159527
4.89999	5.53E-11	326.184081	0.0999999	6.39816E-05	326.184081
4.99999	5.52E-11	326.208587	0.0999998	6.48691E-05	326.208587
5.09999	5.57E-11	326.233115	0.1000002	6.57562E-05	326.233115
5.19999	5.58E-11	326.25762	0.1	6.66447E-05	326.25762
5.29999	5.53E-11	326.282181	0.1000002	6.75337E-05	326.282181
5.39999	5.57E-11	326.306694	0.1000001	6.84244E-05	326.306694
5.49999	5.6E-11	326.331229	0.0999999	6.93154E-05	326.331229
5.59999	5.64E-11	326.355721	0.1000001	7.02075E-05	326.355721
5.69999	4.86E-11	326.413627	0.1	7.10891E-05	326.413627
5.79999	5.45E-11	326.438175	0.1000001	7.19851E-05	326.438175
5.89999	5.5E-11	326.462862	0.1000001	7.28814E-05	326.462862
5.99999	5.58E-11	326.487475	0.1	7.37776E-05	326.487475
6.09999	5.64E-11	326.511991	0.0999998	7.46732E-05	326.511991
6.19999	5.61E-11	326.536576	0.1	7.55699E-05	326.536576
6.29999	5.7E-11	326.561089	0.1000002	7.64667E-05	326.561089
6.39999	5.73E-11	326.585601	0.0999999	7.73663E-05	326.585601
6.49999	5.74E-11	326.610115	0.0999998	7.82647E-05	326.610115
6.59999	5.75E-11	326.63468	0.1	7.91635E-05	326.63468
6.69999	5.75E-11	326.659176	0.1	8.00636E-05	326.659176
6.79999	5.84E-11	326.683724	0.1000002	8.09647E-05	326.683724
6.89999	5.8E-11	326.708249	0.1	8.18662E-05	326.708249
6.99999	5.81E-11	326.732767	0.1000001	8.2769E-05	326.732767
7.09999	5.84E-11	326.757296	0.1000001	8.3673E-05	326.757296
7.19999	5.83E-11	326.781835	0.1	8.45783E-05	326.781835
7.29999	5.86E-11	326.806345	0.1	8.54835E-05	326.806345
7.39999	5.86E-11	326.830856	0.1000002	8.63891E-05	326.830856
7.49999	5.89E-11	326.855425	0.1	8.72959E-05	326.855425
7.59999	5.27E-11	326.904076	0.1000003	8.8196E-05	326.904076
7.69999	5.75E-11	326.928663	0.1	8.91074E-05	326.928663
7.79999	5.79E-11	326.953291	0.1000001	9.00182E-05	326.953291
7.89999	5.87E-11	326.977823	0.1000002	9.09295E-05	326.977823
7.99999	5.58E-11	327.004192	0.0999999	9.18399E-05	327.004192
8.09999	5.92E-11	327.028725	0.1000001	9.27524E-05	327.028725
8.19999	5.88E-11	327.053306	0.0999999	9.36667E-05	327.053306
8.29999	5.95E-11	327.077817	0.1	9.45806E-05	327.077817
8.39999	5.95E-11	327.10233	0.1000001	9.54948E-05	327.10233
8.49999	5.93E-11	327.126889	0.1000002	9.64112E-05	327.126889
8.59999	5.98E-11	327.151421	0.0999997	9.73289E-05	327.151421
8.69999	6.01E-11	327.175942	0.1	9.82464E-05	327.175942
8.79999	6.04E-11	327.200537	0.1	9.91643E-05	327.200537
8.89999	6.04E-11	327.225109	0.1000002	0.0001000833	327.225109
8.99999	6.02E-11	327.249651	0.1000001	0.0001010051	327.249651
9.09999	6.07E-11	327.274197	0.1000003	0.0001019264	327.274197
9.19999	6.11E-11	327.298711	0.1000003	0.0001028463	327.298711
9.29999	6.12E-11	327.323324	0.0999998	0.0001037655	327.323324
9.39999	6.15E-11	327.34783	0.0999997	0.0001046939	327.34783
9.49999	5.72E-11	327.377398	0.0999999	0.000105586	327.377398
9.59999	5.53E-11	327.423133	0.1000001	0.00010651	327.423133
9.69999	5.94E-11	327.447685	0.1	0.00010744	327.447685
9.79999	6E-11	327.472196	0.1	0.000108371	327.472196
9.89999	6.05E-11	327.496805	0.0999999	0.0001093	327.496805
9.99999	6.05E-11	327.521494	0.0999999	0.00011023	327.521494
9.9	4.77E-11	327.546034	0.1	0.000109286	327.546034
9.8	4.48E-11	327.570562	0.0999999	0.00010835	327.570562
9.7	4.32E-11	327.595095	0.1000001	0.000107415	327.595095
9.6	4.1E-11	327.619636	0.0999998	0.00010648	327.619636
9.5	3.96E-11	327.644168	0.1	0.000105548	327.644168
9.4	3.88E-11	327.668693	0.1	0.000104618	327.668693
9.3	3.71E-11	327.693211	0.0999999	0.000103686	327.693211
9.2	3.66E-11	327.717733	0.1	0.000102757	327.717733
9.1	3.57E-11	327.742254	0.0999999	0.000101829	327.742254
9	3.52E-11	327.766803	0.1000001	0.000100901	327.766803
8.9	3.42E-11	327.791347	0.1000002	9.998E-05	327.791347
8.8	3.39E-11	327.815881	0.1	9.9054E-05	327.815881
8.7	3.28E-11	327.840406	0.0999999	9.8125E-05	327.840406
8.6	3.21E-11	327.865003	0.1	9.72E-05	327.865003
8.5	3.75E-11	327.927303	0.1000001	9.6278E-05	327.927303
8.4	3.25E-11	327.951877	0.0999999	9.5356E-05	327.951877
8.3	3.15E-11	327.976388	0.1	9.4432E-05	327.976388
8.2	3.1E-11	328.001057	0.0999999	9.3511E-05	328.001057
8.1	3.02E-11	328.025652	0.0999999	9.2591E-05	328.025652
8	3.02E-11	328.050213	0.1	9.1672E-05	328.050213
7.9	2.95E-11	328.074733	0.1000001	9.0753E-05	328.074733
7.8	2.93E-11	328.099255	0.1000001	8.9834E-05	328.099255
7.7	3.21E-11	328.127136	0.1	8.89511E-05	328.127136
7.6	2.78E-11	328.151656	0.1000001	8.80363E-05	328.151656
7.5	2.73E-11	328.17619	0.0999999	8.71218E-05	328.17619
7.4	2.74E-11	328.200743	0.1000002	8.62075E-05	328.200743
7.3	2.7E-11	328.225264	0.0999999	8.52935E-05	328.225264
7.2	2.65E-11	328.249777	0.1	8.43811E-05	328.249777
7.1	2.62E-11	328.274319	0.1000001	8.34697E-05	328.274319
7	2.62E-11	328.29883	0.1000001	8.25582E-05	328.29883
6.9	2.59E-11	328.323392	0.1	8.16483E-05	328.323392
6.8	2.45E-11	328.347905	0.1	8.07406E-05	328.347905
6.7	2.43E-11	328.372414	0.0999999	7.98324E-05	328.372414
6.6	3.05E-11	328.428675	0.0999999	7.89307E-05	328.428675
6.5	2.55E-11	328.453198	0.1000002	7.80225E-05	328.453198
6.4	2.47E-11	328.477808	0.0999998	7.71159E-05	328.477808
6.3	2.42E-11	328.502434	0.1000002	7.62111E-05	328.502434
6.2	2.26E-11	328.527001	0.0999998	7.53053E-05	328.527001
6.1	2.26E-11	328.551528	0.1000002	7.44016E-05	328.551528
6	2.22E-11	328.576036	0.0999998	7.34986E-05	328.576036
5.9	2.18E-11	328.600558	0.1000001	7.25972E-05	328.600558
5.8	2.09E-11	328.625153	0.1	7.16948E-05	328.625153
5.7	2.09E-11	328.649712	0.1000001	7.07945E-05	328.649712
5.6	2.05E-11	328.674219	0.0999999	6.98943E-05	328.674219
5.5	2.05E-11	328.698732	0.0999999	6.8995E-05	328.698732
5.4	2E-11	328.723222	0.0999999	6.80958E-05	328.723222
5.3	2.01E-11	328.747752	0.1	6.71976E-05	328.747752
5.2	1.9E-11	328.772291	0.1000001	6.63006E-05	328.772291
5.1	1.9E-11	328.796792	0.0999998	6.54042E-05	328.796792
5	1.89E-11	328.821296	0.0999999	6.45089E-05	328.821296
4.9	1.77E-11	328.845826	0.1000002	6.36147E-05	328.845826
4.8	1.75E-11	328.870427	0.1	6.27209E-05	328.870427
4.7	2.33E-11	328.927674	0.1000001	6.18311E-05	328.927674
4.6	1.87E-11	328.952202	0.0999998	6.09384E-05	328.952202
4.5	1.74E-11	328.976703	0.0999998	6.0047E-05	328.976703
4.4	1.69E-11	329.001343	0.1	5.91552E-05	329.001343
4.3	1.65E-11	329.02596	0.1	5.8265E-05	329.02596
4.2	1.58E-11	329.050465	0.1000001	5.7376E-05	329.050465
4.1	1.57E-11	329.075026	0.1000001	5.64872E-05	329.075026
4	1.45E-11	329.099536	0.1000002	5.55991E-05	329.099536
3.9	1.37E-11	329.124095	0.1	5.47114E-05	329.124095
3.8	1.35E-11	329.148639	0.1000001	5.38256E-05	329.148639
3.7	1.27E-11	329.17317	0.0999999	5.29407E-05	329.17317
3.6	1.21E-11	329.197738	0.0999999	5.20555E-05	329.197738
3.5	1.16E-11	329.222298	0.0999999	5.11711E-05	329.222298
3.4	1.06E-11	329.246819	0.0999998	5.02877E-05	329.246819
3.3	1.01E-11	329.271337	0.0999998	4.94058E-05	329.271337
3.2	9.5E-12	329.295834	0.1	4.85238E-05	329.295834
3.1	8.9E-12	329.320336	0.1000001	4.76429E-05	329.320336
3	7.4E-12	329.344931	0.1000001	4.67621E-05	329.344931
2.9	7.3E-12	329.369441	0.1000001	4.58833E-05	329.369441
2.8	1.34E-11	329.428912	0.0999998	4.501E-05	329.428912
2.7	7.5E-12	329.453454	0.1	4.41313E-05	329.453454
2.6	6E-12	329.477962	0.0999999	4.32533E-05	329.477962
2.5	5.1E-12	329.502618	0.0999998	4.23767E-05	329.502618
2.4	4.5E-12	329.527214	0.1000001	4.15017E-05	329.527214
2.3	3.2E-12	329.551758	0.0999999	4.06274E-05	329.551758
2.2	2.5E-12	329.57626	0.0999999	3.97534E-05	329.57626
2.099999	5.1E-12	329.602666	0.0999999	3.88834E-05	329.602666
2	3E-13	329.627167	0.0999999	3.80112E-05	329.627167
1.9	-8E-13	329.651697	0.1000001	3.71408E-05	329.651697
1.8	-2.2E-12	329.676206	0.0999999	3.62713E-05	329.676206
1.7	-2.8E-12	329.700726	0.1	3.54021E-05	329.700726
1.6	-4E-12	329.725243	0.1	3.45346E-05	329.725243
1.5	-5.4E-12	329.749839	0.1	3.36688E-05	329.749839
1.4	-6.5E-12	329.774398	0.0999998	3.28042E-05	329.774398
1.3	-7.8E-12	329.798939	0.1	3.19417E-05	329.798939
1.2	-9.6E-12	329.82346	0.0999999	3.108E-05	329.82346
1.1	-1.11E-11	329.847927	0.1000002	3.02194E-05	329.847927
1	-1.25E-11	329.872502	0.1	2.93606E-05	329.872502
0.9	-7.4E-12	329.930456	0.0999998	2.85096E-05	329.930456
0.8	-1.41E-11	329.95498	0.1000001	2.76555E-05	329.95498
0.7	-1.67E-11	329.979481	0.0999999	2.68044E-05	329.979481
0.6	-1.88E-11	330.004087	0.1000001	2.59561E-05	330.004087
0.5	-2.1E-11	330.028679	0.1	2.51127E-05	330.028679
0.4	-2.33E-11	330.053261	0.0999999	2.4273E-05	330.053261
0.3	-2.55E-11	330.07781	0.0999998	2.34379E-05	330.07781
0.1999999	-2.43E-11	330.104259	0.1	2.26078E-05	330.104259
0.0999997	-3.03E-11	330.128779	0.0999999	2.17823E-05	330.128779
-5E-07	-3.22E-11	330.153397	0.0999999	2.09621E-05	330.153397
