#scan	iMeasureCycle=1	iMux=0	time=0.03	N=401	LocalTime=19/04/2023 19:55:39
#VGate(V)	IGate(A)	time(s)	VDrain(V)	IDrain(A)	time(s)
-3E-07	-1.608E-10	0.032898	0.1000001	7.43851E-06	0.032898
-0.1000003	-2.195E-10	0.057807	0.0999998	6.72922E-06	0.057807
-0.2000005	-2.676E-10	0.082551	0.0999998	6.0355E-06	0.082551
-0.300001	-1.985E-10	0.107253	0.1	5.3591E-06	0.107253
-0.4	-1.153E-10	0.131809	0.1	4.70394E-06	0.131809
-0.5	-9.09E-11	0.156317	0.1	4.07319E-06	0.156317
-0.6	-7.79E-11	0.180843	0.1000002	3.47084E-06	0.180843
-0.7	-7.09E-11	0.205347	0.1	2.90367E-06	0.205347
-0.8	-6.62E-11	0.229897	0.1	2.37631E-06	0.229897
-0.9	-6.32E-11	0.254494	0.0999998	1.89512E-06	0.254494
-1	-6.09E-11	0.279019	0.1	1.46596E-06	0.279019
-1.1	-5.98E-11	0.303523	0.0999999	1.09276E-06	0.303523
-1.2	-5.43E-11	0.330947	0.0999995	7.80473E-07	0.330947
-1.3	-5.79E-11	0.355458	0.0999996	5.26439E-07	0.355458
-1.4	-5.76E-11	0.379978	0.0999996	3.32445E-07	0.379978
-1.5	-5.73E-11	0.40448	0.0999996	1.9319E-07	0.40448
-1.6	-5.69E-11	0.42904	0.0999998	1.01518E-07	0.42904
-1.7	-5.05E-11	0.466716	0.0999961	4.82012E-08	0.466716
-1.800001	-7.08E-11	0.489918	0.1000044	1.93853E-08	0.489918
-1.900001	-7.15E-11	0.513112	0.100002	6.7212E-09	0.513112
-2.000001	-7.01E-11	0.536417	0.1000006	1.9538E-09	0.536417
-2.1	-4.87E-11	0.600637	0.1	5.218E-10	0.600637
-2.2	-6.98E-11	0.624084	0.1000004	1.023E-10	0.624084
-2.3	-7.11E-11	0.647315	0.1000001	1.07E-11	0.647315
-2.4	-6.89E-11	0.670642	0.1000003	-6.6E-12	0.670642
-2.5	-7.02E-11	0.694002	0.1000003	-9.5E-12	0.694002
-2.6	-7.27E-11	0.717214	0.1000003	-9.1E-12	0.717214
-2.7	-7.32E-11	0.740432	0.1000002	-9.5E-12	0.740432
-2.8	-7.08E-11	0.763813	0.1000003	-9.2E-12	0.763813
-2.9	-7.39E-11	0.787027	0.1000004	-9.2E-12	0.787027
-3	-7.38E-11	0.810328	0.1000004	-9.1E-12	0.810328
-3.1	-7.51E-11	0.833551	0.1000003	-9.2E-12	0.833551
-3.2	-7.32E-11	0.856841	0.1000004	-9.6E-12	0.856841
-3.3	-7.49E-11	0.880044	0.1000003	-8.9E-12	0.880044
-3.4	-7.58E-11	0.903259	0.1000004	-9.6E-12	0.903259
-3.5	-7.61E-11	0.926458	0.1	-9.5E-12	0.926458
-3.6	-7.47E-11	0.94975	0.1000004	-9.4E-12	0.94975
-3.7	-7.65E-11	0.973048	0.1000002	-9.5E-12	0.973048
-3.8	-7.72E-11	0.996264	0.1000002	-9.5E-12	0.996264
-3.9	-7.75E-11	1.019477	0.1	-9.8E-12	1.019477
-4	-7.58E-11	1.042782	0.1000003	-9.3E-12	1.042782
-4.1	-5.64E-11	1.096956	0.1000001	-1.07E-11	1.096956
-4.2	-7.43E-11	1.120281	0.1000002	-9.1E-12	1.120281
-4.3	-7.75E-11	1.143507	0.1000005	-9E-12	1.143507
-4.4	-7.77E-11	1.166723	0.1000002	-8.7E-12	1.166723
-4.5	-7.65E-11	1.190066	0.1	-9E-12	1.190066
-4.6	-7.65E-11	1.213352	0.1000002	-8.9E-12	1.213352
-4.7	-7.86E-11	1.236556	0.1000003	-8.5E-12	1.236556
-4.8	-7.89E-11	1.25985	0.1000003	-8.9E-12	1.25985
-4.9	-7.77E-11	1.283147	0.1000004	-8.9E-12	1.283147
-5	-7.99E-11	1.306354	0.1000002	-8.8E-12	1.306354
-5.1	-8.01E-11	1.329591	0.1000004	-9E-12	1.329591
-5.2	-8.08E-11	1.352801	0.1000005	-8.8E-12	1.352801
-5.3	-7.89E-11	1.376102	0.1000002	-9.1E-12	1.376102
-5.4	-7.89E-11	1.399389	0.1000003	-9.1E-12	1.399389
-5.5	-8.14E-11	1.422588	0.1000002	-8.4E-12	1.422588
-5.6	-8.15E-11	1.445834	0.1000002	-8.7E-12	1.445834
-5.7	-8.04E-11	1.46914	0.1000004	-8.5E-12	1.46914
-5.8	-8.19E-11	1.492356	0.1000002	-8.6E-12	1.492356
-5.9	-8.21E-11	1.515561	0.1000002	-8.7E-12	1.515561
-6	-8.22E-11	1.538801	0.1000003	-8.8E-12	1.538801
-6.1	-6.18E-11	1.593882	0.1000001	-1E-11	1.593882
-6.2	-7.92E-11	1.61719	0.1000001	-8.3E-12	1.61719
-6.3	-7.98E-11	1.640476	0.1000001	-8.9E-12	1.640476
-6.4	-8.15E-11	1.663711	0.1000004	-8.5E-12	1.663711
-6.5	-8.22E-11	1.686974	0.1000003	-8.2E-12	1.686974
-6.6	-8.05E-11	1.710267	0.1000002	-8.5E-12	1.710267
-6.7	-8.09E-11	1.733551	0.1000001	-8.3E-12	1.733551
-6.8	-8.26E-11	1.756876	0.1000003	-8.1E-12	1.756876
-6.9	-8.18E-11	1.780221	0.1000002	-8.2E-12	1.780221
-7	-8.2E-11	1.803505	0.1000006	-8.3E-12	1.803505
-7.1	-8.31E-11	1.826724	0.1000003	-8.5E-12	1.826724
-7.2	-8.42E-11	1.849941	0.1000002	-8.2E-12	1.849941
-7.3	-8.24E-11	1.873238	0.1000003	-8.4E-12	1.873238
-7.4	-8.28E-11	1.896524	0.1000002	-8.4E-12	1.896524
-7.5	-8.47E-11	1.919756	0.1000002	-8.4E-12	1.919756
-7.6	-8.52E-11	1.942976	0.1000001	-8.1E-12	1.942976
-7.7	-8.4E-11	1.966269	0.1000002	-8.6E-12	1.966269
-7.8	-8.37E-11	1.989554	0.1000002	-8.4E-12	1.989554
-7.9	-8.53E-11	2.012776	0.1000003	-8.2E-12	2.012776
-8	-8.57E-11	2.036008	0.1000003	-8.2E-12	2.036008
-8.1	-8.43E-11	2.059311	0.1000003	-8.1E-12	2.059311
-8.2	-6.64E-11	2.095374	0.1	-9.8E-12	2.095374
-8.3	-8.39E-11	2.118731	0.1000003	-8.4E-12	2.118731
-8.4	-8.62E-11	2.14195	0.1000004	-8.9E-12	2.14195
-8.5	-8.61E-11	2.165172	0.1000001	-8.4E-12	2.165172
-8.6	-8.67E-11	2.188438	0.1000004	-7.9E-12	2.188438
-8.7	-8.5E-11	2.211728	0.1000002	-8.3E-12	2.211728
-8.8	-8.49E-11	2.235015	0.1000002	-7.9E-12	2.235015
-8.9	-8.67E-11	2.258311	0.1000003	-7.9E-12	2.258311
-9	-8.51E-11	2.28161	0.1000002	-7.9E-12	2.28161
-9.1	-8.49E-11	2.304899	0.1000003	-8.4E-12	2.304899
-9.2	-8.75E-11	2.3281	0.1000002	-8.1E-12	2.3281
-9.3	-8.76E-11	2.351323	0.1000002	-8.7E-12	2.351323
-9.4	-8.59E-11	2.374623	0.1000002	-8.5E-12	2.374623
-9.5	-8.59E-11	2.39792	0.1000002	-8E-12	2.39792
-9.6	-8.77E-11	2.42112	0.1000005	-7.8E-12	2.42112
-9.7	-8.79E-11	2.444387	0.1000004	-8E-12	2.444387
-9.8	-8.64E-11	2.467763	0.1000003	-8.4E-12	2.467763
-9.9	-8.79E-11	2.490968	0.1000002	-7.9E-12	2.490968
-10	-8.85E-11	2.514186	0.1000003	-7.6E-12	2.514186
-9.90001	-4.57E-11	2.537421	0.0999999	-1.17E-11	2.537421
-9.80001	-4.43E-11	2.560716	0.0999998	-1.18E-11	2.560716
-9.70001	-5.93E-11	2.601089	0.1000001	-1.03E-11	2.601089
-9.60001	-3.85E-11	2.624331	0.0999998	-1.14E-11	2.624331
-9.50001	-3.63E-11	2.647541	0.0999998	-1.21E-11	2.647541
-9.40001	-3.68E-11	2.670844	0.0999998	-1.15E-11	2.670844
-9.30001	-3.54E-11	2.694186	0.1	-1.16E-11	2.694186
-9.20001	-3.24E-11	2.7174	0.0999997	-1.23E-11	2.7174
-9.10001	-3.17E-11	2.740618	0.0999998	-1.21E-11	2.740618
-9.00001	-3.05E-11	2.763898	0.0999998	-1.19E-11	2.763898
-8.90001	-3.21E-11	2.787255	0.0999999	-1.18E-11	2.787255
-8.80001	-2.91E-11	2.810463	0.0999998	-1.23E-11	2.810463
-8.70001	-2.9E-11	2.833749	0.0999997	-1.22E-11	2.833749
-8.60001	-3.06E-11	2.857076	0.0999999	-1.2E-11	2.857076
-8.50001	-2.72E-11	2.88029	0.0999998	-1.2E-11	2.88029
-8.40001	-2.72E-11	2.903514	0.1	-1.25E-11	2.903514
-8.30001	-2.82E-11	2.926799	0.1	-1.26E-11	2.926799
-8.20001	-2.74E-11	2.950085	0.0999997	-1.22E-11	2.950085
-8.10001	-2.57E-11	2.973488	0.0999998	-1.25E-11	2.973488
-8.00001	-2.53E-11	2.996701	0.0999998	-1.25E-11	2.996701
-7.90001	-2.5E-11	3.019931	0.0999999	-1.26E-11	3.019931
-7.80001	-2.61E-11	3.043239	0.0999999	-1.24E-11	3.043239
-7.70001	-4.48E-11	3.102745	0.1000001	-1.04E-11	3.102745
-7.60001	-2.47E-11	3.126002	0.0999999	-1.24E-11	3.126002
-7.50001	-2.55E-11	3.149306	0.0999999	-1.18E-11	3.149306
-7.40001	-2.66E-11	3.172655	0.0999998	-1.2E-11	3.172655
-7.30001	-2.26E-11	3.195933	0.0999999	-1.24E-11	3.195933
-7.2	-2.36E-11	3.219225	0.1	-1.21E-11	3.219225
-7.10001	-2.31E-11	3.242499	0.0999999	-1.22E-11	3.242499
-7.00001	-2.17E-11	3.265806	0.0999999	-1.26E-11	3.265806
-6.90001	-2.04E-11	3.289022	0.0999999	-1.27E-11	3.289022
-6.80001	-2.15E-11	3.31231	0.1	-1.24E-11	3.31231
-6.70001	-2.1E-11	3.335602	0.1	-1.22E-11	3.335602
-6.60001	-1.95E-11	3.358814	0.0999998	-1.24E-11	3.358814
-6.50001	-1.89E-11	3.382034	0.1	-1.27E-11	3.382034
-6.40001	-2.01E-11	3.405326	0.0999998	-1.25E-11	3.405326
-6.30001	-1.99E-11	3.42862	0.1	-1.25E-11	3.42862
-6.20001	-1.79E-11	3.451895	0.0999999	-1.29E-11	3.451895
-6.10001	-1.93E-11	3.475198	0.0999997	-1.25E-11	3.475198
-6.00001	-1.89E-11	3.498489	0.0999998	-1.26E-11	3.498489
-5.90001	-1.68E-11	3.521706	0.0999998	-1.27E-11	3.521706
-5.80001	-1.64E-11	3.544948	0.0999998	-1.29E-11	3.544948
-5.70001	-3.69E-11	3.603999	0.1000001	-1.12E-11	3.603999
-5.60001	-1.7E-11	3.627222	0.0999997	-1.29E-11	3.627222
-5.50001	-1.8E-11	3.650512	0.0999997	-1.26E-11	3.650512
-5.40001	-1.78E-11	3.673812	0.0999998	-1.28E-11	3.673812
-5.30001	-1.51E-11	3.697089	0.0999998	-1.29E-11	3.697089
-5.20001	-1.61E-11	3.720375	0.0999999	-1.26E-11	3.720375
-5.1	-1.59E-11	3.743677	0.0999998	-1.28E-11	3.743677
-5.00001	-1.61E-11	3.767088	0.0999997	-1.3E-11	3.767088
-4.90001	-1.31E-11	3.790349	0.0999999	-1.27E-11	3.790349
-4.80001	-1.42E-11	3.813647	0.1	-1.29E-11	3.813647
-4.7	-1.42E-11	3.836933	0.0999999	-1.29E-11	3.836933
-4.60001	-1.36E-11	3.860222	0.0999997	-1.32E-11	3.860222
-4.50001	-1.29E-11	3.883524	0.0999999	-1.28E-11	3.883524
-4.40001	-1.07E-11	3.906726	0.0999998	-1.33E-11	3.906726
-4.3	-1.21E-11	3.930016	0.0999997	-1.3E-11	3.930016
-4.20001	-1.19E-11	3.953309	0.1	-1.36E-11	3.953309
-4.10001	-1.14E-11	3.9766	0.0999999	-1.33E-11	3.9766
-4.00001	-1.1E-11	3.999896	0.0999996	-1.33E-11	3.999896
-3.90001	-8.5E-12	4.023104	0.0999997	-1.34E-11	4.023104
-3.80001	-8.4E-12	4.046347	0.0999997	-1.34E-11	4.046347
-3.70001	-2.9E-11	4.105552	0.0999999	-1.19E-11	4.105552
-3.60001	-1.09E-11	4.128901	0.0999999	-1.39E-11	4.128901
-3.50001	-9.9E-12	4.152192	0.0999998	-1.35E-11	4.152192
-3.40001	-6.7E-12	4.175402	0.0999997	-1.36E-11	4.175402
-3.30001	-5.9E-12	4.198662	0.1	-1.41E-11	4.198662
-3.20001	-7.3E-12	4.221949	0.0999997	-1.39E-11	4.221949
-3.10001	-6.7E-12	4.245219	0.0999999	-1.4E-11	4.245219
-3.00001	-4.2E-12	4.268529	0.1	-1.4E-11	4.268529
-2.90001	-5.2E-12	4.291829	0.1	-1.36E-11	4.291829
-2.80001	-4.1E-12	4.315105	0.0999998	-1.41E-11	4.315105
-2.70001	-2.2E-12	4.338311	0.1	-1.4E-11	4.338311
-2.60001	-1.1E-12	4.361512	0.0999997	-1.42E-11	4.361512
-2.50001	-2.3E-12	4.384817	0.0999999	-1.27E-11	4.384817
-2.40001	-1.3E-12	4.408108	0.1	-5.5E-12	4.408108
-2.30001	7E-13	4.431317	0.0999997	3.55E-11	4.431317
-2.20001	1.2E-12	4.454588	0.0999999	2.232E-10	4.454588
-2.099999	-1.45E-11	4.479702	0.1000004	9.841E-10	4.479702
-2	1.7E-12	4.503001	0.1000009	3.5806E-09	4.503001
-1.9	4E-12	4.526194	0.1000024	1.10053E-08	4.526194
-1.8	5.2E-12	4.549421	0.1000034	2.88003E-08	4.549421
-1.700001	-1.54E-11	4.606899	0.1000063	6.36274E-08	4.606899
-1.600001	-1.6E-11	4.646375	0.1	1.27824E-07	4.646375
-1.5	-1E-11	4.670916	0.1000004	2.34706E-07	4.670916
-1.4	-7.7E-12	4.695465	0.1000005	3.89327E-07	4.695465
-1.3	-7.1E-12	4.719973	0.1000007	5.99148E-07	4.719973
-1.200001	-5.8E-12	4.744496	0.1000008	8.6701E-07	4.744496
-1.100001	-9.7E-12	4.779297	0.0999999	1.18803E-06	4.779297
-1	-4.2E-12	4.803823	0.1000001	1.57528E-06	4.803823
-0.9	-2.7E-12	4.828326	0.1000002	2.01448E-06	4.828326
-0.8	-1.4E-12	4.852853	0.1	2.50299E-06	4.852853
-0.700001	6E-13	4.877403	0.0999999	3.03479E-06	4.877403
-0.6	1.6E-12	4.90198	0.1000002	3.60475E-06	4.90198
-0.500001	3.8E-12	4.926499	0.0999999	4.20622E-06	4.926499
-0.4	5.3E-12	4.950993	0.1000001	4.83622E-06	4.950993
-0.3	6.6E-12	4.975574	0.1000001	5.4894E-06	4.975574
-0.1999999	4.7E-12	5.002015	0.0999999	6.16163E-06	5.002015
-0.0999998	9.6E-12	5.026532	0.1	6.85163E-06	5.026532
2E-07	1.15E-11	5.051055	0.1	7.55396E-06	5.051055
0.1000001	6.6E-12	5.115363	0.1	8.25657E-06	5.115363
0.2000004	1.32E-11	5.139871	0.1000003	8.98455E-06	5.139871
0.299999	1.56E-11	5.164619	0.1000002	9.71914E-06	5.164619
0.4	1.75E-11	5.189143	0.1000001	1.04611E-05	5.189143
0.499999	1.53E-11	5.223799	0.1000001	1.11998E-05	5.223799
0.6	2.12E-11	5.248316	0.1	1.19583E-05	5.248316
0.7	2.36E-11	5.272908	0.1000001	1.27208E-05	5.272908
0.799999	2.54E-11	5.297466	0.1000001	1.34892E-05	5.297466
0.899999	2.74E-11	5.322005	0.0999999	1.42627E-05	5.322005
0.999999	2.91E-11	5.346534	0.1000002	1.50406E-05	5.346534
1.1	3.13E-11	5.371035	0.1000001	1.58222E-05	5.371035
1.2	3.32E-11	5.395549	0.1000002	1.66068E-05	5.395549
1.3	3.46E-11	5.420093	0.1000004	1.73942E-05	5.420093
1.4	3.57E-11	5.44459	0.1	1.81833E-05	5.44459
1.5	3.7E-11	5.469159	0.1000001	1.89747E-05	5.469159
1.599999	3.85E-11	5.493673	0.1	1.97678E-05	5.493673
1.699999	3.92E-11	5.518189	0.1	2.05618E-05	5.518189
1.8	4.01E-11	5.542848	0.1000001	2.13568E-05	5.542848
1.899999	4.06E-11	5.567396	0.1000001	2.21532E-05	5.567396
1.999999	3.5E-11	5.614233	0.0999999	2.29414E-05	5.614233
2.099999	4.05E-11	5.638784	0.1000001	2.37435E-05	5.638784
2.19999	4.16E-11	5.663496	0.1000002	2.45384E-05	5.663496
2.29999	4.23E-11	5.688006	0.1000002	2.53395E-05	5.688006
2.39999	4.29E-11	5.71258	0.1	2.61413E-05	5.71258
2.49999	4.39E-11	5.737116	0.1000003	2.69431E-05	5.737116
2.59999	4.4E-11	5.761743	0.1	2.77468E-05	5.761743
2.69999	4.47E-11	5.786292	0.1	2.85503E-05	5.786292
2.79999	4.56E-11	5.810817	0.1000002	2.93548E-05	5.810817
2.89999	4.55E-11	5.835331	0.1000001	3.01602E-05	5.835331
2.99999	4.63E-11	5.859842	0.1000002	3.09656E-05	5.859842
3.09999	4.64E-11	5.884376	0.1000001	3.17722E-05	5.884376
3.19999	4.73E-11	5.908921	0.1000001	3.25796E-05	5.908921
3.29999	4.75E-11	5.933418	0.0999999	3.3387E-05	5.933418
3.39999	4.78E-11	5.957929	0.1	3.41963E-05	5.957929
3.49999	4.75E-11	5.982446	0.1000001	3.50058E-05	5.982446
3.59999	4.8E-11	6.007041	0.1000002	3.58159E-05	6.007041
3.69999	4.86E-11	6.031562	0.1	3.66275E-05	6.031562
3.79999	4.9E-11	6.056085	0.0999999	3.74397E-05	6.056085
3.89999	4.24E-11	6.112978	0.0999998	3.82413E-05	6.112978
3.99999	4.71E-11	6.137553	0.1000002	3.90583E-05	6.137553
4.09999	4.77E-11	6.162136	0.0999999	3.98745E-05	6.162136
4.19999	4.89E-11	6.186664	0.1000002	4.06912E-05	6.186664
4.29999	4.94E-11	6.211226	0.1000002	4.15082E-05	6.211226
4.39999	4.97E-11	6.235736	0.1000003	4.23249E-05	6.235736
4.49999	4.96E-11	6.260277	0.0999997	4.31437E-05	6.260277
4.59999	4.95E-11	6.284887	0.1000001	4.39627E-05	6.284887
4.69999	5.01E-11	6.309491	0.1000001	4.47823E-05	6.309491
4.79999	5.09E-11	6.334027	0.1	4.56033E-05	6.334027
4.89999	5.07E-11	6.35859	0.1	4.64254E-05	6.35859
4.99999	5.07E-11	6.38312	0.1000004	4.72474E-05	6.38312
5.09999	5.13E-11	6.407641	0.1000003	4.80709E-05	6.407641
5.19999	5.14E-11	6.432188	0.1000002	4.88955E-05	6.432188
5.29999	5.16E-11	6.456759	0.1000001	4.97212E-05	6.456759
5.39999	5.17E-11	6.481306	0.1000003	5.0547E-05	6.481306
5.49999	5.16E-11	6.505851	0.1000001	5.13736E-05	6.505851
5.59999	5.24E-11	6.530355	0.1000001	5.22017E-05	6.530355
5.69999	5.27E-11	6.554885	0.1000002	5.30315E-05	6.554885
5.79999	4.6E-11	6.614367	0.1000002	5.38512E-05	6.614367
5.89999	5.07E-11	6.638914	0.1000001	5.4685E-05	6.638914
5.99999	5.15E-11	6.66344	0.1000001	5.55183E-05	6.66344
6.09999	5.22E-11	6.687956	0.1	5.63524E-05	6.687956
6.19999	5.18E-11	6.712577	0.1000002	5.71873E-05	6.712577
6.29999	5.28E-11	6.737119	0.1	5.80226E-05	6.737119
6.39999	5.34E-11	6.761622	0.1000002	5.88589E-05	6.761622
6.49999	5.29E-11	6.786296	0.1	5.96967E-05	6.786296
6.59999	5.32E-11	6.810807	0.1000003	6.05356E-05	6.810807
6.69999	5.34E-11	6.835324	0.1000003	6.13745E-05	6.835324
6.79999	5.4E-11	6.85983	0.1000001	6.22153E-05	6.85983
6.89999	5.37E-11	6.884351	0.1000001	6.30574E-05	6.884351
6.99999	5.4E-11	6.908862	0.1000002	6.39002E-05	6.908862
7.09999	5.43E-11	6.933381	0.1000001	6.47434E-05	6.933381
7.19999	5.48E-11	6.957886	0.1000001	6.55877E-05	6.957886
7.29999	5.53E-11	6.98249	0.1	6.64331E-05	6.98249
7.39999	5.5E-11	7.007001	0.1	6.72795E-05	7.007001
7.49999	5.49E-11	7.031529	0.0999999	6.81274E-05	7.031529
7.59999	5.55E-11	7.056055	0.1	6.89757E-05	7.056055
7.69999	4.81E-11	7.116187	0.1	6.98155E-05	7.116187
7.79999	5.35E-11	7.140762	0.1000002	7.06704E-05	7.140762
7.89999	5.44E-11	7.16529	0.0999998	7.15225E-05	7.16529
7.99999	5.47E-11	7.189806	0.0999998	7.23764E-05	7.189806
8.09999	5.45E-11	7.214373	0.0999999	7.32313E-05	7.214373
8.19999	5.48E-11	7.2389	0.1000002	7.40871E-05	7.2389
8.29999	5.53E-11	7.263435	0.1000001	7.49441E-05	7.263435
8.39999	5.56E-11	7.288055	0.1000002	7.58009E-05	7.288055
8.49999	5.62E-11	7.312573	0.1	7.666E-05	7.312573
8.59999	5.57E-11	7.337124	0.1000002	7.75202E-05	7.337124
8.69999	5.65E-11	7.361638	0.1000001	7.83798E-05	7.361638
8.79999	5.62E-11	7.386143	0.1000001	7.92425E-05	7.386143
8.89999	5.64E-11	7.410685	0.0999999	8.01059E-05	7.410685
8.99999	5.64E-11	7.435212	0.1000001	8.09684E-05	7.435212
9.09999	5.62E-11	7.459789	0.0999999	8.18326E-05	7.459789
9.19999	5.63E-11	7.484296	0.1000002	8.26996E-05	7.484296
9.29999	5.64E-11	7.508933	0.1000003	8.3564E-05	7.508933
9.39999	5.68E-11	7.533449	0.1000002	8.44357E-05	7.533449
9.49999	5.69E-11	7.558004	0.1000003	8.53057E-05	7.558004
9.59999	5.06E-11	7.617391	0.1000003	8.61707E-05	7.617391
9.69999	5.53E-11	7.641921	0.0999997	8.70459E-05	7.641921
9.79999	5.57E-11	7.666468	0.1	8.79226E-05	7.666468
9.89999	5.67E-11	7.690992	0.0999999	8.87968E-05	7.690992
9.99999	5.68E-11	7.715539	0.1000001	8.96723E-05	7.715539
9.9	4.32E-11	7.74006	0.1000001	8.87817E-05	7.74006
9.8	4.02E-11	7.764559	0.1	8.78975E-05	7.764559
9.7	3.8E-11	7.789228	0.0999998	8.70142E-05	7.789228
9.6	3.58E-11	7.813748	0.0999999	8.6134E-05	7.813748
9.5	3.44E-11	7.838268	0.0999998	8.52556E-05	7.838268
9.4	3.33E-11	7.862769	0.0999999	8.43792E-05	7.862769
9.3	3.22E-11	7.88731	0.1000003	8.35025E-05	7.88731
9.2	3.1E-11	7.911831	0.1000001	8.26282E-05	7.911831
9.1	3.08E-11	7.936366	0.0999998	8.17553E-05	7.936366
9	3.02E-11	7.960898	0.1000002	8.08846E-05	7.960898
8.9	2.95E-11	7.985434	0.0999998	8.00173E-05	7.985434
8.8	2.87E-11	8.009946	0.0999997	7.91461E-05	8.009946
8.7	2.78E-11	8.034469	0.0999999	7.82764E-05	8.034469
8.6	2.71E-11	8.05903	0.1	7.74067E-05	8.05903
8.5	3.29E-11	8.118855	0.1	7.65422E-05	8.118855
8.4	2.76E-11	8.143463	0.0999999	7.56742E-05	8.143463
8.3	2.67E-11	8.167989	0.0999998	7.48082E-05	8.167989
8.2	2.55E-11	8.192524	0.0999998	7.39442E-05	8.192524
8.1	2.58E-11	8.217113	0.0999998	7.3081E-05	8.217113
8	2.46E-11	8.241645	0.1000001	7.22196E-05	8.241645
7.9	2.39E-11	8.266175	0.0999999	7.13594E-05	8.266175
7.8	2.41E-11	8.290793	0.1	7.05E-05	8.290793
7.7	2.37E-11	8.315337	0.1	6.96416E-05	8.315337
7.6	2.3E-11	8.339897	0.0999999	6.87838E-05	8.339897
7.5	2.19E-11	8.364407	0.0999998	6.79271E-05	8.364407
7.4	2.18E-11	8.388953	0.1	6.70728E-05	8.388953
7.3	2.21E-11	8.413502	0.1000001	6.62174E-05	8.413502
7.2	2.1E-11	8.438023	0.1000001	6.5364E-05	8.438023
7.1	2.08E-11	8.462609	0.1	6.4513E-05	8.462609
7	2.02E-11	8.487115	0.0999999	6.3662E-05	8.487115
6.9	2.03E-11	8.511644	0.1000002	6.28109E-05	8.511644
6.8	1.96E-11	8.536156	0.1	6.19616E-05	8.536156
6.7	1.89E-11	8.560693	0.0999998	6.11136E-05	8.560693
6.6	2.6E-11	8.62042	0.1000002	6.02727E-05	8.62042
6.5	2.08E-11	8.644955	0.0999997	5.94249E-05	8.644955
6.4	1.97E-11	8.669492	0.1	5.85788E-05	8.669492
6.3	1.9E-11	8.694017	0.1	5.77346E-05	8.694017
6.2	1.84E-11	8.718601	0.0999999	5.68906E-05	8.718601
6.1	1.78E-11	8.743142	0.1	5.60478E-05	8.743142
6	1.76E-11	8.767659	0.0999997	5.52061E-05	8.767659
5.9	1.78E-11	8.792458	0.0999999	5.4365E-05	8.792458
5.8	1.66E-11	8.816993	0.1000001	5.35256E-05	8.816993
5.7	1.6E-11	8.84151	0.1000002	5.2686E-05	8.84151
5.6	1.54E-11	8.86603	0.1	5.18482E-05	8.86603
5.5	1.5E-11	8.89054	0.1000002	5.10116E-05	8.89054
5.4	1.48E-11	8.915055	0.1000001	5.0176E-05	8.915055
5.3	1.45E-11	8.939596	0.0999999	4.93405E-05	8.939596
5.2	1.39E-11	8.964128	0.1000002	4.85066E-05	8.964128
5.1	1.35E-11	8.988677	0.0999999	4.76739E-05	8.988677
5	1.29E-11	9.013199	0.1	4.68426E-05	9.013199
4.9	1.28E-11	9.037722	0.1	4.60104E-05	9.037722
4.8	1.27E-11	9.062287	0.1000001	4.51795E-05	9.062287
4.7	1.82E-11	9.121725	0.1	4.43557E-05	9.121725
4.6	1.3E-11	9.146289	0.1	4.35265E-05	9.146289
4.5	1.18E-11	9.170807	0.1	4.26984E-05	9.170807
4.4	1.2E-11	9.195336	0.1	4.18707E-05	9.195336
4.3	1.1E-11	9.219934	0.0999999	4.10456E-05	9.219934
4.2	1E-11	9.244472	0.1	4.02211E-05	9.244472
4.1	9.4E-12	9.268985	0.0999998	3.93969E-05	9.268985
4	8.9E-12	9.293603	0.0999999	3.85731E-05	9.293603
3.9	8.7E-12	9.318129	0.0999997	3.77505E-05	9.318129
3.8	7.5E-12	9.342736	0.1	3.69296E-05	9.342736
3.7	6.7E-12	9.367244	0.0999999	3.61091E-05	9.367244
3.6	6.5E-12	9.391765	0.1	3.52897E-05	9.391765
3.5	6E-12	9.416276	0.0999998	3.44711E-05	9.416276
3.4	4.9E-12	9.440795	0.0999999	3.3654E-05	9.440795
3.3	4.1E-12	9.465369	0.1000001	3.28376E-05	9.465369
3.2	3.3E-12	9.489881	0.1000001	3.20216E-05	9.489881
3.1	3.4E-12	9.5144	0.1000001	3.12068E-05	9.5144
3	2.5E-12	9.538992	0.1	3.03935E-05	9.538992
2.9	1.8E-12	9.563571	0.0999999	2.95803E-05	9.563571
2.8	8.7E-12	9.62614	0.1000002	2.87741E-05	9.62614
2.7	2.3E-12	9.650711	0.0999998	2.79628E-05	9.650711
2.6	1.1E-12	9.675307	0.0999999	2.7153E-05	9.675307
2.5	-3E-13	9.699836	0.0999999	2.63439E-05	9.699836
2.4	2E-12	9.726038	0.0999998	2.55368E-05	9.726038
2.3	-2.4E-12	9.750564	0.1000001	2.47303E-05	9.750564
2.2	-3E-12	9.775099	0.0999998	2.39257E-05	9.775099
2.099999	-7E-13	9.801573	0.1	2.31304E-05	9.801573
2	-5.5E-12	9.826104	0.0999999	2.23281E-05	9.826104
1.9	-6.2E-12	9.850632	0.0999999	2.1528E-05	9.850632
1.8	-7.4E-12	9.87514	0.0999998	2.07299E-05	9.87514
1.7	-8.6E-12	9.899637	0.1000001	1.99335E-05	9.899637
1.6	-1.01E-11	9.92417	0.0999999	1.91394E-05	9.92417
1.5	-1.11E-11	9.948762	0.0999998	1.83469E-05	9.948762
1.4	-1.25E-11	9.973278	0.0999999	1.75579E-05	9.973278
1.3	-1.36E-11	9.997816	0.1	1.67714E-05	9.997816
1.2	-1.52E-11	10.022319	0.0999997	1.59885E-05	10.022319
1.1	-1.7E-11	10.046821	0.1	1.52091E-05	10.046821
1	-1.83E-11	10.071357	0.1000001	1.44349E-05	10.071357
0.9	-1.34E-11	10.125302	0.0999999	1.36707E-05	10.125302
0.8	-1.99E-11	10.149903	0.0999998	1.29057E-05	10.149903
0.7	-2.24E-11	10.174466	0.0999997	1.21485E-05	10.174466
0.6	-2.46E-11	10.198997	0.1000001	1.13986E-05	10.198997
0.5	-2.69E-11	10.223566	0.0999998	1.06572E-05	10.223566
0.4	-2.94E-11	10.248079	0.0999999	9.9238E-06	10.248079
0.3	-3.17E-11	10.272596	0.0999999	9.1989E-06	10.272596
0.1999999	-2.95E-11	10.301686	0.0999999	8.49016E-06	10.301686
0.0999994	-3.58E-11	10.326173	0.0999997	7.78357E-06	10.326173
-4E-07	-3.84E-11	10.350637	0.0999996	7.08816E-06	10.350637
#scan	iMeasureCycle=2	iMux=0	time=279.691	N=401	LocalTime=19/04/2023 20:00:18
#VGate(V)	IGate(A)	time(s)	VDrain(V)	IDrain(A)	time(s)
-2E-07	-1.68E-11	279.698768	0.0999997	7.25712E-06	279.698768
-0.1000004	-2.44E-11	279.723642	0.1000001	6.55675E-06	279.723642
-0.2000001	-2.62E-11	279.749276	0.0999999	5.87342E-06	279.749276
-0.3	-3.2E-11	279.774024	0.0999999	5.20691E-06	279.774024
-0.4	-3.5E-11	279.798554	0.1	4.56256E-06	279.798554
-0.5	-3.72E-11	279.823187	0.0999999	3.94423E-06	279.823187
-0.6	-4.03E-11	279.847659	0.1	3.3548E-06	279.847659
-0.7	-4.15E-11	279.872221	0.0999999	2.79993E-06	279.872221
-0.8	-4.32E-11	279.896754	0.0999998	2.28567E-06	279.896754
-0.9	-4.47E-11	279.921312	0.0999997	1.81718E-06	279.921312
-1	-4.64E-11	279.945851	0.0999998	1.40025E-06	279.945851
-1.1	-4.75E-11	279.970396	0.1	1.03847E-06	279.970396
-1.2	-4.5E-11	279.997722	0.0999997	7.37192E-07	279.997722
-1.3	-4.98E-11	280.02222	0.0999996	4.93422E-07	280.02222
-1.4	-5.07E-11	280.046804	0.0999996	3.08425E-07	280.046804
-1.5	-5.12E-11	280.071343	0.0999998	1.77166E-07	280.071343
-1.6	-4.57E-11	280.108978	0.099994	9.30424E-08	280.108978
-1.700001	-6.64E-11	280.132192	0.1000102	4.23397E-08	280.132192
-1.800001	-6.79E-11	280.1554	0.1000046	1.68061E-08	280.1554
-1.900001	-6.7E-11	280.178688	0.1000017	5.6961E-09	280.178688
-2.000001	-6.75E-11	280.202071	0.1000006	1.635E-09	280.202071
-2.099999	-4.75E-11	280.266255	0.0999998	4.284E-10	280.266255
-2.2	-6.8E-11	280.289713	0.1000003	8.08E-11	280.289713
-2.3	-6.76E-11	280.313003	0.1000001	6.7E-12	280.313003
-2.4	-6.86E-11	280.336272	0.1000002	-7.4E-12	280.336272
-2.5	-7.06E-11	280.359567	0.1000002	-9.2E-12	280.359567
-2.6	-7.16E-11	280.382825	0.1000002	-9.6E-12	280.382825
-2.7	-7.06E-11	280.406116	0.1	-9.5E-12	280.406116
-2.8	-7.11E-11	280.429402	0.1	-9.5E-12	280.429402
-2.9	-7.28E-11	280.452678	0.1000003	-9.4E-12	280.452678
-3	-7.39E-11	280.475889	0.1	-9.3E-12	280.475889
-3.1	-7.27E-11	280.499177	0.1000001	-9.6E-12	280.499177
-3.2	-7.52E-11	280.522378	0.1000001	-9.7E-12	280.522378
-3.3	-7.53E-11	280.54559	0.1000003	-9.4E-12	280.54559
-3.4	-7.51E-11	280.568825	0.1	-9.5E-12	280.568825
-3.5	-7.41E-11	280.592113	0.1000001	-9.5E-12	280.592113
-3.6	-7.43E-11	280.615389	0.1000003	-9.5E-12	280.615389
-3.7	-7.64E-11	280.638601	0.1	-8.7E-12	280.638601
-3.8	-7.64E-11	280.661821	0.1000002	-9.4E-12	280.661821
-3.9	-7.55E-11	280.685116	0.1	-9.1E-12	280.685116
-4	-7.54E-11	280.708453	0.1	-9.3E-12	280.708453
-4.1	-5.62E-11	280.762223	0.1000001	-1.1E-11	280.762223
-4.2	-7.46E-11	280.785535	0.1000002	-9.3E-12	280.785535
-4.3	-7.62E-11	280.808754	0.1	-9.2E-12	280.808754
-4.4	-7.71E-11	280.832	0.1000001	-9.3E-12	280.832
-4.5	-7.53E-11	280.855387	0.1000001	-9.3E-12	280.855387
-4.6	-7.62E-11	280.878695	0.1000001	-9.4E-12	280.878695
-4.7	-7.86E-11	280.901894	0.1000001	-9.2E-12	280.901894
-4.8	-7.9E-11	280.925106	0.1000001	-9.1E-12	280.925106
-4.9	-7.76E-11	280.948417	0.1	-9.4E-12	280.948417
-5	-7.65E-11	280.971772	0.1000002	-9.3E-12	280.971772
-5.1	-7.92E-11	280.995015	0.1	-9.1E-12	280.995015
-5.2	-8.01E-11	281.018229	0.1000002	-9.2E-12	281.018229
-5.3	-7.83E-11	281.041567	0.1	-9.1E-12	281.041567
-5.4	-7.99E-11	281.064798	0.1000002	-8.6E-12	281.064798
-5.5	-8.07E-11	281.088012	0.1000002	-8.9E-12	281.088012
-5.6	-8.09E-11	281.111218	0.1000003	-8.9E-12	281.111218
-5.7	-7.96E-11	281.134507	0.1000001	-9.2E-12	281.134507
-5.8	-8.16E-11	281.157715	0.1000003	-8.8E-12	281.157715
-5.9	-8.17E-11	281.180942	0.1000001	-8.9E-12	281.180942
-6	-8.24E-11	281.204246	0.1000002	-9E-12	281.204246
-6.1	-6.08E-11	281.263591	0.0999998	-1.05E-11	281.263591
-6.2	-7.92E-11	281.28692	0.1	-8.5E-12	281.28692
-6.3	-8.12E-11	281.310144	0.1000003	-8.9E-12	281.310144
-6.4	-8.18E-11	281.333357	0.1000001	-8.9E-12	281.333357
-6.5	-8.09E-11	281.356707	0.1000001	-8.8E-12	281.356707
-6.6	-8.22E-11	281.379976	0.1000002	-8.9E-12	281.379976
-6.7	-8.3E-11	281.403192	0.1000001	-8.6E-12	281.403192
-6.8	-8.33E-11	281.426412	0.1000002	-8.8E-12	281.426412
-6.9	-8.19E-11	281.449721	0.1000001	-8.7E-12	281.449721
-7	-8.15E-11	281.473035	0.1000001	-8.9E-12	281.473035
-7.1	-8.4E-11	281.496261	0.1000001	-8.6E-12	281.496261
-7.2	-8.26E-11	281.519561	0.1000002	-8.7E-12	281.519561
-7.3	-8.21E-11	281.542842	0.1000001	-8.7E-12	281.542842
-7.4	-8.37E-11	281.566048	0.1	-8.5E-12	281.566048
-7.5	-8.35E-11	281.589302	0.1000002	-8.6E-12	281.589302
-7.6	-8.19E-11	281.612642	0.1000001	-8.7E-12	281.612642
-7.7	-8.33E-11	281.63593	0.1	-8.7E-12	281.63593
-7.8	-8.43E-11	281.659163	0.1000002	-8.8E-12	281.659163
-7.9	-8.54E-11	281.682388	0.1000001	-8.6E-12	281.682388
-8	-8.38E-11	281.705728	0.1	-8.9E-12	281.705728
-8.1	-6.37E-11	281.76506	0.0999999	-1E-11	281.76506
-8.2	-8.34E-11	281.788297	0.1000001	-8.2E-12	281.788297
-8.3	-8.36E-11	281.811598	0.1000001	-8.2E-12	281.811598
-8.4	-8.29E-11	281.834896	0.1000001	-8.8E-12	281.834896
-8.5	-8.38E-11	281.858233	0.1	-8.6E-12	281.858233
-8.6	-8.49E-11	281.881489	0.1000002	-8.3E-12	281.881489
-8.7	-8.58E-11	281.904717	0.1000002	-8.5E-12	281.904717
-8.8	-8.42E-11	281.92801	0.1000001	-8.4E-12	281.92801
-8.9	-8.41E-11	281.951324	0.1	-8.6E-12	281.951324
-9	-8.67E-11	281.97454	0.1	-8.4E-12	281.97454
-9.1	-8.66E-11	281.997759	0.1000001	-8.5E-12	281.997759
-9.2	-8.45E-11	282.021045	0.1000002	-8.5E-12	282.021045
-9.3	-8.69E-11	282.044312	0.1000001	-8.7E-12	282.044312
-9.4	-8.71E-11	282.067525	0.1000002	-8E-12	282.067525
-9.5	-8.73E-11	282.090753	0.1000001	-8.1E-12	282.090753
-9.6	-8.58E-11	282.114046	0.1	-8.4E-12	282.114046
-9.7	-8.55E-11	282.13733	0.1	-9E-12	282.13733
-9.8	-8.77E-11	282.160551	0.1000002	-8.2E-12	282.160551
-9.9	-8.77E-11	282.183768	0.1000001	-8.2E-12	282.183768
-10	-8.77E-11	282.207062	0.1000002	-8.4E-12	282.207062
-9.90001	-6.19E-11	282.266825	0.1000001	-1E-11	282.266825
-9.80001	-4.03E-11	282.290062	0.0999998	-1.18E-11	282.290062
-9.70001	-3.99E-11	282.313346	0.0999997	-1.16E-11	282.313346
-9.60001	-3.82E-11	282.336627	0.0999996	-1.2E-11	282.336627
-9.50001	-3.53E-11	282.359886	0.0999997	-1.16E-11	282.359886
-9.40001	-3.41E-11	282.38314	0.0999997	-1.21E-11	282.38314
-9.30001	-3.49E-11	282.406439	0.0999997	-1.19E-11	282.406439
-9.20001	-3.2E-11	282.429653	0.0999997	-1.21E-11	282.429653
-9.10001	-3.09E-11	282.452892	0.0999998	-1.23E-11	282.452892
-9.00001	-3.02E-11	282.476184	0.0999997	-1.23E-11	282.476184
-8.90001	-3.1E-11	282.499479	0.0999999	-1.18E-11	282.499479
-8.80001	-2.89E-11	282.522687	0.0999997	-1.2E-11	282.522687
-8.70001	-2.79E-11	282.545901	0.0999997	-1.2E-11	282.545901
-8.60001	-2.72E-11	282.569102	0.0999995	-1.18E-11	282.569102
-8.50001	-2.85E-11	282.592391	0.0999996	-1.18E-11	282.592391
-8.40001	-2.82E-11	282.615673	0.0999997	-1.2E-11	282.615673
-8.30001	-2.58E-11	282.638883	0.0999997	-1.22E-11	282.638883
-8.20001	-2.71E-11	282.66218	0.0999998	-1.18E-11	282.66218
-8.10001	-2.68E-11	282.685468	0.0999997	-1.21E-11	282.685468
-8	-2.5E-11	282.708753	0.0999997	-1.22E-11	282.708753
-7.90001	-4.52E-11	282.767976	0.0999999	-1.05E-11	282.767976
-7.80001	-2.66E-11	282.79127	0.0999997	-1.24E-11	282.79127
-7.70001	-2.59E-11	282.814556	0.0999996	-1.2E-11	282.814556
-7.60001	-2.39E-11	282.837777	0.0999997	-1.25E-11	282.837777
-7.50001	-2.31E-11	282.861057	0.0999999	-1.26E-11	282.861057
-7.40001	-2.25E-11	282.884287	0.0999996	-1.23E-11	282.884287
-7.30001	-2.37E-11	282.907576	0.0999999	-1.22E-11	282.907576
-7.2	-2.31E-11	282.930858	0.0999999	-1.21E-11	282.930858
-7.10001	-2.11E-11	282.954104	0.0999997	-1.2E-11	282.954104
-7.00001	-2.14E-11	282.977335	0.0999996	-1.22E-11	282.977335
-6.90001	-2.17E-11	283.000633	0.0999998	-1.22E-11	283.000633
-6.80001	-2.22E-11	283.02392	0.0999996	-1.24E-11	283.02392
-6.70001	-1.91E-11	283.047199	0.0999997	-1.23E-11	283.047199
-6.60001	-1.85E-11	283.070408	0.0999998	-1.25E-11	283.070408
-6.50001	-2.05E-11	283.093705	0.0999997	-1.25E-11	283.093705
-6.40001	-2E-11	283.11699	0.0999998	-1.24E-11	283.11699
-6.30001	-1.76E-11	283.140197	0.0999999	-1.26E-11	283.140197
-6.20001	-1.9E-11	283.163486	0.0999999	-1.3E-11	283.163486
-6.10001	-1.89E-11	283.18677	0.0999998	-1.26E-11	283.18677
-6.00001	-1.71E-11	283.210098	0.0999996	-1.22E-11	283.210098
-5.90001	-3.74E-11	283.269471	0.1	-1.09E-11	283.269471
-5.80001	-1.76E-11	283.292708	0.0999998	-1.27E-11	283.292708
-5.70001	-1.85E-11	283.316004	0.0999997	-1.23E-11	283.316004
-5.60001	-1.59E-11	283.339203	0.0999997	-1.23E-11	283.339203
-5.50001	-1.51E-11	283.362475	0.0999996	-1.25E-11	283.362475
-5.40001	-1.7E-11	283.385906	0.0999998	-1.25E-11	283.385906
-5.30001	-1.67E-11	283.409192	0.0999996	-1.25E-11	283.409192
-5.20001	-1.35E-11	283.432396	0.0999996	-1.3E-11	283.432396
-5.1	-1.29E-11	283.455628	0.1	-1.29E-11	283.455628
-5.00001	-1.43E-11	283.478922	0.0999998	-1.29E-11	283.478922
-4.90001	-1.4E-11	283.50223	0.0999999	-1.28E-11	283.50223
-4.80001	-1.19E-11	283.525435	0.0999997	-1.36E-11	283.525435
-4.7	-1.16E-11	283.548647	0.0999998	-1.33E-11	283.548647
-4.60001	-1.29E-11	283.571933	0.0999996	-1.25E-11	283.571933
-4.50001	-1.29E-11	283.595232	0.0999996	-1.32E-11	283.595232
-4.40001	-1.04E-11	283.618441	0.0999994	-1.35E-11	283.618441
-4.3	-1.2E-11	283.641728	0.0999998	-1.31E-11	283.641728
-4.20001	-1.13E-11	283.665015	0.0999998	-1.28E-11	283.665015
-4.10001	-8.6E-12	283.688246	0.0999996	-1.33E-11	283.688246
-4.00001	-8.4E-12	283.711523	0.0999997	-1.32E-11	283.711523
-3.90001	-2.92E-11	283.770684	0.1	-1.18E-11	283.770684
-3.80001	-9.1E-12	283.793909	0.0999997	-1.31E-11	283.793909
-3.70001	-9.8E-12	283.817277	0.0999999	-1.32E-11	283.817277
-3.60001	-7E-12	283.840486	0.0999997	-1.36E-11	283.840486
-3.50001	-6.6E-12	283.863756	0.0999996	-1.35E-11	283.863756
-3.40001	-7.6E-12	283.887053	0.0999999	-1.33E-11	283.887053
-3.30001	-6.9E-12	283.910353	0.0999999	-1.31E-11	283.910353
-3.20001	-5.5E-12	283.933583	0.0999997	-1.34E-11	283.933583
-3.10001	-4.6E-12	283.956844	0.0999997	-1.36E-11	283.956844
-3.00001	-5.1E-12	283.980144	0.0999998	-1.36E-11	283.980144
-2.90001	-4.3E-12	284.003431	0.0999998	-1.34E-11	284.003431
-2.80001	-2.2E-12	284.026653	0.0999998	-1.38E-11	284.026653
-2.70001	-3.2E-12	284.049995	0.0999998	-1.36E-11	284.049995
-2.60001	-2.4E-12	284.073263	0.0999996	-1.38E-11	284.073263
-2.50001	-2.4E-12	284.09657	0.0999998	-1.21E-11	284.09657
-2.40001	3E-13	284.119793	0.0999997	-7E-12	284.119793
-2.30001	1.6E-12	284.143003	0.0999998	2.52E-11	284.143003
-2.20001	5E-13	284.166287	0.0999998	1.798E-10	284.166287
-2.099999	-1.46E-11	284.191455	0.1000001	8.105E-10	284.191455
-2	3.6E-12	284.214753	0.1000007	3.0043E-09	284.214753
-1.900001	-1.74E-11	284.272336	0.1000011	9.0619E-09	284.272336
-1.8	1E-12	284.295748	0.1000035	2.50443E-08	284.295748
-1.7	4.5E-12	284.318963	0.1000022	5.8392E-08	284.318963
-1.600001	-1.57E-11	284.360759	0.1000001	1.16324E-07	284.360759
-1.5	-9.6E-12	284.385336	0.1000003	2.16494E-07	284.385336
-1.4	-8E-12	284.409834	0.1000006	3.63157E-07	284.409834
-1.3	-6.8E-12	284.434328	0.1000007	5.63108E-07	284.434328
-1.2	-5.2E-12	284.458847	0.1000007	8.20845E-07	284.458847
-1.100001	-9.7E-12	284.49345	0.1000001	1.13122E-06	284.49345
-1	-3.4E-12	284.517993	0.1	1.50662E-06	284.517993
-0.9	-2.4E-12	284.5425	0.1000001	1.93371E-06	284.5425
-0.8	-8E-13	284.56702	0.1000002	2.40899E-06	284.56702
-0.700001	8E-13	284.591529	0.1	2.92798E-06	284.591529
-0.6	1.6E-12	284.61606	0.1000002	3.48545E-06	284.61606
-0.500001	3.7E-12	284.640553	0.1000002	4.07525E-06	284.640553
-0.4	5.5E-12	284.665065	0.1000002	4.69379E-06	284.665065
-0.3	6.5E-12	284.689559	0.1000001	5.33605E-06	284.689559
-0.1999999	4.8E-12	284.716022	0.1	5.99775E-06	284.716022
-0.0999999	2.9E-12	284.777616	0.1	6.66684E-06	284.777616
3E-07	9.9E-12	284.802194	0.1000001	7.36429E-06	284.802194
0.1000003	1.2E-11	284.826688	0.0999999	8.07201E-06	284.826688
0.2000003	1.41E-11	284.851206	0.1000001	8.78968E-06	284.851206
0.299999	1.68E-11	284.875969	0.1000001	9.51615E-06	284.875969
0.4	1.82E-11	284.900489	0.1000002	1.025124E-05	284.900489
0.499999	1.51E-11	284.935113	0.1	1.09845E-05	284.935113
0.6	2.17E-11	284.959671	0.1000002	1.17372E-05	284.959671
0.7	2.43E-11	284.984161	0.1	1.24958E-05	284.984161
0.8	2.6E-11	285.008697	0.1000001	1.3261E-05	285.008697
0.9	2.78E-11	285.033235	0.1000002	1.40326E-05	285.033235
0.999999	2.94E-11	285.0578	0.1	1.48088E-05	285.0578
1.1	3.11E-11	285.082332	0.1000001	1.55905E-05	285.082332
1.199999	3.31E-11	285.10685	0.1000001	1.63755E-05	285.10685
1.3	3.44E-11	285.131384	0.1000001	1.71642E-05	285.131384
1.4	3.6E-11	285.155899	0.1000001	1.79557E-05	285.155899
1.5	3.72E-11	285.18039	0.1000001	1.87493E-05	285.18039
1.6	3.84E-11	285.204899	0.1	1.95451E-05	285.204899
1.699999	3.92E-11	285.229494	0.1000001	2.0343E-05	285.229494
1.799999	3.36E-11	285.276598	0.0999997	2.1137E-05	285.276598
1.9	3.94E-11	285.30113	0.1000001	2.19396E-05	285.30113
2	4.08E-11	285.325662	0.1000001	2.27428E-05	285.325662
2.099999	4.18E-11	285.350186	0.1	2.35473E-05	285.350186
2.19999	4.21E-11	285.374963	0.1000001	2.43454E-05	285.374963
2.29999	4.33E-11	285.399505	0.1000002	2.51506E-05	285.399505
2.39999	4.33E-11	285.424043	0.0999999	2.5958E-05	285.424043
2.49999	4.45E-11	285.448545	0.1000001	2.67643E-05	285.448545
2.59999	4.48E-11	285.473097	0.1000001	2.75727E-05	285.473097
2.69999	4.5E-11	285.497633	0.0999999	2.83812E-05	285.497633
2.79999	4.6E-11	285.52215	0.1000001	2.9191E-05	285.52215
2.89999	4.51E-11	285.54667	0.1	2.99998E-05	285.54667
2.99999	4.61E-11	285.57121	0.1	3.081E-05	285.57121
3.09999	4.63E-11	285.595722	0.1000002	3.1621E-05	285.595722
3.19999	4.72E-11	285.620213	0.0999999	3.24315E-05	285.620213
3.29999	4.73E-11	285.644717	0.1000002	3.32432E-05	285.644717
3.39999	4.74E-11	285.669238	0.1000001	3.40544E-05	285.669238
3.49999	4.79E-11	285.693733	0.1000002	3.48674E-05	285.693733
3.59999	4.8E-11	285.718292	0.1000002	3.56806E-05	285.718292
3.69999	4.14E-11	285.778342	0.0999999	3.64829E-05	285.778342
3.79999	4.62E-11	285.80288	0.1000001	3.73005E-05	285.80288
3.89999	4.73E-11	285.827603	0.1000001	3.8117E-05	285.827603
3.99999	4.79E-11	285.852112	0.1000001	3.89334E-05	285.852112
4.09999	4.87E-11	285.876713	0.1000002	3.97505E-05	285.876713
4.19999	4.89E-11	285.901227	0.1000001	4.05675E-05	285.901227
4.29999	4.95E-11	285.925702	0.1000002	4.13855E-05	285.925702
4.39999	5.01E-11	285.95021	0.1000004	4.22045E-05	285.95021
4.49999	5.01E-11	285.974728	0.1	4.30232E-05	285.974728
4.59999	5E-11	285.999248	0.1000003	4.38431E-05	285.999248
4.69999	5.02E-11	286.023784	0.0999998	4.46642E-05	286.023784
4.79999	5.06E-11	286.048362	0.1000002	4.54854E-05	286.048362
4.89999	5.14E-11	286.072869	0.1000001	4.63076E-05	286.072869
4.99999	5.11E-11	286.097414	0.0999999	4.71315E-05	286.097414
5.09999	5.09E-11	286.121935	0.0999999	4.79553E-05	286.121935
5.19999	5.1E-11	286.146479	0.0999998	4.8781E-05	286.146479
5.29999	5.16E-11	286.170995	0.1	4.96066E-05	286.170995
5.39999	5.18E-11	286.195546	0.1000001	5.04334E-05	286.195546
5.49999	5.21E-11	286.220146	0.1000001	5.12606E-05	286.220146
5.59999	4.52E-11	286.279522	0.1	5.20797E-05	286.279522
5.69999	5.02E-11	286.304038	0.1000003	5.29124E-05	286.304038
5.79999	5.04E-11	286.328664	0.1000003	5.37445E-05	286.328664
5.89999	5.14E-11	286.353166	0.0999999	5.45768E-05	286.353166
5.99999	5.17E-11	286.377759	0.1	5.54105E-05	286.377759
6.09999	5.28E-11	286.402266	0.1000001	5.6245E-05	286.402266
6.19999	5.22E-11	286.426787	0.1	5.7079E-05	286.426787
6.29999	5.3E-11	286.4513	0.1000001	5.7915E-05	286.4513
6.39999	5.28E-11	286.475868	0.0999999	5.87526E-05	286.475868
6.49999	5.33E-11	286.500365	0.1000004	5.95894E-05	286.500365
6.59999	5.39E-11	286.524915	0.1000003	6.04285E-05	286.524915
6.69999	5.37E-11	286.549414	0.1	6.12682E-05	286.549414
6.79999	5.3E-11	286.573974	0.0999998	6.21091E-05	286.573974
6.89999	5.41E-11	286.598484	0.0999999	6.29513E-05	286.598484
6.99999	5.44E-11	286.623004	0.0999999	6.37939E-05	286.623004
7.09999	5.45E-11	286.647517	0.1	6.46383E-05	286.647517
7.19999	5.49E-11	286.672032	0.1000001	6.54831E-05	286.672032
7.29999	5.5E-11	286.696535	0.1000001	6.63288E-05	286.696535
7.39999	5.48E-11	286.721106	0.1	6.71755E-05	286.721106
7.49999	4.78E-11	286.781074	0.1000002	6.80134E-05	286.781074
7.59999	5.29E-11	286.805584	0.1	6.88657E-05	286.805584
7.69999	5.37E-11	286.830116	0.1	6.97177E-05	286.830116
7.79999	5.45E-11	286.854652	0.1000002	7.05691E-05	286.854652
7.89999	5.47E-11	286.879236	0.0999999	7.14209E-05	286.879236
7.99999	5.48E-11	286.903753	0.1	7.22753E-05	286.903753
8.09999	5.52E-11	286.928291	0.1000002	7.313E-05	286.928291
8.19999	5.5E-11	286.952793	0.1000001	7.39851E-05	286.952793
8.29999	5.56E-11	286.977329	0.1000002	7.48423E-05	286.977329
8.39999	5.55E-11	287.001829	0.1000002	7.56996E-05	287.001829
8.49999	5.51E-11	287.026432	0.1	7.65577E-05	287.026432
8.59999	5.55E-11	287.051041	0.1000001	7.74175E-05	287.051041
8.69999	5.58E-11	287.075576	0.1	7.82781E-05	287.075576
8.79999	5.6E-11	287.100103	0.1000003	7.91409E-05	287.100103
8.89999	5.64E-11	287.124687	0.1	8.00031E-05	287.124687
8.99999	5.64E-11	287.149226	0.1000001	8.08667E-05	287.149226
9.09999	5.69E-11	287.173724	0.1000001	8.17327E-05	287.173724
9.19999	5.71E-11	287.198235	0.1	8.25988E-05	287.198235
9.29999	5.69E-11	287.222863	0.0999999	8.34627E-05	287.222863
9.39999	5.03E-11	287.282921	0.0999999	8.43281E-05	287.282921
9.49999	5.5E-11	287.307478	0.1	8.52019E-05	287.307478
9.59999	5.59E-11	287.331993	0.0999999	8.60762E-05	287.331993
9.69999	5.65E-11	287.356512	0.1	8.69489E-05	287.356512
9.79999	5.71E-11	287.381115	0.0999999	8.78244E-05	287.381115
9.89999	5.65E-11	287.405697	0.1000001	8.8699E-05	287.405697
9.99999	5.67E-11	287.430281	0.1000001	8.95755E-05	287.430281
9.9	4.32E-11	287.454797	0.1000003	8.86843E-05	287.454797
9.8	4.01E-11	287.479355	0.1000002	8.77989E-05	287.479355
9.7	3.69E-11	287.503865	0.0999998	8.69176E-05	287.503865
9.6	3.59E-11	287.528379	0.1	8.60374E-05	287.528379
9.5	3.38E-11	287.5529	0.1	8.51578E-05	287.5529
9.4	3.34E-11	287.577417	0.1000003	8.42815E-05	287.577417
9.3	3.21E-11	287.601979	0.0999999	8.34066E-05	287.601979
9.2	3.15E-11	287.626489	0.1	8.25318E-05	287.626489
9.1	3.01E-11	287.651002	0.1	8.16587E-05	287.651002
9	2.92E-11	287.675524	0.1	8.07863E-05	287.675524
8.9	2.92E-11	287.700052	0.0999998	7.99197E-05	287.700052
8.8	2.85E-11	287.724627	0.1	7.90484E-05	287.724627
8.7	3.42E-11	287.784059	0.1	7.81815E-05	287.784059
8.6	2.84E-11	287.808578	0.1000001	7.73103E-05	287.808578
8.5	2.75E-11	287.833181	0.0999999	7.64417E-05	287.833181
8.4	2.67E-11	287.857686	0.0999999	7.55758E-05	287.857686
8.3	2.59E-11	287.882251	0.1000002	7.47099E-05	287.882251
8.2	2.54E-11	287.90677	0.1	7.38457E-05	287.90677
8.1	2.45E-11	287.931278	0.1	7.29828E-05	287.931278
8	2.48E-11	287.955808	0.0999998	7.21213E-05	287.955808
7.9	2.42E-11	287.980367	0.0999999	7.12603E-05	287.980367
7.8	2.38E-11	288.004897	0.0999999	7.04E-05	288.004897
7.7	2.3E-11	288.029407	0.0999997	6.95424E-05	288.029407
7.6	2.25E-11	288.053977	0.1000002	6.86859E-05	288.053977
7.5	2.23E-11	288.078481	0.0999999	6.78287E-05	288.078481
7.4	2.2E-11	288.102992	0.0999998	6.6973E-05	288.102992
7.3	2.19E-11	288.12753	0.1	6.61196E-05	288.12753
7.2	2.17E-11	288.152185	0.1	6.52661E-05	288.152185
7.1	2.07E-11	288.17669	0.1	6.44135E-05	288.17669
7	2.01E-11	288.201209	0.1	6.35617E-05	288.201209
6.9	1.95E-11	288.225815	0.0999998	6.27121E-05	288.225815
6.8	2.63E-11	288.285728	0.0999999	6.18698E-05	288.285728
6.7	2.15E-11	288.310303	0.1	6.10198E-05	288.310303
6.6	2.01E-11	288.334849	0.1	6.01715E-05	288.334849
6.5	1.97E-11	288.3594	0.0999999	5.93243E-05	288.3594
6.4	1.89E-11	288.383977	0.0999998	5.84795E-05	288.383977
6.3	1.83E-11	288.40851	0.1	5.76336E-05	288.40851
6.2	1.81E-11	288.433013	0.0999997	5.679E-05	288.433013
6.1	1.75E-11	288.457533	0.0999999	5.59474E-05	288.457533
6	1.7E-11	288.482095	0.0999998	5.51065E-05	288.482095
5.9	1.66E-11	288.506601	0.0999999	5.42656E-05	288.506601
5.8	1.63E-11	288.531136	0.1	5.34253E-05	288.531136
5.7	1.59E-11	288.555749	0.0999999	5.2587E-05	288.555749
5.6	1.53E-11	288.580278	0.0999998	5.1749E-05	288.580278
5.5	1.46E-11	288.604789	0.0999999	5.09119E-05	288.604789
5.4	1.48E-11	288.629489	0.1	5.00754E-05	288.629489
5.3	1.44E-11	288.654003	0.0999999	4.92407E-05	288.654003
5.2	1.4E-11	288.678542	0.0999999	4.84073E-05	288.678542
5.1	1.33E-11	288.703056	0.0999998	4.75737E-05	288.703056
5	1.32E-11	288.727624	0.0999999	4.67416E-05	288.727624
4.9	1.86E-11	288.787215	0.1000002	4.59157E-05	288.787215
4.8	1.4E-11	288.811776	0.0999998	4.50852E-05	288.811776
4.7	1.26E-11	288.836289	0.1000001	4.42559E-05	288.836289
4.6	1.2E-11	288.860837	0.0999999	4.34264E-05	288.860837
4.5	1.11E-11	288.885391	0.1	4.25985E-05	288.885391
4.4	1.1E-11	288.9099	0.0999998	4.17723E-05	288.9099
4.3	9.7E-12	288.934431	0.1	4.09463E-05	288.934431
4.2	9.3E-12	288.958966	0.0999999	4.01215E-05	288.958966
4.1	9.1E-12	288.983503	0.1000001	3.92977E-05	288.983503
4	8.7E-12	289.008037	0.0999997	3.84739E-05	289.008037
3.9	7.6E-12	289.032565	0.1	3.76514E-05	289.032565
3.8	7.4E-12	289.057141	0.0999999	3.68307E-05	289.057141
3.7	6.8E-12	289.081658	0.0999999	3.601E-05	289.081658
3.6	6.3E-12	289.106157	0.1	3.51914E-05	289.106157
3.5	5.6E-12	289.130709	0.1000001	3.43722E-05	289.130709
3.4	4.8E-12	289.155229	0.1000001	3.35546E-05	289.155229
3.3	4.6E-12	289.179756	0.0999998	3.27391E-05	289.179756
3.2	3.6E-12	289.204261	0.1000001	3.19232E-05	289.204261
3.1	2.7E-12	289.22887	0.1000001	3.1109E-05	289.22887
3	9.1E-12	289.288901	0.0999998	3.03005E-05	289.288901
2.9	3.8E-12	289.31342	0.0999999	2.94871E-05	289.31342
2.8	1.7E-12	289.337924	0.0999999	2.86753E-05	289.337924
2.7	1.1E-12	289.362413	0.0999999	2.78649E-05	289.362413
2.6	1E-12	289.38701	0.1	2.70553E-05	289.38701
2.5	-3E-13	289.411521	0.0999999	2.62464E-05	289.411521
2.4	-1.6E-12	289.436049	0.0999998	2.54397E-05	289.436049
2.3	-2.3E-12	289.460586	0.1	2.4634E-05	289.460586
2.2	-3E-12	289.485144	0.0999999	2.38302E-05	289.485144
2.099999	-1E-12	289.511555	0.1	2.30341E-05	289.511555
2	-5.2E-12	289.536115	0.1	2.22317E-05	289.536115
1.9	-6.3E-12	289.560633	0.0999998	2.14326E-05	289.560633
1.8	-7.2E-12	289.585162	0.0999999	2.06347E-05	289.585162
1.7	-8.8E-12	289.60967	0.0999999	1.98391E-05	289.60967
1.6	-9.8E-12	289.634204	0.1000001	1.90449E-05	289.634204
1.5	-1.13E-11	289.65874	0.0999999	1.82537E-05	289.65874
1.4	-1.27E-11	289.683266	0.1	1.74648E-05	289.683266
1.3	-1.39E-11	289.707774	0.0999999	1.66789E-05	289.707774
1.2	-1.53E-11	289.732349	0.0999998	1.58966E-05	289.732349
1.1	-9.8E-12	289.790236	0.1	1.51238E-05	289.790236
1	-1.63E-11	289.814816	0.0999999	1.43478E-05	289.814816
0.9	-1.89E-11	289.83932	0.1	1.35789E-05	289.83932
0.8	-2.1E-11	289.863831	0.0999999	1.28162E-05	289.863831
0.7	-2.31E-11	289.888427	0.0999998	1.206E-05	289.888427
0.6	-2.51E-11	289.912928	0.0999999	1.13116E-05	289.912928
0.5	-2.75E-11	289.937479	0.0999999	1.05718E-05	289.937479
0.4	-2.98E-11	289.961992	0.1	9.8391E-06	289.961992
0.3	-3.19E-11	289.986573	0.0999999	9.1158E-06	289.986573
0.1999997	-3.02E-11	290.015579	0.0999998	8.40889E-06	290.015579
0.0999997	-3.64E-11	290.040074	0.0999998	7.70391E-06	290.040074
-5E-07	-3.87E-11	290.064624	0.0999999	7.01018E-06	290.064624
#scan	iMeasureCycle=3	iMux=0	time=319.789	N=401	LocalTime=19/04/2023 20:00:59
#VGate(V)	IGate(A)	time(s)	VDrain(V)	IDrain(A)	time(s)
-2E-07	-1.71E-11	319.796844	0.0999999	7.17538E-06	319.796844
-0.1000003	-2.46E-11	319.82184	0.1	6.47807E-06	319.82184
-0.2000001	-2.64E-11	319.847505	0.1	5.79755E-06	319.847505
-0.3	-3.21E-11	319.87222	0.0999999	5.13514E-06	319.87222
-0.4	-3.49E-11	319.896753	0.0999998	4.49499E-06	319.896753
-0.5	-3.73E-11	319.921284	0.0999999	3.88038E-06	319.921284
-0.6	-3.92E-11	319.94591	0.0999999	3.29605E-06	319.94591
-0.7	-4.15E-11	319.970414	0.0999997	2.74669E-06	319.970414
-0.8	-4.34E-11	319.994941	0.0999999	2.23777E-06	319.994941
-0.9	-4.45E-11	320.019461	0.0999999	1.77495E-06	320.019461
-1	-4.62E-11	320.044007	0.0999999	1.36388E-06	320.044007
-1.1	-4.78E-11	320.068528	0.0999998	1.00802E-06	320.068528
-1.2	-4.47E-11	320.095856	0.0999996	7.12614E-07	320.095856
-1.3	-4.95E-11	320.120351	0.0999996	4.74641E-07	320.120351
-1.4	-5.05E-11	320.144931	0.0999996	2.94541E-07	320.144931
-1.5	-5.13E-11	320.169434	0.0999996	1.67577E-07	320.169434
-1.6	-4.61E-11	320.207108	0.0999946	8.72638E-08	320.207108
-1.700001	-6.53E-11	320.230383	0.1000073	3.92422E-08	320.230383
-1.800001	-6.52E-11	320.253718	0.1000027	1.53068E-08	320.253718
-1.900001	-6.85E-11	320.276926	0.1000019	5.1187E-09	320.276926
-2.000001	-6.98E-11	320.300221	0.1000007	1.4501E-09	320.300221
-2.1	-4.73E-11	320.364902	0.0999998	3.691E-10	320.364902
-2.2	-6.85E-11	320.388343	0.1000001	6.6E-11	320.388343
-2.3	-6.96E-11	320.411555	0.1000001	3.3E-12	320.411555
-2.4	-6.86E-11	320.434843	0.1000002	-7.8E-12	320.434843
-2.5	-7.1E-11	320.458087	0.1000003	-9.3E-12	320.458087
-2.6	-7.18E-11	320.481321	0.1000001	-9.3E-12	320.481321
-2.7	-7.23E-11	320.504529	0.1000002	-9.8E-12	320.504529
-2.8	-7.12E-11	320.527839	0.1000004	-9.7E-12	320.527839
-2.9	-7.35E-11	320.551054	0.1	-9.3E-12	320.551054
-3	-7.34E-11	320.574283	0.1000002	-9.2E-12	320.574283
-3.1	-7.41E-11	320.597497	0.1000001	-9.3E-12	320.597497
-3.2	-7.32E-11	320.620776	0.1000002	-9.5E-12	320.620776
-3.3	-7.34E-11	320.644067	0.1	-9.4E-12	320.644067
-3.4	-7.58E-11	320.667337	0.1000002	-9.2E-12	320.667337
-3.5	-7.41E-11	320.690636	0.1000001	-9.1E-12	320.690636
-3.6	-7.43E-11	320.71391	0.1000002	-8.9E-12	320.71391
-3.7	-7.59E-11	320.737114	0.1000001	-9.1E-12	320.737114
-3.8	-7.49E-11	320.760402	0.1	-9E-12	320.760402
-3.9	-7.72E-11	320.783607	0.1000001	-9E-12	320.783607
-4	-7.53E-11	320.806988	0.1	-8.8E-12	320.806988
-4.1	-5.59E-11	320.860918	0.1	-1.08E-11	320.860918
-4.2	-7.44E-11	320.884226	0.1000001	-9.3E-12	320.884226
-4.3	-7.66E-11	320.907438	0.1000002	-9.2E-12	320.907438
-4.4	-7.76E-11	320.930663	0.1000002	-9.1E-12	320.930663
-4.5	-7.57E-11	320.954012	0.1000002	-9.4E-12	320.954012
-4.6	-7.62E-11	320.977309	0.1	-9.4E-12	320.977309
-4.7	-7.67E-11	321.000597	0.1	-9.3E-12	321.000597
-4.8	-7.93E-11	321.023824	0.1000001	-8.9E-12	321.023824
-4.9	-7.74E-11	321.047119	0.1000003	-9.3E-12	321.047119
-5	-7.94E-11	321.070331	0.1	-8.9E-12	321.070331
-5.1	-7.98E-11	321.093555	0.1000003	-8.7E-12	321.093555
-5.2	-8.03E-11	321.116769	0.1000002	-8.7E-12	321.116769
-5.3	-7.84E-11	321.140112	0.1000001	-9E-12	321.140112
-5.4	-7.9E-11	321.163409	0.1000001	-9.1E-12	321.163409
-5.5	-8.09E-11	321.186622	0.1000001	-9.2E-12	321.186622
-5.6	-7.85E-11	321.209949	0.1000001	-9E-12	321.209949
-5.7	-7.98E-11	321.233222	0.1	-8.9E-12	321.233222
-5.8	-8.15E-11	321.256436	0.1000003	-8.8E-12	321.256436
-5.9	-8.04E-11	321.279729	0.1000001	-8.9E-12	321.279729
-6	-8.03E-11	321.303101	0.1000002	-8.7E-12	321.303101
-6.1	-6.04E-11	321.362363	0.0999999	-1.05E-11	321.362363
-6.2	-8.04E-11	321.385606	0.1000001	-8.7E-12	321.385606
-6.3	-8.17E-11	321.40883	0.1000002	-8.1E-12	321.40883
-6.4	-8.18E-11	321.432043	0.1000001	-8.4E-12	321.432043
-6.5	-8.01E-11	321.455382	0.1000001	-8.5E-12	321.455382
-6.6	-8.23E-11	321.478649	0.1000002	-8.5E-12	321.478649
-6.7	-8.32E-11	321.501878	0.1000001	-8.9E-12	321.501878
-6.8	-8.28E-11	321.525119	0.1000001	-8.8E-12	321.525119
-6.9	-8.17E-11	321.548421	0.1	-8.6E-12	321.548421
-7	-8.18E-11	321.571715	0.1	-8.5E-12	321.571715
-7.1	-8.35E-11	321.594952	0.1000001	-8.4E-12	321.594952
-7.2	-8.25E-11	321.618243	0.1000001	-8.8E-12	321.618243
-7.3	-8.35E-11	321.641491	0.1000001	-8.6E-12	321.641491
-7.4	-8.39E-11	321.664729	0.1	-8.2E-12	321.664729
-7.5	-8.25E-11	321.688032	0.1	-8.6E-12	321.688032
-7.6	-8.3E-11	321.711313	0.1000003	-9E-12	321.711313
-7.7	-8.32E-11	321.734593	0.1000002	-9.2E-12	321.734593
-7.8	-8.53E-11	321.75781	0.1000002	-8.8E-12	321.75781
-7.9	-8.37E-11	321.781108	0.1000002	-8.7E-12	321.781108
-8	-8.37E-11	321.804486	0.1000002	-8.7E-12	321.804486
-8.1	-6.48E-11	321.859389	0.1	-1.01E-11	321.859389
-8.2	-8.27E-11	321.882688	0.1000003	-8.7E-12	321.882688
-8.3	-8.5E-11	321.905906	0.1000001	-8.3E-12	321.905906
-8.4	-8.47E-11	321.929132	0.1000003	-8.3E-12	321.929132
-8.5	-8.55E-11	321.952399	0.1000001	-8.5E-12	321.952399
-8.6	-8.48E-11	321.975699	0.1000001	-8.4E-12	321.975699
-8.7	-8.44E-11	321.99898	0.1000002	-8.5E-12	321.99898
-8.8	-8.63E-11	322.022217	0.1000001	-7.9E-12	322.022217
-8.9	-8.68E-11	322.04543	0.1000003	-7.9E-12	322.04543
-9	-8.68E-11	322.068643	0.1000001	-8.4E-12	322.068643
-9.1	-8.52E-11	322.091945	0.1000002	-8.4E-12	322.091945
-9.2	-8.71E-11	322.11516	0.1000002	-8.3E-12	322.11516
-9.3	-8.72E-11	322.138431	0.1000002	-7.8E-12	322.138431
-9.4	-8.54E-11	322.161722	0.1000001	-8.4E-12	322.161722
-9.5	-8.56E-11	322.185033	0.1000001	-8.1E-12	322.185033
-9.6	-8.79E-11	322.208234	0.1000001	-7.9E-12	322.208234
-9.7	-8.58E-11	322.231528	0.1	-8.1E-12	322.231528
-9.8	-8.65E-11	322.254804	0.1	-8.2E-12	322.254804
-9.9	-8.84E-11	322.278014	0.1000001	-7.7E-12	322.278014
-10	-8.8E-11	322.301317	0.1000001	-8.2E-12	322.301317
-9.90001	-4.7E-11	322.32462	0.0999996	-1.12E-11	322.32462
-9.80001	-6.08E-11	322.365195	0.1	-1E-11	322.365195
-9.70001	-3.98E-11	322.38844	0.0999997	-1.15E-11	322.38844
-9.60001	-3.78E-11	322.411662	0.0999996	-1.18E-11	322.411662
-9.50001	-3.8E-11	322.434955	0.0999997	-1.16E-11	322.434955
-9.40001	-3.77E-11	322.458369	0.0999999	-1.13E-11	322.458369
-9.30001	-3.37E-11	322.481622	0.0999996	-1.18E-11	322.481622
-9.20001	-3.43E-11	322.504918	0.0999998	-1.17E-11	322.504918
-9.10001	-3.36E-11	322.528231	0.0999998	-1.14E-11	322.528231
-9.00001	-3.04E-11	322.551438	0.0999996	-1.18E-11	322.551438
-8.90001	-2.99E-11	322.574652	0.0999996	-1.23E-11	322.574652
-8.80001	-3.09E-11	322.597948	0.0999997	-1.18E-11	322.597948
-8.70001	-3.05E-11	322.621221	0.0999996	-1.17E-11	322.621221
-8.60001	-2.81E-11	322.64443	0.0999996	-1.22E-11	322.64443
-8.50001	-2.75E-11	322.667656	0.0999997	-1.26E-11	322.667656
-8.40001	-2.65E-11	322.690864	0.0999996	-1.22E-11	322.690864
-8.30001	-2.8E-11	322.714165	0.0999998	-1.22E-11	322.714165
-8.20001	-2.61E-11	322.737374	0.0999997	-1.21E-11	322.737374
-8.10001	-2.51E-11	322.76059	0.0999995	-1.21E-11	322.76059
-8.00001	-2.47E-11	322.783799	0.0999997	-1.18E-11	322.783799
-7.90001	-2.56E-11	322.807177	0.0999999	-1.19E-11	322.807177
-7.80001	-4.52E-11	322.86673	0.1	-1.03E-11	322.86673
-7.70001	-2.51E-11	322.889956	0.0999996	-1.21E-11	322.889956
-7.6	-2.57E-11	322.913256	0.0999996	-1.2E-11	322.913256
-7.50001	-2.51E-11	322.936542	0.0999998	-1.22E-11	322.936542
-7.40001	-2.31E-11	322.959811	0.0999996	-1.24E-11	322.959811
-7.30001	-2.24E-11	322.983028	0.0999999	-1.21E-11	322.983028
-7.2	-2.21E-11	323.006254	0.0999998	-1.27E-11	323.006254
-7.10001	-2.3E-11	323.02957	0.0999997	-1.28E-11	323.02957
-7.00001	-2.06E-11	323.052776	0.0999998	-1.23E-11	323.052776
-6.90001	-2E-11	323.075995	0.0999998	-1.21E-11	323.075995
-6.80001	-2.17E-11	323.099292	0.0999999	-1.22E-11	323.099292
-6.70001	-2.15E-11	323.122582	0.0999997	-1.21E-11	323.122582
-6.60001	-1.91E-11	323.145846	0.0999997	-1.25E-11	323.145846
-6.50001	-1.9E-11	323.169063	0.0999998	-1.26E-11	323.169063
-6.40001	-1.98E-11	323.192355	0.0999998	-1.2E-11	323.192355
-6.30001	-1.79E-11	323.215567	0.0999999	-1.29E-11	323.215567
-6.20001	-1.79E-11	323.238783	0.0999998	-1.26E-11	323.238783
-6.10001	-1.74E-11	323.261999	0.0999998	-1.26E-11	323.261999
-6.00001	-1.94E-11	323.285339	0.0999998	-1.24E-11	323.285339
-5.90001	-1.64E-11	323.308649	0.0999997	-1.26E-11	323.308649
-5.80001	-3.75E-11	323.367942	0.0999999	-1.07E-11	323.367942
-5.70001	-1.77E-11	323.391174	0.0999997	-1.27E-11	323.391174
-5.60001	-1.72E-11	323.414384	0.0999997	-1.29E-11	323.414384
-5.50001	-1.8E-11	323.437676	0.0999996	-1.27E-11	323.437676
-5.40001	-1.56E-11	323.460954	0.0999998	-1.31E-11	323.460954
-5.30001	-1.48E-11	323.484211	0.0999996	-1.27E-11	323.484211
-5.20001	-1.6E-11	323.507509	0.0999998	-1.29E-11	323.507509
-5.1	-1.54E-11	323.530809	0.0999998	-1.27E-11	323.530809
-5.00001	-1.34E-11	323.554024	0.0999996	-1.31E-11	323.554024
-4.90001	-1.29E-11	323.577231	0.0999999	-1.32E-11	323.577231
-4.80001	-1.41E-11	323.600517	0.0999996	-1.31E-11	323.600517
-4.7	-1.37E-11	323.623792	0.0999997	-1.25E-11	323.623792
-4.60001	-1.2E-11	323.646999	0.0999996	-1.25E-11	323.646999
-4.50001	-1.14E-11	323.670208	0.0999996	-1.35E-11	323.670208
-4.40001	-1.3E-11	323.693547	0.0999997	-1.29E-11	323.693547
-4.3	-1.18E-11	323.716836	0.0999996	-1.27E-11	323.716836
-4.20001	-9.5E-12	323.740048	0.0999997	-1.29E-11	323.740048
-4.10001	-1.07E-11	323.763339	0.0999997	-1.28E-11	323.763339
-4.00001	-1.06E-11	323.786636	0.0999998	-1.31E-11	323.786636
-3.90001	-8.8E-12	323.809943	0.0999997	-1.3E-11	323.809943
-3.80001	-2.89E-11	323.865078	0.0999998	-1.15E-11	323.865078
-3.70001	-9E-12	323.888323	0.1	-1.34E-11	323.888323
-3.60001	-7.8E-12	323.911542	0.0999998	-1.36E-11	323.911542
-3.50001	-9E-12	323.934833	0.0999997	-1.31E-11	323.934833
-3.40001	-8.2E-12	323.958179	0.0999996	-1.34E-11	323.958179
-3.30001	-5.8E-12	323.981396	0.0999997	-1.33E-11	323.981396
-3.20001	-6.8E-12	324.004691	0.0999999	-1.34E-11	324.004691
-3.10001	-6.1E-12	324.028	0.0999997	-1.38E-11	324.028
-3.00001	-3.6E-12	324.051207	0.0999996	-1.38E-11	324.051207
-2.90001	-3.3E-12	324.074417	0.0999997	-1.38E-11	324.074417
-2.80001	-2.3E-12	324.09764	0.0999997	-1.36E-11	324.09764
-2.70001	-3.3E-12	324.120941	0.0999999	-1.33E-11	324.120941
-2.60001	-1.9E-12	324.144247	0.0999998	-1.38E-11	324.144247
-2.50001	1E-13	324.167471	0.0999998	-1.27E-11	324.167471
-2.40001	4E-13	324.190694	0.0999997	-8.3E-12	324.190694
-2.30001	-1E-13	324.213978	0.0999999	1.99E-11	324.213978
-2.20001	2.2E-12	324.23718	0.0999998	1.54E-10	324.23718
-2.099999	-1.44E-11	324.262304	0.1000002	7.115E-10	324.262304
-2	3.5E-12	324.285513	0.1000007	2.7036E-09	324.285513
-1.9	1.4E-12	324.308928	0.1000019	8.5902E-09	324.308928
-1.800001	-1.69E-11	324.355875	0.100002	2.22627E-08	324.355875
-1.699999	2.2E-12	324.379224	0.1000015	5.40183E-08	324.379224
-1.600001	-1.61E-11	324.427393	0.1	1.09026E-07	324.427393
-1.500001	-1.37E-11	324.45436	0.1000003	2.04884E-07	324.45436
-1.4	-8.1E-12	324.478927	0.1000007	3.47442E-07	324.478927
-1.3	-7.1E-12	324.50345	0.1000008	5.42603E-07	324.50345
-1.2	-5.8E-12	324.52798	0.1000011	7.94786E-07	324.52798
-1.100001	-9.3E-12	324.562484	0.0999998	1.09954E-06	324.562484
-1	-4.2E-12	324.587034	0.1	1.46938E-06	324.587034
-0.9	-2.6E-12	324.61155	0.0999999	1.89046E-06	324.61155
-0.8	-8E-13	324.636088	0.1000001	2.36092E-06	324.636088
-0.700001	2E-13	324.660621	0.1000002	2.87469E-06	324.660621
-0.6	1.3E-12	324.685267	0.1	3.42669E-06	324.685267
-0.500001	3.1E-12	324.709827	0.1000001	4.01265E-06	324.709827
-0.400001	5E-12	324.734317	0.1	4.62633E-06	324.734317
-0.3	6.3E-12	324.758874	0.1000001	5.26457E-06	324.758874
-0.1999999	4.8E-12	324.785305	0.1	5.92297E-06	324.785305
-0.0999997	9.4E-12	324.809941	0.1000001	6.60022E-06	324.809941
0	3.7E-12	324.877294	0.1	7.27748E-06	324.877294
0.1000003	1.05E-11	324.901971	0.1000001	7.98554E-06	324.901971
0.2000003	1.33E-11	324.926496	0.0999999	8.70176E-06	324.926496
0.299999	1.55E-11	324.951235	0.1000002	9.42647E-06	324.951235
0.4	1.77E-11	324.975792	0.0999999	1.01594E-05	324.975792
0.499999	1.45E-11	325.010502	0.0999999	1.08913E-05	325.010502
0.6	2.11E-11	325.035041	0.1000002	1.1642E-05	325.035041
0.7	2.36E-11	325.059542	0.1	1.2399E-05	325.059542
0.799999	2.55E-11	325.084055	0.1000001	1.31627E-05	325.084055
0.899999	2.76E-11	325.108572	0.0999999	1.39332E-05	325.108572
0.999999	2.93E-11	325.133088	0.1000001	1.47085E-05	325.133088
1.1	3.14E-11	325.157679	0.1000001	1.54883E-05	325.157679
1.2	3.28E-11	325.182196	0.1	1.62729E-05	325.182196
1.3	3.45E-11	325.206702	0.1000002	1.70603E-05	325.206702
1.4	3.58E-11	325.231218	0.1000001	1.78498E-05	325.231218
1.499999	3.71E-11	325.255745	0.0999999	1.86443E-05	325.255745
1.599999	3.83E-11	325.280256	0.1	1.94387E-05	325.280256
1.699999	3.89E-11	325.304815	0.1000001	2.02364E-05	325.304815
1.8	4.02E-11	325.329355	0.0999999	2.10362E-05	325.329355
1.899999	3.42E-11	325.377839	0.1000001	2.183E-05	325.377839
2	3.99E-11	325.402409	0.0999998	2.26345E-05	325.402409
2.099999	4.08E-11	325.426931	0.0999999	2.34386E-05	325.426931
2.19999	4.16E-11	325.451668	0.1000001	2.42379E-05	325.451668
2.29999	4.26E-11	325.476236	0.1000002	2.50436E-05	325.476236
2.39999	4.31E-11	325.50079	0.1	2.58508E-05	325.50079
2.49999	4.41E-11	325.525337	0.1	2.66585E-05	325.525337
2.59999	4.4E-11	325.549932	0.1	2.7468E-05	325.549932
2.69999	4.5E-11	325.574444	0.1000002	2.82777E-05	325.574444
2.79999	4.56E-11	325.598948	0.1000001	2.90878E-05	325.598948
2.89999	4.52E-11	325.623517	0.1	2.98993E-05	325.623517
2.99999	4.62E-11	325.648024	0.1000002	3.07107E-05	325.648024
3.09999	4.63E-11	325.672572	0.0999999	3.15228E-05	325.672572
3.19999	4.73E-11	325.697083	0.0999999	3.23347E-05	325.697083
3.29999	4.7E-11	325.721623	0.1000002	3.31483E-05	325.721623
3.39999	4.77E-11	325.746108	0.1	3.39619E-05	325.746108
3.49999	4.76E-11	325.770663	0.1000001	3.47755E-05	325.770663
3.59999	4.89E-11	325.795161	0.1000001	3.55907E-05	325.795161
3.69999	4.85E-11	325.819808	0.1000001	3.64059E-05	325.819808
3.79999	4.13E-11	325.876487	0.1	3.72111E-05	325.876487
3.89999	4.69E-11	325.901039	0.0999999	3.803E-05	325.901039
3.99999	4.77E-11	325.92556	0.1	3.88483E-05	325.92556
4.09999	4.8E-11	325.950114	0.1	3.96663E-05	325.950114
4.19999	4.87E-11	325.974685	0.1000002	4.04853E-05	325.974685
4.29999	4.87E-11	325.999197	0.1000001	4.1305E-05	325.999197
4.39999	4.91E-11	326.023739	0.0999999	4.21241E-05	326.023739
4.49999	4.97E-11	326.048296	0.0999998	4.29439E-05	326.048296
4.59999	5.02E-11	326.072799	0.1000002	4.37646E-05	326.072799
4.69999	5.01E-11	326.097353	0.1000001	4.45863E-05	326.097353
4.79999	5.02E-11	326.121918	0.0999999	4.54075E-05	326.121918
4.89999	5.02E-11	326.146513	0.1	4.6231E-05	326.146513
4.99999	5.13E-11	326.171029	0.1	4.70541E-05	326.171029
5.09999	5.06E-11	326.195564	0.1000001	4.78789E-05	326.195564
5.19999	5.18E-11	326.220089	0.1000001	4.87048E-05	326.220089
5.29999	5.15E-11	326.244604	0.1000002	4.95306E-05	326.244604
5.39999	5.14E-11	326.269163	0.1000001	5.03578E-05	326.269163
5.49999	5.19E-11	326.293668	0.1000002	5.1186E-05	326.293668
5.59999	5.17E-11	326.318255	0.1000001	5.20153E-05	326.318255
5.69999	4.57E-11	326.373866	0.0999999	5.28367E-05	326.373866
5.79999	5.07E-11	326.398417	0.0999998	5.36709E-05	326.398417
5.89999	5.16E-11	326.422932	0.0999999	5.45039E-05	326.422932
5.99999	5.2E-11	326.447447	0.0999999	5.53374E-05	326.447447
6.09999	5.26E-11	326.472019	0.1000001	5.61718E-05	326.472019
6.19999	5.28E-11	326.496581	0.1000001	5.7008E-05	326.496581
6.29999	5.25E-11	326.521129	0.1000001	5.78435E-05	326.521129
6.39999	5.25E-11	326.545692	0.1000001	5.86801E-05	326.545692
6.49999	5.25E-11	326.570253	0.1000001	5.9518E-05	326.570253
6.59999	5.33E-11	326.59476	0.1	6.03576E-05	326.59476
6.69999	5.31E-11	326.619303	0.0999999	6.11968E-05	326.619303
6.79999	5.36E-11	326.643835	0.1000001	6.20378E-05	326.643835
6.89999	5.42E-11	326.668357	0.1000004	6.288E-05	326.668357
6.99999	5.43E-11	326.692892	0.1000002	6.3723E-05	326.692892
7.09999	5.42E-11	326.71753	0.1	6.45668E-05	326.71753
7.19999	5.47E-11	326.742063	0.1000002	6.54116E-05	326.742063
7.29999	5.46E-11	326.766594	0.1	6.62582E-05	326.766594
7.39999	5.51E-11	326.791106	0.1000003	6.71051E-05	326.791106
7.49999	5.47E-11	326.815724	0.1	6.79526E-05	326.815724
7.59999	4.72E-11	326.877596	0.0999999	6.87893E-05	326.877596
7.69999	5.29E-11	326.90215	0.0999998	6.96441E-05	326.90215
7.79999	5.39E-11	326.926691	0.0999999	7.04977E-05	326.926691
7.89999	5.44E-11	326.951235	0.1000002	7.13507E-05	326.951235
7.99999	5.43E-11	326.975814	0.1	7.22046E-05	326.975814
8.09999	5.53E-11	327.000331	0.1	7.30601E-05	327.000331
8.19999	5.54E-11	327.024933	0.0999999	7.39155E-05	327.024933
8.29999	5.47E-11	327.049474	0.1000001	7.47722E-05	327.049474
8.39999	5.54E-11	327.073988	0.0999998	7.56298E-05	327.073988
8.49999	5.59E-11	327.0985	0.1000003	7.64889E-05	327.0985
8.59999	5.57E-11	327.123065	0.1000001	7.73483E-05	327.123065
8.69999	5.66E-11	327.147631	0.1000001	7.82094E-05	327.147631
8.79999	5.61E-11	327.172172	0.1000002	7.90717E-05	327.172172
8.89999	5.65E-11	327.196703	0.0999999	7.99354E-05	327.196703
8.99999	5.69E-11	327.221187	0.1000001	8.07987E-05	327.221187
9.09999	5.71E-11	327.245703	0.1000002	8.16642E-05	327.245703
9.19999	5.73E-11	327.270214	0.1	8.253E-05	327.270214
9.29999	5.77E-11	327.294731	0.1	8.33943E-05	327.294731
9.39999	5.77E-11	327.319382	0.1	8.42654E-05	327.319382
9.49999	5.1E-11	327.376932	0.1000002	8.51327E-05	327.376932
9.59999	5.56E-11	327.40144	0.1000001	8.60061E-05	327.40144
9.69999	5.61E-11	327.425968	0.1000001	8.68802E-05	327.425968
9.79999	5.64E-11	327.450474	0.0999999	8.77553E-05	327.450474
9.89999	5.71E-11	327.475062	0.1000002	8.86305E-05	327.475062
9.99999	5.72E-11	327.49963	0.1000003	8.95051E-05	327.49963
9.9	4.38E-11	327.52416	0.1	8.8615E-05	327.52416
9.8	4.08E-11	327.548691	0.1	8.77312E-05	327.548691
9.7	3.86E-11	327.573219	0.0999999	8.68486E-05	327.573219
9.6	3.65E-11	327.597723	0.1	8.59673E-05	327.597723
9.5	3.45E-11	327.622256	0.0999998	8.50891E-05	327.622256
9.4	3.33E-11	327.646762	0.0999999	8.42141E-05	327.646762
9.3	3.26E-11	327.671287	0.0999998	8.33369E-05	327.671287
9.2	3.2E-11	327.695798	0.0999998	8.24621E-05	327.695798
9.1	3.06E-11	327.720328	0.0999998	8.15894E-05	327.720328
9	3.02E-11	327.744841	0.0999998	8.07193E-05	327.744841
8.9	2.95E-11	327.769409	0.1000002	7.98528E-05	327.769409
8.8	2.85E-11	327.793919	0.0999998	7.89811E-05	327.793919
8.7	2.86E-11	327.818791	0.0999999	7.81102E-05	327.818791
8.6	3.42E-11	327.880862	0.0999999	7.72456E-05	327.880862
8.5	2.87E-11	327.905424	0.1	7.63753E-05	327.905424
8.4	2.69E-11	327.929948	0.1	7.55078E-05	327.929948
8.3	2.61E-11	327.954474	0.1	7.46424E-05	327.954474
8.2	2.57E-11	327.979041	0.0999997	7.37787E-05	327.979041
8.1	2.48E-11	328.003584	0.1000001	7.29151E-05	328.003584
8	2.42E-11	328.028083	0.0999998	7.20535E-05	328.028083
7.9	2.38E-11	328.052633	0.0999997	7.11928E-05	328.052633
7.8	2.35E-11	328.077142	0.1	7.03334E-05	328.077142
7.7	2.29E-11	328.10171	0.0999998	6.94744E-05	328.10171
7.6	2.27E-11	328.126232	0.0999999	6.86169E-05	328.126232
7.5	2.22E-11	328.15082	0.0999998	6.77612E-05	328.15082
7.4	2.18E-11	328.17533	0.0999999	6.69058E-05	328.17533
7.3	2.16E-11	328.199878	0.1	6.60507E-05	328.199878
7.2	2.09E-11	328.224429	0.1	6.51977E-05	328.224429
7.1	2.08E-11	328.248978	0.1000001	6.43461E-05	328.248978
7	2.01E-11	328.273537	0.1	6.34935E-05	328.273537
6.9	1.99E-11	328.29808	0.1000001	6.26436E-05	328.29808
6.8	1.97E-11	328.322706	0.0999998	6.17938E-05	328.322706
6.7	2.58E-11	328.384226	0.0999997	6.09522E-05	328.384226
6.6	2.04E-11	328.40876	0.1000001	6.01024E-05	328.40876
6.5	1.92E-11	328.433313	0.1	5.92554E-05	328.433313
6.4	1.9E-11	328.457871	0.0999999	5.84097E-05	328.457871
6.3	1.83E-11	328.482504	0.1000001	5.75656E-05	328.482504
6.2	1.77E-11	328.507032	0.1	5.67214E-05	328.507032
6.1	1.75E-11	328.531555	0.0999998	5.58786E-05	328.531555
6	1.74E-11	328.556141	0.0999998	5.50376E-05	328.556141
5.9	1.71E-11	328.58068	0.1	5.41966E-05	328.58068
5.8	1.65E-11	328.605171	0.1000001	5.3357E-05	328.605171
5.7	1.57E-11	328.629687	0.0999999	5.25179E-05	328.629687
5.6	1.58E-11	328.65422	0.0999997	5.16802E-05	328.65422
5.5	1.48E-11	328.678751	0.0999999	5.0843E-05	328.678751
5.4	1.44E-11	328.703246	0.0999999	5.00067E-05	328.703246
5.3	1.43E-11	328.727779	0.0999999	4.91721E-05	328.727779
5.2	1.34E-11	328.752322	0.0999999	4.83379E-05	328.752322
5.1	1.3E-11	328.776822	0.1000001	4.75043E-05	328.776822
5	1.24E-11	328.801329	0.1	4.66719E-05	328.801329
4.9	1.26E-11	328.826007	0.0999999	4.58413E-05	328.826007
4.8	1.83E-11	328.885755	0.1000001	4.50157E-05	328.885755
4.7	1.35E-11	328.910289	0.0999999	4.41861E-05	328.910289
4.6	1.19E-11	328.934814	0.0999998	4.3357E-05	328.934814
4.5	1.18E-11	328.959347	0.1	4.25288E-05	328.959347
4.4	1.09E-11	328.983925	0.1	4.17015E-05	328.983925
4.3	1.04E-11	329.008453	0.1000001	4.0877E-05	329.008453
4.2	9.4E-12	329.03297	0.1000001	4.00515E-05	329.03297
4.1	9.6E-12	329.057515	0.0999999	3.92273E-05	329.057515
4	8.7E-12	329.082024	0.0999999	3.84038E-05	329.082024
3.9	8.5E-12	329.106583	0.0999997	3.75817E-05	329.106583
3.8	7.5E-12	329.131106	0.0999999	3.67612E-05	329.131106
3.7	6.6E-12	329.15569	0.0999999	3.59403E-05	329.15569
3.6	6E-12	329.180199	0.0999998	3.51212E-05	329.180199
3.5	5.9E-12	329.204707	0.1	3.4303E-05	329.204707
3.4	5.1E-12	329.229216	0.0999999	3.34857E-05	329.229216
3.3	4.2E-12	329.253719	0.0999998	3.26692E-05	329.253719
3.2	3.8E-12	329.278223	0.0999999	3.1854E-05	329.278223
3.1	3.2E-12	329.302777	0.0999999	3.10393E-05	329.302777
3	2.5E-12	329.327412	0.1	3.02255E-05	329.327412
2.9	8.7E-12	329.387616	0.1	2.94198E-05	329.387616
2.8	3.2E-12	329.41214	0.1	2.86068E-05	329.41214
2.7	2.2E-12	329.436781	0.1000001	2.77965E-05	329.436781
2.6	8E-13	329.4613	0.1	2.69868E-05	329.4613
2.5	-3E-13	329.485909	0.1	2.61787E-05	329.485909
2.4	-1.6E-12	329.510421	0.0999998	2.53717E-05	329.510421
2.3	-2.4E-12	329.535002	0.1000001	2.45664E-05	329.535002
2.2	-3.1E-12	329.559536	0.0999999	2.37615E-05	329.559536
2.099999	-8E-13	329.585957	0.1	2.29662E-05	329.585957
2	-5.5E-12	329.610471	0.1	2.21646E-05	329.610471
1.9	-6.2E-12	329.635048	0.0999998	2.13648E-05	329.635048
1.8	-7.2E-12	329.659563	0.1	2.05667E-05	329.659563
1.7	-8.8E-12	329.684074	0.1000001	1.97712E-05	329.684074
1.6	-9.9E-12	329.708588	0.1000001	1.89774E-05	329.708588
1.5	-1.08E-11	329.733119	0.0999998	1.81864E-05	329.733119
1.4	-1.26E-11	329.757633	0.0999998	1.7398E-05	329.757633
1.3	-1.37E-11	329.782149	0.1	1.66123E-05	329.782149
1.2	-1.51E-11	329.806676	0.1000001	1.58303E-05	329.806676
1.1	-1.67E-11	329.831283	0.0999999	1.50524E-05	329.831283
1	-1.18E-11	329.888817	0.1	1.42842E-05	329.888817
0.9	-1.82E-11	329.913329	0.0999998	1.35143E-05	329.913329
0.8	-2.07E-11	329.93784	0.0999999	1.27522E-05	329.93784
0.7	-2.25E-11	329.962403	0.0999999	1.19964E-05	329.962403
0.6	-2.5E-11	329.986964	0.1	1.12488E-05	329.986964
0.5	-2.73E-11	330.011468	0.1	1.05093E-05	330.011468
0.4	-2.94E-11	330.035985	0.0999999	9.7777E-06	330.035985
0.3	-3.13E-11	330.06055	0.1	9.0552E-06	330.06055
0.2	-3.04E-11	330.089558	0.1000001	8.34911E-06	330.089558
0.0999996	-3.62E-11	330.114045	0.1000001	7.64506E-06	330.114045
-6E-07	-3.87E-11	330.138541	0.0999999	6.95242E-06	330.138541
