#scan	iMeasureCycle=1	iMux=0	time=0.031	N=401	LocalTime=19/04/2023 21:55:39
#VGate(V)	IGate(A)	time(s)	VDrain(V)	IDrain(A)	time(s)
-1E-07	-1.577E-10	0.033881	0.0999998	1.00603E-05	0.033881
-0.1000004	-2.164E-10	0.058766	0.0999999	9.3113E-06	0.058766
-0.2000001	-2.607E-10	0.086002	0.1	8.57819E-06	0.086002
-0.300001	-1.831E-10	0.11071	0.0999997	7.84946E-06	0.11071
-0.4	-1.101E-10	0.13524	0.1	7.13335E-06	0.13524
-0.5	-8.64E-11	0.159733	0.0999998	6.43257E-06	0.159733
-0.6	-7.46E-11	0.184256	0.0999999	5.74843E-06	0.184256
-0.7	-6.74E-11	0.20881	0.1	5.08451E-06	0.20881
-0.8	-6.32E-11	0.233365	0.1	4.44432E-06	0.233365
-0.9	-6.03E-11	0.257905	0.1000001	3.83157E-06	0.257905
-1	-5.86E-11	0.282407	0.0999999	3.25115E-06	0.282407
-1.1	-5.72E-11	0.306936	0.0999999	2.7083E-06	0.306936
-1.2	-5.63E-11	0.331476	0.0999999	2.20845E-06	0.331476
-1.3	-5.58E-11	0.356005	0.0999999	1.75528E-06	0.356005
-1.4	-5.56E-11	0.380536	0.0999999	1.35361E-06	0.380536
-1.5	-5.52E-11	0.405068	0.0999998	1.00777E-06	0.405068
-1.6	-5.11E-11	0.432387	0.0999995	7.19395E-07	0.432387
-1.7	-5.45E-11	0.456886	0.0999996	4.86244E-07	0.456886
-1.8	-5.51E-11	0.481409	0.0999996	3.08088E-07	0.481409
-1.9	-5.48E-11	0.505942	0.0999998	1.80413E-07	0.505942
-2	-5.53E-11	0.530444	0.0999997	9.5813E-08	0.530444
-2.099999	-4.61E-11	0.598215	0.0999978	4.68783E-08	0.598215
-2.2	-6.51E-11	0.621753	0.100004	1.88262E-08	0.621753
-2.3	-6.73E-11	0.644965	0.1000019	6.4965E-09	0.644965
-2.4	-6.89E-11	0.668172	0.1000007	1.8595E-09	0.668172
-2.5	-6.98E-11	0.691442	0.1000004	4.278E-10	0.691442
-2.6	-6.86E-11	0.714739	0.1000002	7.39E-11	0.714739
-2.7	-6.97E-11	0.737954	0.1000001	4.6E-12	0.737954
-2.8	-7.15E-11	0.761163	0.1	-6.2E-12	0.761163
-2.9	-7.18E-11	0.784379	0.1000001	-7.7E-12	0.784379
-3	-7.02E-11	0.807668	0.1000002	-7.5E-12	0.807668
-3.1	-7.04E-11	0.830948	0.1000001	-7.9E-12	0.830948
-3.2	-7.33E-11	0.854145	0.1000002	-7.7E-12	0.854145
-3.3	-7.36E-11	0.877352	0.1000002	-8.1E-12	0.877352
-3.4	-7.17E-11	0.900643	0.0999999	-7.8E-12	0.900643
-3.5	-7.36E-11	0.923923	0.1000001	-7.6E-12	0.923923
-3.6	-7.43E-11	0.947145	0.1	-7.8E-12	0.947145
-3.7	-7.41E-11	0.970346	0.1000001	-7.7E-12	0.970346
-3.8	-7.3E-11	0.993636	0.1	-7.9E-12	0.993636
-3.9	-7.24E-11	1.016929	0.1000001	-7.9E-12	1.016929
-4	-7.56E-11	1.040144	0.1000001	-7.9E-12	1.040144
-4.1	-5.34E-11	1.100881	0.0999999	-9.4E-12	1.100881
-4.2	-7.35E-11	1.124155	0.1	-7.7E-12	1.124155
-4.3	-7.42E-11	1.147376	0.1000001	-7.5E-12	1.147376
-4.4	-7.52E-11	1.170585	0.1	-7.8E-12	1.170585
-4.5	-7.38E-11	1.193921	0.1	-7.7E-12	1.193921
-4.6	-7.43E-11	1.217225	0.1000001	-8E-12	1.217225
-4.7	-7.65E-11	1.240438	0.1	-7.1E-12	1.240438
-4.8	-7.68E-11	1.263777	0.1000001	-7.4E-12	1.263777
-4.9	-7.53E-11	1.287071	0.1000003	-7.4E-12	1.287071
-5	-7.7E-11	1.310294	0.1000003	-7.2E-12	1.310294
-5.1	-7.77E-11	1.333507	0.1000003	-7.2E-12	1.333507
-5.2	-7.77E-11	1.356723	0.1000002	-7.3E-12	1.356723
-5.3	-7.66E-11	1.380009	0.1000001	-7.4E-12	1.380009
-5.4	-7.66E-11	1.40331	0.1	-7.3E-12	1.40331
-5.5	-7.85E-11	1.426517	0.1000001	-7.1E-12	1.426517
-5.6	-7.91E-11	1.44973	0.1000003	-7.1E-12	1.44973
-5.7	-7.76E-11	1.473009	0.1000001	-7E-12	1.473009
-5.8	-7.74E-11	1.496304	0.1	-7.5E-12	1.496304
-5.9	-7.96E-11	1.519536	0.1000002	-7E-12	1.519536
-6	-7.97E-11	1.542746	0.1000001	-7.5E-12	1.542746
-6.1	-5.91E-11	1.595309	0.1	-8.9E-12	1.595309
-6.2	-7.8E-11	1.618562	0.1000002	-6.9E-12	1.618562
-6.3	-7.95E-11	1.641792	0.1000002	-7.3E-12	1.641792
-6.4	-7.82E-11	1.665082	0.1000001	-7.1E-12	1.665082
-6.5	-7.89E-11	1.688425	0.1000001	-6.9E-12	1.688425
-6.6	-8.03E-11	1.711665	0.1	-6.8E-12	1.711665
-6.7	-8.06E-11	1.734872	0.1000003	-6.6E-12	1.734872
-6.8	-8.11E-11	1.758077	0.1000002	-7.1E-12	1.758077
-6.9	-7.94E-11	1.781366	0.1000001	-6.9E-12	1.781366
-7	-8.05E-11	1.8046	0.1	-7.1E-12	1.8046
-7.1	-8.19E-11	1.827823	0.1000001	-6.4E-12	1.827823
-7.2	-8.19E-11	1.851027	0.1	-6.4E-12	1.851027
-7.3	-8.02E-11	1.874313	0.1	-6.9E-12	1.874313
-7.4	-8E-11	1.897611	0.1	-6.9E-12	1.897611
-7.5	-8.21E-11	1.920836	0.1000002	-6.9E-12	1.920836
-7.6	-8.24E-11	1.944056	0.1	-6.4E-12	1.944056
-7.7	-8.06E-11	1.96734	0.1000001	-7E-12	1.96734
-7.8	-7.98E-11	1.99068	0.1000001	-7E-12	1.99068
-7.9	-8.31E-11	2.013903	0.1000003	-6.4E-12	2.013903
-8	-8.35E-11	2.037108	0.1000001	-6.1E-12	2.037108
-8.1	-8.2E-11	2.060396	0.1000001	-7.3E-12	2.060396
-8.2	-6.38E-11	2.096531	0.0999997	-8.5E-12	2.096531
-8.3	-8.22E-11	2.11982	0.1	-7.1E-12	2.11982
-8.4	-8.32E-11	2.143105	0.1000002	-6.8E-12	2.143105
-8.5	-8.37E-11	2.166325	0.1000001	-6.8E-12	2.166325
-8.6	-8.17E-11	2.18966	0.1000001	-7E-12	2.18966
-8.7	-8.39E-11	2.212885	0.1000002	-6.6E-12	2.212885
-8.8	-8.39E-11	2.236104	0.1	-6.6E-12	2.236104
-8.9	-8.24E-11	2.25945	0.1000001	-6.8E-12	2.25945
-9	-8.26E-11	2.282731	0.1000001	-7.1E-12	2.282731
-9.1	-8.42E-11	2.305947	0.1	-6.4E-12	2.305947
-9.2	-8.47E-11	2.329178	0.1000002	-6.7E-12	2.329178
-9.3	-8.33E-11	2.352469	0.1000002	-6.6E-12	2.352469
-9.4	-8.33E-11	2.375747	0.1000002	-6.5E-12	2.375747
-9.5	-8.49E-11	2.398961	0.1000003	-6.5E-12	2.398961
-9.6	-8.55E-11	2.422172	0.1000002	-6.7E-12	2.422172
-9.7	-8.34E-11	2.445457	0.1000001	-6.7E-12	2.445457
-9.8	-8.37E-11	2.468735	0.1000001	-6.8E-12	2.468735
-9.9	-8.63E-11	2.491949	0.1000001	-6.8E-12	2.491949
-10	-8.6E-11	2.515177	0.1000002	-6.6E-12	2.515177
-9.90001	-4.34E-11	2.538385	0.0999997	-1.04E-11	2.538385
-9.80001	-4.2E-11	2.561674	0.0999999	-1.01E-11	2.561674
-9.70001	-5.73E-11	2.602401	0.0999999	-8.4E-12	2.602401
-9.60001	-3.63E-11	2.625689	0.0999997	-1.03E-11	2.625689
-9.50001	-3.66E-11	2.649031	0.0999996	-9.9E-12	2.649031
-9.40001	-3.23E-11	2.672238	0.0999997	-1E-11	2.672238
-9.30001	-3.13E-11	2.695503	0.0999998	-1.05E-11	2.695503
-9.20001	-3.1E-11	2.718727	0.0999997	-1.03E-11	2.718727
-9.10001	-3.12E-11	2.742009	0.0999997	-1.03E-11	2.742009
-9.00001	-2.89E-11	2.765238	0.0999998	-1.07E-11	2.765238
-8.90001	-2.76E-11	2.78845	0.0999996	-1.05E-11	2.78845
-8.80001	-2.7E-11	2.811672	0.0999996	-1E-11	2.811672
-8.70001	-2.87E-11	2.834952	0.0999996	-1.01E-11	2.834952
-8.60001	-2.81E-11	2.85824	0.0999997	-1.05E-11	2.85824
-8.50001	-2.54E-11	2.881441	0.0999998	-1.03E-11	2.881441
-8.40001	-2.55E-11	2.904671	0.0999996	-1.01E-11	2.904671
-8.30001	-2.64E-11	2.927966	0.0999997	-1.01E-11	2.927966
-8.20001	-2.66E-11	2.951371	0.0999998	-9.8E-12	2.951371
-8.10001	-2.34E-11	2.974575	0.0999998	-1.03E-11	2.974575
-8.00001	-2.49E-11	2.997906	0.0999998	-9.6E-12	2.997906
-7.90001	-2.39E-11	3.021211	0.0999998	-1E-11	3.021211
-7.80001	-2.14E-11	3.044424	0.0999997	-1.05E-11	3.044424
-7.70001	-4.22E-11	3.103575	0.1	-9.2E-12	3.103575
-7.6	-2.28E-11	3.126839	0.0999997	-1.05E-11	3.126839
-7.50001	-2.25E-11	3.15007	0.0999999	-1.1E-11	3.15007
-7.40001	-2.28E-11	3.173358	0.0999998	-1.05E-11	3.173358
-7.30001	-2.11E-11	3.196646	0.0999996	-1.07E-11	3.196646
-7.2	-2E-11	3.219948	0.0999995	-1.06E-11	3.219948
-7.10001	-1.95E-11	3.243186	0.0999998	-1.08E-11	3.243186
-7.00001	-2.07E-11	3.266472	0.0999998	-1.04E-11	3.266472
-6.90001	-1.89E-11	3.289757	0.0999996	-1.09E-11	3.289757
-6.80001	-1.87E-11	3.312985	0.0999996	-1.06E-11	3.312985
-6.70001	-1.94E-11	3.336298	0.0999998	-1.1E-11	3.336298
-6.60001	-2E-11	3.359605	0.0999997	-1.06E-11	3.359605
-6.50001	-1.7E-11	3.382808	0.0999997	-1.12E-11	3.382808
-6.40001	-1.79E-11	3.40605	0.0999997	-1.09E-11	3.40605
-6.30001	-1.82E-11	3.429341	0.0999997	-1.1E-11	3.429341
-6.20001	-1.76E-11	3.452631	0.0999998	-1.09E-11	3.452631
-6.10001	-1.55E-11	3.475834	0.0999996	-1.12E-11	3.475834
-6.00001	-1.67E-11	3.499127	0.0999997	-1.08E-11	3.499127
-5.90001	-1.65E-11	3.522442	0.0999998	-1.08E-11	3.522442
-5.80001	-1.41E-11	3.545644	0.0999998	-1.12E-11	3.545644
-5.70001	-3.48E-11	3.605061	0.0999999	-9.3E-12	3.605061
-5.60001	-1.49E-11	3.628342	0.0999997	-1.12E-11	3.628342
-5.50001	-1.61E-11	3.65163	0.0999997	-1.09E-11	3.65163
-5.40001	-1.59E-11	3.674914	0.0999996	-1.08E-11	3.674914
-5.30001	-1.33E-11	3.698186	0.0999997	-1.13E-11	3.698186
-5.20001	-1.24E-11	3.721405	0.0999996	-1.11E-11	3.721405
-5.1	-1.38E-11	3.744701	0.0999999	-1.13E-11	3.744701
-5.00001	-1.18E-11	3.767913	0.0999998	-1.15E-11	3.767913
-4.90001	-1.28E-11	3.791205	0.0999996	-1.12E-11	3.791205
-4.80001	-1.25E-11	3.814501	0.0999996	-1.12E-11	3.814501
-4.7	-1.22E-11	3.837791	0.0999998	-1.09E-11	3.837791
-4.60001	-1.03E-11	3.861003	0.0999998	-1.11E-11	3.861003
-4.50001	-9.3E-12	3.884217	0.0999996	-1.12E-11	3.884217
-4.40001	-8.6E-12	3.907422	0.0999997	-1.13E-11	3.907422
-4.3	-1.05E-11	3.930712	0.0999996	-1.11E-11	3.930712
-4.20001	-8.1E-12	3.95398	0.0999996	-1.14E-11	3.95398
-4.10001	-7.7E-12	3.9772	0.0999998	-1.16E-11	3.9772
-4.00001	-7.5E-12	4.000438	0.0999996	-1.14E-11	4.000438
-3.90001	-8.2E-12	4.023735	0.0999997	-1.15E-11	4.023735
-3.80001	-6E-12	4.046939	0.0999997	-1.18E-11	4.046939
-3.70001	-2.72E-11	4.10673	0.0999997	-1.01E-11	4.10673
-3.60001	-9.2E-12	4.130178	0.0999997	-1.18E-11	4.130178
-3.50001	-5.8E-12	4.153387	0.0999997	-1.22E-11	4.153387
-3.40001	-5E-12	4.176597	0.0999997	-1.22E-11	4.176597
-3.30001	-5.9E-12	4.199935	0.0999997	-1.21E-11	4.199935
-3.20001	-5.3E-12	4.223232	0.0999997	-1.18E-11	4.223232
-3.10001	-3.2E-12	4.246455	0.0999996	-1.21E-11	4.246455
-3.00001	-2.4E-12	4.269669	0.0999997	-1.22E-11	4.269669
-2.90001	-1.9E-12	4.292946	0.0999997	-1.16E-11	4.292946
-2.80001	-2.9E-12	4.316251	0.0999996	-6.6E-12	4.316251
-2.70001	-2E-13	4.339477	0.0999998	2.45E-11	4.339477
-2.60001	1E-12	4.362679	0.0999999	1.928E-10	4.362679
-2.50001	-2E-13	4.385975	0.1	9.19E-10	4.385975
-2.40001	1E-13	4.409257	0.1000008	3.437E-09	4.409257
-2.30001	2.9E-12	4.43257	0.1000018	1.06015E-08	4.43257
-2.20001	3.8E-12	4.455773	0.1000027	2.75581E-08	4.455773
-2.099999	-1.23E-11	4.480951	0.1000154	6.1904E-08	4.480951
-2.000001	-1.58E-11	4.520484	0.1000002	1.20702E-07	4.520484
-1.9	-1.02E-11	4.545	0.1000004	2.19125E-07	4.545
-1.800001	-1.72E-11	4.609693	0.1000003	3.54252E-07	4.609693
-1.7	-1.02E-11	4.634317	0.1000006	5.49511E-07	4.634317
-1.6	-8.9E-12	4.658877	0.1000007	7.97817E-07	4.658877
-1.500001	-1.28E-11	4.695303	0.1	1.09594E-06	4.695303
-1.4	-7.3E-12	4.719919	0.1000001	1.45686E-06	4.719919
-1.3	-5.6E-12	4.744467	0.1000001	1.86908E-06	4.744467
-1.200001	-4.4E-12	4.768994	0.1000001	2.33032E-06	4.768994
-1.100001	-2.7E-12	4.7935	0.1000004	2.83731E-06	4.7935
-1	-1.8E-12	4.818019	0.1000001	3.38482E-06	4.818019
-0.900001	-2E-13	4.842534	0.1000003	3.96765E-06	4.842534
-0.8	9E-13	4.867072	0.1000001	4.58166E-06	4.867072
-0.700001	2.6E-12	4.891573	0.1000001	5.22219E-06	4.891573
-0.6	4.1E-12	4.916102	0.1	5.88509E-06	4.916102
-0.500001	5.7E-12	4.940621	0.0999998	6.56712E-06	4.940621
-0.400001	6.6E-12	4.965222	0.1000001	7.26549E-06	4.965222
-0.3	8.8E-12	4.989719	0.1000002	7.97747E-06	4.989719
-0.1999998	6.6E-12	5.016154	0.1000001	8.70115E-06	5.016154
-0.0999998	1.17E-11	5.04076	0.0999999	9.43564E-06	5.04076
3E-07	1.32E-11	5.065269	0.1	1.017877E-05	5.065269
0.0999998	8.1E-12	5.123839	0.1000001	1.09141E-05	5.123839
0.2000003	1.5E-11	5.148393	0.0999998	1.16743E-05	5.148393
0.299999	1.78E-11	5.173079	0.1000001	1.24393E-05	5.173079
0.399999	1.75E-11	5.198664	0.1	1.32097E-05	5.198664
0.5	2.18E-11	5.223216	0.1000001	1.39864E-05	5.223216
0.6	2.39E-11	5.247728	0.1000001	1.47694E-05	5.247728
0.7	2.61E-11	5.272258	0.0999998	1.55574E-05	5.272258
0.799999	2.8E-11	5.296854	0.0999999	1.63493E-05	5.296854
0.899999	2.95E-11	5.321381	0.1	1.71454E-05	5.321381
0.999999	3.15E-11	5.34589	0.1	1.79451E-05	5.34589
1.1	3.32E-11	5.370422	0.1000001	1.87471E-05	5.370422
1.2	3.5E-11	5.394945	0.1	1.95515E-05	5.394945
1.3	3.64E-11	5.419455	0.1000002	2.03583E-05	5.419455
1.4	3.77E-11	5.443961	0.1000002	2.11666E-05	5.443961
1.499999	3.85E-11	5.46851	0.1000001	2.19759E-05	5.46851
1.599999	3.96E-11	5.49305	0.1	2.27868E-05	5.49305
1.699999	4.09E-11	5.517594	0.1000002	2.35986E-05	5.517594
1.8	4.18E-11	5.542131	0.1000001	2.44109E-05	5.542131
1.9	4.23E-11	5.566646	0.1000002	2.52251E-05	5.566646
1.999999	3.66E-11	5.615238	0.1000002	2.60296E-05	5.615238
2.099999	4.2E-11	5.63979	0.1	2.6849E-05	5.63979
2.19999	4.3E-11	5.664523	0.1	2.76614E-05	5.664523
2.29999	4.38E-11	5.689042	0.1000001	2.84792E-05	5.689042
2.39999	4.49E-11	5.713611	0.1	2.92975E-05	5.713611
2.49999	4.53E-11	5.738159	0.0999999	3.01163E-05	5.738159
2.59999	4.63E-11	5.76267	0.1	3.09367E-05	5.76267
2.69999	4.62E-11	5.787199	0.1000001	3.17563E-05	5.787199
2.79999	4.67E-11	5.811738	0.1	3.25761E-05	5.811738
2.89999	4.72E-11	5.836286	0.1000001	3.33977E-05	5.836286
2.99999	4.77E-11	5.860814	0.1	3.42196E-05	5.860814
3.09999	4.81E-11	5.885391	0.1	3.50415E-05	5.885391
3.19999	4.85E-11	5.909939	0.1000001	3.58652E-05	5.909939
3.29999	4.85E-11	5.934441	0.1000001	3.66891E-05	5.934441
3.39999	4.94E-11	5.959027	0.0999999	3.75141E-05	5.959027
3.49999	4.99E-11	5.98353	0.1000002	3.83394E-05	5.98353
3.59999	4.95E-11	6.008049	0.1	3.9165E-05	6.008049
3.69999	4.99E-11	6.032549	0.1000001	3.99924E-05	6.032549
3.79999	5.01E-11	6.057082	0.0999999	4.08202E-05	6.057082
3.89999	4.36E-11	6.1146	0.1000001	4.16373E-05	6.1146
3.99999	4.89E-11	6.13927	0.1000003	4.24703E-05	6.13927
4.09999	4.97E-11	6.163787	0.1000002	4.33013E-05	6.163787
4.19999	4.98E-11	6.18832	0.1	4.41339E-05	6.18832
4.29999	5.08E-11	6.21287	0.0999999	4.49659E-05	6.21287
4.39999	5.03E-11	6.237498	0.1	4.57982E-05	6.237498
4.49999	5.13E-11	6.262012	0.1000003	4.66321E-05	6.262012
4.59999	5.12E-11	6.286543	0.1	4.74662E-05	6.286543
4.69999	5.16E-11	6.311055	0.1	4.83018E-05	6.311055
4.79999	5.22E-11	6.335664	0.1000002	4.91377E-05	6.335664
4.89999	5.25E-11	6.360199	0.1	4.99735E-05	6.360199
4.99999	5.25E-11	6.384729	0.1000003	5.08105E-05	6.384729
5.09999	5.25E-11	6.409276	0.0999999	5.16488E-05	6.409276
5.19999	5.31E-11	6.433779	0.1000001	5.24887E-05	6.433779
5.29999	5.31E-11	6.458311	0.1000002	5.33287E-05	6.458311
5.39999	5.36E-11	6.482807	0.1000001	5.41691E-05	6.482807
5.49999	5.36E-11	6.507318	0.0999999	5.5011E-05	6.507318
5.59999	5.39E-11	6.531819	0.1000003	5.58545E-05	6.531819
5.69999	5.37E-11	6.556354	0.0999999	5.66977E-05	6.556354
5.79999	4.75E-11	6.611223	0.1000002	5.75331E-05	6.611223
5.89999	5.22E-11	6.636042	0.1	5.83819E-05	6.636042
5.99999	5.33E-11	6.660572	0.1000003	5.92299E-05	6.660572
6.09999	5.36E-11	6.685082	0.1000002	6.00776E-05	6.685082
6.19999	5.38E-11	6.709696	0.0999999	6.0927E-05	6.709696
6.29999	5.42E-11	6.734245	0.1	6.17771E-05	6.734245
6.39999	5.45E-11	6.758784	0.1000002	6.26276E-05	6.758784
6.49999	5.47E-11	6.783291	0.1	6.34795E-05	6.783291
6.59999	5.45E-11	6.807855	0.1000001	6.4332E-05	6.807855
6.69999	5.51E-11	6.832366	0.1000001	6.51856E-05	6.832366
6.79999	5.55E-11	6.856939	0.1	6.60401E-05	6.856939
6.89999	5.54E-11	6.88145	0.1000001	6.6895E-05	6.88145
6.99999	5.58E-11	6.905962	0.1000001	6.77509E-05	6.905962
7.09999	5.58E-11	6.930494	0.1	6.86094E-05	6.930494
7.19999	5.57E-11	6.955042	0.0999998	6.94685E-05	6.955042
7.29999	5.64E-11	6.979555	0.1	7.03269E-05	6.979555
7.39999	5.6E-11	7.004094	0.1000001	7.11871E-05	7.004094
7.49999	5.64E-11	7.028601	0.1000004	7.20498E-05	7.028601
7.59999	5.65E-11	7.05311	0.1	7.29112E-05	7.05311
7.69999	4.87E-11	7.115093	0.1000001	7.3762E-05	7.115093
7.79999	5.4E-11	7.139727	0.0999999	7.46304E-05	7.139727
7.89999	5.46E-11	7.164319	0.0999998	7.54988E-05	7.164319
7.99999	5.51E-11	7.188846	0.1000001	7.63646E-05	7.188846
8.09999	5.61E-11	7.213426	0.0999998	7.72327E-05	7.213426
8.19999	5.63E-11	7.237939	0.0999998	7.81011E-05	7.237939
8.29999	5.71E-11	7.262394	0.1000003	7.89726E-05	7.262394
8.39999	5.68E-11	7.286985	0.1000004	7.98432E-05	7.286985
8.49999	5.7E-11	7.311523	0.0999999	8.0714E-05	7.311523
8.59999	5.69E-11	7.336045	0.0999999	8.1586E-05	7.336045
8.69999	5.7E-11	7.360591	0.1	8.2461E-05	7.360591
8.79999	5.73E-11	7.385101	0.1	8.3335E-05	7.385101
8.89999	5.74E-11	7.409634	0.1000001	8.42103E-05	7.409634
8.99999	5.79E-11	7.434156	0.1000001	8.50871E-05	7.434156
9.09999	5.78E-11	7.458702	0.1	8.59649E-05	7.458702
9.19999	5.78E-11	7.483363	0.0999999	8.68432E-05	7.483363
9.29999	5.84E-11	7.507876	0.0999998	8.77196E-05	7.507876
9.39999	5.84E-11	7.53239	0.0999998	8.86046E-05	7.53239
9.49999	5.89E-11	7.556904	0.1	8.94882E-05	7.556904
9.59999	5.28E-11	7.614258	0.1	9.03656E-05	7.614258
9.69999	5.71E-11	7.639003	0.1	9.12531E-05	7.639003
9.79999	5.77E-11	7.663561	0.1000002	9.21406E-05	7.663561
9.89999	5.8E-11	7.688085	0.1000003	9.30267E-05	7.688085
9.99999	5.86E-11	7.71266	0.0999999	9.39151E-05	7.71266
9.9	4.5E-11	7.737165	0.1000001	9.30129E-05	7.737165
9.8	4.16E-11	7.76169	0.0999999	9.21153E-05	7.76169
9.7	3.95E-11	7.786246	0.0999999	9.12214E-05	7.786246
9.6	3.76E-11	7.810771	0.0999999	9.03309E-05	7.810771
9.5	3.61E-11	7.8353	0.1	8.94394E-05	7.8353
9.4	3.54E-11	7.859841	0.0999999	8.855E-05	7.859841
9.3	3.4E-11	7.88439	0.1000001	8.7662E-05	7.88439
9.2	3.32E-11	7.908906	0.1	8.67755E-05	7.908906
9.1	3.2E-11	7.933424	0.1000001	8.58896E-05	7.933424
9	3.16E-11	7.95804	0.0999998	8.50046E-05	7.95804
8.9	3.13E-11	7.982591	0.0999998	8.41249E-05	7.982591
8.8	2.99E-11	8.007087	0.0999999	8.32421E-05	8.007087
8.7	2.95E-11	8.031628	0.0999998	8.23587E-05	8.031628
8.6	2.89E-11	8.056183	0.0999998	8.14772E-05	8.056183
8.5	3.53E-11	8.118067	0.0999999	8.06006E-05	8.118067
8.4	3.03E-11	8.142729	0.0999996	7.97215E-05	8.142729
8.3	2.85E-11	8.167241	0.0999999	7.88419E-05	8.167241
8.2	2.78E-11	8.191775	0.1000001	7.79637E-05	8.191775
8.1	2.69E-11	8.216331	0.1000001	7.70867E-05	8.216331
8	2.67E-11	8.240888	0.0999999	7.62131E-05	8.240888
7.9	2.6E-11	8.265396	0.1000002	7.53398E-05	8.265396
7.8	2.6E-11	8.289977	0.0999998	7.44663E-05	8.289977
7.7	2.48E-11	8.314524	0.0999998	7.35942E-05	8.314524
7.6	2.51E-11	8.339088	0.0999999	7.27242E-05	8.339088
7.5	2.41E-11	8.363607	0.1000001	7.18533E-05	8.363607
7.4	2.35E-11	8.388122	0.1000001	7.09852E-05	8.388122
7.3	2.31E-11	8.412662	0.0999997	7.01176E-05	8.412662
7.2	2.31E-11	8.437197	0.1	6.92509E-05	8.437197
7.1	2.26E-11	8.461744	0.1000002	6.83849E-05	8.461744
7	2.24E-11	8.486259	0.1000001	6.75185E-05	8.486259
6.9	2.14E-11	8.510763	0.0999998	6.6655E-05	8.510763
6.8	2.14E-11	8.53527	0.0999998	6.57931E-05	8.53527
6.7	2.12E-11	8.559776	0.0999998	6.49301E-05	8.559776
6.6	2.67E-11	8.617437	0.0999999	6.40755E-05	8.617437
6.5	2.24E-11	8.64199	0.0999998	6.32127E-05	8.64199
6.4	2.14E-11	8.666568	0.1	6.23536E-05	8.666568
6.3	2.06E-11	8.691083	0.1	6.14944E-05	8.691083
6.2	2E-11	8.715651	0.0999999	6.06372E-05	8.715651
6.1	1.94E-11	8.740169	0.0999999	5.97785E-05	8.740169
6	1.89E-11	8.764697	0.0999999	5.89225E-05	8.764697
5.9	1.89E-11	8.789226	0.1	5.8068E-05	8.789226
5.8	1.86E-11	8.81374	0.1000001	5.72146E-05	8.81374
5.7	1.79E-11	8.838287	0.1000002	5.63601E-05	8.838287
5.6	1.7E-11	8.862783	0.0999998	5.55075E-05	8.862783
5.5	1.66E-11	8.887341	0.0999997	5.46567E-05	8.887341
5.4	1.64E-11	8.911846	0.0999999	5.38069E-05	8.911846
5.3	1.63E-11	8.936401	0.1	5.29566E-05	8.936401
5.2	1.54E-11	8.960942	0.1000003	5.21073E-05	8.960942
5.1	1.51E-11	8.985522	0.0999998	5.12594E-05	8.985522
5	1.49E-11	9.010025	0.1	5.04129E-05	9.010025
4.9	1.46E-11	9.034573	0.1000001	4.95664E-05	9.034573
4.8	1.37E-11	9.059073	0.0999999	4.87212E-05	9.059073
4.7	2.12E-11	9.121155	0.1	4.78834E-05	9.121155
4.6	1.56E-11	9.145781	0.1000001	4.70393E-05	9.145781
4.5	1.38E-11	9.170297	0.0999999	4.6196E-05	9.170297
4.4	1.32E-11	9.194818	0.1000001	4.53529E-05	9.194818
4.3	1.26E-11	9.219378	0.0999998	4.4513E-05	9.219378
4.2	1.19E-11	9.243896	0.0999998	4.36727E-05	9.243896
4.1	1.17E-11	9.268404	0.1000001	4.28327E-05	9.268404
4	1.15E-11	9.293156	0.1000001	4.19944E-05	9.293156
3.9	1.02E-11	9.317747	0.0999999	4.11568E-05	9.317747
3.8	9.1E-12	9.34228	0.0999999	4.03199E-05	9.34228
3.7	8.7E-12	9.366836	0.0999998	3.9484E-05	9.366836
3.6	7.9E-12	9.391354	0.0999998	3.86488E-05	9.391354
3.5	7.6E-12	9.415881	0.1000002	3.78149E-05	9.415881
3.4	6.9E-12	9.440387	0.1	3.69819E-05	9.440387
3.3	6.6E-12	9.46493	0.0999998	3.61491E-05	9.46493
3.2	5.5E-12	9.489447	0.0999998	3.5317E-05	9.489447
3.1	5.5E-12	9.51412	0.0999998	3.44864E-05	9.51412
3	4.5E-12	9.53867	0.0999998	3.36572E-05	9.53867
2.9	3.7E-12	9.56318	0.0999998	3.28286E-05	9.56318
2.8	9.6E-12	9.624668	0.1	3.20061E-05	9.624668
2.7	4.2E-12	9.649238	0.1	3.11781E-05	9.649238
2.6	2.7E-12	9.67375	0.1000001	3.03517E-05	9.67375
2.5	2E-12	9.698263	0.1	2.95258E-05	9.698263
2.4	6E-13	9.727608	0.1	2.87028E-05	9.727608
2.3	2E-13	9.752138	0.1	2.78793E-05	9.752138
2.2	-1.2E-12	9.776651	0.0999999	2.70574E-05	9.776651
2.099999	1.6E-12	9.803065	0.0999999	2.62419E-05	9.803065
2	-3.1E-12	9.827597	0.0999998	2.54229E-05	9.827597
1.9	-4.1E-12	9.852127	0.0999999	2.46054E-05	9.852127
1.8	-5.7E-12	9.876587	0.1000001	2.37892E-05	9.876587
1.7	-6.5E-12	9.901111	0.1000001	2.29747E-05	9.901111
1.6	-8.2E-12	9.925619	0.1	2.21621E-05	9.925619
1.5	-9.3E-12	9.950139	0.1	2.13518E-05	9.950139
1.4	-1.04E-11	9.974709	0.1	2.05431E-05	9.974709
1.3	-1.19E-11	9.999249	0.0999999	1.97368E-05	9.999249
1.2	-1.35E-11	10.023748	0.1	1.89338E-05	10.023748
1.1	-1.5E-11	10.048262	0.0999999	1.81332E-05	10.048262
1	-1.66E-11	10.072793	0.0999999	1.73364E-05	10.072793
0.9	-1.15E-11	10.127046	0.1000001	1.65491E-05	10.127046
0.8	-1.83E-11	10.151683	0.0999996	1.57597E-05	10.151683
0.7	-2.09E-11	10.176215	0.0999999	1.49769E-05	10.176215
0.6	-2.3E-11	10.20074	0.1000001	1.41998E-05	10.20074
0.5	-2.51E-11	10.225294	0.0999999	1.34304E-05	10.225294
0.4	-2.72E-11	10.249809	0.1000002	1.26671E-05	10.249809
0.3	-3E-11	10.274316	0.0999999	1.19104E-05	10.274316
0.2	-2.88E-11	10.300791	0.0999998	1.11624E-05	10.300791
0.0999995	-3.43E-11	10.325285	0.1	1.04199E-05	10.325285
-4E-07	-3.62E-11	10.349803	0.1	9.6854E-06	10.349803
#scan	iMeasureCycle=2	iMux=0	time=279.622	N=401	LocalTime=19/04/2023 22:00:19
#VGate(V)	IGate(A)	time(s)	VDrain(V)	IDrain(A)	time(s)
-1E-07	-1.5E-11	279.629471	0.0999999	9.8644E-06	279.629471
-0.1000004	-2.25E-11	279.654374	0.0999999	9.1228E-06	279.654374
-0.1999999	-2.29E-11	279.682576	0.0999999	8.39703E-06	279.682576
-0.3	-3E-11	279.707268	0.0999999	7.67614E-06	279.707268
-0.4	-3.25E-11	279.731802	0.0999997	6.96939E-06	279.731802
-0.5	-3.54E-11	279.756314	0.0999998	6.2779E-06	279.756314
-0.6	-3.75E-11	279.780811	0.1000001	5.60396E-06	279.780811
-0.7	-3.97E-11	279.805311	0.1	4.95044E-06	279.805311
-0.8	-4.07E-11	279.83008	0.0999999	4.32087E-06	279.83008
-0.9	-4.3E-11	279.854616	0.0999997	3.71937E-06	279.854616
-1	-4.45E-11	279.879135	0.1	3.15059E-06	279.879135
-1.1	-4.56E-11	279.90367	0.0999999	2.61912E-06	279.90367
-1.2	-4.63E-11	279.928189	0.0999999	2.13045E-06	279.928189
-1.3	-4.75E-11	279.952758	0.1000001	1.68844E-06	279.952758
-1.4	-4.83E-11	279.977293	0.0999999	1.29752E-06	279.977293
-1.5	-4.89E-11	280.001944	0.1	9.6118E-07	280.001944
-1.6	-4.61E-11	280.029299	0.0999997	6.82596E-07	280.029299
-1.7	-5.04E-11	280.053808	0.0999995	4.57784E-07	280.053808
-1.8	-5.1E-11	280.078345	0.0999995	2.87383E-07	280.078345
-1.9	-5.19E-11	280.102845	0.0999996	1.66383E-07	280.102845
-2	-4.64E-11	280.140489	0.0999934	8.83235E-08	280.140489
-2.1	-4.52E-11	280.194189	0.0999971	4.16443E-08	280.194189
-2.2	-6.6E-11	280.217603	0.1000051	1.64327E-08	280.217603
-2.3	-6.71E-11	280.240824	0.1000019	5.5426E-09	280.240824
-2.4	-6.83E-11	280.26415	0.1000007	1.5479E-09	280.26415
-2.5	-6.7E-11	280.287489	0.1000003	3.459E-10	280.287489
-2.6	-6.78E-11	280.310767	0.1000002	5.68E-11	280.310767
-2.7	-7.03E-11	280.333982	0.1000002	2.2E-12	280.333982
-2.8	-7.11E-11	280.357199	0.1000002	-6.5E-12	280.357199
-2.9	-6.97E-11	280.380496	0.1000001	-7.8E-12	280.380496
-3	-7.01E-11	280.403778	0.1000001	-8.4E-12	280.403778
-3.1	-7.03E-11	280.427075	0.1000001	-8E-12	280.427075
-3.2	-7.2E-11	280.450319	0.1000002	-8.1E-12	280.450319
-3.3	-7.17E-11	280.473603	0.1000002	-7.9E-12	280.473603
-3.4	-7.11E-11	280.496919	0.1000002	-8.3E-12	280.496919
-3.5	-7.36E-11	280.520189	0.1000002	-7.9E-12	280.520189
-3.6	-7.15E-11	280.54353	0.1000002	-8E-12	280.54353
-3.7	-7.27E-11	280.566831	0.1000002	-7.6E-12	280.566831
-3.8	-7.46E-11	280.590045	0.1000003	-8.2E-12	280.590045
-3.9	-7.32E-11	280.613338	0.1000003	-8.1E-12	280.613338
-4	-7.35E-11	280.636617	0.1	-7.5E-12	280.636617
-4.1	-5.37E-11	280.695593	0.1000001	-9.3E-12	280.695593
-4.2	-7.19E-11	280.718892	0.1	-8.1E-12	280.718892
-4.3	-7.33E-11	280.742186	0.1000002	-7.8E-12	280.742186
-4.4	-7.53E-11	280.765407	0.1000002	-7.7E-12	280.765407
-4.5	-7.58E-11	280.788673	0.1000002	-7.7E-12	280.788673
-4.6	-7.34E-11	280.812003	0.1000002	-7.4E-12	280.812003
-4.7	-7.66E-11	280.835212	0.1000002	-7.2E-12	280.835212
-4.8	-7.7E-11	280.858475	0.1000002	-7.7E-12	280.858475
-4.9	-7.67E-11	280.881696	0.1	-7.5E-12	280.881696
-5	-7.45E-11	280.905112	0.1000001	-7.7E-12	280.905112
-5.1	-7.69E-11	280.928333	0.1000002	-7.5E-12	280.928333
-5.2	-7.74E-11	280.951563	0.1000002	-7.7E-12	280.951563
-5.3	-7.6E-11	280.974872	0.1000001	-7.6E-12	280.974872
-5.4	-7.66E-11	280.998171	0.1000002	-7.4E-12	280.998171
-5.5	-7.9E-11	281.021488	0.1	-7.6E-12	281.021488
-5.6	-7.9E-11	281.044698	0.1000002	-7.7E-12	281.044698
-5.7	-7.65E-11	281.068037	0.1	-7.8E-12	281.068037
-5.8	-7.92E-11	281.091261	0.1000002	-7E-12	281.091261
-5.9	-7.96E-11	281.114476	0.1	-7.9E-12	281.114476
-6	-7.97E-11	281.137687	0.1000001	-7.1E-12	281.137687
-6.1	-5.83E-11	281.194966	0.0999999	-9.1E-12	281.194966
-6.2	-7.6E-11	281.218272	0.1000001	-7.3E-12	281.218272
-6.3	-7.84E-11	281.241503	0.1	-7.4E-12	281.241503
-6.4	-7.84E-11	281.264768	0.1000003	-7.6E-12	281.264768
-6.5	-7.92E-11	281.288027	0.1000003	-7.4E-12	281.288027
-6.6	-7.74E-11	281.311315	0.1000001	-7.3E-12	281.311315
-6.7	-7.79E-11	281.334612	0.1000001	-7.4E-12	281.334612
-6.8	-8.04E-11	281.357821	0.1000002	-7.1E-12	281.357821
-6.9	-8.11E-11	281.38104	0.1000002	-7.3E-12	281.38104
-7	-7.9E-11	281.404337	0.1000001	-7.4E-12	281.404337
-7.1	-7.84E-11	281.42766	0.1000003	-7.3E-12	281.42766
-7.2	-8.13E-11	281.450868	0.1000002	-7.3E-12	281.450868
-7.3	-7.96E-11	281.474164	0.1000003	-7.5E-12	281.474164
-7.4	-8.17E-11	281.4974	0.1000001	-6.9E-12	281.4974
-7.5	-8.2E-11	281.520721	0.1000001	-7.6E-12	281.520721
-7.6	-8.24E-11	281.543986	0.1	-7.2E-12	281.543986
-7.7	-8.05E-11	281.567292	0.1000003	-7.7E-12	281.567292
-7.8	-8.06E-11	281.590575	0.1000003	-7.3E-12	281.590575
-7.9	-8.21E-11	281.613779	0.1000001	-7.1E-12	281.613779
-8	-8.05E-11	281.637072	0.1000002	-7.4E-12	281.637072
-8.1	-6.19E-11	281.695833	0.0999999	-8.7E-12	281.695833
-8.2	-8.18E-11	281.719071	0.1000002	-7.4E-12	281.719071
-8.3	-8.17E-11	281.742293	0.1000001	-7.2E-12	281.742293
-8.4	-8.03E-11	281.765595	0.1000002	-7E-12	281.765595
-8.5	-8.07E-11	281.788946	0.1000002	-7.3E-12	281.788946
-8.6	-8.13E-11	281.812238	0.1000001	-7.3E-12	281.812238
-8.7	-8.2E-11	281.835527	0.0999999	-7.7E-12	281.835527
-8.8	-8.2E-11	281.85881	0.1000001	-7.2E-12	281.85881
-8.9	-8.38E-11	281.88214	0.1000003	-7.2E-12	281.88214
-9	-8.37E-11	281.905366	0.1000001	-7.2E-12	281.905366
-9.1	-8.25E-11	281.928644	0.1000003	-7.1E-12	281.928644
-9.2	-8.22E-11	281.951927	0.0999999	-6.8E-12	281.951927
-9.3	-8.39E-11	281.975153	0.1000002	-7.1E-12	281.975153
-9.4	-8.24E-11	281.998471	0.1000001	-7.1E-12	281.998471
-9.5	-8.16E-11	282.021887	0.1000001	-7E-12	282.021887
-9.6	-8.44E-11	282.04511	0.1000002	-7.2E-12	282.04511
-9.7	-8.48E-11	282.068333	0.1000002	-7.5E-12	282.068333
-9.8	-8.38E-11	282.091632	0.1	-7.5E-12	282.091632
-9.9	-8.38E-11	282.114911	0.1	-7.3E-12	282.114911
-10	-8.58E-11	282.138118	0.1000002	-6.9E-12	282.138118
-9.90001	-5.93E-11	282.19313	0.0999999	-8.7E-12	282.19313
-9.80001	-3.83E-11	282.216391	0.0999996	-1.01E-11	282.216391
-9.70001	-3.55E-11	282.239597	0.0999997	-1.05E-11	282.239597
-9.60001	-3.58E-11	282.262892	0.0999996	-1.03E-11	282.262892
-9.50001	-3.28E-11	282.286261	0.0999999	-1.07E-11	282.286261
-9.40001	-3.18E-11	282.309476	0.0999997	-1.08E-11	282.309476
-9.30001	-3.06E-11	282.332692	0.0999997	-1.1E-11	282.332692
-9.20001	-3.16E-11	282.355983	0.0999999	-1.1E-11	282.355983
-9.10001	-3.04E-11	282.379282	0.0999998	-1.09E-11	282.379282
-9.00001	-2.8E-11	282.402491	0.0999997	-1.1E-11	282.402491
-8.90001	-2.72E-11	282.4257	0.0999998	-1.12E-11	282.4257
-8.80001	-2.68E-11	282.448928	0.0999997	-1.11E-11	282.448928
-8.70001	-2.78E-11	282.472234	0.0999998	-1.05E-11	282.472234
-8.60001	-2.51E-11	282.49547	0.0999998	-1.08E-11	282.49547
-8.50001	-2.47E-11	282.51877	0.0999997	-1.12E-11	282.51877
-8.40001	-2.58E-11	282.54212	0.0999996	-1.09E-11	282.54212
-8.30001	-2.39E-11	282.56532	0.0999996	-1.12E-11	282.56532
-8.20001	-2.35E-11	282.588642	0.0999997	-1.11E-11	282.588642
-8.10001	-2.46E-11	282.611933	0.0999999	-1.09E-11	282.611933
-8	-2.36E-11	282.635211	0.0999998	-1.08E-11	282.635211
-7.90001	-2.23E-11	282.658442	0.0999997	-1.13E-11	282.658442
-7.80001	-4.11E-11	282.699091	0.0999999	-9E-12	282.699091
-7.70001	-2.38E-11	282.722403	0.0999997	-1.11E-11	282.722403
-7.6	-2.16E-11	282.74562	0.0999998	-1.12E-11	282.74562
-7.50001	-2.11E-11	282.768834	0.0999998	-1.12E-11	282.768834
-7.40001	-2.09E-11	282.792094	0.0999998	-1.15E-11	282.792094
-7.30001	-2.19E-11	282.815395	0.0999999	-1.14E-11	282.815395
-7.2	-1.96E-11	282.838604	0.0999995	-1.1E-11	282.838604
-7.10001	-1.87E-11	282.86183	0.0999998	-1.13E-11	282.86183
-7.00001	-1.79E-11	282.885081	0.0999997	-1.14E-11	282.885081
-6.90001	-1.83E-11	282.90838	0.0999996	-1.1E-11	282.90838
-6.80001	-1.95E-11	282.931668	0.0999998	-1.09E-11	282.931668
-6.70001	-1.7E-11	282.954866	0.0999997	-1.14E-11	282.954866
-6.60001	-1.68E-11	282.978082	0.0999997	-1.18E-11	282.978082
-6.50001	-1.79E-11	283.001398	0.0999998	-1.15E-11	283.001398
-6.40001	-1.6E-11	283.024696	0.0999997	-1.16E-11	283.024696
-6.30001	-1.54E-11	283.047914	0.0999997	-1.13E-11	283.047914
-6.20001	-1.52E-11	283.071127	0.0999997	-1.2E-11	283.071127
-6.10001	-1.69E-11	283.094508	0.0999997	-1.14E-11	283.094508
-6.00001	-1.51E-11	283.11771	0.0999996	-1.14E-11	283.11771
-5.90001	-1.5E-11	283.140951	0.0999997	-1.16E-11	283.140951
-5.80001	-3.47E-11	283.196038	0.0999998	-9.8E-12	283.196038
-5.70001	-1.5E-11	283.2193	0.0999997	-1.13E-11	283.2193
-5.60001	-1.57E-11	283.242595	0.0999998	-1.14E-11	283.242595
-5.50001	-1.49E-11	283.265875	0.0999997	-1.2E-11	283.265875
-5.40001	-1.31E-11	283.289141	0.0999997	-1.2E-11	283.289141
-5.30001	-1.24E-11	283.312367	0.0999998	-1.19E-11	283.312367
-5.20001	-1.35E-11	283.335643	0.0999998	-1.17E-11	283.335643
-5.1	-1.33E-11	283.358932	0.0999997	-1.18E-11	283.358932
-5.00001	-1.11E-11	283.382139	0.0999996	-1.15E-11	283.382139
-4.90001	-1.12E-11	283.40539	0.0999997	-1.18E-11	283.40539
-4.80001	-1.22E-11	283.428676	0.0999998	-1.19E-11	283.428676
-4.7	-1.2E-11	283.45196	0.0999997	-1.18E-11	283.45196
-4.60001	-9.5E-12	283.475164	0.0999995	-1.18E-11	283.475164
-4.50001	-8.5E-12	283.498471	0.0999998	-1.17E-11	283.498471
-4.40001	-1.05E-11	283.521841	0.0999997	-1.18E-11	283.521841
-4.3	-8.2E-12	283.545121	0.0999997	-1.24E-11	283.545121
-4.20001	-7.2E-12	283.568333	0.0999997	-1.23E-11	283.568333
-4.10001	-8.8E-12	283.591633	0.0999997	-1.18E-11	283.591633
-4.00001	-6.8E-12	283.614863	0.0999997	-1.18E-11	283.614863
-3.90001	-6.9E-12	283.638098	0.0999997	-1.21E-11	283.638098
-3.80001	-5.9E-12	283.661326	0.0999995	-1.21E-11	283.661326
-3.70001	-2.58E-11	283.702628	0.0999999	-1.06E-11	283.702628
-3.60001	-6.5E-12	283.725875	0.0999997	-1.25E-11	283.725875
-3.50001	-7E-12	283.749173	0.0999997	-1.26E-11	283.749173
-3.40001	-4.3E-12	283.772387	0.0999997	-1.23E-11	283.772387
-3.30001	-3.7E-12	283.795656	0.0999998	-1.26E-11	283.795656
-3.20001	-4.6E-12	283.818957	0.0999997	-1.25E-11	283.818957
-3.10001	-3.8E-12	283.842235	0.0999997	-1.25E-11	283.842235
-3.00001	-1.2E-12	283.865432	0.0999998	-1.24E-11	283.865432
-2.90001	-9E-13	283.888785	0.0999997	-1.24E-11	283.888785
-2.80001	-1.9E-12	283.912081	0.0999997	-8.7E-12	283.912081
-2.70001	-1.8E-12	283.935368	0.0999998	1.55E-11	283.935368
-2.60001	9E-13	283.958575	0.0999997	1.5E-10	283.958575
-2.50001	-4E-13	283.981869	0.0999999	7.508E-10	283.981869
-2.40001	8E-13	284.005184	0.1000008	2.8912E-09	284.005184
-2.30001	2.4E-12	284.028482	0.1000015	9.1387E-09	284.028482
-2.20001	3.8E-12	284.051697	0.1000029	2.43271E-08	284.051697
-2.099999	-1.22E-11	284.076817	0.1000139	5.57546E-08	284.076817
-2.000001	-1.57E-11	284.116196	0.1000001	1.10204E-07	284.116196
-1.9	-1.02E-11	284.140719	0.1000003	2.02954E-07	284.140719
-1.800001	-1.71E-11	284.2055	0.1000001	3.31726E-07	284.2055
-1.7	-1.06E-11	284.230087	0.1000005	5.1895E-07	284.230087
-1.600001	-8.9E-12	284.254592	0.1000007	7.5838E-07	284.254592
-1.500001	-1.3E-11	284.290989	0.1	1.04696E-06	284.290989
-1.4	-7.1E-12	284.315515	0.1000002	1.39773E-06	284.315515
-1.300001	-5.3E-12	284.340054	0.1	1.79972E-06	284.340054
-1.200001	-4.1E-12	284.364563	0.0999999	2.25031E-06	284.364563
-1.100001	-2.9E-12	284.389113	0.0999999	2.746E-06	284.389113
-1	-1.3E-12	284.413728	0.1	3.28215E-06	284.413728
-0.9	-2E-13	284.438245	0.1	3.85382E-06	284.438245
-0.8	1E-12	284.462747	0.1	4.45624E-06	284.462747
-0.700001	2.3E-12	284.487261	0.0999999	5.08591E-06	284.487261
-0.6	3.9E-12	284.511872	0.1000002	5.73892E-06	284.511872
-0.500001	5.2E-12	284.536416	0.1000002	6.41155E-06	284.536416
-0.400001	6.6E-12	284.561002	0.0999999	7.10087E-06	284.561002
-0.3	8.5E-12	284.5855	0.1000001	7.80442E-06	284.5855
-0.1999999	6.7E-12	284.611917	0.1	8.52009E-06	284.611917
-0.0999998	1.17E-11	284.636415	0.1000002	9.24779E-06	284.636415
2E-07	1.34E-11	284.66092	0.1000002	9.98327E-06	284.66092
0.0999998	8.5E-12	284.719317	0.1000001	1.07115E-05	284.719317
0.2000003	1.53E-11	284.743814	0.0999999	1.14661E-05	284.743814
0.3	1.7E-11	284.76854	0.1	1.2225E-05	284.76854
0.399999	1.76E-11	284.794119	0.1000002	1.29899E-05	284.794119
0.5	2.18E-11	284.818675	0.1000001	1.37626E-05	284.818675
0.6	2.42E-11	284.843178	0.1000001	1.45417E-05	284.843178
0.7	2.57E-11	284.867687	0.1000001	1.5326E-05	284.867687
0.799999	2.76E-11	284.892254	0.0999999	1.61161E-05	284.892254
0.9	2.98E-11	284.916851	0.1	1.69112E-05	284.916851
0.999999	3.17E-11	284.941406	0.1	1.77103E-05	284.941406
1.1	3.33E-11	284.965914	0.1	1.85127E-05	284.965914
1.199999	3.49E-11	284.990424	0.1000001	1.93188E-05	284.990424
1.3	3.67E-11	285.015116	0.0999998	2.0127E-05	285.015116
1.399999	3.78E-11	285.039715	0.1000001	2.09376E-05	285.039715
1.5	3.92E-11	285.064243	0.1000002	2.17504E-05	285.064243
1.6	4.04E-11	285.088743	0.1	2.25652E-05	285.088743
1.699999	4.13E-11	285.113262	0.1000002	2.33811E-05	285.113262
1.8	4.21E-11	285.137772	0.1000001	2.41985E-05	285.137772
1.9	4.29E-11	285.162272	0.1	2.50165E-05	285.162272
1.999999	3.66E-11	285.210472	0.1000002	2.58297E-05	285.210472
2.099999	4.23E-11	285.235005	0.1	2.66528E-05	285.235005
2.19999	4.32E-11	285.259729	0.0999999	2.74702E-05	285.259729
2.29999	4.41E-11	285.284241	0.0999998	2.82929E-05	285.284241
2.39999	4.51E-11	285.308809	0.1000001	2.91164E-05	285.308809
2.49999	4.54E-11	285.333348	0.1	2.99403E-05	285.333348
2.59999	4.64E-11	285.357878	0.1	3.07652E-05	285.357878
2.69999	4.69E-11	285.382402	0.1000002	3.15904E-05	285.382402
2.79999	4.74E-11	285.407011	0.1	3.24162E-05	285.407011
2.89999	4.78E-11	285.431517	0.1000002	3.32418E-05	285.431517
2.99999	4.76E-11	285.456044	0.1000001	3.40677E-05	285.456044
3.09999	4.79E-11	285.480582	0.1000001	3.48942E-05	285.480582
3.19999	4.82E-11	285.505186	0.1	3.57214E-05	285.505186
3.29999	4.86E-11	285.529776	0.1000002	3.65483E-05	285.529776
3.39999	4.91E-11	285.554372	0.1000001	3.73763E-05	285.554372
3.49999	4.9E-11	285.578923	0.1000001	3.82044E-05	285.578923
3.59999	4.97E-11	285.603457	0.0999999	3.90332E-05	285.603457
3.69999	5.02E-11	285.627992	0.1000002	3.9863E-05	285.627992
3.79999	5.05E-11	285.652502	0.1000002	4.06929E-05	285.652502
3.89999	4.39E-11	285.709169	0.0999999	4.15133E-05	285.709169
3.99999	4.93E-11	285.733699	0.1000001	4.23472E-05	285.733699
4.09999	5E-11	285.758233	0.1000003	4.31798E-05	285.758233
4.19999	5.05E-11	285.78278	0.1	4.40129E-05	285.78278
4.29999	5.03E-11	285.807436	0.1	4.48465E-05	285.807436
4.39999	5.15E-11	285.831953	0.0999999	4.56805E-05	285.831953
4.49999	5.05E-11	285.856513	0.1	4.65151E-05	285.856513
4.59999	5.17E-11	285.881048	0.1000001	4.73511E-05	285.881048
4.69999	5.19E-11	285.905555	0.1000004	4.81869E-05	285.905555
4.79999	5.19E-11	285.930072	0.1000002	4.90236E-05	285.930072
4.89999	5.27E-11	285.954642	0.1	4.986E-05	285.954642
4.99999	5.31E-11	285.979141	0.1000001	5.06984E-05	285.979141
5.09999	5.2E-11	286.003886	0.1000001	5.15383E-05	286.003886
5.19999	5.28E-11	286.028488	0.1000002	5.23773E-05	286.028488
5.29999	5.31E-11	286.05302	0.0999998	5.32184E-05	286.05302
5.39999	5.31E-11	286.077549	0.1	5.40609E-05	286.077549
5.49999	5.37E-11	286.102109	0.1	5.49024E-05	286.102109
5.59999	5.36E-11	286.126664	0.1000001	5.57458E-05	286.126664
5.69999	5.4E-11	286.151194	0.1	5.65898E-05	286.151194
5.79999	4.75E-11	286.210954	0.1	5.74245E-05	286.210954
5.89999	5.25E-11	286.235547	0.1	5.8274E-05	286.235547
5.99999	5.28E-11	286.2603	0.0999999	5.91232E-05	286.2603
6.09999	5.34E-11	286.284868	0.1000003	5.99716E-05	286.284868
6.19999	5.39E-11	286.309502	0.1000003	6.08213E-05	286.309502
6.29999	5.39E-11	286.334042	0.1	6.16723E-05	286.334042
6.39999	5.43E-11	286.358591	0.1	6.25235E-05	286.358591
6.49999	5.48E-11	286.383104	0.0999998	6.33752E-05	286.383104
6.59999	5.5E-11	286.407644	0.1000001	6.4228E-05	286.407644
6.69999	5.48E-11	286.432207	0.0999999	6.50819E-05	286.432207
6.79999	5.53E-11	286.456731	0.1000001	6.59366E-05	286.456731
6.89999	5.58E-11	286.48126	0.1000001	6.67917E-05	286.48126
6.99999	5.54E-11	286.506054	0.1000001	6.76486E-05	286.506054
7.09999	5.57E-11	286.530657	0.1000003	6.85063E-05	286.530657
7.19999	5.58E-11	286.555252	0.1000001	6.93641E-05	286.555252
7.29999	5.57E-11	286.579768	0.1	7.02239E-05	286.579768
7.39999	5.64E-11	286.604272	0.1000001	7.10846E-05	286.604272
7.49999	5.62E-11	286.628805	0.1	7.1946E-05	286.628805
7.59999	5.64E-11	286.653312	0.1	7.28091E-05	286.653312
7.69999	5.04E-11	286.707874	0.1	7.36638E-05	286.707874
7.79999	5.54E-11	286.732359	0.1	7.45315E-05	286.732359
7.89999	5.52E-11	286.7569	0.1000002	7.5398E-05	286.7569
7.99999	5.59E-11	286.78144	0.1000001	7.62655E-05	286.78144
8.09999	5.59E-11	286.806022	0.0999999	7.71326E-05	286.806022
8.19999	5.66E-11	286.830547	0.0999999	7.80025E-05	286.830547
8.29999	5.66E-11	286.85508	0.1000001	7.88718E-05	286.85508
8.39999	5.65E-11	286.87961	0.0999999	7.9744E-05	286.87961
8.49999	5.67E-11	286.90422	0.1000001	8.06153E-05	286.90422
8.59999	5.74E-11	286.928761	0.0999999	8.14877E-05	286.928761
8.69999	5.76E-11	286.953282	0.1000001	8.23618E-05	286.953282
8.79999	5.82E-11	286.97779	0.0999999	8.32361E-05	286.97779
8.89999	5.78E-11	287.002309	0.1	8.41117E-05	287.002309
8.99999	5.81E-11	287.026882	0.0999998	8.499E-05	287.026882
9.09999	5.83E-11	287.051416	0.1000002	8.58673E-05	287.051416
9.19999	5.82E-11	287.075957	0.1	8.67462E-05	287.075957
9.29999	5.8E-11	287.100491	0.1000001	8.76243E-05	287.100491
9.39999	5.87E-11	287.125114	0.1	8.8507E-05	287.125114
9.49999	5.9E-11	287.149627	0.0999998	8.93921E-05	287.149627
9.59999	5.15E-11	287.21167	0.1000001	9.02672E-05	287.21167
9.69999	5.67E-11	287.236264	0.1000001	9.11558E-05	287.236264
9.79999	5.75E-11	287.260786	0.1000002	9.20431E-05	287.260786
9.89999	5.84E-11	287.285342	0.1000003	9.29304E-05	287.285342
9.99999	5.84E-11	287.309905	0.1000001	9.38188E-05	287.309905
9.9	4.53E-11	287.334423	0.0999998	9.29164E-05	287.334423
9.8	4.22E-11	287.358955	0.1	9.20212E-05	287.358955
9.7	3.97E-11	287.383498	0.0999998	9.11258E-05	287.383498
9.6	3.74E-11	287.408012	0.0999998	9.02347E-05	287.408012
9.5	3.61E-11	287.432531	0.0999998	8.93443E-05	287.432531
9.4	3.57E-11	287.457049	0.1	8.84544E-05	287.457049
9.3	3.43E-11	287.481555	0.0999998	8.75657E-05	287.481555
9.2	3.39E-11	287.506142	0.0999999	8.66782E-05	287.506142
9.1	3.23E-11	287.530759	0.1	8.57926E-05	287.530759
9	3.18E-11	287.555342	0.0999999	8.49086E-05	287.555342
8.9	3.12E-11	287.579907	0.1000001	8.40287E-05	287.579907
8.8	3.01E-11	287.604415	0.0999999	8.31446E-05	287.604415
8.7	3E-11	287.628931	0.1	8.22622E-05	287.628931
8.6	2.95E-11	287.653434	0.0999998	8.13804E-05	287.653434
8.5	3.45E-11	287.711021	0.0999999	8.05027E-05	287.711021
8.4	2.95E-11	287.735541	0.1000002	7.96226E-05	287.735541
8.3	2.89E-11	287.760074	0.0999998	7.8744E-05	287.760074
8.2	2.84E-11	287.784586	0.0999997	7.78648E-05	287.784586
8.1	2.76E-11	287.809154	0.0999998	7.6989E-05	287.809154
8	2.7E-11	287.833699	0.0999997	7.61149E-05	287.833699
7.9	2.66E-11	287.858262	0.0999998	7.52409E-05	287.858262
7.8	2.57E-11	287.882798	0.1000002	7.43679E-05	287.882798
7.7	2.49E-11	287.907373	0.0999998	7.34968E-05	287.907373
7.6	2.49E-11	287.931908	0.1	7.26267E-05	287.931908
7.5	2.44E-11	287.95641	0.1	7.1756E-05	287.95641
7.4	2.36E-11	287.980918	0.0999998	7.08873E-05	287.980918
7.3	2.31E-11	288.005422	0.0999997	7.00195E-05	288.005422
7.2	2.33E-11	288.030043	0.1000001	6.91526E-05	288.030043
7.1	2.25E-11	288.054702	0.0999999	6.82869E-05	288.054702
7	2.29E-11	288.079234	0.1000001	6.74209E-05	288.079234
6.9	2.21E-11	288.103755	0.0999999	6.65575E-05	288.103755
6.8	2.21E-11	288.128314	0.0999998	6.56937E-05	288.128314
6.7	2.1E-11	288.15284	0.0999999	6.48314E-05	288.15284
6.6	2.83E-11	288.214875	0.1000001	6.39776E-05	288.214875
6.5	2.26E-11	288.239485	0.0999999	6.31165E-05	288.239485
6.4	2.2E-11	288.264038	0.0999999	6.22562E-05	288.264038
6.3	2.13E-11	288.288563	0.0999997	6.13965E-05	288.288563
6.2	1.96E-11	288.31314	0.1000002	6.05386E-05	288.31314
6.1	1.98E-11	288.337651	0.0999998	5.9682E-05	288.337651
6	1.94E-11	288.36217	0.1	5.88251E-05	288.36217
5.9	1.88E-11	288.386689	0.1	5.79701E-05	288.386689
5.8	1.87E-11	288.411237	0.1	5.71155E-05	288.411237
5.7	1.8E-11	288.435814	0.0999998	5.62617E-05	288.435814
5.6	1.73E-11	288.46034	0.1000001	5.5409E-05	288.46034
5.5	1.68E-11	288.484862	0.1	5.45573E-05	288.484862
5.4	1.6E-11	288.509333	0.1000001	5.37068E-05	288.509333
5.3	1.63E-11	288.533941	0.1	5.28581E-05	288.533941
5.2	1.58E-11	288.558937	0.0999998	5.2009E-05	288.558937
5.1	1.56E-11	288.58347	0.1000001	5.11608E-05	288.58347
5	1.49E-11	288.607992	0.0999999	5.03141E-05	288.607992
4.9	1.48E-11	288.632518	0.1	4.94683E-05	288.632518
4.8	1.4E-11	288.657036	0.0999999	4.86232E-05	288.657036
4.7	2.03E-11	288.714246	0.1	4.7784E-05	288.714246
4.6	1.49E-11	288.738855	0.0999999	4.69392E-05	288.738855
4.5	1.4E-11	288.763385	0.1	4.60962E-05	288.763385
4.4	1.29E-11	288.787928	0.0999999	4.52543E-05	288.787928
4.3	1.25E-11	288.812495	0.1	4.44134E-05	288.812495
4.2	1.16E-11	288.837035	0.0999999	4.35735E-05	288.837035
4.1	1.14E-11	288.861579	0.0999999	4.2734E-05	288.861579
4	1.09E-11	288.886127	0.0999998	4.18955E-05	288.886127
3.9	1.03E-11	288.910759	0.1	4.10582E-05	288.910759
3.8	1E-11	288.935296	0.1	4.02209E-05	288.935296
3.7	8.9E-12	288.959848	0.1	3.93845E-05	288.959848
3.6	7.8E-12	288.984339	0.0999999	3.85495E-05	288.984339
3.5	8.6E-12	289.009109	0.1	3.77159E-05	289.009109
3.4	7.1E-12	289.03371	0.0999999	3.6883E-05	289.03371
3.3	6.4E-12	289.058224	0.1000001	3.60506E-05	289.058224
3.2	6E-12	289.082714	0.1	3.52191E-05	289.082714
3.1	5.3E-12	289.107206	0.0999997	3.43889E-05	289.107206
3	4.8E-12	289.131715	0.1	3.35585E-05	289.131715
2.9	4.2E-12	289.156229	0.1	3.27298E-05	289.156229
2.8	1.08E-11	289.218575	0.0999999	3.19081E-05	289.218575
2.7	4.7E-12	289.243174	0.0999999	3.10805E-05	289.243174
2.6	2.7E-12	289.267707	0.1000002	3.02536E-05	289.267707
2.5	2.1E-12	289.292239	0.0999999	2.94286E-05	289.292239
2.4	8E-13	289.316806	0.1000001	2.86056E-05	289.316806
2.3	0	289.341326	0.1	2.77823E-05	289.341326
2.2	-1E-12	289.365835	0.1	2.69609E-05	289.365835
2.099999	1.3E-12	289.392339	0.1	2.61459E-05	289.392339
2	-3.3E-12	289.416848	0.1000001	2.53275E-05	289.416848
1.9	-3.7E-12	289.441421	0.0999998	2.45101E-05	289.441421
1.8	-4.5E-12	289.465967	0.0999998	2.36942E-05	289.465967
1.7	-6.3E-12	289.490527	0.0999998	2.28803E-05	289.490527
1.6	-7.6E-12	289.515059	0.1	2.20678E-05	289.515059
1.5	-9E-12	289.539661	0.1	2.12574E-05	289.539661
1.4	-1.01E-11	289.564232	0.0999998	2.04494E-05	289.564232
1.3	-1.14E-11	289.588743	0.0999998	1.96434E-05	289.588743
1.2	-1.27E-11	289.613285	0.1000001	1.88405E-05	289.613285
1.1	-1.48E-11	289.637799	0.1	1.80407E-05	289.637799
1	-1.59E-11	289.662417	0.0999999	1.72446E-05	289.662417
0.9	-1.13E-11	289.721167	0.0999999	1.64579E-05	289.721167
0.8	-1.79E-11	289.745688	0.0999999	1.567E-05	289.745688
0.7	-2.06E-11	289.770211	0.0999999	1.48876E-05	289.770211
0.6	-2.3E-11	289.794729	0.0999999	1.41112E-05	289.794729
0.5	-2.51E-11	289.819289	0.0999999	1.33417E-05	289.819289
0.4	-2.72E-11	289.843847	0.0999999	1.25801E-05	289.843847
0.3	-2.92E-11	289.868433	0.0999998	1.1824E-05	289.868433
0.1999998	-2.85E-11	289.894904	0.1	1.1077E-05	289.894904
0.0999996	-3.37E-11	289.919428	0.0999999	1.03356E-05	289.919428
-5E-07	-3.6E-11	289.943974	0.0999999	9.6028E-06	289.943974
#scan	iMeasureCycle=3	iMux=0	time=319.687	N=401	LocalTime=19/04/2023 22:00:59
#VGate(V)	IGate(A)	time(s)	VDrain(V)	IDrain(A)	time(s)
-2E-07	-1.52E-11	319.694611	0.0999999	9.7796E-06	319.694611
-0.1000004	-2.3E-11	319.719524	0.0999997	9.0402E-06	319.719524
-0.1999999	-2.29E-11	319.747812	0.0999999	8.31713E-06	319.747812
-0.3	-3.01E-11	319.772529	0.0999998	7.59909E-06	319.772529
-0.4	-3.35E-11	319.797118	0.0999999	6.89481E-06	319.797118
-0.5	-3.59E-11	319.821615	0.1	6.20603E-06	319.821615
-0.6	-3.79E-11	319.846116	0.1	5.53482E-06	319.846116
-0.7	-3.98E-11	319.870624	0.1	4.88545E-06	319.870624
-0.8	-4.14E-11	319.895134	0.0999998	4.25965E-06	319.895134
-0.9	-4.31E-11	319.919671	0.1	3.66316E-06	319.919671
-1	-4.33E-11	319.944521	0.0999999	3.09878E-06	319.944521
-1.1	-4.56E-11	319.969034	0.0999997	2.57183E-06	319.969034
-1.2	-4.65E-11	319.993554	0.1000001	2.08799E-06	319.993554
-1.3	-4.78E-11	320.018138	0.1	1.65131E-06	320.018138
-1.4	-4.81E-11	320.042704	0.0999998	1.2657E-06	320.042704
-1.5	-4.95E-11	320.067245	0.1	9.3493E-07	320.067245
-1.6	-4.62E-11	320.094548	0.0999996	6.60887E-07	320.094548
-1.7	-5.04E-11	320.119148	0.0999996	4.41239E-07	320.119148
-1.8	-5.11E-11	320.143672	0.0999996	2.75281E-07	320.143672
-1.9	-5.16E-11	320.168184	0.0999999	1.58052E-07	320.168184
-2	-4.64E-11	320.205866	0.0999939	8.31596E-08	320.205866
-2.1	-4.58E-11	320.260229	0.0999968	3.87666E-08	320.260229
-2.2	-6.61E-11	320.283705	0.1000039	1.51107E-08	320.283705
-2.3	-6.69E-11	320.306943	0.1000018	5.0208E-09	320.306943
-2.4	-6.83E-11	320.330152	0.1000006	1.379E-09	320.330152
-2.5	-6.65E-11	320.353518	0.1000004	3.007E-10	320.353518
-2.6	-6.75E-11	320.376803	0.1000002	4.81E-11	320.376803
-2.7	-7.04E-11	320.400013	0.1	5E-13	320.400013
-2.8	-7.06E-11	320.423223	0.1000001	-7.3E-12	320.423223
-2.9	-6.98E-11	320.446506	0.1000001	-8.1E-12	320.446506
-3	-6.99E-11	320.469797	0.1000002	-8.2E-12	320.469797
-3.1	-7.06E-11	320.493087	0.1000002	-8.3E-12	320.493087
-3.2	-7.29E-11	320.516279	0.1000001	-8.1E-12	320.516279
-3.3	-7.11E-11	320.539634	0.1000002	-8.3E-12	320.539634
-3.4	-7.29E-11	320.562887	0.1000002	-7.8E-12	320.562887
-3.5	-7.38E-11	320.586098	0.1	-8.1E-12	320.586098
-3.6	-7.23E-11	320.609394	0.1	-8.8E-12	320.609394
-3.7	-7.28E-11	320.63274	0.0999999	-8.6E-12	320.63274
-3.8	-7.46E-11	320.655962	0.0999999	-7.9E-12	320.655962
-3.9	-7.41E-11	320.67921	0.1000002	-8E-12	320.67921
-4	-7.34E-11	320.702499	0.1	-8.5E-12	320.702499
-4.1	-5.37E-11	320.761469	0.0999999	-9.3E-12	320.761469
-4.2	-7.17E-11	320.784772	0.1000003	-7.6E-12	320.784772
-4.3	-7.25E-11	320.808075	0.1000001	-8E-12	320.808075
-4.4	-7.36E-11	320.831366	0.1000002	-8.3E-12	320.831366
-4.5	-7.56E-11	320.854633	0.1000002	-8E-12	320.854633
-4.6	-7.45E-11	320.877923	0.1000001	-8E-12	320.877923
-4.7	-7.58E-11	320.901143	0.1000002	-7.6E-12	320.901143
-4.8	-7.48E-11	320.924516	0.1000002	-8.1E-12	320.924516
-4.9	-7.65E-11	320.947788	0.1	-8.1E-12	320.947788
-5	-7.56E-11	320.97111	0.1000002	-8.1E-12	320.97111
-5.1	-7.75E-11	320.994343	0.1000003	-7.7E-12	320.994343
-5.2	-7.79E-11	321.017554	0.1000002	-8.1E-12	321.017554
-5.3	-7.68E-11	321.040923	0.1000001	-8E-12	321.040923
-5.4	-7.84E-11	321.064164	0.1000002	-8.2E-12	321.064164
-5.5	-7.89E-11	321.087372	0.1000002	-8E-12	321.087372
-5.6	-7.71E-11	321.110663	0.1000003	-8.2E-12	321.110663
-5.7	-7.73E-11	321.134044	0.1000001	-8.2E-12	321.134044
-5.8	-7.78E-11	321.157304	0.1000002	-7.8E-12	321.157304
-5.9	-7.96E-11	321.180525	0.1000002	-8E-12	321.180525
-6	-7.95E-11	321.203757	0.1000002	-7.8E-12	321.203757
-6.1	-5.97E-11	321.255844	0.0999998	-9.4E-12	321.255844
-6.2	-7.68E-11	321.279158	0.1000002	-7.7E-12	321.279158
-6.3	-7.9E-11	321.302421	0.1000001	-7.7E-12	321.302421
-6.4	-7.93E-11	321.325639	0.1	-7.4E-12	321.325639
-6.5	-7.77E-11	321.34898	0.1	-7.2E-12	321.34898
-6.6	-8.02E-11	321.372212	0.1000001	-7.4E-12	321.372212
-6.7	-8.03E-11	321.395435	0.1000002	-7.8E-12	321.395435
-6.8	-8.11E-11	321.418647	0.1	-7.6E-12	321.418647
-6.9	-7.98E-11	321.441948	0.1000001	-7.5E-12	321.441948
-7	-7.98E-11	321.465232	0.0999999	-7.6E-12	321.465232
-7.1	-8.04E-11	321.488472	0.1000001	-7.4E-12	321.488472
-7.2	-8.13E-11	321.511685	0.1000003	-7.5E-12	321.511685
-7.3	-8.19E-11	321.534892	0.1000001	-7.4E-12	321.534892
-7.4	-8.03E-11	321.558205	0.1000001	-7.7E-12	321.558205
-7.5	-8.18E-11	321.581435	0.1000003	-7.2E-12	321.581435
-7.6	-8.24E-11	321.604667	0.1000001	-7.4E-12	321.604667
-7.7	-8.29E-11	321.627929	0.1000002	-7.3E-12	321.627929
-7.8	-8.09E-11	321.651309	0.1000002	-7.7E-12	321.651309
-7.9	-8.28E-11	321.674523	0.1000002	-7.4E-12	321.674523
-8	-8.13E-11	321.697816	0.1000001	-7.5E-12	321.697816
-8.1	-8.15E-11	321.721106	0.1000001	-8E-12	321.721106
-8.2	-6.28E-11	321.761479	0.0999999	-8.8E-12	321.761479
-8.3	-8.2E-11	321.784745	0.0999999	-7.1E-12	321.784745
-8.4	-8.24E-11	321.807972	0.1000001	-7.3E-12	321.807972
-8.5	-8.3E-11	321.83118	0.1000003	-6.9E-12	321.83118
-8.6	-8.14E-11	321.854519	0.1000001	-7.3E-12	321.854519
-8.7	-8.15E-11	321.877813	0.1000001	-7.3E-12	321.877813
-8.8	-8.24E-11	321.901105	0.1000002	-7.4E-12	321.901105
-8.9	-8.42E-11	321.92431	0.1	-7.1E-12	321.92431
-9	-8.25E-11	321.947595	0.1000002	-7.4E-12	321.947595
-9.1	-8.43E-11	321.970871	0.1	-7.1E-12	321.970871
-9.2	-8.43E-11	321.99409	0.1	-7.1E-12	321.99409
-9.3	-8.48E-11	322.017312	0.1000002	-7.3E-12	322.017312
-9.4	-8.28E-11	322.040603	0.1000001	-7.4E-12	322.040603
-9.5	-8.29E-11	322.063907	0.1000002	-7.6E-12	322.063907
-9.6	-8.57E-11	322.087123	0.1000001	-7.3E-12	322.087123
-9.7	-8.39E-11	322.110408	0.1	-7.2E-12	322.110408
-9.8	-8.33E-11	322.133797	0.1000001	-7E-12	322.133797
-9.9	-8.52E-11	322.157055	0.0999999	-6.6E-12	322.157055
-10	-8.56E-11	322.180272	0.1000001	-6.9E-12	322.180272
-9.90001	-4.52E-11	322.203562	0.0999997	-1.04E-11	322.203562
-9.80001	-5.81E-11	322.263129	0.1000001	-8.9E-12	322.263129
-9.70001	-3.64E-11	322.286407	0.0999999	-1.05E-11	322.286407
-9.60001	-3.47E-11	322.309618	0.0999999	-1.07E-11	322.309618
-9.50001	-3.39E-11	322.33291	0.0999998	-1.07E-11	322.33291
-9.40001	-3.32E-11	322.356232	0.0999997	-1.05E-11	322.356232
-9.30001	-3.15E-11	322.379461	0.0999999	-1.09E-11	322.379461
-9.20001	-2.99E-11	322.402705	0.0999997	-1.07E-11	322.402705
-9.10001	-3.05E-11	322.426	0.0999999	-1.1E-11	322.426
-9.00001	-2.89E-11	322.449212	0.0999997	-1.1E-11	322.449212
-8.90001	-2.78E-11	322.472439	0.0999996	-1.09E-11	322.472439
-8.80001	-2.87E-11	322.495731	0.0999996	-1.13E-11	322.495731
-8.70001	-2.78E-11	322.519013	0.0999995	-1.12E-11	322.519013
-8.60001	-2.64E-11	322.542232	0.0999998	-1.13E-11	322.542232
-8.50001	-2.53E-11	322.56547	0.0999998	-1.11E-11	322.56547
-8.40001	-2.64E-11	322.588762	0.0999997	-1.11E-11	322.588762
-8.30001	-2.55E-11	322.612055	0.0999997	-1.1E-11	322.612055
-8.20001	-2.36E-11	322.635341	0.0999997	-1.11E-11	322.635341
-8.10001	-2.34E-11	322.658551	0.0999995	-1.09E-11	322.658551
-8.00001	-2.43E-11	322.681849	0.0999997	-1.09E-11	322.681849
-7.90001	-2.41E-11	322.705138	0.0999997	-1.12E-11	322.705138
-7.80001	-4.2E-11	322.760029	0.0999998	-9.2E-12	322.760029
-7.70001	-2.43E-11	322.783353	0.0999997	-1.1E-11	322.783353
-7.6	-2.14E-11	322.806581	0.0999997	-1.11E-11	322.806581
-7.50001	-2.12E-11	322.829803	0.0999996	-1.16E-11	322.829803
-7.40001	-2.21E-11	322.853147	0.0999997	-1.15E-11	322.853147
-7.30001	-2.02E-11	322.876455	0.0999998	-1.16E-11	322.876455
-7.2	-2.12E-11	322.899752	0.0999997	-1.1E-11	322.899752
-7.10001	-2.03E-11	322.923124	0.0999998	-1.11E-11	322.923124
-7.00001	-2.03E-11	322.946418	0.0999997	-1.13E-11	322.946418
-6.90001	-1.82E-11	322.969679	0.0999996	-1.18E-11	322.969679
-6.80001	-1.8E-11	322.992898	0.0999997	-1.2E-11	322.992898
-6.70001	-1.91E-11	323.016191	0.0999998	-1.18E-11	323.016191
-6.60001	-1.9E-11	323.039476	0.0999997	-1.2E-11	323.039476
-6.50001	-1.65E-11	323.062698	0.0999997	-1.14E-11	323.062698
-6.40001	-1.65E-11	323.085955	0.0999998	-1.18E-11	323.085955
-6.30001	-1.77E-11	323.109258	0.0999996	-1.15E-11	323.109258
-6.20001	-1.58E-11	323.132573	0.0999997	-1.17E-11	323.132573
-6.10001	-1.51E-11	323.155791	0.0999999	-1.16E-11	323.155791
-6.00001	-1.46E-11	323.179022	0.0999997	-1.18E-11	323.179022
-5.90001	-1.64E-11	323.20232	0.0999997	-1.2E-11	323.20232
-5.80001	-1.47E-11	323.225548	0.0999997	-1.2E-11	323.225548
-5.70001	-3.31E-11	323.261906	0.1	-9.9E-12	323.261906
-5.60001	-1.42E-11	323.285163	0.0999996	-1.14E-11	323.285163
-5.50001	-1.59E-11	323.308533	0.0999998	-1.15E-11	323.308533
-5.40001	-1.29E-11	323.331737	0.0999996	-1.2E-11	323.331737
-5.30001	-1.24E-11	323.355007	0.0999996	-1.18E-11	323.355007
-5.20001	-1.31E-11	323.378314	0.0999997	-1.14E-11	323.378314
-5.1	-1.29E-11	323.401613	0.0999996	-1.17E-11	323.401613
-5.00001	-1.12E-11	323.424827	0.0999999	-1.19E-11	323.424827
-4.90001	-1.03E-11	323.448037	0.0999997	-1.21E-11	323.448037
-4.80001	-1.2E-11	323.471332	0.0999997	-1.21E-11	323.471332
-4.7	-1.17E-11	323.494612	0.0999998	-1.2E-11	323.494612
-4.60001	-9.2E-12	323.517809	0.0999997	-1.22E-11	323.517809
-4.50001	-8.7E-12	323.541026	0.0999997	-1.23E-11	323.541026
-4.40001	-8.7E-12	323.564255	0.0999998	-1.23E-11	323.564255
-4.3	-9.9E-12	323.587555	0.0999997	-1.19E-11	323.587555
-4.20001	-6.9E-12	323.610771	0.0999999	-1.23E-11	323.610771
-4.10001	-7E-12	323.63405	0.0999998	-1.25E-11	323.63405
-4.00001	-6.9E-12	323.657284	0.0999998	-1.22E-11	323.657284
-3.90001	-7.8E-12	323.680574	0.0999998	-1.19E-11	323.680574
-3.80001	-5.5E-12	323.703777	0.0999996	-1.25E-11	323.703777
-3.70001	-5.2E-12	323.727	0.0999997	-1.23E-11	323.727
-3.60001	-2.43E-11	323.763386	0.0999999	-1.05E-11	323.763386
-3.50001	-7.2E-12	323.786698	0.0999996	-1.26E-11	323.786698
-3.40001	-6.4E-12	323.809998	0.0999997	-1.25E-11	323.809998
-3.30001	-3.8E-12	323.833218	0.0999997	-1.27E-11	323.833218
-3.20001	-3.2E-12	323.856483	0.0999997	-1.28E-11	323.856483
-3.10001	-4.2E-12	323.879775	0.0999996	-1.26E-11	323.879775
-3.00001	-2.1E-12	323.903061	0.0999996	-1.29E-11	323.903061
-2.90001	-1.1E-12	323.926273	0.0999997	-1.24E-11	323.926273
-2.80001	-2.2E-12	323.949572	0.0999998	-9.3E-12	323.949572
-2.70001	-1.4E-12	323.972921	0.0999999	1.17E-11	323.972921
-2.60001	6E-13	323.996143	0.0999997	1.295E-10	323.996143
-2.50001	2.3E-12	324.019363	0.0999999	6.585E-10	324.019363
-2.40001	2.7E-12	324.042565	0.1000005	2.5819E-09	324.042565
-2.30001	3.5E-12	324.065771	0.1000014	8.3126E-09	324.065771
-2.20001	2.1E-12	324.089073	0.100003	2.24031E-08	324.089073
-2.099999	-1.26E-11	324.11426	0.1000123	5.20652E-08	324.11426
-2.000001	-1.61E-11	324.162347	0.1	1.03474E-07	324.162347
-1.900001	-1.08E-11	324.186896	0.1000003	1.93074E-07	324.186896
-1.800001	-9.7E-12	324.211485	0.1000005	3.24376E-07	324.211485
-1.700001	-1.53E-11	324.272745	0.1000002	4.98471E-07	324.272745
-1.6	-9.5E-12	324.29733	0.1000008	7.34366E-07	324.29733
-1.5	-7.6E-12	324.321853	0.1000007	1.023779E-06	324.321853
-1.400001	-1.16E-11	324.358736	0.1000001	1.36098E-06	324.358736
-1.3	-6.1E-12	324.383261	0.1	1.75975E-06	324.383261
-1.200001	-4.4E-12	324.407799	0.0999999	2.2061E-06	324.407799
-1.100001	-2.9E-12	324.432336	0.1000001	2.69707E-06	324.432336
-1	-1.7E-12	324.456856	0.1000002	3.22959E-06	324.456856
-0.9	-3E-13	324.481363	0.1000001	3.79674E-06	324.481363
-0.8	1.3E-12	324.505863	0.1000001	4.39506E-06	324.505863
-0.7	2.2E-12	324.5304	0.1000001	5.0214E-06	324.5304
-0.6	3.7E-12	324.55493	0.0999999	5.67071E-06	324.55493
-0.500001	5.4E-12	324.579487	0.1000001	6.33978E-06	324.579487
-0.4	6.9E-12	324.604004	0.1	7.02609E-06	324.604004
-0.3	8.2E-12	324.628609	0.1000001	7.72734E-06	324.628609
-0.1999999	6.9E-12	324.655022	0.1	8.44018E-06	324.655022
-0.0999997	1.15E-11	324.679514	0.1000003	9.1645E-06	324.679514
4E-07	1.28E-11	324.70402	0.1	9.89824E-06	324.70402
0.1	6.8E-12	324.778962	0.1	1.06217E-05	324.778962
0.2000004	1.42E-11	324.803518	0.1	1.13741E-05	324.803518
0.3	1.65E-11	324.82825	0.1	1.21319E-05	324.82825
0.4	1.89E-11	324.852783	0.1000001	1.28968E-05	324.852783
0.5	2.13E-11	324.877379	0.1	1.36679E-05	324.877379
0.599999	2.37E-11	324.901899	0.1000001	1.44449E-05	324.901899
0.7	2.55E-11	324.926488	0.0999998	1.52287E-05	324.926488
0.799999	2.74E-11	324.951006	0.1	1.60172E-05	324.951006
0.9	2.98E-11	324.975602	0.0999999	1.68106E-05	324.975602
0.999999	3.15E-11	325.000157	0.0999999	1.76081E-05	325.000157
1.1	3.29E-11	325.024667	0.1000001	1.84098E-05	325.024667
1.2	3.44E-11	325.049189	0.1	1.92146E-05	325.049189
1.3	3.61E-11	325.073712	0.1000001	2.00223E-05	325.073712
1.399999	3.77E-11	325.098257	0.1000001	2.08325E-05	325.098257
1.5	3.88E-11	325.12277	0.1000001	2.16453E-05	325.12277
1.6	4.02E-11	325.147385	0.0999999	2.24589E-05	325.147385
1.699999	4.12E-11	325.171885	0.1000001	2.32743E-05	325.171885
1.8	4.18E-11	325.196421	0.0999998	2.40915E-05	325.196421
1.9	4.26E-11	325.22092	0.1000003	2.49103E-05	325.22092
1.999999	3.68E-11	325.276078	0.1000001	2.5723E-05	325.276078
2.099999	4.21E-11	325.300698	0.1	2.65458E-05	325.300698
2.19999	4.3E-11	325.32542	0.1	2.73635E-05	325.32542
2.29999	4.4E-11	325.349933	0.1	2.81869E-05	325.349933
2.39999	4.45E-11	325.374515	0.0999998	2.90104E-05	325.374515
2.49999	4.55E-11	325.399033	0.0999999	2.98352E-05	325.399033
2.59999	4.62E-11	325.423567	0.1	3.06611E-05	325.423567
2.69999	4.65E-11	325.448103	0.0999998	3.14874E-05	325.448103
2.79999	4.7E-11	325.472613	0.1	3.23138E-05	325.472613
2.89999	4.76E-11	325.497151	0.1000002	3.31411E-05	325.497151
2.99999	4.83E-11	325.521672	0.1	3.39692E-05	325.521672
3.09999	4.86E-11	325.546208	0.0999999	3.47974E-05	325.546208
3.19999	4.87E-11	325.570723	0.1000001	3.56256E-05	325.570723
3.29999	4.93E-11	325.595237	0.1	3.64547E-05	325.595237
3.39999	4.95E-11	325.619793	0.1	3.72844E-05	325.619793
3.49999	5E-11	325.644386	0.0999999	3.81138E-05	325.644386
3.59999	4.99E-11	325.668926	0.1	3.89443E-05	325.668926
3.69999	5.04E-11	325.69343	0.1	3.97751E-05	325.69343
3.79999	5.05E-11	325.717977	0.1000001	4.06069E-05	325.717977
3.89999	4.41E-11	325.774639	0.1000002	4.14291E-05	325.774639
3.99999	4.95E-11	325.799155	0.1	4.2264E-05	325.799155
4.09999	5.02E-11	325.823681	0.0999998	4.30987E-05	325.823681
4.19999	5.06E-11	325.848227	0.1000001	4.39332E-05	325.848227
4.29999	5.12E-11	325.872794	0.0999999	4.47671E-05	325.872794
4.39999	5.16E-11	325.897402	0.1000002	4.5602E-05	325.897402
4.49999	5.16E-11	325.921947	0.1000001	4.64374E-05	325.921947
4.59999	5.15E-11	325.946472	0.1000002	4.72728E-05	325.946472
4.69999	5.2E-11	325.971043	0.1	4.81099E-05	325.971043
4.79999	5.26E-11	325.995554	0.0999999	4.89472E-05	325.995554
4.89999	5.28E-11	326.020116	0.1	4.97849E-05	326.020116
4.99999	5.29E-11	326.044626	0.0999998	5.06233E-05	326.044626
5.09999	5.3E-11	326.069148	0.0999999	5.14628E-05	326.069148
5.19999	5.28E-11	326.093708	0.1	5.23033E-05	326.093708
5.29999	5.33E-11	326.118242	0.1000001	5.3145E-05	326.118242
5.39999	5.36E-11	326.142845	0.0999999	5.39857E-05	326.142845
5.49999	5.38E-11	326.167376	0.1000003	5.48284E-05	326.167376
5.59999	5.4E-11	326.191881	0.1	5.56727E-05	326.191881
5.69999	5.4E-11	326.21643	0.0999998	5.6517E-05	326.21643
5.79999	4.75E-11	326.27649	0.0999999	5.73518E-05	326.27649
5.89999	5.22E-11	326.301061	0.1000001	5.82019E-05	326.301061
5.99999	5.28E-11	326.325584	0.1000002	5.90501E-05	326.325584
6.09999	5.39E-11	326.350092	0.1000001	5.99001E-05	326.350092
6.19999	5.43E-11	326.374684	0.1000002	6.07492E-05	326.374684
6.29999	5.44E-11	326.399201	0.1000002	6.15997E-05	326.399201
6.39999	5.41E-11	326.42377	0.0999999	6.24513E-05	326.42377
6.49999	5.48E-11	326.448272	0.1	6.33038E-05	326.448272
6.59999	5.49E-11	326.472793	0.1000001	6.41567E-05	326.472793
6.69999	5.48E-11	326.49733	0.1000001	6.50108E-05	326.49733
6.79999	5.56E-11	326.521869	0.1	6.58656E-05	326.521869
6.89999	5.57E-11	326.546399	0.1000001	6.67219E-05	326.546399
6.99999	5.6E-11	326.570905	0.1	6.75782E-05	326.570905
7.09999	5.61E-11	326.595482	0.1000002	6.84362E-05	326.595482
7.19999	5.61E-11	326.620032	0.1000002	6.92945E-05	326.620032
7.29999	5.62E-11	326.644638	0.1000001	7.01552E-05	326.644638
7.39999	5.69E-11	326.669148	0.1	7.10146E-05	326.669148
7.49999	5.68E-11	326.693679	0.1	7.18775E-05	326.693679
7.59999	5.66E-11	326.718236	0.1	7.27397E-05	326.718236
7.69999	5.01E-11	326.777872	0.1000002	7.35938E-05	326.777872
7.79999	5.56E-11	326.802389	0.1000001	7.44616E-05	326.802389
7.89999	5.52E-11	326.827038	0.1	7.53283E-05	326.827038
7.99999	5.65E-11	326.851543	0.1	7.61948E-05	326.851543
8.09999	5.66E-11	326.876117	0.1000001	7.70631E-05	326.876117
8.19999	5.7E-11	326.900618	0.0999998	7.79339E-05	326.900618
8.29999	5.68E-11	326.925251	0.1	7.88032E-05	326.925251
8.39999	5.73E-11	326.949788	0.1000001	7.96741E-05	326.949788
8.49999	5.76E-11	326.974351	0.1000001	8.05469E-05	326.974351
8.59999	5.78E-11	326.998868	0.1	8.14191E-05	326.998868
8.69999	5.76E-11	327.023503	0.1	8.22927E-05	327.023503
8.79999	5.78E-11	327.048043	0.1000002	8.31674E-05	327.048043
8.89999	5.85E-11	327.072581	0.0999997	8.40444E-05	327.072581
8.99999	5.82E-11	327.097145	0.0999999	8.49213E-05	327.097145
9.09999	5.84E-11	327.121657	0.0999999	8.57985E-05	327.121657
9.19999	5.86E-11	327.146265	0.1000003	8.66775E-05	327.146265
9.29999	5.88E-11	327.170779	0.1	8.75558E-05	327.170779
9.39999	5.91E-11	327.195288	0.1000001	8.84393E-05	327.195288
9.49999	5.86E-11	327.2198	0.0999999	8.93232E-05	327.2198
9.59999	5.24E-11	327.279396	0.1	9.02007E-05	327.279396
9.69999	5.73E-11	327.303968	0.0999999	9.10884E-05	327.303968
9.79999	5.81E-11	327.328503	0.1000001	9.1976E-05	327.328503
9.89999	5.87E-11	327.353046	0.1000001	9.2863E-05	327.353046
9.99999	5.91E-11	327.377626	0.0999999	9.37514E-05	327.377626
9.9	4.59E-11	327.402154	0.1000003	9.28486E-05	327.402154
9.8	4.24E-11	327.426661	0.0999997	9.19523E-05	327.426661
9.7	3.99E-11	327.451207	0.0999998	9.10584E-05	327.451207
9.6	3.77E-11	327.475707	0.1000001	9.01663E-05	327.475707
9.5	3.69E-11	327.500235	0.0999999	8.92749E-05	327.500235
9.4	3.56E-11	327.524745	0.0999997	8.8387E-05	327.524745
9.3	3.46E-11	327.549266	0.0999997	8.7499E-05	327.549266
9.2	3.33E-11	327.573801	0.1	8.66108E-05	327.573801
9.1	3.17E-11	327.598343	0.1	8.57253E-05	327.598343
9	3.16E-11	327.622882	0.0999996	8.48418E-05	327.622882
8.9	3.17E-11	327.647462	0.1000001	8.39619E-05	327.647462
8.8	3.06E-11	327.671972	0.1000001	8.3078E-05	327.671972
8.7	2.98E-11	327.696499	0.1	8.21953E-05	327.696499
8.6	2.93E-11	327.72102	0.0999998	8.13137E-05	327.72102
8.5	3.44E-11	327.780964	0.0999998	8.04373E-05	327.780964
8.4	2.94E-11	327.805469	0.1	7.95561E-05	327.805469
8.3	2.93E-11	327.830014	0.1000001	7.86771E-05	327.830014
8.2	2.83E-11	327.85458	0.0999999	7.7799E-05	327.85458
8.1	2.8E-11	327.879151	0.0999998	7.69238E-05	327.879151
8	2.71E-11	327.903683	0.1000001	7.60477E-05	327.903683
7.9	2.61E-11	327.928195	0.1	7.51742E-05	327.928195
7.8	2.57E-11	327.952724	0.0999998	7.43011E-05	327.952724
7.7	2.57E-11	327.97732	0.0999998	7.34299E-05	327.97732
7.6	2.51E-11	328.001846	0.1000001	7.25588E-05	328.001846
7.5	2.43E-11	328.026373	0.1000001	7.16878E-05	328.026373
7.4	2.41E-11	328.050922	0.1000001	7.08202E-05	328.050922
7.3	2.35E-11	328.07545	0.0999998	6.99525E-05	328.07545
7.2	2.3E-11	328.099988	0.1000002	6.90847E-05	328.099988
7.1	2.26E-11	328.124445	0.0999999	6.82181E-05	328.124445
7	2.24E-11	328.149049	0.0999998	6.73535E-05	328.149049
6.9	2.24E-11	328.173589	0.1	6.64899E-05	328.173589
6.8	2.15E-11	328.198133	0.1	6.56266E-05	328.198133
6.7	2.08E-11	328.222752	0.1	6.47634E-05	328.222752
6.6	2.76E-11	328.282743	0.1	6.3908E-05	328.282743
6.5	2.26E-11	328.307329	0.0999998	6.30471E-05	328.307329
6.4	2.19E-11	328.331837	0.0999998	6.21874E-05	328.331837
6.3	2.03E-11	328.356358	0.0999999	6.13271E-05	328.356358
6.2	2.02E-11	328.380957	0.1000001	6.04692E-05	328.380957
6.1	1.96E-11	328.405466	0.0999999	5.96124E-05	328.405466
6	1.93E-11	328.430005	0.0999999	5.87568E-05	328.430005
5.9	1.86E-11	328.454525	0.0999998	5.79011E-05	328.454525
5.8	1.81E-11	328.479068	0.0999999	5.70472E-05	328.479068
5.7	1.79E-11	328.503583	0.0999999	5.61941E-05	328.503583
5.6	1.71E-11	328.528144	0.0999999	5.53413E-05	328.528144
5.5	1.72E-11	328.552661	0.0999999	5.44893E-05	328.552661
5.4	1.79E-11	328.577441	0.1000001	5.36386E-05	328.577441
5.3	1.66E-11	328.601994	0.1	5.27897E-05	328.601994
5.2	1.63E-11	328.626602	0.0999998	5.19409E-05	328.626602
5.1	1.56E-11	328.651169	0.0999999	5.10925E-05	328.651169
5	1.48E-11	328.675698	0.1	5.02455E-05	328.675698
4.9	1.45E-11	328.700257	0.1000001	4.94005E-05	328.700257
4.8	1.43E-11	328.724808	0.1000001	4.85549E-05	328.724808
4.7	2.01E-11	328.7838	0.0999999	4.77158E-05	328.7838
4.6	1.47E-11	328.808312	0.0999997	4.68711E-05	328.808312
4.5	1.37E-11	328.832846	0.1	4.60283E-05	328.832846
4.4	1.28E-11	328.857364	0.1000001	4.51858E-05	328.857364
4.3	1.2E-11	328.881973	0.1	4.43454E-05	328.881973
4.2	1.17E-11	328.906502	0.0999998	4.35048E-05	328.906502
4.1	1.13E-11	328.931122	0.0999998	4.26654E-05	328.931122
4	1.07E-11	328.95564	0.0999997	4.18273E-05	328.95564
3.9	1.03E-11	328.980234	0.0999999	4.09892E-05	328.980234
3.8	1.01E-11	329.004794	0.1	4.01518E-05	329.004794
3.7	8.9E-12	329.029326	0.1	3.93159E-05	329.029326
3.6	8.6E-12	329.053897	0.0999999	3.84813E-05	329.053897
3.5	7.7E-12	329.07842	0.0999998	3.76469E-05	329.07842
3.4	7.1E-12	329.102983	0.1	3.68141E-05	329.102983
3.3	6.6E-12	329.127485	0.0999998	3.59813E-05	329.127485
3.2	5.9E-12	329.152115	0.1	3.51502E-05	329.152115
3.1	5.1E-12	329.176637	0.0999999	3.43195E-05	329.176637
3	4.5E-12	329.201149	0.0999998	3.34898E-05	329.201149
2.9	3.5E-12	329.225677	0.0999999	3.26609E-05	329.225677
2.8	9.7E-12	329.286014	0.1	3.18391E-05	329.286014
2.7	4.2E-12	329.310583	0.1000001	3.10118E-05	329.310583
2.6	2.5E-12	329.335198	0.0999998	3.01856E-05	329.335198
2.5	1.7E-12	329.359708	0.0999998	2.93605E-05	329.359708
2.4	4E-13	329.384285	0.1	2.85363E-05	329.384285
2.3	-7E-13	329.408798	0.1000002	2.77138E-05	329.408798
2.2	-1.6E-12	329.433312	0.1	2.6893E-05	329.433312
2.099999	1.7E-12	329.459741	0.0999997	2.60788E-05	329.459741
2	-3.3E-12	329.484292	0.1	2.52604E-05	329.484292
1.9	-4.3E-12	329.508801	0.0999999	2.44433E-05	329.508801
1.8	-5.2E-12	329.533372	0.1000002	2.36274E-05	329.533372
1.7	-6.5E-12	329.557884	0.1	2.28134E-05	329.557884
1.6	-7.5E-12	329.582438	0.1	2.2001E-05	329.582438
1.5	-8.7E-12	329.606947	0.1	2.11906E-05	329.606947
1.4	-9.8E-12	329.631467	0.0999999	2.03827E-05	329.631467
1.3	-1.15E-11	329.656051	0.0999998	1.95775E-05	329.656051
1.2	-1.31E-11	329.680564	0.0999999	1.87745E-05	329.680564
1.1	-1.44E-11	329.705091	0.1	1.79755E-05	329.705091
1	-1.61E-11	329.729597	0.0999999	1.71797E-05	329.729597
0.9	-1.18E-11	329.782809	0.1	1.63929E-05	329.782809
0.8	-1.77E-11	329.807326	0.1	1.56051E-05	329.807326
0.7	-2.05E-11	329.831862	0.0999998	1.4823E-05	329.831862
0.6	-2.26E-11	329.856404	0.0999999	1.40482E-05	329.856404
0.5	-2.5E-11	329.880951	0.1	1.32793E-05	329.880951
0.4	-2.72E-11	329.905471	0.0999999	1.25177E-05	329.905471
0.3	-2.93E-11	329.929975	0.1	1.17626E-05	329.929975
0.2	-2.84E-11	329.9564	0.0999997	1.10165E-05	329.9564
0.0999996	-3.4E-11	329.980959	0.0999997	1.02761E-05	329.980959
-2E-07	-3.62E-11	330.00547	0.0999998	9.5436E-06	330.00547
